0.24017654 0.88454390 -0.39987171 -0.97068071 0.22296137 -0.08981784
0.24899146 0.94007123 -0.23295772 -0.95679498 0.27605081 0.09131980
0.21648623 0.91564715 -0.33870932 -0.97594172 0.19375946 -0.09997556
0.20482928 0.91629034 -0.34417582 -0.97774535 0.17524081 -0.11534635
0.19943488 0.92017353 -0.33690709 -0.97066009 0.13837722 -0.19664887
0.18622513 0.93752021 -0.29389820 -0.93033987 0.07208768 -0.35954288
0.19476661 0.92643672 -0.32215050 -0.93565887 0.07694130 -0.34441632
0.23878121 0.86586642 -0.43961221 -0.90751380 0.03788446 -0.41831040
0.21735163 0.88228399 -0.41753241 -0.96414793 0.12734126 -0.23281536
0.21702693 0.87904537 -0.42447451 -0.97612840 0.19922648 -0.08650000
0.92659909 -0.20864992 -0.31285667 0.06810695 0.91130793 -0.40605333
0.84839207 -0.24761878 -0.46788448 0.07340318 0.93034333 -0.35926771
0.88402534 -0.22913721 -0.40742528 0.07815826 0.93179905 -0.35445991
0.91112000 -0.20634639 -0.35676551 0.08034577 0.93795943 -0.33730811
0.83046514 -0.23439807 -0.50535643 0.06966525 0.94374520 -0.32325202
0.86271483 -0.21480682 -0.45780039 0.08612729 0.95448482 -0.28555360
0.95237237 -0.16175374 -0.25850067 0.09077608 0.95967150 -0.26606452
0.95139599 -0.15847412 -0.26406738 0.08590097 0.95996755 -0.26661450
0.90794933 -0.17059445 -0.38278663 0.07956242 0.96695381 -0.24221936
0.85242218 -0.18250653 -0.48996726 0.07009894 0.96853256 -0.23881119
0.96827847 -0.12301248 -0.21749675 0.08786511 0.98245710 -0.16449255
0.96170759 -0.12388939 -0.24447906 0.07818465 0.97895092 -0.18852681
0.91983157 -0.14117505 -0.36603206 0.06289499 0.97400701 -0.21761119
0.84620190 -0.14728628 -0.51210260 0.05706726 0.98056298 -0.18772225
0.91435897 -0.12296840 -0.38578027 0.06676304 0.98551458 -0.15589647
0.95991117 -0.10903034 -0.25823039 0.07352952 0.98693311 -0.14337523
0.07790032 0.98862183 -0.12867959 -0.99631560 0.08184291 0.02563246
0.98699439 -0.04006732 0.15568155 0.05498781 0.99417025 -0.09274653
0.98375136 -0.03943656 0.17515178 0.05378819 0.99550438 -0.07796057
0.98068887 -0.03668672 0.19210261 0.04601876 0.99795598 -0.04434272
0.98014081 -0.02608011 0.19658057 0.03887925 0.99734753 -0.06153306
0.98339838 -0.02800301 0.17928614 0.04500657 0.99478877 -0.09148681
0.98118639 -0.02497069 0.19144136 0.02397792 0.99968439 0.00750101
0.98045897 -0.01726718 0.19596471 0.01760368 0.99984509 0.00002461
0.97976393 -0.01449933 0.19963093 0.01305906 0.99987835 0.00852957
0.99092191 -0.00054984 0.13443747 -0.00344244 0.99956000 0.02946193
0.99424678 0.00743588 -0.10685549 -0.00568485 0.99984473 0.01668217
0.92237902 0.02245748 -0.38563287 -0.02421332 0.99970680 0.00030350
0.93948764 0.02428099 -0.34172118 -0.02665023 0.99964231 -0.00223941
0.97203118 0.02802816 -0.23317342 -0.01053365 0.99705696 0.07593762
0.99613237 0.01000859 0.08729310 -0.01382180 0.99897134 0.04318845
0.95928669 -0.01027391 0.28224728 -0.01599112 0.99575937 0.09059580
0.96053749 -0.01071149 0.27794433 -0.01298305 0.99644256 0.08326884
0.96499723 -0.00765461 0.26214838 -0.03071924 0.98939407 0.14197080
0.96653813 -0.00709997 0.25642490 -0.03143926 0.98880231 0.14588174
0.96419340 -0.00639476 0.26512310 -0.05001925 0.97738159 0.20548320
0.95449984 -0.01451583 0.29785794 -0.04519230 0.98023778 0.19259185
0.95610499 -0.01199992 0.29277846 -0.05026952 0.97763115 0.20423101
0.96988070 0.00112206 0.24357790 -0.05814578 0.97214645 0.22704712
0.94758683 -0.02060431 0.31883335 -0.03755334 0.98381847 0.17518851
0.96517581 -0.00624033 0.26152778 -0.04405608 0.98155940 0.18601128
0.94429308 -0.02160482 0.32839587 -0.03534283 0.98541516 0.16645676
0.88306010 -0.04792704 0.46680605 0.00851439 0.99624342 0.08617771
0.93049103 -0.02803654 0.36524031 -0.05420300 0.97555333 0.21297364
0.97959298 -0.00542908 0.20091805 -0.00350623 0.99902141 0.04408986
0.95919973 -0.01158761 0.28249198 -0.02135334 0.99333692 0.11325108
0.96078712 -0.01375749 0.27694580 -0.02913153 0.98823321 0.15015501
0.97400326 -0.00722534 0.22641873 -0.00518287 0.99851882 0.05415972
0.97306800 -0.01543326 0.23000123 0.00609745 0.99913049 0.04124590
0.74605411 -0.04038027 0.66465986 0.00907056 0.99868333 0.05049195
0.61684889 -0.06846049 0.78409868 -0.00852280 0.99557066 0.09362920
0.61129093 -0.06852038 0.78843415 -0.00364791 0.99599034 0.08938675
0.69102901 -0.03925903 0.72176015 0.02669269 0.99922889 0.02879535
0.78127259 -0.03549141 0.62318021 0.01639892 0.99920470 0.03634768
0.75958931 -0.03260031 0.64958560 0.02937387 0.99944347 0.01581021
0.86083376 -0.02076553 0.50846249 0.06159654 0.99607247 -0.06360432
0.97914571 -0.04582304 0.19792429 0.03621763 0.99799627 0.05188289
0.99499065 -0.04515469 0.08918925 0.05097669 0.99663973 -0.06411497
0.97670704 -0.04246702 0.21033311 0.04857081 0.99853295 -0.02393696
0.95894068 -0.04844823 0.27943805 0.06012826 0.99763262 -0.03337374
0.97793400 -0.05934676 0.20030761 0.08291093 0.99031365 -0.11137623
0.98281771 -0.05529729 0.17610121 0.07676183 0.99010098 -0.11750622
0.11908013 0.97607124 -0.18194745 -0.99051780 0.10413885 -0.08960854
0.97575200 -0.05463883 0.21194986 0.08951677 0.98327196 -0.15862873
0.07799245 0.99081814 -0.11043825 -0.99197602 0.06606927 -0.10778879
0.97694802 -0.05788236 0.20548071 0.09262020 0.98215383 -0.16369291
0.12038261 0.97132617 -0.20502068 -0.97715324 0.07950079 -0.19710715
0.12107976 0.97014320 -0.21014714 -0.97934920 0.08221942 -0.18470277
0.12881173 0.96523583 -0.22743642 -0.97104794 0.07624328 -0.22639124
0.16155049 0.95598328 -0.24494383 -0.95783639 0.09213521 -0.27214086
0.13319600 0.97797585 -0.16069284 -0.99020898 0.12448275 -0.06316864
0.13901700 0.96321076 -0.22999863 -0.98363262 0.10742112 -0.14466380
0.98715341 -0.10253505 0.12253450 0.11241027 0.99070632 -0.07658300
0.18441702 0.95073086 -0.24920124 -0.98206741 0.16814502 -0.08526960
0.19069849 0.95402151 -0.23125130 -0.98156875 0.18832232 -0.03251938
0.19558918 0.92849433 -0.31566316 -0.97607660 0.15313859 -0.15434724
0.18636483 0.94691736 -0.26194602 -0.97316539 0.14128847 -0.18162262
0.19565040 0.93386245 -0.29936913 -0.97102082 0.14175136 -0.19241920
0.20347477 0.93237495 -0.29878917 -0.92803615 0.08641636 -0.36232734
0.87655061 -0.07422134 0.47555265 0.23752256 0.92605227 -0.29327500
0.87838113 -0.07026996 0.47276706 0.23479468 0.92499691 -0.29875118
0.83449870 -0.03689131 0.54977369 0.22516550 0.93347853 -0.27913865
0.81306696 -0.02227071 0.58174407 0.20295881 0.94741994 -0.24739294
0.73674583 0.00787028 0.67612398 0.17839082 0.96224272 -0.20558630
0.47857657 0.06411230 0.87570202 0.17166607 0.97125214 -0.16492432
0.82529604 -0.04069787 0.56323195 0.23223324 0.93361282 -0.27282742
0.20553491 0.93167579 -0.29955915 -0.92899573 0.08947985 -0.35911050
0.18789665 0.95469785 -0.23075271 -0.97965938 0.16531710 -0.11374448
0.98794377 -0.14367735 -0.05765323 0.13979556 0.98794359 -0.06651756
0.16327260 0.98006839 -0.11317268 -0.98544014 0.16752228 0.02905218
0.95552623 -0.09295534 -0.27987328 0.15359692 0.96700966 0.20322467
0.14587583 0.98728746 0.06311733 -0.98905325 0.14697513 -0.01311458
0.14780194 0.98289740 0.10985139 -0.98856670 0.14346915 0.04639532
0.15100999 0.98197186 0.11369821 -0.98534316 0.14029251 0.09704106
0.89941251 -0.08776442 -0.42819917 0.17677957 0.96897829 0.17271386
0.94656330 -0.09915236 -0.30689871 0.12928516 0.98842233 0.07941432
0.99051458 -0.09386569 0.10034973 0.09298298 0.99557692 0.01344807
0.98482668 -0.09247243 0.14685139 0.09686473 0.99503112 -0.02303015
0.89726663 -0.09574332 -0.43098253 0.22769035 0.93671435 0.26593840
0.97049528 -0.09847504 -0.22009473 0.08478555 0.99387890 -0.07082528
0.18715480 0.95503622 -0.22995418 -0.97977036 0.16459104 -0.11384137
0.19859979 0.93185467 -0.30365288 -0.96623969 0.23804611 0.09856445
0.14817150 0.98461688 -0.09260038 -0.98869872 0.14532226 -0.03682711
0.13657421 0.96785975 -0.21117526 -0.97918731 0.09958686 -0.17684664
0.92115486 -0.05184449 0.38572779 0.13366018 0.97295022 -0.18842204
0.18410265 0.94430786 -0.27274323 -0.93192989 0.07949672 -0.35381773
0.84236962 -0.04153442 0.53729725 0.16494149 0.96904832 -0.18368383
0.66025931 -0.02634671 0.75057548 0.16472316 0.98013091 -0.11049759
0.72122300 -0.03962076 0.69156897 0.16492578 0.97947472 -0.11588247
0.87953323 -0.06230557 0.47174072 0.09694020 0.99406111 -0.04944789
0.92115992 -0.05923666 0.38464972 0.08586954 0.99492639 -0.05242031
0.99673682 -0.05755959 0.05659164 0.05856751 0.99815017 -0.01631480
0.99729925 -0.03724755 0.06330009 0.03778567 0.99925911 -0.00732499
0.95229137 -0.04301612 0.30214360 0.03261688 0.99869180 0.03938212
0.96030724 -0.04292706 0.27562174 0.04104477 0.99907792 0.01259659
0.94581956 -0.03591959 0.32269979 0.03384790 0.99935460 0.01203100
0.92581421 -0.03468649 0.37638405 0.02491588 0.99921507 0.03079776
0.95160568 -0.02740167 0.30609766 0.00975291 0.99820805 0.05903881
0.99441725 -0.00356339 0.10545943 -0.00664064 0.99533516 0.09624878
0.98942912 -0.00867836 0.14475767 -0.00583456 0.99501729 0.09953184
0.96177435 -0.02665154 0.27254316 -0.00442691 0.99360955 0.11278549
0.99847215 -0.00930050 -0.05446978 0.01137468 0.99921703 0.03789411
0.03371580 0.99906349 0.02711872 -0.99918240 0.03308925 0.02322996
0.95919472 -0.02331287 0.28178379 -0.00770338 0.99407041 0.10846502
0.99562556 0.00296307 0.09338642 -0.00939535 0.99760592 0.06851393
0.90031993 -0.04403153 0.43299571 -0.01592944 0.99086905 0.13388371
0.89339060 -0.05046058 0.44643810 -0.00624188 0.99218285 0.12463666
0.90196788 -0.04591789 0.42935473 0.00915493 0.99613988 0.08730124
0.89969921 -0.04660666 0.43401518 0.01512226 0.99701476 0.07571635
0.80953252 -0.07589681 0.58214843 -0.02966383 0.98505348 0.16967537
0.64377421 -0.11151930 0.75704575 -0.03954870 0.98315239 0.17845803
0.82733905 -0.06871361 0.55748421 -0.04351464 0.98166615 0.18557505
0.61551338 -0.09203492 0.78273427 -0.02327654 0.99060214 0.13478011
0.63786072 -0.12041981 0.76067919 -0.07542548 0.97318465 0.21730798
0.51348186 -0.15417910 0.84413576 -0.09624392 0.96717119 0.23519570
0.42879474 -0.18048151 0.88519013 -0.17102545 0.94590479 0.27570698
0.54694176 -0.17300116 0.81910038 -0.17384757 0.93361545 0.31327182
0.81505638 -0.07923676 0.57393771 -0.09561650 0.95862538 0.26813230
-0.23079239 0.84075153 0.48976710 -0.87210500 0.04446669 -0.48729417
0.89285642 -0.06704611 0.44532272 -0.01863498 0.98250812 0.18528520
0.92927802 -0.05081781 0.36586884 -0.03228714 0.97552538 0.21750361
-0.06728797 0.93217021 0.35571206 -0.95895058 0.03801262 -0.28101403
0.75499022 -0.10742099 0.64687753 -0.12054891 0.94694042 0.29794598
0.83344030 -0.07154239 0.54795897 -0.07731758 0.96673423 0.24381761
0.81630218 -0.07746596 0.57240707 -0.04563720 0.97921908 0.19760393
0.91811031 -0.03450396 0.39482018 -0.06140882 0.97178710 0.22772537
0.92631835 -0.03032835 0.37551916 -0.04427992 0.98108131 0.18846412
-0.03703222 0.99105108 0.12824321 -0.99848247 -0.03146108 -0.04519920
-0.03785413 0.99053705 0.13192227 -0.99268961 -0.02213451 -0.11864823
0.89158863 -0.05059924 0.45001054 -0.05048919 0.97643501 0.20982276
0.62821901 -0.11909358 0.76886779 -0.04982280 0.98002934 0.19251014
0.62323302 -0.12136146 0.77256203 -0.04470520 0.98074090 0.19012830
0.38580868 -0.15110819 0.91011983 -0.12724280 0.96835238 0.21471611
0.60570502 -0.10862705 0.78823960 0.13001196 0.99083513 0.03664187
0.92381430 0.04884289 -0.37971246 0.00766861 0.98926842 0.14590807
-0.07739560 0.95216143 0.29563242 -0.96617055 0.00153977 -0.25789955
0.90223801 -0.05273590 0.42800182 -0.03713495 0.97930670 0.19894587
0.53819066 -0.17841059 0.82372361 -0.17976721 0.93054932 0.31900129
0.88848680 -0.04332736 0.45685214 -0.05677290 0.97750705 0.20311774
0.89149690 -0.04870080 0.45040157 -0.03273503 0.98468107 0.17126483
0.94551772 -0.01206559 0.32534716 0.01850062 0.99968952 -0.01669238
0.96843141 -0.02502885 0.24802046 0.00966381 0.99796832 0.06297572
0.94179839 -0.03215534 0.33463696 0.02410047 0.99931186 0.02819603
0.94862056 -0.03525628 0.31444579 0.02712246 0.99917567 0.03020646
0.91083682 -0.04864143 0.40989071 0.01523379 0.99631715 0.08438051
0.93775958 -0.04320556 0.34458724 0.01520570 0.99638760 0.08354979
0.94940174 -0.04251882 0.31117278 0.01658848 0.99619937 0.08550902
0.98563188 -0.08010957 0.14870200 0.09585525 0.99016321 -0.10192498
0.98234600 -0.07511689 0.17132974 0.09345409 0.99042642 -0.10159654
0.95499855 -0.04850979 0.29261693 0.05916222 0.99786514 -0.02765941
0.97274870 -0.03617563 0.22902259 0.03841770 0.99924749 -0.00533731
0.98755342 -0.04666889 0.15020061 0.05644401 0.99651062 -0.06148731
0.07849117 0.98801523 -0.13291001 -0.98843855 0.05978052 -0.13933969
0.08687831 0.98208648 -0.16720755 -0.99575990 0.08051190 -0.04449743
0.12483105 0.96665215 -0.22360869 -0.98478466 0.14817511 0.09079292
0.12214918 0.96867019 -0.21623525 -0.98890668 0.10022951 -0.10962506
0.16425440 0.95050460 -0.26374528 -0.96106303 0.09397340 -0.25985935
0.17935996 0.94105852 -0.28677335 -0.95749402 0.10004722 -0.27054739
0.18446927 0.93587720 -0.30017513 -0.94439375 0.08419897 -0.31785363
0.17932093 0.94465435 -0.27472183 -0.97408491 0.13136002 -0.18412812
0.17106679 0.95514488 -0.24173218 -0.94641870 0.09109094 -0.30982935
0.19719136 0.93044168 -0.30885905 -0.97970498 0.17546485 -0.09690350
0.19964540 0.95273679 -0.22898552 -0.97262549 0.16432174 -0.16431102
0.21432188 0.95506793 -0.20472284 -0.97110510 0.23087445 0.06043154
0.21743804 0.97446460 -0.05603107 -0.97500479 0.21952797 0.03425121
0.97909009 -0.16611134 -0.11742968 0.16837656 0.98567629 0.00957020
0.97998154 -0.16568522 -0.11038356 0.16764358 0.98580986 0.00863759
0.23781192 0.92117870 -0.30801845 -0.97131127 0.22553709 -0.07541571
0.23899214 0.91750193 -0.31791967 -0.97089005 0.22040085 -0.09378736
0.23967531 0.90722215 -0.34569305 -0.97004849 0.20928670 -0.12330914
0.24602999 0.89695424 -0.36734495 -0.96819526 0.20964694 -0.13655114
0.25330809 0.87551916 -0.41146228 -0.96698254 0.21688005 -0.13381998
0.23192097 0.89980084 -0.36955532 -0.93789876 0.10608798 -0.33028972
0.24848068 0.88192457 -0.40058264 -0.96567917 0.19325280 -0.17354277
