-0.06330800 -0.98088843 0.18398373 -0.98943865 0.08577689 0.11684824
-0.05589320 -0.98182708 0.18136021 -0.98847395 0.08001144 0.12852009
-0.03247814 -0.97783220 0.20685579 -0.98624974 0.06490871 0.15198152
-0.01971635 -0.97580212 0.21776471 -0.99059540 0.04856164 0.12791617
-0.03418638 -0.97820252 0.20481978 -0.99478716 0.05300626 0.08711407
-0.02971248 -0.96739250 0.25153318 -0.99634796 0.04881682 0.07005458
-0.03501431 -0.97177660 0.23329008 -0.99778253 0.04721388 0.04691444
-0.03823850 -0.97285247 0.22824517 -0.99748564 0.05080009 0.04941460
-0.03704841 -0.99146944 0.12496313 -0.99633503 0.04629562 0.07192572
-0.01857297 -0.93809187 -0.34588841 -0.99574602 -0.01387196 0.09109049
-0.02888313 -0.90057629 -0.43373743 -0.98911178 -0.03689268 0.14246711
-0.03338447 -0.86314112 -0.50385815 -0.98982066 -0.04123238 0.13621694
-0.00534409 -0.92275953 -0.38533923 -0.98358142 -0.06466128 0.16848309
0.00290667 -0.93424696 -0.35661483 -0.98499298 -0.06421646 0.16020364
-0.03785411 -0.97744739 0.20775865 -0.99602383 0.05368493 0.07109503
-0.03763000 -0.98109567 0.18982974 -0.99910724 0.04058814 0.01171812
-0.99781799 0.04552915 0.04781625 0.04718896 0.99830121 0.03417653
-0.01593288 -0.98980355 -0.14154553 -0.99886602 0.00940464 0.04667098
-0.01961655 -0.97867352 -0.20448318 -0.99851400 0.00877645 0.05378496
-0.02882888 -0.80802929 -0.58843648 -0.99897289 0.00270239 0.04523114
-0.03166790 -0.92170697 -0.38659215 -0.99941456 0.03421031 0.00030388
-0.03141104 -0.81609470 -0.57706386 -0.99924862 0.03875632 -0.00041830
-0.05610354 -0.93961430 -0.33760539 -0.99589843 0.07670555 -0.04798558
-0.12898256 -0.98137516 0.14235966 -0.99058455 0.12086651 -0.06429308
-0.15708940 -0.97204405 0.17450885 -0.98514438 0.14182180 -0.09683567
-0.15937279 -0.96301937 0.21724185 -0.98631752 0.14592500 -0.07670513
-0.18270259 -0.96024466 0.21106873 -0.97998548 0.16060466 -0.11762086
-0.19302808 -0.95923650 0.20641121 -0.97833514 0.17211385 -0.11505312
-0.19612154 -0.95796973 0.20935732 -0.97764939 0.17453380 -0.11721593
-0.15568811 -0.97763354 -0.14140028 -0.98150796 0.16924135 -0.08944040
-0.19484511 -0.97158158 0.13440491 -0.97277415 0.17389004 -0.15320826
-0.97621429 0.17114833 -0.13309407 0.18077290 0.98144937 -0.06386204
-0.21066572 -0.95773578 0.19586262 -0.97199285 0.18386979 -0.14636219
-0.20988934 -0.95709604 0.19978398 -0.97323459 0.18495570 -0.13640337
-0.19954269 -0.97582841 0.08911602 -0.97408879 0.18765868 -0.12623532
-0.20346248 -0.96698737 0.15342259 -0.96731365 0.17430991 -0.18417493
-0.20762141 -0.96262616 0.17390892 -0.96832955 0.17704684 -0.17604639
-0.19921814 -0.96513385 0.16979061 -0.96159577 0.15914774 -0.22361936
-0.97464508 0.15310229 -0.16317667 0.12396710 0.97658199 0.17584018
-0.02746639 -0.83705580 -0.54642773 -0.98039389 0.12925895 -0.14872791
-0.03608760 -0.86537910 -0.49981675 -0.97658765 0.13667314 -0.16612364
0.00788876 -0.82127947 -0.57047158 -0.97480941 0.12085016 -0.18746206
-0.00107259 -0.85356992 -0.52097732 -0.96982694 0.12789819 -0.20755190
-0.00256965 -0.86002290 -0.51024902 -0.97019684 0.12578063 -0.20711678
0.02046661 -0.83255816 -0.55355948 -0.97553033 0.10460107 -0.19338894
0.04533858 -0.74181455 -0.66907066 -0.97452861 0.11440879 -0.19288522
-0.05227038 -0.88413656 -0.46429554 -0.98224574 0.12939925 -0.13582785
-0.04557287 -0.84390676 -0.53455079 -0.98638499 0.12265574 -0.10954547
-0.96466863 0.14408343 -0.22057751 0.16727382 0.98177117 -0.09024884
-0.95949316 0.14113609 -0.24383096 0.16967633 0.98039156 -0.10021143
-0.95537329 0.13752329 -0.26143688 0.15174016 0.98780441 -0.03489326
-0.95328462 0.13503268 -0.27021226 0.11817317 0.98994082 0.07779691
-0.20861490 -0.96153176 0.17870797 -0.96829051 0.17738512 -0.17592068
-0.20748423 -0.96387637 0.16701120 -0.97021484 0.18093975 -0.16107163
-0.20491058 -0.96467209 0.16558810 -0.97329319 0.18293525 -0.13869070
-0.20701353 -0.96259826 0.17478594 -0.97414213 0.18628086 -0.12785348
-0.18630335 -0.97648764 0.10845771 -0.97712153 0.17262587 -0.12423289
-0.18527775 -0.97744125 0.10139415 -0.97715211 0.17231604 -0.12442277
-0.18408331 -0.97760606 0.10197884 -0.97750336 0.17121470 -0.12317795
-0.17143261 -0.98056585 0.09540171 -0.98154837 0.16167030 -0.10210542
-0.16368188 -0.97456747 0.15305735 -0.98526877 0.15370540 -0.07496765
-0.17498392 -0.96705526 0.18489116 -0.98136419 0.15616602 -0.11196727
-0.15136322 -0.96661127 0.20676523 -0.98709840 0.13675962 -0.08326849
-0.12907369 -0.95948744 0.25044745 -0.98995179 0.10996807 -0.08889589
-0.11660705 -0.96658683 0.22828232 -0.99236244 0.10407802 -0.06621633
-0.09672951 -0.96914989 0.22669786 -0.99493390 0.08788499 -0.04881266
-0.07432088 -0.97095335 0.22743377 -0.99685282 0.06602568 -0.04387704
-0.07652970 -0.97226346 0.22101355 -0.99672812 0.06881937 -0.04238987
-0.07614800 -0.98007858 0.18343253 -0.99680746 0.07039688 -0.03767280
-0.09582462 -0.97204262 0.21436150 -0.99525857 0.08995461 -0.03699610
-0.06124423 -0.98113191 0.18338294 -0.99671799 0.06986142 0.04089826
-0.04766552 -0.98035961 0.19137155 -0.99884892 0.04781253 -0.00385207
-0.04611933 -0.96028727 0.27517536 -0.99891835 0.04596904 -0.00699905
-0.04760920 -0.97339755 0.22412185 -0.99875295 0.04976638 0.00398287
-0.05404329 -0.98295778 0.17570809 -0.99245459 0.03348077 -0.11795321
-0.06086571 -0.97580534 0.20999828 -0.99809080 0.06171251 -0.00252433
-0.06603256 -0.97010106 0.23354581 -0.99777389 0.06200702 -0.02454546
-0.07136665 -0.97832459 0.19439115 -0.99743932 0.07090575 -0.00933718
-0.07279404 -0.98193705 0.17464471 -0.99734604 0.07191350 -0.01137352
-0.07319111 -0.98558027 0.15256049 -0.99730641 0.07306443 -0.00644396
-0.07059208 -0.99059379 0.11722117 -0.99718481 0.07305901 0.01687791
-0.06440059 -0.98635268 0.15152869 -0.99682093 0.07072153 0.03669617
-0.06436712 -0.99066383 0.12017528 -0.99420726 0.07404767 0.07790350
-0.05977526 -0.98271281 0.17522135 -0.99611384 0.07009833 0.05332429
-0.06060369 -0.98556292 0.15809196 -0.99711818 0.06701738 0.03555398
-0.06184227 -0.98978275 0.12847498 -0.99618483 0.06915206 0.05323355
-0.05708024 -0.98314911 0.17366531 -0.99628425 0.06732979 0.05370724
-0.05301330 -0.97544986 0.21374558 -0.99740797 0.06215137 0.03625650
-0.05227143 -0.97418857 0.21960050 -0.99801302 0.05870742 0.02288032
-0.05328309 -0.97569275 0.21256672 -0.99527019 0.06920515 0.06817574
-0.06583531 -0.98824453 0.13797991 -0.99508333 0.07527725 0.06436234
-0.06953221 -0.99406266 0.08369438 -0.99472731 0.07542887 0.06948432
-0.06792951 -0.98487550 0.15939194 -0.99630576 0.07537731 0.04114828
-0.06960833 -0.99444604 0.07894240 -0.99534953 0.07451752 0.06104472
-0.99436140 0.09152466 0.05356015 0.08842295 0.99441212 -0.05767086
-0.07982951 -0.99513781 0.05768871 -0.99605131 0.08189056 0.03428920
-0.07974936 -0.99427468 0.07112003 -0.99622440 0.08195465 0.02864400
-0.08531753 -0.99254185 0.08707307 -0.99635237 0.08484150 -0.00915999
-0.07867618 -0.99086958 0.10948803 -0.99689233 0.07863706 -0.00468189
-0.09347673 -0.99238235 0.08024655 -0.99559945 0.09263442 -0.01416404
-0.09763603 -0.99090374 0.09261237 -0.99521744 0.09692333 -0.01217321
-0.09806867 -0.99472862 0.02995917 -0.99517506 0.09793264 -0.00597787
-0.09704109 -0.99523479 0.00952593 -0.99524748 0.09711130 0.00720562
-0.99466354 0.10152134 0.01838172 0.10156538 0.99482781 0.00147484
-0.09396528 -0.99297655 -0.07188997 -0.99521965 0.09561694 -0.01988169
-0.97686613 0.12589656 -0.17286611 0.10247165 0.98506832 0.13834769
-0.09989952 -0.99489671 -0.01416402 -0.99498528 0.09981760 0.00637891
-0.09682761 -0.99480289 -0.03149128 -0.99528670 0.09694856 -0.00233321
-0.12120800 -0.99190432 0.03787393 -0.99201775 0.11970859 -0.03963210
-0.12453997 -0.99092436 0.05058380 -0.99162155 0.12254132 -0.04086967
-0.98523706 0.15391736 -0.07494950 0.15598248 0.98750371 -0.02249169
-0.15314738 -0.98352033 0.09609204 -0.98678952 0.14700377 -0.06809133
-0.13802943 -0.98532301 0.10043123 -0.98922956 0.13216463 -0.06290817
-0.12240988 -0.98821193 0.09194066 -0.99175155 0.11824632 -0.04946404
-0.13240390 -0.98035729 0.14618070 -0.99025249 0.12439869 -0.06264945
-0.14286257 -0.97791523 0.15255222 -0.98857176 0.13349362 -0.07003798
-0.14355835 -0.97461963 0.17177796 -0.98859638 0.13325343 -0.07014787
-0.12972274 -0.97362083 0.18770853 -0.99066412 0.11926129 -0.06604070
-0.10208245 -0.97587979 0.19297139 -0.99427122 0.09391362 -0.05103994
-0.09637560 -0.98332036 0.15424927 -0.99516135 0.09221674 -0.03391064
-0.08710497 -0.98893589 -0.12007737 -0.99619496 0.08681972 0.00761503
-0.08800589 -0.99184102 -0.09223054 -0.99611807 0.08780713 0.00621881
-0.08668566 -0.99087900 -0.10317203 -0.99588960 0.08345988 0.03519065
-0.08818699 -0.98540896 -0.14557569 -0.99522364 0.08102014 0.05445838
-0.08919171 -0.98574466 -0.14266177 -0.99577165 0.08508775 0.03462587
-0.08732609 -0.98741418 -0.13186140 -0.99490070 0.07974093 0.06175774
-0.08358824 -0.99155259 -0.09917938 -0.99501657 0.07761998 0.06258753
-0.08160111 -0.99484032 -0.06028304 -0.99557477 0.07853418 0.05160713
-0.08174411 -0.99431616 -0.06821555 -0.99541873 0.07804553 0.05523211
-0.99398392 0.09260245 0.05848798 0.09513644 0.99457222 0.04213301
-0.99460948 0.09304968 0.04575776 0.09364562 0.99554425 0.01105271
-0.99154490 0.09240202 0.09110813 0.09306402 0.99565554 0.00303583
-0.99258208 0.09150383 0.08004962 0.09272826 0.99562263 0.01170665
-0.99305534 0.09101212 0.07455115 0.09194659 0.99572152 0.00919275
-0.99036145 0.09002860 0.10525748 0.08966021 0.99593842 -0.00823610
-0.99156898 0.09104544 0.09220424 0.08792377 0.99542570 -0.03737880
-0.97410804 0.08244790 0.21051358 0.09739541 0.99333537 0.06163610
-0.93285143 0.06779758 0.35382435 0.11331182 0.98750424 0.10952523
-0.98696035 0.09959721 0.12645015 0.08818872 0.99176866 -0.09283189
-0.98587042 0.10088468 0.13372299 0.08633399 0.99012136 -0.11048172
-0.98399627 0.08684644 0.15559265 0.09960596 0.99210757 0.07616595
-0.08729187 -0.98671591 -0.13701035 -0.98932916 0.06976203 0.12791067
-0.08393416 -0.99158055 -0.09860571 -0.99228883 0.07411461 0.09934824
-0.09131271 -0.98159158 -0.16775000 -0.98774731 0.06786907 0.14053158
-0.08850901 -0.98487425 -0.14895967 -0.99013287 0.07068050 0.12100107
-0.09151533 -0.97010994 -0.22474797 -0.99270946 0.07109871 0.09732932
-0.09240825 -0.97295302 -0.21171473 -0.99487561 0.08145770 0.05989284
-0.99131715 0.08908036 0.09672118 0.09412086 0.99436122 0.04885775
-0.08225474 -0.99269140 -0.08830611 -0.99455351 0.07607087 0.07125027
-0.09022585 -0.98327404 -0.15821335 -0.99365664 0.07817017 0.08084533
-0.09153985 -0.97715771 -0.19178990 -0.99474549 0.08086366 0.06278905
-0.08377852 -0.99425840 -0.06656896 -0.99459541 0.07932145 0.06699381
-0.99522215 0.09586441 0.01851921 0.09604214 0.99533701 0.00895605
-0.99447918 0.10114581 0.02794173 0.10124177 0.99485981 0.00203794
-0.10136094 -0.99467438 0.01867868 -0.99482775 0.10121598 -0.00855182
-0.11797205 -0.99160933 0.05285374 -0.99243969 0.11592177 -0.04031966
-0.10274750 -0.98941332 0.10249043 -0.99440259 0.09961847 -0.03520864
-0.09205902 -0.98532820 0.14371334 -0.99562585 0.08877195 -0.02913312
-0.99514526 0.09380247 0.02978390 0.09361831 0.99557978 -0.00752133
-0.99366921 0.09086079 0.06607455 0.08852550 0.99536937 -0.03745740
-0.99149746 0.09544849 0.08844504 0.08918032 0.99338740 -0.07230783
-0.99114567 0.09462534 0.09314708 0.08726925 0.99295807 -0.08011489
-0.07287365 -0.99310535 0.09182185 -0.99679798 0.07556281 0.02615413
-0.07058116 -0.98681313 0.14566466 -0.99191654 0.08487069 0.09433232
-0.06703753 -0.98381442 0.16617814 -0.99263972 0.08259873 0.08856585
-0.06080642 -0.97883064 0.19543065 -0.99466181 0.07577456 0.07004349
-0.05798579 -0.97856849 0.19758879 -0.99263656 0.07759970 0.09301038
-0.04968420 -0.97760117 0.20451760 -0.99657184 0.06208723 0.05467835
-0.06035930 -0.98068154 0.18606600 -0.99701256 0.06823255 0.03619910
-0.07519601 -0.99054140 0.11477528 -0.99685526 0.07755890 0.01625573
-0.07861641 -0.98797274 0.13315149 -0.99689466 0.07730472 -0.01500035
-0.08576442 -0.98417217 0.15507942 -0.99612343 0.08164681 -0.03274081
-0.08783255 -0.98011601 0.17792733 -0.99589908 0.08250994 -0.03711085
-0.05695925 -0.97767651 0.20224813 -0.99800539 0.06128088 0.01516576
-0.05973745 -0.97303307 0.22279587 -0.99821085 0.05765506 -0.01584546
-0.08955863 -0.97057307 0.22353359 -0.99561018 0.08111272 -0.04670285
-0.12423787 -0.97147912 0.20197359 -0.99142724 0.11323559 -0.06519070
-0.13465065 -0.96879333 0.20810728 -0.98951918 0.12040903 -0.07970858
-0.15632452 -0.97627938 0.14980394 -0.98576909 0.14471999 -0.08553012
-0.16955926 -0.98096216 0.09467325 -0.98186982 0.15988958 -0.10181870
-0.20055653 -0.96973962 0.13921987 -0.97297210 0.18055761 -0.14395958
-0.20773205 -0.95861322 0.19469997 -0.97385728 0.18397070 -0.13325444
-0.20718120 -0.95935917 0.19158795 -0.97405678 0.18406206 -0.13166079
-0.18845336 -0.96485740 0.18312708 -0.97921377 0.17036605 -0.11007203
-0.14416093 -0.96444595 0.22149895 -0.98803246 0.12787789 -0.08625045
-0.04714533 -0.97344232 0.22402547 -0.99843913 0.05264715 0.01864622
-0.04703660 -0.97484261 0.21787500 -0.99825239 0.05368622 0.02469868
-0.04657881 -0.97782326 0.20418662 -0.99659383 0.05941499 0.05718887
-0.04901361 -0.97548175 0.21455303 -0.99354774 0.06961451 0.08953652
0.03786257 -0.98498225 -0.16845287 -0.98728317 -0.06291854 0.14599077
-0.97171056 0.11093160 0.20850134 0.09128142 0.99062437 -0.10164171
-0.05950857 -0.97876602 0.19615261 -0.99240506 0.07920114 0.09412450
-0.07016958 -0.98697621 0.14475614 -0.99178964 0.08457933 0.09591528
