-0.41308439 0.88038427 0.23299125 -0.91044581 -0.39327043 -0.12816703
-0.41423398 0.88620698 0.20747891 -0.91015691 -0.40207541 -0.09974886
-0.45317087 0.86465704 0.21680497 -0.89141005 -0.44090119 -0.10485350
-0.37672889 0.90836394 0.18152231 -0.92614859 -0.36554655 -0.09286800
-0.45351025 0.87183940 0.18499871 -0.89109248 -0.44747031 -0.07566135
-0.48372763 0.84874701 0.21362621 -0.87520349 -0.47052339 -0.11236832
-0.33550203 0.92664957 0.16958471 -0.94201714 -0.33125332 -0.05361858
-0.46249864 0.86706889 0.18516654 -0.88648540 -0.45586997 -0.07953735
-0.43827149 0.87824535 0.19131978 -0.89868563 -0.43213233 -0.07500549
-0.50152296 0.82871109 0.24842034 -0.86469728 -0.48938432 -0.11314425
-0.35844013 0.91652244 0.17750284 -0.93339646 -0.35532174 -0.05017588
-0.27686775 0.94863409 0.15309353 -0.96090782 -0.27344200 -0.04342438
-0.45775622 0.86563110 0.20283517 -0.88811398 -0.45582107 -0.05899771
-0.41164902 0.89691973 0.16149352 -0.91126424 -0.40742168 -0.06004231
-0.50295222 0.84075266 0.20043480 -0.86329728 -0.49991202 -0.06932393
-0.53315091 0.81634384 0.22211008 -0.84577668 -0.52060014 -0.11677930
-0.34783158 0.92454541 0.15565681 -0.93695939 -0.34871304 -0.02250438
-0.23550591 0.96120638 0.14359467 -0.97186488 -0.23352113 -0.03076675
-0.40971616 0.89303553 0.18606541 -0.91157681 -0.40843976 -0.04695429
-0.51385182 0.82827091 0.22343586 -0.85500652 -0.51575166 -0.05444341
-0.53462642 0.79660285 0.28213212 -0.84336215 -0.52425206 -0.11789868
-0.53467655 0.80998999 0.24090932 -0.84488511 -0.51813287 -0.13306981
-0.32863104 0.92866188 0.17201397 -0.94402486 -0.32850397 -0.03003705
-0.21020760 0.96866876 0.13226369 -0.97761333 -0.20954186 -0.01909138
-0.34376067 0.92560470 0.15838130 -0.93758798 -0.34773713 -0.00277010
-0.55905408 0.80547029 0.19666265 -0.82733482 -0.55752873 -0.06840172
-0.28809142 0.94689757 0.14278780 -0.95725250 -0.28879985 -0.01619404
-0.31683591 0.93515617 0.15842360 -0.94700122 -0.32122257 0.00220475
-0.24073164 0.96170902 0.13101204 -0.97039092 -0.24122463 -0.01233404
-0.23858891 0.96350741 0.12136265 -0.96801412 -0.24594925 0.04957450
-0.55432117 0.80256122 0.22050729 -0.82285374 -0.56825316 -0.00030523
-0.58383381 0.78030747 0.22418380 -0.80904007 -0.58222467 -0.08042832
-0.19186915 0.97460151 0.11549082 -0.98122132 -0.19286817 -0.00256735
-0.18758968 0.97681499 0.10316272 -0.98025656 -0.19285774 0.04362365
-0.23506404 0.96453345 0.12008384 -0.96767169 -0.24384864 0.06441619
-0.43141851 0.88853055 0.15617804 -0.89609110 -0.44208327 0.03978909
-0.58957326 0.78043765 0.20813577 -0.79972136 -0.60018837 -0.01482096
-0.58439672 0.77070469 0.25395828 -0.80458468 -0.59100896 -0.05789660
-0.58454192 0.77645183 0.23544288 -0.80852789 -0.58167464 -0.08909204
-0.19104911 0.97432333 0.11914001 -0.98139530 -0.19195837 -0.00390460
-0.16829745 0.98158264 0.09039690 -0.98417807 -0.17247766 0.04055900
-0.19057545 0.97684079 0.09727904 -0.98123157 -0.19252212 0.01094571
0.97967052 -0.16938944 -0.10748408 0.17675075 0.98223376 0.06305537
0.97043854 0.07639378 0.22893897 -0.07178362 0.99701554 -0.02841020
0.96813595 -0.18802887 -0.16540234 0.20204186 0.97670621 0.07227839
-0.62405825 0.75048965 0.21752398 -0.76647073 -0.64207238 0.01630299
-0.59470516 0.76334679 0.25224480 -0.79707009 -0.60078776 -0.06110084
-0.58246815 0.76459289 0.27591392 -0.80699915 -0.58460581 -0.08359779
-0.57221061 0.77827328 0.25858405 -0.81815779 -0.56345624 -0.11460750
-0.16258428 0.98311108 0.08401819 -0.98586184 -0.16535497 0.02709737
0.98231786 -0.16632043 -0.08596054 0.17065297 0.98426920 0.04573494
-0.17530157 0.97893524 0.10466716 -0.98407447 -0.17740940 0.01110688
0.97537017 -0.16678643 -0.14434445 0.17280737 0.98449433 0.03014226
0.96949869 -0.18881878 -0.15626857 0.20212564 0.97655791 0.07402700
-0.62573594 0.74950796 0.21608430 -0.76746809 -0.64108598 0.00123444
-0.62621850 0.75292617 0.20236769 -0.76734340 -0.64114356 0.01091655
-0.60122007 0.75663340 0.25698343 -0.79154861 -0.60797316 -0.06180209
-0.57709622 0.75533545 0.31052932 -0.80932772 -0.57984120 -0.09366374
-0.16042370 0.98345155 0.08418641 -0.98623902 -0.16316110 0.02666609
-0.12875246 0.98613071 -0.10473350 -0.98901862 -0.11996158 0.08632190
-0.16123973 0.98326963 0.08475012 -0.98670971 -0.16236325 0.00649042
0.97621387 -0.16622874 -0.13919234 0.17167623 0.98475528 0.02800524
0.97094685 -0.17109214 -0.16730146 0.17840062 0.98351371 0.02956384
0.96960384 -0.18929619 -0.15503389 0.20281453 0.97622776 0.07645784
0.95921928 -0.21758077 -0.18043570 0.23902234 0.96511430 0.10687744
-0.61898565 0.73357427 0.28058091 -0.76894158 -0.63877904 -0.02627374
-0.59913713 0.74974597 0.28091958 -0.78864723 -0.61315614 -0.04555220
-0.59723169 0.75082076 0.28210396 -0.79285574 -0.60580665 -0.06616825
-0.11478759 0.99010080 0.08077314 -0.99150252 -0.11920024 0.05209748
0.97918749 -0.16920337 -0.11208101 0.17537069 0.98335135 0.04759461
0.97190386 -0.16456012 -0.16829404 0.17111418 0.98493117 0.02511164
0.97254616 -0.17063561 -0.15823269 0.17902416 0.98302042 0.04026322
0.97007793 -0.18077885 -0.16207355 0.18584761 0.98243916 0.01655064
0.96173644 -0.18495928 -0.20212170 0.19704935 0.97952551 0.04124854
0.95065969 -0.22560556 -0.21295138 0.25197402 0.96193683 0.10576709
-0.66647959 0.67926347 0.30725569 -0.71639490 -0.69759607 -0.01175211
-0.61345154 0.73686254 0.28409666 -0.77606553 -0.62911350 -0.04402911
0.98288572 -0.16557983 -0.08074085 0.17025065 0.98387402 0.05483312
0.97248584 -0.16448598 -0.16497163 0.16920131 0.98546964 0.01485065
0.98054487 -0.16602483 -0.10472651 0.17048357 0.98473507 0.03510397
0.97096902 -0.16729766 -0.17096975 0.17285056 0.98478323 0.01801841
0.96213287 -0.17103586 -0.21224299 0.17622562 0.98433369 0.00563565
0.95616013 -0.19055697 -0.22236434 0.20444740 0.97801870 0.04099664
0.94128239 -0.21854022 -0.25734735 0.24447095 0.96689785 0.07309245
0.93759769 -0.24193212 -0.24975875 0.27572131 0.95491481 0.11007059
-0.67226505 0.66495103 0.32542276 -0.70769274 -0.70626986 -0.01881340
-0.60113442 0.69944650 0.38653851 -0.77299494 -0.63164699 -0.05916774
0.97757715 -0.16418697 -0.13185456 0.16793479 0.98563832 0.01774867
0.98271990 -0.16669559 -0.08046258 0.17131193 0.98371875 0.05431152
0.97322601 -0.16454475 -0.16048746 0.16894566 0.98552483 0.01407804
0.97238427 -0.16251947 -0.16749996 0.16971278 0.98505294 0.02946720
0.98004723 -0.16559231 -0.10993936 0.17052601 0.98465681 0.03703818
0.97737741 -0.16978130 -0.12612601 0.17501470 0.98405993 0.03155921
0.96290696 -0.16779579 -0.21131684 0.17295310 0.98491162 0.00602743
0.95410478 -0.17330551 -0.24423209 0.17996739 0.98365963 0.00505301
0.94899404 -0.18655665 -0.25417888 0.19727434 0.98019898 0.01711211
0.93623435 -0.22796340 -0.26739106 0.25632721 0.96359903 0.07598247
0.93360728 -0.23900023 -0.26693901 0.27040845 0.95877832 0.08731218
-0.63783002 0.68024802 0.36115855 -0.74318528 -0.66666740 -0.05683571
-0.69683492 0.62952358 0.34368762 -0.67721444 -0.73531902 -0.02620405
-0.64906770 0.73238134 0.20573936 -0.76046091 -0.63185936 -0.14984322
0.97934103 -0.16660625 -0.11460167 0.17295878 0.98376590 0.04785320
0.96408057 -0.16319345 -0.20956285 0.16761501 0.98584676 0.00339112
0.96920216 -0.16164981 -0.18578644 0.17086883 0.98468536 0.03462189
0.96620423 -0.15962604 -0.20240800 0.16679740 0.98581254 0.01876901
0.97914404 -0.16701236 -0.11568865 0.17344446 0.98367852 0.04789244
0.96039563 -0.16591042 -0.22386160 0.17184809 0.98509741 0.00716614
0.96433240 -0.16679469 -0.20553018 0.17085075 0.98529488 0.00201879
0.95335704 -0.16658001 -0.25171721 0.17103855 0.98525530 -0.00422310
0.95195872 -0.17934899 -0.24821083 0.18655454 0.98242855 0.00561874
0.94836658 -0.17338628 -0.26559016 0.17945126 0.98376584 -0.00145308
0.95062709 -0.19243233 -0.24347062 0.20213987 0.97923732 0.01529029
0.92502153 -0.22639623 -0.30509013 0.25637192 0.96461970 0.06150069
0.85473484 -0.35644278 -0.37732878 0.40699005 0.91139507 0.06097704
-0.62257248 0.66404611 0.41406077 -0.75036567 -0.65675879 -0.07496211
-0.67771202 0.61000115 0.41061544 -0.68186998 -0.73035628 -0.04041076
0.82937688 -0.40182880 -0.38815936 0.45417851 0.88952982 0.04958394
0.97923738 -0.16816868 -0.11319678 0.17490558 0.98318946 0.05240798
0.96449721 -0.16720952 -0.20441668 0.17097059 0.98527586 0.00074919
0.96079695 -0.16010447 -0.22635350 0.16767229 0.98573643 0.01448273
0.97715157 -0.16563715 -0.13318875 0.17165430 0.98453671 0.03496087
0.96574837 -0.16044255 -0.20393208 0.16840482 0.98546809 0.02219200
0.95754510 -0.15750463 -0.24145333 0.16716604 0.98572731 0.01993097
0.95099819 -0.16423878 -0.26196960 0.17173208 0.98512661 0.00580561
0.94924480 -0.16902879 -0.26526153 0.17458174 0.98463905 -0.00268243
0.94857246 -0.18003230 -0.26038194 0.18525419 0.98268008 -0.00455923
0.92551190 -0.20720109 -0.31701028 0.23209481 0.97176671 0.04244452
0.93055052 -0.19011316 -0.31294215 0.19775648 0.98022294 -0.00744816
0.88769358 -0.28105617 -0.36470211 0.32517737 0.94345641 0.06441867
-0.63496488 0.67689055 0.37234235 -0.74823695 -0.65878749 -0.07836108
-0.65647650 0.63158059 0.41248602 -0.71021163 -0.70177466 -0.05578385
0.69200486 -0.57706469 -0.43373460 0.65110326 0.75840467 0.02978310
0.82158166 -0.41578206 -0.39003715 0.46759954 0.88285297 0.04383365
0.97826290 -0.16742089 -0.12236001 0.17436691 0.98349160 0.04837877
0.97925669 -0.16607562 -0.11608261 0.17303747 0.98350710 0.05264810
0.97828746 -0.16410881 -0.12657788 0.16969161 0.98489010 0.03458768
0.97371411 -0.16419806 -0.15786050 0.17354086 0.98369259 0.04724910
0.96702540 -0.16048871 -0.19775063 0.17051516 0.98474568 0.03464938
0.95763850 -0.15697642 -0.24142684 0.16626269 0.98590887 0.01845319
0.94989395 -0.16098739 -0.26792645 0.16824612 0.98573613 0.00419852
0.94089055 -0.16478278 -0.29592502 0.16953215 0.98547667 -0.00972669
0.92385399 -0.20880747 -0.32076985 0.23350623 0.97152805 0.04010142
0.93478346 -0.19192262 -0.29890731 0.19905932 0.97996461 -0.00669120
0.87995529 -0.24988216 -0.40402690 0.28447747 0.95830560 0.02688923
-0.64756143 0.61916810 0.44417906 -0.71530622 -0.69485766 -0.07422926
0.67744863 -0.55778909 -0.47951517 0.64328158 0.76540703 0.01846552
0.78257090 -0.44319820 -0.43721640 0.50440478 0.86301291 0.02801059
0.97366428 -0.16413896 -0.15822881 0.17351379 0.98369581 0.04728195
0.97475034 -0.16457520 -0.15092005 0.17483944 0.98292351 0.05738132
0.97921711 -0.16751876 -0.11432979 0.17468828 0.98304123 0.05580261
0.94121480 -0.15446688 -0.30042437 0.16480388 0.98628336 0.00921270
0.96334380 -0.15885331 -0.21618173 0.16784406 0.98552710 0.02376360
0.97267389 -0.16330524 -0.16503617 0.17173658 0.98440659 0.03808219
0.96482319 -0.16011445 -0.20851769 0.16900103 0.98528844 0.02540404
0.95508021 -0.15663239 -0.25157139 0.16778222 0.98554730 0.02336044
0.93311435 -0.15302475 -0.32539383 0.16330795 0.98656559 0.00435179
0.92939121 -0.16448864 -0.33041731 0.17144322 0.98515987 -0.00820115
0.90487546 -0.14819871 -0.39904585 0.16870587 0.98552752 0.01654918
0.91938472 -0.20603774 -0.33508241 0.21859922 0.97581470 -0.00023243
0.88684732 -0.23141322 -0.39993727 0.26603410 0.96341676 0.03246566
0.92716914 -0.19001004 -0.32288313 0.19409066 0.98078310 -0.01983301
0.88031733 -0.25383654 -0.40075988 0.28743368 0.95747608 0.02492867
-0.63161647 0.62939918 0.45267791 -0.73175102 -0.67687440 -0.07988417
0.60744822 -0.59844840 -0.52236599 0.69904888 0.71504629 -0.00628349
-0.63269949 0.58467460 0.50778639 -0.68896538 -0.72438425 -0.02437827
-0.70086288 0.54713613 0.45763880 -0.66337073 -0.73577905 -0.13626601
0.79022896 -0.40992624 -0.45552030 0.47105870 0.88178456 0.02365999
0.73055685 -0.50888258 -0.45532990 0.57773823 0.81608635 0.01488686
0.97513628 -0.16859965 -0.14381748 0.17925513 0.98168099 0.06457573
0.97476918 -0.16731334 -0.14775445 0.17856781 0.98168331 0.06641902
0.94142133 -0.14951397 -0.30227724 0.16347502 0.98631805 0.02127367
0.96823126 -0.16346145 -0.18923171 0.17960478 0.98114085 0.07144817
0.95607251 -0.15673664 -0.24770762 0.16738395 0.98563755 0.02238800
0.96503186 -0.16002543 -0.20761833 0.17379554 0.98352426 0.04975152
0.92640781 -0.15033285 -0.34520814 0.16028737 0.98707038 0.00029657
0.91680318 -0.16161311 -0.36517558 0.16939069 0.98548907 -0.01087145
0.93007547 -0.17627373 -0.32231537 0.18168822 0.98326403 -0.01346460
0.92453694 -0.15025610 -0.35022077 0.16053505 0.98703009 0.00032347
0.92447287 -0.20811078 -0.31943682 0.21959525 0.97559112 -0.00006627
0.89757872 -0.21867451 -0.38279748 0.24021901 0.97067922 0.00875839
0.91125107 -0.19530214 -0.36259979 0.20372343 0.97890925 -0.01527821
0.83129227 -0.32498068 -0.45093325 0.36795634 0.92980671 0.00822753
0.84264052 -0.24455696 -0.47973838 0.27575275 0.96121204 -0.00565034
-0.63078034 0.62187731 0.46409568 -0.73096621 -0.67691576 -0.08644909
-0.60142875 0.56045103 0.56936646 -0.69940990 -0.71380508 -0.03616738
0.69221771 -0.51506639 -0.50551099 0.59811074 0.80140972 0.00246008
0.81622368 -0.35100430 -0.45888445 0.39603758 0.91823196 0.00207439
0.75748479 -0.39159960 -0.52236634 0.46166921 0.88704085 0.00448446
0.69231713 -0.51574463 -0.50468272 0.60712683 0.79432446 0.02111364
0.96554899 -0.16162597 -0.20394175 0.18771748 0.97538054 0.11573683
0.94092762 -0.14923736 -0.30394635 0.16200837 0.98664141 0.01708980
0.95599902 -0.15548733 -0.24877627 0.16988911 0.98475432 0.03737073
0.96862209 -0.16381736 -0.18690962 0.17991956 0.98099864 0.07259913
0.95573759 -0.15597497 -0.24947459 0.16848318 0.98526430 0.02945858
0.96510041 -0.15929337 -0.20786269 0.17350069 0.98346579 0.05188999
0.91683960 -0.14264527 -0.37290415 0.16000807 0.98698837 0.01585531
0.91353035 -0.17426611 -0.36755088 0.18032347 0.98344100 -0.01809139
0.90447414 -0.13168031 -0.40569314 0.14053611 0.99004298 -0.00803049
0.92135656 -0.13295199 -0.36527497 0.14437266 0.98951530 0.00399877
0.90879488 -0.20348711 -0.36425954 0.21479684 0.97661090 -0.00966752
0.89814150 -0.20903622 -0.38684088 0.22820966 0.97360492 0.00373763
0.91483617 -0.21841443 -0.33966136 0.22674301 0.97383124 -0.01550398
0.89151525 -0.21892960 -0.39657328 0.23716205 0.97146499 -0.00314913
0.90817833 -0.18326792 -0.37633097 0.18926743 0.98169404 -0.02132283
0.80888438 -0.30185917 -0.50456625 0.33467013 0.94194835 -0.02700588
0.83682638 -0.24944565 -0.48733813 0.28131256 0.95958191 -0.00811306
0.87679809 -0.21782830 -0.42869097 0.23661256 0.97155541 -0.00972919
-0.56541556 0.64582479 0.51304555 -0.78656471 -0.60939986 -0.09973852
0.57825494 -0.52111000 -0.62774646 0.68285877 0.73019242 0.02286890
-0.74205452 0.52363175 0.41852707 -0.60547060 -0.79150325 -0.08323471
0.77033561 -0.37956274 -0.51236236 0.44062755 0.89768648 -0.00253183
0.72688031 -0.37236282 -0.57705379 0.46937385 0.88273466 0.02162877
0.96881044 -0.16455504 -0.18527830 0.18905742 0.97418857 0.12334524
0.93629885 -0.14840545 -0.31830871 0.17407158 0.98327345 0.05359537
0.95105994 -0.15330842 -0.26829374 0.17688572 0.98202378 0.06588459
0.96100336 -0.15822697 -0.22679684 0.18051270 0.98023027 0.08101735
0.96830988 -0.16345774 -0.18883206 0.18102816 0.98023713 0.07977464
0.91250086 -0.13988443 -0.38441458 0.16576803 0.98554844 0.03485978
0.89875710 -0.12517563 -0.42019853 0.13509615 0.99081308 -0.00620433
0.90637350 -0.11767256 -0.40575883 0.12774548 0.99180436 -0.00227485
0.89983910 -0.12825929 -0.41694024 0.15354230 0.98775882 0.02751983
0.87900102 -0.11408501 -0.46297076 0.13313965 0.99106032 0.00856376
0.89592516 -0.21563478 -0.38835517 0.22992924 0.97315693 -0.00990611
0.88844573 -0.18065569 -0.42193338 0.18675146 0.98202968 -0.02723343
0.77689391 -0.31400618 -0.54574353 0.35493562 0.93433189 -0.03232047
0.82740062 -0.21688512 -0.51804352 0.24236897 0.96999812 -0.01899827
0.88082969 -0.21395572 -0.42232934 0.22853436 0.97339624 -0.01648912
0.62088394 -0.37907174 -0.68615437 0.56069875 0.82646161 0.05077666
-0.53782982 0.49881154 0.67965150 -0.70171553 -0.71169442 -0.03296110
0.69596207 -0.42251110 -0.58062142 0.52571309 0.85058844 0.01118334
0.72396433 -0.35241702 -0.59302437 0.41913247 0.90750468 -0.02762638
0.67989200 -0.33643275 -0.65158260 0.42976606 0.90276700 -0.01768900
0.96785945 -0.16400144 -0.19066118 0.18943852 0.97405732 0.12379591
0.09897050 0.97969538 0.17436127 -0.97742218 0.06283688 0.20173603
0.94486636 -0.15008470 -0.29103643 0.16784832 0.98512155 0.03691138
0.92971599 -0.14423086 -0.33885947 0.16484009 0.98577869 0.03268242
0.96061927 -0.15720515 -0.22912262 0.17603537 0.98229629 0.06407459
0.95758653 -0.15774433 -0.24113227 0.19046119 0.97447014 0.11888038
0.95957661 -0.15933612 -0.23200153 0.19448815 0.97123641 0.13738362
0.92126256 -0.14091164 -0.36251789 0.17924061 0.98100448 0.07418316
0.90110642 -0.11486528 -0.41810682 0.12600943 0.99202859 -0.00096085
0.89516884 -0.14064285 -0.42295668 0.15047258 0.98856103 -0.01025090
0.91260666 -0.13124539 -0.38719994 0.18283260 0.97810775 0.09938556
0.87423521 -0.10674659 -0.47362211 0.15031442 0.98710829 0.05497994
0.87711346 -0.21114469 -0.43138146 0.21714711 0.97547704 -0.03594067
0.74253970 -0.29432100 -0.60167277 0.33752418 0.94031459 -0.04342774
0.82879031 -0.20932961 -0.51892948 0.23517515 0.97181439 -0.01641577
0.82452291 -0.21465698 -0.52353072 0.24041772 0.97047824 -0.01927292
-0.51480043 0.50227368 0.69476736 -0.73408347 -0.67686021 -0.05460444
0.95216346 -0.15132046 -0.26549378 0.19981240 0.96562976 0.16623564
0.10044592 0.97971642 0.17339642 -0.97666711 0.06384216 0.20505036
0.95162356 -0.13223769 -0.27735499 0.18296027 0.96905184 0.16572312
0.93966615 -0.14935079 -0.30776915 0.18012121 0.98086023 0.07395662
0.92259532 -0.14178631 -0.35876817 0.18034105 0.98064786 0.07620344
0.94960344 -0.15227053 -0.27398351 0.17227533 0.98376119 0.05035122
0.94561315 -0.15115246 -0.28804290 0.17722833 0.98191690 0.06655347
0.95249259 -0.15124740 -0.26435235 0.18611282 0.97611129 0.11211095
0.83603376 -0.09436893 -0.54050177 0.10545254 0.99436891 -0.01050069
0.86360043 -0.13142964 -0.48674488 0.14104898 0.98985624 -0.01702429
0.87954319 -0.10975977 -0.46298668 0.15155670 0.98697609 0.05393330
0.92223525 -0.13298202 -0.36303991 0.17012858 0.98277426 0.07218846
0.88288838 -0.10983594 -0.45655689 0.16338675 0.98336303 0.07938476
0.83674932 -0.20723386 -0.50685781 0.22119837 0.97465903 -0.03333240
0.79235125 -0.22207226 -0.56821078 0.25215453 0.96732587 -0.02643610
0.80033714 -0.20639108 -0.56290609 0.23685779 0.97135097 -0.01938529
-0.47349748 0.44427645 0.76053840 -0.72672695 -0.68492973 -0.05233833
0.94940293 -0.15108578 -0.27533120 0.20143041 0.96555007 0.16473880
0.10838977 0.96569031 0.23599559 -0.97336829 0.05485566 0.22258703
0.08947168 0.96785653 0.23505013 -0.98112458 0.04502619 0.18806188
0.28463453 0.88809705 0.36092514 -0.91722047 0.14282915 0.37189576
0.95235080 -0.15473065 -0.26284301 0.19819720 0.96896863 0.14770834
0.85198456 -0.09196918 -0.51542592 0.10305481 0.99465013 -0.00713206
0.86297202 -0.09611408 -0.49602562 0.11254489 0.99364132 0.00326629
0.85915238 -0.10832381 -0.50012326 0.11692854 0.99303859 -0.01421706
0.83473444 -0.13551140 -0.53371817 0.15027103 0.98851603 -0.01596120
0.88878006 -0.11195531 -0.44445023 0.16262595 0.98364484 0.07743146
0.91437846 -0.13010511 -0.38338596 0.20882112 0.96283549 0.17129397
0.93553978 -0.14056860 -0.32404602 0.19160828 0.97265548 0.13125408
0.78200871 -0.07966913 -0.61815476 0.12425510 0.99181575 0.02936395
0.84167916 -0.20292108 -0.50039923 0.21777298 0.97555929 -0.02930973
0.70757383 -0.19936414 -0.67793310 0.24547349 0.96897697 -0.02874716
0.80311853 -0.20524335 -0.55935311 0.23531809 0.97173870 -0.01869053
0.44273379 -0.43522754 -0.78394121 0.68235773 0.73073578 -0.02032503
-0.46330002 0.44296640 0.76755059 -0.75005680 -0.65728676 -0.07340935
0.12720846 0.96301365 0.23753476 -0.96340656 0.06299705 0.26053637
0.11242401 0.95948416 0.25836232 -0.96929723 0.04867199 0.24102691
0.10958098 0.96394384 0.24249613 -0.97322458 0.05445813 0.22331205
0.08848806 0.95496142 0.28322884 -0.98043370 0.03330714 0.19401149
0.93762243 -0.14305140 -0.31686041 0.19602901 0.97025740 0.14203274
0.85433078 -0.08371949 -0.51294249 0.09729570 0.99525541 -0.00038903
0.86061692 -0.09276725 -0.50073230 0.10235929 0.99471241 -0.00835699
0.89721912 -0.09744808 -0.43069923 0.11660121 0.99301159 0.01822563
0.88214546 -0.09560141 -0.46117225 0.11739514 0.99290872 0.01872643
0.83135158 -0.10117949 -0.54645890 0.11336540 0.99348700 -0.01148121
0.83274734 -0.11273284 -0.54205465 0.12907581 0.99160302 -0.00793034
0.83050048 -0.16678494 -0.53146195 0.17471996 0.98396850 -0.03576195
0.88122141 -0.10557756 -0.46076274 0.18271610 0.97505462 0.12602900
0.92261398 -0.13469870 -0.36144131 0.19719376 0.97004849 0.14184725
0.91223609 -0.12775679 -0.38923469 0.20013641 0.96801120 0.15132684
0.92898017 -0.13841115 -0.34327576 0.20181663 0.96686953 0.15631194
0.86270773 -0.09559676 -0.49658489 0.16597642 0.98109943 0.09947786
0.84409338 -0.08864212 -0.52881837 0.13784435 0.98896700 0.05425187
0.83417976 -0.18617992 -0.51911581 0.19975258 0.97937888 -0.03026515
0.78155136 -0.18674944 -0.59523296 0.20867915 0.97743857 -0.03266392
0.80062765 -0.19049549 -0.56807292 0.20837978 0.97745371 -0.03409053
-0.39259654 0.36042756 0.84614408 -0.78800464 -0.60623139 -0.10738765
0.10731082 0.96760637 0.22852202 -0.97075200 0.05232112 0.23431414
0.94059265 -0.14809018 -0.30554008 0.21359880 0.95758009 0.19343202
0.11127405 0.96047395 0.25516272 -0.97175658 0.05139324 0.23032141
0.05861774 0.95615405 0.28693804 -0.99156928 0.02249341 0.12761073
0.09364077 0.95471454 0.28240317 -0.98001486 0.03838675 0.19518536
0.92389977 -0.13533372 -0.35790226 0.21477710 0.95753247 0.19236001
0.81998676 -0.08252396 -0.56640226 0.10810230 0.99407130 0.01166617
0.82559764 -0.07847287 -0.55877608 0.09242100 0.99571466 -0.00328223
0.83806258 -0.09073897 -0.53797549 0.10032508 0.99488807 -0.01151802
0.83869761 -0.10194025 -0.53497154 0.11134895 0.99367148 -0.01478027
0.78829640 -0.10189257 -0.60680038 0.11608521 0.99311113 -0.01595432
0.80299890 -0.18092933 -0.56785339 0.20039825 0.97929579 -0.02864073
0.85827744 -0.09625586 -0.50407815 0.19988170 0.96738529 0.15560573
0.87581140 -0.10088243 -0.47199273 0.18013954 0.97557074 0.12574416
0.91109926 -0.12794101 -0.39182809 0.20522267 0.96520960 0.16203102
0.87361282 -0.10695969 -0.47472125 0.18710004 0.97438437 0.12477459
0.72493511 -0.15071726 -0.67212611 0.17850770 0.98353958 -0.02801541
-0.41437981 0.48769382 0.76840365 -0.79845822 -0.59998840 -0.04978418
0.11045061 0.96427733 0.24076949 -0.96881282 0.05039164 0.24261576
0.17694594 0.95695621 0.23005433 -0.94852602 0.10342636 0.29933506
0.05896039 0.95486778 0.29112053 -0.98938966 0.01710518 0.14427568
0.08641618 0.95294791 0.29055554 -0.98000866 0.02884958 0.19685206
0.10650530 0.95441842 0.27882284 -0.97186279 0.04067291 0.23200954
0.92478269 -0.14077803 -0.35349482 0.23085055 0.94610322 0.22714910
0.87949175 -0.08833706 -0.46764398 0.13246904 0.98922926 0.06226915
0.82768041 -0.08087765 -0.55534136 0.09028610 0.99586087 -0.01047074
0.82761824 -0.06969102 -0.55694813 0.08560580 0.99632591 0.00253874
0.80843711 -0.09567291 -0.58075482 0.10786416 0.99407250 -0.01361058
0.83959901 -0.09693928 -0.53448707 0.10956320 0.99394631 -0.00816352
0.90430295 -0.12087630 -0.40942052 0.18828751 0.97368306 0.12841012
0.86115044 -0.09795005 -0.49882436 0.21609648 0.95872307 0.18480374
0.82236278 -0.07412522 -0.56411427 0.14310576 0.98655063 0.07898503
0.90329409 -0.12389247 -0.41074386 0.22873554 0.94904816 0.21676651
0.88891113 -0.11445933 -0.44354948 0.19985095 0.96817124 0.15067878
0.79281086 -0.13125587 -0.59516627 0.14225933 0.98941326 -0.02870053
-0.44061801 0.53410637 0.72151661 -0.80390048 -0.59245461 -0.05236089
-0.34389830 0.40289396 0.84818065 -0.85888380 -0.50006354 -0.11070295
0.12068572 0.95027381 0.28707960 -0.96713024 0.04735112 0.24983408
0.18596138 0.94962829 0.25223908 -0.94329035 0.10069763 0.31632796
0.06119122 0.95590895 0.28721738 -0.98927987 0.01985745 0.14467554
0.07543956 0.95550412 0.28516802 -0.98830444 0.03363894 0.14873722
0.09635802 0.96128660 0.25815368 -0.97675478 0.04142734 0.21031892
0.10707952 0.95427018 0.27910995 -0.97213924 0.04161385 0.23068088
0.92243087 -0.14008184 -0.35985890 0.22941357 0.94840008 0.21887618
0.78970033 -0.06472930 -0.61006844 0.10618293 0.99383157 0.03200079
0.82629555 -0.07969019 -0.55757076 0.08932632 0.99595255 -0.00996772
0.81371540 -0.06927055 -0.57712120 0.08354984 0.99650198 -0.00180629
0.75444394 -0.08008223 -0.65146083 0.09596783 0.99532127 -0.01121356
0.84470201 -0.08732989 -0.52806437 0.22268102 0.95449960 0.19835226
0.82534218 -0.07749279 -0.55928999 0.22124153 0.95571476 0.19406565
0.86793888 -0.09730162 -0.48704681 0.19309720 0.96958327 0.15040557
0.89178902 -0.11619643 -0.43727654 0.22308438 0.95374012 0.20152694
0.87977874 -0.10938183 -0.46262830 0.22747384 0.95138824 0.20764410
-0.35496616 0.41805223 0.83620059 -0.84743410 -0.52159464 -0.09896746
-0.48393208 0.69571614 0.53083783 -0.83563751 -0.54749602 -0.04425092
0.12396698 0.95093423 0.28347200 -0.96638870 0.05085956 0.25200433
0.18768618 0.94736618 0.25936708 -0.93721646 0.09370737 0.33592302
0.91508412 -0.13292970 -0.38072410 0.23477632 0.94322348 0.23496722
0.05481320 0.95494199 0.29168698 -0.99228263 0.01955566 0.12244520
0.07716869 0.95732570 0.27851856 -0.98793179 0.03579281 0.15069741
0.09944636 0.95825917 0.26804829 -0.97607571 0.04159803 0.21341485
0.11859033 0.95327288 0.27786189 -0.96876246 0.04969890 0.24295971
0.80685407 -0.07525066 -0.58593839 0.08398813 0.99639070 -0.01231000
0.80909902 -0.07048357 -0.58343029 0.08048374 0.99671710 -0.00879771
0.84409076 -0.08815306 -0.52890444 0.23842083 0.94522184 0.22296014
0.85335201 -0.09703554 -0.51222509 0.23518716 0.94851923 0.21212816
0.89207703 -0.11642453 -0.43662789 0.22356230 0.95341390 0.20253867
0.89269924 -0.11822228 -0.43486968 0.22421354 0.95358074 0.20102748
-0.87450159 -0.47992316 -0.07014820 0.24603327 -0.31429687 -0.91688889
-0.31426311 0.41882557 0.85195297 -0.88396508 -0.45635256 -0.10172569
0.13158882 0.95311296 0.27250713 -0.96178448 0.05616565 0.26798522
0.15601665 0.95205110 0.26316828 -0.95301658 0.07505221 0.29347336
0.92372513 -0.13968879 -0.35667774 0.23276147 0.94420564 0.23301898
0.91258293 -0.13133861 -0.38722429 0.23337221 0.94491684 0.22949855
0.05023334 0.96058899 0.27339590 -0.99401736 0.02150386 0.10708443
0.07289855 0.96232706 0.26193973 -0.98911899 0.03610840 0.14261778
0.08395141 0.95961541 0.26849660 -0.98586583 0.04078175 0.16249752
0.11747170 0.95211422 0.28227466 -0.98071539 0.06651675 0.18377414
0.09320951 0.96175933 0.25754803 -0.97958863 0.04231472 0.19650860
0.13006927 0.95259970 0.27501968 -0.96150559 0.05346997 0.26953298
0.87406069 -0.10583447 -0.47414872 0.23588216 0.94567209 0.22374970
0.83997124 -0.08731592 -0.53555983 0.23796690 0.94627309 0.21894966
0.75643790 -0.04912525 -0.65221810 0.23785520 0.94956279 0.20434143
0.81579345 -0.07581308 -0.57335281 0.23971190 0.94652975 0.21591604
0.88431674 -0.11097284 -0.45350745 0.24511832 0.93705910 0.24867091
-0.28050256 0.41082612 0.86749077 -0.87603080 -0.47894028 -0.05644749
-0.30187121 0.41143984 0.85999483 -0.89292526 -0.43806326 -0.10385153
0.13051960 0.95226836 0.27595222 -0.96429843 0.05724269 0.25855729
0.16723333 0.93680662 0.30728894 -0.95475179 0.07613380 0.28749385
0.92215377 -0.13904692 -0.36096874 0.23326755 0.94428855 0.23217562
0.92451471 -0.13990830 -0.35453954 0.23170690 0.94487685 0.23134328
0.91126269 -0.13019820 -0.39070290 0.23437297 0.94404584 0.23204918
0.89885390 -0.12095933 -0.42122501 0.23437005 0.94483870 0.22880265
0.04860055 0.96652657 0.25192168 -0.99403954 0.02216137 0.10674478
0.06655626 0.96697932 0.24601069 -0.99216700 0.03801665 0.11899325
0.08319573 0.96568847 0.24601686 -0.98797745 0.04764816 0.14707223
0.08511586 0.96188724 0.25986215 -0.98516637 0.04224268 0.16632123
0.08446248 0.96160150 0.26112965 -0.98307639 0.03766319 0.17928293
0.12800588 0.95924628 0.25191483 -0.96329176 0.05981665 0.26170790
0.11140817 0.96118706 0.25240389 -0.97221780 0.05280313 0.22804457
0.10181463 0.96871555 0.22632724 -0.97978050 0.05825820 0.19140589
0.88231170 -0.11014495 -0.45759612 0.23609260 0.94464183 0.22784224
0.86832434 -0.10327041 -0.48512700 0.22299504 0.95494187 0.19585545
0.85382020 -0.09750351 -0.51135534 0.22368893 0.95570940 0.19126639
0.63655567 0.00505405 -0.77121419 0.24327450 0.94761044 0.20700738
0.81394804 -0.07650898 -0.57587773 0.22264215 0.95668364 0.18758194
0.82637191 -0.08211775 -0.55710518 0.22451589 0.95532495 0.19221593
-0.85039812 -0.52608383 -0.00767664 0.16184339 -0.24767607 -0.95522946
-0.91656953 -0.39825109 -0.03600677 0.12002216 -0.18809651 -0.97478944
-0.88380414 -0.46234018 -0.07163711 0.20116952 -0.23729721 -0.95037937
0.93275297 -0.13890539 -0.33268204 0.22133522 0.94905072 0.22430675
0.90805554 -0.12496124 -0.39977476 0.22271362 0.95239770 0.20817612
0.89209747 -0.11644079 -0.43658179 0.23310848 0.94631588 0.22393447
0.05386766 0.96667778 0.25026464 -0.99369222 0.02720790 0.10879125
0.07371363 0.96768498 0.24114726 -0.99111491 0.04423981 0.12543572
0.08522376 0.96612805 0.24358472 -0.98794794 0.05023544 0.14640808
0.13085146 0.95726657 0.25791210 -0.96411312 0.06225117 0.25809044
0.10555515 0.96857625 0.22520706 -0.97280496 0.05362295 0.22533333
0.10192277 0.96932101 0.22367062 -0.97391611 0.05140834 0.22100823
0.09631805 0.96804017 0.23156232 -0.97943866 0.05074554 0.19525588
0.87697285 -0.10828807 -0.46817979 0.22125433 0.95585525 0.19335802
0.86267251 -0.10024676 -0.49572855 0.22292313 0.95517933 0.19477600
0.81148952 -0.06915063 -0.58026117 0.23767319 0.94619054 0.21962462
0.80853420 -0.07175369 -0.58405817 0.18875699 0.97171402 0.14192492
-0.81074846 -0.58528119 0.01152584 0.18904035 -0.28039673 -0.94108528
-0.91255367 -0.40810385 -0.02640270 0.15602469 -0.28775206 -0.94491005
-0.88250959 -0.46437132 -0.07440486 0.18737720 -0.20207630 -0.96127778
-0.30452803 0.37760732 0.87445718 -0.87006736 -0.48387715 -0.09405188
0.93462414 -0.13659038 -0.32836080 0.21611656 0.95140249 0.21937861
0.87108469 -0.10110377 -0.48061368 0.22899087 0.94931322 0.21533154
0.93176180 -0.14155866 -0.33433694 0.20665981 0.96391350 0.16781688
0.89498538 -0.12039887 -0.42954081 0.22981586 0.94972104 0.21263750
0.04010639 0.97149760 0.23363201 -0.99689251 0.02303904 0.07532951
0.07153202 0.97249961 0.22164772 -0.99147803 0.04506994 0.12222966
0.09332813 0.96936750 0.22719280 -0.98490918 0.05648199 0.16359636
0.94006443 -0.12629850 -0.31674537 0.20167685 0.95493233 0.21778606
0.95164382 -0.11145146 -0.28627381 0.17587936 0.96169478 0.21026103
0.09808742 0.97395766 0.20441489 -0.97407997 0.05188990 0.22017188
0.09333842 0.97362906 0.20816930 -0.98089230 0.05407726 0.18688513
0.09415168 0.96898115 0.22849724 -0.98133951 0.05167814 0.18520840
0.88134474 -0.11079952 -0.45929834 0.21807003 0.95777100 0.18740398
0.85827881 -0.09551199 -0.50421727 0.20448643 0.96480864 0.16531676
0.81245899 -0.07223903 -0.57852566 0.18426506 0.97324687 0.13724783
-0.81011790 -0.58618361 0.00988842 0.12057272 -0.18309276 -0.97567374
-0.76930743 -0.63880658 0.00961007 0.26126155 -0.32828990 -0.90772694
-0.86794919 -0.49188292 -0.06866881 0.22721651 -0.27032381 -0.93557352
-0.31996995 0.41484225 0.85177767 -0.86738557 -0.48993367 -0.08722007
0.91310787 -0.12040082 -0.38953531 0.21107644 0.95700139 0.19898537
0.91973871 -0.13790244 -0.36751005 0.22105233 0.95564598 0.19461916
0.88085598 -0.10691869 -0.46115199 0.22139437 0.95410150 0.20168032
0.04084061 0.97714186 0.20862843 -0.99450266 0.01960466 0.10286018
0.05201062 0.97684377 0.20753598 -0.99378145 0.03013890 0.10719197
0.08508326 0.97370452 0.21132979 -0.98524946 0.05061342 0.16346830
0.08661267 0.97554016 0.20203868 -0.98648113 0.05566263 0.15413204
0.18660779 0.95058644 0.24811915 -0.94367307 0.10319315 0.31437615
0.94416332 -0.10831951 -0.31116325 0.17618003 0.96403468 0.19899188
0.09230005 0.97728091 0.19079487 -0.97816634 0.05315996 0.20090984
0.95983523 -0.09084471 -0.26544979 0.13984658 0.97512865 0.17195123
0.09132827 0.97450823 0.20492160 -0.98490894 0.05801430 0.16306047
0.87893450 -0.10673769 -0.46484542 0.22234674 0.95394534 0.20137078
0.86080837 -0.09421386 -0.50013268 0.19548598 0.96853793 0.15401164
0.79187977 -0.06921973 -0.60674137 0.11200596 0.99316347 0.03287850
0.82665569 -0.07755122 -0.55733865 0.18512057 0.97280532 0.13921291
-0.76133490 -0.64780986 0.02667733 0.10872909 -0.16813014 -0.97975004
-0.74799603 -0.66335040 0.02163921 0.22951347 -0.28911728 -0.92937332
-0.41484135 0.39966846 0.81741780 -0.73175508 -0.68047047 -0.03865799
-0.30734143 0.37554583 0.87436074 -0.86340851 -0.49635822 -0.09030136
0.91568714 -0.11355473 -0.38551575 0.20300220 0.95857167 0.19982623
0.02788604 0.98048943 0.19458403 -0.99716723 0.01368233 0.07396118
0.05149477 0.98176342 0.18299961 -0.99246490 0.02990756 0.11882319
0.07133260 0.97937655 0.18903247 -0.98823029 0.04368083 0.14660476
0.93858582 -0.11857685 -0.32403111 0.19233476 0.95946264 0.20600678
0.18462525 0.95294881 0.24042062 -0.94552314 0.10548282 0.30799249
0.97768193 -0.06957096 -0.19823693 0.10138971 0.98267013 0.15517589
0.96035290 -0.09069479 -0.26362249 0.12171490 0.98712331 0.10379356
0.95315593 -0.10070053 -0.28522497 0.15590374 0.97160888 0.17796148
0.87394315 -0.10174830 -0.47525859 0.19665232 0.96825165 0.15432651
0.86262572 -0.09562355 -0.49672231 0.19787720 0.96750933 0.15738632
0.85823208 -0.08610179 -0.50598836 0.16708887 0.97899711 0.11681619
0.85552180 -0.08901557 -0.51005757 0.18275756 0.97361887 0.13662349
-0.75161463 -0.65887916 0.03088228 0.11972106 -0.18231399 -0.97592443
-0.67379868 -0.73804545 0.03583645 0.25218004 -0.27527317 -0.92770141
-0.74074441 -0.67119962 0.02808471 0.17535287 -0.23354007 -0.95640492
-0.67237842 -0.73982126 0.02391155 0.34749904 -0.34401384 -0.87229526
-0.71081978 -0.69940758 -0.07459439 0.40796256 -0.32356474 -0.85374027
0.91829818 -0.11408629 -0.37909466 0.19466303 0.96394122 0.18144870
0.02110971 0.98649436 0.16242942 -0.99720591 0.00913128 0.07414152
0.03803219 0.98642838 0.15972680 -0.99401140 0.02095859 0.10724735
0.06757846 0.98223400 0.17507020 -0.98798692 0.04143868 0.14887829
0.93197364 -0.11156964 -0.34493095 0.17969359 0.96852618 0.17224191
0.98166060 -0.06109206 -0.18058316 0.08742573 0.98604614 0.14166777
0.97032338 -0.06994180 -0.23147523 0.10343725 0.98531067 0.13588148
0.94303161 -0.09738592 -0.31813106 0.15585344 0.97410393 0.16380261
0.95440531 -0.08715940 -0.28550628 0.13557650 0.97865456 0.15444839
0.94422084 -0.09806544 -0.31437272 0.15278271 0.97612542 0.15439138
0.90911698 -0.10848500 -0.40216589 0.16876680 0.97862494 0.11752024
0.89985573 -0.08579905 -0.42766607 0.05362170 0.99478602 -0.08674970
-0.73155546 -0.68075508 0.03740646 0.06698160 -0.12636361 -0.98971999
-0.66640240 -0.74458581 0.03872854 0.23749638 -0.26122284 -0.93560576
-0.68009269 -0.73176599 0.04463685 0.21107286 -0.25374848 -0.94395977
0.44227904 -0.30393055 -0.84381008 0.59226251 0.80548918 0.02030382
0.47562313 -0.35192448 -0.80618352 0.65295136 0.75536519 0.05548021
-0.66621631 -0.74459219 -0.04169320 0.12125567 -0.05299002 -0.99120593
0.91635722 -0.11016121 -0.38490781 0.17651093 0.97408366 0.14143862
0.02367416 0.98878956 0.14742717 -0.99612486 0.01083643 0.08728017
0.03730415 0.98854476 0.14624514 -0.99393559 0.02155508 0.10783099
0.04469290 0.99031883 0.13142020 -0.99064690 0.02695693 0.13376133
0.93408036 -0.10831429 -0.34023809 0.17176870 0.97168708 0.16223399
0.98333538 -0.06246792 -0.17073169 0.08298766 0.98979741 0.11581980
0.95017964 -0.10299399 -0.29419532 0.15183093 0.97722322 0.14826381
0.95679641 -0.08178097 -0.27902064 0.05816121 0.99406648 -0.09191895
0.25264385 0.91453022 0.31592029 -0.90639973 0.10945841 0.40799311
0.90213901 -0.08792552 -0.42239118 0.06736259 0.99571240 -0.06339648
-0.70921928 -0.70355934 0.04485884 0.07740519 -0.14095792 -0.98698497
-0.66041666 -0.74982053 0.04023735 0.23782124 -0.25969049 -0.93594980
0.41886723 -0.28024787 -0.86371946 0.57490528 0.81811100 0.01335517
0.51814258 -0.36389649 -0.77402043 0.59915167 0.80024970 0.02485457
-0.68430060 -0.72484595 -0.07956760 0.45636651 -0.34060434 -0.82202089
0.04500292 0.99066204 0.12869900 -0.99047816 0.02746916 0.13490207
0.95777977 -0.06691201 -0.27960822 0.07332565 0.99722934 0.01252894
0.98235041 -0.05462266 -0.17889704 0.07837553 0.98860496 0.12852094
-0.01412562 0.92677206 -0.37535855 -0.97379422 0.07246968 0.21557610
0.92815739 -0.08943410 -0.36128312 0.09729572 0.99524903 0.00358872
-0.67079103 -0.73975426 0.05294450 -0.02101225 -0.05240283 -0.99840498
-0.59751034 -0.80160952 0.02009131 0.28554532 -0.23612185 -0.92882204
-0.62449110 -0.77919507 0.05353380 0.01117929 -0.07745301 -0.99693334
0.43318862 -0.27619362 -0.85794216 0.50518018 0.86271650 -0.02265705
0.55439734 -0.36158818 -0.74959826 0.57881367 0.81470436 0.03509256
-0.69250548 -0.71964312 0.05049760 -0.05493479 -0.01719078 -0.99834198
-0.63660610 -0.76917839 0.05565253 -0.01429231 -0.06038483 -0.99807286
-0.58280879 -0.81221318 0.02537251 0.26981086 -0.22286792 -0.93676680
-0.56142187 -0.82615799 0.04762811 0.08246329 -0.11312100 -0.99015325
0.50782651 -0.29154372 -0.81062597 0.48014534 0.87706667 -0.01464640
-0.48165837 -0.87539643 0.04106551 0.34042054 -0.23007344 -0.91169083
0.53958297 -0.34577057 -0.76765418 0.60938585 0.78953278 0.07271114
0.61414218 -0.40669930 -0.67633212 0.58840370 0.80708271 0.04897526
-0.72719258 -0.68468809 0.04892039 -0.02695851 -0.04272586 -0.99872309
-0.68129921 -0.73000973 0.05401058 -0.11518082 0.03404476 -0.99276096
-0.62948155 -0.77405840 0.06772415 -0.15600711 0.04052016 -0.98692447
-0.54020756 -0.83996260 0.05136833 0.06255119 -0.10095143 -0.99292308
0.53288394 -0.27886155 -0.79891866 0.43927082 0.89812100 -0.02049144
0.54974282 -0.31473905 -0.77377146 0.48983762 0.87178880 -0.00659272
-0.49716517 -0.86721331 0.02771115 0.36089811 -0.23573247 -0.90232080
0.66839242 -0.41241017 -0.61900687 0.49307740 0.86874813 -0.04638295
0.61437762 -0.42185888 -0.66676480 0.59862345 0.79973137 0.04560396
-0.75794989 -0.65053219 0.04816522 -0.03172528 -0.03698791 -0.99881202
-0.69018680 -0.72129619 0.05808706 -0.19446512 0.10756008 -0.97499448
-0.48233095 -0.87588590 0.01344435 -0.21872310 0.10555609 -0.97006094
-0.67464799 -0.73390186 0.07898204 -0.23242457 0.10965426 -0.96641338
-0.56778556 -0.82085824 0.06173530 -0.21662393 0.07664242 -0.97324204
-0.51899356 -0.85368556 0.04320580 0.06452483 -0.08952930 -0.99389189
-0.55436021 -0.83042109 0.05554766 -0.17743929 0.05271729 -0.98271877
0.62751704 -0.32753056 -0.70636123 0.44631952 0.89468551 -0.01835291
0.52653551 -0.26694036 -0.80715752 0.42511389 0.90487391 -0.02194098
0.61750448 -0.34427464 -0.70722222 0.47295886 0.88094139 -0.01588130
0.38879681 -0.20150696 -0.89901721 0.45337206 0.89131367 -0.00371107
-0.48795334 -0.87188435 0.04146341 0.22392026 -0.17094779 -0.95949811
0.64289719 -0.37815040 -0.66609716 0.52218407 0.85259902 0.01996709
-0.77331704 -0.63220602 0.04792110 -0.05305826 -0.01078756 -0.99853319
-0.76589251 -0.64125752 0.04687815 0.15296803 -0.25254327 -0.95541757
-0.73100227 -0.67740327 0.08222224 -0.29000112 0.19933239 -0.93603736
-0.68468088 -0.72621763 0.06180650 -0.29189688 0.19551954 -0.93625236
-0.70070457 -0.70926553 0.07717173 -0.27888465 0.17273436 -0.94466192
-0.62505615 -0.77786088 0.06509417 -0.27697694 0.14305352 -0.95016819
-0.56079799 -0.82556832 0.06279035 -0.18143791 0.04854491 -0.98220348
-0.55708760 -0.82835364 0.05902251 -0.19522937 0.06155246 -0.97882420
-0.52578658 -0.84950757 0.04342037 0.07334421 -0.09613238 -0.99266267
-0.51715010 -0.85416424 0.05439992 -0.06271449 -0.02557143 -0.99770385
0.62732643 -0.30401602 -0.71696293 0.44120324 0.89739025 0.00551973
0.54359519 -0.25798640 -0.79871607 0.38807467 0.92102349 -0.03337359
0.64657843 -0.36101106 -0.67201734 0.49256253 0.87025350 0.00641231
0.33642361 -0.17621006 -0.92507797 0.40772578 0.91274601 -0.02558319
-0.45221305 -0.89088726 0.04270022 0.15598699 -0.12613446 -0.97967249
0.64766526 -0.36733636 -0.66752815 0.51988006 0.85353351 0.03471674
-0.81951600 -0.57119161 0.04619211 0.00706508 -0.09067121 -0.99585587
-0.79330438 -0.60705417 0.04640586 -0.14557728 0.11512566 -0.98262578
-0.73702478 -0.67051512 0.08487570 -0.29189703 0.20252609 -0.93476164
-0.69923937 -0.71012115 0.08241514 -0.39659280 0.28940800 -0.87118149
-0.61088115 -0.78909534 0.06444251 -0.33241585 0.18176274 -0.92545235
-0.56610608 -0.82101840 0.07384250 -0.32073823 0.13686007 -0.93722796
-0.49737328 -0.86592364 0.05287866 -0.19222327 0.05056231 -0.98004776
-0.46039316 -0.88665324 0.04340710 0.11815374 -0.10966695 -0.98692089
-0.48739424 -0.87179935 0.04912005 -0.11809918 0.01007924 -0.99295068
0.63429618 -0.30149227 -0.71187836 0.40342757 0.91458672 -0.02788153
0.68765402 -0.33161539 -0.64588171 0.42321387 0.90591317 -0.01453826
0.48396850 -0.20366895 -0.85105437 0.34479785 0.93824548 -0.02845901
0.59421772 -0.27750540 -0.75491464 0.38259271 0.92312753 -0.03818918
0.71862608 -0.36431369 -0.59232777 0.45960304 0.88805127 0.01140158
0.48273066 -0.20354059 -0.85178781 0.34501770 0.93815887 -0.02864888
-0.40251493 -0.91500145 0.02746085 0.26231286 -0.14402957 -0.95417374
-0.42246377 -0.90567845 0.03565005 0.20064873 -0.13180652 -0.97075599
-0.83851045 -0.54305112 0.04467368 -0.00089282 -0.08061783 -0.99674469
-0.86566544 -0.49554825 0.07110107 -0.16162936 0.14223312 -0.97654784
-0.77634817 -0.62874860 0.04425766 -0.28300497 0.28497729 -0.91580355
-0.73541903 -0.66906542 0.10728624 -0.39458165 0.29412457 -0.87051487
-0.79391909 -0.60440952 0.06619480 -0.23615353 0.20619982 -0.94958580
-0.63836402 -0.75937915 0.12583634 -0.49113548 0.27595586 -0.82621688
0.54759765 -0.32422096 0.77137387 -0.62918431 -0.76727545 0.12415910
-0.56210530 -0.82363158 0.07529142 -0.35880449 0.16082302 -0.91945386
-0.48257303 -0.87443238 0.04991243 -0.17722392 0.04167870 -0.98328763
-0.47295693 -0.87940508 0.05439194 -0.27581856 0.08914386 -0.95706719
-0.42308179 -0.90498638 0.04473722 -0.01952604 -0.04025619 -0.99899858
-0.43829367 -0.89747429 0.04938205 -0.04665313 -0.03215129 -0.99839360
0.66979146 -0.31851488 -0.67076653 0.39694965 0.91700846 -0.03907074
0.68566769 -0.32691267 -0.65037531 0.41034266 0.91157222 -0.02559409
0.71591717 -0.34719649 -0.60573697 0.43155169 0.90206110 -0.00699504
0.52801305 -0.17186949 -0.83166289 0.30153263 0.95343947 -0.00559601
0.65475559 -0.29442120 -0.69614023 0.34534216 0.93578994 -0.07096513
0.38725331 -0.15688923 -0.90852666 0.31382278 0.94900393 -0.03011422
-0.37432399 -0.92700332 0.02337670 0.24346736 -0.12257471 -0.96213257
-0.40394637 -0.91390032 0.04017004 0.02544543 -0.05512038 -0.99815547
-0.82742262 -0.55984032 0.04416627 0.02295955 -0.11230417 -0.99340862
-0.84090924 -0.54005224 0.03486205 -0.15810902 0.18355975 -0.97020996
0.41728902 -0.33014643 0.84668362 -0.75755709 -0.64099514 0.12342030
-0.79489309 -0.60297543 0.06756913 -0.28292441 0.26983488 -0.92040372
0.53196752 -0.29429483 0.79397810 -0.63525873 -0.75867695 0.14441498
-0.60124731 -0.79233205 0.10349667 -0.48094922 0.25540352 -0.83872342
-0.51947224 -0.84595770 0.12043313 -0.44695681 0.14888464 -0.88207883
-0.53580111 -0.83863860 0.09799206 -0.41144875 0.15798639 -0.89763594
-0.46788663 -0.88231444 0.05102304 -0.20034947 0.04966094 -0.97846508
-0.47000879 -0.88049734 0.06177534 -0.32482642 0.10746671 -0.93964821
-0.41416684 -0.90913618 0.04401572 0.07210439 -0.08097740 -0.99410444
-0.42151770 -0.90576017 0.04383405 -0.15674123 0.02516229 -0.98731917
0.67683530 -0.31785661 -0.66397387 0.38942137 0.92003328 -0.04347235
0.71290004 -0.33461317 -0.61628532 0.39099425 0.91920286 -0.04679263
0.80263829 -0.36604449 -0.47093865 0.40394583 0.91450965 -0.02235721
0.54017282 -0.14792106 -0.82845205 0.25780180 0.96618772 -0.00442029
0.61770427 -0.19936858 -0.76071918 0.28404599 0.95858973 -0.02058089
0.66252387 -0.26044312 -0.70230448 0.33142191 0.94275826 -0.03696404
0.41604823 -0.12313649 -0.90096688 0.24452770 0.96944463 -0.01957753
0.30291528 -0.12818529 -0.94435740 0.32442015 0.94560111 -0.02429201
0.28728533 -0.12425908 -0.94975090 0.32756451 0.94451141 -0.02449025
-0.34942043 -0.93657392 0.02710578 0.16346735 -0.08942159 -0.98248780
-0.36291239 -0.93130654 0.03102836 0.04545846 -0.05095356 -0.99766594
-0.85248733 -0.52103722 0.04225587 -0.08985668 0.06642607 -0.99373710
-0.89527291 -0.44127581 0.06133579 -0.19172800 0.25733823 -0.94711006
-0.85039973 -0.52453655 0.04100965 -0.11113898 0.10290235 -0.98846310
-0.75288421 -0.64812887 0.11443060 -0.38888261 0.29781136 -0.87182498
0.36289001 -0.48042762 0.79843599 -0.84032393 -0.53901625 0.05759615
0.60326982 -0.35125473 0.71602076 -0.66461849 -0.71767855 0.20789380
-0.63605911 0.31849664 -0.70284337 0.56995523 0.80792713 -0.14968221
-0.58447456 0.26480162 -0.76698738 0.55944526 0.81616777 -0.14453816
-0.52047288 -0.84575272 0.11751726 -0.44224980 0.14927393 -0.88438249
-0.58000511 0.16969498 -0.79674196 0.47084045 0.86797434 -0.15789175
-0.53589022 -0.83858269 0.09798357 -0.41287959 0.15906316 -0.89678836
-0.48744017 -0.87024796 0.07120855 -0.39493352 0.14700335 -0.90687239
-0.42146760 -0.90580755 0.04333382 -0.16620378 0.03018125 -0.98562944
-0.42406499 -0.90413922 0.05197327 -0.30591485 0.08899383 -0.94789040
0.72290498 -0.32931566 -0.60742044 0.38389575 0.92236620 -0.04318179
0.47882247 -0.13290226 -0.86779380 0.23726013 0.97128236 -0.01783849
0.57243854 -0.15507549 -0.80514956 0.24579878 0.96924752 -0.01192558
0.62718147 -0.16957749 -0.76018876 0.25121376 0.96789300 -0.00865079
0.70145601 -0.24402270 -0.66963601 0.34235439 0.93942982 0.01628398
0.70283508 -0.27065963 -0.65784979 0.32001698 0.94622505 -0.04740562
0.39711696 -0.09476732 -0.91286212 0.23095971 0.97296315 -0.00053360
-0.31924453 -0.94761443 0.01048401 0.26697367 -0.10054535 -0.95844442
-0.31381553 -0.94943321 0.00981968 0.22033748 -0.08288001 -0.97189629
-0.35600880 -0.93400413 0.02990108 0.01872192 -0.03911987 -0.99905908
-0.88093501 -0.47104716 0.04547625 -0.06398299 0.02333989 -0.99767804
0.29467928 -0.42581302 0.85548085 -0.90239584 -0.41853628 0.10251440
-0.89127874 -0.45010337 0.05503840 -0.20971800 0.30154374 -0.93010205
0.34108886 -0.44672406 0.82710099 -0.84652519 -0.52853179 0.06363486
0.33237389 -0.45116207 0.82823938 -0.87293142 -0.47964996 0.08903183
0.60869217 -0.36128849 0.70637417 -0.66635299 -0.71604621 0.20796998
-0.67779195 0.36378589 -0.63895065 0.56907845 0.80982405 -0.14259982
-0.63482785 0.23265649 -0.73679346 0.50120771 0.84973556 -0.16352488
-0.43128631 -0.89729643 0.09408150 -0.08387362 -0.06395122 -0.99442220
-0.59102333 0.17507724 -0.78742576 0.46964779 0.86833757 -0.15943933
-0.45710516 0.08578521 -0.88526601 0.40776396 0.90478235 -0.12287161
-0.49339044 0.12506595 -0.86076963 0.45162854 0.88259053 -0.13063560
-0.41987184 -0.90654743 0.04335244 -0.17086577 0.03204399 -0.98477310
-0.41911086 -0.90679580 0.04546998 -0.26597258 0.07473759 -0.96107900
-0.40657973 -0.91122431 0.06605466 -0.38006449 0.10294740 -0.91921318
0.76286852 -0.28543973 -0.58013427 0.31877434 0.94668406 -0.04660702
0.56581426 -0.14052302 -0.81247008 0.20072982 0.97920030 -0.02956957
0.68278682 -0.16737115 -0.71118850 0.21267961 0.97678423 -0.02569034
0.71442205 -0.25060275 -0.65329891 0.32689095 0.94504863 -0.00504164
0.39749664 -0.05185593 -0.91613722 0.19056237 0.98129994 0.02713750
0.26880509 -0.06398125 -0.96106726 0.25224128 0.96764499 0.00613132
-0.31661943 -0.94853914 0.00507767 0.22453274 -0.08014713 -0.97116500
-0.30922928 -0.95071024 0.02296339 -0.04247189 -0.01031639 -0.99904442
-0.35749659 -0.93335682 0.03226876 -0.13544148 0.01762832 -0.99062854
-0.88702375 -0.45969895 0.04319566 -0.05493507 0.01218512 -0.99841559
0.28363013 -0.40553504 0.86896223 -0.91178399 -0.39470172 0.11340430
0.29105237 -0.41843551 0.86034888 -0.90277880 -0.41778293 0.10221513
-0.90354872 -0.42598188 0.04625147 -0.08476277 0.07188655 -0.99380463
0.35887536 -0.48468331 0.79767823 -0.85180533 -0.51948088 0.06758146
0.52159077 -0.34325770 0.78110009 -0.68429667 -0.71510631 0.14269246
-0.63306993 0.18239062 -0.75230056 0.44077900 0.88384283 -0.15663858
-0.45674580 0.08059449 -0.88593894 0.40623811 0.90488207 -0.12711829
-0.40961748 0.06981107 -0.90958232 0.39136136 0.91410178 -0.10608609
-0.36158255 -0.93165147 0.03582830 -0.16511974 0.02616896 -0.98592633
-0.36878133 -0.92843133 0.04489547 -0.30737439 0.07622448 -0.94853091
-0.36901265 -0.92814559 0.04873856 -0.35008419 0.09022667 -0.93236274
0.75839126 -0.27464861 -0.59110999 0.31364202 0.94876355 -0.03842474
0.55976772 -0.11187164 -0.82106316 0.19457468 0.98088723 -0.00099486
0.72457403 -0.17669056 -0.66616285 0.21698378 0.97590804 -0.02283665
0.69443887 -0.13918239 -0.70596248 0.19544983 0.98071313 -0.00109078
0.72940439 -0.25264069 -0.63572168 0.26571006 0.96097058 -0.07703088
0.53693193 -0.06503841 -0.84111488 0.14098939 0.98991972 0.01345703
0.32562283 -0.02369750 -0.94520277 0.16935034 0.98498142 0.03364647
-0.24653031 -0.96912676 -0.00402590 0.21564615 -0.05080601 -0.97514898
-0.29220009 -0.95634598 0.00464618 0.10512906 -0.03694893 -0.99377191
-0.30586472 -0.95205504 0.00616598 -0.02306772 0.00093615 -0.99973351
-0.30822966 -0.95098007 0.02512760 -0.02570587 -0.01807807 -0.99950612
0.28304023 -0.40198946 0.87080008 -0.91547036 -0.38398123 0.12030149
0.31658003 -0.49799860 0.80732554 -0.91179675 -0.39443028 0.11424260
-0.91434395 -0.40223548 0.04670978 -0.07442285 0.05353835 -0.99578857
0.40029988 -0.54651171 0.73558486 -0.84906280 -0.52317446 0.07335497
-0.62680531 0.17111756 -0.76015389 0.41379833 0.89974564 -0.13866761
-0.60388815 0.15347391 -0.78215402 0.39954737 0.90738529 -0.13043717
-0.48543757 0.08710940 -0.86992091 0.35636112 0.92832750 -0.10590047
-0.54491240 0.13022017 -0.82831949 0.38590661 0.91597205 -0.10986974
-0.34280732 -0.93866628 0.03726659 -0.27059507 0.06067865 -0.96077907
-0.33946252 -0.93996507 0.03508428 -0.16613403 0.02320206 -0.98583025
-0.38868874 0.06155404 -0.91931069 0.34557557 0.93466604 -0.08352876
0.56545871 -0.08325334 -0.82056409 0.17864740 0.98363703 0.02330915
0.63915277 -0.12609096 -0.75867313 0.18209867 0.98322940 -0.01000095
0.74265814 -0.19269951 -0.64134699 0.22900328 0.97304600 -0.02718396
0.79039228 -0.18200496 -0.58493954 0.19067864 0.98050588 -0.04743396
0.69929862 -0.11668144 -0.70524251 0.15530093 0.98782212 -0.00944184
0.73906958 -0.22377005 -0.63537645 0.25387084 0.96619189 -0.04497581
0.44085747 -0.06666068 -0.89509833 0.13017438 0.99144346 -0.00972177
0.52767092 -0.04686522 -0.84815508 0.12318555 0.99214381 0.02181723
0.34097013 -0.02159028 -0.93982613 0.13967736 0.98980290 0.02793675
0.28793645 -0.01626012 -0.95751154 0.17150541 0.98456645 0.03485439
-0.19990043 -0.97978926 -0.00726950 0.19439895 -0.03238809 -0.98038775
-0.26015517 -0.96555912 -0.00385995 0.15176649 -0.03694260 -0.98772573
-0.26168090 -0.96515429 0.00064185 0.05387380 -0.01527070 -0.99843103
-0.30270469 -0.95271671 0.02647219 -0.13250661 0.01456303 -0.99107516
0.33775985 -0.55244464 0.76205206 -0.91986293 -0.36528558 0.14289403
0.23821290 -0.32071611 0.91673112 -0.93307287 -0.33749491 0.12438755
0.36699572 -0.60258007 0.70866877 -0.90826362 -0.39667380 0.13306800
-0.93582857 -0.34889388 0.04997970 -0.11217516 0.16040348 -0.98065668
0.34350011 -0.49178565 0.80009657 -0.84861755 -0.52748418 0.04010899
-0.64578384 0.15849668 -0.74688828 0.36539215 0.92308074 -0.12004357
-0.61076283 0.13489501 -0.78023857 0.35118207 0.92931259 -0.11423343
-0.42302099 0.05882599 -0.90420836 0.34015691 0.93521738 -0.09829418
-0.55071443 0.13241228 -0.82412422 0.38326111 0.91721654 -0.10874171
-0.37672460 0.05861127 -0.92446923 0.29707617 0.95292604 -0.06064418
-0.39298567 0.06080366 -0.91753215 0.31980926 0.94455779 -0.07438200
-0.54518634 0.12328874 -0.82919943 0.33072588 0.94053060 -0.07760543
0.57457972 -0.08247790 -0.81428224 0.14517246 0.98940390 0.00222181
0.64584982 -0.11101025 -0.75535071 0.15813443 0.98736799 -0.00989858
0.77362442 -0.16613281 -0.61147791 0.18987270 0.98145294 -0.02643004
0.72510654 -0.10437120 -0.68068147 0.13017751 0.99140102 -0.01334126
0.54909301 -0.05050087 -0.83423412 0.10316816 0.99463421 0.00769451
0.48117381 -0.04110589 -0.87566102 0.10887116 0.99396873 0.01316490
0.46903005 -0.03063887 -0.88265061 0.10161266 0.99463350 0.01946970
0.27446809 -0.01126266 -0.96153027 0.12415071 0.99197745 0.02381943
0.23867513 -0.03515935 -0.97046280 0.20210466 0.97926062 0.01422743
-0.25817806 -0.96608871 -0.00409897 0.06465729 -0.01304543 -0.99782228
-0.23490714 -0.97201639 -0.00165791 0.06777961 -0.01467875 -0.99759233
-0.26491278 -0.96403128 0.02156430 -0.20599161 0.03473049 -0.97793728
0.35325977 -0.61898398 0.70147443 -0.92513412 -0.34258232 0.16359785
0.39277896 -0.64074785 0.65967178 -0.89519793 -0.43065125 0.11471777
0.36313730 -0.64239293 0.67487979 -0.92305017 -0.34670430 0.16665722
0.38404796 -0.61013186 0.69299811 -0.87760174 -0.47445196 0.06863345
-0.67622036 0.15801489 -0.71955359 0.30549258 0.94893593 -0.07870750
-0.56106609 0.11416748 -0.81986010 0.30378771 0.94973224 -0.07564273
-0.49470276 0.10259127 -0.86298567 0.34345770 0.93524957 -0.08570363
-0.27476603 -0.96122336 0.02352343 -0.14694276 0.01780082 -0.98898482
-0.34829432 0.04398955 -0.93635249 0.29762477 0.95240134 -0.06596372
-0.45145294 0.08115324 -0.88859689 0.33129156 0.93991709 -0.08247299
0.62180531 -0.08936891 -0.77805620 0.13456400 0.99088508 -0.00627425
0.62886757 -0.10245255 -0.77073282 0.14239778 0.98969018 -0.01537101
0.75818956 -0.11501729 -0.64180976 0.13748473 0.99038929 -0.01507053
0.67253321 -0.08712147 -0.73492110 0.11706922 0.99306726 -0.01059236
0.72390145 -0.10340049 -0.68211073 0.12973814 0.99146813 -0.01260891
0.57873750 -0.05252188 -0.81382090 0.09226024 0.99573404 0.00134752
0.46138394 -0.02929191 -0.88671696 0.10133540 0.99465394 0.01987017
0.41461387 -0.02077563 -0.90976030 0.09406935 0.99536192 0.02014068
0.28933796 -0.00907052 -0.95718408 0.13114564 0.99090141 0.03025272
-0.16457337 -0.98616284 -0.01996118 0.10321683 0.00290797 -0.99465466
-0.22950198 -0.97330308 -0.00315012 0.02738131 -0.00322113 -0.99961990
-0.21545722 -0.97651237 -0.00135208 0.01591863 -0.00212786 -0.99987108
-0.19410071 -0.98097402 0.00386940 -0.04737998 0.00543490 -0.99886215
0.34932417 -0.62862051 0.69484460 -0.93061954 -0.31916583 0.17911018
0.39060289 -0.63173902 0.66957837 -0.88748288 -0.45164627 0.09159610
0.40969369 -0.68668818 0.60050845 -0.89833522 -0.41813779 0.13473916
-0.59738880 0.12494682 -0.79215848 0.29847914 0.95146340 -0.07501753
-0.32854405 0.03602698 -0.94380134 0.25684297 0.96502227 -0.05257186
-0.25085992 0.03456071 -0.96740627 0.21918659 0.97543514 -0.02199013
-0.39025187 0.05648973 -0.91897357 0.27950618 0.95828050 -0.05978929
-0.55665696 0.11658597 -0.82252103 0.29015848 0.95503241 -0.06100193
0.62130851 -0.08338762 -0.77911639 0.11815345 0.99292225 -0.01204915
0.64486867 -0.08530789 -0.75951761 0.12295469 0.99238718 -0.00706873
0.79154557 -0.10447255 -0.60211396 0.11789664 0.99287540 -0.01728520
0.66126275 -0.06383936 -0.74743307 0.08765568 0.99612242 -0.00753029
0.74610484 -0.07288127 -0.66182780 0.09574496 0.99540448 -0.00167805
0.56065798 -0.03311478 -0.82738507 0.07506283 0.99711865 0.01095646
0.61353648 -0.06166650 -0.78725493 0.09829964 0.99515599 -0.00134310
0.41722357 -0.00263377 -0.90880007 0.06458138 0.99755371 0.02675786
0.34654698 -0.01124929 -0.93796521 0.10332628 0.99430108 0.02625068
0.26321968 -0.00494709 -0.96472329 0.13172790 0.99080545 0.03086043
-0.16479059 -0.98623240 -0.01377554 0.14454243 -0.01033134 -0.98944467
-0.19102253 -0.98155296 -0.00801045 0.02225213 0.00382837 -0.99974507
-0.20306520 -0.97916514 -0.00051816 -0.10606997 0.02252350 -0.99410361
-0.20334306 -0.97910249 -0.00314009 -0.10536736 0.02507127 -0.99411726
-0.20022573 -0.97969264 0.01058346 -0.15408464 0.02081975 -0.98783833
0.39794064 -0.64340895 0.65396351 -0.88486379 -0.45737565 0.08845086
-0.64508170 0.13606538 -0.75190145 0.25577521 0.96570313 -0.04468289
-0.21941245 -0.97549027 0.01663923 -0.13701944 0.01392440 -0.99047053
-0.39742854 0.05751526 -0.91582888 0.25756350 0.96490532 -0.05117363
-0.57777989 0.11890648 -0.80748481 0.26449156 0.96322185 -0.04741213
-0.48389581 0.08296981 -0.87118363 0.26459706 0.96277356 -0.05527682
0.84843254 -0.07996716 -0.52322799 0.10156213 0.99474871 0.01265489
0.66151386 -0.03546204 -0.74909407 0.07015217 0.99742752 0.01473223
0.70238030 -0.04625028 -0.71029770 0.06743419 0.99772227 0.00171691
0.75627953 -0.07354023 -0.65010244 0.09531304 0.99544585 -0.00172590
0.56230962 -0.00800522 -0.82688802 0.06081562 0.99764562 0.03169817
0.49174869 -0.00133243 -0.87073618 0.05111787 0.99831831 0.02734119
0.40082872 0.01736139 -0.91598850 0.05438493 0.99760640 0.04270673
0.22806883 0.00082318 -0.97364467 0.09461111 0.99524850 0.02300338
-0.16089742 -0.98686409 -0.01453787 0.09497815 -0.00082037 -0.99547905
-0.18959716 -0.98178595 -0.01222040 0.02741040 0.00714877 -0.99959874
-0.16696930 -0.98591524 -0.00961369 -0.07626738 0.02263636 -0.99683040
-0.21950494 0.02217013 -0.97535950 0.16299170 0.98652446 -0.01425742
-0.31951293 0.04063274 -0.94671035 0.19848646 0.97978640 -0.02493644
-0.41223669 0.06102567 -0.90903068 0.22836810 0.97282302 -0.03825452
-0.30810288 0.03502836 -0.95070797 0.21176292 0.97677594 -0.03263874
-0.57670033 0.10622533 -0.81002033 0.23807724 0.97032672 -0.04225317
0.79078782 -0.07698818 -0.60722929 0.08901475 0.99597651 -0.01035299
0.61597455 -0.01769639 -0.78756726 0.04486488 0.99891305 0.01264459
0.71489382 -0.03650529 -0.69827950 0.05996650 0.99815792 0.00921068
0.74096763 -0.05075004 -0.66962039 0.06275153 0.99800992 -0.00620081
0.58758223 -0.00280079 -0.80915964 0.04206580 0.99874753 0.02708963
0.51307058 0.00917203 -0.85829747 0.02679555 0.99928439 0.02669643
0.47200543 0.03937277 -0.88071603 0.00423258 0.99888951 0.04692414
0.35261464 0.01721142 -0.93561035 0.05767942 0.99752998 0.04008882
0.24427885 0.00568682 -0.96968836 0.09636090 0.99489099 0.03010936
-0.13349232 -0.99081969 -0.02135736 0.01739312 0.01920465 -0.99966431
-0.13656248 -0.99049425 -0.01648872 0.02473024 0.01323077 -0.99960667
-0.22263391 0.02345425 -0.97461998 0.16256377 0.98660719 -0.01339196
-0.30077916 0.03715570 -0.95296979 0.16925749 0.98545772 -0.01499917
-0.36134297 0.04713498 -0.93124086 0.21030164 0.97710794 -0.03214534
-0.54591292 0.09132002 -0.83285046 0.23739168 0.97016585 -0.04922805
0.79277128 -0.06519174 -0.60602295 0.07848446 0.99690485 -0.00457036
0.66355377 -0.01966193 -0.74787021 0.03541138 0.99935961 0.00514531
0.63025117 -0.00367282 -0.77638263 0.03596748 0.99905330 0.02447143
0.77053392 -0.05201874 -0.63527292 0.06538767 0.99785709 -0.00239875
0.73099446 -0.04651200 -0.68079644 0.05098886 0.99860835 -0.01347642
0.54847878 0.00746040 -0.83613122 0.02651428 0.99930221 0.02630893
0.48598403 0.03829925 -0.87312818 0.00507197 0.99889898 0.04663917
0.46304139 0.05696865 -0.88450402 -0.00654579 0.99812490 0.06085994
0.30033696 0.02137909 -0.95359355 0.04754574 0.99817044 0.03735315
0.26921988 0.01602298 -0.96294546 0.08148587 0.99589729 0.03935306
0.31412593 0.00154681 -0.94938010 0.09211154 0.99523121 0.03209890
-0.13547741 -0.99054354 -0.02166766 0.06698841 0.01266156 -0.99767345
-0.12468859 -0.99201655 -0.01886763 -0.03008393 0.02278723 -0.99928761
-0.13444293 -0.99079669 -0.01571993 -0.12659964 0.03290815 -0.99140787
-0.35470861 0.04607905 -0.93384075 0.16546775 0.98611313 -0.01419265
-0.44206691 0.06219042 -0.89482361 0.18479782 0.98250717 -0.02301062
-0.51719719 0.07872846 -0.85223764 0.19531740 0.98034120 -0.02796972
0.81107897 -0.06431372 -0.58139032 0.07762326 0.99698079 -0.00199686
0.66845495 -0.01571943 -0.74358648 0.02410022 0.99970943 0.00053128
0.54768586 0.01274937 -0.83658695 -0.00597566 0.99991804 0.01132642
0.76721829 -0.04907255 -0.63950610 0.05435903 0.99845636 -0.01140185
0.76520801 -0.03554963 -0.64280087 0.05116316 0.99867421 0.00567511
0.60604495 0.01668255 -0.79525548 -0.00430602 0.99983424 0.01769260
0.54041624 0.04188341 -0.84035474 -0.02222621 0.99912238 0.03550316
0.36357161 0.05556391 -0.92990774 -0.00369725 0.99829781 0.05820482
0.41822168 0.06644045 -0.90591192 -0.05160368 0.99744856 0.04933057
0.19238061 0.02242433 -0.98106414 0.05971912 0.99761844 0.03451326
0.21788555 0.00963403 -0.97592682 0.06877557 0.99731386 0.02520000
-0.08363583 -0.99623549 -0.02280227 -0.00918007 0.02365175 -0.99967813
-0.10146253 -0.99453866 -0.02445881 0.04087977 0.02039689 -0.99895591
-0.23697294 0.04134897 -0.97063595 0.12612599 0.99194801 0.01146421
-0.36662439 0.04746233 -0.92915761 0.16086964 0.98688918 -0.01306416
-0.44311601 0.06022315 -0.89443916 0.18423294 0.98256171 -0.02511473
-0.59556234 0.09570043 -0.79758823 0.18003091 0.98352391 -0.01641947
0.78576684 -0.05104887 -0.61641270 0.05802432 0.99827719 -0.00870737
0.65157765 -0.00264738 -0.75857741 0.00905266 0.99994987 0.00428600
0.69265395 -0.01871220 -0.72102737 0.02562681 0.99967068 -0.00132522
0.61649638 0.01114357 -0.78727895 -0.00491447 0.99993485 0.01030523
0.70490956 -0.04183012 -0.70806277 0.05367215 0.99854314 -0.00555765
0.58414364 0.03923406 -0.81070155 -0.02146373 0.99922842 0.03289236
0.48875424 0.06999320 -0.86960930 -0.05452197 0.99727863 0.04962559
0.35191077 0.06768565 -0.93358314 -0.02555269 0.99770510 0.06270256
0.42855984 0.07476014 -0.90041518 -0.05300838 0.99693471 0.05754425
0.27102557 0.01555893 -0.96244645 0.05750956 0.99782151 0.03232553
0.14734063 0.00413641 -0.98907715 0.08638910 0.99611586 0.01703504
0.07495446 0.00859932 -0.99714988 0.06368677 0.99788010 0.01339287
-0.06854124 -0.99651605 -0.04751752 -0.06125521 0.05174330 -0.99678004
-0.11313807 -0.99343938 -0.01667218 -0.00134955 0.01693356 -0.99985570
-0.35602921 0.04658241 -0.93331307 0.15746607 0.98746556 -0.01078308
-0.51391315 0.06676699 -0.85524005 0.17649625 0.98386669 -0.02924783
-0.51392502 0.07225910 -0.85478640 0.18714143 0.98188961 -0.02951169
0.77437025 -0.04932880 -0.63080698 0.05819935 0.99828303 -0.00662050
0.61160046 -0.00077865 -0.79116637 0.00983696 0.99992973 0.00662022
0.69002652 -0.01160123 -0.72369111 0.01948680 0.99980688 0.00255277
0.62325734 0.01547153 -0.78186381 0.01696177 0.99930167 0.03329515
0.50449306 0.08368658 -0.85935056 -0.06781588 0.99605757 0.05718739
0.32673794 0.06800817 -0.94266498 -0.03272129 0.99762374 0.06063158
0.37318426 0.08264280 -0.92406911 -0.07851339 0.99526483 0.05730255
0.17102565 0.03169639 -0.98475665 0.02010610 0.99916202 0.03565195
0.09007356 0.02545493 -0.99560976 0.08153106 0.99612951 0.03284439
-0.07271872 0.04371466 -0.99639404 0.02112546 0.99888241 0.04228205
-0.19198337 0.03590667 -0.98074108 0.10834029 0.99399793 0.01518405
-0.32370117 0.04874232 -0.94490308 0.14539762 0.98937261 0.00122651
-0.27846593 0.04130099 -0.95955771 0.13730997 0.99052423 0.00278616
-0.34328833 0.04423844 -0.93818766 0.12772171 0.99181008 0.00003279
-0.50538254 0.06014866 -0.86079651 0.17375569 0.98422766 -0.03324026
-0.52013129 0.06897760 -0.85129648 0.17836370 0.98352873 -0.02928604
0.76012605 -0.04709050 -0.64806706 0.07699277 0.99687153 0.01787011
0.65214092 0.00161219 -0.75809604 0.02437129 0.99943632 0.02309048
0.65931529 -0.01303983 -0.75175351 0.05474669 0.99802816 0.03070317
0.31215197 0.07987789 -0.94666821 -0.10253076 0.99347150 0.05001882
0.47497448 0.09435810 -0.87492621 -0.09337699 0.99402583 0.05651070
0.20927867 0.06079145 -0.97596461 -0.02304540 0.99809515 0.05722824
0.36499920 0.11578043 -0.92378056 -0.09534001 0.99166906 0.08661887
0.13243505 0.03107422 -0.99070448 0.02913671 0.99895453 0.03522791
0.09815287 0.04160835 -0.99430114 0.00949312 0.99904102 0.04274382
-0.08821344 0.04342899 -0.99515444 0.01658678 0.99897462 0.04212541
-0.19370043 0.04544508 -0.98000759 0.06353921 0.99741042 0.03369344
-0.32993880 0.04819014 -0.94277149 0.11044765 0.99380773 0.01214586
-0.28778899 0.04213798 -0.95676643 0.10438598 0.99445957 0.01239946
-0.47638646 0.05598477 -0.87745184 0.14999434 0.98851633 -0.01836387
-0.51990956 0.05783217 -0.85226142 0.17482279 0.98379147 -0.03989062
0.76727682 -0.04157252 -0.63996726 0.09169549 0.99475545 0.04531690
0.78132576 -0.05111960 -0.62202650 0.08362855 0.99622750 0.02317328
0.63143927 -0.00188673 -0.77542305 0.03123841 0.99924719 0.02300661
0.70731735 -0.02272397 -0.70653093 0.04929651 0.99863553 0.01723253
0.52804691 0.10193483 -0.84307522 -0.04147369 0.99468070 0.09428879
0.52390367 0.10227657 -0.84561485 -0.07164961 0.99453801 0.07589795
0.15532775 0.06180047 -0.98592800 -0.05035188 0.99723923 0.05457682
0.36802718 0.13014841 -0.92066139 -0.09938140 0.98998940 0.10022195
0.47144490 0.12416983 -0.87311023 -0.09773877 0.99129581 0.08820260
-0.10754506 0.05358604 -0.99275506 -0.01459076 0.99835384 0.05546886
-0.24721923 0.04840373 -0.96774989 0.06215174 0.99748695 0.03401393
-0.43534565 0.06260811 -0.89808381 0.00318370 0.99767977 0.06800795
-0.46115097 0.05871551 -0.88537687 0.08572756 0.99608862 0.02140615
-0.59853774 0.07502940 -0.79757327 0.18683648 0.98122227 -0.04790553
0.73525357 -0.03679330 -0.67679280 0.11439402 0.99093759 0.07040376
0.80444980 -0.05515232 -0.59145492 0.10887314 0.99250340 0.05553103
0.59339213 0.00737692 -0.80487972 0.09731368 0.99196559 0.08083546
0.69621503 -0.01926933 -0.71757466 0.07542749 0.99606961 0.04643441
0.48340353 0.11026649 -0.86842525 -0.06919739 0.99374413 0.08766029
0.48939869 0.11110304 -0.86495382 -0.08800853 0.99307960 0.07776473
0.16723183 0.08293452 -0.98242325 -0.02746252 0.99646091 0.07944478
0.25150090 0.12111730 -0.96024889 -0.11321338 0.98900968 0.09509296
0.35893375 0.14350870 -0.92226452 -0.10881241 0.98780519 0.11135872
0.41476119 0.12635812 -0.90111423 -0.04709567 0.99196494 0.11742058
-0.10659937 0.07016649 -0.99182320 -0.01737190 0.99722326 0.07241563
-0.25901541 0.05623841 -0.96423459 0.03675609 0.99815428 0.04834324
-0.30008924 0.06668317 -0.95157754 0.04912996 0.99731016 0.05439434
-0.31327409 0.06679458 -0.94731086 0.04938666 0.99731946 0.05398858
-0.38944960 0.05468068 -0.91942322 0.09569570 0.99523580 0.01865465
-0.69600743 0.11319510 -0.70905608 0.28955984 0.94788736 -0.13290852
-0.61362696 0.07700895 -0.78583181 0.22279087 0.97168052 -0.07874761
0.73623621 -0.03800151 -0.67565691 0.12656227 0.98853779 0.08231069
0.78507608 -0.05148127 -0.61725634 0.14593270 0.98386014 0.10355164
0.60752255 0.01616391 -0.79413801 0.09809975 0.99061167 0.09521010
0.64023733 -0.01052943 -0.76810509 0.12255415 0.98849899 0.08860169
0.52601308 0.11196575 -0.84307414 -0.03737940 0.99338192 0.10860577
0.09127446 -0.96805257 -0.23354517 0.00136545 0.23464556 -0.97208011
0.20726627 0.16020124 -0.96507841 -0.13899593 0.98131508 0.13304488
0.34985667 0.14602306 -0.92535269 -0.11216424 0.98720068 0.11337586
0.37387997 0.14058112 -0.91676104 -0.04564885 0.99003726 0.13320085
0.42634475 0.13241754 -0.89481604 -0.04437469 0.99109787 0.12552281
0.56780392 0.10941286 -0.81586009 -0.02647994 0.99304199 0.11474535
-0.23156437 0.07207054 -0.97014630 -0.09379458 0.99095196 0.09600401
-0.29852909 0.07830295 -0.95118296 -0.06631485 0.99251819 0.10251866
-0.49846423 0.06812443 -0.86422944 0.04868475 0.99753416 0.05055236
-0.53568250 0.06487054 -0.84192401 0.11261596 0.99362653 0.00490624
-0.69896823 0.10730802 -0.70705622 0.26147321 0.95857304 -0.11300223
-0.58188879 0.06941676 -0.81030041 0.16655636 0.98540390 -0.03518910
-0.61541778 0.07729133 -0.78440237 0.18572322 0.98137897 -0.04901219
0.73392022 -0.03447641 -0.67836016 0.12269440 0.98901135 0.08247882
0.82520902 -0.06329120 -0.56127024 0.14529991 0.98404694 0.10266230
0.48705596 0.11111064 -0.86627418 0.08023392 0.98198771 0.17106327
0.53867596 0.02859405 -0.84202772 0.14661579 0.98099297 0.12710860
0.63964421 -0.00459591 -0.76865745 0.19274840 0.96899223 0.15460330
0.53044689 0.11276360 -0.84018487 -0.01926030 0.99246067 0.12104106
0.08967707 -0.96557784 -0.24416709 0.00075771 0.24522091 -0.96946698
0.13001581 -0.96138531 -0.24255793 0.05028289 0.25071284 -0.96675473
0.21738292 0.16270275 -0.96243054 -0.12830922 0.98221660 0.13706668
0.35719228 0.15436929 -0.92118609 -0.11398513 0.98608077 0.12104610
0.23939125 0.13859172 -0.96098083 -0.07827614 0.98929304 0.12317538
0.41253990 0.12963870 -0.90166771 0.04639715 0.98554671 0.16292661
-0.20123409 0.08665337 -0.97570288 -0.03523126 0.99479473 0.09561523
-0.31931603 0.09898174 -0.94246483 -0.07495885 0.98877585 0.12924230
-0.40496895 0.09175169 -0.90971529 -0.07975298 0.98761559 0.13511136
-0.48187077 0.06727925 -0.87365562 0.04322673 0.99765921 0.05298663
-0.53623796 0.06264554 -0.84173894 0.11156818 0.99375260 0.00288340
0.79823834 -0.16098943 0.58042926 -0.41453940 -0.84594375 0.33546421
-0.68197632 0.09592734 -0.72505605 0.20171428 0.97758079 -0.06039206
-0.63323832 0.08341525 -0.76944858 0.18347175 0.98201573 -0.04453353
0.74519199 -0.04017568 -0.66563869 0.20682953 0.96288258 0.17343231
0.79305065 -0.05805421 -0.60638303 0.16781202 0.97775137 0.12586242
0.56583792 0.03094058 -0.82393575 0.22027805 0.95730066 0.18722469
0.71229601 -0.02635255 -0.70138437 0.15450078 0.98067093 0.12005844
0.10735989 -0.96401083 -0.24322212 -0.06059385 0.23783694 -0.96941322
0.16264592 -0.95568806 -0.24537049 0.02888884 0.25318766 -0.96698576
0.13272204 0.16444781 -0.97741592 -0.15259221 0.97777337 0.14378767
0.08215219 0.14512278 -0.98599720 -0.08926624 0.98643625 0.13774985
0.26542759 0.14125027 -0.95372772 -0.06772591 0.98949790 0.12769949
0.49145624 0.11193201 -0.86367935 0.12521841 0.97232050 0.19726436
-0.16045453 0.13073766 -0.97834659 -0.09975557 0.98396617 0.14784908
-0.30869710 0.11714488 -0.94391906 -0.10031582 0.98284239 0.15478252
-0.40994820 0.09117378 -0.90754062 -0.07643928 0.98805714 0.13379131
-0.50057620 0.08534495 -0.86147535 -0.05998912 0.98931670 0.13286775
-0.50953877 0.07225478 -0.85740858 0.03233132 0.99737209 0.06483588
-0.56797731 0.07162527 -0.81992173 0.06769533 0.99689621 0.04019109
-0.83137035 0.11086907 -0.54454702 0.23206791 0.95962906 -0.15892328
-0.68402213 0.08880877 -0.72403514 0.21391658 0.97334445 -0.08270614
-0.61144751 0.08096546 -0.78713191 0.08543839 0.99569106 0.03604922
0.74658215 -0.04132570 -0.66400862 0.20433235 0.96407264 0.16974160
0.79021305 -0.05757827 -0.61012137 0.21670215 0.95750940 0.19030496
0.48606664 0.10959744 -0.86702234 0.21820515 0.94546229 0.24184209
0.56147522 0.03208934 -0.82687110 0.23022877 0.95373577 0.19334634
0.69468147 -0.02302044 -0.71894902 0.18019237 0.97318876 0.14294904
0.11597937 -0.96259135 -0.24488093 -0.07128108 0.23784260 -0.96868461
0.09383087 -0.96635312 -0.23949401 -0.13192900 0.22636516 -0.96506661
0.15705340 -0.95516056 -0.25100303 0.02863894 0.25845498 -0.96559870
0.09992357 -0.96452314 -0.24435717 -0.06567847 0.23865683 -0.96888041
0.07918382 0.15589549 -0.98459464 -0.09039114 0.98474997 0.14865059
0.36102897 0.14479393 -0.92124528 0.21474876 0.94841456 0.23322257
0.37216684 0.14519393 -0.91673917 0.08630294 0.97799671 0.18993220
-0.18266939 0.13623232 -0.97369027 -0.11774942 0.98019391 0.15923266
-0.24822944 0.12996474 -0.95994347 -0.13445345 0.97674501 0.16700748
-0.50664836 0.08431054 -0.85802054 -0.05173950 0.99044001 0.12787372
-0.58399093 0.07663463 -0.80813479 0.06928466 0.99660665 0.04443935
-0.82771438 0.10726679 -0.55080199 0.21702516 0.96637148 -0.13793576
-0.63619125 0.08326477 -0.76702529 0.09203616 0.99525088 0.03170267
-0.69167662 0.07551958 -0.71824807 0.20146191 0.97521603 -0.09147058
0.72068006 -0.03228717 -0.69251561 0.21418418 0.96041626 0.17811748
0.78063738 -0.05520754 -0.62254119 0.21052307 0.96110719 0.17875414
0.41690078 0.13483843 -0.89889508 0.18136521 0.95670938 0.22762665
0.66132522 -0.01000674 -0.75003254 0.23611800 0.95185661 0.19549260
0.58442032 0.02141638 -0.81116849 0.29865897 0.92380291 0.23956414
0.67825300 -0.01693612 -0.73463327 0.23706597 0.95132238 0.19694045
0.17511912 -0.95010513 -0.25813490 -0.11398065 0.24085920 -0.96384400
0.15493301 -0.95507115 -0.25265557 -0.12389665 0.23494042 -0.96408123
0.21346995 0.17795116 -0.96060604 0.08367068 0.97632784 0.19945724
0.21396326 0.16042374 -0.96357870 -0.00514375 0.98659396 0.16311333
0.35844615 0.14948674 -0.92150426 0.05544157 0.98194546 0.18085717
0.28206694 0.16487871 -0.94512081 0.13343760 0.96880478 0.20883429
0.39746225 0.13961397 -0.90693533 0.20227517 0.95071536 0.23500010
0.15646970 -0.95547402 -0.25017315 -0.16525711 0.22439590 -0.96038359
-0.24648631 0.13126040 -0.96021628 -0.13397667 0.97665757 0.16789952
-0.57719773 0.07605212 -0.81305528 -0.01978050 0.99405950 0.10702543
-0.82088900 0.11580204 -0.55922371 0.21647708 0.96924424 -0.11706082
-0.62324429 0.07951176 -0.77797461 0.12554988 0.99208695 0.00081537
-0.76717079 0.08864647 -0.63528800 0.09557900 0.99514586 0.02343938
0.75132161 -0.04987564 -0.65804893 0.22747476 0.95560354 0.18728906
0.79747647 -0.06444463 -0.59989840 0.21871173 0.95753109 0.18788140
0.41242224 0.13706264 -0.90062296 0.17621706 0.95794255 0.22648098
0.69209671 -0.02458979 -0.72138584 0.26085168 0.94039500 0.21820563
0.65156800 -0.00492108 -0.75857431 0.25516546 0.94313264 0.21305287
0.64612335 -0.00350550 -0.76322496 0.24894659 0.94626784 0.20640448
0.49074274 0.07596107 -0.86798704 0.27177292 0.93314773 0.23531859
0.14576845 -0.95432603 -0.26079392 -0.03952171 0.25778192 -0.96539450
0.14418820 -0.95767289 -0.24914333 -0.17618068 0.22290726 -0.95878714
0.22195697 0.17647068 -0.95895422 0.08328893 0.97645992 0.19896998
0.10945929 0.20694105 -0.97221094 0.04229994 0.97623211 0.21255942
0.34250662 0.15678954 -0.92634028 0.11247080 0.97204369 0.20611031
0.40545580 0.13753369 -0.90370911 0.21356609 0.94700474 0.23994078
-0.64479119 0.06600624 -0.76150352 -0.04463439 0.99131292 0.12371930
-0.81551617 0.10445181 -0.56923044 0.18330041 0.97955847 -0.08286241
-0.62311232 0.09276597 -0.77661157 -0.19837596 0.94172728 0.27165541
-0.70579839 0.08240914 -0.70360321 0.06375754 0.99656951 0.05276621
-0.77472973 0.09055050 -0.62577516 0.09693278 0.99500221 0.02397228
0.75008976 -0.05453502 -0.65908372 0.24486572 0.94866675 0.20018050
0.77954960 -0.06862973 -0.62256926 0.24959421 0.94568604 0.20828027
0.46019858 0.12073611 -0.87956816 0.28204790 0.91950476 0.27378830
0.69191891 -0.02516498 -0.72153658 0.26025456 0.94089556 0.21675608
0.62606913 0.00040831 -0.77976745 0.29122818 0.92751539 0.23431043
0.09550429 0.21142861 -0.97271627 0.00592910 0.97704476 0.21295162
0.10226643 -0.95918423 -0.26364210 0.03317721 0.26817307 -0.96279931
-0.20526150 -0.94041622 -0.27108130 0.28599721 0.20725454 -0.93554860
-0.20941013 -0.93994218 -0.26954809 0.29681456 0.20155108 -0.93342292
0.08121385 0.21224163 -0.97383666 0.03892754 0.97564322 0.21588176
0.73664999 -0.04709206 -0.67463267 0.25567397 0.94292605 0.21335743
0.70441043 -0.03210332 -0.70906657 0.25126591 0.94556713 0.20680496
0.77044135 -0.06513783 -0.63417441 0.24921726 0.94638002 0.20556194
0.67318666 -0.01995212 -0.73920345 0.26924911 0.93763059 0.21989508
0.62082678 0.00338725 -0.78394049 0.28888127 0.92863238 0.23278643
-0.20966440 -0.93890530 -0.27294284 0.29569167 0.20519198 -0.93298590
0.70512742 -0.03143492 -0.70838356 0.25684369 0.94249886 0.21383914
0.77405953 -0.06718172 -0.62953836 0.24221697 0.95012999 0.19642805
0.71339715 -0.03837686 -0.69970840 0.25978824 0.94183332 0.21321394
0.63802671 -0.00494193 -0.76999843 0.26434416 0.94061303 0.21300070
0.55920780 0.02975202 -0.82849354 0.30399296 0.92238641 0.23830977
-0.31526050 -0.90076500 -0.29871947 0.31153265 0.19909668 -0.92914367
0.76512289 -0.06293765 -0.64080101 0.23848359 0.95213151 0.19123620
0.71908361 -0.04073837 -0.69372839 0.24934499 0.94693112 0.20285095
0.64044029 -0.00652982 -0.76798022 0.27052814 0.93779153 0.21762735
0.56653112 0.02417427 -0.82368571 0.29085502 0.92936873 0.22732607
0.52999103 0.04409449 -0.84685612 0.31975776 0.91453975 0.24773383
-0.27030867 -0.91814178 -0.28973943 0.33726546 0.19157217 -0.92171156
0.75343353 -0.05708580 -0.65504140 0.23803970 0.95232981 0.19080104
0.79744411 -0.07490326 -0.59872562 0.20840147 0.96539319 0.15679540
0.69178867 -0.03109914 -0.72143006 0.22445963 0.95884061 0.17390391
0.64479309 -0.00870221 -0.76430768 0.27400559 0.93610907 0.22050111
0.68564177 -0.02809621 -0.72739673 0.22260873 0.95947695 0.17276978
0.60522097 0.00783411 -0.79601896 0.26133090 0.94257897 0.20796894
0.53397137 0.04525651 -0.84429055 0.33716622 0.90433609 0.26171583
-0.26720089 -0.91864115 -0.29103640 0.34341213 0.19141304 -0.91947222
0.72359872 -0.04587818 -0.68869454 0.20978270 0.96520406 0.15611666
0.72685570 -0.04812447 -0.68510216 0.19805902 0.96984935 0.14200342
