-0.41647398 -0.34296557 -0.84197628 0.01955678 0.92252225 -0.38544822
-0.47551191 -0.32743320 -0.81650227 -0.04497682 0.93598515 -0.34915465
-0.59962451 -0.28273720 -0.74867225 0.10974537 0.89762187 -0.42688516
-0.59645784 -0.30287796 -0.74330544 0.18447837 0.84954822 -0.49420202
-0.47418216 -0.32843685 -0.81687242 -0.05269747 0.93673837 -0.34604082
-0.60176396 -0.33580399 -0.72464883 0.22507085 0.79924226 -0.55727446
-0.31442702 -0.40675864 -0.85771972 -0.10296421 0.91282880 -0.39514810
-0.71418220 -0.20593880 -0.66897911 0.23757224 0.82768816 -0.50842088
-0.74082804 -0.16492875 -0.65113169 0.45977384 0.58218396 -0.67057431
-0.35979283 -0.22083873 -0.90652049 -0.22072834 0.96415234 -0.14727271
-0.48989663 -0.33554476 -0.80461860 -0.09311476 0.93782020 -0.33439952
-0.68601716 -0.28552058 -0.66922235 0.31962740 0.70801800 -0.62972134
-0.27357599 -0.20492774 -0.93976641 -0.20253916 0.96740675 -0.15199378
-0.34813175 -0.39948294 -0.84806705 -0.12317747 0.91630691 -0.38106304
-0.74340725 -0.13902301 -0.65423107 0.39387888 0.69955635 -0.59622186
-0.71822524 -0.20147854 -0.66600227 0.49445882 0.52564514 -0.69224834
-0.35501039 -0.23480496 -0.90489459 -0.40056208 0.91279626 -0.07970586
-0.42224953 -0.27244151 -0.86456984 -0.32500607 0.93585658 -0.13617465
-0.50861895 -0.36545989 -0.77958059 -0.09387647 0.92358589 -0.37172064
-0.71427035 -0.20988333 -0.66765779 0.53072214 0.45945153 -0.71220672
0.21100318 -0.75361484 -0.62252909 -0.36888123 0.52838665 -0.76467919
-0.16425905 -0.39642450 -0.90325338 -0.19402036 0.91078752 -0.36444792
-0.33304188 -0.40767166 -0.85022759 -0.02210324 0.90483165 -0.42519552
-0.74440193 -0.13825612 -0.65326190 0.37370461 0.72450060 -0.57917511
0.40907055 -0.82878190 -0.38181391 -0.49780148 0.14798999 -0.85457164
-0.47660989 -0.30813715 -0.82334346 -0.45101705 0.88961786 -0.07185956
-0.51274854 -0.37420410 -0.77269673 -0.10080375 0.92002881 -0.37866291
-0.63516331 -0.32954824 -0.69854534 0.43563220 0.59397948 -0.67632312
0.24640593 -0.76190329 -0.59898877 -0.36733055 0.49851319 -0.78520888
0.15079764 -0.71245253 -0.68532586 -0.26235172 0.63955295 -0.72259516
-0.31946898 -0.42003128 -0.84941947 -0.09247570 0.90593410 -0.41319695
-0.12326767 -0.77307290 0.62222457 -0.86429375 -0.22447523 -0.45011917
-0.50294137 -0.31491265 -0.80491000 -0.71129304 0.67986459 0.17845567
-0.53948170 -0.39820901 -0.74188215 -0.07074412 0.89941913 -0.43132418
-0.62056661 -0.34757477 -0.70291460 0.45154154 0.57447505 -0.68270689
0.58343232 -0.50114799 -0.63910681 -0.40957442 0.49797443 -0.76437575
0.38136470 -0.61759460 -0.68785024 -0.19292292 0.67452824 -0.71259558
-0.18931811 -0.43994999 -0.87783986 -0.03765756 0.89660263 -0.44123209
-0.12561886 -0.77006030 0.62548155 -0.86722481 -0.22095999 -0.44620392
-0.77547628 -0.25850293 -0.57603204 0.18954670 0.77494121 -0.60294139
-0.54523367 -0.43157971 -0.71865094 -0.64020616 0.76780862 0.02461746
-0.51730734 -0.40656853 -0.75305718 -0.08468808 0.89994639 -0.42769676
-0.60902691 -0.38818291 -0.69166487 0.27557760 0.71415609 -0.64345801
0.37899566 -0.61846662 -0.68837595 -0.19494146 0.67381972 -0.71271658
0.07062758 -0.90961623 0.40940219 0.08795317 -0.40314975 -0.91089767
-0.44856885 -0.39486796 -0.80178881 0.05632012 0.88283652 -0.46629152
-0.07817295 -0.81247729 0.57772803 -0.89184314 -0.20199038 -0.40474164
-0.84787023 -0.19974165 -0.49114099 0.05290529 0.88982952 -0.45321578
-0.50846243 -0.40828151 -0.75813729 -0.63887703 0.76917684 0.01425108
-0.56004578 -0.42369327 -0.71192193 -0.18191031 0.90124917 -0.39326662
-0.59613013 -0.40219808 -0.69488525 0.41222945 0.58937192 -0.69477171
-0.57980829 -0.41379100 -0.70185423 0.33775103 0.66185790 -0.66922969
-0.20241721 -0.46789855 -0.86028963 -0.08387827 0.88352990 -0.46080288
-0.44315290 -0.39941186 -0.80254954 0.05058590 0.88268858 -0.46722797
-0.06041102 -0.83948553 0.54001355 -0.94364274 -0.12833574 -0.30507094
-0.81734347 -0.21446465 -0.53474730 0.00264770 0.92672980 -0.37571925
-0.59343487 -0.48798829 -0.64008015 -0.53603923 0.83284199 -0.13797142
-0.63288903 -0.46065772 -0.62229091 -0.67966497 0.71550512 0.16157974
-0.60144234 -0.44173324 -0.66568679 -0.19377044 0.88901412 -0.41485777
-0.64086592 -0.35155097 -0.68242419 0.48081434 0.50917363 -0.71383464
-0.67636299 -0.31586188 -0.66540551 0.30565512 0.70157129 -0.64371789
-0.46313173 -0.49957982 -0.73207182 0.21255460 0.73928261 -0.63896936
0.18642356 -0.43106976 -0.88285059 -0.04040132 0.89447987 -0.44527918
-0.41509047 -0.39806330 -0.81807429 -0.01024780 0.90118867 -0.43330586
0.00103344 -0.91282088 0.40835890 -0.93361741 -0.14718372 -0.32664290
-0.63960212 -0.50882149 -0.57620299 -0.40736520 0.86002421 -0.30726528
-0.66447264 -0.51403958 -0.54243845 -0.71891582 0.63788044 0.27616790
-0.61350054 -0.44812405 -0.65023232 -0.21513031 0.88709581 -0.40838706
-0.54084849 -0.47366741 -0.69506991 0.50048220 0.48293063 -0.71853715
-0.49324775 -0.48145983 -0.72450197 0.42081156 0.59686482 -0.68313253
0.11064354 -0.59525406 -0.79588360 -0.36369023 0.72100669 -0.58981252
0.49399447 -0.34638125 -0.79748952 -0.14631717 0.87101948 -0.46895245
-0.42356920 -0.39752889 -0.81397790 0.00226289 0.89809829 -0.43978900
-0.00898239 -0.90718281 0.42064083 -0.95202094 -0.12092648 -0.28112787
-0.00149101 -0.91085523 0.41272333 -0.93103480 -0.14934997 -0.33296975
-0.68145180 -0.57973957 -0.44668290 -0.58112836 0.79963076 -0.15126300
-0.66975296 -0.54743034 -0.50174809 -0.73850352 0.42029020 0.52722740
-0.69376910 -0.58822721 -0.41553965 -0.70919293 0.65846163 0.25194007
-0.60332543 -0.45302609 -0.65632749 -0.26273823 0.88995272 -0.37276381
-0.43310785 -0.57428318 -0.69470596 0.62779558 0.36084175 -0.68968540
-0.36544240 -0.57152069 -0.73472178 0.42948404 0.59674889 -0.67781585
0.47515321 -0.35882065 -0.80341595 -0.20469224 0.84294754 -0.49753451
-0.36490363 0.59545535 -0.71573615 0.40256709 0.79407752 0.45539063
0.00803213 -0.93488139 0.35486937 -0.95714897 -0.10992362 -0.26792285
-0.86942768 -0.21764812 -0.44353685 -0.05367909 0.93403721 -0.35311911
-0.71693778 -0.58997160 -0.37139446 -0.59102815 0.79690766 -0.12499505
-0.67142814 -0.54706311 -0.49990618 -0.73766321 0.42876989 0.52154517
-0.66509205 -0.61701179 -0.42065313 -0.74527210 0.58399493 0.32174453
-0.69527733 -0.63058621 -0.34489200 -0.71644038 0.56967926 0.40271428
-0.69329798 -0.42976654 -0.57847965 -0.22715154 0.89212102 -0.39054108
-0.43502009 -0.57331079 -0.69431430 0.63741201 0.34855613 -0.68717873
-0.27750900 -0.53088129 -0.80072081 0.40020701 0.69381917 -0.59870636
0.63664830 -0.34183151 -0.69125271 -0.09584460 0.85436165 -0.51076418
-0.40167648 0.61283427 -0.68050730 0.43358240 0.78179026 0.44811872
-0.44307774 -0.77472663 -0.45108840 -0.07318845 0.53275567 -0.84309840
-0.83807957 -0.26399899 -0.47741720 -0.02321519 0.89158034 -0.45226717
-0.73759609 -0.57029718 -0.36154273 -0.56140345 0.81545013 -0.14095129
-0.69704849 -0.64749622 -0.30801302 -0.71644163 0.61163640 0.33557764
-0.68233180 -0.45290291 -0.57384878 -0.72635823 0.33129412 0.60220259
-0.61731541 -0.74201661 -0.26140600 -0.61802858 0.25179887 0.74474031
-0.65844423 -0.68278939 -0.31662285 -0.74754268 0.54447770 0.38042608
-0.75867754 -0.42137176 -0.49684426 -0.31261486 0.90458739 -0.28981653
-0.67403990 -0.40604198 -0.61709005 -0.14586975 0.89209235 -0.42766029
-0.17070636 -0.58494121 -0.79290801 0.49962771 0.64220476 -0.58133060
0.02292950 -0.53177631 -0.84657437 0.40652913 0.77858508 -0.47805792
0.48885483 -0.44801763 -0.74853271 -0.28764278 0.72728312 -0.62315398
-0.74705207 0.58384788 -0.31785974 0.44109145 0.79308420 0.42006648
-0.53486699 0.64175647 -0.54960525 0.48133478 0.76603138 0.42604315
-0.41131330 -0.78925884 -0.45595160 -0.01801095 0.50716442 -0.86166114
-0.71913952 -0.37930134 -0.58221036 0.06410539 0.79808617 -0.59912348
-0.68043441 -0.36884698 -0.63321483 -0.73120284 0.39891550 0.55336154
-0.71393478 -0.43905735 -0.54545933 -0.69075942 0.31404987 0.65132499
-0.69172668 -0.63234109 -0.34879655 -0.70053101 0.47023258 0.53678465
-0.69900072 -0.39561453 -0.59572417 -0.25345716 0.91601735 -0.31092083
-0.66520250 -0.39541367 -0.63336700 -0.14397644 0.90027183 -0.41083026
-0.38846678 -0.42648032 -0.81682813 0.16890614 0.83847117 -0.51810890
-0.34625766 -0.46964759 -0.81211865 0.20398250 0.80726826 -0.55381328
0.05270132 -0.53924215 -0.84050018 0.45607221 0.76176113 -0.46012849
0.59917957 -0.37488329 -0.70742232 -0.38465041 0.64014441 -0.66502571
-0.83407688 0.53044814 -0.15146171 0.39039308 0.76156521 0.51731205
-0.35380742 0.64884412 -0.67366290 0.39255992 0.75675517 0.52270293
-0.40930623 -0.79102951 -0.45468751 -0.03483859 0.51153028 -0.85855871
-0.78895843 -0.32331988 -0.52250248 -0.04521574 0.87860698 -0.47540018
-0.67520511 -0.38424459 -0.62964618 -0.73761636 0.35693780 0.57316452
-0.67710167 -0.27327427 -0.68326753 -0.73555601 0.22337802 0.63957781
0.78831404 0.37072539 0.49104345 0.52003872 0.02505060 -0.85377532
-0.74551952 -0.45839739 -0.48381048 -0.60957915 0.17547853 0.77305931
-0.68931520 -0.63837272 -0.34252724 -0.56853241 0.18362895 0.80190492
-0.61069810 -0.34463134 -0.71293563 -0.09731202 0.92616445 -0.36434847
-0.69415611 -0.33142138 -0.63898921 -0.01166307 0.89276326 -0.45037520
-0.62272578 -0.32250074 -0.71288562 0.12189608 0.85999459 -0.49553075
-0.32872590 -0.46056840 -0.82450962 0.24087752 0.80326712 -0.54473853
0.12031616 -0.56409478 -0.81689721 0.36911884 0.78929877 -0.49067181
-0.71266299 0.59948939 -0.36431316 0.40923509 0.77708787 0.47818527
-0.53268892 0.65269643 -0.53872991 0.34305403 0.74844837 0.56757295
-0.08374591 0.58117902 -0.80945516 0.37335205 0.77143919 0.51525712
-0.76836127 -0.32676393 -0.55031478 0.05231917 0.82489854 -0.56285441
-0.57503211 -0.18905285 -0.79598820 -0.65473807 0.68973094 0.30917519
-0.67820090 -0.27048150 -0.68328869 -0.71532732 0.02994386 0.69814771
-0.67104012 -0.16466607 -0.72290409 -0.73977882 0.21356493 0.63805747
0.79556990 0.36477238 0.48374557 0.51662987 0.00863822 -0.85616529
-0.73594946 -0.55713892 -0.38467479 -0.54906285 0.15872030 0.82057172
-0.69097847 -0.64297169 -0.33035782 -0.55478692 0.17871107 0.81257242
-0.59875536 -0.34654498 -0.72207940 -0.12069884 0.93029416 -0.34638804
-0.85251790 -0.24799064 -0.46012378 -0.05918749 0.92042446 -0.38641387
-0.62220818 -0.31986442 -0.71452349 0.12683924 0.85946864 -0.49520242
-0.08871835 -0.52620542 -0.84571683 0.34671518 0.77965158 -0.52147108
-0.07395141 -0.49541044 -0.86550552 0.37844342 0.78902239 -0.48396730
-0.29150948 -0.67859560 -0.67418861 -0.90768981 0.41864491 -0.02890944
-0.50692636 0.66677910 -0.54628861 0.27754590 0.72626084 0.62889874
-0.34830654 -0.76390707 -0.54325736 -0.02397235 0.58661777 -0.80950910
-0.78983808 -0.27770969 -0.54683930 0.11005393 0.81296462 -0.57181877
-0.56716925 -0.14462799 -0.81080323 -0.72208363 0.56081319 0.40507278
-0.68489259 -0.19782054 -0.70127684 -0.72068167 0.04201641 0.69199181
-0.61899573 -0.15831169 -0.76927352 -0.77968949 0.24170642 0.57763523
0.86591017 0.34068489 0.36624232 0.42568025 -0.11740857 -0.89722437
0.82134783 0.46914890 0.32447970 0.37387455 -0.01313657 -0.92738628
0.74419487 0.65002823 0.15374474 0.27548659 -0.08900375 -0.95717579
-0.33838931 -0.34046572 -0.87725472 -0.21510588 0.93555510 -0.28011811
-0.63859671 -0.33754262 -0.69156289 -0.12653662 0.93249470 -0.33829293
-0.91459060 -0.19743069 -0.35290965 -0.05596632 0.92611653 -0.37306306
-0.37775591 -0.40842116 -0.83095890 0.16093531 0.85483241 -0.49331671
-0.24381110 -0.42718276 -0.87067276 0.35301021 0.79708880 -0.48993194
-0.70824212 0.63771081 -0.30284986 0.35442406 0.69219106 0.62869316
-0.64450097 0.63163781 -0.43087387 0.23818371 0.70134193 0.67185426
-0.39167845 0.70209396 -0.59468651 0.25829482 0.70423812 0.66131115
-0.34519121 0.70220333 -0.62269861 0.26031449 0.70908415 0.65531373
-0.76207691 -0.29605079 -0.57584089 0.18150952 0.75600922 -0.62889135
-0.52860409 -0.43763641 -0.72735977 0.29037738 0.71194202 -0.63938993
0.69562376 -0.64738715 -0.31144413 -0.46423098 -0.07422125 -0.88259894
0.97355384 0.16642997 -0.15650554 -0.14647242 -0.07101676 -0.98666227
-0.60622168 -0.06530355 -0.79261017 -0.79524940 0.06053713 0.60325265
0.93832260 0.34354952 -0.03904426 -0.01834470 -0.06329840 -0.99782604
0.85693818 0.48134851 0.18428411 0.23421365 -0.04516850 -0.97113532
0.64104694 0.75845981 0.11746313 0.20130274 -0.01846689 -0.97935498
0.76726669 0.62146139 0.15839058 0.23876014 -0.04757775 -0.96991235
-0.20655730 -0.33292484 -0.92005175 -0.25564355 0.92603028 -0.27769467
-0.60574025 -0.33654121 -0.72098464 -0.17202474 0.94010544 -0.29429457
-0.92415953 -0.18410203 -0.33471721 -0.03783901 0.91601521 -0.39935493
0.00084484 -0.91912526 0.39396450 -0.99996525 -0.00404554 -0.00729391
-0.50124651 -0.35471231 -0.78925991 0.04347265 0.90064317 -0.43237945
-0.34604442 -0.37142834 -0.86156499 0.36024836 0.79530537 -0.48755565
-0.56782913 0.66386628 -0.48667413 0.18964820 0.68084037 0.70745313
-0.08681253 0.69068736 -0.71792388 0.14758322 0.72160929 0.67638695
-0.45012265 -0.48779273 -0.74796242 0.42338377 0.62089998 -0.65971923
-0.71751010 -0.34442553 -0.60543400 0.22451571 0.70844364 -0.66910410
-0.10944270 -0.62789381 -0.77056575 0.26822022 0.72781044 -0.63114971
-0.46266672 -0.47678941 -0.74740309 0.40511096 0.63618863 -0.65661949
0.83779597 -0.41978535 -0.34911066 -0.38927513 -0.01091601 -0.92105687
0.96042997 0.07129886 -0.26924112 -0.26596323 -0.05222602 -0.96256745
0.94459069 0.29444298 -0.14509273 -0.14579780 -0.01968015 -0.98911870
0.96196795 0.26628342 -0.06091655 -0.06495418 0.00637354 -0.99786794
0.91281641 0.40656507 -0.03835478 -0.04084844 -0.00254701 -0.99916214
0.92604309 0.37728050 -0.01018402 -0.01882435 0.01922131 -0.99963808
0.82986909 0.53168082 0.16921234 0.21343575 -0.02229452 -0.97670269
0.77312052 0.61638135 0.14952834 0.24001427 -0.06609427 -0.96851683
0.23866215 -0.95022053 0.20030321 -0.04864075 -0.21770187 -0.97480255
0.34838319 -0.91365534 0.20943508 -0.10881078 -0.26134118 -0.95909387
-0.66734576 -0.25421402 -0.70001781 -0.15060155 0.96658432 -0.20744611
-0.90014309 -0.19406436 -0.38997632 -0.02806601 0.91925251 -0.39266670
0.00185248 -0.92985070 0.36793244 -0.99604917 -0.03438243 -0.08187745
0.00117864 -0.92527366 0.37929848 -0.99502254 0.03670939 0.09264209
0.75975990 -0.58847040 0.27652764 -0.06546534 -0.49236569 -0.86792302
-0.54377574 -0.41294166 -0.73060739 0.37998217 0.65507442 -0.65306288
-0.39776123 -0.61692882 -0.67910600 0.25531375 0.63651615 -0.72777891
-0.64347029 -0.40417773 -0.65006649 0.33494377 0.61495543 -0.71389258
-0.49581462 -0.44143286 -0.74786687 0.37573293 0.66735482 -0.64301038
-0.30003271 -0.51809305 -0.80097443 0.17873834 0.79425496 -0.58069932
0.86420935 -0.37399864 -0.33655196 -0.34527677 0.04569102 -0.93738806
0.96149808 0.12904629 -0.24262832 -0.24634166 0.01339213 -0.96909052
0.96085519 0.24152717 -0.13572796 -0.15387560 0.05784308 -0.98639572
0.92431790 0.37799996 -0.05246428 -0.07024828 0.03340326 -0.99697012
0.99351984 0.11286374 0.01342460 0.00740297 0.05360389 -0.99853486
0.83431250 0.52534163 0.16714914 0.23915733 -0.07171840 -0.96832860
0.33259034 -0.92771119 0.16951613 0.18654588 -0.11148028 -0.97610080
0.51632971 -0.83952415 0.16912372 -0.06965799 -0.23800081 -0.96876383
0.37395167 -0.90880793 0.18500936 0.13977490 -0.14197850 -0.97995162
-0.77703452 -0.22443484 -0.58808702 -0.07520279 0.96068382 -0.26726615
-0.89132977 -0.20099564 -0.40636441 0.00699124 0.89014757 -0.45561880
-0.81040567 -0.22511524 -0.54089355 -0.04383542 0.94394350 -0.32718378
-0.00670063 -0.93005407 0.36736169 -0.99553388 -0.02839053 -0.09003504
-0.00027262 -0.93528688 0.35389036 -0.98825967 0.05432056 0.14280096
-0.00354365 -0.94345170 0.33149117 -0.99454808 0.03787322 0.09715860
0.67576891 -0.66059351 0.32703617 -0.03224349 -0.46973813 -0.88221681
-0.53859311 -0.41788027 -0.73163766 0.39279222 0.64368486 -0.65679830
-0.64647412 -0.29433155 -0.70387518 0.42573279 0.62641811 -0.65295643
-0.42161596 -0.60390073 -0.67641991 0.26213303 0.63294119 -0.72847223
-0.65572011 -0.33196360 -0.67810869 0.48887479 0.49775666 -0.71640760
-0.53433019 -0.41268650 -0.73768640 0.29185051 0.72897398 -0.61920935
-0.21273875 -0.55036759 -0.80736476 0.29733509 0.75062996 -0.59003949
0.65833169 -0.65350276 -0.37354192 -0.20686200 0.32007229 -0.92453337
-0.22478889 0.09828397 -0.96943808 -0.97237098 -0.08691593 0.21665721
0.95103067 0.27784234 -0.13544117 -0.17752053 0.13225733 -0.97518951
0.92144495 0.38238290 -0.06872051 -0.09686141 0.05481122 -0.99378753
0.97367603 0.09980828 -0.20492275 -0.20378089 -0.02161427 -0.97877789
0.34194753 -0.92374688 0.17252143 0.18872966 -0.11233944 -0.97558242
-0.54344618 -0.22384828 -0.80904776 -0.30760801 0.94985306 -0.05618285
-0.76392132 -0.21407706 -0.60876542 -0.27316302 0.96195722 0.00450438
-0.02132027 -0.93552810 0.35260835 -0.99540484 -0.01306877 -0.09486020
-0.63209414 -0.32633549 -0.70282441 0.38330454 0.65658468 -0.64959538
-0.69315857 -0.22151536 -0.68590248 0.55504185 0.44306573 -0.70400375
-0.64683694 -0.29500136 -0.70326108 0.44179076 0.60671413 -0.66084719
-0.71353847 -0.39923683 -0.57573676 0.24299377 0.62972939 -0.73783123
-0.65584546 -0.33529070 -0.67634827 0.46285644 0.52917141 -0.71115518
-0.54336548 -0.40647203 -0.73453009 0.29657868 0.72560012 -0.62092322
-0.23938708 -0.53308469 -0.81148916 0.37267926 0.72131866 -0.58378911
0.96198350 0.22898106 -0.14884686 -0.18371908 0.13930468 -0.97305787
0.93247038 0.21215162 -0.29238808 -0.31253189 0.06785063 -0.94748098
0.95392424 0.27101660 -0.12875789 -0.16942316 0.13235313 -0.97661585
0.91446823 0.39867282 -0.06933881 -0.11211002 0.08496112 -0.99005705
0.92221385 0.38016424 -0.07068811 -0.11154516 0.08651055 -0.98998666
0.82441032 -0.32448372 -0.46374348 -0.50955731 -0.06885421 -0.85767740
0.96281689 0.15927806 -0.21820657 -0.21729806 -0.02331501 -0.97582680
-0.75034571 -0.20230283 -0.62932897 -0.02886449 0.96113926 -0.27455091
-0.76440239 -0.20614719 -0.61089468 -0.17056729 0.97840655 -0.11673656
-0.55697924 -0.39611208 -0.72997910 0.37441352 0.66479599 -0.64642161
-0.79293537 -0.02117056 0.60893786 -0.60907388 -0.00002629 -0.79311347
-0.67892450 -0.25606060 -0.68810946 0.44444612 0.60265750 -0.66277570
-0.62392414 -0.32778350 -0.70941997 0.40661532 0.63906324 -0.65288764
-0.67409164 -0.43582815 -0.59636766 0.28242332 0.59395480 -0.75329602
-0.71573901 -0.40189505 -0.57113749 0.14579189 0.71381152 -0.68499482
-0.65531659 -0.43019325 -0.62088168 0.38462347 0.51739073 -0.76444209
-0.70857662 -0.23485860 -0.66540271 0.56938946 0.36668381 -0.73575723
-0.74148428 -0.22052079 -0.63369679 0.32268286 0.71086079 -0.62494218
-0.56076980 -0.38796163 -0.73145270 0.15426290 0.81900269 -0.55266404
0.07891653 -0.55195576 -0.83013076 0.24765469 0.81747687 -0.51999879
-0.33801585 -0.48495328 -0.80657649 0.26625240 0.77273518 -0.57618582
-0.05920653 0.26538929 -0.96232176 -0.97122103 -0.23810667 -0.00591105
0.92655998 0.24295345 -0.28715903 -0.30676591 0.04629208 -0.95065862
0.94267815 0.31616014 -0.10677379 -0.17226887 0.18702455 -0.96713251
0.94181079 0.32330024 -0.09202954 -0.14278163 0.13690762 -0.98023963
0.77748352 -0.47263706 -0.41488978 -0.45982468 0.02284640 -0.88771582
0.75989008 -0.51352185 -0.39857545 -0.48762941 -0.04484232 -0.87189835
0.95085049 0.20727521 -0.23004420 -0.25123742 0.08214640 -0.96443337
-0.76085585 -0.19833174 -0.61786973 -0.06977008 0.97163230 -0.22597086
-0.56085265 -0.39090899 -0.72981822 0.31232995 0.71647954 -0.62378454
-0.79173893 -0.00375694 0.61084813 -0.61074245 -0.01472292 -0.79169250
-0.81432754 -0.00483277 0.58038557 -0.58036911 -0.00444280 -0.81434149
-0.68419939 -0.25209334 -0.68433923 0.43559143 0.61133581 -0.66070312
-0.72873545 -0.07977013 -0.68013340 0.64762276 0.24249767 -0.72234321
-0.63951600 -0.32409620 -0.69712335 0.32672465 0.70624840 -0.62806392
-0.62948120 -0.47655678 -0.61371577 0.18155929 0.67776227 -0.71251285
-0.67105746 -0.41598737 -0.61370713 0.37547156 0.52308214 -0.76511842
-0.72786850 -0.12839492 -0.67358911 0.66519070 0.10633790 -0.73906267
-0.55728275 -0.38824385 -0.73396367 0.14990656 0.82238013 -0.54883426
-0.58284622 -0.38090730 -0.71777427 0.21288280 0.78089470 -0.58726865
0.30945548 -0.47794363 -0.82207501 0.23294142 0.87627149 -0.42176610
0.03226717 -0.54008645 -0.84099078 0.18993257 0.82940984 -0.52536184
-0.33946985 -0.48759887 -0.80436778 0.26770204 0.76970202 -0.57956398
-0.06746802 0.26437464 -0.96205723 -0.96440971 -0.26436487 -0.00501482
-0.05981258 0.30515638 -0.95042205 -0.97775578 -0.20966680 -0.00578592
0.46584827 0.22249007 -0.85643661 -0.88289464 0.05232332 -0.46664697
0.94281489 0.31465837 -0.10995571 -0.17241585 0.17807160 -0.96879476
0.79932314 -0.42137685 -0.42839715 -0.44828832 0.05658653 -0.89209616
0.61355907 -0.71492630 -0.33529943 -0.53677267 -0.06617763 -0.84112769
0.05793506 -0.36046049 -0.93097359 -0.95104033 0.26365682 -0.16126820
0.88848954 0.05458341 -0.45563921 -0.45696953 0.01433088 -0.88936692
0.94730026 0.22521436 -0.22781730 -0.25163463 0.08303111 -0.96425402
-0.83147103 -0.18882863 -0.52249384 -0.09778452 0.97552609 -0.19694445
-0.59945434 -0.36331522 -0.71320170 0.26487005 0.75080186 -0.60509551
-0.78946394 -0.11594805 0.60274601 -0.60520732 -0.01666494 -0.79589349
-0.79041171 -0.00371544 0.61256468 -0.61256689 -0.00064008 -0.79041851
-0.81946653 -0.01259784 0.57298857 -0.57299650 -0.00332855 -0.81955105
-0.68990958 -0.27423880 -0.66993874 0.31683570 0.71771777 -0.62007767
-0.70739591 -0.22160873 -0.67117858 0.43889132 0.60661626 -0.66286588
-0.59284019 -0.36929452 -0.71565509 0.28831819 0.73242468 -0.61678743
-0.65934449 -0.45055297 -0.60188609 0.39364964 0.47517025 -0.78692645
-0.83047819 0.00584232 0.55702055 -0.55680841 -0.03822459 -0.82976103
-0.63316190 -0.34323916 -0.69375283 0.18791616 0.80131644 -0.56796092
-0.58511257 -0.37732649 -0.71782172 0.22748706 0.77324885 -0.59189183
-0.58581191 -0.38124219 -0.71517748 0.17223626 0.80372572 -0.56952590
-0.49250561 -0.41837397 -0.76315230 0.14110142 0.82688874 -0.54437619
0.33811712 -0.47580999 -0.81196165 0.04648074 0.87016571 -0.49056208
0.17351300 -0.50868946 -0.84328425 0.08370039 0.86079150 -0.50202811
-0.24736205 -0.49110171 -0.83524317 0.17171161 0.82616866 -0.53661948
-0.48678958 -0.42530832 -0.76298672 0.13839021 0.82488191 -0.54810405
-0.07176608 0.26433349 -0.96175748 -0.96481448 -0.26293153 -0.00027103
0.44525477 0.38159955 -0.81001860 -0.88148439 0.02791600 -0.47138730
0.89321321 -0.23191711 -0.38520715 -0.39185569 0.01861732 -0.91983837
0.45649227 0.32462651 -0.82839155 -0.88891810 0.12670085 -0.44019496
0.94638944 0.30275735 -0.11262793 -0.16814990 0.16402143 -0.97201985
0.73851466 -0.54852116 -0.39207235 -0.45845047 0.01786579 -0.88854039
0.83389622 -0.30868733 -0.45752519 -0.46050534 0.06778943 -0.88506466
0.61712462 -0.70678782 -0.34584430 -0.44708660 0.04672414 -0.89326954
0.92186004 -0.35590541 0.15331498 0.01697738 -0.35815653 -0.93350726
0.06125814 -0.35191500 -0.93402535 -0.95203018 0.26048416 -0.16058221
0.88236761 -0.11653277 -0.45590293 -0.44448766 0.11161578 -0.88880408
-0.18181458 0.17601924 -0.96745062 -0.97234255 -0.17886472 0.15019107
-0.53949755 -0.40792120 -0.73657495 0.28588831 0.73408824 -0.61594021
-0.78800231 -0.07183764 0.61146694 -0.61273664 -0.00536650 -0.79026902
-0.68515468 -0.00083826 0.72839713 -0.72839749 0.00128638 -0.68515360
-0.85846686 0.11390932 0.50005943 -0.50199085 0.01312994 -0.86477327
-0.66520339 -0.30722383 -0.68052775 0.35255206 0.67419273 -0.64897710
-0.70838380 -0.23551217 -0.66537690 0.34958428 0.70187759 -0.62061155
-0.63835675 -0.34456268 -0.68831480 0.03114073 0.88192403 -0.47036189
-0.64874905 -0.45947880 -0.60663337 0.44637528 0.41585761 -0.79234564
-0.97567230 -0.08696993 0.20124571 -0.20363611 0.01945564 -0.97885334
-0.64634126 -0.33858696 -0.68381429 0.11266743 0.84399074 -0.52439076
-0.63609225 -0.34027088 -0.69253337 0.21022297 0.78713852 -0.57984424
-0.62122589 -0.36128178 -0.69538045 0.12614459 0.82970494 -0.54376215
-0.55798596 -0.39594224 -0.72930205 0.11916369 0.83149803 -0.54259658
-0.49915531 -0.41461703 -0.76087892 0.13212986 0.83140528 -0.53972870
0.37684754 -0.47119820 -0.79746991 0.10309145 0.87692970 -0.46943212
0.18155906 -0.48412153 -0.85595721 0.06462608 0.87441599 -0.48085365
0.47787374 -0.47945005 -0.73604649 0.08666715 0.85955805 -0.50363559
0.27235854 -0.87740564 0.39494324 0.09912339 -0.38269117 -0.91854346
-0.35243219 -0.46388951 -0.81277186 0.09800106 0.84542722 -0.52502251
-0.08722520 0.26251283 -0.96097803 -0.95850283 -0.28493562 0.00916393
0.44745019 0.45387954 -0.77057236 -0.88638043 0.11059753 -0.44955301
0.86039203 -0.35916501 -0.36156043 -0.36123294 0.07065068 -0.92979532
0.45865047 0.32746041 -0.82608086 -0.88584864 0.09516878 -0.45410919
0.64180803 -0.68916762 -0.33634877 -0.45626161 0.00935854 -0.88979650
0.75741059 -0.54302520 -0.36256421 -0.43274173 -0.00166765 -0.90151638
0.85172909 -0.26406208 -0.45258012 -0.42770162 0.14861394 -0.89161950
0.70290911 -0.59936500 -0.38298872 -0.46311656 0.02302191 -0.88599837
0.11518238 -0.75232804 -0.64864141 -0.83335406 0.28218850 -0.47527954
0.87576586 -0.40329084 0.26531255 0.10553984 -0.37634873 -0.92044717
-0.21918215 0.22428377 -0.94955570 -0.95443279 -0.25130281 0.16095053
-0.75810903 -0.10649037 0.64337432 -0.64698917 -0.00078658 -0.76249880
-0.66458666 -0.00676316 0.74718064 -0.74719596 -0.00037783 -0.66460377
-0.68016666 -0.04728478 0.73153090 -0.73246247 0.00363650 -0.68079770
-0.86616558 0.26511905 0.42363787 -0.43794397 0.00570203 -0.89898419
-0.85801798 0.05587700 0.51057124 -0.51120174 0.00343912 -0.85945392
-0.70505691 -0.26207677 -0.65894657 0.35801226 0.67055374 -0.64975762
-0.66926807 -0.31118399 -0.67471832 0.25697237 0.75509787 -0.60315204
-0.77311265 -0.17328656 -0.61013818 0.31205118 0.73356438 -0.60374445
-0.65389878 -0.45275432 -0.60615993 0.46545279 0.39089227 -0.79407609
-0.99271029 -0.11986143 0.01263252 -0.01481026 0.01729539 -0.99974072
-0.98042572 0.00988104 0.19664152 -0.19665956 -0.00087896 -0.98047143
-0.64394283 -0.33886293 -0.68593711 0.07333945 0.86509448 -0.49621868
-0.68999147 -0.30053949 -0.65847385 0.22249293 0.77761364 -0.58805954
-0.69653130 -0.32240447 -0.64101440 0.16466880 0.79769766 -0.58014029
-0.59260130 -0.38128197 -0.70954061 0.06338923 0.85606742 -0.51296234
-0.35058323 -0.47986096 -0.80425423 -0.03367776 0.86466241 -0.50122321
0.05717342 -0.86418337 0.49991843 0.10103047 -0.49315888 -0.86405283
0.28007394 -0.49558905 -0.82216185 0.02053425 0.85933465 -0.51100129
-0.19776662 0.34136122 -0.91889119 -0.97635531 0.01487431 0.21565992
0.46188599 0.43776327 -0.77137840 -0.87427658 0.37115338 -0.31286696
0.76255053 -0.54421622 -0.34977907 -0.12846226 0.40252903 -0.90634865
0.78844529 -0.48880348 -0.37339696 -0.43882868 -0.02161595 -0.89831072
0.88105673 -0.15049557 -0.44843078 -0.42343533 0.17157927 -0.88952971
0.91785187 -0.27150816 0.28953636 0.16164042 -0.41054842 -0.89739758
0.94045877 -0.24505958 0.23554847 0.13778521 -0.35864282 -0.92325002
0.18434484 -0.40576077 -0.89519566 -0.92971367 0.22346228 -0.29274058
-0.52131170 -0.05291005 0.85172457 -0.85317892 0.01139549 -0.52149391
-0.70591497 0.00722588 0.70825982 -0.70826870 0.00168801 -0.70594102
-0.63099730 -0.06652318 0.77292764 -0.77471513 0.00172610 -0.63230813
-0.83552569 0.36282679 0.41261798 -0.43440500 0.02361470 -0.90040803
-0.95964056 0.19739738 0.20031065 -0.19441897 0.04899197 -0.97969443
-0.85230827 0.04694270 0.52092898 -0.52074385 0.01705917 -0.85354257
-0.73131132 -0.24247074 -0.63748860 0.29020888 0.73521799 -0.61256295
-0.68807089 -0.29635832 -0.66236722 0.24235901 0.76652694 -0.59472567
-0.73888475 -0.22754335 -0.63425022 0.18294336 0.83816314 -0.51382315
-0.72327900 -0.23355961 -0.64985955 0.27402285 0.76673275 -0.58054501
-0.74747992 -0.30317926 -0.59106362 0.53963351 0.24175224 -0.80644375
-0.98933887 -0.11637417 -0.08755441 0.08531190 0.02412269 -0.99606228
-0.97859687 0.03877196 0.20210136 -0.20226003 -0.00017321 -0.97933185
-0.98873806 0.00758098 -0.14946404 0.14944710 -0.00276082 -0.98876590
-0.75602680 -0.26636663 -0.59788996 0.13171989 0.83284730 -0.53760141
-0.75657398 -0.26453233 -0.59801209 0.12331903 0.84039026 -0.52776575
-0.70868599 -0.34217006 -0.61699587 0.06088023 0.84160089 -0.53665781
-0.59657967 -0.37298468 -0.71061611 0.17557408 0.80333936 -0.56905156
-0.36145717 -0.47571772 -0.80189866 -0.00237593 0.86051470 -0.50942016
0.37330338 -0.69700545 -0.61223203 -0.06442037 0.63887060 -0.76661235
0.84155160 -0.29572174 -0.45203933 -0.36409429 0.30764371 -0.87908518
0.82751226 -0.49537632 -0.26424578 -0.34081000 -0.06918395 -0.93758315
0.90663278 -0.29144108 0.30508882 0.20554115 -0.32640606 -0.92261147
0.90794796 -0.29139352 0.30119821 0.20231479 -0.32464465 -0.92394513
-0.43375540 -0.49391672 0.75359309 -0.87759602 0.04207842 -0.47755060
-0.47745350 -0.06529002 0.87622792 -0.87832463 0.00803699 -0.47799712
-0.71174270 0.28175780 0.64345551 -0.67140502 -0.00360022 -0.74108195
-0.69319993 0.16606992 0.70135206 -0.70734841 0.02999321 -0.70622855
-0.49816495 -0.29549444 0.81517774 -0.85318571 -0.00059274 -0.52160698
-0.53928530 -0.39585233 0.74328488 -0.80363119 -0.02188624 -0.59472513
-0.81271237 0.41375208 0.41025347 -0.44677711 0.00944920 -0.89459544
-0.95224082 0.24489830 0.18237919 -0.18311121 0.01997793 -0.98288924
-0.80202579 0.36279094 0.47448641 -0.51902539 -0.03019200 -0.85422546
-0.73405671 -0.25062293 -0.63114882 0.27167311 0.74341351 -0.61117113
-0.72560108 -0.24133793 -0.64440602 0.27487364 0.75686246 -0.59296191
-0.77643770 -0.22884257 -0.58717597 0.18982664 0.80353540 -0.56417787
-0.71963114 -0.23810467 -0.65225554 0.27379808 0.76594657 -0.58168769
-0.76321924 -0.17992383 -0.62058342 0.33411494 0.71217906 -0.61738825
-0.92910898 -0.05346817 -0.36592042 0.36612061 0.00635444 -0.93054575
-0.97967052 0.09004868 0.17926748 -0.18038376 -0.00434782 -0.98358673
-0.91015607 0.00981873 -0.41414925 0.41414085 -0.00296889 -0.91020799
-0.75162411 -0.26771882 -0.60281658 0.14149809 0.82720107 -0.54379845
-0.77348024 -0.23675346 -0.58794224 0.18893546 0.79932058 -0.57042974
-0.65584785 -0.37550491 -0.65487373 -0.00626083 0.87018120 -0.49269214
-0.73289806 -0.33510140 -0.59208751 0.03049277 0.85322946 -0.52064353
-0.60343677 -0.38472578 -0.69846272 0.06342389 0.84998184 -0.52298027
-0.56415480 -0.40745604 -0.71812880 -0.00371127 0.87099648 -0.49127537
-0.24381216 -0.51472110 -0.82195973 -0.03943959 0.85209751 -0.52189505
-0.35157496 -0.47495064 -0.80673230 0.00994372 0.85980326 -0.51052874
0.39333770 -0.69621074 -0.60047996 0.01226713 0.65704173 -0.75375438
0.78717297 -0.57125902 -0.23242620 -0.31475487 -0.04802804 -0.94795716
0.87073886 -0.42564031 -0.24626048 -0.28639486 -0.03185918 -0.95758188
0.45073825 -0.43834540 -0.77761710 -0.84395152 0.07455198 -0.53121358
-0.37570843 -0.67366487 0.63641089 -0.87538391 0.03255071 -0.48233131
-0.34675109 -0.71932369 0.60194451 -0.89736587 0.06766551 -0.43606871
-0.45347047 0.28417021 0.84475553 -0.88212299 -0.00764706 -0.47095713
-0.69497764 0.34666976 0.62994140 -0.67137253 0.00078754 -0.74111962
-0.68781865 0.31481940 0.65405983 -0.69503212 -0.02573648 -0.71851790
-0.61727357 -0.08577121 0.78205931 -0.78066313 -0.05662367 -0.62238169
-0.39839029 -0.61879158 0.67703927 -0.85412902 -0.01874045 -0.51972342
-0.34617397 -0.72295237 0.59791601 -0.83952737 -0.04575890 -0.54138708
-0.48730645 -0.51659304 0.70403409 -0.80120993 -0.05611912 -0.59574610
-0.59157819 0.74633622 0.30498773 -0.45839995 -0.00016452 -0.88874602
-0.64388311 0.66821188 0.37270302 -0.49273306 0.01052477 -0.87011689
-0.77281475 -0.20719476 -0.59985650 0.19782956 0.81945676 -0.53791654
-0.70732790 -0.25602418 -0.65889221 0.25458634 0.77729028 -0.57533097
-0.81972784 -0.24843019 -0.51607049 0.00326954 0.89899027 -0.43795660
-0.73253471 -0.22534291 -0.64235002 0.28127211 0.75910586 -0.58706415
-0.71829331 -0.23991741 -0.65306538 0.27096215 0.76808256 -0.58019716
-0.76169527 -0.18124267 -0.62207031 0.31807658 0.73183864 -0.60269362
-0.77541578 -0.12710792 -0.61852574 0.43340296 0.60524309 -0.66771460
-0.88265663 -0.04387632 -0.46796605 0.46808720 0.00810651 -0.88364518
-0.98427284 0.17659782 0.00449835 -0.03109260 -0.14811659 -0.98848104
-0.88118732 0.08285885 -0.46544963 0.46724430 0.00258712 -0.88412452
-0.88683653 0.24399847 -0.39241031 0.39593339 -0.03658997 -0.91754997
-0.84035337 -0.23503050 -0.48843321 0.07316494 0.84367216 -0.53184980
-0.62459677 -0.42781332 -0.65334117 -0.15173897 0.88713926 -0.43584320
-0.86889726 -0.24477062 -0.43023834 -0.00200209 0.87091208 -0.49143469
-0.56068909 -0.41178730 -0.71837246 -0.00182232 0.86818355 -0.49623999
-0.42387256 -0.44843721 -0.78691560 -0.01987218 0.87322247 -0.48691648
-0.26820388 -0.51245075 -0.81575793 -0.03639979 0.85156810 -0.52297890
0.04192372 -0.76643133 -0.64095670 -0.14873827 0.62958455 -0.76256162
-0.30035225 -0.45800114 -0.83667409 -0.22965412 0.88609403 -0.40261194
0.41816598 -0.70258665 -0.57576841 -0.12410713 0.58371413 -0.80241841
-0.07076842 -0.53611553 -0.84117299 -0.25738773 0.82454443 -0.50386322
0.80212951 -0.54268622 -0.24915861 -0.32818088 -0.05204128 -0.94318026
0.72897768 -0.65091932 -0.21188588 -0.30350462 -0.02989040 -0.95236105
0.86170548 -0.15848109 0.48202425 0.37051129 -0.45252311 -0.81113768
0.87143892 -0.12571581 0.47412002 0.42240921 -0.29898980 -0.85567260
-0.34788510 -0.72796863 0.59079415 -0.87689453 0.02969392 -0.47976494
-0.39759964 -0.57844871 0.71225816 -0.89700681 0.08166602 -0.43440706
-0.36864096 -0.10285313 0.92386425 -0.92948604 0.05429149 -0.36483988
-0.48465696 -0.00049205 0.87470418 -0.87446767 0.02353271 -0.48451266
-0.60417074 0.20125189 0.77102238 -0.79130858 -0.03756411 -0.61026204
-0.53608835 -0.00045624 0.84416181 -0.84416133 -0.00089217 -0.53608853
-0.35425967 -0.70317030 0.61648327 -0.83470768 -0.05945319 -0.54747462
-0.35579956 -0.71443641 0.60248435 -0.81178242 -0.08315589 -0.57800907
-0.44488096 0.87055564 0.21027082 -0.48006040 -0.03359693 -0.87659186
-0.47317165 0.84267849 0.25690782 -0.52085471 -0.03240089 -0.85303026
-0.64877945 -0.30051729 -0.69912422 0.24202600 0.78952885 -0.56397498
-0.20913024 -0.80363655 0.55716509 -0.88789767 -0.08269592 -0.45254755
-0.78490323 -0.18346515 -0.59183401 0.25562698 0.77420539 -0.57901722
-0.72388750 -0.23478241 -0.64874047 0.26900238 0.76984406 -0.57877272
-0.78465140 -0.15298003 -0.60076565 0.30852127 0.74418473 -0.59245569
-0.87866265 -0.02185350 -0.47694287 0.47704789 0.00045907 -0.87887722
-0.87982750 0.07708456 -0.46900067 0.47056544 0.00244079 -0.88236177
-0.90857726 0.07770752 -0.41042525 0.41160530 -0.00090914 -0.91136175
-0.90495557 0.39102763 -0.16778837 0.22068815 0.09417796 -0.97078693
-0.56154227 -0.42588830 -0.70942891 -0.02345619 0.86521846 -0.50084621
-0.62437034 -0.43125021 -0.65129489 -0.18639761 0.89195621 -0.41191041
-0.84122133 -0.25806078 -0.47513309 0.03396840 0.85179198 -0.52277786
-0.47447532 -0.43893877 -0.76302421 -0.14798799 0.89424628 -0.42240167
0.20579579 -0.79882258 -0.56527036 -0.27540466 0.50701070 -0.81675726
-0.40121847 -0.44317254 -0.80163699 -0.24060208 0.89542460 -0.37460044
0.21952567 -0.82179254 -0.52579987 -0.32360157 0.44710043 -0.83389646
0.64342040 -0.55621928 -0.52595657 -0.24633732 0.50007814 -0.83020473
0.39876986 -0.70351219 -0.58826292 -0.52925622 0.34730843 -0.77412188
0.61649895 -0.76406723 -0.19007997 -0.38978958 -0.08642168 -0.91683996
0.77701503 -0.58130777 -0.24151382 -0.34535697 -0.07290217 -0.93563557
0.52932185 -0.28301364 -0.79982603 -0.83607274 -0.01374444 -0.54844648
-0.33504045 -0.35198233 0.87398881 -0.93922997 0.05112727 -0.33945993
-0.44659323 -0.03795856 0.89393163 -0.89473152 0.01539525 -0.44633907
-0.51404136 0.61593753 0.59697777 -0.78508347 -0.05747099 -0.61671793
-0.57818049 0.15808600 0.80044752 -0.81420809 -0.04847847 -0.57854569
-0.52208388 0.01351336 0.85278714 -0.85285825 0.00091081 -0.52214175
-0.28309265 -0.73842186 0.61203909 -0.85836625 -0.08961581 -0.50514990
-0.41986582 0.88587415 0.19733138 -0.47862378 -0.03139003 -0.87745881
-0.44793159 0.88089484 0.15291055 -0.34909183 -0.01486735 -0.93697059
-0.47932097 0.83731616 0.26296973 -0.52390057 -0.03259020 -0.85115582
0.53881061 0.03243755 0.84180224 -0.39493343 0.89237320 0.21839799
-0.65214884 -0.29401582 -0.69875371 0.20012246 0.82226372 -0.53276020
-0.74369264 -0.22373322 -0.62997198 0.22800955 0.80094516 -0.55362308
-0.49397093 -0.42304841 -0.75962019 0.37350455 0.68568921 -0.62475979
-0.72435617 -0.23145296 -0.64941347 0.24096695 0.79755682 -0.55302626
-0.21479274 -0.81163722 0.54323947 -0.80482423 -0.16800831 -0.56923735
-0.79962778 -0.03109815 -0.59969020 0.59990513 0.00292234 -0.80006582
-0.89730626 0.06675784 -0.43633115 0.43755591 0.00420556 -0.89918143
-0.86460561 0.03034137 -0.50153434 0.50192457 0.00646509 -0.86488730
-0.69586253 0.71299142 -0.08613126 0.12356642 0.00072101 -0.99233603
-0.47184172 -0.44596052 -0.76058173 -0.15224768 0.89090037 -0.42792195
-0.59450060 -0.45078534 -0.66585416 -0.08308759 0.85808450 -0.50674212
-0.91328913 -0.22042751 -0.34251243 -0.08600871 0.92631447 -0.36680251
-0.38898700 -0.44498742 -0.80664450 -0.30285376 0.88870567 -0.34421185
0.27152982 -0.82650757 -0.49310938 -0.33870587 0.39751837 -0.85279393
0.54629487 -0.66464180 -0.50971884 -0.35638773 0.36627001 -0.85955459
0.64699042 -0.39090419 -0.65467352 -0.37603498 0.58334416 -0.71993560
0.74308544 -0.60046017 -0.29541776 -0.30165079 0.09350595 -0.94882214
0.86578035 -0.04476858 0.49841776 0.48847967 -0.14070703 -0.86115575
-0.36431673 -0.01853125 0.93109077 -0.93099409 0.03180978 -0.36364576
-0.44964176 0.01967970 0.89299220 -0.89317214 -0.00081919 -0.44971427
-0.36571234 0.83677536 0.40750650 -0.78596526 -0.04314435 -0.61676353
0.75756782 0.05595931 0.65035343 -0.34101933 0.88347232 0.32122040
-0.55533731 0.35955146 0.74988222 -0.81187505 -0.03904897 -0.58252400
-0.58058518 0.10674055 0.80717242 -0.81246501 -0.01127539 -0.58290094
-0.51540524 0.18729627 0.83622825 -0.85273439 -0.01546079 -0.52211583
-0.19553596 -0.83106649 0.52066702 -0.85065508 -0.12046105 -0.51173735
0.53572947 0.03722159 0.84356892 -0.17926607 0.98126775 0.07054997
0.37652194 0.05539497 0.92475009 -0.24616393 0.96830803 0.04222410
0.33533889 0.03617786 0.94140267 -0.23330370 0.97132581 0.04577777
-0.42847329 0.87223721 0.23582409 -0.53903687 -0.03729169 -0.84145629
-0.65989846 -0.28876561 -0.69364864 0.19893330 0.82310170 -0.53191090
-0.76420200 -0.20025995 -0.61309981 0.18651152 0.84134877 -0.50729251
-0.70780170 -0.24712756 -0.66177392 0.21412632 0.81768048 -0.53436738
-0.75148416 -0.21128584 -0.62500399 0.19675493 0.83245271 -0.51798648
-0.19610399 -0.83005923 0.52205831 -0.82790476 -0.14514227 -0.54176342
-0.79977763 -0.05945270 -0.59734517 0.59807295 0.00665203 -0.80141407
-0.67852777 -0.03931664 -0.73352194 0.73388416 0.00701131 -0.67923856
0.53436637 -0.01838830 0.84505296 -0.84522218 -0.00308641 0.53440624
-0.88361365 -0.36959833 -0.28744406 -0.29486787 0.91614115 -0.27154827
-0.47452000 -0.46990925 -0.74432260 -0.35600853 0.87579435 -0.32594827
0.26448154 -0.87190139 -0.41211358 -0.52962452 0.22580355 -0.81762493
0.22836345 -0.83741921 -0.49656746 -0.33260912 0.41225019 -0.84818685
0.65952605 -0.52984345 -0.53318971 -0.34375477 0.41821152 -0.84079242
0.73449123 -0.60748404 -0.30246621 -0.29940715 0.10989297 -0.94777578
0.52748108 -0.09705003 -0.84400535 -0.84784752 0.00303533 -0.53023142
-0.32634622 -0.02774504 0.94484311 -0.94522113 0.00172144 -0.32642627
-0.43158981 0.09458881 0.89709717 -0.90158457 -0.01261041 -0.43241909
0.80070794 0.04656136 0.59724277 -0.22893135 0.94508636 0.23324296
-0.35125843 0.84694821 0.39911935 -0.81633490 -0.06829059 -0.57352740
-0.45794371 0.81837881 0.34719396 -0.66090971 -0.05221773 -0.74864656
-0.47167191 0.03746597 0.88097787 -0.88163424 -0.00223656 -0.47192818
0.60103083 0.04310077 0.79806286 -0.05606825 0.99835849 -0.01169240
0.28529856 0.03530591 0.95778823 -0.26523712 0.96320140 0.04350131
-0.56771868 0.74800432 0.34378049 -0.56833988 -0.05401960 -0.82101876
-0.52961230 -0.32349429 -0.78413165 0.00260165 0.92379814 -0.38287103
-0.74993813 -0.21118756 -0.62689126 0.14620303 0.87131935 -0.46843058
-0.81998348 -0.16046478 -0.54943436 0.13086657 0.88191730 -0.45287502
-0.80777651 0.13223052 -0.57446700 0.57679772 -0.02383203 -0.81653935
-0.68074721 -0.05895241 -0.73014241 0.73101330 0.00919214 -0.68230128
-0.66178173 -0.04985032 -0.74803746 0.74883556 0.00385379 -0.66274464
0.52037573 -0.01718574 0.85376441 -0.85392791 -0.00575827 0.52035952
0.53226405 -0.05049631 0.84507108 -0.84598303 0.00570636 0.53317940
-0.68378419 -0.41805732 -0.59805292 -0.22412184 0.90031511 -0.37309802
-0.88694298 -0.41332382 -0.20614477 -0.39369074 0.90992522 -0.13055161
-0.54545653 -0.47886914 -0.68786740 -0.25737503 0.87675440 -0.40627557
-0.46983224 -0.47476718 -0.74421358 -0.49853638 0.83844811 -0.22015081
0.38713521 -0.79235071 -0.47149399 -0.58735734 0.18224952 -0.78854072
0.50115347 -0.70019233 -0.50850362 -0.41762298 0.31896770 -0.85079414
0.72129381 -0.61154163 -0.32519543 -0.31558385 0.12777251 -0.94025588
0.85896593 0.15542914 0.48787233 0.46145675 0.17791688 -0.86913943
-0.11177297 -0.00921794 0.99369109 -0.99318951 -0.03205512 -0.11201391
-0.38271946 0.03663764 0.92313790 -0.92380226 -0.00356193 -0.38285348
-0.51162028 0.73742193 0.44096902 -0.67976540 -0.03349427 -0.73266447
0.66310120 0.05067612 0.74681246 -0.43758708 0.83570749 0.33182907
-0.50181341 0.77397984 0.38618472 -0.66270810 -0.05709770 -0.74669796
0.24493200 0.03773192 0.96880579 -0.13206720 0.99122709 -0.00521613
-0.46651667 0.81303078 0.34834340 -0.65389848 -0.05180946 -0.75480634
-0.75409156 -0.20796910 -0.62297261 0.14176676 0.87463635 -0.46358770
-0.82001966 -0.04647736 -0.57044524 0.57063788 0.01031509 -0.82113707
-0.81869745 -0.19272228 -0.54091841 0.55008352 0.00704724 -0.83507997
0.52626473 0.07692444 0.84683418 -0.84931630 -0.00084124 0.52788371
0.51902956 -0.04741545 0.85344023 -0.85421550 0.00673957 0.51987553
0.52030820 0.07144593 0.85098469 -0.85333216 0.00473019 0.52134627
-0.85340929 -0.45037618 -0.26240027 -0.40071961 0.88882619 -0.22228760
-0.84536397 -0.45375890 -0.28189144 -0.44705549 0.88980055 -0.09163224
-0.61725777 -0.50009012 -0.60737377 -0.33620852 0.86561757 -0.37103924
0.38611662 -0.79861289 -0.46166152 -0.68371463 0.08819563 -0.72440040
-0.54013145 -0.50558847 -0.67278397 -0.55592901 0.81452835 -0.16579083
0.41385016 -0.77586877 -0.47618881 -0.65171778 0.11270908 -0.75004041
0.53549892 -0.65071934 -0.53833556 -0.53406858 0.23286919 -0.81273782
0.78782481 -0.48864308 -0.37491339 -0.28548968 0.24964973 -0.92529494
-0.12642972 0.01875032 0.99179834 -0.99197555 -0.00206256 -0.12641335
0.66767532 0.04598959 0.74303085 -0.41806808 0.84900677 0.32312015
0.20561808 0.04024282 0.97780454 0.08646325 0.99449986 -0.05911190
0.43449411 -0.03088851 0.90014488 -0.90062183 -0.00406692 0.43458477
0.50789046 0.07971628 0.85772532 -0.86074966 0.00764122 0.50897115
-0.80178690 -0.51668185 -0.30029583 -0.50957805 0.85360402 -0.10812229
-0.71280313 -0.45374119 -0.53481835 -0.15918848 0.84730440 -0.50668955
-0.87493533 -0.46144477 -0.14682280 -0.45708442 0.88710177 -0.06422118
-0.61294371 -0.52400595 -0.59136945 -0.37641257 0.85171419 -0.36454976
-0.48678970 -0.33333939 -0.80741602 -0.69657260 0.70587772 0.12854281
-0.55448729 -0.50928950 -0.65815508 -0.62611920 0.77628362 -0.07320157
0.89090782 -0.29516977 -0.34519282 -0.28063613 0.23982917 -0.92936826
-0.12684484 -0.03342091 0.99135941 -0.99168456 -0.01762101 -0.12748049
-0.12347452 -0.08876968 0.98836941 -0.99232012 0.00360786 -0.12364402
-0.39813605 0.91655809 0.03753630 -0.23383206 -0.06183479 -0.97030878
0.38819054 -0.03096542 0.92105877 -0.92150515 -0.00037346 0.38836607
0.46022481 0.08894625 0.88333553 -0.88739198 0.01583577 0.46074367
-0.69959646 -0.51921815 -0.49089441 -0.44580394 0.85406679 -0.26800895
-0.81327754 -0.52404732 -0.25289148 -0.54847813 0.83553523 0.03244440
-0.82417482 -0.51602697 -0.23334974 -0.53917056 0.84102076 0.04448838
-0.65596753 -0.54788119 -0.51916552 -0.48871520 0.83247858 -0.26103050
-0.54040396 -0.41602042 -0.73136222 -0.70087612 0.70350444 0.11770362
-0.64701134 -0.55917048 -0.51836747 -0.64863682 0.76101416 -0.01130733
0.78055596 -0.51640803 -0.35221478 -0.29717454 0.18914658 -0.93590111
0.80715108 -0.44123334 -0.39219943 -0.25671765 0.33590996 -0.90623432
0.05554333 -0.00671424 0.99843371 -0.99843031 -0.00759147 0.05549208
-0.09973475 -0.50940609 0.85472715 -0.99327725 0.00023853 -0.11575944
0.03864388 -0.29161957 0.95575351 -0.99923450 -0.01710758 0.03518207
-0.20663351 0.97837156 -0.00958045 -0.11767182 -0.03457078 -0.99245065
-0.75214005 0.64452124 0.13739665 -0.21136470 -0.03845859 -0.97665036
0.36048678 -0.03524135 0.93209839 -0.93273592 -0.00581763 0.36051339
0.40479568 0.50114375 0.76484996 -0.90010750 0.07103345 0.42983806
0.42759240 0.06674241 0.90150446 -0.90349048 0.06408933 0.42378959
-0.71026069 -0.63373709 -0.30644256 -0.67971635 0.73064053 0.06442238
-0.55527228 -0.44053295 -0.70541018 -0.74198830 0.64553899 0.18092211
-0.56928730 -0.53277683 -0.62614769 -0.38051945 0.84587222 -0.37377158
0.87667978 -0.37132442 -0.30586070 -0.28929368 0.10106508 -0.95189023
0.03312112 0.10100640 0.99433434 -0.99938893 0.01446888 0.03181972
0.07193481 -0.00045098 0.99740922 -0.99740905 -0.00082485 0.07193442
-0.09306394 -0.48369437 0.87027520 -0.99402118 -0.00499535 -0.10907326
-0.11582180 -0.51444775 0.84966397 -0.99174380 0.01249368 -0.12762481
0.04589133 -0.41446027 0.90890962 -0.99869561 -0.03942297 0.03244790
0.07541576 -0.38747862 0.91878879 -0.99555779 -0.08134436 0.04741193
-0.43345052 0.89957458 0.05372433 -0.20769367 -0.04170850 -0.97730434
0.32289055 -0.03338975 0.94584715 -0.94639707 -0.00229094 0.32299739
0.41957083 0.43622908 0.79603052 -0.89996123 0.08547735 0.42750847
0.31653214 0.12177755 0.94073254 -0.94857544 0.03700659 0.31438059
-0.62679470 -0.59767383 -0.49991459 -0.69025975 0.72356164 0.00039455
-0.61186928 -0.52634561 -0.59040356 -0.71241689 0.69102246 0.12227127
0.94580489 0.06632043 -0.31789118 -0.31970203 0.01847580 -0.94733799
0.94911534 -0.05552806 -0.30999494 -0.30922869 0.02211542 -0.95073056
0.04513347 0.14131850 0.98893481 -0.99890280 0.01877137 0.04290596
0.07518816 0.00635032 0.99714917 -0.99704111 0.01651746 0.07507482
-0.07539647 -0.63559031 0.76833606 -0.99556601 0.00451808 -0.09395695
-0.11458255 -0.63538432 0.76364756 -0.99018043 0.01107783 -0.13935581
0.07712110 -0.44746697 0.89096898 -0.99680901 -0.05306566 0.05963157
0.06676885 -0.00765874 0.99773908 -0.99776649 0.00147578 0.06678201
-0.77566946 0.62635934 0.07753051 -0.11541427 -0.01999894 -0.99311614
0.30843133 -0.09795737 0.94618946 -0.95124662 -0.03172175 0.30679572
-0.96857512 -0.07769896 0.23627357 -0.23261917 -0.05325871 -0.97110862
-0.66221267 -0.62134880 -0.41880795 -0.70945781 0.69977283 0.08359188
-0.61952758 -0.55481684 -0.55530530 -0.73215747 0.66352248 0.15389425
-0.32893234 0.17766616 -0.92749029 -0.91910505 -0.28581798 0.27120849
0.84976053 0.50276524 -0.15853794 -0.29968756 0.21330082 -0.92988718
0.93878436 -0.25704443 -0.22937320 -0.23884951 -0.00582721 -0.97103918
0.04868120 0.20129004 0.97832125 -0.99879712 0.01556989 0.04649657
0.08943735 0.00554879 0.99597698 -0.99597651 -0.00516446 0.08946609
-0.11809108 -0.68184781 0.72189897 -0.98805213 0.00818031 -0.15390299
0.07095809 -0.27638802 0.95842302 -0.99740237 -0.03159466 0.06473277
0.09679381 -0.03438954 0.99471021 -0.99493778 0.02378451 0.09763822
-0.43308848 0.90124655 0.01375130 -0.00694495 0.01191929 -0.99990487
0.26318449 -0.07668202 0.96169323 -0.96462351 -0.00506276 0.26358265
0.27932447 0.04265357 0.95924896 -0.96010911 -0.00109412 0.27962360
-0.38883412 0.45246649 -0.80254728 -0.90608215 -0.34551772 0.24419801
0.92786115 0.30935213 -0.20826659 -0.24511969 0.08502293 -0.96575743
-0.23546734 0.19217975 -0.95269203 -0.94184077 -0.28696069 0.17489885
-0.14093062 -0.63531834 0.75928205 -0.98458737 0.00971125 -0.17462388
0.10183930 -0.05999504 0.99299014 -0.99427301 -0.03865213 0.09963555
0.23713815 -0.09103837 0.96720088 -0.97137827 -0.00810133 0.23739980
0.27185372 0.20546649 0.94014847 -0.96157360 0.01905010 0.27388567
0.24951161 0.03993938 0.96754783 -0.96831310 -0.00071656 0.24973851
-0.49933520 0.60873181 -0.61653060 -0.85951388 -0.25844109 0.44095823
0.93134516 0.29824817 -0.20891219 -0.23794250 0.06416748 -0.96915728
-0.29275402 0.29674566 -0.90897590 -0.95518464 -0.13429244 0.26379517
-0.17048015 -0.50296193 0.84732872 -0.98076123 0.00362004 -0.19517757
0.10436498 0.00413121 0.99453050 -0.99453056 0.00456785 0.10434602
0.19560324 -0.10068803 0.97550058 -0.98055565 -0.00403813 0.19620006
-0.99023294 0.01035846 0.13903788 -0.13906586 -0.00202959 -0.99028105
0.26824391 0.18235508 0.94593441 -0.96264929 0.01326725 0.27042621
0.25218514 0.31655011 0.91443902 -0.96461219 0.00705884 0.26357836
-0.50616556 0.30832237 -0.80544013 -0.84713209 -0.35290155 0.39727545
0.96124864 0.16524647 -0.22066876 -0.23129363 0.04783932 -0.97170711
0.93503851 0.28722867 -0.20785271 -0.20823751 -0.02956947 -0.97763121
-0.50930393 0.41116193 -0.75601280 -0.85189819 -0.11635678 0.51061785
0.09739016 0.12514143 0.98734736 -0.99524099 0.01547712 0.09620713
0.10525349 -0.00135972 0.99444449 -0.99444503 -0.00107171 0.10525208
-0.98642904 0.09677135 0.13263910 -0.13437384 -0.01160559 -0.99086273
0.25946853 0.15113959 0.95385164 -0.96453518 -0.00900130 0.26380095
-0.53186291 0.49344197 -0.68821287 -0.84561610 -0.35297510 0.40042722
0.97409439 0.08247854 -0.21056470 -0.20936583 -0.02302301 -0.97756636
0.93208152 0.28841627 -0.21918060 -0.21727964 -0.03900949 -0.97532958
-0.70024925 0.43541932 -0.56573939 -0.64408726 -0.04354383 0.76371175
0.09717137 0.13578789 0.98596114 -0.99525368 0.01851009 0.09553796
0.09482911 0.10957979 0.98944420 -0.99547589 0.01637256 0.09359395
0.09866400 0.13623150 0.98575169 -0.99510700 0.01872848 0.09701209
0.10460997 -0.00134907 0.99451244 -0.99451333 -0.00042852 0.10460947
0.15118356 -0.09537846 0.98389351 -0.98799759 0.01733193 0.15349436
-0.46866369 0.71088588 -0.52440029 -0.86986542 -0.26795396 0.41416770
0.96021497 0.17337719 -0.21892388 -0.22463304 0.01377563 -0.97434610
0.93689895 0.21070725 -0.27896759 -0.24916622 -0.15727593 -0.95560473
0.94756401 -0.26770103 -0.17452414 -0.13216661 0.16894108 -0.97672462
0.10284124 0.07619527 0.99177521 -0.99469256 0.00463959 0.10278731
0.10607949 0.02009990 0.99415451 -0.99435341 0.00508237 0.10599796
0.10470135 -0.00248260 0.99450064 -0.99450368 0.00008678 0.10470188
0.09651138 -0.07494560 0.99250633 -0.99531299 -0.00112046 0.09669969
0.14692469 0.34597927 0.92666686 -0.98423117 -0.04215480 0.17179048
0.02007361 0.71963024 -0.69406724 -0.99794585 0.05666370 0.02988837
0.94458598 0.24530110 -0.21813941 -0.19994137 -0.09710760 -0.97498393
0.97696275 0.05637652 -0.20582899 -0.20789739 0.03361659 -0.97757280
0.93141943 0.20053591 -0.30371580 -0.27459589 -0.16047573 -0.94807416
0.93251920 0.26115158 -0.24941503 -0.22708604 -0.11295214 -0.96730232
0.88863969 -0.42637017 -0.16890249 -0.12207737 0.13508563 -0.98328477
0.10228535 0.15389784 0.98277831 -0.99475110 0.01863127 0.10061389
0.10472184 -0.00655684 0.99447995 -0.99449527 0.00287141 0.10474239
0.10753651 0.02492259 0.99388874 -0.99418932 0.00757983 0.10737897
0.10709334 -0.00227761 0.99424636 -0.99424899 -0.00053715 0.10709238
0.10174304 -0.09635997 0.99013287 -0.99481070 -0.00982277 0.10126776
0.03842049 -0.07592321 0.99637324 -0.99904090 -0.02387754 0.03670390
0.09773033 0.86172658 -0.49787161 -0.95092660 0.22842948 0.20870715
0.93973720 0.25996974 -0.22205821 -0.20100954 -0.10528067 -0.97391540
-0.06511226 -0.12988520 -0.98938882 -0.99457979 0.08899318 0.05377101
0.98121792 -0.04821116 -0.18678090 -0.18555072 0.02888150 -0.98221016
0.91584045 0.24632014 -0.31711635 -0.28213859 -0.16719507 -0.94469237
-0.17113577 -0.17430334 -0.96970665 -0.97535318 -0.10916320 0.19175418
0.92256850 0.27964309 -0.26583302 -0.20215912 -0.23649420 -0.95036954
0.81670517 -0.54893923 -0.17792824 -0.11753751 0.14362898 -0.98262691
0.10210322 0.12396538 0.98701954 -0.99476767 0.01622924 0.10086639
0.10840925 0.03376319 0.99353284 -0.99410397 0.00148700 0.10842105
0.10425019 0.17784557 0.97852081 -0.99455082 0.01941334 0.10242964
0.10796029 -0.00252970 0.99415201 -0.99415511 -0.00083354 0.10795850
0.09642706 -0.11077410 0.98915666 -0.99533975 -0.00987336 0.09592412
0.09979309 -0.10568038 0.98938012 -0.99500805 -0.00999493 0.09929314
0.09802768 -0.11091628 0.98898345 -0.99518299 -0.01216015 0.09727839
0.00048391 0.22984476 0.97322720 -0.99330527 -0.11231495 0.02701905
0.03419173 0.05582404 0.99785501 -0.99940079 0.00729006 0.03383686
-0.06254482 -0.23377453 -0.97027707 -0.97708994 -0.18381526 0.10727167
0.95780843 -0.20605236 -0.20036331 -0.21787266 -0.06588799 -0.97375065
-0.08277605 -0.32493392 -0.94210726 -0.97839761 0.20619823 0.01484660
0.91761595 0.20612335 -0.33984447 -0.26197696 -0.32936335 -0.90713173
0.93463296 0.24843448 -0.25444368 -0.17956488 -0.28789186 -0.94067782
0.57966948 -0.78668708 -0.21238369 0.01787270 0.27285305 -0.96188974
0.10687373 0.04984026 0.99302268 -0.99425775 -0.00010394 0.10701187
0.10942391 -0.00036267 0.99399513 -0.99399519 0.00022568 0.10942400
0.10662286 -0.09196331 0.99003756 -0.99428332 -0.00416734 0.10669301
0.09675901 -0.13357507 0.98630393 -0.99528527 -0.00630492 0.09678622
0.09673223 -0.10693288 0.98954958 -0.99530995 -0.00936889 0.09628289
-0.01969882 -0.04919842 0.99859476 -0.99968219 0.01668472 -0.01889825
0.03464422 -0.02193804 0.99915892 -0.99937952 -0.00712206 0.03449550
-0.01199820 0.03315506 0.99937826 -0.99992704 -0.00180946 -0.01194476
-0.05988430 -0.30182600 -0.95148045 -0.95492923 0.29494196 -0.03345932
-0.05887937 -0.24439450 -0.96788663 -0.97682977 -0.18573920 0.10632316
0.82683104 -0.53433090 -0.17561583 -0.32767668 -0.20384580 -0.92253721
-0.07101411 -0.38623282 -0.91966367 -0.99476004 -0.04056107 0.09384736
-0.06715845 -0.38500178 -0.92046916 -0.94240016 -0.27850527 0.18524808
-0.10926130 0.00162418 -0.99401176 0.99401098 -0.00186301 -0.10926427
0.09793624 -0.15004599 0.98381639 -0.99517757 -0.00931281 0.09764687
0.11442235 -0.09951247 0.98843557 -0.99339730 -0.00311470 0.11468314
0.09239753 -0.45006135 0.88820469 -0.99563956 -0.03026223 0.08823954
0.09187628 -0.44444948 0.89107996 -0.99571085 -0.03121416 0.08709554
-0.02232826 -0.15530977 0.98761350 -0.99859673 -0.04398708 -0.02949388
0.06024395 0.13842912 0.98853838 -0.99814922 0.00012163 0.06081263
0.01051691 0.40864593 0.91263241 -0.99775505 0.06465500 -0.01745248
-0.02635312 0.00676230 0.99962986 -0.99963784 0.00527442 -0.02638902
-0.00855034 0.26374382 0.96455491 -0.99990189 0.00845169 -0.01117467
-0.06197601 -0.42597470 -0.90260988 -0.99702764 0.06789574 0.03641655
0.73254031 -0.67124712 -0.11319050 -0.19898643 -0.05213539 -0.97861451
-0.07847980 -0.35294035 -0.93234873 -0.94830161 -0.26205787 0.17902455
-0.07134469 -0.44589332 -0.89223826 -0.99642986 0.07234143 0.04352359
0.13186741 -0.01094886 0.99120694 -0.99123186 0.00700988 0.13194816
0.11707458 0.13886546 0.98336667 -0.99305648 0.00489341 0.11753716
0.09309401 -0.49972156 0.86116892 -0.99548328 -0.03054400 0.08988950
0.07922304 -0.50381458 0.86017126 -0.99683934 -0.03490631 0.07136523
-0.02050385 -0.24988662 0.96805799 -0.99976140 -0.00217310 -0.02173629
0.08212817 0.18812846 0.97870463 -0.99660903 0.01053443 0.08160567
0.00576852 0.35375518 0.93532026 -0.99890178 0.04552957 -0.01105946
-0.02390537 0.11453488 0.99313158 -0.99547201 0.08869359 -0.03419048
-0.00502324 0.62781036 0.77835017 -0.99989235 -0.01388604 0.00474735
0.43132463 -0.89396149 -0.12162244 -0.16559468 0.05407151 -0.98471045
-0.00462812 -0.59804469 -0.80144942 -0.97423911 -0.17801020 0.13845783
-0.11645423 -0.36599013 -0.92330372 -0.99319142 0.04005764 0.10939049
-0.14088815 -0.02435108 -0.98972601 0.98938531 0.03248453 -0.14163889
-0.14069480 -0.03934125 -0.98927110 0.98939472 0.03084489 -0.14193906
0.11251747 0.13802135 0.98401725 -0.99358517 0.00433567 0.11300338
0.12530315 -0.34122059 0.93159413 -0.99178487 -0.01873078 0.12653841
0.08669388 -0.78717333 0.61060828 -0.99560738 -0.04670502 0.08114555
0.07930000 -0.54882127 0.83216983 -0.99629116 -0.07160404 0.04771631
-0.02524328 -0.07885993 0.99656606 -0.99968135 0.00196999 -0.02516630
0.12553816 -0.06986513 0.98962569 -0.99200004 0.00450419 0.12615736
-0.02815727 0.06450573 0.99752009 -0.99960351 -0.00206278 -0.02808269
-0.01577391 -0.53607988 -0.84401995 -0.98560143 -0.13378803 0.10339551
-0.01070751 -0.77098548 -0.63676280 -0.99711913 -0.03958885 0.06470085
-0.13384604 -0.48137972 -0.86623257 -0.96630526 0.25732151 0.00631098
-0.13227776 -0.51533264 -0.84672010 -0.98771775 -0.00314204 0.15621726
0.13761203 -0.05871120 0.98874468 -0.99043566 0.00193030 0.13796200
0.15274675 0.20057099 0.96769816 -0.98766917 -0.00302509 0.15652607
0.11158648 0.22389041 0.96820533 -0.99350619 0.00334293 0.11372939
0.10900495 0.18840033 0.97602421 -0.99367702 -0.00592453 0.11212007
0.12913772 -0.39916623 0.90773886 -0.99101609 -0.01983200 0.13226411
0.07034653 -0.93424046 0.34963724 -0.99732268 -0.05885228 0.04340499
0.10689101 -0.78758830 0.60686004 -0.99357843 -0.06183879 0.09475184
-0.02620543 -0.07783549 0.99662179 -0.99965656 0.00216991 -0.02611576
0.14956269 -0.24919237 0.95683551 -0.98798579 0.00043097 0.15454403
-0.02810849 0.06345792 0.99758863 -0.99960446 -0.00271874 -0.02799234
-0.00397905 -0.60211849 -0.79839683 -0.93997687 0.27468142 -0.20246892
-0.19620492 -0.64845783 -0.73553121 -0.92568219 0.36991900 -0.07919925
-0.16708545 -0.73444819 -0.65777534 -0.98064500 0.19286264 0.03375603
0.14374338 -0.05978023 0.98780775 -0.98951906 0.00521878 0.14430822
0.17252818 0.15122487 0.97332686 -0.98377359 -0.02293222 0.17794290
0.09289080 0.57728273 0.81124353 -0.99556690 0.04177039 0.08427270
0.12585533 -0.58546764 0.80086708 -0.99018466 -0.02467118 0.13757069
0.07150411 -0.92996448 0.36062896 -0.99725020 -0.05959511 0.04405126
0.06236633 -0.92813510 0.36698192 -0.99791396 -0.05184313 0.03847273
0.10323062 -0.85297745 0.51163757 -0.99251395 -0.05458371 0.10925537
-0.02288810 -0.18220730 0.98299378 -0.99973500 0.00659527 -0.02205541
-0.02620689 -0.06777532 0.99735636 -0.99965656 0.00197497 -0.02613312
-0.99747062 -0.01528116 -0.06941829 0.06940008 0.00171929 -0.99758744
-0.17349578 -0.70916927 -0.68335807 -0.98467803 0.13728696 0.10752457
0.15652698 -0.06016358 0.98583961 -0.98758382 0.00393296 0.15704390
0.17119050 0.24871871 0.95332724 -0.98303944 -0.02148603 0.18213159
0.17415474 0.16729027 0.97040409 -0.98453617 0.01062728 0.17485891
0.08125237 0.57974356 0.81073767 -0.99657214 0.03455572 0.07516658
0.12059766 -0.69875634 0.70512110 -0.98911834 -0.02428507 0.14510417
0.07439533 -0.96282148 0.25969225 -0.99647826 -0.06167266 0.05681177
0.06846134 -0.95886099 0.27549723 -0.99755001 -0.06180937 0.03276625
0.05743382 -0.91860569 0.39097947 -0.99834931 -0.05288261 0.02240718
0.09853391 -0.91471165 0.39191037 -0.99265164 -0.06254665 0.10358922
-0.02276983 -0.15182246 0.98814547 -0.99973786 0.00108941 -0.02286957
-0.02650440 -0.07256957 0.99701118 -0.99964845 0.00266046 -0.02638086
-0.06173662 -0.15284066 0.98632061 -0.99808592 0.01304771 -0.06045117
-0.99768257 0.01679394 -0.06593643 0.06569949 -0.01429042 -0.99773717
-0.18458107 -0.71701294 -0.67217731 -0.96148413 -0.00998750 0.27467892
-0.23791987 -0.83132225 -0.50229228 -0.94587862 0.31581566 -0.07466020
0.17017062 0.09888620 0.98044044 -0.98411721 0.06809429 0.16394085
0.15606821 -0.14132440 0.97758389 -0.98675817 0.02195148 0.16070627
0.18460669 0.09747112 0.97796720 -0.98266864 0.00128048 0.18536653
0.15867183 -0.76595217 0.62300926 -0.97638661 -0.02803601 0.21420361
0.08351584 -0.96216619 0.25934792 -0.99584877 -0.07113073 0.05679460
0.07521346 -0.95933849 0.27205241 -0.99634838 -0.06124464 0.05949029
0.07190390 -0.97410244 0.21436946 -0.99708211 -0.06467667 0.04054860
0.05906431 -0.96642661 0.25006199 -0.99824494 -0.05610433 0.01895502
0.04783608 -0.91240573 0.40648192 -0.99884868 -0.04517208 0.01615259
0.05007800 -0.96106833 0.27173483 -0.99873525 -0.04696677 0.01794540
0.09123798 -0.94288945 0.32036740 -0.99403995 -0.06695634 0.08603178
-0.01402172 -0.57363552 0.81899065 -0.99989229 0.01159898 -0.00899475
-0.02775038 -0.08904587 0.99564087 -0.99961406 0.00118056 -0.02775553
-0.05956591 0.08215345 0.99483812 -0.99822217 -0.00279466 -0.05953776
-0.05113338 0.10464249 0.99319452 -0.99777192 -0.04802810 -0.04630883
-0.02168047 -0.36446947 0.93096298 -0.99863690 -0.03632764 -0.03747866
-0.07006510 0.02646645 0.99719137 -0.99754113 -0.00347756 -0.06999739
0.23669043 0.00840627 0.97154880 -0.97157788 0.00590502 0.23664646
0.20370166 0.08954348 0.97492957 -0.97878653 -0.00371752 0.20484897
0.16163242 -0.93366867 0.31959015 -0.98007101 -0.11397470 0.16269796
0.08602161 -0.97017539 0.22662753 -0.99525684 -0.07330627 0.06395369
0.08096176 -0.94644135 0.31256029 -0.99346328 -0.05130813 0.10197202
0.06942787 -0.98984361 0.12405393 -0.99740309 -0.06648869 0.02768293
0.04786356 -0.98479372 0.16700447 -0.99882305 -0.04587367 0.01575484
0.02686687 -0.94595897 0.32317153 -0.99941897 -0.03220170 -0.01117122
0.03052349 -0.96418279 0.26347664 -0.99942553 -0.03332562 -0.00617146
0.09042241 -0.95548755 0.28083351 -0.99346447 -0.06681703 0.09254104
-0.01248749 -0.53202373 0.84663737 -0.99987435 0.01491467 -0.00537534
-0.01604726 -0.55105543 0.83431435 -0.99939787 -0.01683385 -0.03034105
-0.02793165 -0.12021454 0.99235493 -0.99960858 0.00178327 -0.02791979
-0.06111721 -0.04780506 0.99698520 -0.99813008 0.00395085 -0.06099796
-0.05936430 0.20500919 0.97695816 -0.99818236 -0.02237886 -0.05595790
0.22718404 0.17783070 0.95747775 -0.97121412 -0.03094236 0.23619017
0.28842741 0.00620801 0.95748162 -0.95749456 -0.00201741 0.28844437
0.16621652 -0.94880658 0.26858571 -0.97675461 -0.12102910 0.17692506
0.15609302 -0.93072253 0.33074236 -0.97949141 -0.10266346 0.17336924
0.08491132 -0.96906042 0.23175852 -0.99501288 -0.07025010 0.07081197
0.04580199 -0.98906589 0.14018141 -0.99840325 -0.04067934 0.03919427
0.08186419 -0.97045439 0.22697282 -0.99662054 -0.07816448 0.02525619
0.04069783 -0.98164374 0.18633111 -0.99908513 -0.04243286 -0.00533114
0.04689029 -0.98701400 0.15363824 -0.99883354 -0.04455382 0.01861750
0.00984938 -0.94580799 0.32457706 -0.99972057 -0.01628928 -0.01712969
0.02468965 -0.98210597 0.18670389 -0.99958575 -0.02701549 -0.00992297
-0.01321294 -0.70158380 0.71246445 -0.99990326 0.00617286 -0.01246503
-0.01620914 -0.57614934 0.81718373 -0.99958783 -0.01003193 -0.02690012
-0.03649569 -0.10530361 0.99377024 -0.99933136 0.00162636 -0.03652758
-0.10155169 -0.01921510 0.99464470 -0.99482840 0.00001781 -0.10157010
-0.05471332 0.12358157 0.99082500 -0.99842113 -0.01940930 -0.05271193
-0.39020568 -0.00833929 -0.92068994 0.92069221 0.00525110 -0.39025420
0.19150876 -0.92869061 0.31758171 -0.96663988 -0.12238932 0.22500725
0.15462613 -0.96736717 0.20072755 -0.97671103 -0.11908580 0.17847736
0.14100088 -0.96974826 0.19926651 -0.98731285 -0.12289319 0.10055148
0.04272977 -0.97828984 0.20278853 -0.99908316 -0.04237872 0.00607489
0.02876754 -0.99173027 0.12507433 -0.99956417 -0.02771068 0.01018179
-0.00069759 -0.93243486 0.36133745 -0.99965030 -0.00890232 -0.02490244
-0.00416819 -0.95496041 0.29670399 -0.99911869 -0.00841577 -0.04112262
0.00062722 -0.99135363 0.13121580 -0.99949139 -0.00480540 -0.03152780
-0.00477859 -0.81901145 0.57375735 -0.99760163 -0.03571580 -0.05929124
-0.01996124 -0.45378301 0.89088863 -0.99979043 0.00501007 -0.01984936
-0.07302008 -0.09872789 0.99243182 -0.99732870 0.00535214 -0.07284795
-0.13662763 -0.01938156 0.99043286 -0.99062169 0.00138575 -0.13662654
0.42756826 0.03402977 0.90334237 -0.90392125 0.00440322 0.42767635
0.39766681 -0.07214551 0.91468912 -0.91687953 0.00628104 0.39911458
0.19708617 -0.93602228 0.29158089 -0.96758640 -0.13780868 0.21162537
0.17637925 -0.96699995 0.18385173 -0.97773588 -0.15054461 0.14618139
0.01607446 -0.99175537 0.12713374 -0.99984533 -0.01685159 -0.00503938
-0.01471314 -0.85907632 0.51163596 -0.99965066 0.00140160 -0.02639360
-0.01712644 -0.95099443 0.30873352 -0.99914372 0.00464621 -0.04111397
0.00227333 -0.98704499 0.16042812 -0.99966204 -0.00639772 -0.02519681
-0.01810109 -0.96963972 0.24386740 -0.99873793 0.00610631 -0.04985219
-0.01894605 -0.43421951 0.90060794 -0.99980724 0.00358428 -0.01930478
-0.10695543 -0.09441783 0.98977059 -0.99426192 0.00819686 -0.10665885
-0.15346232 0.00395413 0.98814660 -0.98814923 0.00265636 -0.15347335
-0.13325047 -0.09856553 0.98616898 -0.99107933 0.01076288 -0.13283825
0.42852023 0.09328453 0.89870375 -0.90348381 0.03393884 0.42727661
0.46594897 -0.07635201 0.88151115 -0.88404077 0.00140488 0.46740767
0.23625495 -0.89450449 0.37953314 -0.96594357 -0.17378156 0.19171065
0.22371812 -0.87326676 0.43284571 -0.96580678 -0.13892505 0.21889977
0.01322046 -0.99975413 0.01780318 -0.99991238 -0.01320495 0.00098881
-0.02267532 -0.81414598 0.58021736 -0.99932343 0.00164823 -0.03674155
-0.02340541 -0.91938710 0.39265716 -0.99835640 0.00094256 -0.05730282
-0.00924463 -0.98555714 0.16909073 -0.99978018 0.00592763 -0.02011098
-0.03424896 -0.96938592 0.24314177 -0.99831599 0.02178572 -0.05376498
-0.01657087 -0.47910821 0.87759948 -0.99981910 -0.00025924 -0.01902015
-0.01577392 -0.42289945 0.90603936 -0.99984181 -0.00077886 -0.01777054
-0.15161599 0.00366745 0.98843271 -0.98843759 -0.00253083 -0.15160736
-0.16242410 -0.00038905 0.98672098 -0.98672104 0.00020957 -0.16242403
-0.15633686 -0.07923416 0.98452061 -0.98769534 0.00841329 -0.15616389
0.33947340 0.51231897 0.78885180 -0.91073996 -0.03066282 0.41184044
-0.45967048 -0.01619639 -0.88794190 0.88780355 0.01699172 -0.45990881
0.51983231 -0.08090175 0.85042894 -0.85332656 -0.00244295 0.52137107
0.26231712 -0.89157450 0.36916751 -0.95587724 -0.18764772 0.22602478
0.22965151 -0.86140132 0.45304304 -0.96444201 -0.13884725 0.22488457
0.00510756 -0.99850053 0.05450395 -0.99985367 -0.00598926 -0.01602573
-0.02752189 -0.84574372 0.53287911 -0.99867064 0.00002071 -0.05154600
-0.00577112 -0.99362785 0.11256316 -0.99963516 0.00276211 -0.02686937
-0.03073998 -0.98588634 0.16456996 -0.99898946 0.02490299 -0.03741506
-0.06700160 -0.96717203 0.24513091 -0.99617642 0.05103993 -0.07090513
-0.00748188 -0.75759780 0.65267885 -0.99992985 -0.00032490 -0.01183966
-0.00726159 -0.63126248 0.77553523 -0.99997216 0.00323628 -0.00672883
-0.01425884 -0.30770800 0.95137405 -0.99989235 0.00108784 -0.01463417
-0.98379165 -0.00513525 -0.17924201 0.17921382 0.00551081 -0.98379475
-0.15162939 0.24750176 0.95694900 -0.98832452 -0.05259442 -0.14299805
-0.16659093 0.03053809 0.98555315 -0.98595905 0.00649625 -0.16686083
-0.15837125 -0.05679479 0.98574489 -0.98737204 0.00518505 -0.15833393
0.29110053 0.66067606 0.69193041 -0.91091090 -0.02964853 0.41153663
-0.52201903 -0.02024467 -0.85269362 0.85275292 0.00820135 -0.52225012
0.55342454 -0.09458856 0.82751095 -0.83121449 0.00043891 0.55595160
0.26964036 -0.86757499 0.41786093 -0.94340718 -0.15099508 0.29526836
0.25815323 -0.76465297 0.59047675 -0.95482552 -0.10881930 0.27652621
-0.02083747 -0.99769324 0.06460649 -0.99909502 0.01838296 -0.03835603
-0.02750667 -0.99073929 0.13296244 -0.99870813 0.02155210 -0.04601761
-0.08805584 -0.97512704 0.20340466 -0.99403369 0.07282510 -0.08120137
-0.06085662 -0.95366907 0.29463854 -0.99641252 0.04065168 -0.07422669
-0.00739102 -0.71596795 0.69809407 -0.99989581 -0.00336706 -0.01403959
-0.00845643 -0.54646707 0.83743793 -0.99987614 -0.00649734 -0.01433655
-0.01421723 -0.27982074 0.95994699 -0.99986345 -0.00411043 -0.01600659
-0.14411409 0.19489112 0.97017968 -0.98939341 -0.04642580 -0.13764209
-0.15759501 0.30828953 0.93814790 -0.98725367 -0.07057260 -0.14265282
-0.16211644 -0.07524783 0.98389840 -0.98673743 0.00404805 -0.16227461
-0.18724488 -0.02533072 0.98198664 -0.98229277 -0.00163777 -0.18734549
0.29056069 0.45526803 0.84160888 -0.94018930 -0.02761178 0.33953160
0.56817079 0.06042618 0.82068914 -0.82211250 -0.00223557 0.56932074
0.61362004 0.01854886 0.78938359 -0.78952187 0.00021540 0.61372244
-0.60733026 0.12282944 -0.78489673 0.78842676 -0.02823551 -0.61448026
0.27354270 -0.84406769 0.46122029 -0.94117755 -0.13597955 0.30934522
0.27491951 -0.82597721 0.49211878 -0.94173300 -0.12816006 0.31098884
-0.04085520 -0.99457073 0.09570763 -0.99789166 0.03578090 -0.05414852
-0.04196372 -0.99175060 0.12111890 -0.99781805 0.03541539 -0.05572140
-0.10936996 -0.96998352 0.21718705 -0.97982526 0.06843562 -0.18777379
-0.08204285 -0.98760474 0.13381296 -0.99397773 0.07129700 -0.08321700
-0.05248160 -0.93495303 0.35086837 -0.99598819 0.02350494 -0.08634303
-0.00095641 -0.87852234 0.47770035 -0.99996310 -0.00323984 -0.00796031
0.00040555 -0.76615399 0.64265686 -0.99993193 -0.00780676 -0.00867596
-0.01123276 -0.47269186 0.88115621 -0.99989021 -0.00320902 -0.01446781
-0.18417962 0.62995625 0.75447530 -0.98017395 -0.17477094 -0.09334970
-0.14613779 0.22755729 0.96273649 -0.98838699 -0.07456171 -0.13240761
-0.16666284 0.51443005 0.84118086 -0.98424029 -0.03564885 -0.17320584
-0.16611800 -0.00272848 0.98610210 -0.98610556 -0.00037493 -0.16611959
-0.18719798 -0.02387231 0.98203212 -0.98229742 -0.00255112 -0.18731059
-0.19899151 0.03229311 0.97946900 -0.97999829 -0.00411902 -0.19896324
0.25519657 0.52821213 0.80985600 -0.94633818 -0.03532183 0.32124192
0.57412696 0.05629398 0.81682879 -0.81806201 -0.00193202 0.57512683
0.58461064 0.05914297 0.80915546 -0.81052351 -0.00144041 0.58570445
0.62709010 0.01754301 0.77874911 -0.77886999 0.00009288 0.62718534
0.64872360 0.01051306 0.76095146 -0.76102370 0.00788079 0.64867634
0.63220531 -0.24107531 0.73634177 -0.76483089 -0.04220630 0.64284718
0.26700109 -0.86935073 0.41586030 -0.91754913 -0.09739236 0.38551053
0.31214738 -0.71679223 0.62351668 -0.92821509 -0.09025429 0.36093068
-0.06556387 -0.99244303 0.10372254 -0.99507618 0.05728465 -0.08088214
-0.05124895 -0.99132800 0.12100594 -0.99831021 0.04752896 -0.03343282
-0.10038882 -0.98210597 0.15934218 -0.99432975 0.09338503 -0.05086905
-0.10760265 -0.97987342 0.16813613 -0.99365020 0.10040179 -0.05078243
-0.07667474 -0.98754925 0.13735951 -0.99439013 0.06567270 -0.08291819
-0.05934540 -0.94176751 0.33098671 -0.99348968 0.02342166 -0.11148874
-0.05114968 -0.91717100 0.39519754 -0.99639279 0.02003596 -0.08246198
0.00052592 -0.82809293 0.56059062 -0.99984807 -0.01020413 -0.01413532
-0.00119152 -0.87872893 0.47731966 -0.99996269 -0.00303737 -0.00808786
-0.00832284 -0.58432758 0.81147522 -0.99965453 -0.01537114 -0.02132135
-0.01031708 -0.47537521 0.87972265 -0.99989492 -0.00405667 -0.01391852
-0.19778250 0.71684748 0.66858941 -0.97854590 -0.18453886 -0.09161536
-0.17882475 0.56356728 0.80648226 -0.97968453 -0.17762023 -0.09310916
-0.19913180 0.01026315 0.97991902 -0.97997063 -0.00000815 -0.19914222
-0.17627861 0.42824814 0.88630098 -0.97726077 0.03165480 -0.20966500
-0.16397303 -0.13538621 0.97713017 -0.98633444 0.00639381 -0.16463169
-0.21655515 -0.02200577 0.97602236 -0.97626972 0.00604815 -0.21647368
-0.39355832 0.17905435 0.90169370 -0.91538519 0.01409210 -0.40233248
0.23695560 0.60353243 0.76131517 -0.94318551 -0.04496761 0.32920986
-0.59493542 -0.08124270 -0.79965711 0.80161101 0.01295754 -0.59770554
-0.64038271 -0.06565429 -0.76524478 0.76603335 0.01766409 -0.64255816
-0.63727832 0.00828706 -0.77058923 0.77060443 -0.00187668 -0.63731104
-0.65569240 0.03847740 -0.75404716 0.75437069 -0.00828612 -0.65639651
0.61226720 -0.37493467 0.69609839 -0.75549829 -0.01783387 0.65490782
0.35372069 -0.54890513 0.75735390 -0.91964024 -0.05631058 0.38870421
-0.07343572 -0.99292028 0.09336247 -0.99374217 0.06495196 -0.09087219
-0.06471130 -0.99044108 0.12181497 -0.99567008 0.05591999 -0.07425722
-0.05292552 -0.99001014 0.13068603 -0.99460411 0.04056686 -0.09548342
-0.09831800 -0.99378908 0.05212412 -0.99508476 0.09755331 -0.01702320
-0.11013187 -0.98074287 0.16128963 -0.99358225 0.10442413 -0.04347359
-0.10388424 -0.98442519 0.14182830 -0.99443823 0.10032020 -0.03207203
-0.06137249 -0.99359548 0.09487595 -0.99623585 0.05514947 -0.06687898
-0.98781437 0.11193147 -0.10813970 0.12036123 0.98990524 -0.07483843
-0.11897456 -0.96054715 0.25138479 -0.98912728 0.09261876 -0.11423247
-0.06784640 -0.93923604 0.33650044 -0.99256629 0.02938542 -0.11810446
-0.07620484 -0.75378865 0.65268338 -0.99506849 0.01580880 -0.09792276
-0.04364251 -0.92531896 0.37666994 -0.99760646 0.02012213 -0.06615519
0.00384926 -0.95317906 0.30238211 -0.99987942 -0.00821876 -0.01317919
-0.00011226 -0.95775175 0.28759617 -0.99995655 -0.00257470 -0.00896458
0.00034735 -0.91547805 0.40236771 -0.99999291 -0.00182684 -0.00329321
-0.01166664 -0.46103439 0.88730562 -0.99986482 -0.00490452 -0.01569495
-0.18920413 0.67413169 0.71396661 -0.97518128 -0.21415018 -0.05622521
-0.18822800 0.61467510 0.76599270 -0.97190517 -0.22880304 -0.05522279
-0.25102296 0.58846474 0.76856798 -0.96560693 -0.20780638 -0.15626831
-0.21399669 0.07436939 0.97399926 -0.97674304 -0.00265635 -0.21439670
-0.16683580 -0.13363747 0.97688633 -0.98585588 0.00659241 -0.16746578
-0.24353631 -0.01170121 0.96982116 -0.96984446 0.01281604 -0.24338755
-0.21781579 -0.09182286 0.97166085 -0.97580755 0.00124461 -0.21862772
-0.39110720 0.19303139 0.89987445 -0.91979176 -0.04807775 -0.38945055
0.12345356 0.89454037 0.42960078 -0.94453406 -0.02683908 0.32731497
0.12030234 0.81706285 0.56385791 -0.95859063 -0.05207852 0.27998561
-0.63731253 -0.10072348 -0.76399451 0.76627183 0.02216327 -0.64213425
0.66358119 -0.00930925 0.74804640 -0.74810421 -0.00782047 0.66353524
-0.67620790 0.03826912 -0.73571622 0.73605025 -0.00718763 -0.67688882
-0.67072552 0.14354600 -0.72768253 0.73445451 -0.00831179 -0.67860711
0.40374631 -0.51839274 0.75382888 -0.89913541 -0.07267451 0.43159476
0.35774258 -0.47904068 0.80158609 -0.92672819 -0.07653229 0.36785570
-0.97694808 0.10751189 -0.18442781 0.11708394 0.99224240 -0.04178914
-0.98648840 0.11602069 -0.11567152 0.12022960 0.99229050 -0.03007557
-0.09889654 -0.98922187 0.10797955 -0.99127042 0.10744242 0.07641427
-0.09612884 -0.99239212 0.07692383 -0.99241197 0.08960415 -0.08419980
-0.11025970 -0.98187935 0.15412912 -0.99369323 0.10571842 -0.03738156
-0.10934673 -0.98100972 0.16019754 -0.99372512 0.10407203 -0.04098004
-0.10957463 -0.98565364 0.12837586 -0.99095154 0.09825410 -0.09143965
-0.10336534 -0.98728430 0.12076991 -0.99460745 0.10363084 -0.00409726
-0.99285984 0.11624078 -0.02678515 0.11569984 0.99306363 0.02093548
-0.12605740 -0.96129686 0.24498549 -0.98937613 0.10379931 -0.10178660
-0.08446405 -0.71014893 0.69896662 -0.99422872 0.01349914 -0.10642879
-0.06964678 -0.73366749 0.67593008 -0.99600267 0.01315340 -0.08834963
-0.05610741 -0.83258271 0.55105168 -0.99724418 0.01990051 -0.07147054
0.00534869 -0.92594445 0.37762201 -0.99980742 -0.01208275 -0.01546597
0.00204024 -0.94422942 0.32928196 -0.99993247 -0.00569450 -0.01013362
0.00056582 -0.94449377 0.32852885 -0.99998218 -0.00248670 -0.00542681
0.00167304 -0.88387531 0.46771964 -0.99999839 -0.00182031 0.00013709
-0.01592410 -0.49331716 0.86970377 -0.99923217 -0.02328939 -0.03150605
-0.21020555 0.81390697 0.54163563 -0.96795976 -0.25110012 0.00166465
-0.20512661 0.63818735 0.74205118 -0.96860278 -0.24118295 -0.06032775
-0.26220703 0.63966393 0.72254938 -0.96365744 -0.21321520 -0.16094632
-0.36810753 0.45614058 0.81020528 -0.92202848 -0.06677392 -0.38131979
-0.10071524 -0.45847750 0.88298064 -0.99042475 -0.03802393 -0.13271409
-0.18495220 -0.09040760 0.97858018 -0.98258346 -0.00118532 -0.18581830
-0.29921210 -0.03650400 0.95348817 -0.95414042 0.00160637 -0.29935530
-0.24261945 -0.10002245 0.96495152 -0.96991110 0.00429221 -0.24342157
-0.40061486 0.08087801 0.91266996 -0.91624647 -0.03579180 -0.39901298
-0.38277957 -0.01363038 0.92373914 -0.92383754 0.00783557 -0.38270470
0.13515842 0.88348919 0.44853005 -0.92961997 -0.04356280 0.36593586
0.93783796 0.03308950 -0.34549257 0.07788835 0.94998950 0.30241266
0.10760688 0.84009206 0.53166360 -0.96210027 -0.04678557 0.26865256
0.66400295 0.02983471 0.74713451 -0.74759084 0.04576642 0.66258097
-0.64383453 0.42906016 -0.63354909 0.68664271 -0.04138333 -0.72581631
-0.60904849 0.43161669 -0.66540742 0.72805846 -0.02856217 -0.68491983
0.36015433 -0.80496448 0.47150937 -0.86946899 -0.10646010 0.48237953
-0.98372597 0.11151677 -0.14088038 0.11894451 0.99186122 -0.04542613
-0.98087394 0.10959359 -0.16085918 0.12004243 0.99114746 -0.05671461
-0.97492385 0.11312756 -0.19163950 0.10918809 0.99353677 0.03102861
-0.10182053 -0.98928803 0.10460326 -0.99281722 0.10769419 0.05211509
-0.98223120 0.11972716 0.14452425 0.12083122 0.99267244 -0.00114621
-0.98928636 0.11921484 -0.08426320 0.12186482 0.99217892 -0.02701961
-0.10843375 -0.98500568 0.13418616 -0.99216020 0.09879501 -0.07653558
-0.10316929 -0.98962891 0.09995381 -0.99466145 0.10242900 -0.01252399
-0.97544765 0.10939685 -0.19113927 0.12297993 0.99055272 -0.06067383
-0.08401243 -0.97664428 0.19775742 -0.99058825 0.10337728 0.08971138
-0.11997942 -0.97482073 0.18796146 -0.98503375 0.09329110 -0.14493218
-0.12567964 -0.94840235 0.29109737 -0.98760265 0.09178901 -0.12734108
0.00641500 -0.93479824 0.35512123 -0.99975622 -0.01349932 -0.01747490
0.00059660 -0.94999933 0.31225148 -0.99999940 -0.00085271 -0.00068366
-0.01652965 -0.53484792 0.84478664 -0.99937338 -0.01761056 -0.03070392
-0.20646104 0.81180835 0.54620606 -0.97096980 -0.23890385 -0.01194297
-0.20368995 0.77213538 0.60192806 -0.94237435 -0.32129976 0.09325821
-0.21518655 0.68490249 0.69613457 -0.96473640 -0.25973636 -0.04267024
-0.27370182 0.60492176 0.74776804 -0.95922434 -0.22869802 -0.16609022
-0.35593763 0.64225322 0.67883664 -0.93163663 -0.18695277 -0.31161186
-0.37135649 0.62736720 0.68447411 -0.90240854 -0.07036988 -0.42509645
-0.08725339 -0.58449721 0.80669069 -0.99184471 -0.02454720 -0.12506604
-0.07082342 -0.63817060 0.76663053 -0.99603659 0.00378703 -0.08886412
-0.47506931 0.22351351 0.85108799 -0.87504357 -0.01802020 -0.48370868
-0.88033879 -0.01868763 -0.47397727 0.47403076 0.00173709 -0.88050663
0.16311036 0.84427321 0.51048785 -0.92370600 -0.05111428 0.37967691
0.09763399 0.92567521 0.36550385 -0.95187700 -0.02034952 0.30580413
0.12906611 0.70924217 0.69304949 -0.97695971 -0.02885209 0.21146472
-0.72157645 -0.00281504 -0.69232917 0.69232059 0.00347974 -0.72158170
-0.59049094 0.62858099 -0.50616837 0.60882860 -0.06474409 -0.79065543
-0.60654354 0.44876540 -0.65628850 0.72220612 -0.03417473 -0.69083315
0.46054655 -0.54645222 0.69949049 -0.86378366 -0.09445111 0.49493113
-0.97902423 0.11076295 -0.17100641 0.11958276 0.99192977 -0.04213496
-0.98001969 0.11794660 0.16015618 0.11423958 0.99293154 -0.03219267
-0.97815275 0.11729436 0.17163718 0.11419243 0.99306768 -0.02787039
-0.95054555 0.06706336 -0.30325842 0.13868900 0.96530694 -0.22124198
-0.12076315 -0.97350091 0.19419651 -0.98438698 0.09220390 -0.14993617
-0.99415880 0.09754430 0.04618968 0.09915515 0.99449211 0.03396710
-0.10975723 -0.98849350 0.10408657 -0.98780286 0.09684140 -0.12193134
-0.13317406 -0.97017151 0.20256336 -0.97804070 0.09558567 -0.18520218
-0.13039240 -0.91953063 0.37075761 -0.98852003 0.09178457 -0.12001580
0.00503843 -0.89770627 0.44056571 -0.99958199 -0.01706386 -0.02333820
0.00476149 -0.98362279 0.18017665 -0.99996287 -0.00597908 -0.00621526
-0.22011033 0.88797969 0.40378657 -0.96888357 -0.24705306 0.01514875
-0.21609609 0.76782328 0.60311693 -0.94042587 -0.32975027 0.08284891
0.87140501 0.37923905 -0.31117690 -0.17885187 0.83626777 0.51833212
-0.22112222 0.74286371 0.63186908 -0.95104325 -0.30770048 0.02893426
-0.23285186 0.77868962 0.58259982 -0.96547920 -0.25701234 -0.04236320
-0.28730720 0.73531950 0.61380774 -0.95636582 -0.25574407 -0.14127743
-0.34417319 0.65857291 0.66919839 -0.93796176 -0.20920873 -0.27651307
-0.34754369 0.71158516 0.61062258 -0.91872180 -0.12818554 -0.37352213
-0.35302582 0.65708011 0.66604692 -0.93493992 -0.22074172 -0.27777764
-0.35792318 0.70583332 0.61130214 -0.92302430 -0.16850197 -0.34588045
-0.37186664 0.63560343 0.67655271 -0.89990491 -0.06799477 -0.43075269
-0.02899044 -0.90660828 0.42097625 -0.98926955 -0.03431042 -0.14201625
-0.08620652 -0.61459082 0.78412145 -0.98982489 -0.03659529 -0.13750485
-0.07521940 -0.59864306 0.79747635 -0.99377400 -0.02091454 -0.10943450
-0.48340267 0.11545088 0.86775166 -0.87421149 -0.01207016 -0.48539534
-0.48606506 0.07400572 0.87078351 -0.87328684 -0.00312906 -0.48719648
-0.53616154 -0.04966496 0.84265310 -0.84406394 0.02051990 -0.53584987
0.16078152 0.87879425 0.44929945 -0.89847666 -0.05810076 0.43515980
0.09164540 0.93215936 0.35025707 -0.96113300 -0.00918736 0.27593309
0.11216085 0.71497053 0.69009936 -0.97892827 -0.03975982 0.20029657
-0.66532487 0.01513278 0.74640059 -0.33883563 0.88476580 -0.31996861
-0.56439352 0.67037421 -0.48172432 0.59012687 -0.08040818 -0.80329627
0.46909174 -0.68603879 0.55615085 -0.82071573 -0.10606541 0.56140524
0.38865423 -0.77374423 0.50026768 -0.87613088 -0.14228158 0.46059817
-0.10243677 -0.93982178 0.32594749 -0.98579079 0.05205758 -0.15970784
-0.13309471 -0.96127146 0.24133575 -0.99103481 0.12621573 -0.04381415
-0.16820882 -0.86276025 0.47681299 -0.98012608 0.09477977 -0.17426883
0.00294154 -0.91187763 0.41045168 -0.99868768 -0.02366519 -0.04541844
-0.25096726 0.74369627 0.61962193 -0.95838356 -0.28088239 -0.05105008
-0.27456567 0.74520218 0.60769022 -0.95985997 -0.25006208 -0.12703475
-0.31625408 0.74851930 0.58283985 -0.94865882 -0.24598384 -0.19884290
-0.33694932 0.72813618 0.59689438 -0.94123828 -0.24492079 -0.23256032
-0.33696508 0.74586874 0.57457328 -0.93334776 -0.18440963 -0.30798560
-0.34648404 0.74167472 0.57434100 -0.91442925 -0.13049814 -0.38313121
-0.36356419 0.73175466 0.57650346 -0.88470513 -0.07740308 -0.45967990
-0.36698133 0.65338725 0.66212517 -0.90808648 -0.09725492 -0.40733331
-0.03351928 -0.89266574 0.44947115 -0.98813885 -0.03783374 -0.14882958
-0.03112012 -0.88897997 0.45688757 -0.99123752 -0.03125981 -0.12833963
-0.03532802 -0.89287621 0.44891432 -0.98812580 -0.03600220 -0.14936933
-0.06536380 -0.56444353 0.82287979 -0.99663121 -0.00400974 -0.08191583
-0.44840121 0.57691306 0.68272084 -0.87513620 -0.12795509 -0.46665215
-0.60917455 0.53986388 0.58090734 -0.74449718 -0.13698123 -0.65342188
-0.80448908 0.00893961 -0.59390026 0.59349465 -0.02779138 -0.80435801
-0.54523963 -0.03698484 0.83746397 -0.83789080 -0.00640315 -0.54580033
0.22591415 0.80314898 0.55128449 -0.88112634 -0.07286297 0.46723375
0.97372597 0.02128730 -0.22672610 -0.00584114 0.99762845 0.06858118
0.08473021 0.81184834 0.57768774 -0.98333091 -0.02547766 0.18003121
0.36372218 -0.86663842 0.34153205 -0.83987546 -0.14652890 0.52262658
0.42166096 -0.78202772 0.45894963 -0.82507998 -0.12097188 0.55191386
-0.86160165 -0.17114861 0.47786051 -0.30615872 0.92613608 -0.22031517
-0.14904244 -0.95768756 0.24621309 -0.98026890 0.11040305 -0.16396379
-0.13635153 -0.97707081 0.16352649 -0.97965688 0.10845295 -0.16885035
-0.18729743 -0.86384428 0.46764594 -0.97489899 0.10512649 -0.19626632
-0.31235415 0.81296557 0.49144879 -0.94990307 -0.26134649 -0.17141244
-0.33744505 0.74848068 0.57088321 -0.93340051 -0.18741891 -0.30600294
-0.32574907 0.80529046 0.49537340 -0.91675860 -0.14092299 -0.37375712
-0.38635576 0.68912667 0.61305273 -0.89087468 -0.10665840 -0.44154996
-0.31555286 0.80925459 0.49551344 -0.90567905 -0.10103397 -0.41174954
-0.01321141 -0.94360554 0.33080828 -0.98618376 -0.04233875 -0.16015308
-0.02397280 -0.90361464 0.42767498 -0.99482858 -0.02067269 -0.09944224
-0.98834032 -0.03750103 -0.14757103 -0.01465281 0.98812252 -0.15296808
-0.03274886 -0.90498519 0.42418081 -0.98859566 -0.03308672 -0.14691465
-0.05704127 -0.63911706 0.76699138 -0.99605215 -0.01590936 -0.08733347
-0.43826276 0.65318692 0.61747277 -0.89012027 -0.21989785 -0.39916280
-0.47558966 0.62676370 0.61723715 -0.85354882 -0.15908384 -0.49613181
-0.59090316 0.60037482 0.53887254 -0.76341438 -0.20017064 -0.61410934
-0.48262513 0.78726369 0.38378242 -0.72045773 -0.10769875 -0.68508524
-0.76795155 0.30612266 0.56261832 -0.59244341 -0.00564115 -0.80559230
-0.58651412 -0.00191869 0.80993682 -0.80992246 0.00779412 -0.58648527
-0.82155132 -0.04608548 -0.56826901 0.55970830 0.12455323 -0.81927603
0.26236710 0.74584305 0.61227590 -0.89038581 -0.05748267 0.45156270
0.02540288 0.95413703 0.29829058 -0.98747671 -0.02252598 0.15614852
0.06084988 0.87251866 0.48477682 -0.97637796 -0.04884849 0.21047559
0.51990408 -0.56513464 0.64056426 -0.80632901 -0.07710351 0.58642018
0.42390656 -0.78508180 0.45160812 -0.82288837 -0.12554727 0.55415946
-0.15703930 -0.95625001 0.24682897 -0.97881383 0.11745410 -0.16771434
-0.14398918 -0.96831435 0.20404524 -0.97618437 0.10517661 -0.18974195
-0.13520952 -0.97835374 0.15666023 -0.97906482 0.10764495 -0.17275612
-0.16394427 -0.94532031 0.28194299 -0.97677952 0.11560039 -0.18038405
-0.19288650 -0.84756243 0.49440140 -0.97350216 0.10222514 -0.20455690
-0.32583475 0.79144204 0.51715684 -0.93624258 -0.19405511 -0.29290342
-0.32928225 0.81813765 0.47140655 -0.90542179 -0.13192035 -0.40349540
-0.31004122 0.84126383 0.44288787 -0.93228680 -0.17772973 -0.31504521
-0.35142654 0.77400601 0.52670121 -0.89259285 -0.10727276 -0.43791625
-0.37834114 0.70371908 0.60136300 -0.86753446 -0.04296881 -0.49551764
-0.36529407 0.74473339 0.55850917 -0.91414964 -0.17370868 -0.36627293
-0.33199629 0.78992116 0.51556098 -0.89873308 -0.09890982 -0.42719516
0.04506535 -0.99559820 -0.08217898 -0.99529797 -0.03768660 -0.08922882
-0.02370401 -0.94563758 0.32435748 -0.98125011 -0.04006911 -0.18852787
-0.40109518 0.71883249 0.56780505 -0.90289670 -0.20562239 -0.37748787
-0.45452461 0.60233015 0.65620559 -0.88411123 -0.21540135 -0.41466814
-0.47079745 0.66235113 0.58278716 -0.86140049 -0.20237407 -0.46586907
-0.62357408 0.65438312 0.42771271 -0.68652785 -0.19667822 -0.69999802
-0.66674751 0.60035819 0.44160825 -0.59443116 -0.07096301 -0.80100924
-0.83536226 -0.00611382 -0.54966575 0.54967380 0.00044908 -0.83537936
0.03106672 0.94680518 0.32030436 -0.98607022 -0.02335675 0.16468169
0.06276529 0.84654105 0.52861017 -0.99511874 0.01266856 0.09786882
0.58322257 -0.33587968 0.73961908 -0.78710532 -0.00860844 0.61675847
-0.79498142 -0.10093458 0.59817791 -0.32506737 0.90342045 -0.27957600
-0.14624228 -0.96895951 0.19932561 -0.96530545 0.09571341 -0.24294943
-0.96334642 0.12162641 -0.23910409 0.14843392 0.98410970 -0.09744518
-0.97674906 0.12072614 -0.17716210 0.13844097 0.98615742 -0.09125603
-0.16736683 -0.96098405 0.22022271 -0.97352976 0.12582546 -0.19080833
-0.19583064 -0.87350625 0.44568741 -0.97463286 0.12314956 -0.18688227
-0.33680362 0.82351351 0.45649633 -0.90203094 -0.14317356 -0.40723640
-0.32828608 0.80762368 0.48986971 -0.86553335 -0.04951913 -0.49839732
-0.35078320 0.76067781 0.54618722 -0.86090153 -0.03243224 -0.50773674
-0.38663763 0.66517323 0.63879257 -0.90587568 -0.14404915 -0.39829522
-0.38695553 0.74316704 0.54586464 -0.90698218 -0.20000483 -0.37065005
0.06248944 -0.96731859 -0.24574354 -0.99187964 -0.03286379 -0.12286078
-0.04989866 -0.89796323 0.43723240 -0.97037941 -0.06002105 -0.23401131
-0.38737541 0.75262213 0.53244740 -0.90947425 -0.21738276 -0.35440284
-0.44485056 0.66841084 0.59609973 -0.89195764 -0.27064437 -0.36216465
-0.44925940 0.65960264 0.60256982 -0.87558740 -0.19106036 -0.44366959
-0.84420484 -0.00376122 -0.53600764 0.53601265 -0.00041992 -0.84420985
-0.84908664 0.00497213 -0.52823025 0.52809644 -0.01640241 -0.84902602
0.06331705 0.83589685 0.54522234 -0.99437571 0.00636522 0.10571883
0.51141024 -0.62512225 0.58964545 -0.76124549 -0.01120091 0.64836711
-0.92115742 0.09951296 -0.37625280 0.15529479 0.98044372 -0.12088704
-0.93960184 0.10864865 -0.32456729 0.14719328 0.98437977 -0.09659486
-0.98418897 0.11882193 -0.13135271 0.13002162 0.98825955 -0.08023383
-0.97353840 0.12117004 -0.19375469 0.13844553 0.98727709 -0.07821029
-0.17789672 -0.96006984 0.21591362 -0.98395234 0.17046584 -0.05271906
-0.14529842 -0.98372442 0.10571024 -0.98242027 0.13079153 -0.13320665
-0.21439382 -0.84895623 0.48302034 -0.96621406 0.11190493 -0.23218055
-0.34545228 0.81533307 0.46464479 -0.89906812 -0.14563991 -0.41287476
-0.30535653 0.88285393 0.35682827 -0.92817777 -0.19224963 -0.31863177
-0.31409991 0.87078279 0.37825727 -0.92457199 -0.19005953 -0.33021802
-0.37140885 0.83720887 0.40141857 -0.92103779 -0.27762952 -0.27315062
0.06455681 -0.95893192 -0.27619213 -0.99565023 -0.04326219 -0.08251689
0.07238082 -0.96619564 -0.24744104 -0.99125969 -0.04225236 -0.12497576
-0.04954104 -0.90644717 0.41940343 -0.96799833 -0.05985855 -0.24371345
-0.40281227 0.69730759 0.59287816 -0.91501796 -0.29121777 -0.27916718
-0.47390902 0.68041646 0.55896658 -0.87526584 -0.29438797 -0.38372579
-0.98175311 0.11796129 -0.14915097 0.10943555 0.99192101 0.06416046
-0.95483261 0.13108285 -0.26666832 0.11925872 0.99104041 0.06013570
-0.17877446 -0.95628023 0.23144735 -0.98307276 0.16402692 -0.08162813
-0.17753442 -0.95245832 0.24759780 -0.98411453 0.17192295 -0.04428450
-0.96700597 0.20719655 0.14821979 0.19166818 0.97499371 -0.11247516
-0.15509400 -0.97557282 0.15557519 -0.97188407 0.12243402 -0.20112517
-0.21617238 -0.84726393 0.48519409 -0.96607190 0.11368003 -0.23190939
-0.33135238 0.84402889 0.42168814 -0.90801191 -0.16382849 -0.38558349
-0.31402692 0.86316073 0.39539951 -0.88894260 -0.12105704 -0.44173104
-0.35617450 0.77647936 0.51982653 -0.93420720 -0.28404734 -0.21581028
-0.36557552 0.77212089 0.51979214 -0.92291087 -0.22822434 -0.31007940
-0.38379431 0.73475665 0.55931622 -0.85829741 -0.06041633 -0.50958359
0.06149874 -0.93989092 -0.33589134 -0.99499404 -0.03117217 -0.09494869
0.08927292 -0.94411188 -0.31730619 -0.98880047 -0.04575469 -0.14205702
-0.11399411 -0.80974120 0.57560807 -0.93829441 -0.10266625 -0.33024749
-0.49878365 0.59336472 0.63176996 -0.86389214 -0.28145134 -0.41770273
-0.95312619 0.12917624 -0.27361283 0.13490379 0.99085641 -0.00213887
-0.21095210 -0.88825947 0.40803725 -0.96305650 0.11737728 -0.24237329
-0.17664364 -0.95081747 0.25444698 -0.98334014 0.15921357 -0.08771084
-0.19852433 -0.92241591 0.33126575 -0.93036455 0.07106262 -0.35968316
-0.30504286 0.87310690 0.38030675 -0.84880280 -0.06817976 -0.52429509
-0.37802753 0.71811771 0.58429629 -0.92575604 -0.28747243 -0.24563272
-0.33592036 0.84175962 0.42260894 -0.83532369 -0.05893395 -0.54659051
0.06392810 -0.84054595 -0.53795522 -0.99725354 -0.03360558 -0.06600080
0.04488707 -0.91427487 -0.40259984 -0.99883658 -0.04818499 -0.00193868
0.07938842 -0.97736824 -0.19608393 -0.98192048 -0.04276290 -0.18440065
-0.12185246 -0.79580724 0.59316349 -0.93728030 -0.10437894 -0.33258194
-0.48792464 0.69578671 0.52707738 -0.86949652 -0.33426005 -0.36365643
-0.49500316 0.67539179 0.54664230 -0.85814297 -0.28135905 -0.42945063
-0.20853929 -0.89411759 0.39631441 -0.95574552 0.10032956 -0.27655831
-0.16879125 -0.95173562 0.25633740 -0.98533428 0.15632963 -0.06839171
-0.22036129 -0.87118697 0.43871877 -0.93941605 0.06847998 -0.33586913
-0.35156173 0.85308534 0.38555121 -0.91196835 -0.40511167 0.06479463
-0.51010674 0.61770087 0.59852880 -0.75725383 0.00745642 -0.65307820
0.05531202 -0.83857298 -0.54197419 -0.99795890 -0.02907959 -0.05685466
0.03683424 -0.87887865 -0.47562125 -0.99921638 -0.02549047 -0.03028112
0.04136167 -0.98441046 -0.17095408 -0.99878478 -0.03614776 -0.03350122
0.09877036 -0.95204985 -0.28956094 -0.97943908 -0.04157038 -0.19741084
-0.85931706 -0.02137761 -0.51099634 0.14992341 0.94470561 -0.29164061
-0.47771966 0.74578601 0.46431363 -0.87592185 -0.44490725 -0.18659696
-0.48568729 0.72081918 0.49449733 -0.86473775 -0.31348258 -0.39237401
-0.51180702 0.61898810 0.59574097 -0.84182227 -0.22296812 -0.49154910
-0.20457125 -0.90765721 0.36648190 -0.97092021 0.14059009 -0.19377427
-0.17137760 -0.94436795 0.28071150 -0.97810668 0.12894797 -0.16333948
-0.17006892 -0.94758224 0.27048928 -0.98018962 0.13439064 -0.14549039
-0.15113032 -0.97703803 0.15018752 -0.98750621 0.14236523 -0.06755487
-0.68405414 -0.06510434 -0.72652006 0.19979052 0.94119734 -0.27245435
-0.15440805 -0.95564824 0.25078791 -0.97132820 0.10038606 -0.21550930
-0.40789038 0.77187550 0.48768198 -0.75130236 0.01976532 -0.65966219
0.04569351 -0.85441756 -0.51757401 -0.99868220 -0.02695120 -0.04367629
0.04707590 -0.81828451 -0.57288253 -0.99873698 -0.02847486 -0.04139751
0.03848761 -0.83065307 -0.55545861 -0.99911904 -0.02268200 -0.03530924
0.03471708 -0.93773842 -0.34560308 -0.99917847 -0.02533382 -0.03163181
0.03647107 -0.99424237 -0.10075733 -0.99913508 -0.03426259 -0.02356366
-0.84340447 -0.02950411 -0.53646851 0.16683199 0.93475366 -0.31369209
-0.44732681 0.84497654 0.29310974 -0.87542051 -0.34656131 -0.33694842
-0.49911141 0.71870440 0.48409888 -0.83770877 -0.25728673 -0.48171329
-0.23081806 -0.84158289 0.48832503 -0.95576721 0.10207848 -0.27584258
-0.19615710 -0.90825802 0.36958057 -0.97324455 0.13434109 -0.18640715
-0.16300054 -0.95478606 0.24862495 -0.97089386 0.11040352 -0.21254697
-0.16045918 -0.96529597 0.20604987 -0.97815597 0.12756191 -0.16413070
-0.15123034 -0.97655058 0.15322648 -0.98197758 0.13064124 -0.13657573
-0.14378142 -0.98547560 0.09035949 -0.98885560 0.14663503 0.02574337
-0.68416440 -0.06363850 -0.72654617 0.23642345 0.92304003 -0.30348158
-0.14511225 -0.96113414 0.23486938 -0.95506084 0.07405991 -0.28700861
-0.33818260 0.86866277 0.36201882 -0.83001447 -0.09402157 -0.54975986
0.04592956 -0.84524357 -0.53240389 -0.99867183 -0.02639606 -0.04424736
0.04019147 -0.81382287 -0.57972157 -0.99906337 -0.02342202 -0.03638376
0.03808560 -0.81371689 -0.58001244 -0.99895430 -0.01631114 -0.04271136
0.03291938 -0.94316673 -0.33068544 -0.99941844 -0.02812057 -0.01928675
-0.99934441 -0.02647214 -0.02469912 -0.02607999 0.99953073 -0.01606647
-0.17838122 -0.89481443 0.40925220 -0.89979517 -0.01996861 -0.43585539
-0.54101598 0.78661013 0.29756728 -0.74957967 -0.29056704 -0.59472781
-0.24582371 -0.80398726 0.54145664 -0.94960093 0.08766432 -0.30095372
-0.20859870 -0.89190662 0.40123466 -0.95276827 0.09273602 -0.28919324
-0.95374858 0.10501710 -0.28166479 0.14379123 0.98222256 -0.12067723
-0.19499607 -0.90959650 0.36689329 -0.95795834 0.09635942 -0.27024186
-0.16073705 -0.95188528 0.26091760 -0.96376532 0.09435147 -0.24950796
-0.98539972 0.09877904 -0.13867305 0.11254239 0.98907775 -0.09518143
-0.99351692 0.10585624 0.04145616 0.10551804 0.99436438 -0.01026921
-0.96254212 0.21050143 0.17088534 0.18638705 0.97144741 -0.14679861
-0.62675411 -0.09613145 -0.77326453 0.23036273 0.92514467 -0.30172893
-0.41484514 0.73536468 0.53585660 -0.88791233 -0.19851191 -0.41497567
-0.41939500 0.77919704 0.46578953 -0.79276508 -0.06437135 -0.60611874
0.04453894 -0.87126791 -0.48878276 -0.99892479 -0.03253878 -0.03302298
0.03850303 -0.82221138 -0.56787854 -0.99922943 -0.02734380 -0.02815914
0.02890248 -0.97657263 -0.21323843 -0.99946898 -0.02502275 -0.02087148
0.03113217 -0.99613142 -0.08217697 -0.99947393 -0.03027743 -0.01162734
-0.66581798 0.59205049 0.45405135 -0.69227338 -0.26322871 -0.67191380
-0.22037476 -0.88412768 0.41201115 -0.95807421 0.11690538 -0.26158541
-0.20580238 -0.89701861 0.39115611 -0.95280313 0.09251370 -0.28914958
-0.16534610 -0.94952035 0.26659298 -0.96240574 0.09628131 -0.25397876
-0.19425300 -0.91152126 0.36248410 -0.95978665 0.10026390 -0.26221508
-0.95991677 0.08847398 -0.26595542 0.12979606 0.98131639 -0.14202552
-0.95928049 0.08513304 -0.26932022 0.13628869 0.97466606 -0.17734575
-0.98720610 0.09639250 -0.12701438 0.10439642 0.99284726 -0.05792852
-0.96431077 0.21011831 0.16110577 0.18638353 0.97086400 -0.15061325
-0.96274370 0.21131271 0.16873516 0.18802787 0.97156465 -0.14390182
-0.38993880 0.84510875 0.36570337 -0.91560131 -0.31352788 -0.25174314
-0.38001949 0.86943054 0.31571469 -0.90237010 -0.27346468 -0.33308461
0.65775234 0.20074177 0.72599214 -0.50662661 0.83114499 0.22918883
0.03835725 -0.83950645 -0.54199415 -0.99926203 -0.03111508 -0.02252355
0.02804039 -0.94524717 -0.32514840 -0.99960619 -0.02614555 -0.01019640
0.02943368 -0.99638051 -0.07974707 -0.99951166 -0.02850079 -0.01281151
0.02860611 -0.99691492 0.07309157 -0.99941730 -0.02988674 -0.01648742
-0.57496387 0.75715327 0.31005713 -0.65264267 -0.19588247 -0.73190683
-0.67520964 0.56950784 0.46877801 -0.69039017 -0.26416606 -0.67348182
-0.24995495 -0.82495552 0.50692308 -0.94535130 0.09471923 -0.31199235
-0.20889252 -0.90337360 0.37453979 -0.92200136 0.05425570 -0.38336653
-0.17370166 -0.94097161 0.29051712 -0.95199853 0.08494212 -0.29408118
-0.17643672 -0.94232959 0.28440294 -0.95203298 0.08998508 -0.29246518
-0.94815886 0.07983971 -0.30760434 0.14793147 0.96754926 -0.20485300
-0.96021324 0.08364694 -0.26644662 0.13728470 0.97223097 -0.18952557
-0.98299074 0.08909258 -0.16059814 0.09293552 0.99553436 -0.01656322
-0.87645859 0.22791733 0.42411563 0.26563603 0.96357054 0.03113438
-0.95971864 0.21196963 0.18441544 0.19307420 0.97439724 -0.11520582
-0.31900731 0.87502348 0.36409914 -0.93138802 -0.36052352 0.05039011
-0.39720383 0.84273285 0.36336017 -0.89767945 -0.27446303 -0.34473431
0.57781804 0.13630615 0.80470306 -0.45390669 0.87308103 0.17803982
0.03482653 -0.83624810 -0.54724431 -0.99938679 -0.02714758 -0.02211637
0.02702897 -0.95043355 -0.30975085 -0.99962705 -0.02690826 -0.00466304
0.02854340 -0.99803644 0.05575356 -0.99956006 -0.02894786 -0.00646015
0.02736596 -0.99328488 0.11241158 -0.99950027 -0.02896878 -0.01264957
-0.68539435 0.60136449 0.41060370 -0.60754132 -0.16142277 -0.77771223
-0.75290263 0.37710196 0.53938103 -0.63544148 -0.20318365 -0.74493665
-0.25651404 -0.81073684 0.52621895 -0.93620050 0.07307124 -0.34378663
-0.19937454 -0.92214203 0.33151740 -0.94837528 0.09642603 -0.30213618
-0.88307792 0.05240288 -0.46629101 0.11441990 0.98779529 -0.10568157
-0.96488333 0.08495669 -0.24856098 0.11840224 0.98533815 -0.12284024
-0.98253417 0.08932114 -0.16324352 0.10711391 0.98882961 -0.10364696
-0.88473362 0.22985315 0.40548000 0.24778698 0.96877718 -0.00851091
-0.96011704 0.21252480 0.18168262 0.18999006 0.97263563 -0.13373049
-0.30926585 0.88135356 0.35717019 -0.93632418 -0.34788266 0.04769306
-0.34763086 0.91068143 0.22318664 -0.93760979 -0.33601099 -0.08935633
0.53812802 0.12018713 0.83425015 -0.42223093 0.89507276 0.14340790
