0.06389518 0.66408408 -0.74492264 -0.98590350 0.15766788 0.05599270
0.04552054 0.60635906 -0.79388708 -0.99081260 0.12871723 0.04150028
0.04392657 0.60614395 -0.79414111 -0.99077290 0.12845038 0.04323937
0.01090052 0.50228602 -0.86463290 -0.99931502 0.03605371 0.00834600
0.04436977 0.72079676 -0.69172490 -0.98586661 0.14356045 0.08635692
0.10743038 0.93246037 -0.34492955 -0.98533386 0.14612065 0.08812498
0.13591275 0.98169982 -0.13339147 -0.98669738 0.14625023 0.07098684
0.13470961 0.98157138 -0.13554005 -0.98725939 0.14464611 0.06630599
0.15565206 0.98054838 0.11957145 -0.98489857 0.14476191 0.09496803
0.98407090 -0.12158713 -0.12969615 0.12467258 0.99207038 0.01591181
0.98636889 -0.11950936 -0.11311051 0.11948720 0.99281114 -0.00699995
0.16595732 0.97287840 0.16113932 -0.97980219 0.14418963 0.13855332
0.16385496 0.97546273 0.14705117 -0.97873962 0.14210986 0.14789745
0.16509821 0.97546297 0.14565223 -0.97703636 0.14158981 0.15922403
0.16765532 0.96945924 0.17899863 -0.97831255 0.14120565 0.15154411
0.15770306 0.97327012 0.16695826 -0.97939080 0.13255283 0.15239258
0.98081827 -0.13175918 -0.14364892 0.10481507 0.97783780 -0.18123759
0.06012644 0.84215224 -0.53587723 -0.97613811 0.16182888 0.14479595
0.07229306 0.89571166 -0.43871906 -0.97982657 0.14595060 0.13652244
0.07010127 0.94196910 -0.32829875 -0.97968870 0.12699421 0.15518545
0.06557195 0.94895631 -0.30851620 -0.97964507 0.12000783 0.16091527
0.04813378 0.92093962 -0.38672137 -0.99383330 0.00543697 -0.11075114
0.02752272 0.82958674 -0.55769926 -0.99364763 0.08360615 0.07532852
0.02972777 0.83990532 -0.54191810 -0.98985171 0.10010845 0.10085570
0.01473015 0.64787728 -0.76160234 -0.98164660 0.15421242 0.11219887
0.00551369 0.62144518 -0.78343827 -0.98067611 0.15657464 0.11729757
0.04691817 0.76181567 -0.64609259 -0.99852198 0.05353243 -0.00939027
0.03718821 0.73559380 -0.67640144 -0.97830635 0.16483943 0.12547788
0.02080933 0.67926198 -0.73360080 -0.99025667 0.11505700 0.07844494
0.02789628 0.69071895 -0.72258502 -0.99589676 0.08146017 0.03941996
0.06337777 0.51428533 -0.85527414 -0.99083430 -0.07001342 -0.11552289
0.11644784 0.34092349 -0.93285108 -0.95646042 -0.21459329 -0.19782113
0.94200552 0.21186163 0.26026964 0.20424783 0.25343734 -0.94554341
0.88252825 0.38589475 0.26875499 0.15961266 0.29177308 -0.94307601
0.11199045 0.40049660 -0.90942878 -0.94644803 -0.23589334 -0.22043246
0.07812728 0.48049727 -0.87350935 -0.99232179 0.12174974 -0.02178223
0.06661986 0.61017060 -0.78946418 -0.99123073 -0.05002329 -0.12230878
0.91631180 0.32297072 0.23677546 0.12155124 0.33905420 -0.93288136
0.88486642 0.38755429 0.25848240 0.11447577 0.35695267 -0.92708153
0.84607333 0.46034044 0.26878732 0.06739893 0.40780216 -0.91057944
0.84082192 0.46711466 0.27353689 0.07593243 0.39854652 -0.91399944
0.81950414 0.50128573 0.27771509 -0.04030402 0.53382218 -0.84463573
0.84919250 0.44958133 0.27703571 0.05400091 0.44792759 -0.89243758
0.17377456 0.80513293 -0.56706566 -0.83013290 -0.19002099 -0.52418649
0.87624353 0.41410723 0.24639916 0.06089124 0.41208628 -0.90910792
0.04537345 0.58729202 -0.80810231 -0.96168870 -0.19325218 -0.19444393
0.09738398 0.76756477 -0.63353038 -0.95123237 -0.11542597 -0.28606632
0.11196417 0.76246661 -0.63726658 -0.87931526 -0.22271116 -0.42095667
0.16256110 0.70033145 -0.69506103 -0.84686452 -0.26247036 -0.46252558
0.62313086 0.27710196 0.73138398 0.02825271 0.92654753 -0.37511528
0.81020033 0.20610714 0.54872155 -0.01023807 0.94097346 -0.33832547
0.87023586 0.41051501 0.27233613 0.10724372 0.38169137 -0.91804719
0.04984679 0.89365852 -0.44597062 -0.99577266 0.07896032 0.04692574
0.03902518 0.85828888 -0.51168090 -0.99454552 0.08293226 0.06325723
0.05583097 0.99425226 -0.09135257 -0.99829507 0.05714905 0.01187459
0.06143762 0.99274760 0.10333275 -0.99809754 0.06057082 0.01150846
0.08545798 0.98080343 0.17527597 -0.99629593 0.08243252 0.02448329
0.08727802 0.94145536 0.32564449 -0.99135906 0.11421785 -0.06450951
0.08992544 0.94060028 0.32739052 -0.99109328 0.11693306 -0.06372444
0.10198209 0.96091247 0.25738472 -0.98984748 0.12377013 -0.06987800
0.10614471 0.96864641 0.22462747 -0.98873341 0.12679504 -0.07955725
0.11757772 0.98181170 0.14906818 -0.99259883 0.12078352 -0.01260619
0.07735728 0.94223255 0.32590446 -0.98010767 0.13179280 -0.14839010
0.10618569 0.98862028 -0.10655799 -0.99347192 0.10997457 0.03031767
0.10865843 0.96593785 -0.23485626 -0.98828369 0.13044085 0.07925023
0.08015363 0.88443393 -0.45973045 -0.98515707 0.14052479 0.09858160
0.11314048 0.96934211 -0.21811722 -0.98529768 0.13774483 0.10106856
0.12875603 0.99011046 -0.05570675 -0.99145770 0.12734486 -0.02819580
0.11101291 0.88275129 -0.45653737 -0.98077863 0.17148535 0.09309172
0.06930028 0.75912070 -0.64725047 -0.97939056 0.17515723 0.10056919
0.07311540 0.74879390 -0.65875781 -0.98102325 0.17293093 0.08768280
0.07890801 0.78125352 -0.61920631 -0.98768038 0.14546882 0.05767404
-0.00056910 0.56918752 -0.82220757 -0.98024678 0.16229679 0.11303128
0.02202988 0.64153391 -0.76677835 -0.98643506 0.13873819 0.08773617
0.01764470 0.62949401 -0.77680504 -0.98663020 0.13685714 0.08849321
0.02196445 0.65945601 -0.75142217 -0.98471498 0.14416589 0.09773777
0.01827138 0.66186279 -0.74940228 -0.98280185 0.14964336 0.10820118
0.09600512 0.76825774 -0.63290054 -0.98638844 0.15870455 0.04302044
0.09757560 0.79558700 -0.59793001 -0.99355036 0.11274142 -0.01212629
0.10448267 0.84535486 -0.52388805 -0.99367219 0.11056711 -0.01976202
0.10763294 0.85418952 -0.50869972 -0.99336827 0.11320823 -0.02008625
0.10665977 0.84362930 -0.52622563 -0.99378341 0.10743725 -0.02918804
0.10945765 0.82764494 -0.55047512 -0.99351746 0.10819659 -0.03487847
0.11490459 0.92932737 -0.35092387 -0.99310029 0.09913538 -0.06264195
0.12103143 0.94965214 -0.28898489 -0.99145061 0.12994851 0.01179710
0.11457106 0.92888069 -0.35221335 -0.99330765 0.11233133 -0.02686417
0.11418025 0.93311733 -0.34096196 -0.99346006 0.10728239 -0.03908496
0.13971876 0.97089201 -0.19454409 -0.98786914 0.12322678 -0.09449766
0.13955003 0.96886945 -0.20449412 -0.98854560 0.12432472 -0.08556302
0.13789259 0.97508919 -0.17374322 -0.98942786 0.12765811 -0.06881834
0.13692696 0.97505510 -0.17469564 -0.98956776 0.12666762 -0.06863716
0.13549057 0.97675061 -0.16613433 -0.99032295 0.12842548 -0.05260640
0.13636348 0.95720935 -0.25525522 -0.99065739 0.13220772 -0.03345296
0.97777575 -0.15389255 0.14237900 0.14970246 0.98793167 0.03975227
0.97863156 -0.15167353 0.13883592 0.14678214 0.98815030 0.04487745
0.12556355 0.98711336 -0.09920225 -0.98825938 0.11567882 -0.09980881
0.11305034 0.92141783 -0.37176457 -0.99351668 0.10935511 -0.03108326
0.11786868 0.91764575 -0.37951708 -0.99109846 0.13252982 0.01263701
0.08471106 0.71753019 -0.69135702 -0.98961717 0.14144118 0.02553931
0.08551783 0.71872437 -0.69001591 -0.98989612 0.13990907 0.02304627
0.10850315 0.87328464 -0.47497484 -0.99141788 0.13010892 0.01273788
0.11212446 0.89142114 -0.43908605 -0.98733282 0.14985940 0.05211663
0.11200840 0.88894182 -0.44411319 -0.98679787 0.15211497 0.05559777
0.13399908 0.98614353 -0.09780204 -0.99033260 0.12968671 -0.04922131
0.08570237 0.92331940 -0.37434801 -0.99409157 0.10436548 0.02982968
0.06268248 0.78979820 -0.61015552 -0.97892576 0.16771109 0.11652182
0.01270530 0.64024729 -0.76806384 -0.98064548 0.15806639 0.11554012
0.01330032 0.65055811 -0.75933993 -0.98140788 0.15391172 0.11467260
0.17173485 0.94589227 0.27530882 -0.96165848 0.10030534 0.25524870
0.18253882 0.94566989 0.26905030 -0.96564013 0.12095056 0.23002201
0.17039466 0.96415091 0.20341757 -0.97767758 0.13966756 0.15696993
0.15135315 0.96652424 0.20717902 -0.98262960 0.12434614 0.13775773
0.15420628 0.95607060 0.24929802 -0.98016536 0.11623828 0.16051334
0.11745775 0.95185798 0.28314310 -0.99237400 0.10176966 0.06954699
0.15395625 0.96887618 0.19384637 -0.98032743 0.12525629 0.15254208
0.09750429 0.97846764 -0.18191777 -0.99374270 0.10572431 0.03602527
0.07697349 0.93075722 -0.35744384 -0.99567235 0.09048326 0.02119935
0.17002320 0.96775931 0.18583359 -0.97794318 0.14248526 0.15272567
0.12171177 0.96655941 -0.22571948 -0.97949463 0.15374641 0.13020150
0.15202902 0.98516351 0.07962471 -0.98483616 0.14418004 0.09648734
0.15157202 0.98212248 0.11163083 -0.98611057 0.14248717 0.08534291
0.10441754 0.93039745 -0.35136533 -0.98529220 0.14482711 0.09068906
0.03995385 0.71543813 -0.69753277 -0.98561490 0.14294764 0.09016219
0.02184521 0.64235789 -0.76609343 -0.98518556 0.14420184 0.09281844
0.08381056 0.72401154 -0.68467736 -0.98991203 0.13926147 0.02608795
0.04921450 0.62407029 -0.77981681 -0.99228227 0.11952108 0.03302684
0.08117879 0.70678663 -0.70275360 -0.99385095 0.11067147 -0.00349837
