-0.16130136 0.36220536 -0.91803551 -0.96616966 0.13172649 0.22173056
0.13442239 0.42755210 -0.89394063 -0.99066263 0.03725860 -0.13114658
0.13302451 0.48409808 -0.86484301 -0.98657674 -0.01871215 -0.16222301
0.95773125 0.21006396 0.19652988 0.15331133 0.20534708 -0.96660656
0.95646340 0.21568996 0.19661033 0.15323080 0.20222171 -0.96727800
0.92313266 0.31729868 0.21713498 0.27534506 -0.15141477 -0.94934648
-0.86855388 -0.36947775 -0.33030358 -0.40748417 0.15305798 0.90029442
-0.88321453 -0.29434606 -0.36509261 -0.45755503 0.37013951 0.80848020
-0.89373380 -0.29115900 -0.34127170 -0.42803371 0.32578805 0.84300023
-0.90721250 -0.18431260 -0.37814605 -0.42051131 0.37242877 0.82732522
-0.91739464 -0.18144304 -0.35421118 -0.38499761 0.17914589 0.90536386
-0.91289651 -0.21651366 -0.34603739 -0.38902915 0.20480117 0.89817190
0.99143600 0.12773572 -0.02717230 -0.02451396 -0.02233784 -0.99944991
-0.05043336 0.25901118 -0.96455681 -0.99634004 -0.07978720 0.03067005
-0.05350531 0.21999495 -0.97403258 -0.98865080 -0.14879887 0.02070060
-0.12086313 0.61089504 -0.78243172 -0.99020565 -0.12969196 0.05169930
-0.12244174 0.71599764 -0.68728125 -0.99246103 -0.08455727 0.08872037
-0.12022649 0.80099237 -0.58647841 -0.99176919 -0.12311564 0.03516284
-0.10035954 0.60372126 -0.79085308 -0.99449122 -0.08503673 0.06128597
-0.15554027 0.88240659 -0.44403371 -0.98690593 -0.15824421 0.03123157
-0.14183897 0.77743626 -0.61275983 -0.98928815 -0.13290708 0.06037087
-0.14099951 0.77997833 -0.60971552 -0.98790359 -0.15100080 0.03528951
-0.13154167 0.67661405 -0.72449309 -0.98135364 -0.19220659 -0.00132618
-0.05593668 0.58342659 -0.81023741 -0.98043960 -0.18547225 -0.06586574
-0.06824732 0.59932816 -0.79758888 -0.99441355 -0.10538942 0.00589679
-0.13406265 0.69592190 -0.70549268 -0.97348958 -0.22562429 -0.03757416
-0.12939844 0.71875423 -0.68311667 -0.97442514 -0.21980722 -0.04669523
-0.07078914 0.72363305 -0.68654513 -0.96957332 -0.21161404 -0.12307368
-0.08923612 0.79097319 -0.60530841 -0.97551721 -0.19205491 -0.10715019
-0.02128846 0.60298806 -0.79746616 -0.88983929 -0.37505940 -0.25983924
-0.07235266 0.80725759 -0.58574772 -0.99400145 -0.10665467 -0.02420691
-0.02294753 0.45029333 -0.89258575 -0.99927163 -0.03756153 0.00674122
-0.01397164 0.44406089 -0.89588767 -0.99961418 -0.02771543 0.00185170
-0.03245627 0.79774249 -0.60212427 -0.99718523 -0.06658609 -0.03446737
-0.05024135 0.85895967 -0.50957245 -0.99760830 -0.06741225 -0.01527401
-0.00220028 0.50429833 -0.86352676 -0.99996674 -0.00789147 -0.00206067
0.00731758 0.65918958 -0.75194120 -0.99968249 -0.01330987 -0.02139660
0.01214737 0.82710129 -0.56192172 -0.99986631 0.00389388 -0.01588320
-0.00415698 0.83604652 -0.54864293 -0.99994916 -0.00851855 -0.00540449
-0.01029034 0.95735949 -0.28871593 -0.99017072 -0.05003163 -0.13060957
-0.00022030 0.93873608 -0.34463686 -0.99507380 -0.03437194 -0.09298764
0.01044910 0.91674697 -0.39933172 -0.99981946 0.00323967 -0.01872440
0.02190020 0.95733058 -0.28816408 -0.99749243 0.00152035 -0.07075763
0.02334549 0.96858180 -0.24759711 -0.99914020 0.03109268 0.02742513
0.03217709 0.96863651 -0.24639001 -0.99947435 0.03215764 -0.00410372
0.03669227 0.95009375 -0.30979943 -0.99930203 0.03705859 -0.00470474
0.03679833 0.98778921 -0.15138817 -0.99192262 0.05450612 0.11453646
0.04680450 0.99161381 -0.12046362 -0.99761087 0.05253726 0.04486004
0.05276040 0.99550587 -0.07864090 -0.99759597 0.05608650 0.04070245
0.05438975 0.99102539 -0.12210859 -0.99849784 0.05479199 -0.00006374
0.98711669 -0.03897455 0.15518238 0.05731476 0.99164981 -0.11552382
0.98671031 -0.04238747 0.15686351 0.06134343 0.99111128 -0.11804844
0.05594458 0.99635214 -0.06444176 -0.99818611 0.05437611 -0.02584273
0.99828386 -0.04446794 0.03810568 0.04564841 0.99848604 -0.03068995
0.98486888 -0.04917885 -0.16617708 0.04593055 0.99867207 -0.02333638
0.96854097 -0.04911060 -0.24396013 0.06018118 0.99745899 0.03812970
0.95864433 -0.05038845 -0.28011101 -0.01956953 0.97020310 -0.24150157
0.96945363 -0.05219249 -0.23965739 0.03990709 0.99764216 -0.05583540
0.97430480 -0.05300840 -0.21890737 0.06020884 0.99783802 0.02634885
0.96993041 -0.05458694 -0.23718195 0.06104616 0.99793518 0.01996906
0.90916276 -0.05115122 -0.41328770 0.08002487 0.99539119 0.05284493
0.97926092 -0.05386398 -0.19531192 0.03930560 0.99620432 -0.07766601
0.97561449 -0.05429630 -0.21266934 0.04295323 0.99741518 -0.05760193
0.98885894 -0.05324781 -0.13900626 0.04976863 0.99835724 -0.02838851
0.94966125 -0.02424331 0.31233934 0.09208554 0.97455901 -0.20434035
0.96316624 -0.07403091 -0.25851545 0.10408822 0.98905522 0.10457247
0.92403060 -0.06327318 -0.37704641 0.07681753 0.99682450 0.02097749
0.93584460 -0.05571563 -0.34798101 -0.01348264 0.98104018 -0.19333504
0.97411174 -0.03531719 -0.22329156 0.00266608 0.98944765 -0.14486648
0.92920613 -0.07911591 -0.36099410 -0.04098540 0.94872910 -0.31342191
0.99734640 -0.02634299 0.06786918 0.03012068 0.99801797 -0.05525294
0.99586767 -0.03785620 0.08255056 0.04059371 0.99867153 -0.03173878
0.91745198 0.02408385 0.39711690 0.03660308 0.98882288 -0.14453235
0.82420170 0.03339564 0.56531084 -0.05209923 0.99849766 0.01697263
0.90380514 0.02171040 0.42739323 0.11988157 0.94588029 -0.30156073
0.89685601 0.02481109 0.44162619 0.12800355 0.94114602 -0.31282476
0.79377919 0.09291317 0.60106719 0.18270329 0.90619189 -0.38136044
0.23363158 0.81421530 -0.53147876 -0.85952848 -0.08259366 -0.50437009
0.62802136 0.21374482 0.74826622 0.16411294 0.90353674 -0.39583871
0.81846762 0.07359709 0.56981957 0.18030012 0.90876389 -0.37635103
0.83967102 0.05550154 0.54025197 0.20247236 0.89105785 -0.40622759
0.84038430 0.05479008 0.53921461 0.20604676 0.88788307 -0.41134945
0.82890260 0.06834684 0.55520201 0.22660381 0.86640197 -0.44497016
0.96170503 -0.00469523 0.27404627 0.07261539 0.96848917 -0.23823458
0.07227161 0.91435218 -0.39841801 -0.97187072 -0.02521510 -0.23416145
0.02196946 0.97069114 -0.23932421 -0.98820615 -0.01520172 -0.15237294
0.02539517 0.96909964 -0.24535908 -0.99686778 0.00616039 -0.07884604
0.03016612 0.92809361 -0.37112293 -0.98949856 -0.02478152 -0.14240272
0.00623396 0.92455673 -0.38099343 -0.99173498 -0.04311069 -0.12084386
0.02568545 0.82459307 -0.56514299 -0.96636152 -0.12423556 -0.22519115
0.01935169 0.79808283 -0.60223705 -0.94064093 -0.18961225 -0.28149924
0.04604276 0.86762333 -0.49508578 -0.96142602 -0.09605557 -0.25774676
0.05214971 0.86535561 -0.49843770 -0.96481574 -0.08514043 -0.24876051
0.10299588 0.82369542 -0.55760002 -0.89502382 -0.16782697 -0.41323909
0.10697532 0.86187762 -0.49570489 -0.94326466 -0.06964706 -0.32465544
0.12860610 0.88383311 -0.44977733 -0.88570917 -0.10163856 -0.45297781
0.13430147 0.87903672 -0.45744678 -0.88258338 -0.10378779 -0.45855719
0.82464761 0.08694907 0.55892408 0.15281957 0.91712332 -0.36814535
0.98448634 -0.03757802 0.17139028 0.05744544 0.99199265 -0.11247505
0.05746406 0.99395961 -0.09350006 -0.99780518 0.05409364 -0.03819285
0.99326676 -0.01954830 -0.11418842 0.01640593 0.99946219 -0.02839449
0.91679639 -0.00631296 -0.39930511 -0.00081169 0.99984360 -0.01767100
0.99426877 -0.02064470 -0.10489706 0.01303863 0.99726975 -0.07268488
0.99321216 -0.01887497 -0.11477508 0.01115316 0.99765348 -0.06755152
0.99539316 -0.02936357 0.09127045 0.03281065 0.99879491 -0.03649933
0.98952830 -0.04086356 0.13843369 0.05516708 0.99334401 -0.10111558
0.03419148 0.98806828 -0.15017329 -0.99332309 0.01703140 -0.11410150
0.04777449 0.98577124 -0.16116016 -0.99264079 0.06482902 0.10228135
0.03681362 0.97843730 -0.20323691 -0.99268925 0.01241184 -0.12005834
0.01420062 0.91631669 -0.40020260 -0.99829090 0.03568446 0.04628136
0.01660041 0.91686547 -0.39885110 -0.99588084 -0.02040114 -0.08834659
0.01617643 0.96957272 -0.24426870 -0.99697393 -0.00293700 -0.07768132
0.01334199 0.95783299 -0.28701568 -0.99975711 0.01781433 0.01297629
-0.00141338 0.93834901 -0.34568653 -0.99249858 -0.04357585 -0.11422656
0.01147616 0.68843853 -0.72520393 -0.99992329 0.00451795 -0.01153461
-0.03502316 0.78688449 -0.61610568 -0.96311933 -0.19114543 -0.18937968
-0.14274178 0.77888602 -0.61070561 -0.97870982 -0.20301913 -0.03017162
-0.00230760 0.31277260 -0.94982529 -0.99967712 0.02331441 0.01010603
0.11401657 0.19098505 -0.97494876 -0.99312288 -0.00435880 -0.11699584
0.15157692 0.07168823 -0.98584241 -0.98796129 -0.02022555 -0.15337348
0.96314621 -0.19986920 0.18000479 0.12775075 -0.24900770 -0.96003902
0.97519964 -0.14661714 0.16579829 0.15224646 -0.09934017 -0.98333746
0.96026981 -0.24568053 0.13237463 0.13471803 -0.00732116 -0.99085695
0.95362192 -0.27694538 0.11792584 0.14523260 0.08017903 -0.98614347
0.95866644 -0.27784252 0.06133642 0.00917688 -0.18526469 -0.98264581
0.96018559 -0.27296567 0.05944263 0.01871562 -0.14944759 -0.98859251
0.98208910 -0.18441674 0.03861979 0.01423280 -0.13177322 -0.99117768
0.97850531 -0.20236644 0.03968900 0.00209271 -0.18270388 -0.98316580
0.96253145 -0.26942950 0.03067610 0.05158174 0.07085711 -0.99615192
0.96810985 -0.24919009 0.02583993 0.03450122 0.03045228 -0.99894065
0.91437584 -0.40430063 0.02139936 0.03579026 0.02806956 -0.99896502
0.94957685 -0.30681434 0.06456579 0.01339349 -0.16604656 -0.98602694
0.92984861 -0.36018538 0.07515409 0.04176251 -0.09961960 -0.99414885
0.16899623 0.43393236 -0.88495374 -0.94812787 0.31684908 -0.02569512
0.10439258 0.21770766 -0.97041517 -0.99191999 0.09352026 -0.08572518
0.99236184 -0.11990567 0.02899292 0.01582553 -0.10934236 -0.99387819
0.01835556 -0.16956569 -0.98534799 -0.99787796 0.05846984 -0.02865089
0.02847705 -0.16808803 -0.98536062 -0.99632919 0.07483953 -0.04156056
0.03749029 -0.15391526 -0.98737258 -0.99924952 0.00385919 -0.03854284
0.04740475 -0.13493495 -0.98971981 -0.99885345 -0.01303338 -0.04606532
0.09408227 0.10878050 -0.98960370 -0.99524868 -0.01475726 -0.09624112
0.98572564 0.13002165 0.10695511 0.08868144 0.13901867 -0.98631102
0.99130678 0.08843970 0.09741312 0.09147824 0.06885485 -0.99342376
0.00188976 0.40578902 -0.91396487 -0.97549802 -0.20032516 -0.09095886
-0.05375484 0.61051011 -0.79018217 -0.98263663 -0.17307097 -0.06687079
-0.10316931 0.74244493 -0.66191512 -0.97093672 -0.21965545 -0.09504420
-0.07245804 0.63816118 -0.76648557 -0.92651182 -0.32756576 -0.18513921
-0.10208604 0.68902701 -0.71750975 -0.91582948 -0.34669521 -0.20262997
-0.20175448 0.87152147 -0.44692892 -0.94111049 -0.29889914 -0.15802018
-0.21595500 0.91479385 -0.34134394 -0.94755876 -0.28069738 -0.15277906
-0.23551616 0.94199163 -0.23913166 -0.95779002 -0.26670027 -0.10728129
0.95027471 0.28702992 0.12079678 -0.27414793 0.95505995 -0.11270972
0.95576805 0.28635371 0.06714965 -0.28542602 0.95811921 -0.02323060
-0.18682021 0.90672773 -0.37807810 -0.96451837 -0.24237609 -0.10468102
-0.19302510 0.95696127 -0.21671759 -0.97725451 -0.20727417 -0.04484504
-0.16218995 0.90965617 -0.38238737 -0.98320717 -0.18183136 -0.01552798
0.93897575 0.25391194 0.23206314 -0.27726665 0.95796019 0.07372633
-0.30322161 0.91925383 0.25105596 -0.89815116 -0.18766586 -0.39762557
-0.29161590 0.89291525 0.34301972 -0.95163786 -0.30706906 -0.00969636
-0.28861529 0.94371897 0.16154177 -0.95681494 -0.29041123 -0.01290588
-0.26112849 0.94313478 0.20569082 -0.96524978 -0.25737762 -0.04527381
-0.24175508 0.96382248 0.11225333 -0.97029072 -0.24125461 -0.01822747
-0.21540448 0.97091526 0.10452027 -0.97632104 -0.21630943 -0.00273450
-0.20135750 0.97186273 0.12222069 -0.97935742 -0.20200950 -0.00716294
-0.18751284 0.97673988 -0.10401002 -0.98225784 -0.18614239 0.02281814
-0.18778008 0.93213516 -0.30961695 -0.98109752 -0.19301088 0.01394731
-0.16255331 0.77927780 -0.60522938 -0.98488808 -0.16529943 0.05168726
-0.14829750 0.92691040 -0.34473887 -0.98889422 -0.13553284 0.06098458
-0.12202004 0.73563468 -0.66629785 -0.98693699 -0.16108067 0.00289596
-0.16356860 0.84497952 -0.50917095 -0.98366237 -0.10035390 0.14945722
-0.14273119 0.89894640 -0.41415358 -0.98930210 -0.14232264 0.03202636
-0.10511937 0.87695938 -0.46892661 -0.98319453 -0.02087497 0.18136375
-0.06929507 0.93882841 -0.33734173 -0.97499746 0.00783278 0.22207792
0.00409025 0.86749786 -0.49742413 -0.93240911 0.18307135 0.31160575
0.62340993 0.61437839 -0.48363131 -0.69216365 0.72133702 0.02413453
-0.19631523 0.96945494 0.14702919 -0.97818935 -0.20400873 0.03906565
-0.19799569 0.95257604 0.23107705 -0.97732592 -0.20989932 0.02786409
0.95552462 0.22812629 -0.18689872 -0.18891944 0.96012837 0.20606537
0.95991760 0.22168444 -0.17150605 -0.18066905 0.95721132 0.22606458
0.94391066 0.24274817 -0.22384378 -0.24682374 0.96900851 0.01003143
0.92918986 0.23968172 -0.28135192 -0.21120703 0.96902704 0.12797725
0.96909553 0.22570302 0.09955928 -0.22737630 0.97379065 0.00564352
-0.19919889 0.94021249 0.27626139 -0.97242630 -0.22453745 0.06300794
0.96234369 0.23797682 -0.13138397 -0.21173765 0.95932359 0.18672305
-0.21480604 0.93523318 0.28142017 -0.97662050 -0.20320484 -0.07014436
-0.20562206 0.84012425 0.50190723 -0.97611856 -0.21279687 -0.04370469
-0.19476062 0.92298919 0.33190247 -0.96681362 -0.12360574 -0.22359118
-0.20345600 0.94370162 0.26083118 -0.96189624 -0.24235909 0.12656109
0.86392492 0.32376230 -0.38576138 -0.07772310 0.84251189 0.53304118
0.68107516 0.44401231 -0.58222824 -0.06260975 0.82756436 0.55786848
-0.05511935 0.77809107 0.62572849 -0.93820947 -0.25479215 0.23418778
0.85934359 0.34045732 -0.38159859 -0.14824282 0.87998563 0.45127535
0.82340753 0.37342495 -0.42726332 -0.03365573 0.78376520 0.62014478
-0.15101220 0.81820422 0.55474067 -0.95056313 -0.27422708 0.14570257
-0.15340096 0.82806522 0.53923672 -0.92786634 -0.30840731 0.20964032
-0.03298265 0.64318407 0.76500094 -0.90563834 -0.34300193 0.24933702
-0.18950899 0.89338249 0.40737453 -0.97966945 -0.19985852 -0.01744359
0.96116287 0.23257582 0.14857471 -0.24399105 0.96768755 0.06363428
-0.19059213 0.94408971 0.26901528 -0.98018163 -0.16793716 -0.10507645
0.90712100 0.22063012 0.35840476 -0.23903757 0.97098309 0.00727640
0.78831571 0.24141076 0.56593221 -0.17837396 0.96997881 -0.16529953
0.93511689 0.23247068 -0.26742059 -0.16928691 0.95610291 0.23918441
0.03234782 0.74930674 0.66143262 -0.92235297 -0.23253301 0.30853435
-0.22904129 0.97275090 0.03599775 -0.97300953 -0.22771935 -0.03736888
-0.21552259 0.80162805 0.55762225 -0.97446442 -0.21340026 -0.06985280
-0.25484523 0.73754990 0.62535912 -0.94824731 -0.06392816 -0.31103101
-0.20373634 0.90744537 0.36747020 -0.96317434 -0.11851379 -0.24134968
-0.22583778 0.95501268 -0.19221880 -0.96683949 -0.24388534 -0.07577138
-0.16663934 0.86651701 -0.47050998 -0.96518117 -0.24092975 -0.10187364
-0.07936701 0.59232175 -0.80178297 -0.95300555 -0.28099039 -0.11324700
-0.09017084 0.72222674 -0.68575346 -0.98438305 -0.16916335 -0.04872255
0.92422646 0.35951269 0.12867075 -0.01834956 0.37839812 -0.92546111
0.01324818 0.34664401 -0.93790323 -0.94697475 -0.29680285 -0.12307307
0.95012319 0.29866213 0.08981580 0.05842110 0.11244988 -0.99193853
0.93391418 0.34586540 0.09045129 0.06866308 0.07476502 -0.99483448
0.93335825 0.34981263 0.08045841 0.06648264 0.05179924 -0.99644214
0.98515075 0.15087207 0.08194918 0.07194604 0.07061619 -0.99490559
0.98294336 0.16464172 0.08194850 0.07001098 0.07705434 -0.99456584
0.08526980 0.33756822 -0.93743098 -0.96066600 -0.22171471 -0.16722259
0.12607379 0.20882964 -0.96979153 -0.97537702 0.20441875 -0.08278147
0.85308856 -0.36169052 0.37605846 0.44324380 0.12212031 -0.88804370
0.88576323 -0.25866610 0.38537696 0.35838133 -0.14645457 -0.92201626
0.91097856 -0.15792404 0.38102257 0.37851745 -0.04685114 -0.92440772
0.91420043 -0.12916021 0.38412920 0.38115251 -0.04802490 -0.92326403
-0.90824956 0.06185645 -0.41383159 -0.38449356 0.26678342 0.88373721
-0.91365600 -0.00651786 -0.40643612 -0.39858702 0.21054970 0.89263499
0.91696250 -0.15773445 0.36646920 0.32095107 -0.25400761 -0.91239822
0.93949604 -0.10033674 0.32753581 0.32048985 -0.08019206 -0.94385147
0.95884591 -0.06090313 0.27731809 0.27565017 -0.03443351 -0.96064115
0.96719754 -0.05255372 0.24852984 0.24715208 -0.03136897 -0.96846884
0.93730134 -0.12454834 0.32550573 0.32583770 -0.01827306 -0.94524914
-0.92697233 -0.08654922 -0.36500910 -0.37419152 0.14455424 0.91601574
-0.92422968 -0.14333451 -0.35391355 -0.38039333 0.26510099 0.88601494
-0.92666388 -0.14285424 -0.34768772 -0.37444785 0.26984337 0.88711524
-0.91261208 -0.04833824 -0.40595901 -0.39662901 0.34543261 0.85050678
-0.91311896 -0.06101009 -0.40310252 -0.40075895 0.31590661 0.85999733
0.88527638 -0.25631750 0.38805553 0.37052605 -0.11554687 -0.92160696
0.31392601 0.30846676 -0.89794141 -0.93568027 0.26098478 -0.23746453
0.12222286 0.08366446 -0.98897010 -0.99198353 0.04252517 -0.11899774
0.98073566 0.17395879 0.08885898 0.08521500 0.02832047 -0.99596006
0.99170834 0.09330899 0.08836325 0.09105317 -0.02496698 -0.99553299
0.99234146 0.09173413 0.08272419 0.08623416 -0.03497609 -0.99566078
0.04824598 -0.05657186 -0.99723214 -0.99843842 -0.03088004 -0.04655255
0.06412177 -0.12499944 -0.99008262 -0.99598128 -0.07017935 -0.05564354
0.05450659 -0.15090346 -0.98704469 -0.99086887 -0.13025999 -0.03480309
0.99367440 0.07672329 0.08200518 0.08308667 -0.01100624 -0.99648154
0.97545987 0.20754743 0.07349943 0.09644163 -0.10266730 -0.99002951
0.96941435 0.22398482 0.10033261 0.07556505 0.11655311 -0.99030566
0.90441066 0.40879264 0.12218827 0.02217060 0.24096695 -0.97028005
-0.06235970 0.70110315 -0.71032792 -0.99323362 -0.11345731 -0.02478788
0.13474520 0.43470818 -0.89043385 -0.98867172 0.11894737 -0.09154119
0.01050583 0.37449822 -0.92716813 -0.97120988 -0.21686295 -0.09859933
0.95934963 0.26229548 0.10416040 0.06203585 0.16405790 -0.98449814
0.98519307 0.14455691 0.09218478 0.10812327 -0.10657447 -0.98840845
0.04690304 -0.15095727 -0.98742700 -0.99825382 -0.04261924 -0.04090171
0.02406777 -0.21267731 -0.97682607 -0.99164432 0.11879309 -0.05029684
0.10866112 0.21819040 -0.96983802 -0.99155092 0.09332236 -0.09009855
0.99402207 -0.10550913 0.02806945 0.01663985 -0.10768669 -0.99404562
0.01544585 -0.18428481 -0.98275155 -0.99307352 0.11166590 -0.03654758
0.95338297 -0.29330668 0.07093791 0.02997161 -0.14187779 -0.98943037
0.98715061 0.01682223 0.15890458 0.15874588 0.01039169 -0.98726481
-0.06349221 0.33154696 -0.94129986 -0.99175096 -0.12619925 0.02244501
-0.15537122 0.77647305 -0.61069590 -0.97682756 -0.21287920 -0.02214536
-0.06974290 0.35343859 -0.93285424 -0.99272442 -0.11660124 0.03004124
0.99198580 0.09401999 0.08440701 0.08620816 -0.01525575 -0.99616039
-0.92187858 -0.14624435 -0.35882106 -0.38599205 0.26555648 0.88345343
-0.90360028 -0.12812603 -0.40876684 -0.42818865 0.29841882 0.85299516
-0.89238864 -0.21583055 -0.39630762 -0.43360412 0.16680132 0.88553083
-0.88131469 -0.14079720 -0.45106611 -0.46645394 0.41181079 0.78283632
0.91282159 0.36215779 0.18867588 0.16294676 0.10062520 -0.98149014
-0.91808790 -0.18853268 -0.34866899 -0.37141323 0.10194114 0.92285442
0.95545214 0.22664955 0.18905365 0.15687050 0.15260701 -0.97575754
0.10436331 0.39479357 -0.91282332 -0.99328542 -0.00469869 -0.11559471
0.07789477 0.39273566 -0.91634667 -0.99362379 -0.04456701 -0.10356466
0.06202413 0.42690668 -0.90216613 -0.99633110 -0.02692198 -0.08123752
0.98629707 0.16404372 -0.01754408 -0.03693219 0.11589778 -0.99257427
0.96185809 0.19494106 0.19190365 0.17139253 0.11728750 -0.97819638
-0.16855145 0.36454511 -0.91580421 -0.96744394 0.11677016 0.22453713
