0.99200433 -0.02181494 0.12430410 0.00622612 0.99220741 0.12444161
0.01541135 0.98361844 0.17960320 -0.99606955 0.03077233 -0.08305787
0.99904150 -0.01882511 0.03951926 0.01939178 0.99971390 -0.01400488
-0.00312356 0.90604484 0.42317015 -0.99835855 0.02137514 -0.05313530
-0.00236411 0.89232653 0.45138428 -0.99990177 0.00412634 -0.01339417
0.00686867 0.89198202 0.45201868 -0.99988276 0.01231328 -0.00910440
0.02550369 0.80909550 0.58712357 -0.99963832 0.02565626 0.00806661
0.03289117 0.87345964 0.48578441 -0.99944264 0.02596736 0.02097925
0.03214282 0.81719166 0.57546914 -0.99911147 0.04197574 -0.00380206
0.04332349 0.82469571 0.56391495 -0.99891567 0.04538715 0.01036668
0.09109531 0.81928927 0.56609786 -0.99576151 0.06770200 0.06225369
0.08521457 0.81465560 0.57365042 -0.99633247 0.06519330 0.05542044
0.11419746 0.81783587 0.56400669 -0.99281341 0.07349988 0.09444206
0.14271030 0.48983350 0.86005640 -0.98964936 0.05735997 0.13154522
0.15115258 0.49545777 0.85537976 -0.98838341 0.06187681 0.13881478
0.11841690 0.81751788 0.56359744 -0.99231887 0.07697368 0.09684212
0.03972615 0.85378164 0.51911348 -0.99516213 -0.01291281 0.09739430
0.02047521 0.89226395 0.45104969 -0.99718797 -0.01430410 0.07356321
0.00616757 0.93743998 0.34809244 -0.99391329 -0.03254213 0.10524883
-0.04536680 0.99165845 -0.12064581 -0.99876517 -0.04257766 0.02559794
0.99471438 0.06610721 -0.07856926 -0.06008783 0.99524552 0.07665440
-0.03756864 0.91464674 -0.40250462 -0.99873292 -0.04786423 -0.01554722
-0.03028421 0.90913117 -0.41540751 -0.99943560 -0.03358755 -0.00064604
-0.02826305 0.91918904 -0.39280114 -0.99932396 -0.03522611 -0.01052827
-0.02008669 0.88309455 -0.46876490 -0.99975467 -0.02211888 0.00117052
-0.02347017 0.93868738 -0.34396970 -0.99954790 -0.02850189 -0.00957875
-0.02227913 0.94245940 -0.33357748 -0.99965775 -0.01642299 0.02036559
-0.02725267 0.96512043 -0.26038423 -0.99947238 -0.03091318 -0.00997240
-0.02309889 0.95623726 -0.29167938 -0.99915302 -0.01214297 0.03931636
-0.01240512 0.90281773 -0.42984450 -0.99805105 -0.03747160 -0.04989964
-0.00844291 0.87843990 -0.47777823 -0.99993289 -0.00362295 0.01100887
-0.01789612 0.93077105 -0.36516437 -0.99807203 -0.03833939 -0.04880974
-0.04885485 0.94356155 -0.32757419 -0.99810368 -0.05841639 -0.01940706
-0.05236854 0.95811421 -0.28155780 -0.99741471 -0.06407603 -0.03252976
0.99330091 0.07863788 -0.08467238 -0.08160451 0.99614584 -0.03215969
0.99394238 0.07830291 -0.07711802 -0.07935658 0.99678898 -0.01068991
-0.05752071 0.95564473 -0.28885049 -0.99829769 -0.05785477 0.00738858
-0.05948006 0.95614374 -0.28679499 -0.99821514 -0.05851435 0.01194501
-0.06246041 0.95997179 -0.27304375 -0.99804044 -0.06110385 0.01347786
-0.06318305 0.95972604 -0.27374059 -0.99794561 -0.06367228 0.00710636
-0.06370047 0.96497238 -0.25450087 -0.99772120 -0.05589516 0.03779172
0.97423321 0.12330502 -0.18885337 -0.12050411 0.99236476 0.02628739
0.96711290 0.11270715 -0.22801280 -0.06269004 0.97443098 0.21576415
0.97598213 0.10420670 -0.19131115 -0.07045506 0.98196512 0.17544436
-0.02313378 0.97876567 0.20367287 -0.98700678 -0.05476266 0.15105899
0.99131435 0.07496634 -0.10805533 -0.06158140 0.99058241 0.12228750
-0.00014163 0.94303888 0.33268267 -0.98784512 -0.05184452 0.14654049
0.97262216 0.10852077 -0.20549808 -0.07243047 0.98178393 0.17565353
0.96018475 0.10302418 -0.25967547 -0.02373576 0.95624125 0.29161504
0.96127754 0.10714716 -0.25389951 -0.04628289 0.97100401 0.23454012
0.02914302 0.91693389 0.39797351 -0.96820074 -0.07307459 0.23926432
0.02474846 0.93324971 0.35837489 -0.97119796 -0.06253666 0.22992118
0.02943413 0.93233109 0.36040586 -0.96913809 -0.06166919 0.23868044
0.06576285 0.87916791 0.47195235 -0.96585870 -0.06269211 0.25136968
0.04110433 0.92026061 0.38914120 -0.95436835 -0.07913709 0.28795567
0.07303577 0.85444504 0.51438266 -0.98863792 -0.00591551 0.15020028
0.06962831 0.86521173 0.49654871 -0.98201513 -0.02811802 0.18669687
0.05772121 0.85893875 0.50881487 -0.97898459 -0.05115508 0.19741413
0.05632394 0.84827644 0.52654988 -0.99073595 -0.01778724 0.13463236
0.05531958 0.85173082 0.52105129 -0.99194402 -0.01267991 0.12604095
0.90022337 0.04617490 -0.43297306 0.13548088 0.91530102 0.37930071
0.09903731 0.88029099 0.46398211 -0.94918275 -0.05641061 0.30962890
0.07291699 0.91349864 0.40025425 -0.93314797 -0.07916175 0.35066834
0.90234715 0.11715300 -0.41478300 0.05877904 0.91991162 0.38769546
0.06389546 0.92482942 0.37497714 -0.94583333 -0.06372487 0.31833702
0.88262486 0.06438770 -0.46564749 0.15253225 0.89774805 0.41325828
0.82586372 0.14030243 -0.54613578 -0.02666936 0.97718483 0.21070972
0.16875996 0.89975834 0.40243647 -0.89276004 -0.03350510 0.44928494
0.85609037 0.11964837 -0.50278580 0.10747337 0.91035366 0.39963192
0.88407469 0.11488727 -0.45300436 0.05831063 0.93462229 0.35082921
0.87524456 0.12239087 -0.46793962 0.05237891 0.93778241 0.34325016
0.67495865 0.20883758 -0.70768476 0.19257450 0.87600952 0.44217923
0.83682841 0.14762565 -0.52718586 0.00112742 0.96249080 0.27131191
0.80336094 0.16557853 -0.57200962 -0.00563133 0.96263516 0.27074322
0.79424125 0.17199557 -0.58275074 -0.01451068 0.96419430 0.26479959
0.75407982 0.21207763 -0.62160009 -0.03646321 0.95849049 0.28278345
0.74295795 0.23474181 -0.62682515 -0.07102222 0.95884591 0.27490079
0.65464807 0.27745080 -0.70317632 -0.04500015 0.94286269 0.33012882
0.66087914 0.28424612 -0.69458109 -0.12378605 0.95410991 0.27267432
0.57028168 0.31093884 -0.76032615 -0.10623807 0.94573563 0.30707923
0.55678374 0.31895170 -0.76698226 -0.16164209 0.94729525 0.27659276
0.54534024 0.30640608 -0.78020465 -0.12092355 0.94981498 0.28849426
0.62214255 0.29079208 -0.72689658 -0.21148595 0.95636719 0.20158240
0.61386377 0.25586176 -0.74679720 -0.18127494 0.96642554 0.18210192
0.68158269 0.24317931 -0.69015139 -0.14483945 0.96933734 0.19851112
0.68438959 0.22158717 -0.69462949 -0.12939997 0.97449011 0.18337046
0.75184208 0.19239187 -0.63064963 -0.12638372 0.98079711 0.14854014
0.76866394 0.19036427 -0.61066949 -0.07242277 0.97445053 0.21260564
0.76017177 0.16605881 -0.62814283 -0.11312449 0.98584789 0.12372134
0.77176565 0.15406671 -0.61696130 -0.10752761 0.98785329 0.11217751
0.82348621 0.14545062 -0.54837459 -0.08329892 0.98710006 0.13672914
0.83325666 0.13907054 -0.53511000 -0.10789602 0.99014187 0.08931713
0.91533130 0.14096047 -0.37722513 -0.12333214 0.98984945 0.07062060
0.92935789 0.13381882 -0.34407330 -0.09275040 0.98673385 0.13324270
0.75566405 0.17551000 -0.63100570 0.11310462 0.91398388 0.38966754
0.77839017 0.15954123 -0.60717005 0.12560451 0.90803421 0.39962152
0.79202992 0.14943641 -0.59191000 0.14771338 0.89385664 0.42332143
0.79193676 0.15019609 -0.59184241 0.14713761 0.89377141 0.42370176
0.80963975 0.13975687 -0.57004523 0.16231559 0.88004172 0.44629619
0.08844981 0.80057865 0.59266394 -0.85283935 -0.24653959 0.46030778
0.10163876 0.78632867 0.60939056 -0.85272872 -0.24663006 0.46046430
0.12944873 0.73788351 0.66239786 -0.89270872 -0.20406796 0.40178025
0.08409029 0.78690344 0.61131984 -0.93346250 -0.15246408 0.32465759
0.03203785 0.77134526 0.63561004 -0.95386213 -0.16634794 0.24995103
0.03937233 0.71482617 0.69819295 -0.96276224 -0.15989527 0.21799633
0.02944691 0.71709967 0.69634837 -0.96205789 -0.16871688 0.21442781
0.00219254 0.71304649 0.70111340 -0.98071587 -0.13548370 0.14085659
-0.00716777 0.73511523 0.67790437 -0.97680342 -0.15023829 0.15258929
-0.00552964 0.71512294 0.69897687 -0.98239189 -0.13442287 0.12975623
-0.00533649 0.70408028 0.71010041 -0.99298960 -0.08758309 0.07937814
-0.00673189 0.70486927 0.70930535 -0.99291819 -0.08884588 0.07886661
-0.00807995 0.69834971 0.71571118 -0.99872160 -0.04135151 0.02907346
-0.02052834 0.75385642 0.65671849 -0.99496686 -0.07984187 0.06054999
-0.04112687 0.84536469 0.53260410 -0.98969758 -0.10763231 0.09441417
-0.13930082 -0.39515939 -0.90798920 0.90015495 0.33160657 -0.28241500
-0.11495601 -0.46303976 -0.87885118 0.90055066 0.32483962 -0.28894240
-0.07764709 0.95176619 0.29683670 -0.99173093 -0.10424995 0.07484438
0.02706526 0.86451739 0.50187361 -0.93290895 -0.15850723 0.32335165
0.95106876 0.16239050 -0.26286405 -0.07960378 0.95081025 0.29937118
0.06507556 0.82512695 0.56118685 -0.87284243 -0.22550172 0.43277606
0.76969820 0.17167285 -0.61489284 0.02375036 0.95479912 0.29630154
0.77279192 0.17296506 -0.61063552 0.00008866 0.96211725 0.27263597
0.83314568 0.15915351 -0.52965891 -0.08747683 0.98356557 0.15794495
0.93520349 0.16691899 -0.31230181 -0.16436698 0.98578948 0.03467935
0.88572383 0.16418849 -0.43420672 -0.18905498 0.98186135 -0.01437146
0.73348713 0.15068938 -0.66278911 -0.12580118 0.98836499 0.08549109
0.73185211 0.15188846 -0.66432106 -0.12445730 0.98823982 0.08883941
0.67510331 0.15820068 -0.72056091 -0.11657244 0.98734140 0.10755460
0.82504040 0.15112446 -0.54449040 -0.07699392 0.98465216 0.15662713
0.75671959 0.12275648 -0.64211082 -0.17116910 0.98515081 -0.01338302
0.77036071 0.12173782 -0.62587881 -0.17834607 0.98356348 -0.02820665
0.77912551 0.12039888 -0.61519724 -0.15941732 0.98717296 -0.00869894
0.76760250 0.10935895 -0.63152760 -0.21836108 0.97100866 -0.09726582
0.64780253 0.12220371 -0.75194293 -0.31103376 0.94346088 -0.11462842
0.64695185 0.12522823 -0.75217772 -0.31229517 0.94341433 -0.11153988
0.68259251 0.14493151 -0.71628374 -0.17826936 0.98355061 0.02912550
0.63862318 0.18584096 -0.74674201 -0.17565636 0.97998559 0.09366456
0.59670693 0.17649902 -0.78280836 -0.20714971 0.97632813 0.06222885
0.52870262 0.29819998 -0.79470140 -0.29594284 0.94226718 0.15668565
0.51055759 0.30374905 -0.80440503 -0.24614790 0.94800383 0.20174238
0.45967004 0.33247167 -0.82350838 -0.25613832 0.93750829 0.23552375
0.76948273 0.12969035 -0.62536138 -0.18091480 0.98332131 -0.01868280
0.78233761 0.12138613 -0.61091191 -0.20123804 0.97748303 -0.06348410
0.71618211 0.17890048 -0.67459464 -0.03701637 0.97496420 0.21925922
0.75923252 0.17392461 -0.62714934 0.05852522 0.94148046 0.33194783
-0.31943613 -0.90295780 -0.28745061 0.43697605 0.12880282 -0.89020330
0.93505359 0.12982270 -0.32987997 -0.10567948 0.99030286 0.09017769
0.96918130 0.13527845 -0.20588194 -0.12812303 0.99060750 0.04776240
0.96334052 0.12960601 -0.23489864 -0.12968755 0.99143893 0.01516882
0.94599706 0.12296951 -0.29994678 -0.08505736 0.98699838 0.13637987
0.95871943 0.12185320 -0.25692210 -0.08926696 0.98682618 0.13492793
0.89778787 0.13593292 -0.41892633 -0.07215174 0.98372269 0.16457155
0.89729011 0.13005885 -0.42184728 -0.06596740 0.98438865 0.16317885
0.89251542 0.12476140 -0.43341768 -0.01722714 0.96970767 0.24366015
0.91044247 0.11521119 -0.39726675 -0.00919031 0.96582389 0.25903618
0.79242539 0.17123033 -0.58544195 -0.01352458 0.96448612 0.26378718
0.91449022 0.12518229 -0.38475588 -0.01377088 0.96001357 0.27961460
0.92851639 0.11871779 -0.35180029 -0.01199564 0.95660150 0.29115236
0.94216931 0.12017526 -0.31284964 -0.04161756 0.96822560 0.24659118
0.93829328 0.12006669 -0.32432956 -0.05902337 0.97963697 0.19190525
0.91198272 0.12891276 -0.38944721 -0.03609755 0.97087693 0.23684368
0.87232214 0.13441414 -0.47009256 -0.01361624 0.96777451 0.25145012
0.85253817 0.14165953 -0.50310177 -0.01850772 0.97014850 0.24180445
0.84959275 0.14596498 -0.50683969 -0.03906818 0.97571987 0.21550974
0.81895524 0.15754898 -0.55180681 -0.06117345 0.98006344 0.18903299
0.88252974 0.13365875 -0.45086220 -0.06308033 0.98374003 0.16815601
0.92768896 0.13064495 -0.34975013 -0.09796195 0.98913217 0.10964080
0.83331078 0.14068161 -0.53460437 -0.10889517 0.98990178 0.09075394
0.82669520 0.14721297 -0.54305011 -0.07971239 0.98607349 0.14596255
0.79059255 0.14273196 -0.59547555 -0.13882716 0.98891234 0.05272038
0.71409255 0.14750308 -0.68433523 -0.16430515 0.98555797 0.04097955
0.63673055 0.19707771 -0.74547613 -0.18146449 0.97793186 0.10353731
0.55565649 0.30266157 -0.77436548 -0.21262909 0.95214355 0.21957140
0.48375997 0.33678052 -0.80780900 -0.16898814 0.94157279 0.29134822
0.67737675 0.25709090 -0.68924963 -0.11916193 0.96291620 0.24205954
0.74476212 0.22987257 -0.62648857 -0.08089631 0.96297473 0.25716823
0.79253185 0.17510442 -0.58415049 -0.06171229 0.97600108 0.20883857
0.82008308 0.15320632 -0.55135441 0.00732036 0.96060681 0.27781469
0.86077070 0.13133413 -0.49175730 0.02470689 0.95421773 0.29809073
0.88925302 0.12496512 -0.44001454 0.04483926 0.93350971 0.35573736
0.93079209 0.10257132 -0.35086361 0.00866712 0.95336401 0.30169863
0.04805470 0.91567367 0.39903957 -0.94283432 -0.09031650 0.32079041
0.04199998 0.92225903 0.38428414 -0.94554609 -0.08756323 0.31348905
0.94715595 0.07171565 -0.31265402 0.03274281 0.94798166 0.31663653
0.02997275 0.93404186 0.35590369 -0.96171772 -0.07008639 0.26492831
0.03990456 0.90796506 0.41714162 -0.98124748 -0.04317924 0.18785341
0.03102994 0.90677571 0.42047003 -0.98786724 -0.03622157 0.15101741
0.00994372 0.95017332 0.31156349 -0.99022615 -0.03399102 0.13526586
0.02969168 0.94277203 0.33211353 -0.94906437 -0.07767925 0.30535686
0.94354278 0.12011272 -0.30870697 -0.04223140 0.96795732 0.24753839
0.94587451 0.12149500 -0.30093262 -0.09756475 0.99083966 0.09336997
-0.06368984 0.98432016 -0.16449171 -0.99796891 -0.06259970 0.01180814
-0.06570688 0.97895068 -0.19323114 -0.99646783 -0.05422619 0.06412026
-0.06494500 0.97448951 -0.21483111 -0.99788719 -0.06302533 0.01578111
0.95511913 0.16536611 -0.24576741 -0.10812445 0.96705019 0.23048456
0.91356057 0.20746046 -0.34981021 -0.05441305 0.91472811 0.40038946
-0.06113988 0.95396465 -0.29362121 -0.99786645 -0.06516914 -0.00394939
-0.05908093 0.95760351 -0.28196645 -0.99749655 -0.06762771 -0.02066735
-0.05583356 0.93827963 -0.34134144 -0.99751747 -0.06711462 -0.02131980
-0.05395119 0.94174284 -0.33197853 -0.99722821 -0.06787448 -0.03047985
0.98924261 0.08797471 -0.11687415 -0.08606648 0.99606204 0.02128475
-0.04926706 0.93003041 -0.36416507 -0.99798220 -0.06046050 -0.01939353
-0.02252699 0.99953324 -0.02063612 -0.99953675 -0.02209491 0.02093201
-0.01537800 0.99917018 0.03771587 -0.99980432 -0.01583541 0.01185930
0.99375838 0.07505240 -0.08253090 -0.07444761 0.99717087 0.01038571
0.00810933 0.93246388 0.36117217 -0.98741031 -0.04959186 0.15020497
0.04076980 0.85622472 0.51499248 -0.99357873 -0.01970198 0.11141391
0.01881650 0.80612594 0.59144473 -0.99588287 0.06757645 -0.06042170
-0.02511103 0.82862514 0.55924034 -0.99429739 0.03729655 -0.09990819
-0.03971683 0.81850463 0.57312542 -0.99286819 0.03219757 -0.11478717
-0.04852911 0.77802444 0.62635684 -0.99032241 0.04415467 -0.13157494
-0.05174202 0.79380846 0.60596281 -0.98249888 0.06825807 -0.17331150
-0.06040615 0.77030033 0.63481379 -0.97703958 0.08454815 -0.19556393
-0.04414628 0.77588665 0.62932581 -0.97798485 0.09503970 -0.18577723
-0.06849604 0.75371391 0.65362346 -0.96734589 0.11007918 -0.22830814
-0.07255276 0.75026560 0.65714359 -0.95128804 0.14589554 -0.27159810
-0.08478308 0.69003999 0.71878844 -0.99639946 -0.05879812 -0.06108163
-0.04275814 0.82526141 0.56312996 -0.96310252 0.11586022 -0.24291985
-0.10168038 0.74355775 0.66089565 -0.95428520 0.11479659 -0.27597395
-0.06954075 0.82893533 0.55500484 -0.96858221 0.07705921 -0.23645383
-0.03469868 0.83621335 0.54730546 -0.96912867 0.10560562 -0.22279392
-0.03484681 0.82485390 0.56427103 -0.92437088 0.18802536 -0.33194128
-0.03481677 0.75583827 0.65383208 -0.98298532 0.09216504 -0.15888825
0.03858808 0.92831707 0.36978155 -0.98882580 0.08880065 -0.11974169
-0.02846351 0.75632542 0.65357608 -0.98210913 0.10060149 -0.15918840
-0.03215958 0.75573725 0.65408492 -0.97088760 0.13179775 -0.20001656
0.83332884 -0.25700039 0.48940158 -0.03439765 0.85952514 0.50993466
-0.01048280 0.81337112 0.58165067 -0.98925346 0.07639831 -0.12466302
-0.00260210 0.79185784 0.61069989 -0.99387151 -0.06953745 0.08593028
-0.06228296 0.76780915 0.63764411 -0.98011762 0.07353960 -0.18428618
0.00393802 0.77631587 0.63033181 -0.99081081 0.08824983 -0.10249826
0.04552849 0.80676639 0.58911389 -0.99887693 0.02902261 0.03745098
0.01955850 0.89211285 0.45138910 -0.99862742 -0.00450859 0.05218076
0.00617802 0.89382756 0.44836828 -0.99887151 -0.01559912 0.04486038
-0.01604035 0.99942464 0.02988533 -0.99985844 -0.01588102 -0.00556088
-0.01820219 0.99321729 -0.11483967 -0.99954492 -0.02084003 -0.02181110
-0.01582715 0.87563390 0.48271605 -0.99592298 0.02907421 -0.08539385
0.99308622 -0.01770681 0.11604439 0.01254843 0.99890673 0.04503263
-0.01580675 0.94884551 0.31534499 -0.98338515 0.04228923 -0.17653704
