-0.84089023 -0.17390262 0.51250517 -0.19146146 0.98131931 0.01884061
-0.91898751 -0.18282500 0.34933791 -0.23295820 0.96658540 -0.10697287
-0.92393905 -0.19409938 0.32963943 -0.18694830 0.98090714 0.05358767
-0.78131264 -0.13303579 0.60979670 -0.34199062 0.90854681 -0.23996903
-0.75356853 -0.13104561 0.64417517 -0.36482906 0.89853609 -0.24399340
-0.69242907 -0.09500906 0.71520305 -0.37412268 0.89488673 -0.24333096
-0.69304073 -0.10085571 0.71380854 -0.35583454 0.90899509 -0.21704769
-0.79255545 -0.14488712 0.59233743 -0.26481283 0.95676702 -0.12029568
-0.68223614 -0.10577630 0.72343993 -0.26830977 0.95666432 -0.11315134
-0.68119198 -0.10961399 0.72385240 -0.22622120 0.97185647 -0.06571921
-0.87948793 -0.18940094 0.43661007 -0.14589608 0.98052609 0.13146459
-0.94785959 -0.19233711 0.25410381 -0.17793794 0.98088861 0.07871236
-0.67831594 -0.10727802 0.72689682 -0.22385243 0.97242785 -0.06537727
-0.51796222 -0.01069358 0.85533673 -0.24710450 0.95916259 -0.13764626
-0.51330125 -0.00658443 0.85818326 -0.29693657 0.93957108 -0.17039643
-0.54454452 -0.01652595 0.83856916 -0.36859486 0.90279967 -0.22156392
-0.55209821 -0.02021120 0.83353412 -0.37125117 0.90109563 -0.22405188
-0.56390196 -0.02417887 0.82548773 -0.39155272 0.88790751 -0.24146785
-0.43553752 0.84548485 -0.30897006 0.56909597 -0.00731471 -0.82223862
-0.47137040 0.81654739 -0.33325705 0.52475703 -0.04402823 -0.85011274
-0.46164450 0.04678691 0.88583034 -0.31379774 0.92542541 -0.21241179
-0.57994968 0.74385846 -0.33216420 0.43417943 -0.06277105 -0.89863682
-0.55284572 0.77144980 -0.31500289 0.44733524 -0.04417241 -0.89327484
-0.53985345 0.79274338 -0.28304809 0.34534428 -0.09806987 -0.93333793
-0.43624881 0.85893154 -0.26818597 0.25464654 -0.16801283 -0.95232713
-0.41565466 0.87620080 -0.24393319 0.41193685 -0.05775450 -0.90938026
-0.46803978 0.84252304 -0.26663417 0.47523195 -0.01441143 -0.87974256
-0.33410537 0.91907340 -0.20899202 0.43621039 -0.04578154 -0.89867938
-0.42519540 0.86359596 -0.27094468 0.23456477 -0.18398552 -0.95453066
-0.41709542 0.86692417 -0.27289918 0.22459619 -0.19263631 -0.95522135
-0.26495892 0.01517017 0.96414036 -0.14810197 0.98737192 -0.05623615
-0.58007020 0.76068246 -0.29134312 0.20431714 -0.21035859 -0.95603549
-0.56578696 0.77461427 -0.28259149 0.34434059 -0.08943750 -0.93457508
-0.54353791 0.75233638 -0.37223178 0.51153904 -0.05470191 -0.85751706
-0.59699714 0.66784257 -0.44450051 0.54884225 -0.06411366 -0.83346367
-0.54850084 0.72422957 -0.41789764 0.55056620 -0.06333085 -0.83238584
-0.56011415 0.70861787 -0.42910710 0.62167960 0.01719564 -0.78308290
-0.67334348 -0.05868493 0.73699707 -0.37831950 0.88379908 -0.27527013
-0.42077166 0.84931749 -0.31876484 0.54915428 -0.04121627 -0.83470404
-0.56070447 0.72696859 -0.39639285 0.51078856 -0.07310599 -0.85659248
-0.33136889 0.89799356 -0.28948626 0.18348050 -0.23963130 -0.95336860
-0.35608843 0.88913155 -0.28748253 0.41920674 -0.12295528 -0.89952642
-0.46009043 0.83864737 -0.29152617 0.09043178 -0.28237182 -0.95503312
-0.31699610 0.90077913 -0.29683417 0.09812798 -0.28014567 -0.95492899
-0.38917875 0.87267822 -0.29491138 0.03351625 -0.30652452 -0.95127255
-0.40114042 0.86804277 -0.29255459 0.04919456 -0.29850113 -0.95314062
0.31185734 0.37155429 0.87446696 -0.37254298 0.89448494 -0.24720138
-0.30486989 0.90659803 -0.29177806 0.21524468 -0.23284742 -0.94839436
-0.38896039 0.87235075 -0.29616556 0.21026681 -0.22893164 -0.95046210
-0.36347547 0.88522726 -0.29027271 0.33450967 -0.16678916 -0.92751533
-0.65575397 -0.02499630 0.75456083 -0.35345313 0.89332074 -0.27757680
-0.67385685 -0.04207121 0.73766321 -0.34712076 0.89936453 -0.26580200
0.36810723 -0.89514774 0.25141126 -0.87238365 -0.23898150 0.42642075
-0.92143619 -0.21558435 0.32323179 -0.27687371 0.94799286 -0.15700491
0.38670570 -0.86825669 0.31078804 -0.92218149 -0.36638844 0.12385824
0.39992663 -0.84974927 0.34348938 -0.90854889 -0.31814212 0.27078521
0.38334557 -0.88622814 0.26008812 -0.91317815 -0.32148522 0.25050557
0.43598071 -0.83058941 0.34647101 -0.85474658 -0.26167545 0.44825709
-0.69442576 -0.08938852 0.71399063 -0.34971234 0.90911162 -0.22631264
-0.36395723 0.89917511 -0.24293880 0.44669983 -0.06036480 -0.89264512
-0.45697358 0.83237737 -0.31356514 0.58721650 0.01753169 -0.80924004
-0.47278023 0.81667650 -0.33093557 0.60778779 0.03030041 -0.79352123
-0.46441984 0.81668741 -0.34254327 0.61445457 0.01859924 -0.78873295
-0.49185604 0.78726542 -0.37187460 0.62165475 0.01849398 -0.78307307
-0.50442749 0.77243656 -0.38586882 0.61477959 0.00749722 -0.78866333
0.54587466 -0.72261155 0.42409137 -0.67645019 -0.08141720 0.73197436
0.53747338 -0.71189553 0.45202562 -0.68119776 -0.05055204 0.73035210
0.45181516 -0.81361526 0.36591434 -0.70479453 -0.07407943 0.70553309
0.44629124 -0.81995761 0.35846010 -0.76679313 -0.14387837 0.62556159
0.46274859 -0.79513055 0.39195821 -0.77176219 -0.14379700 0.61943978
0.44295007 -0.81874919 0.36530137 -0.80330366 -0.18150990 0.56723666
0.44679591 -0.81569135 0.36745220 -0.80059850 -0.18124537 0.57113242
0.41538465 -0.84983265 0.32440740 -0.85516423 -0.24326019 0.45773202
-0.82502925 -0.20484206 0.52665603 -0.37172997 0.89867979 -0.23279077
-0.79434103 -0.20301519 0.57254452 -0.28999549 0.95490283 -0.06374277
-0.76215559 -0.20864305 0.61285150 -0.43812001 0.86316431 -0.25099453
-0.71076530 -0.20845164 0.67183381 -0.25083283 0.96740502 0.03479118
-0.70758498 -0.22165215 0.67096490 -0.25960615 0.96467012 0.04490227
-0.41375509 -0.19531730 0.88918948 -0.25557107 0.96235812 0.09246777
-0.59549880 -0.27517828 0.75475699 -0.23719242 0.95784658 0.16207965
-0.77939451 -0.26081690 0.56966555 -0.37183130 0.92435288 -0.08551754
-0.74314463 -0.23805003 0.62535453 -0.34158540 0.93859148 -0.04863743
-0.81312305 -0.26944533 0.51597494 -0.36390528 0.92714375 -0.08931682
-0.82605833 -0.27621073 0.49125886 -0.35723969 0.93080372 -0.07735810
-0.86861736 -0.26692572 0.41743821 -0.34712702 0.92900449 -0.12827142
-0.89117897 -0.24747589 0.38020492 -0.33639601 0.92279589 -0.18784423
0.38918164 -0.88454896 0.25712022 -0.85683727 -0.24514258 0.45358026
0.38379019 -0.88996792 0.24629709 -0.84424776 -0.23011746 0.48403692
0.39336625 -0.83138180 0.39251411 -0.83934379 -0.15052210 0.52234584
0.40505397 -0.80540055 0.43273708 -0.87414128 -0.20242183 0.44147766
0.34243140 -0.83919752 0.42247885 -0.89282990 -0.15062961 0.42445910
0.31621778 -0.88526279 0.34105149 -0.92350858 -0.20497228 0.32421947
0.26617363 -0.94906199 0.16862081 -0.94002366 -0.21685745 0.26330292
0.30073443 -0.89916456 0.31790239 -0.93266892 -0.20765145 0.29497388
0.29416931 -0.91795045 0.26614186 -0.92845976 -0.20839377 0.30746475
0.31627488 -0.90795290 0.27493945 -0.92502612 -0.23085991 0.30171236
0.36274427 -0.89857733 0.24693188 -0.88479978 -0.24893649 0.39390352
0.29788959 -0.93343514 0.19990182 -0.92062682 -0.22554868 0.31870693
0.31294873 -0.93107247 0.18752900 -0.91265267 -0.24013983 0.33075371
-0.90702677 -0.27160159 0.32176864 -0.31239277 0.94643116 -0.08172430
-0.89874405 -0.27444541 0.34196338 -0.29773185 0.95450789 -0.01644740
-0.89351326 -0.28002441 0.35102773 -0.30429658 0.95246309 -0.01475710
-0.85017532 -0.29280964 0.43756655 -0.30333167 0.95170069 0.04749460
-0.83323717 -0.28693005 0.47263828 -0.32180518 0.94677669 0.00744472
-0.82357448 -0.31397763 0.47238025 -0.12122637 0.91100812 0.39416802
-0.90408099 -0.27381268 0.32812214 -0.23493738 0.95979649 0.15360756
-0.95075798 -0.25042740 0.18260719 -0.19462533 0.94093376 0.27706453
-0.95153445 -0.25120884 0.17741583 -0.20134126 0.94491148 0.25807738
-0.92102420 -0.25548851 0.29400697 -0.26383924 0.96449673 0.01161697
-0.92011154 -0.25376189 0.29832816 -0.26199484 0.96498471 0.01277741
-0.95891732 -0.24357106 0.14543323 -0.20732692 0.95162636 0.22676590
-0.95010442 -0.24745752 0.18991145 -0.20007452 0.95053256 0.23760924
-0.95787048 -0.24052259 0.15694919 -0.21640585 0.96373224 0.15616895
-0.94599396 -0.24435580 0.21303935 -0.26334363 0.96248257 -0.06540223
-0.94732088 -0.24375159 0.20777021 -0.26313516 0.96214372 -0.07098860
-0.95493239 -0.24312894 0.17027186 -0.25770783 0.96374303 -0.06918175
0.25482985 -0.96223396 0.09574769 -0.96069884 -0.24065609 0.13835593
0.26308355 -0.94664001 0.18617138 -0.96003330 -0.23776618 0.14765957
0.24323535 -0.96708274 0.07474989 -0.96922636 -0.23931505 0.05769471
0.23641326 -0.97120923 -0.02935038 -0.97155893 -0.23586315 -0.02101998
0.23698588 -0.96672940 -0.09629130 -0.97138953 -0.23420802 -0.03935767
0.23534051 -0.96942586 -0.06948639 -0.97128725 -0.23202199 -0.05260149
0.23781626 -0.92493898 -0.29653236 -0.94487739 -0.14956285 -0.29126921
0.22941424 -0.92616773 -0.29930344 -0.94781888 -0.14263648 -0.28512147
0.22679077 -0.93303400 -0.27930906 -0.93945503 -0.13393006 -0.31541559
-0.93505263 -0.20708436 -0.28773707 -0.24237290 0.96575594 0.09257921
-0.93712479 -0.20367606 -0.28339586 -0.23968574 0.96584767 0.09843268
0.24077006 -0.90666723 -0.34638759 -0.95998996 -0.16987854 -0.22262204
0.23969586 -0.84933764 -0.47028875 -0.96373802 -0.14964172 -0.22094437
0.24318051 -0.96705890 -0.07523551 -0.96625805 -0.23472807 -0.10605717
0.23709357 -0.96760517 -0.08675820 -0.97147918 -0.23649968 -0.01721047
0.23718254 -0.96844953 -0.07648474 -0.97146171 -0.23665184 -0.01606079
0.23045339 -0.77012801 -0.59480596 -0.97136086 -0.21841924 -0.09354748
-0.86303812 -0.30854401 0.39995724 -0.26251468 0.95041436 0.16672912
-0.75615633 -0.34012544 0.55905485 -0.21036811 0.93530989 0.28450075
-0.73146057 -0.34153748 0.59018439 -0.23467840 0.93873644 0.25238842
-0.77056664 -0.33899060 0.53973377 -0.32043752 0.93807089 0.13169225
-0.67321128 -0.33398432 0.65972811 -0.30026037 0.93879145 0.16886190
-0.67320466 -0.33354384 0.65995765 -0.19907588 0.94128984 0.27265784
-0.52351737 -0.34180260 0.78044897 -0.06455808 0.92928386 0.36368087
-0.48063958 -0.33794177 0.80918545 -0.06530576 0.93399215 0.35127473
-0.74140799 -0.31978652 0.58995831 -0.24985635 0.94748950 0.19958840
-0.75128734 -0.34581679 0.56211925 -0.17079738 0.92458916 0.34053361
-0.91152710 -0.27081171 0.30948246 -0.28030229 0.95980537 0.01429282
-0.94318807 -0.25353402 0.21474835 -0.27240419 0.96012598 -0.06288162
-0.94460285 -0.23899677 0.22495796 -0.27175587 0.95385218 -0.12772937
0.26156399 -0.94080901 0.21555208 -0.95897424 -0.22802033 0.16844916
0.24726580 -0.95877969 0.14000417 -0.96487337 -0.23040555 0.12622474
0.22927868 -0.96384054 0.13580400 -0.97292686 -0.22276919 0.06154035
-0.97266781 -0.19547150 -0.12533295 -0.17215262 0.96927762 -0.17568280
0.24649152 -0.89873892 0.36264351 -0.95793784 -0.28268254 -0.04945426
-0.97179294 -0.21790108 0.09020893 -0.22150746 0.97463393 -0.03198783
-0.97465885 -0.21041933 0.07591973 -0.21340218 0.97639006 -0.03349579
0.20819952 -0.97727746 0.03977167 -0.97703928 -0.20592356 0.05467822
0.21596022 -0.97562015 0.03907165 -0.97535586 -0.21370398 0.05487849
-0.95901716 -0.16777028 0.22834013 -0.19128209 0.97785580 -0.08490691
-0.83226722 -0.06415961 0.55064952 -0.30178085 0.88564682 -0.35292786
-0.83204001 -0.06510732 0.55088145 -0.28675246 0.90058982 -0.32666653
-0.71305501 -0.01972273 0.70083070 -0.27312493 0.92845005 -0.25176060
-0.68436611 -0.00976635 0.72907317 -0.24891169 0.94297117 -0.22101669
-0.79587305 -0.06800881 0.60163188 -0.22923160 0.95354694 -0.19545120
-0.67619050 -0.00869560 0.73667550 -0.26504195 0.93585265 -0.23223394
-0.67909241 -0.00679524 0.73402137 -0.26495373 0.93481570 -0.23647238
0.20288211 -0.92689902 0.31574851 -0.97339231 -0.15582845 0.16800281
0.19528769 -0.95084989 0.24030660 -0.98069316 -0.19186869 0.03778085
0.19613814 -0.96112061 0.19436294 -0.96720809 -0.15700762 0.19964261
-0.96196085 -0.19322945 0.19311610 -0.21797456 0.96901143 -0.11620702
-0.94683039 -0.17967062 0.26689094 -0.22525871 0.96249807 -0.15118216
-0.94535142 -0.18507458 0.26843649 -0.23090497 0.96127880 -0.15041943
0.21096101 -0.97218210 0.10177126 -0.96963221 -0.19494838 0.14767708
-0.94394982 -0.19130503 0.26900017 -0.23441899 0.96225131 -0.13827603
0.19972497 -0.96283782 0.18180558 -0.95365858 -0.14839633 0.26175138
-0.91160458 -0.20589457 0.35578725 -0.28880027 0.93671411 -0.19789155
0.52200264 -0.71581405 0.46381414 -0.77686799 -0.17451656 0.60499609
0.53451812 -0.70775813 0.46191871 -0.71155328 -0.08193994 0.69783801
-0.65564638 -0.04899368 0.75347698 -0.39852610 0.87003189 -0.29020950
-0.69768888 -0.08258538 0.71162480 -0.40466976 0.86511320 -0.29634699
-0.49023503 0.81040019 -0.32081336 0.60117465 0.04788989 -0.79768139
-0.60546404 -0.03218954 0.79522151 -0.34635139 0.91026157 -0.22685805
-0.73572028 -0.10812950 0.66859835 -0.31914714 0.92605346 -0.20142037
-0.58110470 -0.01897247 0.81360757 -0.32355568 0.92270756 -0.20957729
-0.70983112 -0.07745668 0.70010024 -0.32088920 0.92036259 -0.22352359
-0.49668065 0.80459780 -0.32547009 0.61391866 0.06060636 -0.78703928
0.20779744 -0.91007733 0.35857996 -0.96969306 -0.14349411 0.19774958
-0.96312803 -0.17074247 0.20792186 -0.19446059 0.97585988 -0.09941097
-0.95432836 -0.20017876 -0.22177899 -0.18856221 0.97937453 -0.07259354
-0.95829493 -0.20435476 -0.19977486 -0.22513469 0.97040999 0.08728585
-0.86059701 -0.15995364 -0.48351586 -0.22240117 0.97212350 0.07425427
-0.92170191 -0.18390179 -0.34153447 -0.20356008 0.97880840 0.02230265
0.25442791 -0.93673748 0.24039409 -0.96149230 -0.21830490 0.16695975
0.37514079 -0.88567865 0.27357414 -0.86649114 -0.23019250 0.44294986
-0.88788366 -0.23951469 0.39280444 -0.33096370 0.92558646 -0.18371913
-0.87649763 -0.27484605 0.39523590 -0.31773251 0.94706208 -0.04603717
-0.83321643 -0.28599462 0.47324160 -0.32116926 0.94699723 0.00683063
-0.81767684 -0.25420907 0.51650989 -0.40066382 0.89555472 -0.19352080
-0.57581568 -0.30704364 0.75773388 -0.38932484 0.91795063 0.07611053
-0.89701289 -0.28814730 0.33516997 -0.33463380 0.93813014 -0.08906276
0.36172506 -0.91864592 0.15888572 -0.93065131 -0.36589301 0.00323367
0.34123325 -0.88678461 0.31172568 -0.91874141 -0.38474527 -0.08879945
0.36330613 -0.88982695 0.27607358 -0.92651421 -0.31393901 0.20739737
0.33989027 -0.88595366 0.31553245 -0.92269343 -0.37905437 -0.07038926
-0.92717147 -0.36141104 -0.09866707 -0.36344814 0.93160999 0.00288481
-0.86372292 -0.40894395 -0.29452950 -0.26570216 0.86611229 -0.42338157
0.25137874 -0.83557522 0.48849031 -0.91184527 -0.37369379 -0.16997413
0.21686977 -0.78226429 0.58397782 -0.91535538 -0.37084725 -0.15683411
0.39814696 -0.88034064 0.25783592 -0.85594201 -0.25544149 0.44956973
0.41409379 -0.85100985 0.32296851 -0.90239817 -0.33736020 0.26807770
0.40374970 -0.86913735 0.28563344 -0.90637463 -0.33755800 0.25404677
-0.74977171 -0.18036042 0.63664168 -0.36923245 0.91245234 -0.17634690
-0.84326750 -0.25181964 0.47485450 -0.35823768 0.92194390 -0.14725912
-0.77012384 -0.30142644 0.56218445 -0.28455824 0.95110077 0.12014173
-0.78366852 -0.30549505 0.54086643 -0.26585722 0.95188290 0.15244347
-0.90286112 -0.32562548 0.28073093 -0.34942091 0.93620080 -0.03785743
-0.71859592 -0.31434339 0.62032914 -0.30051062 0.94478863 0.13064407
0.34413120 -0.91749430 0.19944423 -0.92179507 -0.28975713 0.25755510
0.35396531 -0.89992744 0.25463539 -0.92778039 -0.30350950 0.21703814
0.34594110 -0.90011680 0.26479158 -0.93794709 -0.33901423 0.07297056
-0.67880833 -0.36320856 0.63819969 -0.26360783 0.93170685 0.24986652
-0.90481609 -0.32585374 0.27409375 -0.34875071 0.93644553 -0.03798308
-0.89116818 -0.32145908 0.32013026 -0.34825936 0.93696117 -0.02862266
0.35352796 -0.89904463 0.25833476 -0.93261528 -0.31737369 0.17176355
-0.59044123 -0.08878201 0.80218261 -0.37974018 0.90759921 -0.17905624
-0.57445812 -0.09188677 0.81336015 -0.37858826 0.91083145 -0.16449016
-0.47585121 0.83658546 -0.27145979 0.53968555 0.03402369 -0.84117895
-0.79756677 -0.24264427 0.55227810 -0.40035164 0.89775288 -0.18373449
0.40349352 -0.82422608 0.39729640 -0.83121967 -0.14870307 0.53568769
0.43076813 -0.82619405 0.36310089 -0.83777803 -0.21651672 0.50124705
-0.88199115 -0.22987454 0.41139933 -0.26501665 0.96378833 -0.02963527
-0.84567916 -0.19441491 0.49702075 -0.29775101 0.94475150 -0.13707285
0.41215050 -0.86458153 0.28745577 -0.85964805 -0.26447001 0.43710524
0.39958763 -0.88223642 0.24897519 -0.82729542 -0.23007329 0.51249266
0.38866404 -0.89385617 0.22352058 -0.87261009 -0.27921632 0.40073684
-0.92496508 -0.29529127 0.23925458 -0.31333902 0.94878262 -0.04037711
0.36952981 -0.91042894 0.18592189 -0.91750818 -0.32582897 0.22806628
0.37639010 -0.90590197 0.19409339 -0.91631746 -0.33309108 0.22228973
0.36414224 -0.92110056 0.13774699 -0.92912805 -0.34908572 0.12190262
-0.92970049 -0.31884414 0.18437852 -0.33782262 0.93763286 -0.08197886
-0.93252087 -0.32570544 0.15595169 -0.33866838 0.93868250 -0.06464401
0.35313392 -0.93227047 0.07853857 -0.92848641 -0.33890945 0.15183324
0.37047940 -0.90983981 0.18691319 -0.90813649 -0.31256035 0.27855733
0.36615574 -0.91550630 -0.16666783 -0.92557573 -0.37680885 0.03639570
0.37943363 -0.91455793 -0.14005010 -0.92386448 -0.38270020 -0.00388255
-0.87958723 -0.25994346 0.39844155 -0.32030454 0.94283807 -0.09198634
-0.87930971 -0.26035163 0.39878744 -0.32096756 0.94257683 -0.09235107
-0.83991390 -0.22694339 0.49299225 -0.34288406 0.92601293 -0.15789407
-0.86424118 -0.25076634 0.43612334 -0.34585464 0.92571592 -0.15308385
-0.83886164 -0.22611660 0.49515903 -0.29267478 0.95432585 -0.06003073
-0.69996512 -0.17297442 0.69291323 -0.28189099 0.95836604 -0.04551949
-0.80789876 -0.21820736 0.54743516 -0.33307341 0.93540013 -0.11869612
-0.78592294 -0.21108229 0.58117938 -0.30482048 0.95003933 -0.06715471
-0.78706074 -0.21239148 0.57915914 -0.25720119 0.96634573 0.00485295
-0.79650658 -0.21401140 0.56548786 -0.23779248 0.97077364 0.03245577
-0.90682846 -0.21116480 0.36478969 -0.17329614 0.97570980 0.13401067
-0.02710855 -0.85158342 -0.52351779 -0.88634449 -0.22168829 0.40650690
-0.95178449 -0.21587408 0.21795566 -0.19183499 0.97327197 0.12625803
-0.88739014 -0.22171845 0.40420249 -0.23162548 0.97248560 0.02492771
-0.89848989 -0.22885540 0.37462154 -0.21089482 0.97346008 0.08887567
-0.66906142 -0.19060758 0.71834922 -0.19875145 0.97723806 0.07418680
-0.65592128 -0.18881844 0.73083168 -0.18066485 0.97933745 0.09087599
-0.66402125 -0.15541720 0.73138314 -0.15714435 0.98532021 0.06670723
-0.61889756 -0.12645862 0.77522522 -0.28228933 0.95682430 -0.06928240
-0.64735073 -0.13644408 0.74988008 -0.36015266 0.92184079 -0.14317672
-0.73752588 -0.18791623 0.64864713 -0.33071116 0.93795115 -0.10429669
-0.64383787 -0.12152283 0.75545019 -0.38273680 0.90606529 -0.18043923
-0.65255755 -0.11385117 0.74913722 -0.38318476 0.90250099 -0.19662526
-0.70559490 -0.14695990 0.69320905 -0.40472817 0.88657570 -0.22400613
-0.74278468 -0.16848631 0.64798409 -0.38487813 0.89937848 -0.20733321
-0.74597454 -0.17262809 0.64321190 -0.38148993 0.90242368 -0.20024213
0.52549118 -0.76568294 0.37092957 -0.71968085 -0.16750379 0.67379671
-0.75089717 -0.10243198 0.65242708 -0.40001091 0.85661185 -0.32589486
0.43949911 -0.83254349 0.33721203 -0.72635710 -0.10854708 0.67869204
0.47102550 -0.80025631 0.37111279 -0.68113071 -0.06261858 0.72947919
-0.45473543 -0.03207284 0.89004892 -0.32536992 0.93625802 -0.13249697
-0.45995116 -0.01591532 0.88780159 -0.31782535 0.93654782 -0.14786936
-0.65824270 -0.08298414 0.74821806 -0.34646654 0.91578209 -0.20323449
-0.43261489 -0.05168815 0.90009594 -0.28509101 0.95497060 -0.08218452
-0.19282609 -0.02714427 0.98085743 -0.00768536 0.99962842 0.02615288
-0.73765665 -0.18903846 0.64817220 -0.32906592 0.93892676 -0.10065909
-0.75096232 -0.18687560 0.63335079 -0.35514492 0.92289484 -0.14878631
-0.78105396 -0.19117963 0.59447891 -0.37387422 0.90566826 -0.19995767
-0.86260849 -0.22693695 0.45211312 -0.27074796 0.96206135 -0.03366907
-0.80684841 -0.21115628 0.55173254 -0.38387650 0.89728880 -0.21797159
0.42000547 -0.86866736 0.26270223 -0.80948210 -0.22772416 0.54118443
-0.83544260 -0.21024984 0.50777030 -0.35765749 0.90950185 -0.21186683
0.43631870 -0.83748937 0.32899484 -0.83060962 -0.23428565 0.50517124
-0.82196605 -0.19313557 0.53578961 -0.38135269 0.88536441 -0.26589474
-0.85476309 -0.24019335 0.46009493 -0.36591160 0.90756571 -0.20599331
-0.87956351 -0.23850285 0.41168478 -0.28488269 0.95702815 -0.05421260
0.38045385 -0.91401011 -0.14085595 -0.92342883 -0.38374829 -0.00406239
-0.88954777 -0.27421704 0.36538994 -0.33435369 0.93580633 -0.11168757
-0.85537958 -0.23862830 0.45976335 -0.36459756 0.90783399 -0.20713797
0.36550367 -0.91801542 0.15380099 -0.91981745 -0.33090365 0.21080482
0.39666808 -0.88382083 0.24802247 -0.82204926 -0.22176883 0.52445561
0.43400246 -0.83605057 0.33565071 -0.76635349 -0.14672601 0.62543899
0.60811412 -0.59345245 0.52726793 -0.68643552 -0.05946708 0.72475517
0.55764747 -0.65371656 0.51155055 -0.73685509 -0.10609561 0.66767389
-0.46384186 0.82487178 -0.32316756 0.62726635 0.04818961 -0.77731252
-0.45990938 -0.01533226 0.88783348 -0.32383364 0.93388563 -0.15162250
0.44305357 -0.82833695 0.34287256 -0.76482338 -0.14971296 0.62660295
-0.46870118 0.81346905 -0.34436503 0.61575365 0.02134746 -0.78764951
-0.50951213 0.76621741 -0.39154619 0.60639191 -0.00310332 -0.79515988
-0.46420962 0.82191455 -0.33009976 0.59752297 0.01549333 -0.80170214
-0.66673839 -0.06155579 0.74274546 -0.42534831 0.84977150 -0.31139567
-0.43961877 0.85670567 -0.26979780 0.46977997 -0.03670223 -0.88202024
-0.34479558 0.91190571 -0.22258490 0.44049984 -0.05220459 -0.89623356
-0.65005642 -0.07571440 0.75610453 -0.30774611 0.93600285 -0.17085394
-0.68273705 -0.08865537 0.72526574 -0.38040778 0.89060193 -0.24923532
-0.72326934 -0.10570372 0.68242818 -0.42462188 0.84739405 -0.31877828
-0.92889732 -0.19310154 0.31600899 -0.21856205 0.97469765 -0.04685336
