0.97897094 0.01760068 -0.20323922 -0.00777498 0.99876642 0.04904317
0.96919942 0.01561399 -0.24578197 -0.05526219 0.98632711 -0.15525785
0.98233885 0.01752488 -0.18628813 -0.02428693 0.99912399 -0.03407874
0.99581134 0.02125862 -0.08892629 -0.02602814 0.99826461 -0.05282332
-0.01619851 0.99033731 0.13773063 -0.99464715 -0.03001966 0.09887259
-0.01762794 0.99003512 0.13971324 -0.99972445 -0.01961934 0.01288890
-0.01757949 0.99349010 0.11255406 -0.99960876 -0.01991298 0.01964150
-0.03062596 0.98053890 -0.19392161 -0.99862480 -0.02175744 0.04769884
0.99941999 0.03104723 -0.01399549 -0.03112382 0.99950159 -0.00528830
-0.01423299 0.99067384 -0.13550940 -0.99968523 -0.01689919 -0.01854535
-0.01447216 0.99848610 -0.05306682 -0.99980754 -0.01515375 -0.01246415
-0.01497303 0.99880463 -0.04653139 -0.99977648 -0.01564985 -0.01421544
-0.01216810 0.99296308 -0.11779764 -0.99951744 -0.01544560 -0.02695030
-0.01397376 0.99854839 -0.05201843 -0.99889803 -0.01627196 -0.04402249
-0.01274359 0.99316853 -0.11599102 -0.99903381 -0.01752581 -0.04030312
0.00329881 0.93328625 -0.35911822 -0.99826741 -0.01802424 -0.05601182
0.99808300 0.02239230 0.05769722 -0.02290933 0.99970299 0.00831515
-0.00921467 0.99381524 -0.11066344 -0.99714357 -0.01742892 -0.07349111
0.99493581 0.02421428 0.09755223 -0.02193702 0.99946278 -0.02434948
0.01441909 0.95399886 -0.29946333 -0.99230844 -0.02317313 -0.12160197
-0.00253027 0.98503590 -0.17233096 -0.99034929 -0.02634857 -0.13606626
0.01758932 0.95950884 -0.28112873 -0.98715699 -0.02798656 -0.15728301
0.03129195 0.96097368 -0.27486444 -0.97002888 -0.03709995 -0.24014083
0.03418656 0.95962113 -0.27921069 -0.96922308 -0.03631725 -0.24349065
0.97041327 0.03207605 0.23930994 -0.01804528 0.99799943 -0.06059293
0.97644973 0.03279784 0.21323775 -0.00669784 0.99250925 -0.12198617
0.97982693 0.03258913 0.19717284 -0.04444575 0.99744052 0.05600879
0.96470803 0.02724392 0.26190886 -0.06340165 0.98940402 0.13061348
0.95755839 0.03045734 0.28662571 -0.00057760 0.99460238 -0.10375854
0.94419152 0.03335914 0.32770362 -0.07465382 0.99064296 0.11425114
0.94099748 0.03463078 0.33663705 0.01775879 0.98832643 -0.15131280
0.14859742 0.83335221 -0.53239363 -0.95597810 -0.01669823 -0.29296249
0.94995773 0.02377709 0.31147227 0.06054435 0.96417719 -0.25825703
0.94190717 0.02542485 0.33490977 0.07105587 0.95947778 -0.27267826
0.91804588 0.03794316 0.39465442 0.03917487 0.98185796 -0.18552716
0.93147457 0.02845114 0.36269239 0.08041925 0.95617342 -0.28154084
0.93068677 0.02940593 0.36463341 0.07158653 0.96285248 -0.26036620
0.94261628 0.03081313 0.33245313 0.01808297 0.98955929 -0.14298774
0.94420606 0.02838722 0.32812962 0.03935798 0.97941446 -0.19798546
0.90262008 0.03149774 0.42928419 -0.09478553 0.98738271 0.12685071
0.90093148 0.03344302 0.43267089 -0.00065562 0.99712992 -0.07570733
0.91037989 0.03408160 0.41236749 0.06811252 0.97066289 -0.23059532
0.89063996 0.03542069 0.45332757 0.07912657 0.96967763 -0.23122343
0.88979495 0.03422431 0.45507550 -0.00236670 0.99751669 -0.07039151
0.88939679 0.03459922 0.45582485 -0.00444763 0.99773937 -0.06705490
0.91351724 0.03270705 0.40548316 -0.01256762 0.99855590 -0.05223171
0.93801731 0.03526593 0.34478948 -0.11361977 0.97112471 0.20977929
-0.18629679 0.87781489 0.44128749 -0.93524975 -0.02084069 -0.35337454
-0.17071439 0.87155843 0.45961133 -0.96073365 -0.04368249 -0.27401245
-0.20508020 0.80146348 0.56178147 -0.94161755 -0.00497177 -0.33664769
-0.17527565 0.85931712 0.48047113 -0.95052707 -0.02057153 -0.30995992
-0.17885169 0.84358495 0.50633633 -0.95616430 -0.02774812 -0.29151314
-0.18373668 0.83317012 0.52160186 -0.95575941 -0.02742216 -0.29286849
-0.15305391 0.88435853 0.44100407 -0.96212798 -0.03148615 -0.27077389
-0.12016145 0.89551789 0.42849621 -0.97442538 -0.02383363 -0.22344401
-0.12419759 0.87992758 0.45858750 -0.97696310 -0.02760723 -0.21161525
-0.13920197 0.82331270 0.55025357 -0.97984827 -0.03413545 -0.19680497
-0.13665317 0.81817836 0.55848914 -0.98007745 -0.02963632 -0.19639215
-0.13248700 0.81762648 0.56029838 -0.98054719 -0.02552022 -0.19461727
-0.11613997 0.79341650 0.59749633 -0.98635912 -0.02148213 -0.16320005
-0.10416334 0.83870292 0.53453475 -0.98536551 -0.01411438 -0.16986956
-0.05379016 0.92449665 0.37737593 -0.99317342 -0.01035909 -0.11618658
-0.05214585 0.92237169 0.38276798 -0.99460554 -0.01355246 -0.10284072
-0.05068130 0.92370325 0.37974170 -0.99461567 -0.01226754 -0.10290377
-0.03778451 0.97325242 0.22660993 -0.99483597 -0.01525896 -0.10034237
0.99156898 0.02555819 0.12703404 -0.03141395 0.99852389 0.04430803
-0.05513861 0.89754248 0.43746686 -0.99389040 -0.00738233 -0.11012442
-0.03975234 0.92128831 0.38684317 -0.99798721 -0.01746327 -0.06096430
-0.04915805 0.85243583 0.52051574 -0.99687421 -0.00960250 -0.07842006
-0.04431980 0.84934574 0.52597296 -0.99719280 -0.00580527 -0.07465157
-0.03255231 0.90296984 0.42846924 -0.99870801 -0.01264935 -0.04921769
-0.03722695 0.82759857 0.56008470 -0.99800444 -0.00218466 -0.06310589
-0.03154825 0.88025951 0.47344276 -0.99925399 -0.01722033 -0.03456884
-0.03981622 0.57294983 0.81862277 -0.99881446 0.00014142 -0.04867939
-0.03576899 0.67177510 0.73989111 -0.99919760 -0.01068819 -0.03860059
-0.02443988 0.87239754 0.48818573 -0.99912506 -0.00473682 -0.04155406
-0.01672192 0.84783900 0.52999014 -0.99985033 -0.01182494 -0.01262999
-0.01206953 0.82134676 0.57030165 -0.99989873 -0.00560953 -0.01308244
-0.01273215 0.73893487 0.67365658 -0.99987084 -0.00279944 -0.01582692
-0.01193350 0.68863833 0.72500688 -0.99988639 -0.01489648 -0.00230874
-0.01111807 0.84268403 0.53829372 -0.99993676 -0.01029460 -0.00453706
-0.00142070 0.71431947 0.69981831 -0.99956697 -0.02158301 0.02000103
-0.00601529 0.86217874 0.50656861 -0.99985421 -0.01328286 0.01073456
-0.02578886 0.89637578 0.44254422 -0.99925119 -0.01034034 -0.03728604
-0.04636724 0.57939631 0.81372601 -0.99850363 -0.00323987 -0.05458926
-0.07468513 0.60219210 0.79485023 -0.99626976 -0.01050515 -0.08565189
-0.07484647 0.70151389 0.70871449 -0.99509627 -0.00645585 -0.09870063
-0.08628832 0.67528528 0.73249173 -0.99406344 -0.00944838 -0.10839127
-0.05640448 0.89863038 0.43506560 -0.99377197 -0.00858720 -0.11110157
-0.08168637 0.77663213 0.62463582 -0.99226487 -0.00459173 -0.12405379
-0.17522238 0.68711847 0.70509958 -0.97498620 -0.02163261 -0.22121021
-0.14096698 0.82183933 0.55200410 -0.97937179 -0.03422701 -0.19914705
-0.17203139 0.70618284 0.68681216 -0.97401273 -0.01766732 -0.22580324
-0.16835812 0.72437042 0.66853803 -0.97384655 -0.01725237 -0.22655086
-0.23021564 0.63279587 0.73930389 -0.95968968 -0.02175904 -0.28021839
-0.26816374 0.58476216 0.76559883 -0.94906360 -0.02389088 -0.31417754
-0.15488525 0.89816058 0.41148287 -0.95115542 -0.02298322 -0.30785567
-0.17191151 0.90445769 0.39038789 -0.92999130 -0.01830356 -0.36712563
-0.29505390 0.61488199 0.73134357 -0.93317002 -0.02100222 -0.35882115
-0.18180457 0.89492989 0.40748948 -0.92524809 -0.01536986 -0.37905127
0.87553209 0.02939691 0.48226488 -0.20203161 0.92897141 0.31015378
-0.28369677 0.84255397 0.45784172 -0.86544949 -0.01936935 -0.50062168
-0.26264372 0.85399550 0.44912130 -0.87489486 -0.01448208 -0.48409644
-0.23812072 0.84091175 0.48596907 -0.91712976 -0.03000976 -0.39745748
-0.36592796 0.67658502 0.63900667 -0.87670839 -0.02026126 -0.48059538
-0.31064913 0.78745133 0.53236979 -0.88453895 -0.03444882 -0.46519259
0.88833398 0.03649773 0.45774525 0.07639696 0.97119701 -0.22569871
0.96585268 0.02785484 0.25759032 -0.06673524 0.98740435 0.14345418
0.92370874 0.03407899 0.38157681 0.07065129 0.96379662 -0.25710797
0.91787523 0.03572056 0.39525831 0.06780092 0.96718609 -0.24485560
0.96687198 0.02905030 0.25360346 0.00772827 0.98971617 -0.14283636
0.95208472 0.02468205 0.30483696 0.05145413 0.96960318 -0.23921147
0.97365201 0.02827371 0.22627959 0.02346376 0.97459602 -0.22273763
0.00673047 0.97770011 -0.20989789 -0.97897071 -0.03635575 -0.20073546
0.98477054 0.02524188 0.17201705 -0.01805576 0.99890274 -0.04321315
0.02008160 0.94210917 -0.33470440 -0.99054742 -0.02668759 -0.13454977
0.00397040 0.97025216 -0.24206398 -0.99378985 -0.02309011 -0.10885126
0.00515719 0.95556265 -0.29474300 -0.99620694 -0.02069352 -0.08451971
0.00835690 0.93837738 -0.34551138 -0.99696994 -0.01890409 -0.07545553
0.00387132 0.94576722 -0.32482222 -0.99795568 -0.01706768 -0.06158895
0.00075696 0.95890594 -0.28372332 -0.99797416 -0.01732490 -0.06121587
-0.00422100 0.96314156 -0.26896185 -0.99922287 -0.01460322 -0.03661205
-0.01608475 0.98304588 -0.18265316 -0.99942690 -0.02124923 -0.02635288
-0.02271507 0.93396419 -0.35664406 -0.99965167 -0.02601299 -0.00445274
-0.02232263 0.94201922 -0.33481565 -0.99970168 -0.02435344 -0.00186800
-0.01028345 0.93239313 -0.36129951 -0.99978375 -0.01611874 -0.01314082
-0.00300539 0.93762088 -0.34764645 -0.99940360 -0.01477588 -0.03121154
-0.00165028 0.93668467 -0.35017017 -0.99918157 -0.01569743 -0.03728077
-0.01801831 0.88074303 -0.47325161 -0.99695498 -0.05174340 -0.05833939
-0.03340029 0.93413049 -0.35536557 -0.99944192 -0.03100956 0.01242294
-0.03692175 0.93443388 -0.35421768 -0.99925560 -0.03055471 0.02355306
-0.03733269 0.92573243 -0.37633204 -0.99914545 -0.02789352 0.03050192
-0.03919388 0.96585381 -0.25610587 -0.99650735 -0.01886825 0.08134533
-0.04168402 0.95862043 -0.28161937 -0.99531293 -0.01522370 0.09550089
-0.00339861 0.94790941 -0.31852198 -0.99925059 -0.01550089 -0.03546812
-0.00217482 0.97726858 -0.21199404 -0.99728602 -0.01772099 -0.07146070
0.01189564 0.95748121 -0.28825024 -0.99087673 -0.02741420 -0.13195376
0.98756140 0.02496224 0.15523989 -0.04259782 0.99286950 0.11133549
0.03268373 0.92820877 -0.37062147 -0.98685640 -0.02874673 -0.15902241
0.01595029 0.92269814 -0.38519320 -0.99524552 -0.02236901 -0.09479476
-0.03531498 0.94720817 0.31866845 -0.99757129 -0.01425520 -0.06817921
-0.00086253 0.96621495 -0.25773612 -0.99765664 -0.01846434 -0.06588139
-0.00107843 0.93324137 -0.35924852 -0.99903172 -0.01680606 -0.04065911
-0.01436546 0.99883163 -0.04614213 -0.99908072 -0.01620253 -0.03968909
-0.01609876 0.92892039 0.36992937 -0.99977005 -0.00971190 -0.01912115
-0.01365098 0.98943657 -0.14432229 -0.99971759 -0.01631371 -0.01728255
-0.02924404 0.93254524 -0.35986692 -0.99955255 -0.02954939 0.00465399
-0.03085072 0.98128885 -0.19005379 -0.99861628 -0.02215846 0.04769265
-0.01395554 0.94587111 0.32424235 -0.99950749 -0.02231218 0.02206925
0.00752556 0.83706355 0.54705399 -0.99832267 -0.02511595 0.05216413
0.01539468 0.71818417 0.69568276 -0.99959648 -0.00555725 0.02785695
0.00968169 0.78771996 0.61595750 -0.99977732 -0.00392510 0.02073425
0.00876359 0.73463976 0.67840081 -0.99946201 -0.01500787 0.02916307
0.02333140 0.42287686 0.90588677 -0.99935025 -0.01503702 0.03275801
0.02593501 0.69233292 0.72111201 -0.99797821 -0.02393899 0.05887617
0.02635038 0.74839389 0.66273093 -0.99870324 -0.00918029 0.05007564
-0.04711238 0.93696803 -0.34622449 -0.99441880 -0.01123709 0.10490488
0.07351793 0.92778957 0.36578906 -0.97153133 -0.01620165 0.23635669
