0.55795437 -0.64708281 -0.51958716 -0.44330770 0.29688486 -0.84577638
0.59481758 -0.61445695 -0.51829994 -0.50295103 0.21850060 -0.83624029
0.63547856 -0.56997067 -0.52086514 -0.49348262 0.21901140 -0.84172976
0.65893334 -0.54429412 -0.51918280 -0.45584857 0.26008055 -0.85121101
0.61296397 -0.60456544 -0.50870013 -0.48585257 0.21931458 -0.84607828
0.68546283 -0.50668335 -0.52288890 -0.48927605 0.21129546 -0.84614605
0.66423780 -0.53703195 -0.51998556 -0.46469823 0.24821699 -0.84996706
0.75807327 -0.37527165 -0.53338188 -0.51924968 0.14753802 -0.84179121
0.76338160 -0.36193267 -0.53502643 -0.52845138 0.12639311 -0.83950216
0.79564303 -0.28786075 -0.53299946 -0.42730325 0.35696825 -0.83065379
0.78780115 -0.30149961 -0.53709155 -0.40935940 0.39524466 -0.82231778
0.76745230 -0.33850294 -0.54445642 -0.39053771 0.42664954 -0.81575155
0.77590102 -0.33504409 -0.53453064 -0.29270846 0.55938578 -0.77550596
0.78154904 -0.31992528 -0.53556418 -0.29356965 0.56888497 -0.76823616
0.84424216 -0.20827925 -0.49383697 -0.33110064 0.52187681 -0.78614062
0.79706293 -0.26863825 -0.54085511 -0.28616607 0.62065339 -0.72999889
0.83903366 -0.19533403 -0.50780624 -0.38006753 0.45743123 -0.80393124
0.84114313 -0.18872097 -0.50681615 -0.31832051 0.58484077 -0.74607873
-0.30918437 0.64816326 -0.69590914 -0.85727149 0.12682538 0.49899989
-0.31668812 0.63666505 -0.70311189 -0.86185104 0.11643319 0.49361545
-0.39837509 0.45469522 -0.79658622 -0.86992419 0.08798480 0.48527369
-0.37812838 0.50939560 -0.77300394 -0.86430681 0.10488431 0.49190760
-0.36206064 0.55002362 -0.75258631 -0.85065776 0.13518572 0.50804150
-0.32799339 0.62247515 -0.71059483 -0.84820217 0.13711187 0.51161849
-0.32819042 0.62164903 -0.71122688 -0.84461254 0.14403924 0.51563793
-0.33163533 0.61676717 -0.71387410 -0.85292423 0.12735362 0.50626206
-0.22825344 0.77224159 -0.59291089 -0.82219446 0.17326736 0.54219443
-0.25283742 0.74134994 -0.62167001 -0.84913802 0.13793661 0.50984144
-0.25363940 0.73287797 -0.63131374 -0.84854686 0.14473815 0.50893927
0.80213147 -0.30727881 -0.51202041 -0.16865844 0.70595312 -0.68788409
0.80147982 -0.30587602 -0.51387739 -0.18810475 0.68673503 -0.70214790
0.75296426 -0.35418579 -0.55461460 -0.21660289 0.66244274 -0.71711421
0.74470150 -0.37559041 -0.55168062 -0.13576522 0.72407627 -0.67622584
0.69935030 -0.41003841 -0.58547217 -0.11680688 0.74252355 -0.65955663
0.67872488 0.01922558 -0.73414099 -0.34907532 0.88795441 -0.29947194
0.62273616 -0.01161575 -0.78234571 -0.33116969 0.90199691 -0.27699867
0.69081026 0.02924327 -0.72244453 -0.40486109 0.84349608 -0.35298985
0.74229419 0.06653023 -0.66676313 -0.37637061 0.86465967 -0.33272946
0.72431058 0.04689354 -0.68787736 -0.35717192 0.87889850 -0.31617370
0.78037643 0.10265428 -0.61682642 -0.37582207 0.86538953 -0.33144936
0.81792402 0.12652241 -0.56124192 -0.32965791 0.90256286 -0.27695844
0.75783396 0.06188443 -0.64950591 -0.29276618 0.92189759 -0.25375760
-0.26040006 0.92974609 -0.26031539 -0.91408992 -0.15059778 0.37651017
0.93037570 0.17745362 -0.32079798 -0.23727405 0.95852059 -0.15792191
0.87853032 0.14434664 -0.45535550 -0.20822081 0.97364235 -0.09308393
0.87388211 0.14663249 -0.46349651 -0.20256315 0.97654653 -0.07297325
0.87453711 0.14885388 -0.46154895 -0.17185564 0.98509026 -0.00792902
0.89456099 0.15320894 -0.41986632 -0.15219761 0.98768920 0.03613718
0.86228055 0.13991560 -0.48671955 -0.19895139 0.97739786 -0.07149647
0.81464058 0.10640930 -0.57012093 -0.23310681 0.96020079 -0.15386906
0.81684780 0.10665759 -0.56690717 -0.24724811 0.95264381 -0.17702614
0.77975041 0.09607713 -0.61867487 -0.29028568 0.93100381 -0.22128294
0.76453292 0.08334637 -0.63917357 -0.18218075 0.97911561 -0.09023755
0.75725418 0.09349847 -0.64639318 -0.13975205 0.98997384 -0.02052432
0.63897026 0.09019317 -0.76392555 -0.24814413 0.96417910 -0.09371904
0.62344807 0.11149076 -0.77387488 -0.14711563 0.98882955 0.02393981
0.43032041 0.38402379 -0.81691504 -0.36400920 0.90197116 0.23226131
0.42687789 0.38209990 -0.81961882 -0.28323522 0.91723806 0.28009328
0.35397688 0.37810591 -0.85541594 -0.26466697 0.91774470 0.29613513
0.30175802 0.37255454 -0.87757921 -0.29459149 0.91187888 0.28581956
0.25574821 0.36415046 -0.89553750 -0.28210449 0.91413814 0.29115042
0.21638301 0.35079375 -0.91111040 -0.30786410 0.91012388 0.27729818
0.29227582 -0.79584539 -0.53028774 0.05244924 0.56700557 -0.82204247
0.37256095 -0.76807034 -0.52083242 -0.02118473 0.55405170 -0.83221275
0.41843539 -0.74978977 -0.51256919 -0.02968273 0.55275959 -0.83281195
0.40942636 -0.75278860 -0.51544106 -0.03763955 0.55054575 -0.83395606
0.51301324 -0.69788945 -0.49976778 -0.07823417 0.54178363 -0.83686912
0.46839052 -0.71215063 -0.52292621 -0.09640862 0.54713506 -0.83147383
0.51062274 -0.68281448 -0.52252162 -0.06041075 0.57772768 -0.81399101
0.33501512 0.26483724 -0.90422684 -0.42486244 0.89904147 0.10590743
0.32292446 0.26708567 -0.90795660 -0.43466449 0.89404482 0.10840033
0.51756454 0.09502494 -0.85035121 -0.32225022 0.94228619 -0.09083845
0.53319621 0.06376714 -0.84358501 -0.30561155 0.94433618 -0.12178179
0.59179020 -0.00706483 -0.80606115 -0.31243074 0.91978753 -0.23744053
0.66955274 0.02373066 -0.74238539 -0.27552035 0.93611813 -0.21856663
0.27663481 0.35922152 -0.89130974 -0.40483290 0.88474953 0.23093008
0.58377165 -0.60653013 -0.53975165 -0.03676122 0.64435911 -0.76383895
0.72685933 -0.49559742 -0.47545633 -0.00360787 0.68952650 -0.72425157
0.67485505 -0.45522374 -0.58081156 -0.11190320 0.71483052 -0.69028628
0.71144587 -0.41697720 -0.56566310 -0.25262374 0.59937620 -0.75955868
0.70690221 -0.48183155 -0.51781052 -0.23370461 0.53185552 -0.81394833
0.69835258 -0.49477035 -0.51720995 -0.29106337 0.46385452 -0.83673239
0.70695025 -0.48317170 -0.51649451 -0.36532488 0.37584418 -0.85163307
0.63058251 -0.57089198 -0.52578330 -0.29194546 0.45321724 -0.84223634
0.61441022 -0.58898348 -0.52497488 -0.32382461 0.41850448 -0.84852320
0.57785803 -0.63015085 -0.51864260 -0.34443170 0.38782316 -0.85496205
0.54195070 -0.65955025 -0.52084833 -0.24318767 0.47016633 -0.84841228
0.56582016 -0.63848174 -0.52171713 -0.21855691 0.49397269 -0.84156042
0.62428832 -0.57560772 -0.52814764 -0.25165668 0.49185184 -0.83351707
0.68942529 -0.49839932 -0.52563381 -0.31281018 0.44965160 -0.83663803
0.67608815 -0.51787364 -0.52412951 -0.40160415 0.33738834 -0.85140079
0.67396808 -0.52101010 -0.52375144 -0.40600187 0.33107805 -0.85179216
0.72693551 -0.45120665 -0.51766533 -0.37509012 0.37055355 -0.84970438
0.69261819 -0.48457366 -0.53429246 -0.35934001 0.41046327 -0.83808988
0.63020170 -0.56989944 -0.52731436 -0.29226694 0.45507711 -0.84112120
0.64187962 -0.55315489 -0.53104633 -0.22076261 0.52991426 -0.81881297
0.63139498 -0.56302971 -0.53323346 -0.12797081 0.60255343 -0.78775173
0.57240373 -0.61808890 -0.53881371 -0.10890567 0.59398401 -0.79707134
0.59141243 -0.62312376 -0.51180875 -0.07476445 0.58960038 -0.80422741
0.56779385 -0.64240187 -0.51471353 -0.24208334 0.46731949 -0.85029888
0.49459594 -0.70715088 -0.50528461 -0.28308395 0.41859648 -0.86292559
0.47403190 -0.72191203 -0.50411993 -0.31599230 0.39491752 -0.86266392
0.47454792 -0.72042340 -0.50576127 -0.31192750 0.39965621 -0.86196071
0.24490398 -0.84305632 -0.47882995 -0.35829100 0.38021451 -0.85268080
0.32449773 -0.80596447 -0.49509853 -0.31439212 0.40176302 -0.86008382
0.39031479 -0.77164084 -0.50221992 -0.41178000 0.34157616 -0.84484500
0.37646106 -0.78045171 -0.49917156 -0.46446991 0.30720219 -0.83059895
0.44972092 -0.72549051 -0.52097470 -0.52526063 0.25693840 -0.81122375
0.48445398 -0.69926345 -0.52567571 -0.47929618 0.29052499 -0.82817298
0.47377262 -0.70223951 -0.53141248 -0.35372832 0.40086854 -0.84509212
0.47349197 -0.69979066 -0.53488177 -0.35027418 0.40758339 -0.84331715
0.46420527 -0.70665997 -0.53398985 0.01878637 0.61060244 -0.79171449
0.48321673 -0.70921999 -0.51333094 -0.49273965 0.26434481 -0.82905340
0.39599794 -0.76577926 -0.50672263 -0.45779037 0.31372321 -0.83186883
0.45322454 -0.73196018 -0.50874531 -0.41225359 0.33390778 -0.84767485
0.47306550 -0.71623927 -0.51304030 -0.35972252 0.37454551 -0.85458493
0.40991938 -0.76049888 -0.50359464 -0.22486752 0.45081285 -0.86383009
0.41978315 -0.75363451 -0.50578380 -0.18253437 0.47577515 -0.86041802
0.45319355 -0.73552138 -0.50361085 -0.17342432 0.48141381 -0.85916519
0.38501620 -0.76739633 -0.51270401 -0.11862216 0.50977433 -0.85209095
0.20184997 0.34968975 -0.91486269 -0.38224974 0.88813847 0.25513759
0.32458872 0.37625465 -0.86779881 -0.37098747 0.89460123 0.24911250
0.43917915 0.38938317 -0.80963111 -0.35961473 0.90203851 0.23875484
0.63787919 0.08596570 -0.76532358 -0.24995555 0.96306348 -0.10015504
0.76364076 0.06192341 -0.64266509 -0.19133979 0.97237992 -0.13366495
0.76404411 0.07978482 -0.64021176 -0.28114402 0.93432289 -0.21908638
0.71765178 0.04908197 -0.69467044 -0.26303631 0.94272673 -0.20512977
0.81927252 0.11080267 -0.56259692 -0.25215518 0.95081061 -0.17993605
-0.20267303 0.96514028 -0.16561390 -0.95786655 -0.16024484 0.23835549
-0.25984669 0.89025283 -0.37407163 -0.96520752 -0.25117314 0.07270902
-0.25922683 0.89657551 -0.35910156 -0.96361190 -0.26520067 0.03347703
0.80979949 0.11793658 -0.57473105 -0.30824721 0.91901976 -0.24573646
-0.36466739 0.82139504 -0.43855214 -0.79319304 -0.02733842 0.60835642
0.76732421 0.08013863 -0.63623232 -0.28443941 0.93175137 -0.22568479
0.70869869 0.04022091 -0.70436388 -0.26274151 0.94160426 -0.21059056
0.65673935 0.01647877 -0.75393760 -0.26796266 0.93961608 -0.21287958
0.68087995 -0.42728728 -0.59483451 -0.11786629 0.73766297 -0.66480136
0.78972971 -0.32826144 -0.51823890 -0.11519995 0.75040090 -0.65086681
0.76725972 0.06677570 -0.63785082 -0.26503634 0.93867916 -0.22053865
-0.26726210 0.70889872 -0.65271252 -0.84720200 0.14988764 0.50968868
0.81287491 -0.27239290 -0.51481688 -0.23228212 0.65895283 -0.71542031
0.81512946 -0.27217031 -0.51135832 -0.23057662 0.65736324 -0.71743160
0.73792052 -0.38293147 -0.55573088 -0.24716844 0.61288905 -0.75051636
0.81973451 -0.22899216 -0.52497423 -0.29747802 0.61303741 -0.73190981
0.84047407 -0.16215616 -0.51701915 -0.46728146 0.26615408 -0.84309554
0.74138314 -0.38868579 -0.54705989 -0.40715620 0.38748431 -0.82709116
0.68619049 -0.50603461 -0.52256256 -0.50050169 0.19285882 -0.84398079
0.63963753 -0.56806272 -0.51785010 -0.42381009 0.30141848 -0.85412645
0.56273645 -0.64454091 -0.51758546 -0.43660977 0.29992229 -0.84818542
0.57329559 -0.63067430 -0.52305073 -0.44238019 0.29907599 -0.84549004
