0.77214664 0.47442728 0.42273918 -0.42742491 0.88004667 -0.20694423
0.83500332 0.42932090 0.34417024 -0.40670332 0.90284646 -0.13950130
0.88370907 0.38550428 0.26541442 -0.21325198 0.83644092 -0.50486660
0.93501204 0.26145500 0.23957001 -0.19268149 0.94172299 -0.27573845
0.96151233 0.23544604 0.14163050 -0.21664201 0.96669352 -0.13627145
0.95222872 0.23301759 0.19739115 -0.19610542 0.96206319 -0.18967634
-0.17937818 0.93269813 -0.31288615 -0.97515643 -0.21059275 -0.06870764
-0.14573795 0.84662735 -0.51184231 -0.98048687 -0.19259703 -0.03939453
-0.12740628 0.80348361 -0.58153397 -0.97142297 -0.21946543 -0.09040138
-0.12841257 0.80053610 -0.58536506 -0.96763635 -0.23043236 -0.10286357
-0.16847740 0.90689677 -0.38620421 -0.96222776 -0.23631905 -0.13517031
-0.12997963 0.99127370 -0.02194799 -0.99151498 -0.12990656 0.00472958
-0.12264688 0.99221969 -0.02139754 -0.99244869 -0.12257831 0.00449194
-0.14891379 0.82711428 -0.54194713 -0.98872960 -0.13310176 0.06854001
-0.16076219 0.77789402 -0.60748369 -0.98410118 -0.07925003 0.15894772
-0.16918622 0.83831388 -0.51827204 -0.97708911 -0.07377224 0.19963597
-0.14227408 0.93109035 -0.33590010 -0.97433972 -0.07194144 0.21327561
-0.14191625 0.93318850 -0.33018038 -0.92972380 -0.01115231 0.36808884
-0.15233296 0.92311752 -0.35305625 -0.93588680 -0.01991437 0.35173750
0.93041188 0.11136170 -0.34918812 -0.09560481 0.99348056 0.06209789
0.99191040 0.11824270 -0.04617793 -0.11926371 0.99266100 -0.02000922
0.94628149 0.11100307 -0.30369341 -0.14563195 0.98488301 -0.09379127
0.99095172 0.12593645 -0.04641958 -0.12672566 0.99183244 -0.01445779
0.97963041 0.15516698 0.12746546 -0.13712853 0.98063105 -0.13985182
-0.17345741 0.87633377 -0.44939026 -0.92783868 0.00757627 0.37290496
-0.18277106 0.94873923 -0.25785404 -0.97757870 -0.20326795 -0.05497365
-0.18759009 0.97527528 0.11682494 -0.98088813 -0.17974573 -0.07449876
0.93576860 0.25068742 0.24797793 -0.20872799 0.96061301 -0.18345383
0.87315744 0.24810496 0.41957137 -0.27028129 0.96275717 -0.00683249
0.76234144 0.45378008 0.46143171 -0.36796400 0.89045191 -0.26776472
0.69199103 0.46454507 0.55258155 -0.27427357 0.87723184 -0.39400309
0.68492031 0.48058316 0.54765332 -0.25260976 0.86163867 -0.44018996
0.77036589 0.46404001 0.43726790 -0.07718889 0.74863136 -0.65847784
0.71934998 0.49139258 0.49098772 -0.11162169 0.77939928 -0.61650419
0.67202878 0.44876587 0.58905560 -0.26007578 0.88781548 -0.37966344
0.71415365 0.23217373 0.66036350 -0.14756858 0.97212565 -0.18219568
0.75022113 -0.00111230 0.66118610 -0.00830170 0.99990392 0.01110172
0.74635226 -0.15966946 0.64611459 0.00929092 0.97320122 0.22976756
0.84868336 -0.11849096 0.51545751 -0.11567838 0.90940136 0.39950946
0.83738148 -0.14501613 0.52703196 -0.02836937 0.95133775 0.30684155
-0.05680556 0.91336757 0.40315366 -0.92606175 0.10268863 -0.36313182
-0.06088342 0.91389865 0.40135095 -0.97521055 0.03123669 -0.21906345
-0.05135234 0.94397002 0.32601172 -0.96639568 0.03536219 -0.25461519
0.96877831 0.15096623 0.19666685 -0.15082198 0.98843467 -0.01579916
-0.06128264 0.96074772 0.27057034 -0.99014026 -0.02430595 -0.13795497
-0.06550083 0.91922033 0.38825729 -0.99117500 -0.01499736 -0.13170882
-0.05751956 0.90957874 0.41153136 -0.99021286 0.00052620 -0.13956466
-0.08831911 0.70207018 0.70660973 -0.99216270 0.00094481 -0.12494910
-0.05972867 0.85938686 0.50782549 -0.99355674 -0.00209326 -0.11331629
-0.06571127 0.81595832 0.57436407 -0.98971224 0.02001602 -0.14166535
-0.06244187 0.85007113 0.52295327 -0.97941130 0.04859641 -0.19593850
-0.04987370 0.78684676 0.61512995 -0.99091691 0.03802858 -0.12898634
-0.06893288 0.65511751 0.75237578 -0.98531258 0.07339550 -0.15418245
-0.05725902 0.71558869 0.69617116 -0.99069810 0.04549526 -0.12824762
0.02013575 0.55771065 0.82979119 -0.99593639 0.08405743 -0.03232836
0.02576345 0.50853497 0.86065578 -0.99962163 0.00480531 0.02708404
0.08352962 0.56626672 0.81997859 -0.99496883 0.00171645 0.10017017
0.09871926 0.56036401 0.82234228 -0.99356496 0.00939231 0.11287381
0.14525840 0.47109303 0.87004107 -0.98243237 -0.03545492 0.18322024
0.20363678 0.53113598 0.82245159 -0.95823258 -0.06417179 0.27869770
0.23460287 0.63195491 0.73864377 -0.93819028 -0.05172300 0.34223360
0.23257998 0.63934904 0.73289794 -0.93852609 -0.05011341 0.34155145
0.23069158 0.64686912 0.72687119 -0.93735939 -0.05266114 0.34436059
0.22509915 0.66493821 0.71217102 -0.93923575 -0.04633594 0.34013134
0.21680877 0.70628214 0.67391366 -0.92601973 -0.06971723 0.37098110
0.18011905 0.78727859 0.58970290 -0.92629439 -0.06595714 0.37098318
0.26807281 0.61930239 0.73797125 -0.90037119 -0.11146227 0.42060429
0.15897039 0.81496704 0.55727667 -0.94826794 -0.03107278 0.31594688
0.15514012 0.82347924 0.54572296 -0.94013387 -0.04661319 0.33760262
0.09796064 0.89907044 0.42670372 -0.94489467 -0.05055630 0.32344726
0.08437244 0.91455114 0.39557251 -0.94814652 -0.04839822 0.31412718
0.08036732 0.90799755 0.41119534 -0.94553727 -0.06110180 0.31972778
0.04663744 0.92276037 0.38254198 -0.96162248 -0.06218467 0.26723647
0.05634257 0.88501310 0.46214432 -0.97976130 -0.04003941 0.19612418
0.01997375 0.90879190 0.41677144 -0.98990357 -0.04053224 0.13582370
-0.00102441 0.96562600 0.25993356 -0.99007612 -0.03750756 0.13543470
-0.00890444 0.97749722 0.21076037 -0.99437940 -0.03089293 0.10126837
-0.00990851 0.98125517 0.19245812 -0.99688089 -0.02476371 0.07493530
0.98550534 0.01084488 0.16929756 -0.02404856 0.99680740 0.07613651
0.99963844 0.02366189 0.01277412 -0.02381041 0.99964917 0.01160270
0.94615883 0.05019390 -0.31978765 -0.02207800 0.99561083 0.09094877
0.97577155 0.04757874 -0.21355599 -0.01101898 0.98551697 0.16921858
0.98383510 0.04517408 -0.17328529 -0.02085012 0.98997426 0.13970083
-0.07311954 0.97595185 0.20535719 -0.99648994 -0.07990835 0.02495066
-0.07326137 0.95833910 0.27607799 -0.99729753 -0.07192912 -0.01496277
-0.05367765 0.95867550 0.27939227 -0.99854547 -0.05295246 -0.01014825
-0.04426350 0.93879479 0.34162137 -0.99468613 -0.07323185 0.07236492
-0.02680164 0.94728738 0.31926221 -0.98702216 -0.07566313 0.14164193
-0.01792808 0.98132712 0.19150917 -0.99983776 -0.01793419 -0.00170154
-0.06129701 0.88015991 0.47070286 -0.99810034 -0.05112303 -0.03438289
-0.05962970 0.91872811 0.39036253 -0.99781805 -0.04375451 -0.04944403
-0.05548340 0.94395334 0.32538250 -0.99832755 -0.04714739 -0.03345501
0.98858547 0.02834409 -0.14797099 -0.00848515 0.99105960 0.13315028
0.96913320 0.04033168 -0.24321638 0.00085246 0.98597395 0.16689721
0.96337891 0.04378838 -0.26454425 0.02005754 0.97204435 0.23393920
0.94452161 0.05641092 -0.32356891 0.01790159 0.97483480 0.22220856
0.88538504 0.10038614 -0.45388988 0.05650809 0.94592148 0.31943607
0.01769995 0.90070421 0.43407214 -0.98425031 -0.06067758 0.16604094
-0.03989020 0.85113531 0.52342862 -0.99904567 -0.02464563 -0.03606099
-0.04255991 0.80072337 0.59752053 -0.99903744 -0.02774630 -0.03397679
-0.03503059 0.78385961 0.61994916 -0.99938083 -0.02951959 -0.01914623
0.04247455 0.77404839 0.63170016 -0.98760480 -0.06309698 0.14372040
0.05191717 0.71462196 0.69758165 -0.98825628 -0.06376001 0.13886800
0.10916968 0.68817121 0.71728820 -0.98117375 -0.04104837 0.18871461
0.04945149 0.67438382 0.73672324 -0.99786204 0.00180184 0.06533068
-0.03389567 0.71540469 0.69788772 -0.99938780 -0.03032179 -0.01745636
0.08087914 0.83455849 0.54495019 -0.97365892 -0.05078571 0.22228152
0.02398411 0.94549423 0.32475445 -0.96746987 -0.05988364 0.24579664
0.92594671 0.05690419 -0.37334251 0.01858395 0.98051965 0.19554006
0.91729480 0.06166745 -0.39340475 0.03276243 0.97289926 0.22889665
0.83091873 0.11985152 -0.54333204 0.08098269 0.94007397 0.33121425
0.76571465 0.15644197 -0.62386459 0.03488030 0.95844048 0.28315228
0.75968283 0.15849574 -0.63068306 0.00785595 0.96753573 0.25261229
0.59146637 0.19152164 -0.78325421 -0.14039144 0.98100537 0.13386072
0.36966997 0.23042047 -0.90013921 0.01842424 0.96675509 0.25503954
0.71713120 0.17546150 -0.67448956 -0.06082941 0.97985440 0.19022393
0.63917887 0.18976924 -0.74527717 0.02149875 0.96429008 0.26397449
0.64655125 0.20311670 -0.73533344 0.17820053 0.89702451 0.40446472
0.76871610 0.15022638 -0.62169731 0.19665006 0.86942583 0.45324111
0.13908002 0.89800000 0.41743591 -0.91579694 -0.04375585 0.39925122
0.85986775 0.11095013 -0.49831468 0.15928829 0.86906189 0.46835744
0.20903675 0.82516223 0.52479613 -0.81974721 -0.14475691 0.55413002
0.21322156 0.82201666 0.52803898 -0.81919730 -0.14409840 0.55511391
0.21365090 0.74135345 0.63619840 -0.91188270 -0.08228517 0.40211827
0.23121862 0.70140404 0.67421830 -0.91667771 -0.07510875 0.39250565
0.23582259 0.69302636 0.68125051 -0.90542918 -0.09792966 0.41304702
0.20759964 0.85555047 0.47427401 -0.97659218 0.15336031 0.15082566
0.20146468 0.91404361 0.35204592 -0.97923112 0.17959735 0.09408063
0.88333386 -0.27080616 0.38260332 0.10671493 0.91097772 0.39841121
0.90358353 -0.23642060 0.35727039 0.17130077 0.96375781 0.20451637
0.92389089 -0.23328866 0.30331847 0.13240854 0.93859982 0.31858820
0.91406322 -0.23848000 0.32804835 0.11805299 0.93027812 0.34734157
0.85539502 -0.26727471 0.44369319 0.12870435 0.93939823 0.31775182
0.78714454 -0.29090947 0.54385209 0.15463217 0.94669634 0.28258613
0.90016592 -0.23574394 0.36623245 0.07395862 0.91137803 0.40487069
0.89296275 -0.24364837 0.37848797 0.05572949 0.89421272 0.44415972
-0.01026038 0.88512480 0.46524060 -0.93099815 0.16131878 -0.32744271
-0.06075875 0.71392936 0.69757676 -0.98571932 0.06704638 -0.15447398
-0.02831795 0.81122959 0.58404171 -0.90130728 0.23193504 -0.36585701
-0.02556918 0.81689245 0.57622308 -0.88489920 0.24967001 -0.39321527
-0.01368758 0.82839048 0.55998379 -0.88727123 0.24816373 -0.38879889
0.00184194 0.92218417 0.38674670 -0.99315214 0.04686448 -0.10701670
0.00044157 0.88825059 0.45935902 -0.99885708 0.02234679 -0.04225121
-0.00187498 0.88301539 0.46934038 -0.99707514 0.03420911 -0.06834414
0.00261386 0.94038409 0.34010437 -0.99834394 0.02199923 -0.05315482
-0.01265367 0.88030005 0.47424865 -0.99767703 0.02063489 -0.06492200
-0.01867258 0.87654406 0.48095933 -0.99787617 0.01368713 -0.06368583
-0.01505881 0.88722539 0.46109053 -0.96382964 0.10984073 -0.24283215
0.01274375 0.70823371 0.70586306 -0.99542600 0.07582900 -0.05811211
0.01137467 0.31046662 0.95051622 -0.99713284 0.07464094 -0.01244741
0.06161529 0.73802787 0.67195117 -0.99688089 0.07876932 0.00489493
0.14628807 0.37311792 0.91617835 -0.98166227 -0.05967574 0.18104722
0.12627363 0.62295246 0.77200079 -0.98854822 0.01419922 0.15023579
0.13403957 0.63094509 0.76416081 -0.96392626 -0.09592586 0.24828309
0.17074664 0.56160557 0.80959547 -0.93154973 -0.17569904 0.31834731
-0.86574721 -0.39640251 0.30552712 -0.21036163 -0.26570696 -0.94082296
0.17884578 0.65376306 0.73526055 -0.92677432 -0.13894612 0.34897485
0.18051352 0.65231818 0.73613578 -0.92541999 -0.14089069 0.35177803
0.13135992 0.75513321 0.64227593 -0.83536685 -0.26452643 0.48185891
-0.17013139 -0.66744328 -0.72496545 0.72686791 0.41175091 -0.54965842
0.78990042 0.30603442 -0.53141350 0.09922201 0.79137349 0.60322720
0.14019565 0.77623045 0.61466372 -0.82008702 -0.25681758 0.51137269
0.08962690 0.82782966 0.55377352 -0.93289167 -0.12495825 0.33778489
0.07764551 0.85060841 0.52003521 -0.87621176 -0.19062352 0.44262365
0.95798194 0.11902683 -0.26096624 -0.05594308 0.96989566 0.23700826
-0.08531948 0.98471403 0.15185145 -0.98887008 -0.10233390 0.10799865
0.98774952 0.12321876 -0.09575010 -0.11220330 0.98724151 0.11298084
0.97774428 0.13663116 -0.15921059 -0.15193327 0.98444563 -0.08822233
0.97620136 0.14056753 -0.16514148 -0.14069991 0.98999166 0.01095571
-0.17560323 0.92932796 -0.32482764 -0.98336577 -0.18114422 0.01336042
0.98088109 0.15800844 -0.11360314 -0.16276190 0.98608619 -0.03380291
-0.17514536 0.87885910 -0.44376892 -0.98300719 -0.18126431 0.02898654
-0.18635581 0.81907010 -0.54258245 -0.98171252 -0.17709596 0.06983977
-0.16454348 0.96472037 -0.20552406 -0.97666979 -0.13019957 0.17077549
0.96656436 0.09736479 -0.23722050 -0.13338216 0.98100835 -0.14082570
-0.12518123 0.94243968 -0.31006005 -0.95241398 -0.02660800 0.30364406
-0.15990189 0.87467277 -0.45757949 -0.95207107 -0.01420648 0.30554682
-0.22196367 0.55179411 -0.80390012 -0.97152668 -0.05508263 0.23043829
-0.25393584 0.62551564 -0.73773086 -0.88025576 0.16663054 0.44427925
-0.12226742 0.84135306 -0.52647483 -0.87876785 0.15478940 0.45145026
0.83169049 -0.12550262 -0.54086965 -0.09436666 0.92799753 -0.36043793
0.94495851 0.06633180 -0.32039601 -0.06835470 0.99764884 0.00494228
0.01459883 0.95123792 0.30811250 -0.97107029 -0.05996533 0.23114216
0.00362828 0.96060288 0.27790111 -0.97057998 -0.06352320 0.23224843
0.79018986 -0.14843337 -0.59461552 -0.09496471 0.92885351 -0.35806835
0.76845253 -0.08332805 -0.63445812 -0.10998037 0.95953321 -0.25923026
0.79624981 -0.01214988 -0.60484594 -0.01511447 0.99908668 -0.03996667
0.92609030 0.04721834 -0.37433571 -0.11155125 0.98205012 -0.15209810
0.84949678 0.02313969 -0.52708602 0.00114949 0.99895424 0.04570789
0.85261965 0.02488835 -0.52193910 0.01224702 0.99763882 0.06757807
0.80111498 0.01286647 -0.59837228 0.04435321 0.99574369 0.08079207
0.65550119 0.00234855 -0.75519049 0.00181143 0.99998742 0.00468214
0.54276878 -0.03527339 -0.83914119 -0.12773693 0.98402786 -0.12398583
0.47689477 -0.05492804 -0.87724239 -0.15771429 0.97649997 -0.14688115
0.57519019 -0.03092427 -0.81743503 -0.14421651 0.97979939 -0.13854493
0.68047291 0.00012324 -0.73277330 -0.11462116 0.98770833 -0.10627418
0.58577657 -0.39226615 -0.70922005 -0.26686320 0.73292035 -0.62578899
-0.21972850 0.68939775 -0.69025373 -0.88586849 0.15534846 0.43715435
0.70526266 -0.43363971 -0.56085753 -0.24495974 0.59333336 -0.76677912
0.59838742 -0.11684548 -0.79264098 -0.23696996 0.91923672 -0.31440276
0.93934494 0.06555286 -0.33665109 -0.11217786 0.98629946 -0.12095299
0.95187354 0.09614653 -0.29102007 -0.00689245 0.95599681 0.29329607
0.92970783 0.12095677 -0.34786895 -0.07516225 0.98696595 0.14229868
-0.18303005 0.81474853 -0.55016810 -0.98225170 -0.17489702 0.06776931
-0.16531086 0.90971732 -0.38090250 -0.92655456 -0.01093705 0.37600142
-0.15964219 0.96073210 -0.22695428 -0.97759545 -0.12190781 0.17159732
0.97977978 0.12370049 -0.15725759 -0.14323001 0.98243803 -0.11958573
-0.12073870 0.95437843 0.27310082 -0.98633760 -0.08427748 -0.14154668
-0.11903405 0.95124900 0.28452805 -0.98862404 -0.08701552 -0.12268207
-0.11716251 0.96842885 0.22004206 -0.98938519 -0.09464242 -0.11027168
0.98750079 0.15169130 -0.04280142 -0.15284780 0.98792940 -0.02516346
-0.17902586 0.91255307 -0.36769104 -0.97822732 -0.12522621 0.16549876
-0.18953961 0.87458223 -0.44629663 -0.94719231 -0.04312740 0.31775272
-0.13127582 0.87873596 0.45890060 -0.97749829 -0.03763726 -0.20755839
-0.12914433 0.88389039 0.44951037 -0.96586293 -0.00946516 -0.25888073
-0.21501982 0.74459046 0.63194275 -0.91860563 0.06548237 -0.38971248
-0.10560539 0.88338459 0.45659527 -0.96874362 0.01225081 -0.24776144
0.98431265 0.11129592 0.13690095 -0.12214497 0.98978281 0.07355726
-0.10391803 0.97468197 0.19798024 -0.99454647 -0.10006198 -0.02941052
0.96032280 0.14170644 -0.24020727 -0.16797155 0.98143792 -0.09254856
-0.19486643 0.85782170 -0.47557232 -0.94183064 -0.02828574 0.33489552
-0.17697525 0.97379357 -0.14284940 -0.98026508 -0.16140771 0.11414008
0.97441769 0.14020780 -0.17564727 -0.14292043 0.98973018 -0.00282557
0.18658316 0.63781631 0.74724633 -0.92591071 -0.14011855 0.35079366
0.04099324 0.87456304 0.48317611 -0.95567828 -0.10678498 0.27436486
0.08002757 0.81741625 0.57046145 -0.96398318 -0.08215679 0.25295582
0.03736799 0.94092339 0.33655137 -0.98476213 -0.02256832 0.17243621
0.96500266 0.00681121 -0.26215178 0.02340014 0.99343842 0.11194934
0.99903160 0.01088809 0.04263101 -0.00978859 0.99961627 -0.02591554
0.94257385 0.01289218 -0.33374894 0.08073607 0.96082664 0.26513001
0.91271615 -0.24044003 0.33036023 0.13439772 0.94020319 0.31297809
0.21294974 0.77533662 0.59456336 -0.96044540 0.05435605 0.27311194
0.18738815 0.87517738 0.44603845 -0.95752847 0.06144246 0.28171656
0.21459581 0.84437215 0.49090162 -0.95986807 0.08940678 0.26581916
0.21726507 0.85285521 0.47479886 -0.96896750 0.24718739 -0.00061557
0.22359098 0.80656236 0.54723334 -0.97463638 0.19051023 0.11742983
0.22029597 0.77362180 0.59412026 -0.97522974 0.16224679 0.15034258
0.26211825 0.71883732 0.64386868 -0.95849895 0.11639952 0.26025146
0.27595910 0.66344780 0.69547367 -0.95251065 0.09186068 0.29031897
0.30096412 0.63539159 0.71112460 -0.94095135 0.07664166 0.32975253
0.30577564 0.63465679 0.70972681 -0.94046181 0.08511892 0.32906893
0.30332530 0.64578801 0.70067942 -0.93730050 0.06975229 0.34147105
0.30581796 0.64585817 0.69953036 -0.92587960 0.03053169 0.37658328
0.28376806 0.73088610 0.62071031 -0.94661742 0.11027794 0.30290976
0.24939525 0.71080685 0.65768969 -0.95778096 0.08073984 0.27592891
0.27545381 0.56568778 0.77725327 -0.95363593 0.05880975 0.29516089
0.28204620 0.47213191 0.83518952 -0.94886404 0.00860909 0.31556770
0.26522183 0.69740361 0.66579700 -0.96079230 0.13326381 0.24314386
0.31017599 0.67053139 0.67392778 -0.92852235 0.06151932 0.36614421
0.31580627 0.67530537 0.66650516 -0.92477727 0.06192853 0.37543565
0.32649574 0.63765359 0.69770950 -0.91385341 0.02443589 0.40530849
0.33609048 0.62722951 0.70258552 -0.90310264 0.00290711 0.42941499
0.33337235 0.63825744 0.69389498 -0.90451604 0.00893258 0.42634600
0.34558344 0.62882823 0.69652510 -0.89823699 0.00687373 0.43945780
0.32433495 0.68742150 0.64981431 -0.88447905 -0.02319958 0.46600285
0.33070675 0.67739153 0.65709496 -0.88320947 -0.02318250 0.46840551
0.30167902 0.73461819 0.60772198 -0.90565628 0.02160358 0.42346185
0.27315402 0.79341841 0.54394311 -0.90528911 0.02079031 0.42428696
0.28127506 0.77894944 0.56046611 -0.91172212 0.03469230 0.40933996
0.28969103 0.76531172 0.57478446 -0.89605671 0.00579081 0.44390178
0.25719404 0.82156610 0.50880283 -0.89629537 0.00597622 0.44341737
0.23246785 0.85718381 0.45955911 -0.87946177 -0.01651664 0.47568285
0.22846492 0.86347914 0.44967490 -0.86232305 -0.03491043 0.50515378
0.23680398 0.85588151 0.45977253 -0.83714038 -0.06042068 0.54364079
0.59504330 0.22255698 -0.77226418 0.10785487 0.93008876 0.35114419
0.89639407 0.03754387 -0.44166517 0.13430199 0.92656547 0.35133943
0.86055267 0.07027998 -0.50448978 0.09772872 0.94925320 0.29894406
0.82655621 -0.00951639 -0.56277376 0.07693791 0.99238223 0.09621915
0.92276239 -0.02890583 -0.38428378 0.04730976 0.99813718 0.03852277
0.92769486 -0.02954368 -0.37216854 0.05973940 0.99576610 0.06986445
0.92908102 -0.02682752 -0.36890221 0.11091317 0.97167593 0.20867227
0.90195352 0.00632176 -0.43178701 0.14155254 0.94031966 0.30945414
0.17912447 0.91759658 0.35486764 -0.92253506 0.03133464 0.38463926
0.16094980 0.93518144 0.31548509 -0.94149107 0.04957190 0.33337259
0.16182476 0.93592048 0.31283483 -0.93735415 0.04667594 0.34523702
0.17177223 0.92496485 0.33901975 -0.94964290 0.06392681 0.30674380
0.21278606 0.84580672 0.48921680 -0.96647900 0.10857417 0.23265862
0.23065628 0.81655413 0.52918535 -0.96393174 0.11753251 0.23879214
0.23399599 0.81688237 0.52720886 -0.95517927 0.09202275 0.28136164
0.24206723 0.79372376 0.55803776 -0.95772409 0.10331251 0.26849797
0.30011523 0.71300560 0.63368273 -0.93018675 0.07153743 0.36004868
0.21862054 0.85223800 0.47528458 -0.91728151 0.01333627 0.39801610
0.21873809 0.82760632 0.51693475 -0.97513545 0.16609164 0.14671248
0.21466114 0.82203805 0.52742219 -0.97427738 0.14230350 0.17473781
0.21426226 0.81302172 0.54137546 -0.97672772 0.17281415 0.12703614
0.20919903 0.84949225 0.48435387 -0.97765636 0.17126612 0.12188509
0.18914644 0.89473474 0.40456569 -0.98176044 0.18038508 0.06006371
0.18144533 0.90061361 0.39493391 -0.95009112 0.26418039 -0.16593869
0.20729925 0.91448665 0.34747848 -0.94225043 0.28215107 -0.18043000
0.18276955 0.91923785 0.34870771 -0.94207680 0.26520082 -0.20532870
0.91774523 -0.08186347 0.38864130 0.02814139 0.98947108 0.14196873
0.93582177 -0.07838631 0.34364688 0.01989949 0.98515254 0.17052417
0.91148931 -0.04904669 0.40838924 0.05025297 0.99870622 0.00778225
0.93180645 -0.00873088 0.36285067 -0.02335689 0.99619609 0.08395126
0.97033948 0.00127098 0.24174310 -0.01225585 0.99895895 0.04394203
0.10009311 0.98916221 0.10742262 -0.99032569 0.10947116 -0.08527033
0.11111049 0.97745544 0.17954211 -0.99380773 0.10943105 0.01926277
0.16555510 0.93375772 0.31731388 -0.98579621 0.14747469 0.08035575
0.17111419 0.92776090 0.33163181 -0.97153783 0.10292301 0.21335696
0.16664813 0.92665941 0.33694339 -0.98597294 0.15982008 0.04811423
0.10916911 0.97724992 0.18183711 -0.98105848 0.07647857 0.17797579
0.11584596 0.95732343 0.26478598 -0.98169136 0.06977198 0.17723985
0.99290603 -0.01912000 -0.11735473 0.02696665 0.99747872 0.06564333
0.98097759 -0.01601160 -0.19345967 -0.00669244 0.99321055 -0.11613800
0.04304883 0.98043245 -0.19209124 -0.99209964 0.01927364 -0.12396308
0.97664326 0.00131888 0.21486311 0.01356569 0.99760771 -0.06778529
0.96463430 0.00131049 0.26358864 0.04912107 0.98157710 -0.18464455
0.85935539 0.17884001 0.47908717 -0.12667324 0.98210150 -0.13939367
0.18202277 0.91541332 0.35900727 -0.98310983 0.17649838 0.04840962
0.20698898 0.87514484 0.43735245 -0.95824957 0.09121633 0.27099332
0.16612366 0.93244463 0.32085821 -0.97107059 0.09808773 0.21771741
0.12730443 0.96566945 0.22644238 -0.97604865 0.08136001 0.20176630
0.96404433 -0.03187292 -0.26382321 0.04384347 0.99825293 0.03960912
0.82027125 0.08999502 -0.56485045 0.10564806 0.94671345 0.30425677
0.80388916 0.09984472 -0.58633882 0.18861923 0.89213037 0.41051939
0.32917991 0.75228518 0.57070798 -0.79417181 -0.10638774 0.59830838
0.86857563 0.05770785 -0.49218521 0.11942104 0.93955171 0.32090703
0.20908079 0.88594824 0.41398185 -0.91197753 0.02385275 0.40954620
0.26655433 0.80838442 0.52484608 -0.90759414 0.02725430 0.41896313
0.26935166 0.78904569 0.55213815 -0.91810036 0.03729022 0.39458993
0.31898198 0.72715133 0.60786635 -0.87286419 -0.02449881 0.48734778
0.34552467 0.58409142 0.73447251 -0.91641539 0.04156308 0.39806458
0.31633547 0.67956024 0.66191375 -0.92421651 0.06343892 0.37656251
0.24489394 0.76440674 0.59641379 -0.95963216 0.10334191 0.26158485
0.21421240 0.80232882 0.55711901 -0.97673434 0.18187362 0.11363131
0.21236981 0.82653517 0.52128565 -0.97387850 0.22289588 0.04333738
0.20682357 0.89779860 0.38882092 -0.97257084 0.14542629 0.18154128
0.22271767 0.77579528 0.59037149 -0.95833188 0.06311046 0.27859858
0.87164360 0.09461249 -0.48092192 0.12784503 0.90334094 0.40942749
0.90081340 0.06756429 -0.42891759 0.11657131 0.91392332 0.38878703
0.08810085 0.91049767 0.40402004 -0.93244517 -0.06729669 0.35498911
0.15675688 0.81511438 0.55768806 -0.94512641 -0.04007804 0.32423729
0.17201766 0.79948235 0.57553279 -0.92327410 -0.07286364 0.37716815
0.21138306 0.74203885 0.63615698 -0.90203893 -0.10251258 0.41930544
0.22400761 0.68813282 0.69014049 -0.92040944 -0.08344144 0.38194764
0.21613348 0.67664993 0.70386881 -0.94556493 -0.03457860 0.32359132
0.23258606 0.64654994 0.72655141 -0.93716305 -0.05076082 0.34517926
0.08131137 0.60055691 0.79543698 -0.99483764 0.00028500 0.10147938
0.01580133 0.30328843 0.95276779 -0.99888331 0.04722042 0.00153476
-0.06276000 0.71774483 0.69347209 -0.98946172 0.04609939 -0.13726032
-0.07513487 0.79805106 0.59788734 -0.97313899 0.07216453 -0.21861582
-0.06472615 0.82324368 0.56398618 -0.91442615 0.17735468 -0.36382699
0.87034953 -0.14465383 0.47070909 -0.08033566 0.90136611 0.42554134
-0.00305885 0.94073910 0.33911753 -0.98414528 0.05730692 -0.16785099
-0.04372217 0.84341651 0.53547835 -0.99726421 -0.00486852 -0.07375905
-0.06743252 0.69020331 0.72046679 -0.97991312 0.09001815 -0.17795244
-0.01222394 0.80287349 0.59602416 -0.99961686 0.00499294 -0.02722701
-0.01264323 0.78967869 0.61339045 -0.99852765 0.02239170 -0.04940876
-0.01185700 0.77109861 0.63660538 -0.99841887 -0.04411468 0.03483871
0.09639584 0.49708372 0.86233151 -0.93830818 -0.24367762 0.24535483
-0.00753444 0.77563214 0.63114029 -0.97187948 -0.15423252 0.17794007
0.80995905 0.35801527 -0.46453351 0.00627500 0.78672636 0.61727005
0.81029665 0.35770807 -0.46418133 0.00618410 0.78682780 0.61714160
0.80974388 0.35845661 -0.46456832 0.00634807 0.78632241 0.61778384
0.80316687 0.36332607 -0.47214103 0.01434410 0.78048664 0.62500793
0.61427653 0.45290303 -0.64617586 -0.07191628 0.84761083 0.52572227
-0.02212673 0.79908955 0.60080475 -0.94552803 -0.21195605 0.24708594
-0.06321926 0.84732139 0.52730429 -0.98991346 -0.12036257 0.07472759
-0.07231047 0.86799532 0.49127939 -0.98798048 -0.12980933 0.08392894
-0.09314740 0.92681617 0.36377937 -0.99427658 -0.10578825 0.01493204
-0.08659280 0.95313406 0.28989157 -0.99308717 -0.05943764 -0.10121771
-0.07426330 0.92055082 0.38349855 -0.96638715 0.02848309 -0.25550872
0.78288341 -0.18442771 0.59420544 -0.03042147 0.94256592 0.33263204
0.79473156 -0.17335279 0.58167911 -0.05288662 0.93492401 0.35088482
0.41629410 -0.28977448 0.86181790 0.02869071 0.95156914 0.30609325
0.79804790 -0.15359473 0.58269054 -0.05925122 0.94228345 0.32953185
0.83737886 -0.17486185 0.51789969 0.02807547 0.95996100 0.27872336
0.85862023 -0.16906245 0.48393098 -0.02847880 0.92685848 0.37432909
0.86773998 -0.18253648 0.46228534 -0.00969358 0.92372471 0.38293436
-0.05728491 0.84738433 0.52788097 -0.98220378 0.04689701 -0.18186915
-0.03664935 0.75439930 0.65539187 -0.99590141 0.02669364 -0.08641671
-0.02142323 0.74292475 0.66903204 -0.99753362 0.02885556 -0.06398485
-0.01611053 0.77402663 0.63294810 -0.99983031 -0.00681083 -0.01711993
-0.02350647 0.77446020 0.63218576 -0.99085075 -0.10211199 0.08824978
-0.00513041 0.70509058 0.70909870 -0.97444135 -0.16278106 0.15481074
-0.00847491 0.68973440 0.72401285 -0.97366238 -0.17066075 0.15118362
0.02185260 0.56133109 0.82730281 -0.97764099 -0.16110902 0.13513736
-0.01710558 0.68736702 0.72610885 -0.96475214 -0.20208149 0.16857184
-0.02174085 0.70014697 0.71366769 -0.96241432 -0.20794787 0.17468967
-0.03516240 0.73102051 0.68144888 -0.95395339 -0.22779723 0.19514474
-0.03463092 0.73554152 0.67659402 -0.95163614 -0.23106119 0.20248342
-0.04726306 0.78460521 0.61819160 -0.89788145 -0.30455437 0.31789222
0.79956084 0.34177029 -0.49385780 0.01028398 0.81438291 0.58023685
0.74389142 0.35433295 -0.56663364 -0.00183576 0.84895277 0.52846557
0.75011754 0.33652341 -0.56927651 -0.12765725 0.91833359 0.37465590
0.79333138 0.31728885 -0.51957023 -0.09500548 0.90751517 0.40913352
0.09455121 0.74836069 0.65651846 -0.89832926 -0.22006755 0.38023001
0.06702810 0.77543908 0.62785465 -0.89840513 -0.22682635 0.37605587
0.91522533 0.26512080 -0.30343625 -0.16824894 0.93570483 0.31007877
0.91712540 0.26826552 -0.29481307 -0.15583168 0.92206943 0.35426614
-0.06008826 0.77801329 0.62536770 -0.95920187 -0.21839653 0.17954017
-0.07491829 0.81150365 0.57952493 -0.97151387 -0.19042756 0.14106120
-0.09346759 0.79413480 0.60051131 -0.97497362 -0.19520776 0.10639740
-0.07142519 0.72496468 0.68507272 -0.98278636 -0.16847178 0.07581734
-0.08484208 0.74043006 0.66675717 -0.99141604 -0.12954147 0.01770149
-0.07935642 0.70979303 0.69992602 -0.99343210 -0.11437390 0.00335263
-0.11309403 0.68058747 0.72388566 -0.99331647 -0.09436306 -0.06646888
-0.14427225 0.80270839 0.57865775 -0.98941529 -0.10780715 -0.09713423
-0.14478660 0.86014330 0.48907098 -0.98899728 -0.14096653 -0.04486496
-0.14204650 0.86126304 0.48790255 -0.98945796 -0.13758895 -0.04519092
-0.14842291 0.89545774 0.41967386 -0.98552132 -0.16910654 0.01228056
-0.14016874 0.87716770 0.45927069 -0.97860974 -0.19327810 0.07047441
-0.15670666 0.92854244 0.33652946 -0.97984040 -0.18891700 0.06498666
-0.12186018 0.82836902 0.54676771 -0.98155212 -0.18234502 0.05749574
-0.11913694 0.82334757 0.55489212 -0.99030697 -0.13873094 -0.00677315
-0.08569342 0.76344454 0.64016330 -0.97061574 -0.20898117 0.11929788
0.94008416 0.25030610 -0.23149221 -0.22930509 0.96665400 0.11401385
-0.05583848 0.79335928 0.60618734 -0.90433985 -0.29749483 0.30604947
-0.03902592 0.73570710 0.67617464 -0.95676494 -0.22270492 0.18709216
-0.04057569 0.73640460 0.67532349 -0.95778495 -0.22118534 0.18364406
-0.01855071 0.67274994 0.73963737 -0.98058307 -0.15668717 0.11792370
0.01659859 0.63166279 0.77506554 -0.98666620 -0.11517647 0.11499666
0.03445366 0.56729823 0.82279146 -0.98806334 -0.10435091 0.11332213
0.00650202 0.68127614 0.73199767 -0.97653842 -0.15323953 0.15129544
-0.00909922 0.71974063 0.69418353 -0.99180698 -0.09495705 0.08545260
0.00219568 0.64947796 0.76037729 -0.99880999 -0.03562249 0.03331122
-0.02377927 0.74154091 0.67048615 -0.99778461 0.02407880 -0.06201769
-0.08898155 0.97223645 0.21642217 -0.98708868 -0.05702142 -0.14968148
-0.16593142 0.88163894 0.44179142 -0.94904220 -0.02104780 -0.31444559
0.82327902 -0.08767198 0.56082565 -0.15304530 0.91712856 0.36803856
0.72192812 -0.12398253 0.68077022 -0.03955980 0.97481340 0.21948545
-0.12669110 0.95500940 0.26815373 -0.99193239 -0.12317772 -0.02995716
-0.12894839 0.94012821 0.31548586 -0.99149519 -0.11658363 -0.05784134
-0.12868309 0.94431794 0.30282724 -0.99167788 -0.12375228 -0.03550104
-0.13746734 0.94513029 0.29636368 -0.99038178 -0.12640864 -0.05625698
-0.07860807 0.89818442 0.43253380 -0.95953029 -0.18585782 0.21156216
-0.06517103 0.85756034 0.51023823 -0.99764818 -0.06687482 -0.01502939
-0.01045056 0.77335858 0.63388270 -0.94042361 -0.22304653 0.25662002
-0.03906736 -0.62342149 -0.78090942 0.81963915 0.42701510 -0.38190287
-0.01348875 0.69929850 0.71470255 -0.99953395 -0.02900535 0.00951577
-0.01023836 0.75881481 0.65122592 -0.99922317 -0.03254951 0.02221756
-0.00836357 0.77844757 0.62765390 -0.99881482 0.02359438 -0.04257227
-0.00043847 0.86073881 0.50904679 -0.99930704 0.01856985 -0.03226021
-0.01354948 0.65393203 0.75643200 -0.99933207 0.01682111 -0.03244217
-0.05403712 0.71457231 0.69747144 -0.99506795 0.01965363 -0.09722914
-0.05109387 0.76187027 0.64571136 -0.99595755 0.00895790 -0.08937752
-0.05633303 0.84393913 0.53347296 -0.99832618 -0.04060407 -0.04118554
-0.06709854 0.81607950 0.57403135 -0.99767047 -0.04778064 -0.04868972
-0.05794515 0.92761910 0.36900559 -0.99719489 -0.03623851 -0.06549241
-0.07768285 0.97986370 0.18393619 -0.99436504 -0.06280020 -0.08540720
0.89169002 0.01487633 0.45240214 -0.08339205 0.98775089 0.13188656
-0.06152975 0.90370995 0.42370084 -0.98065555 0.02429440 -0.19422802
-0.06475542 0.84274668 0.53440136 -0.97417414 0.06269805 -0.21691869
0.95088339 -0.07163854 0.30114579 -0.00507508 0.96911329 0.24656387
0.88575929 -0.01511681 0.46389881 -0.06106074 0.98698783 0.14875059
0.92910767 0.09976766 0.35609743 -0.16853920 0.97134143 0.16760191
0.98940498 0.12842819 0.06770580 -0.13166632 0.99023837 0.04573936
0.78373414 0.44709003 0.43112800 -0.21701261 0.84751040 -0.48438802
0.77060539 0.48184896 0.41711980 -0.42685527 0.87623560 -0.22361971
0.76695842 0.47979346 0.42611393 -0.41804546 0.87737805 -0.23546933
