-0.14474905 0.34832358 -0.92613095 0.28213108 -0.88260400 -0.37604833
0.15330832 -0.25990498 0.95338660 0.02190527 0.96544874 0.25967082
0.46549332 -0.21340419 0.85893810 -0.05563397 0.96152055 0.26904118
0.14149919 -0.24188524 0.95993203 0.02934483 0.97028744 0.24016902
0.28561610 -0.23751408 0.92844522 0.08692668 0.97122866 0.22171777
0.31905079 -0.21595776 0.92280489 0.07690480 0.97638077 0.20190667
0.29278135 -0.21271084 0.93221956 0.01717141 0.97595447 0.21729715
0.30692872 -0.21085998 0.92808026 0.03636076 0.97703421 0.20995732
0.21798167 -0.22175838 0.95042479 -0.00714968 0.97345394 0.22877145
0.22236429 -0.21545205 0.95085990 -0.02803865 0.97346067 0.22713006
0.19833770 -0.21375343 0.95654154 -0.04439207 0.97296900 0.22662902
0.12462673 -0.22122721 0.96722633 -0.06183606 0.97119963 0.23010358
-0.03295361 0.22783773 -0.97314137 0.15165378 -0.96125621 -0.23019058
0.16786778 -0.21073368 0.96302223 -0.09007739 0.96951908 0.22785708
-0.19051503 0.20120467 -0.96084380 0.14021499 -0.96315819 -0.22949100
-0.18021111 0.20598070 -0.96181905 0.13701689 -0.96303809 -0.23191392
-0.14497903 0.21193476 -0.96647030 0.18124211 -0.95457453 -0.23651406
-0.17110667 0.18770602 -0.96720684 0.58321190 -0.77192223 -0.25298196
0.29088572 -0.22766113 0.92927712 -0.10097816 0.95854729 0.26644054
0.25158644 -0.24638999 0.93594670 -0.08695318 0.95738697 0.27540755
-0.29851422 0.22972251 -0.92634600 0.17801078 -0.94016695 -0.29051378
-0.14943916 0.22893538 -0.96190262 0.26077157 -0.92925900 -0.26167902
-0.19073206 0.19618891 -0.96183741 0.25737011 -0.93555462 -0.24186432
-0.13904817 0.21097852 -0.96755040 0.37970874 -0.89100611 -0.24885623
-0.14681302 0.20771903 -0.96710849 0.40691593 -0.87846088 -0.25045136
-0.13795233 0.20596875 -0.96878588 0.49464536 -0.83309197 -0.24755567
-0.09352113 0.22183487 -0.97058904 0.47780603 -0.84526354 -0.23922987
-0.06969980 0.23340586 -0.96987820 0.49597427 -0.83545387 -0.23669893
-0.00470200 0.26904038 -0.96311748 0.44368118 -0.86257702 -0.24312113
0.00481412 0.27764300 -0.96067226 0.47442985 -0.84631449 -0.24221507
0.00910819 0.27766567 -0.96063465 0.51080507 -0.82716841 -0.23424490
0.03503628 0.28634691 -0.95748520 0.57314849 -0.79061586 -0.21547009
-0.02956431 0.24383868 -0.96936512 0.52379400 -0.82219392 -0.22279356
-0.11742539 0.17652155 -0.97726732 0.58761185 -0.78096622 -0.21166976
-0.04566862 0.23133193 -0.97180241 0.61428905 -0.76064229 -0.20993419
-0.06200813 0.22363207 -0.97269917 0.75143445 -0.63095993 -0.19296607
-0.00037618 0.26592064 -0.96399492 0.40602320 -0.88091844 -0.24316220
0.00324237 0.25891173 -0.96589559 0.44279724 -0.86641812 -0.23076001
-0.02065054 0.24408877 -0.96953303 0.37407741 -0.89741665 -0.23390047
-0.01557411 0.24487504 -0.96942961 0.33878729 -0.91090435 -0.23553446
0.03632039 0.25844190 -0.96534383 0.41917866 -0.88083440 -0.22004570
-0.06670162 0.22592637 -0.97185814 0.31587815 -0.91914654 -0.23535228
-0.07303799 0.22292593 -0.97209543 0.28053084 -0.93075323 -0.23452273
-0.06770988 0.22194615 -0.97270519 0.11088873 -0.96722806 -0.22841533
-0.07564421 0.22420380 -0.97160214 0.36502981 -0.90052885 -0.23622261
-0.02843422 0.24311616 -0.96958035 0.59984225 -0.77176630 -0.21110669
-0.12214187 0.22293006 -0.96715230 0.46248597 -0.84940612 -0.25419685
-0.32620466 0.26893157 -0.90623748 0.46389940 -0.78975755 -0.40134826
-0.37732983 0.29524246 -0.87775517 0.47589031 -0.75128245 -0.45727798
-0.45687795 0.29708916 -0.83845133 0.47907928 -0.71201342 -0.51334202
-0.52842349 0.25424334 -0.81001794 0.39644819 -0.76979446 -0.50024533
-0.67408365 0.15137970 -0.72297686 0.37583855 -0.77231270 -0.51213133
-0.55892748 0.22362229 -0.79849434 0.26138809 -0.86634302 -0.42558917
0.61061573 -0.21397874 0.76247066 -0.19931635 0.89028555 0.40946871
0.71781409 -0.15845735 0.67796326 -0.16877277 0.90511197 0.39024112
0.77997190 -0.12562506 0.61307597 -0.19577537 0.88149434 0.42969728
0.72810256 -0.16136330 0.66620457 -0.10090799 0.93607670 0.33701330
0.69994950 -0.17402843 0.69266498 -0.09372137 0.93908900 0.33064821
0.68031698 -0.18615098 0.70888418 -0.00195718 0.96674305 0.25574231
0.68424582 -0.18484834 0.70543516 -0.00278814 0.96667129 0.25600564
0.59908044 -0.20258136 0.77463764 -0.01880900 0.96363646 0.26655415
0.48152873 -0.22383854 0.84736443 -0.05513925 0.95718354 0.28418201
0.52006298 -0.20726427 0.82859886 -0.05700863 0.95952457 0.27579477
0.45118013 -0.22539866 0.86349988 -0.10974023 0.94622380 0.30433151
-0.37137529 0.22675289 -0.90036857 0.22582875 -0.91854018 -0.32447699
-0.39244652 0.22106645 -0.89281321 0.31581271 -0.87928623 -0.35653624
0.70615381 -0.18387391 0.68376702 0.06811756 0.97885525 0.19287924
0.70608759 -0.18391760 0.68382359 0.06804754 0.97883642 0.19299966
0.65985560 -0.18747653 0.72762847 0.07910234 0.98032451 0.18085015
0.64525408 -0.18940054 0.74011797 0.08146756 0.98031604 0.17984311
0.64045566 -0.18801357 0.74462569 0.07976738 0.98061186 0.17899039
0.49964216 -0.21108757 0.84011889 0.00054758 0.96993124 0.24337846
0.62356144 -0.18836555 0.75874215 0.10857043 0.98199916 0.15456437
0.61083728 -0.19067715 0.76845306 0.11113407 0.98160762 0.15522783
0.68862098 -0.18637235 0.70076138 0.11831018 0.98233312 0.14499782
0.54727280 -0.19223025 0.81457961 0.08866996 0.98110598 0.17195569
0.58404076 -0.19306688 0.78842986 0.11143077 0.98117638 0.15772173
0.51182103 -0.19693170 0.83621591 0.11645446 0.98029149 0.15958390
0.47689018 -0.19772169 0.85643560 0.18260550 0.97539818 0.12350564
0.48997945 -0.19688796 0.84920859 0.18580973 0.97536206 0.11892727
0.59001207 -0.20149367 0.78184789 0.23997769 0.96836120 0.06846464
0.61602277 -0.20008670 0.76189327 0.22851881 0.97100264 0.07023545
0.66513658 -0.19700719 0.72026497 0.18907124 0.97756994 0.09278542
0.58629960 -0.21085903 0.78217089 0.23106177 0.96895015 0.08801206
0.52103817 -0.20254788 0.82915241 0.22719371 0.96930087 0.09401557
0.51219004 -0.20142949 0.83491772 0.26873952 0.96088278 0.06695799
0.60622793 -0.21773167 0.76490569 0.11032582 0.97551811 0.19024384
0.45443159 -0.21552204 0.86431605 0.17648989 0.97283840 0.14978951
0.69891387 -0.22801572 0.67788517 0.20939359 0.97152281 0.11089547
0.60372698 -0.23375906 0.76214862 0.17457539 0.97160435 0.15971361
0.63733697 -0.19724895 0.74491245 0.17292508 0.97863913 0.11118621
0.38998008 -0.20308174 0.89815003 0.18438460 0.97284496 0.13991065
0.42933473 -0.19837232 0.88109028 0.09225788 0.98010927 0.17571077
0.49980491 -0.19346617 0.84425461 0.07317277 0.98068142 0.18141042
0.63169217 -0.19303401 0.75080150 0.12178366 0.98118693 0.14980344
0.61561036 -0.20890725 0.75985634 -0.13883592 0.92038995 0.36552292
-0.65126348 0.18032648 -0.73711485 0.35844940 -0.78305745 -0.50826681
-0.49366066 0.26327649 -0.82884544 0.27216622 -0.85842663 -0.43477502
-0.31192473 0.33885860 -0.88762486 0.56865078 -0.68184596 -0.46013308
-0.50945324 0.41576177 -0.75339210 0.56877130 -0.49430189 -0.65739244
-0.45512983 0.47751820 -0.75155383 0.56782967 -0.49449655 -0.65805972
-0.45659876 0.46238860 -0.76007527 0.57784057 -0.49547157 -0.64854324
-0.11455360 0.22323389 -0.96801043 0.59480608 -0.76504105 -0.24681582
-0.37209669 0.23740341 -0.89732033 0.28928450 -0.88892573 -0.35514158
-0.13831571 0.21654461 -0.96642500 0.56229556 -0.78611118 -0.25661844
-0.06966702 0.24097173 -0.96802849 0.34418845 -0.90499127 -0.25005040
-0.19165158 0.18480885 -0.96390629 0.26143798 -0.93701434 -0.23163408
-0.27000013 0.18761694 -0.94440448 0.34108755 -0.89859128 -0.27603075
-0.29763302 0.24486677 -0.92274314 0.17280775 -0.93676192 -0.30432644
0.48618340 -0.21524316 0.84693336 -0.02964763 0.96456921 0.26215890
0.27427387 -0.23692726 0.93200827 0.06359898 0.97152174 0.22825596
0.34605622 -0.20040931 0.91655946 -0.03324791 0.97368646 0.22545344
0.35055420 -0.19986616 0.91496736 -0.01415958 0.97572035 0.21856207
0.41239333 -0.19407521 0.89009362 0.03085460 0.97945976 0.19926518
0.12263077 -0.22700286 0.96614254 -0.06025639 0.96999121 0.23555534
0.12345295 -0.21954748 0.96775943 -0.06005386 0.97177917 0.22812022
0.18564467 -0.20832339 0.96027988 -0.07759294 0.97110820 0.22567299
0.31474552 -0.20453855 0.92687613 -0.01172977 0.97559315 0.21927233
0.34023687 -0.20212793 0.91835898 0.01845915 0.97787207 0.20838775
0.35008004 -0.20561369 0.91387475 -0.00133672 0.97550100 0.21999110
0.38626322 -0.20125802 0.90016443 0.08992726 0.97947347 0.18040180
0.15011469 -0.22803493 0.96201128 0.00266965 0.97312713 0.23025323
0.50803691 -0.22927512 0.83025992 -0.04793737 0.95490152 0.29302764
