-0.68293774 0.21792850 -0.69721109 0.33523658 -0.75450778 -0.56421143
-0.73605329 0.13570222 -0.66318214 0.41892195 -0.67823792 -0.60373658
-0.75648451 0.11109701 -0.64450657 0.41414517 -0.68133497 -0.60354489
-0.34667444 0.73090661 0.58787102 -0.82451904 0.06134465 -0.56249911
-0.36899364 0.68577164 0.62734437 -0.81208342 0.09041857 -0.57649380
-0.29326347 0.74902886 0.59409797 -0.83762628 0.09824131 -0.53733689
-0.25843284 0.79346639 0.55102056 -0.82151008 0.11959511 -0.55751079
-0.25218543 0.79911047 0.54573339 -0.81537455 0.12823059 -0.56455410
-0.21050724 0.78310603 0.58517671 -0.86836654 0.12515718 -0.47987005
-0.21708232 0.74273735 0.63341659 -0.82467699 0.20764309 -0.52611041
-0.19802500 0.75054616 0.63044959 -0.82729286 0.21698557 -0.51817358
-0.13175003 0.70911098 0.69267863 -0.91230971 0.18657666 -0.36452743
0.07088497 0.77064633 0.63330841 -0.95707530 0.23142882 -0.17449242
0.04822746 0.71590787 0.69652712 -0.95160884 0.24482396 -0.18574685
0.10808509 0.79079938 0.60245657 -0.99101979 0.03771902 0.12828526
0.12500647 0.80739862 0.57661158 -0.99031007 0.06610426 0.12213187
0.10369904 0.90789968 0.40615857 -0.93987572 -0.04414797 0.33865133
0.94559258 0.03705513 -0.32323635 0.05602597 0.96010709 0.27396250
0.79302526 0.15229167 -0.58984590 0.22029653 0.83103007 0.51074308
0.79276973 0.15121222 -0.59046692 0.22215401 0.83042103 0.51092917
0.80947834 0.13653553 -0.57105428 0.15094207 0.89150864 0.42711693
0.87963587 0.07336528 -0.46995559 0.14863765 0.89615303 0.41811079
0.93541551 0.01002533 -0.35340828 0.05198890 0.98483121 0.16554360
0.84265214 0.03382906 -0.53739464 0.06231236 0.98519284 0.15972579
0.84511280 -0.00241476 -0.53458261 0.02253282 0.99926203 0.03110799
0.88154477 -0.01907953 -0.47171488 -0.00465430 0.99878323 -0.04909594
0.89339328 -0.02489753 -0.44858521 -0.01984414 0.99530208 -0.09476278
0.87955469 -0.02763663 -0.47499460 -0.00356513 0.99790090 -0.06466252
0.84651184 -0.04387466 -0.53055882 -0.09259660 0.96927327 -0.22789302
0.97207367 -0.01828314 -0.23396274 0.00637661 0.99865025 -0.05154637
0.97154260 -0.01745040 -0.23622122 0.00517645 0.99860859 -0.05248035
0.94474804 -0.00904311 -0.32767272 0.04665483 0.99315238 0.10710651
0.85136825 0.01579535 -0.52433062 0.04002345 0.99467701 0.09495147
0.89389634 -0.03061952 -0.44722682 -0.08296467 0.96912873 -0.23217764
0.94623077 -0.00011719 -0.32349241 -0.05379601 0.98601854 -0.15771312
0.93550545 -0.00706724 -0.35324162 -0.06883027 0.97699845 -0.20183288
0.81971979 0.00274249 -0.57275820 0.01001767 0.99976695 0.01912418
0.82200712 0.12209608 -0.55623454 0.13423355 0.90768188 0.39761168
0.84369421 0.09034408 -0.52916741 0.07429767 0.95659876 0.28177771
0.84210044 0.09332173 -0.53118545 0.07385943 0.95568049 0.28499055
0.94002903 0.03150233 -0.33963662 0.03173267 0.98333085 0.17903499
0.08852810 0.93203181 0.35139650 -0.95164901 -0.02503962 0.30616528
0.05082174 0.98810410 0.14514655 -0.99426889 0.03637138 0.10053132
0.95512748 0.03727410 -0.29384041 0.03119879 0.97387105 0.22494863
0.08674575 0.94117290 0.32660192 -0.99572450 0.07146218 0.05853178
0.13432358 0.71479559 0.68631226 -0.98438239 0.01671935 0.17524798
0.12766917 0.87753141 0.46221122 -0.94021308 -0.04128186 0.33807567
0.17438766 0.81266510 0.55602562 -0.89470446 -0.10504080 0.43413180
0.78871751 0.15794149 -0.59412050 0.21347462 0.83592904 0.50561970
0.26227963 0.80047697 0.53893048 -0.86327237 -0.05494666 0.50173873
0.20659977 0.87197769 0.44381472 -0.87520683 -0.03808689 0.48224726
0.24594620 0.81452256 0.52541751 -0.84472334 -0.08571729 0.52829444
0.78226560 0.05230055 -0.62074560 0.26927027 0.87017941 0.41265172
0.82025343 0.02229711 -0.57156557 0.16434918 0.94791865 0.27283630
0.57901061 0.06885283 -0.81240755 0.28795835 0.91494220 0.28277346
0.57027066 0.07760608 -0.81778276 0.33659434 0.88604099 0.31880358
-0.44005817 -0.82928288 -0.34443983 0.62732518 -0.00945911 -0.77869999
-0.49369183 -0.78537840 -0.37342900 0.58103025 0.02160770 -0.81359518
0.37318864 0.03168944 -0.92721415 0.27579269 0.95044744 0.14348556
-0.61378908 -0.69449353 -0.37542206 0.53176951 -0.01221970 -0.84680098
-0.52173585 -0.74716181 -0.41175365 0.66043627 -0.04822674 -0.74933177
-0.52687228 -0.74139327 -0.41562206 0.66075945 -0.04971159 -0.74894983
-0.52492291 -0.74504137 -0.41154513 0.63665617 -0.02277958 -0.77081138
0.30144402 0.74959743 0.58926672 -0.83002728 -0.09784423 0.54907316
0.35887134 0.67772883 0.64179045 -0.82488209 -0.09148014 0.55785394
0.36786416 0.63864195 0.67587900 -0.86469638 -0.03240107 0.50124884
-0.84757727 -0.46769482 0.25074765 -0.02653144 -0.43457216 -0.90024620
-0.85923523 -0.44579592 0.25095996 -0.04349068 -0.42512944 -0.90408719
0.03152774 0.75006121 0.66061658 -0.94373220 -0.19535494 0.26684451
-0.88106304 -0.18609025 0.43485445 -0.32938707 -0.41840851 -0.84642690
0.19917671 0.62387860 0.75571436 -0.93204355 -0.11759757 0.34273267
0.17602973 0.36428174 0.91450113 -0.95433778 -0.16462579 0.24927470
0.17007066 0.35444683 0.91948003 -0.98454958 0.10059260 0.14332916
0.18473320 0.43977013 0.87890607 -0.98258197 0.06430237 0.17434999
0.18802916 0.12260437 0.97448099 -0.98103696 0.07095233 0.18036726
-0.98314559 -0.10294229 0.15108810 -0.14447328 -0.06898019 -0.98710144
-0.98006082 -0.13483030 0.14595068 -0.13763486 -0.06911482 -0.98806876
-0.98256344 -0.11266126 0.14790756 -0.13888097 -0.08418713 -0.98672420
0.45694825 0.03769912 0.88869405 -0.88918453 0.04568620 0.45526233
0.30360222 0.08342687 0.94913948 -0.95244843 0.05359178 0.29995006
0.07987923 0.14085083 0.98680317 -0.99559593 0.06000990 0.07202550
0.08749440 0.24971658 0.96435803 -0.98789990 -0.10269444 0.11622261
-0.97982025 -0.18445973 0.07698665 -0.05671201 -0.11277913 -0.99200028
0.03477756 0.53835410 0.84200084 -0.97249663 -0.17592292 0.15264815
0.08058892 0.24592961 0.96593171 -0.99296486 -0.06453808 0.09927595
0.08085531 0.41054186 0.90824991 -0.95708907 -0.22243720 0.18574794
-0.92068124 -0.38814539 -0.04110161 0.13298339 -0.21293569 -0.96797413
-0.93816650 -0.34257933 -0.04983092 0.10586235 -0.14685339 -0.98347712
-0.93920159 -0.34313166 -0.01269116 0.06737533 -0.14792176 -0.98670143
-0.91859436 -0.39509436 -0.00921640 0.10228446 -0.21515593 -0.97120851
-0.87218040 -0.47587821 -0.11331958 0.20323294 -0.14178111 -0.96881086
-0.83640456 -0.51408762 -0.19010890 0.29973522 -0.13860708 -0.94389981
0.43982729 0.56575936 0.69747287 -0.80923140 -0.08714525 0.58099079
-0.89397180 -0.44427124 0.05862981 0.12086349 -0.36502656 -0.92311847
0.40929890 0.58360022 0.70134532 -0.81118715 -0.11912259 0.57252532
-0.90666354 -0.41806057 0.05645057 0.10230327 -0.34771684 -0.93200165
-0.74624830 -0.63872099 -0.18748090 0.35019580 -0.13717636 -0.92657739
-0.86234123 -0.49727070 -0.09533910 0.15967929 -0.08840334 -0.98320264
-0.90554363 -0.42262882 -0.03708966 0.08870862 -0.10312745 -0.99070460
-0.91080070 -0.41131863 -0.03548450 0.06809542 -0.06489905 -0.99556571
-0.92638397 -0.37323186 0.05010756 0.05137617 -0.25707635 -0.96502447
-0.96350253 -0.25265115 0.08848961 -0.04556737 -0.17094529 -0.98422629
-0.93943578 -0.32260898 0.11568895 -0.04114439 -0.22895446 -0.97256726
-0.93065041 -0.34026539 0.13457075 -0.06486291 -0.20853640 -0.97586137
-0.95716357 -0.26319748 0.12068585 -0.08798702 -0.13270715 -0.98724222
-0.96609592 -0.24633861 0.07730468 -0.04678842 -0.12741467 -0.99074537
-0.94517756 -0.31919473 0.06895040 0.00084830 -0.21354277 -0.97693336
-0.94140095 -0.32177809 0.10110950 -0.01422732 -0.26162043 -0.96506596
-0.92541230 -0.37600765 0.04722682 0.00487173 -0.13641514 -0.99063981
-0.93097335 -0.36249566 -0.04342269 0.09586184 -0.12794818 -0.98713720
-0.97051334 -0.23046482 0.07063932 -0.02251752 -0.20508945 -0.97848415
0.06547971 0.43866456 0.89626211 -0.99641240 0.07700539 0.03510721
0.04342161 0.39786369 0.91641647 -0.99692357 0.07716659 0.01373420
-0.01726824 0.48915008 0.87202871 -0.96219903 0.22895776 -0.14748389
-0.05581848 0.34791511 0.93586290 -0.98010874 0.15969911 -0.11782698
-0.61583346 -0.03471135 -0.78711140 0.76239103 -0.27829379 -0.58421963
-0.62350273 0.02148227 -0.78152609 0.77994651 -0.05209261 -0.62367439
0.53377825 -0.09008392 0.84081250 -0.84548444 -0.03875728 0.53259176
-0.50949007 -0.01786407 -0.86029106 0.85519266 -0.12113903 -0.50395519
0.54057479 0.02965177 0.84077334 -0.84067696 0.05736837 0.53848964
-0.61923844 0.07426576 -0.78168303 0.75692713 -0.20828997 -0.61941642
-0.63251913 0.03677063 -0.77367145 0.74568892 -0.24119742 -0.62110531
-0.72523493 0.11319800 -0.67913222 0.61696476 -0.33096799 -0.71401316
-0.73373318 0.12148926 -0.66848785 0.56765294 -0.43106067 -0.70139641
-0.72305244 0.11706370 -0.68080199 0.61294734 -0.34578183 -0.71044391
-0.69032669 0.20198219 -0.69473183 0.60887414 -0.35648307 -0.70865524
-0.66853309 0.24136445 -0.70342505 0.59277558 -0.39823622 -0.70001793
-0.66393286 0.24240026 -0.70741457 0.58774567 -0.41572049 -0.69406885
-0.65928936 0.23416178 -0.71449691 0.59597069 -0.41663516 -0.68646502
-0.59835917 0.33949557 -0.72574729 0.50704318 -0.54089993 -0.67106974
-0.59382832 0.33388039 -0.73204637 0.51432902 -0.54214650 -0.66448694
-0.58196759 0.34977442 -0.73414683 0.49296027 -0.56625795 -0.66056192
-0.50175434 0.46006939 -0.73251534 0.44716027 -0.58694816 -0.67493671
-0.52556044 0.46326706 -0.71356148 0.55162108 -0.45297873 -0.70037460
-0.53353781 0.45424533 -0.71344143 0.55608630 -0.44717231 -0.70057470
-0.55659169 0.42082244 -0.71631986 0.58476388 -0.41401696 -0.69759673
-0.62412626 0.36572456 -0.69044334 0.45340562 -0.55014020 -0.70126253
-0.50877470 0.46188748 -0.72650421 0.60986012 -0.40225893 -0.68283123
-0.57506227 0.39750853 -0.71504575 0.57759696 -0.42170930 -0.69895858
-0.56529462 0.40412751 -0.71911269 0.57025492 -0.43844607 -0.69467580
-0.49760857 0.49274734 -0.71385282 0.54304034 -0.46477020 -0.69935399
-0.59343994 0.35255706 -0.72355551 0.56556273 -0.45697457 -0.68652248
-0.62109309 0.31976530 -0.71553731 0.58134323 -0.42434084 -0.69424421
-0.66379523 0.24176705 -0.70776027 0.58799130 -0.41613147 -0.69361442
-0.70620292 0.15938081 -0.68983716 0.54343188 -0.50251782 -0.67242670
-0.71937120 0.14720316 -0.67884928 0.51432842 -0.54397964 -0.66298753
-0.76270473 0.06871951 -0.64308572 0.50104809 -0.56594062 -0.65472287
-0.45062697 0.58558708 0.67381239 -0.79271245 0.08462943 -0.60369265
-0.73695987 0.10866330 -0.66714507 0.47652894 -0.61646962 -0.62680572
-0.73962134 0.08981846 -0.66700298 0.53158730 -0.52985096 -0.66081226
-0.69682735 0.15447119 -0.70040733 0.54931134 -0.51296902 -0.65963626
-0.71234345 0.12719372 -0.69020909 0.60232520 -0.39398757 -0.69424641
-0.71891081 0.08300677 -0.69012839 0.63709205 -0.31838641 -0.70195723
-0.72100258 0.08284797 -0.68796188 0.63134778 -0.33063197 -0.70148593
-0.67346501 0.06141886 -0.73666316 0.51322883 -0.67836249 -0.52575707
-0.70280308 0.15546024 -0.69419014 0.59332526 -0.41026840 -0.69256419
-0.73319209 0.08615027 -0.67454243 0.57595623 -0.44868931 -0.68333912
-0.74673373 0.08223657 -0.66001970 0.57950127 -0.40659800 -0.70629770
-0.70593202 0.16464114 -0.68887830 0.56534225 -0.45492426 -0.68806410
-0.62719262 0.32514542 -0.70774996 0.57500601 -0.41962940 -0.70233852
-0.72423834 0.11942015 -0.67913008 0.61190361 -0.34273773 -0.71281475
-0.63688499 0.02361841 -0.77059698 0.72688448 -0.31471723 -0.61040318
-0.05377936 0.38476843 0.92144513 -0.95340991 0.25453463 -0.16193114
-0.93263340 -0.20131576 0.29944441 -0.31090561 0.02718741 -0.95005190
-0.98825818 -0.08749940 0.12525854 -0.11752509 -0.08856798 -0.98911256
0.53557235 0.01207157 0.84440309 -0.84375542 0.04932700 0.53445637
-0.49592951 0.02438331 -0.86802042 0.84886235 -0.19703834 -0.49051881
0.16865870 0.37623519 0.91104412 -0.98476303 0.10405893 0.13933271
-0.95628947 -0.23497540 0.17406054 -0.10324389 -0.28559971 -0.95277154
-0.92435044 -0.33267906 0.18681797 -0.10021208 -0.26075998 -0.96018845
0.40858054 0.58849281 0.69766623 -0.81181759 -0.11503671 0.57246733
-0.72985566 -0.65209550 -0.20513940 0.36518395 -0.11824472 -0.92339534
0.27487952 0.77872634 0.56393832 -0.84121919 -0.08925033 0.53327733
0.18693684 0.79329062 0.57943475 -0.80686128 -0.21247700 0.55120635
0.22595637 0.71049386 0.66643995 -0.89513010 -0.11845547 0.42977953
0.87885684 0.13575014 -0.45736489 0.01243503 0.95182043 0.30640379
0.14609776 0.70013213 0.69890666 -0.98373038 0.02815619 0.17743112
-0.72382575 0.04279532 -0.68865442 0.63628387 -0.34463143 -0.69019711
-0.72159821 0.11013699 -0.68349534 0.43809980 -0.69180506 -0.57399857
-0.36488253 0.69460934 0.61998284 -0.80767316 0.09511448 -0.58190840
-0.42505953 0.62447131 0.65525568 -0.79810059 0.08296117 -0.59678555
-0.71758789 0.15261373 -0.67954159 0.50573492 -0.55665511 -0.65906554
-0.67823875 0.21611446 -0.70234382 0.30446780 -0.78723085 -0.53625280
-0.57445163 0.32022953 -0.75329840 0.39037287 -0.70171404 -0.59599209
