0.04836161 -0.99573046 0.07862599 -0.99817789 -0.04533618 0.03981979
0.06330629 -0.99507540 -0.07627098 -0.99788028 -0.06195917 -0.01990340
0.06588152 -0.99304432 -0.09758382 -0.99777877 -0.06459618 -0.01627631
0.07500157 -0.99232447 -0.09832036 -0.99714112 -0.07372455 -0.01656300
0.10238059 -0.99221569 -0.07089612 -0.99454582 -0.10067244 -0.02727096
0.12091310 -0.90884912 -0.39921594 -0.99205655 -0.12469314 -0.01659599
0.14230837 -0.90808296 -0.39387017 -0.98921865 -0.14437297 -0.02455497
0.23113312 -0.86295629 -0.44931498 -0.96677566 -0.25554323 -0.00652388
0.25798750 -0.94028217 -0.22206300 -0.96579415 -0.25721106 -0.03292681
0.25951031 -0.89361405 -0.36620802 -0.96045852 -0.27842057 -0.00122429
0.26290554 -0.90348321 -0.33852443 -0.96373087 -0.26259223 -0.04762581
0.42821541 -0.76413959 -0.48241290 -0.88348073 -0.46623167 -0.04571592
0.48215115 -0.81580329 -0.31936717 -0.86924332 -0.49094507 -0.05821539
0.51323795 -0.78774834 -0.34064537 -0.84900212 -0.52410364 -0.06716157
0.51349735 -0.72189307 -0.46388668 -0.81838059 -0.57455581 -0.01178816
0.49560371 -0.69572347 -0.51994789 -0.82154900 -0.56976187 -0.02070612
0.55443776 -0.70585734 -0.44086754 -0.78853124 -0.61495399 -0.00708099
-0.60466272 0.55908716 0.56727821 0.68543077 0.72802007 0.01309368
0.71097463 -0.65999556 -0.24273643 -0.68283153 -0.73044258 -0.01395342
0.64105797 -0.64269650 -0.41950688 -0.71786505 -0.69546896 -0.03150758
0.68895066 -0.72044313 -0.07942805 -0.72339743 -0.69030249 -0.01336477
0.68508065 -0.71715891 -0.12785795 -0.72378087 -0.68998384 -0.00797933
-0.73213589 0.64093751 0.23059970 0.65976691 0.75144541 0.00611214
0.78091007 -0.62154037 -0.06218571 -0.62328941 -0.78189784 -0.01208993
-0.74867016 0.66203237 -0.03473162 0.66244715 0.74910849 -0.00058595
0.74287164 -0.66113609 0.10507560 -0.66665304 -0.74490798 0.02619150
0.67963582 -0.72525865 0.10997780 -0.73100519 -0.68210012 0.01926124
0.56664699 -0.79017061 0.23354131 -0.81557679 -0.57821053 0.02251913
0.47756976 -0.84441727 0.24266572 -0.87065339 -0.49189377 0.00178886
0.41299161 -0.88298595 0.22310033 -0.90623605 -0.42274904 0.00442155
0.40777355 -0.89651966 0.17312783 -0.91088682 -0.41255662 0.00907085
-0.97492319 0.22133617 0.02313348 0.22148708 0.97515452 0.00414576
0.50380129 -0.84917051 -0.15841027 -0.86236286 -0.50506800 -0.03516657
0.60224354 -0.78562355 -0.14176893 -0.79200274 -0.61027008 0.01738083
0.26770046 -0.96189100 -0.05569851 -0.96346354 -0.26672408 -0.02442044
0.24423561 -0.96925431 0.02991826 -0.96966636 -0.24441886 -0.00257301
0.22850393 -0.96244556 -0.14657608 -0.97301018 -0.23075615 -0.00168132
0.24636841 -0.96250123 0.11355218 -0.96892095 -0.24729639 0.00606244
0.15970607 -0.95929849 0.23289582 -0.98712331 -0.15734987 0.02878588
0.09945035 -0.96860677 0.22783892 -0.99501669 -0.09845541 0.01575758
0.10028269 -0.99086177 0.09020205 -0.99494117 -0.09932503 0.01505513
0.09954073 -0.95465529 0.28057984 -0.99374455 -0.08102971 0.07685019
0.03876236 -0.97869754 0.20161512 -0.99899584 -0.03341860 0.02984270
0.03558153 -0.98683149 0.15778999 -0.99857992 -0.02884299 0.04479262
0.01288142 -0.93727970 0.34834027 -0.99521852 0.02171443 0.09522964
0.02149240 -0.87366748 0.48604870 -0.99696976 0.01762625 0.07576763
0.02400389 -0.77336860 0.63350207 -0.99255651 0.05724505 0.10749254
0.02057155 -0.75258195 0.65817726 -0.99208206 0.06621392 0.10671908
0.03719104 -0.59787256 0.80072796 -0.97881413 0.13965116 0.14973466
0.00570558 -0.73360360 0.67955369 -0.97168010 0.15646984 0.17707334
-0.04243197 -0.90586805 0.42142940 -0.98876500 0.09858665 0.11235867
0.04488477 -0.58597392 0.80908591 -0.99123210 0.07462884 0.10903884
0.02515278 -0.73892653 0.67331636 -0.99444306 0.05038039 0.09243859
0.03095765 -0.54279858 0.83929223 -0.97957796 0.15042348 0.13341607
0.07757304 -0.30739245 0.94841570 -0.97590119 0.17119767 0.13530827
0.06810195 -0.35955942 0.93063372 -0.98869598 0.10056648 0.11120567
0.08261075 -0.13317505 0.98764360 -0.99414265 0.05828303 0.09101330
0.05333711 -0.50873202 0.85927117 -0.99692053 0.02240868 0.07514842
0.06906237 -0.86521614 0.49662003 -0.99755961 -0.06501396 0.02545750
0.05712383 -0.53607142 0.84223771 -0.99601316 -0.08849727 0.01122633
0.07047904 -0.63530648 0.76903737 -0.99525815 -0.09659703 0.01141180
0.07790305 -0.17857112 0.98083818 -0.99694020 -0.00759976 0.07779834
0.07351544 -0.35354331 0.93252486 -0.99520552 0.03447669 0.09152782
0.06375040 -0.36575738 0.92852437 -0.97865254 0.15924709 0.12992151
0.08167996 -0.29178572 0.95298976 -0.96753830 0.20623475 0.14607172
-0.95570081 0.25833979 0.14105545 -0.06791842 0.27273956 -0.95968759
0.03580624 -0.67580813 0.73620737 -0.99398088 0.05223935 0.09629691
0.04725505 -0.70426387 0.70836395 -0.99739861 0.00537690 0.07188237
0.04324858 -0.87946600 0.47399282 -0.99820888 -0.01840934 0.05692220
0.04674473 -0.86364245 0.50193298 -0.99771208 -0.01579717 0.06573522
0.10079259 -0.88255429 0.45928070 -0.99487239 -0.09328204 0.03908136
0.10169515 -0.84457725 0.52568758 -0.99456954 -0.09806921 0.03484175
0.08926046 -0.71807545 0.69021761 -0.99522400 -0.09179838 0.03320110
0.11659811 -0.68298036 0.72107059 -0.99024546 -0.13570654 0.03158616
0.19235648 -0.76355934 0.61642212 -0.97639775 -0.21178827 0.04234681
0.21439144 -0.85017294 0.48087662 -0.97447050 -0.21977358 0.04590073
0.23165560 -0.70396948 0.67138863 -0.96205699 -0.26806340 0.05087583
0.31423661 -0.86089367 0.40014678 -0.94338465 -0.33032653 0.03016402
0.23939812 -0.73393452 0.63563251 -0.96199507 -0.26787019 0.05301908
0.15883201 -0.35999611 0.91933411 -0.93512887 -0.35355294 0.02311535
0.10569269 -0.89953899 0.42386159 -0.99422830 -0.10348742 0.02829153
0.06223781 -0.41543385 0.90749168 -0.99803233 -0.01896598 0.05976499
0.03425034 -0.87872237 0.47610280 -0.99696308 0.00329736 0.07780627
0.00006736 -0.90945315 0.41580641 -0.99019247 0.05803169 0.12708752
0.04369117 -0.94613665 0.32080603 -0.99834460 -0.02932551 0.04947820
0.14739130 -0.91055942 0.38620898 -0.98882562 -0.14448136 0.03673003
0.23774374 -0.93094051 0.27717805 -0.96898693 -0.24710923 0.00117820
0.32679826 -0.91154182 0.24958853 -0.94339663 -0.33045143 0.02836702
0.37207362 -0.80649954 0.45947772 -0.91464823 -0.40285653 0.03354438
0.34181669 -0.72662228 0.59597099 -0.91410947 -0.40424880 0.03141373
0.35434785 -0.66691744 0.65548360 -0.88672203 -0.46221396 0.00907657
0.38347870 -0.69841355 0.60428691 -0.87752867 -0.47951677 0.00266846
0.37723514 -0.63084936 0.67802858 -0.84589076 -0.53276670 -0.02506651
0.47325209 -0.68277365 0.55664408 -0.81404632 -0.58045924 -0.01989269
0.51514637 -0.64461744 0.56488276 -0.78172046 -0.62362778 0.00123778
-0.70203036 0.63528633 -0.32181460 0.67417455 0.73845911 -0.01292047
-0.71921241 0.65404731 -0.23442623 0.67351955 0.73915815 -0.00409177
-0.73398554 0.63453192 -0.24214578 0.65312612 0.75723541 0.00456277
-0.75100625 0.53855222 -0.38203567 0.58121985 0.81373394 0.00455055
-0.77018386 0.51347357 -0.37836733 0.55791050 0.82984698 -0.00948586
-0.80041969 0.47476077 -0.36596525 0.51675791 0.85590076 -0.01987925
-0.84152389 0.51043922 -0.17688811 0.51854753 0.85504872 0.00045376
-0.85511541 0.51736641 0.03331027 0.51718462 0.85575056 -0.01453215
-0.89217120 0.45090675 0.02671483 0.45094025 0.89253962 -0.00510082
-0.89558357 0.44186166 0.05184999 0.44221425 0.89689505 -0.00508569
-0.87277108 0.41945037 0.24966384 0.42638549 0.90409613 -0.02838425
-0.85830110 0.48511237 0.16728796 0.49047089 0.87139463 -0.01047665
-0.80182660 0.55592614 0.21913531 0.56887341 0.82241088 -0.00484576
-0.78185904 0.54874951 0.29592296 0.57207251 0.82014936 -0.00938247
-0.77543420 0.53885597 0.32914460 0.56909722 0.82225251 -0.00540257
-0.76938868 0.53475988 0.34938949 0.56925106 0.82214981 -0.00480096
-0.77388662 0.53464019 0.33949876 0.56844294 0.82272267 0.00014658
-0.80345166 0.44572043 0.39471358 0.46886113 0.88227713 -0.04190819
-0.27381971 -0.96149004 -0.02365957 -0.96170896 0.27401754 -0.00550503
-0.93118519 0.33339608 -0.14744914 0.33588091 0.94186646 0.00845880
-0.92105836 0.32751912 -0.21067236 0.33213529 0.94312596 0.01412518
-0.88532078 0.31164804 -0.34508356 0.32984838 0.94401288 0.00631199
-0.85082483 0.35090473 -0.39110482 0.37737688 0.92600721 0.00986608
-0.85379857 0.40409312 -0.32823291 0.43416506 0.90059763 -0.02060786
-0.85161078 0.40981179 -0.32682317 0.43939501 0.89809734 -0.01879510
-0.69089371 0.32575411 -0.64540708 0.44334829 0.89607143 -0.02232322
-0.63712448 0.29945445 -0.71021086 0.43926015 0.89822918 -0.01532598
-0.60709715 0.28308141 -0.74249446 0.38829076 0.92092329 0.03362462
-0.80545843 0.33796993 -0.48683995 0.31723398 0.93973434 0.12752284
-0.58297133 0.24614272 -0.77431148 0.36686304 0.93007165 0.01944919
-0.70761484 0.29813337 -0.64062291 0.35759780 0.93305135 0.03923095
-0.51965052 0.22134939 -0.82520777 0.30559707 0.95011324 0.06241249
-0.55521727 0.21082598 -0.80454099 0.30646440 0.95113343 0.03774735
-0.60541546 0.22125678 -0.76453745 0.26064402 0.96273017 0.07221712
-0.36889622 0.14604405 -0.91792524 0.23526809 0.97008950 0.05979384
-0.30736864 0.13005546 -0.94266123 0.27345619 0.96090454 0.04340798
-0.36467466 0.13980004 -0.92058045 0.26681396 0.96289539 0.04053153
-0.32103851 -0.94664687 0.02817976 -0.27503532 0.06471832 -0.95925343
-0.34352455 -0.93841410 0.03701396 -0.29475227 0.07031112 -0.95298350
-0.33367792 -0.94210869 0.03302064 -0.25250685 0.05557542 -0.96599776
-0.42777050 0.19252452 -0.88314593 0.37731755 0.92588741 0.01908033
-0.43302539 -0.90025610 0.04503336 -0.21100332 0.05266755 -0.97606546
-0.44673839 -0.89367127 0.04214866 -0.29166844 0.10094158 -0.95117843
-0.42640671 0.19369885 -0.88354862 0.44704777 0.89429331 -0.01969399
-0.51659310 -0.85526955 0.04056641 -0.17477782 0.05895061 -0.98284161
-0.53478223 -0.84449065 0.02904426 -0.18489495 0.08340890 -0.97921234
-0.54614484 -0.83736521 0.02335342 -0.22516593 0.11989084 -0.96691597
-0.54741335 -0.83661187 0.02047433 -0.28017154 0.16015883 -0.94649518
-0.50826645 0.28425527 -0.81293559 0.50155967 0.86505175 -0.01110843
-0.50599563 0.25225869 -0.82482368 0.52136707 0.85125601 -0.05949482
-0.35045534 0.17641586 -0.91981441 0.35630599 0.93336737 0.04326032
-0.53703564 0.34508112 -0.76974791 0.55139369 0.83417624 -0.01073024
-0.58722055 -0.80939633 -0.00705039 -0.37351131 0.27869105 -0.88477153
-0.61355925 -0.78964514 -0.00238075 -0.36492026 0.28621650 -0.88595337
-0.56648505 0.43880686 -0.69752657 0.62566364 0.77989668 -0.01749760
-0.56571531 0.43573561 -0.70007193 0.62509120 0.78030944 -0.01944813
-0.73353487 -0.67961818 -0.00676977 -0.35712850 0.39389732 -0.84693813
-0.68159866 -0.73132122 -0.02434418 -0.17330286 0.19366415 -0.96563983
-0.50271827 -0.86338502 0.04290235 -0.07705524 -0.00467607 -0.99701589
-0.44386080 -0.89508259 0.04260069 -0.04766545 -0.02388971 -0.99857765
-0.43596408 -0.89884138 0.04493865 -0.07157597 -0.01514581 -0.99732018
-0.35255837 -0.93467063 0.04575402 -0.00421695 -0.04730615 -0.99887156
-0.43650109 0.19570401 -0.87816101 0.38040367 0.92466462 0.01698317
-0.49221724 0.22389473 -0.84118569 0.45484042 0.89009291 -0.02923635
-0.57873237 0.28909370 -0.76255739 0.47823229 0.87771416 -0.03019699
-0.61902159 0.26652750 -0.73876607 0.35768756 0.93311077 0.03693101
-0.76631624 0.28609830 -0.57524532 0.29181546 0.95268369 0.08507371
-0.80884933 0.29080674 -0.51107150 0.27909973 0.95487046 0.10161620
-0.88982785 0.44401199 -0.10516539 0.44546983 0.89523548 0.01049600
-0.77991146 0.45939106 -0.42508581 0.48514664 0.87281615 0.05314802
-0.59421808 0.38305438 -0.70722997 0.56087476 0.82758087 -0.02301013
-0.68154752 0.55697811 -0.47462457 0.63365686 0.77361149 -0.00207029
-0.74240929 -0.66988397 -0.00916422 -0.34137309 0.39003122 -0.85518432
-0.72053176 0.65623349 -0.22403488 0.67404169 0.73868191 -0.00410904
-0.74424291 0.66385096 -0.07351454 0.66568685 0.74623096 -0.00063299
-0.81218648 0.58338439 0.00398656 0.58333468 0.81217992 -0.00918345
0.65319669 -0.69552720 -0.29929262 -0.73674601 -0.67503142 -0.03921686
0.66368157 -0.74394906 -0.07788917 -0.74669862 -0.66508746 -0.00999934
-0.72551453 0.62755919 0.28248554 0.65742505 0.75337428 0.01481295
-0.75488120 0.52853233 0.38834018 0.57078016 0.82106441 -0.00795156
0.59833777 -0.77714956 -0.19501421 -0.79409099 -0.60761356 -0.01501440
0.47966307 -0.80332911 -0.35296693 -0.86865169 -0.49157000 -0.06167029
0.42288953 -0.74050367 -0.52232069 -0.88304365 -0.46616820 -0.05404848
0.25743029 -0.93653423 -0.23797771 -0.96278888 -0.26956168 0.01934105
0.24624340 -0.94693744 -0.20657611 -0.96894270 -0.24550658 -0.02960810
0.26425260 -0.86226255 -0.43205774 -0.95847321 -0.28459877 -0.01823878
0.13283217 -0.98879534 -0.06811401 -0.99112916 -0.13221715 -0.01347967
0.12620319 -0.95871025 -0.25484776 -0.99198163 -0.12022307 -0.03897290
0.05881059 -0.99467564 0.08462699 -0.99761999 -0.05550392 0.04091158
