-0.45346147 -0.21775247 0.86426651 0.01168527 0.96815997 0.25005949
-0.45616385 -0.21523279 0.86347520 -0.03330903 0.97376013 0.22512604
-0.45328701 -0.22326058 0.86295170 -0.05009628 0.97297496 0.22541115
-0.37176636 -0.23200463 0.89886802 -0.12541717 0.97194237 0.19899388
-0.31448212 -0.25515634 0.91432834 0.00727806 0.96252131 0.27110854
-0.19658792 -0.26846832 0.94301540 -0.22844507 0.94785541 0.22222289
-0.25486213 -0.26731789 0.92929357 -0.27903530 0.94047856 0.19400886
-0.24937698 -0.28105155 0.92672604 -0.28051481 0.93689716 0.20865113
-0.22404110 -0.32663667 0.91821241 -0.31011161 0.91708547 0.25056943
-0.34729320 0.92149144 0.17389940 0.18079068 0.24775660 -0.95180428
-0.34729192 0.92177856 0.17237352 0.18092638 0.24622424 -0.95217609
-0.35087863 0.90905601 0.22472532 0.07157646 0.26531720 -0.96150070
-0.35376132 0.89898235 0.25823188 0.06044746 0.29748130 -0.95281214
-0.34659892 0.92298031 0.16726185 0.18279752 0.24135801 -0.95306426
-0.19127338 -0.29350924 0.93662524 -0.18204325 0.94829595 0.25999045
0.24197397 0.93531686 0.25812984 0.31573224 0.17565547 -0.93244749
-0.30316883 -0.15751813 0.93982804 0.07927252 0.97865653 0.18959758
-0.20822051 -0.30798545 0.92832601 -0.34685192 0.91069537 0.22433847
-0.24034546 -0.31791577 0.91714972 -0.31977630 0.91803539 0.23442313
-0.34162825 -0.35710648 0.86934757 -0.33973849 0.90937257 0.24004042
-0.43601078 -0.16712660 0.88428694 -0.24270198 0.96803445 0.06328672
-0.36271524 -0.26660559 0.89294970 -0.34015918 0.92996544 0.13948496
-0.37500581 -0.26950642 0.88698196 -0.26235056 0.94854587 0.17729354
-0.42992026 -0.20587142 0.87908220 -0.21330971 0.96925306 0.12266810
-0.45430446 -0.20277651 0.86746132 -0.11011555 0.97906423 0.17119522
-0.44981608 -0.22342527 0.86472350 -0.14910680 0.97340190 0.17394227
-0.40788516 -0.23737194 0.88163733 -0.14835408 0.97001189 0.19253060
-0.33160269 -0.25345504 0.90873551 -0.22446205 0.95677167 0.18494533
-0.46643302 -0.19161330 0.86355346 -0.20936882 0.97243023 0.10268502
-0.47061801 -0.12109605 0.87398773 -0.16674295 0.98489499 0.04667648
-0.52202642 -0.12493730 0.84372932 -0.14546180 0.98776263 0.05626624
-0.52990597 -0.13369074 0.83745241 -0.11067691 0.98995250 0.08800396
-0.50274992 -0.15318719 0.85075045 -0.09062008 0.98808980 0.12436485
-0.51192629 -0.15676825 0.84460354 -0.03846991 0.98640424 0.15977094
-0.41943687 -0.15680532 0.89413917 -0.11211675 0.98637557 0.12038735
-0.55725658 -0.12895332 0.82026589 -0.10107327 0.99105561 0.08713781
-0.57194549 -0.12964436 0.80998188 -0.07660266 0.99155807 0.10461637
-0.57246774 -0.13130052 0.80934596 -0.05641028 0.99106300 0.12088036
-0.57062310 -0.14336552 0.80860096 -0.05840857 0.98923504 0.13417363
-0.52591735 -0.15148069 0.83693761 -0.02876020 0.98661685 0.16049932
-0.52765179 -0.15195608 0.83575892 -0.01702030 0.98556364 0.16844763
-0.52771914 -0.15244085 0.83562815 0.02572136 0.98044544 0.19510305
-0.52165514 -0.16006537 0.83800656 0.05787432 0.97334087 0.22194171
-0.56988209 -0.15024132 0.80787498 0.06927733 0.97085887 0.22942048
-0.59958291 -0.14110677 0.78777492 0.00832695 0.98318070 0.18244570
-0.62865239 -0.12984303 0.76677048 0.00710634 0.98496336 0.17261752
-0.63268089 -0.12845276 0.76368499 0.04022865 0.97936445 0.19805810
-0.70962214 -0.09781153 0.69776022 0.11335320 0.96156901 0.25007227
-0.71882468 -0.09214339 0.68905789 0.04564845 0.98278189 0.17904167
-0.70783275 -0.09462611 0.70001334 0.00450471 0.99036205 0.13842976
-0.72069126 -0.09147570 0.68719453 -0.02519481 0.99405748 0.10590076
-0.76342249 -0.07243910 0.64182442 -0.02228123 0.99605322 0.08591637
-0.77152520 -0.06668441 0.63269436 -0.03136248 0.99726897 0.06686537
-0.81438738 -0.04687281 0.57842565 -0.02701882 0.99871439 0.04289014
-0.85302168 -0.04154521 0.52021921 0.00886291 0.99552929 0.09403676
-0.83962488 -0.04465798 0.54132789 -0.01596160 0.99821258 0.05759244
-0.92480326 -0.03302217 0.37900996 -0.03373595 0.99941945 0.00475946
-0.85654223 -0.03910287 0.51459348 -0.04277885 0.99907351 0.00471195
-0.84042627 -0.03685965 0.54067093 -0.07047780 0.99664527 -0.04160644
-0.87187278 -0.03848045 0.48821834 -0.08161043 0.99438500 -0.06736644
-0.87231219 -0.03737936 0.48751843 -0.10141623 0.98922187 -0.10561680
-0.86706144 -0.04025732 0.49657211 -0.10768036 0.98831332 -0.10789700
-0.86389387 -0.04219383 0.50190353 -0.13368456 0.97995263 -0.14772026
-0.89606279 -0.04302196 0.44183773 -0.12209074 0.98079473 -0.15210392
-0.90403813 -0.04133400 0.42544866 -0.12308435 0.97833019 -0.16649403
-0.92457902 -0.02452321 0.38020027 -0.09766282 0.97983783 -0.17429821
-0.93710607 -0.03838630 0.34692761 -0.10934804 0.97618711 -0.18735467
-0.94185424 -0.04118390 0.33348843 -0.11833574 0.96953392 -0.21447766
-0.94493687 -0.04370002 0.32432184 0.00205357 0.99023271 0.13940988
-0.94978565 -0.03445678 0.31099838 0.06372631 0.95178568 0.30007166
-0.90108997 -0.04719883 0.43105596 -0.10315222 0.98885500 -0.10735644
-0.95667636 -0.06166134 0.28454918 -0.11496219 0.97790492 -0.17460139
-0.96157080 -0.04731505 0.27044964 -0.09814299 0.97919065 -0.17763373
-0.96760738 -0.04959407 0.24754088 -0.09711673 0.97818416 -0.18364125
-0.97354978 -0.05387318 0.22203279 -0.00386870 0.97555065 0.21974073
-0.95953560 -0.04523226 0.27793095 -0.06673131 0.99542493 -0.06838293
-0.98009861 -0.04971175 0.19218610 -0.05463656 0.99829775 -0.02040783
-0.94052613 -0.04398817 0.33686149 -0.09364553 0.98673457 -0.13261063
-0.92449194 -0.03367925 0.37971088 -0.06927231 0.99434757 -0.08046335
-0.93495059 -0.03871452 0.35265937 -0.02359839 0.99861312 0.04706385
-0.92714047 -0.03581394 0.37299865 -0.08626792 0.98908365 -0.11946289
-0.91621637 -0.03249519 0.39936411 -0.08251068 0.99064565 -0.10868884
-0.90659177 -0.03332737 0.42069069 -0.08809189 0.98986119 -0.11142133
-0.89330852 -0.03003662 0.44843933 -0.06859731 0.99518633 -0.06999058
-0.91725057 -0.03033351 0.39715397 -0.05474456 0.99723417 -0.05026984
-0.92190957 -0.03063413 0.38619214 -0.01815220 0.99918956 0.03592671
-0.94391143 -0.04774655 0.32672855 -0.10675274 0.98047847 -0.16512381
-0.92967743 -0.03630367 0.36658132 -0.08851133 0.98799354 -0.12662728
-0.86311913 -0.05033047 0.50248623 -0.14057441 0.97963887 -0.14334078
-0.95356917 -0.13480197 0.26932180 -0.15936384 0.98463345 -0.07141618
-0.79838395 -0.08106720 0.59666681 -0.16122755 0.98349565 -0.08210991
-0.80706286 -0.08295783 0.58460891 -0.15065736 0.98624229 -0.06803426
-0.79642951 -0.06882510 0.60080206 -0.13247620 0.98922694 -0.06229058
-0.82504892 -0.07743501 0.55973047 0.03416613 0.98191708 0.18620300
-0.80859369 -0.05980878 0.58531976 -0.14695665 0.98381925 -0.10248616
-0.82057995 -0.03590348 0.57040298 -0.13385122 0.98234147 -0.13072541
-0.82533389 -0.03772017 0.56338370 -0.11488963 0.98811209 -0.10215160
-0.77187872 -0.02905238 0.63510573 -0.09336198 0.99330533 -0.06803000
-0.79582453 -0.03799241 0.60433429 -0.11758906 0.98872709 -0.09269065
-0.81014240 -0.04177567 0.58474284 -0.06991736 0.99722368 -0.02562380
-0.81592315 -0.04053064 0.57673800 -0.06762836 0.99738252 -0.02558352
-0.78050643 -0.05852584 0.62240213 -0.07379140 0.99727297 0.00123966
-0.77098596 -0.05935229 0.63408041 -0.07840331 0.99691969 -0.00201611
-0.75223750 -0.05325304 0.65673655 -0.11723630 0.99164164 -0.05387488
-0.75253659 -0.05262596 0.65644443 -0.11794691 0.99145490 -0.05572916
-0.68235064 -0.04653440 0.72954249 -0.13591050 0.98864812 -0.06405720
-0.68302077 -0.01392981 0.73026615 -0.13953531 0.98389232 -0.11174019
-0.74483675 -0.02459993 0.66679311 -0.16156758 0.97623086 -0.14446200
-0.69503921 -0.01141640 0.71888119 -0.07545795 0.99551016 -0.05714588
-0.83042872 -0.07654873 0.55184108 -0.14067507 0.98723006 -0.07474871
-0.69286543 0.00259686 0.72106218 -0.09090742 0.99169987 -0.09092408
-0.69440937 0.00028326 0.71958017 -0.11954138 0.98605895 -0.11574801
-0.63575476 0.01348057 0.77177340 -0.14565769 0.97978938 -0.13710070
-0.64256173 0.01150088 0.76614767 -0.11510882 0.98709130 -0.11135835
-0.59381723 0.02475428 0.80421913 -0.16469441 0.97462368 -0.15160608
-0.57211959 -0.00866650 0.82012439 -0.16241170 0.98133999 -0.10292844
-0.51573551 -0.00153167 0.85674649 -0.19284891 0.97454304 -0.11434697
-0.58357269 -0.04706957 0.81069571 -0.15801613 0.98581827 -0.05650930
-0.58138567 -0.06538808 0.81099635 -0.17243895 0.98402452 -0.04427894
-0.55644983 -0.08618157 0.82639962 -0.16108499 0.98692501 -0.00554329
-0.65617603 -0.08190912 0.75014931 -0.12254132 0.99246275 0.00117720
-0.65666962 -0.08791343 0.74903697 -0.14606372 0.98920304 -0.01195052
-0.68811631 -0.08719707 0.72034204 -0.10214330 0.99450815 0.02281100
-0.74064887 -0.08510225 0.66648102 -0.10842563 0.99408370 0.00644194
-0.61890751 -0.08422779 0.78093487 -0.00831710 0.99488091 0.10071146
-0.74237311 -0.07300545 0.66599733 -0.07333961 0.99692696 0.02753126
-0.74533278 -0.07664548 0.66227233 -0.10349083 0.99462950 -0.00136086
-0.68750197 -0.08755917 0.72088456 -0.05932042 0.99615818 0.06442069
-0.70956832 -0.09576675 0.69809848 -0.10150709 0.99427992 0.03322275
-0.70693815 -0.09842132 0.70039397 -0.09126677 0.99468553 0.04765647
-0.65325618 -0.10013013 0.75048679 -0.03342743 0.99406433 0.10353163
-0.65460473 -0.10180455 0.74908507 -0.03053594 0.99364299 0.10835671
-0.65999407 -0.11093056 0.74303579 -0.06437697 0.99375153 0.09117863
-0.63127112 -0.10073137 0.76899290 -0.06240448 0.99491179 0.07909654
-0.62783962 -0.10065725 0.77180672 -0.06329881 0.99492115 0.07826383
-0.61974490 -0.10332933 0.77797139 -0.11505236 0.99254662 0.04017635
-0.73519194 -0.06134265 0.67507774 -0.08081084 0.99672621 0.00256318
-0.76094574 -0.03523384 0.64785814 -0.11030412 0.99101377 -0.07566196
-0.80119312 -0.03200747 0.59754932 -0.13155156 0.98356116 -0.12370006
-0.83346516 -0.03506463 0.55145836 -0.10658060 0.98944598 -0.09817001
-0.89420539 -0.03894399 0.44595972 -0.10817134 0.98548478 -0.13083845
-0.88248700 -0.03071526 0.46933284 -0.06866322 0.99558806 -0.06395174
-0.84159714 -0.03998261 0.53862387 -0.07271974 0.99656409 -0.03964825
-0.89105850 -0.03285386 0.45269793 -0.03196947 0.99944270 0.00960659
-0.83823502 -0.04593435 0.54337114 -0.02369967 0.99857318 0.04785480
-0.81830639 -0.05242884 0.57238626 0.01947136 0.99273109 0.11876818
-0.81270754 -0.06018523 0.57955527 0.01560446 0.99204624 0.12490335
-0.76603132 -0.06934810 0.63905156 0.01617652 0.99176890 0.12701482
-0.84409541 -0.04239731 0.53451413 -0.02808617 0.99899656 0.03488657
-0.81689835 -0.04405995 0.57509649 -0.02722384 0.99891222 0.03785959
-0.76835024 -0.06816204 0.63638979 -0.04939869 0.99766254 0.04721513
-0.70758551 -0.09561285 0.70012927 -0.04286515 0.99478674 0.09253097
-0.65575594 -0.11014937 0.74689448 -0.00644584 0.99008036 0.14035429
-0.76879072 -0.07022614 0.63563287 0.01908600 0.99098974 0.13257104
-0.63608891 -0.11710034 0.76267838 0.00508717 0.98775947 0.15590172
0.49366987 0.76286250 0.41752955 0.51704681 0.12857133 -0.84624588
-0.51418078 -0.18995123 0.83638310 0.06585227 0.96354520 0.25931489
-0.58339828 -0.14577365 0.79899722 -0.01448657 0.98547226 0.16921766
-0.58421606 -0.14356957 0.79879868 -0.01036832 0.98546928 0.16953719
-0.58234107 -0.14234409 0.80038559 -0.04254214 0.98853815 0.14485331
-0.61140126 -0.13304681 0.78005582 -0.06475376 0.99087030 0.11824998
-0.72191304 -0.13418038 0.67885000 -0.13131557 0.98975831 0.05598845
-0.58120227 -0.10665417 0.80673969 -0.12103194 0.99167705 0.04390817
-0.55363244 -0.10084230 0.82663298 -0.16610879 0.98606598 0.00904145
-0.48671266 -0.07322295 0.87048793 -0.19959451 0.97944313 -0.02921061
-0.48831266 -0.04484078 0.87151599 -0.19915099 0.97805202 -0.06126259
-0.33174196 -0.26354495 0.90580982 -0.22606041 0.95441741 0.19489537
-0.33965680 -0.26585400 0.90219450 -0.20726842 0.95679665 0.20391180
-0.16143011 -0.26269037 0.95128024 -0.23215149 0.94698149 0.22210772
-0.36928040 -0.23618653 0.89880365 -0.08282406 0.97168052 0.22130811
-0.47240928 -0.22209144 0.85293907 -0.11941490 0.97493684 0.18771851
-0.50630897 -0.15981087 0.84741479 -0.05318287 0.98659438 0.15428285
-0.31800032 -0.24704066 0.91533971 -0.03519234 0.96786624 0.24899077
-0.45249295 -0.21533254 0.86537975 0.00875318 0.96928984 0.24576545
