-0.06460682 0.97725475 0.20198800 -0.99729848 -0.05614095 -0.04737052
0.95640177 0.09837260 0.27498832 -0.04980978 0.98271245 -0.17831235
-0.02837121 0.99883163 0.03912060 -0.99892181 -0.02976902 0.03562365
0.98504758 0.01552682 0.17158154 -0.01077130 0.99953258 -0.02861214
-0.03282413 0.98898792 0.14431021 -0.99877423 -0.03781033 0.03194552
-0.08480124 0.92757797 0.36387900 -0.99513662 -0.06047507 -0.07775518
-0.07174449 0.98681611 0.14507473 -0.99442190 -0.05949319 -0.08709617
-0.10138805 0.98518008 0.13835001 -0.99191457 -0.08943732 -0.09003551
-0.13246027 0.98146605 0.13848718 -0.98860127 -0.12073050 -0.08995394
-0.14193408 0.96696848 0.21172321 -0.98987597 -0.13876781 -0.02981737
-0.14130886 0.97505301 0.17118263 -0.98851138 -0.12960669 -0.07776491
-0.15060419 0.97427118 0.16767265 -0.98636085 -0.13669279 -0.09169196
-0.16978325 0.97534734 0.14096549 -0.98468262 -0.16214284 -0.06410801
-0.11704069 0.94818199 -0.29538527 -0.97461820 -0.16681632 -0.14930406
-0.09010082 0.90171814 -0.42283130 -0.97460252 -0.16722712 -0.14894646
-0.17868324 0.97093326 0.15925080 -0.98278552 -0.16840172 -0.07598368
-0.19073446 0.97264618 0.13258871 -0.98074132 -0.18302956 -0.06816692
-0.12777327 0.93405712 -0.33348370 -0.97525185 -0.17949753 -0.12909120
-0.05656078 0.87222558 -0.48582238 -0.95791662 -0.18456779 -0.21984214
-0.06974839 0.89861733 -0.43315372 -0.96361804 -0.17300168 -0.20374180
-0.04513625 0.87724072 -0.47792423 -0.95722306 -0.17485288 -0.23054406
-0.02747372 0.88173735 -0.47093999 -0.96406555 -0.14790696 -0.22068337
0.92913312 0.13969807 0.34233928 -0.00174041 0.92752028 -0.37376881
0.04005488 0.85633761 -0.51486081 -0.95475185 -0.11916911 -0.27248427
0.02968218 0.87554169 -0.48223004 -0.96607029 -0.09870553 -0.23867422
0.02215260 0.88985395 -0.45570743 -0.99079925 -0.04133262 -0.12887387
0.01408110 0.93198377 -0.36222655 -0.99959320 0.02210673 0.01802118
0.00627799 0.93185943 -0.36276516 -0.99959594 0.01590529 0.02355805
0.00732293 0.93090427 -0.36519000 -0.99990982 0.01092846 0.00780712
-0.01128586 0.93418401 -0.35661301 -0.96103287 -0.10864389 -0.25418952
0.85506296 0.09425271 0.50988597 -0.02069974 0.98876166 -0.14806034
0.00079191 0.92121792 -0.38904631 -0.94662774 -0.12470999 -0.29722616
-0.19661047 0.97150928 0.13234076 -0.97960126 -0.18891758 -0.06849544
-0.20738214 0.97062987 0.12194415 -0.97794801 -0.20255087 -0.05090050
-0.21219125 0.97027993 0.11632630 -0.97695506 -0.20780954 -0.04872407
-0.21091612 0.97515464 0.06773391 -0.97730100 -0.20895267 -0.03495144
-0.21857557 0.97213453 0.08473004 -0.97561663 -0.21593195 -0.03931382
-0.21882486 0.97173041 0.08863215 -0.97554266 -0.21593551 -0.04108990
-0.21891849 0.97113389 0.09472933 -0.97566259 -0.21661821 -0.03404715
-0.21960622 0.97135556 0.09078303 -0.97557670 -0.21911152 -0.01550394
-0.21854669 0.97207087 0.08553158 -0.97580743 -0.21825008 -0.01291852
-0.21803446 0.97389871 0.06310596 -0.97592688 -0.21792407 -0.00871136
-0.21581672 0.97413903 0.06690590 -0.97632784 -0.21629599 -0.00008223
-0.20490025 0.97670150 -0.06379779 -0.97853154 -0.20293495 0.03596502
-0.19429865 0.96985072 -0.14709763 -0.98094207 -0.19196528 0.03003488
-0.19184202 0.96525675 -0.17741512 -0.98137349 -0.19053929 0.02451503
-0.17638603 0.91894513 -0.35274327 -0.98408562 -0.15679397 0.08361293
-0.17633261 0.92463404 -0.33757767 -0.98398757 -0.15652657 0.08525238
-0.17733514 0.65223265 -0.73698354 -0.98386449 -0.09943748 0.14873786
-0.17366914 0.36606163 -0.91424173 -0.98425710 -0.09545626 0.14874864
-0.20654488 0.37263745 -0.90469915 -0.97838515 -0.06912529 0.19489546
0.90694374 -0.27666420 -0.31766337 -0.20998511 0.35680622 -0.91027230
-0.20866303 0.41739792 -0.88444263 -0.97640586 -0.14032513 0.16413544
-0.27466890 0.47693264 -0.83492059 -0.94181418 0.04153182 0.33355850
-0.26904058 0.52094734 -0.81008095 -0.93430746 0.06305439 0.35084721
0.85201639 -0.23367898 -0.46846792 -0.27701184 0.55807596 -0.78218645
0.84901679 -0.22540312 -0.47787452 -0.28845531 0.56002593 -0.77663672
-0.24526642 0.69565064 -0.67521453 -0.82987350 0.20938893 0.51717138
-0.23826417 0.70536399 -0.66760164 -0.83357662 0.20421784 0.51326913
-0.18929407 0.78216547 -0.59362024 -0.91574895 0.07754949 0.39419538
-0.16655846 0.80521333 -0.56911319 -0.84335113 0.18272200 0.50534314
-0.27756798 0.60796177 -0.74386734 -0.91170353 0.07743837 0.40348485
-0.21472524 0.74139678 -0.63578600 -0.90299863 0.09733348 0.41847306
-0.27365866 0.61433476 -0.74007010 -0.92799968 0.03362306 0.37106082
-0.21175992 0.63863742 -0.73979735 -0.96136469 0.00011192 0.27527809
-0.20183006 0.70486861 -0.68001831 -0.97366899 -0.06926551 0.21718907
-0.18639416 0.78706121 -0.58804071 -0.93954045 0.03220832 0.34091988
-0.19698530 0.88337183 -0.42526594 -0.97766322 -0.14456585 0.15256308
-0.19904777 0.85891086 -0.47186026 -0.97871041 -0.14963168 0.14048611
-0.18833457 0.65669626 -0.73026031 -0.98180461 -0.14428297 0.12345960
-0.18044978 0.68279707 -0.70797324 -0.98352325 -0.13327050 0.12215127
-0.17456234 0.70870668 -0.68356633 -0.98159647 -0.17985007 0.06420564
-0.16585650 0.77747500 -0.60665005 -0.98525518 -0.15684031 0.06836160
-0.12212040 0.47332114 -0.87238395 -0.98302203 -0.17895979 0.04051149
-0.11342689 0.38281471 -0.91683549 -0.98774797 -0.14299928 0.06249209
-0.10289550 0.31628796 -0.94306654 -0.98574638 -0.15929338 0.05412795
-0.13789628 0.51796257 -0.84421533 -0.98262841 -0.17843011 0.05103044
-0.11871542 0.28631741 -0.95075184 -0.98684436 -0.13985817 0.08110404
-0.09628813 0.35238338 -0.93088919 -0.98077512 -0.19306958 0.02836265
-0.11668507 0.54882658 -0.82775235 -0.97215748 -0.23364592 -0.01787349
-0.10814076 0.51922166 -0.84777033 -0.97131491 -0.23685335 -0.02116216
-0.13280691 0.70461363 -0.69705242 -0.97424215 -0.22212189 -0.03891241
-0.05809165 0.40661073 -0.91175276 -0.97213227 -0.23082024 -0.04099929
-0.06037153 0.40357918 -0.91295081 -0.97175181 -0.23281731 -0.03865933
-0.07030538 0.44915020 -0.89068586 -0.96526569 -0.25587186 -0.05283742
-0.05650981 0.43826526 -0.89706761 -0.96745527 -0.24600887 -0.05924462
-0.04400460 0.41169551 -0.91025847 -0.96510416 -0.25295052 -0.06774950
-0.02830189 0.35104507 -0.93593079 -0.96249658 -0.26229972 -0.06927708
-0.02391150 0.35263458 -0.93545556 -0.96386731 -0.25645742 -0.07203789
-0.03255869 0.39594108 -0.91769856 -0.95489699 -0.28346619 -0.08842307
-0.06445857 0.51509953 -0.85470325 -0.95915574 -0.26837823 -0.08940611
-0.01546790 0.36615831 -0.93042403 -0.96148378 -0.26084068 -0.08666677
-0.00977106 0.37048835 -0.92878580 -0.95973581 -0.26424152 -0.09530807
-0.04191126 0.51055807 -0.85882127 -0.95200694 -0.28125414 -0.12074309
-0.00282657 0.53624183 -0.84405971 -0.94772255 -0.27076381 -0.16884595
0.04406711 0.39497271 -0.91763544 -0.94288737 -0.28713495 -0.16886967
0.92576194 0.35260510 0.13650836 0.04145059 0.26421198 -0.96357352
0.05143694 0.44554281 -0.89378184 -0.95154506 -0.24982810 -0.17929843
0.92858714 0.33949947 0.14988700 0.02223834 0.35225406 -0.93564022
0.08603542 0.38249049 -0.91994512 -0.95393693 -0.23474357 -0.18681501
0.86358386 0.37778914 0.33391356 0.08778165 0.53949022 -0.83740360
0.87413526 0.35780156 0.32842901 0.12812880 0.48237786 -0.86654180
0.87302488 0.35426083 0.33515194 0.09548521 0.54976958 -0.82984096
0.86266136 0.37811589 0.33592209 0.10725968 0.51229256 -0.85208672
0.04672681 0.60643035 -0.79376251 -0.93594199 -0.25108200 -0.24692191
-0.02410939 0.85645485 -0.51565862 -0.94743866 -0.18417975 -0.26160619
0.00317919 0.81319875 -0.58197749 -0.94051498 -0.19528987 -0.27801687
-0.06901202 0.90298730 -0.42408875 -0.96877921 -0.16213040 -0.18756521
-0.07796530 0.73968118 -0.66842598 -0.95922065 -0.23837350 -0.15190084
-0.11157491 0.80106282 -0.58808964 -0.96256912 -0.23421013 -0.13640521
-0.14711419 0.87422734 -0.46269214 -0.97157609 -0.21543138 -0.09812871
-0.17155708 0.96379888 -0.20410733 -0.97779191 -0.19189262 -0.08426330
0.97819030 0.18215214 0.09982178 -0.17778379 0.98274136 -0.05111151
0.97908723 0.16792499 0.11484538 -0.16783862 0.98575866 -0.01049105
0.98196143 0.16260125 0.09650170 -0.16427974 0.98636657 0.00965739
0.97844064 0.16153297 0.12868984 -0.15477592 0.98606783 -0.06094811
-0.14190659 0.97715974 0.15818162 -0.98151481 -0.11816833 -0.15054898
0.96987253 0.11813322 0.21305370 -0.08680489 0.98473716 -0.15085635
0.96644497 0.11863434 0.22783785 -0.10365750 0.99165475 -0.07665556
-0.04643941 0.96898741 -0.24270719 -0.98755491 -0.08108381 -0.13476209
-0.03996808 0.96043903 -0.27560735 -0.99660164 -0.05820033 -0.05829165
0.96957159 0.07767767 -0.23215777 -0.10635587 0.98780978 -0.11366779
0.93994600 0.08680336 -0.33010116 -0.07939781 0.99619716 0.03587870
-0.02341681 0.86516410 -0.50094181 -0.99838322 -0.04619788 -0.03311721
-0.03200741 0.90809387 -0.41754171 -0.99899906 -0.04212677 -0.01503969
-0.03675281 0.92422724 -0.38007009 -0.99486804 0.00203838 0.10116059
0.97574782 0.12131730 0.18220425 -0.11211907 0.99188167 -0.06000111
0.95794302 0.13603991 0.25266239 -0.10017156 0.98362589 -0.14981945
0.97332233 0.12850989 0.19007602 -0.12514806 0.99169540 -0.02963691
0.97462392 0.11525588 0.19189659 -0.09826583 0.99053389 -0.09584647
0.98027211 0.11090409 0.16360569 -0.12762243 0.98721808 0.09546232
0.97931862 0.10945617 0.17016007 -0.12592797 0.98802084 0.08920200
0.98191732 0.12951985 0.13806872 -0.13746159 0.98926514 0.04958710
0.98163074 0.13033003 0.13933849 -0.13832374 0.98916066 0.04927225
-0.11797356 0.98246318 0.14439000 -0.98880750 -0.10285109 -0.10808049
-0.13074981 0.96260571 0.23726526 -0.98039985 -0.08996353 -0.17527921
-0.11916994 0.97869885 0.16717385 -0.99027240 -0.10498019 -0.09132243
-0.12730475 0.97882980 0.16026761 -0.99003804 -0.11560143 -0.08038068
0.98473710 0.16373971 0.05901023 -0.16211638 0.98627347 -0.03135230
-0.14840589 0.96777415 0.20344293 -0.98638600 -0.15959492 0.03964907
-0.14762929 0.98166215 0.12060276 -0.98849481 -0.15050496 0.01504311
-0.12864059 0.97357428 0.18869211 -0.99098653 -0.13337292 0.01254607
-0.12373067 0.96375620 0.23635711 -0.99062210 -0.13387513 0.02730042
-0.12962657 0.98398244 -0.12237451 -0.99057716 -0.12300596 0.06022015
-0.12188981 0.98731953 0.10170057 -0.99180478 -0.11720493 -0.05085675
-0.11160345 0.90044254 -0.42041403 -0.99082124 -0.13329794 -0.02247324
-0.11382118 0.89028990 -0.44094071 -0.99085885 -0.13407409 -0.01493190
-0.12114667 0.89591688 -0.42738333 -0.98886764 -0.14640188 -0.02659414
-0.12665771 0.89642155 -0.42471898 -0.98856825 -0.14937776 -0.02047392
-0.13040610 0.90710729 -0.40018824 -0.98872536 -0.14894408 -0.01542387
-0.13250719 0.92355204 -0.35985211 -0.98917127 -0.14632957 -0.01131207
-0.13106467 0.88908875 -0.43856949 -0.98873872 -0.14946306 -0.00751811
-0.13465796 0.89676839 -0.42151365 -0.98740846 -0.15707760 -0.01874152
-0.15038940 0.91359484 -0.37779304 -0.98858839 -0.14234176 0.04931413
-0.15841536 0.91176349 -0.37893537 -0.98733938 -0.14942662 0.05322272
-0.17712940 0.92469496 -0.33699322 -0.98057222 -0.13648866 0.14088650
0.92499357 0.18331778 -0.33283854 -0.21832776 0.97331226 -0.07068400
0.82696426 0.15374634 -0.54082555 -0.11880338 0.98795038 0.09919573
0.89135700 0.14531580 -0.42937872 -0.24666259 0.95019853 -0.19047424
0.90024900 0.14846447 -0.40927991 -0.25283739 0.94357657 -0.21386105
-0.29081437 0.84464139 -0.44945303 -0.93696398 -0.15630330 0.31251851
0.90567750 0.17260614 -0.38724080 -0.19260505 0.98118871 -0.01311550
0.90614957 0.18032055 -0.38259307 -0.20036879 0.97963631 -0.01284795
0.93038392 0.18732424 -0.31511176 -0.14998633 0.97885978 0.13905953
0.93300188 0.19556256 -0.30209744 -0.15755931 0.97670752 0.14566256
0.96043110 0.19337545 -0.20044480 -0.18757941 0.98109049 0.04770251
-0.16842629 0.89021105 -0.42326945 -0.98521876 -0.13841756 0.10091895
0.96933937 0.19581580 -0.14845005 -0.19748662 0.98029917 0.00354687
0.95747936 0.20092569 -0.20703186 -0.22094634 0.97213209 -0.07837082
0.92192078 0.18233635 -0.34178290 -0.19929278 0.97982752 -0.01484563
0.91158324 0.17150933 -0.37363166 -0.23812623 0.96112132 -0.13979171
0.77893138 0.12875482 -0.61374933 -0.14496931 0.98915648 0.02352348
0.94195700 0.18793984 -0.27820089 -0.23600662 0.96001905 -0.15054689
-0.21455356 0.95081627 -0.22341724 -0.95171183 -0.15209574 0.26666737
-0.22121796 0.90163660 -0.37163702 -0.97486717 -0.19413662 0.10929331
-0.20570877 0.79352838 -0.57270986 -0.96929568 -0.24578023 0.00761125
-0.15479745 0.57871491 -0.80070394 -0.87731814 -0.45317903 -0.15792957
-0.15542108 0.55504006 -0.81717491 -0.87477422 -0.46163744 -0.14717652
-0.17325214 0.57506943 -0.79954922 -0.84504193 -0.50376928 -0.17922221
0.09765825 -0.69153678 0.71570927 0.75647122 0.51888186 0.39813691
0.10230709 -0.69513351 0.71156359 0.75476170 0.52019465 0.39966539
0.17029558 -0.78627044 0.59395140 0.70217746 0.51971275 0.48666781
0.21141215 -0.85152894 0.47979498 0.71705741 0.46870574 0.51589102
0.26350912 -0.86273289 0.43157271 0.86667532 0.40818551 0.28680742
0.22322121 -0.90079075 0.37248939 0.78332603 0.39319924 0.48145068
0.90372103 0.25510463 0.34381667 -0.25709838 0.96553111 -0.04062121
0.91360736 0.25915843 0.31330258 -0.26480305 0.96397316 -0.02520172
0.96750832 0.24079038 0.07712099 -0.24066354 0.97054547 -0.01107373
0.95731819 0.16211213 -0.23929389 -0.19283648 0.97493452 -0.11098121
0.95926791 0.16033673 -0.23258826 -0.19552751 0.97108287 -0.13699327
0.95958620 0.16124471 -0.23063941 -0.19563167 0.97136396 -0.13483454
-0.17845532 0.97441721 -0.13661930 -0.98004270 -0.16366686 0.11282481
-0.19940737 0.96484435 -0.17120777 -0.95937902 -0.15664217 0.23463842
-0.19756822 0.96541190 -0.17013715 -0.95959896 -0.15499318 0.23483388
-0.21392858 0.94112313 -0.26176676 -0.95862252 -0.15073515 0.24149908
-0.26531196 0.81277406 -0.51865971 -0.87957937 0.01629703 0.47547311
-0.23636149 0.87256485 -0.42750895 -0.96336019 -0.15303898 0.22026402
-0.20072564 0.59889764 -0.77526188 -0.97179252 -0.22174139 0.08031258
-0.20164667 0.59653020 -0.77684641 -0.97911060 -0.14390023 0.14364949
-0.20871948 0.79896045 -0.56400210 -0.97542679 -0.21167877 0.06111250
-0.19697884 0.75745797 -0.62246025 -0.97953361 -0.12524417 0.15756860
-0.19681139 0.77283430 -0.60331786 -0.98043311 -0.15766886 0.11786240
-0.20435734 0.83393943 -0.51262391 -0.97887832 -0.17091361 0.11218635
-0.20438559 0.89537632 -0.39563590 -0.97839797 -0.17403571 0.11157481
-0.20325051 0.87101310 -0.44724208 -0.97889113 -0.19078474 0.07330284
0.97434098 0.20987815 -0.08130768 -0.21257190 0.97680140 -0.02592891
0.97147489 0.20745546 -0.11488610 -0.20546047 0.97823352 0.02907385
-0.22704488 0.96045709 0.16116096 -0.97296339 -0.23089740 0.00534070
-0.22843517 0.96860355 0.09810472 -0.97318101 -0.22999236 0.00471582
-0.19765793 0.92595309 -0.32177967 -0.97971362 -0.19766828 0.03299345
-0.19757503 0.90419215 -0.37868279 -0.97996342 -0.19211467 0.05257105
-0.19302613 0.94985640 -0.24599549 -0.97908539 -0.17003363 0.11171566
-0.19038555 0.80738115 -0.55847031 -0.98039865 -0.18575557 0.06567624
-0.16613248 0.67836446 -0.71569669 -0.98167217 -0.18250129 0.05489092
-0.16985252 0.64178640 -0.74783713 -0.98320115 -0.16182071 0.08443670
-0.15424372 0.51881421 -0.84085715 -0.98261905 -0.16951783 0.07565444
-0.16102363 0.52049625 -0.83854347 -0.98221213 -0.16766886 0.08453747
-0.15291491 0.43692717 -0.88640380 -0.98383063 -0.15193696 0.09482923
-0.16154948 0.36441839 -0.91711557 -0.98485953 -0.11874501 0.12629889
-0.16693857 0.44294581 -0.88086921 -0.98175156 -0.15720533 0.10700654
-0.16366050 0.43369734 -0.88607103 -0.98241216 -0.15349790 0.10632380
-0.14896291 0.42159715 -0.89446396 -0.98653686 -0.12510081 0.10533153
-0.15072577 0.51576072 -0.84336984 -0.98284060 -0.16994098 0.07172477
-0.13491613 0.52336091 -0.84136266 -0.98365861 -0.17291071 0.05017658
-0.12905565 0.53473336 -0.83510774 -0.98387653 -0.17420290 0.04050104
-0.13721605 0.58884209 -0.79651546 -0.98179978 -0.18744387 0.03056293
-0.13394536 0.56186420 -0.81631327 -0.97999573 -0.19745550 0.02489574
-0.13443026 0.60181475 -0.78724051 -0.99009091 -0.04902178 0.13159403
-0.13784948 0.67433518 -0.72544438 -0.98737550 -0.15125684 0.04702139
-0.13304131 0.67193973 -0.72855818 -0.96757495 -0.24730042 -0.05139405
-0.12947972 0.63617939 -0.76059908 -0.98383981 -0.17808999 0.01852506
-0.11226644 0.55793607 -0.82225519 -0.98441386 -0.17517968 0.01553970
-0.11621407 0.59390026 -0.79610097 -0.98167104 -0.19058011 0.00112850
-0.11083671 0.60471284 -0.78869367 -0.98088837 -0.19425479 -0.01109419
-0.11730637 0.65408760 -0.74726743 -0.97699517 -0.21095484 -0.03128089
-0.13972329 0.70534045 -0.69496202 -0.97992581 -0.19929336 -0.00525382
-0.16339163 0.80422312 -0.57142657 -0.97512633 -0.21958101 -0.03021323
-0.11846326 0.67491674 -0.72832263 -0.97196615 -0.22884293 -0.05397009
-0.11661952 0.67564756 -0.72794253 -0.97176576 -0.22899373 -0.05686192
-0.15278386 0.78314793 -0.60277390 -0.96083367 -0.26040915 -0.09479348
-0.12055092 0.71798325 -0.68554175 -0.93306500 -0.31771144 -0.16866899
-0.10058862 0.76603609 -0.63487846 -0.97177672 -0.21250178 -0.10243592
-0.09515776 0.75809050 -0.64516962 -0.97064793 -0.21446744 -0.10884122
-0.07748578 0.76569831 -0.63851553 -0.97003120 -0.20583500 -0.12911807
-0.04298551 0.77151972 -0.63475156 -0.98573792 -0.13622023 -0.09881686
-0.07686861 0.87000167 -0.48701981 -0.97565269 -0.16626863 -0.14302686
-0.11607968 0.82922775 -0.54672372 -0.98247933 -0.17666717 -0.05935621
-0.11666531 0.78162020 -0.61274725 -0.96652824 -0.23129681 -0.11101796
-0.12555069 0.78753686 -0.60334295 -0.97620267 -0.20646054 -0.06635097
-0.11804002 0.72339493 -0.68026930 -0.98801899 -0.15414926 0.00751905
-0.12931174 0.80889112 -0.57356220 -0.98953438 -0.14261611 0.02196365
-0.11890014 0.76637262 -0.63129699 -0.98670542 -0.16214645 -0.01100148
-0.12457710 0.80573910 -0.57902068 -0.98877949 -0.14929970 0.00497855
-0.13698970 0.85148603 -0.50616741 -0.98846591 -0.15081193 0.01382033
-0.13960245 0.83904386 -0.52584857 -0.98988235 -0.13186358 0.05239285
-0.13474494 0.78158224 -0.60907561 -0.98955917 -0.13787296 0.04199646
-0.13126390 0.75071627 -0.64745265 -0.98838341 -0.14957146 0.02695693
-0.13185181 0.77356642 -0.61984682 -0.99041134 -0.12881830 0.04991233
-0.12625371 0.68878502 -0.71388739 -0.98923069 -0.14113477 0.03877715
-0.12398496 0.67820269 -0.72434038 -0.99117380 -0.11916865 0.05808062
-0.14277576 0.84549397 -0.51454347 -0.98948127 -0.13416079 0.05410969
-0.13965453 0.80057782 -0.58272791 -0.98857379 -0.14644240 0.03572898
-0.15835033 0.93655223 -0.31272212 -0.98722792 -0.14456229 0.06695319
0.96562850 0.17320594 -0.19380762 -0.19168340 0.97811681 -0.08090147
0.97230309 0.19528449 -0.12841634 -0.18461712 0.97864330 0.09040923
0.97222400 0.19682443 -0.12665176 -0.18669578 0.97851145 0.08752210
0.97367501 0.19526739 -0.11759130 -0.18474892 0.97821844 0.09463901
-0.17132406 0.97944701 -0.10645056 -0.98514855 -0.16905695 0.03003568
-0.16591313 0.93844712 -0.30296841 -0.98597103 -0.15216742 0.06860267
-0.14141756 0.89458203 -0.42393896 -0.98929572 -0.14327778 0.02766930
-0.13574965 0.89592159 -0.42296168 -0.98678905 -0.16037132 -0.02298988
-0.11548866 0.89505708 -0.43073791 -0.98927522 -0.14268245 -0.03124605
-0.08511067 0.90094620 -0.42550224 -0.99357724 -0.10870413 -0.03142767
-0.10722126 0.97572434 -0.19095987 -0.99423271 -0.10479654 0.02278149
-0.11773898 0.96009398 -0.25368693 -0.99298406 -0.11100471 0.04075089
-0.12018398 0.94521624 -0.30351630 -0.99275148 -0.11423624 0.03734521
-0.07925437 0.88880527 -0.45138016 -0.92529190 -0.23405823 -0.29841530
0.97844756 0.16010216 -0.13041382 -0.15510263 0.98674625 0.04769741
-0.11633762 0.96354222 0.24093972 -0.97549474 -0.15646233 0.15469150
0.97254843 0.14116219 -0.18499403 -0.11836275 0.98455268 0.12902090
-0.09293847 0.93917727 0.33061829 -0.95718920 -0.17570139 0.23003882
-0.07937884 0.91911727 0.38590479 -0.95742649 -0.17808202 0.22720334
-0.10456242 0.98577708 0.13156852 -0.99289978 -0.11101937 0.04271813
-0.13294290 0.87956065 -0.45683628 -0.98523110 -0.16746442 -0.03571439
-0.12710665 0.72153616 -0.68060964 -0.99037379 -0.13023436 0.04689072
-0.12148642 0.67376167 -0.72889388 -0.98198456 -0.18865731 -0.01071800
-0.11378508 0.79547101 -0.59521323 -0.98106527 -0.18447442 -0.05899310
-0.10138627 0.96326530 -0.24867791 -0.98938626 -0.12378387 -0.07610855
-0.14633946 0.89001191 -0.43181437 -0.98119861 -0.18611765 -0.05108409
-0.08215645 0.76938421 -0.63348120 -0.97357601 -0.19785282 -0.11403540
-0.13190098 0.72041768 -0.68088222 -0.97928697 -0.20115243 -0.02312415
-0.10523408 0.58022135 -0.80763179 -0.97917014 -0.20226623 -0.01772728
-0.12141262 0.59595203 -0.79378855 -0.98259890 -0.18540891 0.01109251
-0.13180733 0.62634283 -0.76832384 -0.98235029 -0.18630859 0.01664394
-0.11173089 0.55732054 -0.82274550 -0.98408192 -0.17719348 0.01361149
-0.12273052 0.65645176 -0.74431729 -0.98716927 -0.15794219 0.02347703
-0.19393414 0.85647923 -0.47836474 -0.97706217 -0.21236050 0.01589447
-0.12804252 0.52576238 -0.84093946 -0.98436207 -0.17080529 0.04309136
-0.14326543 0.60137397 -0.78601807 -0.98882210 -0.12012308 0.08832511
-0.14950818 0.64664084 -0.74799931 -0.98271346 -0.18071754 0.04019305
-0.14536913 0.70358223 -0.69558603 -0.97895485 -0.20406874 -0.00182483
-0.22061023 0.97259623 -0.07340144 -0.97409028 -0.22353961 -0.03432472
0.98156434 0.18570656 0.04521698 -0.18265620 0.98107743 -0.06421708
-0.20279728 0.89205283 -0.40387499 -0.97919786 -0.18756342 0.07740556
-0.17802645 0.64061123 -0.74694306 -0.98176920 -0.16700788 0.09076168
-0.17559335 0.61071199 -0.77213848 -0.98244208 -0.15893312 0.09771296
-0.18886878 0.97488827 -0.11798927 -0.97334385 -0.16992703 0.15403439
-0.19815637 0.96832561 -0.15191972 -0.96614563 -0.16683516 0.19679591
-0.20949528 0.94447786 -0.25312710 -0.97662532 -0.18937162 0.10169236
0.95852482 0.16010776 -0.23578762 -0.17344181 0.98415631 -0.03680082
0.95834339 0.15782534 -0.23805290 -0.16666827 0.98586029 -0.01735625
0.96645600 0.15681675 -0.20339952 -0.14959534 0.98745668 0.05050372
-0.19410862 0.95308143 -0.23228791 -0.98067033 -0.18257874 0.07036161
-0.21102469 0.90300268 -0.37423888 -0.94021142 -0.29222533 -0.17494823
-0.10442021 0.76977056 -0.62972194 -0.91361177 -0.32442260 -0.24507871
-0.18509713 0.75650305 -0.62724984 -0.87609178 -0.41618603 -0.24341807
0.12698585 -0.70987868 0.69278193 0.80782473 0.47930229 0.34305766
-0.21242964 0.81242746 -0.54298735 -0.95029396 -0.30119690 -0.07887852
-0.21357660 0.91463512 -0.34326047 -0.96620846 -0.14586008 0.21252304
-0.19136305 0.95193702 -0.23915714 -0.97014910 -0.14646493 0.19328426
-0.22230232 0.90706116 -0.35752171 -0.93347275 -0.09215944 0.34660533
-0.20372100 0.93533289 -0.28922331 -0.97268295 -0.15978524 0.16839424
-0.19997707 0.93018818 -0.30782986 -0.97704279 -0.16576111 0.13383088
-0.19262674 0.96165365 -0.19523628 -0.97621429 -0.16762751 0.13750191
-0.18917041 0.96637154 -0.17418569 -0.98005861 -0.17482477 0.09445332
-0.18752632 0.96723002 -0.17117263 -0.97984231 -0.17198434 0.10163900
-0.18835336 0.96946496 -0.15703732 -0.98177737 -0.18176167 0.05546147
-0.18598321 0.97516030 -0.12030236 -0.98188889 -0.17995855 0.05923755
-0.18479156 0.97948319 -0.08040388 -0.98261726 -0.18266334 0.03312874
-0.18267703 0.97985286 0.08073085 -0.98295575 -0.18374601 0.00595324
-0.17278491 0.98398286 -0.04385323 -0.98495412 -0.17246377 0.01103181
-0.16953118 0.98124158 -0.09178308 -0.98546898 -0.16977610 0.00519012
0.98198020 0.17511047 0.07107210 -0.17176560 0.98382878 -0.05076957
0.98447001 0.16877146 0.04832264 -0.16981921 0.98530281 0.01843699
0.97707725 0.16129979 0.13893348 -0.15348287 0.98598993 -0.06532160
0.98391998 0.14999267 0.09697244 -0.14583716 0.98811185 -0.04864708
-0.17117751 0.96929979 -0.17651138 -0.97611940 -0.19117014 -0.10317463
-0.16257063 0.97022390 -0.17954470 -0.97513539 -0.18575776 -0.12085134
0.98151034 0.13720785 0.13345945 -0.11506133 0.98014677 -0.16147190
0.97986323 0.13474748 0.14734720 -0.12572436 0.98966509 -0.06896761
-0.16173507 0.96811324 -0.19130747 -0.97445947 -0.18728156 -0.12391307
0.97728336 0.16459785 0.13350973 -0.14170980 0.97591555 -0.16585279
-0.18358678 0.96575427 -0.18334293 -0.97081399 -0.20740996 -0.12042155
-0.18392400 0.96385366 -0.19276443 -0.97788411 -0.19929083 -0.06344972
-0.20058092 0.96970093 -0.13945396 -0.97458965 -0.21199532 -0.07233931
-0.19056846 0.94956768 -0.24900793 -0.97567266 -0.21121383 -0.05875079
-0.14784524 0.79246885 -0.59172201 -0.96461648 -0.24760494 -0.09059196
-0.18641649 0.93621677 -0.29790443 -0.97992629 -0.19898914 -0.01216006
-0.19102877 0.93750221 -0.29085672 -0.97883677 -0.20409457 -0.01496658
-0.19621986 0.94303906 -0.26865423 -0.97818053 -0.20732896 -0.01332889
-0.16791601 0.80587679 -0.56777364 -0.97825825 -0.20733139 -0.00496386
-0.11404183 0.66677547 -0.73648143 -0.97073752 -0.23248425 -0.06016459
-0.18900183 0.91712189 -0.35094982 -0.97606945 -0.21459959 -0.03514777
-0.19232361 0.95050448 -0.24403471 -0.97930765 -0.20186104 -0.01444815
-0.18235075 0.94638836 -0.26664078 -0.98139119 -0.19178228 -0.00953746
-0.18709695 0.95946521 -0.21076351 -0.97717345 -0.20375755 -0.06012475
-0.18543220 0.96265107 -0.19727595 -0.97860414 -0.19912252 -0.05180966
-0.19213064 0.97634292 -0.09919922 -0.97993714 -0.19632682 -0.03433846
-0.18408652 0.95061910 -0.24987096 -0.97976387 -0.19779271 -0.03067271
-0.18709579 0.95612079 -0.22545101 -0.98228884 -0.18447268 0.03284062
-0.18906870 0.96280169 -0.19304399 -0.98177940 -0.18153393 0.05616631
-0.19478866 0.93449587 -0.29795107 -0.98074442 -0.18120962 0.07282490
-0.19297694 0.92741919 -0.32039592 -0.98088378 -0.19067231 0.03887318
-0.19048248 0.93550211 -0.29757708 -0.98168492 -0.18255320 0.05448972
-0.18606195 0.96083111 -0.20538881 -0.98156887 -0.19105420 -0.00456790
-0.18974388 0.94060040 -0.28154615 -0.98126006 -0.19146980 0.02163594
0.97604215 0.15918313 0.14833243 -0.12823525 0.97159952 -0.19887242
-0.18037891 0.96023089 -0.21312016 -0.97718412 -0.19964810 -0.07247021
-0.18412624 0.97791529 -0.09889017 -0.98147297 -0.18835005 -0.03514437
-0.18286990 0.97436136 -0.13106759 -0.98064023 -0.19027273 -0.04627243
-0.18748918 0.97892225 -0.08098757 -0.98211920 -0.18825148 -0.00181314
-0.18311259 0.97995543 -0.07846713 -0.98296928 -0.18376641 -0.00113213
-0.18678261 0.96945858 -0.15894146 -0.98210174 -0.18027060 0.05457766
-0.19090840 0.95303446 -0.23511551 -0.98160785 -0.18533148 0.04580688
-0.19232555 0.96504432 -0.17804600 -0.97191602 -0.16224670 0.17045619
0.90359271 0.13833785 -0.40544155 -0.22068058 0.96150100 -0.16375577
0.87166983 0.11506692 -0.47639421 -0.26808268 0.92567772 -0.26693168
-0.19098724 0.97126764 -0.14199698 -0.96744418 -0.16178188 0.19462390
-0.18654233 0.97741216 -0.09933476 -0.98005676 -0.17808624 0.08817089
0.97274965 0.18903986 -0.13424663 -0.19176182 0.98141271 -0.00752445
0.97563052 0.18743104 -0.11408202 -0.18402638 0.98211634 0.03977260
0.97368240 0.18598029 -0.13173431 -0.16788049 0.97619528 0.13732791
0.96500057 0.19384737 -0.17662731 -0.15933485 0.96833163 0.19221440
0.95938557 0.19414271 -0.20466551 -0.15829453 0.97101748 0.17907514
0.97301739 0.18778822 -0.13406239 -0.17007788 0.97637993 0.13325073
0.96600586 0.18640400 -0.17912666 -0.15247466 0.97035736 0.18750487
-0.12587000 0.95105481 0.28222603 -0.98023307 -0.16300538 0.11212689
0.97683012 0.16923822 -0.13100126 -0.14748611 0.97587776 0.16096735
-0.12235572 0.96022451 0.25099412 -0.98571432 -0.14706296 0.08209625
-0.14382432 0.97787178 0.15192552 -0.98317510 -0.15866604 0.09050858
0.98170722 0.18250425 -0.05425084 -0.17968185 0.98229361 0.05304558
0.96416926 0.19299240 -0.18202101 -0.17990980 0.97991693 0.08599589
0.93685770 0.19544543 -0.28999791 -0.15569067 0.97563803 0.15456668
0.90685952 0.18168309 -0.38025925 -0.18220727 0.98263866 0.03495616
0.90358287 0.17792916 -0.38971686 -0.15490763 0.98382002 0.09000991
0.91828656 0.17856385 -0.35336208 -0.15992525 0.98375726 0.08152051
0.90828103 0.18872003 -0.37337703 -0.10878761 0.96831572 0.22478849
0.87127131 0.23146662 -0.43279269 -0.04466387 0.91554141 0.39973632
0.90320301 0.21189837 -0.37326050 -0.03320919 0.90153164 0.43143708
0.16356567 0.64163613 0.74936599 -0.87991911 -0.24858165 0.40490699
0.01813407 0.83564585 0.54896927 -0.93616807 -0.17860711 0.30280170
0.95634788 0.17136256 -0.23671418 -0.12693937 0.97321326 0.19168316
-0.13170893 0.97897547 -0.15575542 -0.98954654 -0.12053373 0.07917891
-0.12785879 0.91202205 -0.38970235 -0.99026382 -0.13920075 -0.00087300
-0.12654878 0.93458712 -0.33246413 -0.99091250 -0.13450545 -0.00092734
-0.12709883 0.97469604 -0.18388462 -0.99106902 -0.13233377 -0.01643144
-0.11835549 0.97072452 -0.20901184 -0.99294275 -0.11729587 0.01750256
-0.11380183 0.96667302 -0.22933052 -0.99344730 -0.11317638 0.01592274
-0.10837925 0.98610795 -0.12587735 -0.99372679 -0.11097948 -0.01381015
-0.09249986 0.93909746 -0.33096802 -0.99401033 -0.10651995 -0.02443379
-0.09556331 0.96845824 -0.23012252 -0.99414331 -0.10457543 -0.02726076
-0.09313475 0.96667987 -0.23844488 -0.99437052 -0.10246195 -0.02699777
-0.07931992 0.86250865 -0.49978715 -0.99620521 -0.08660515 0.00864614
-0.07740957 0.89739507 -0.43438450 -0.99666768 -0.08089137 0.01049781
-0.06982271 0.80488771 -0.58930510 -0.99704367 -0.07530259 0.01528266
-0.06531890 0.85368323 -0.51668024 -0.99774051 -0.06403583 0.02033172
-0.06065988 0.85364419 -0.51731229 -0.99805242 -0.05942812 0.01896585
-0.05867998 0.83369768 -0.54909462 -0.99813747 -0.05819100 0.01831557
-0.05641595 0.81643844 -0.57466996 -0.99483114 0.00270539 0.10150720
-0.04624269 0.89384729 -0.44598052 -0.99892712 -0.04025237 0.02290145
-0.05251433 0.93530142 -0.34993356 -0.99860036 -0.05139173 0.01249973
-0.04429195 0.78961200 -0.61200589 -0.99611789 -0.08155618 -0.03313322
-0.05973759 0.84372371 -0.53344327 -0.99818712 -0.05442421 0.02570149
0.94266313 0.18006980 0.28100017 -0.10073904 0.95620728 -0.27480793
-0.07079215 0.95629400 -0.28370810 -0.99431515 -0.09033079 -0.05637161
0.99440527 0.09450382 0.04719334 -0.09540419 0.99529004 0.01719992
0.98779947 0.08955814 0.12740347 -0.09194841 0.99567902 0.01299363
-0.09387086 0.93756402 0.33490604 -0.96038991 0.00337615 -0.27863926
-0.07532965 0.95598537 0.28357986 -0.95950687 0.00791791 -0.28157404
-0.09531056 0.93353188 0.34559238 -0.93795228 0.03205998 -0.34527901
-0.19332100 0.77289611 0.60436636 -0.90363085 0.09969824 -0.41654733
-0.16429552 0.81408429 0.55702227 -0.91920477 0.07851593 -0.38587296
-0.16065736 0.82347345 0.54413301 -0.93986171 0.04071820 -0.33911943
-0.16140364 0.74264669 0.64994216 -0.98472935 -0.07765213 -0.15581506
-0.16267161 0.75383121 0.63661337 -0.94845217 0.05838925 -0.31149501
-0.14883892 0.71742266 0.68055254 -0.96519792 0.04425868 -0.25774822
-0.13381250 0.72691804 0.67356104 -0.97698605 0.01716040 -0.21261197
-0.02634564 0.96745420 0.25167111 -0.99317110 0.00329144 -0.11662062
-0.04770327 0.92042327 0.38800177 -0.98571688 0.01943166 -0.16728599
-0.01949296 0.97387785 0.22623432 -0.98751312 0.01662593 -0.15665700
-0.13429782 0.72759306 0.67273504 -0.97705364 0.01603298 -0.21238917
-0.11898635 0.71491224 0.68901575 -0.98636431 -0.00564345 -0.16448002
-0.10016875 0.69052428 0.71633965 -0.99240071 -0.01762797 -0.12177883
-0.08770743 0.74416029 0.66221821 -0.99169755 -0.00247067 -0.12856892
-0.09512771 0.70966983 0.69808269 -0.99416828 -0.03194548 -0.10299958
-0.08366998 0.68010813 0.72832161 -0.99648976 -0.05911115 -0.05927918
-0.08337467 0.76589227 0.63754034 -0.99638206 -0.07464858 -0.04062528
-0.10219944 0.84063852 0.53186667 -0.99473947 -0.08261442 -0.06056584
-0.10797848 0.80734867 0.58011097 -0.99222046 -0.05115006 -0.11349990
-0.10029393 0.92263633 0.37240222 -0.99207747 -0.06427484 -0.10793988
-0.11020089 0.85446155 0.50769216 -0.99242920 -0.06673147 -0.10310796
-0.09949506 0.93065590 0.35210842 -0.98833156 -0.05141473 -0.14337823
-0.10412678 0.87248307 0.47742119 -0.99448442 -0.08526320 -0.06108180
-0.04195819 0.68402821 0.72824794 -0.99343973 -0.10617156 0.04248748
-0.06574601 0.84375638 0.53268445 -0.99113959 -0.11696564 0.06293979
-0.03399548 0.83107013 0.55512774 -0.98816919 -0.11106750 0.10576230
-0.05808704 0.91238689 0.40518644 -0.98715150 -0.11301245 0.11296128
-0.00442759 0.82620126 0.56335765 -0.96356952 -0.15418181 0.21854483
-0.09132101 0.93378544 0.34598452 -0.99253225 -0.11356483 0.04452841
-0.10944220 0.74932927 0.65309119 -0.99190843 -0.03979883 -0.12055623
-0.12357800 0.84560722 0.51930422 -0.97848928 -0.01672284 -0.20561896
-0.11716847 0.88055778 0.45922717 -0.97563583 -0.01569347 -0.21883450
-0.21370487 0.73414624 0.64448398 -0.86061996 0.17067625 -0.47979471
0.93038321 -0.00303117 0.36657593 -0.01052834 0.99933243 0.03498467
0.95716912 0.01568701 0.28910410 -0.04785607 0.99336845 0.10454147
-0.17632475 0.79983974 0.57372987 -0.94102561 0.03401156 -0.33662164
-0.09127123 0.88827693 -0.45014843 -0.99420726 -0.10704575 -0.00964958
-0.10042343 0.98482883 -0.14151792 -0.99015492 -0.11286402 -0.08279514
0.98973572 0.09643627 0.10546685 -0.10524819 0.99110556 0.08144128
-0.10918427 0.98885024 0.10126193 -0.99397308 -0.10760482 -0.02094733
0.99105579 0.12772073 -0.03867698 -0.12707400 0.99171603 0.01875180
0.98540711 0.13944781 -0.09760723 -0.13468058 0.98942387 0.05386657
0.98561305 0.14010687 -0.09453543 -0.13777387 0.98998469 0.03080222
-0.01147781 0.86986750 0.49315199 -0.96487772 -0.13907884 0.22286329
0.95747942 0.17165564 -0.23187824 -0.12806475 0.97309119 0.19155404
0.95892501 0.17311928 -0.22470561 -0.17291296 0.98471850 0.02075250
-0.14581744 0.94750893 -0.28454214 -0.98770094 -0.12302364 0.09649909
-0.18852447 0.89743304 -0.39883900 -0.97943461 -0.14209133 0.14324066
-0.15080941 0.95603389 -0.25150684 -0.98711669 -0.13187684 0.09060482
-0.13337235 0.93119991 -0.33923253 -0.99039072 -0.13786454 0.01094035
-0.09919401 0.87754577 -0.46912050 -0.99208480 -0.12369549 -0.02161402
-0.12152956 0.95929718 0.25491077 -0.98957932 -0.13707763 0.04407433
-0.14867915 0.98456055 0.09238576 -0.98665494 -0.15396637 0.05297565
-0.16865854 0.97705305 -0.13008301 -0.98530996 -0.17071071 -0.00470833
-0.17460915 0.98327827 0.05172583 -0.98360294 -0.17177688 -0.05493609
-0.12740986 0.96824771 0.21508889 -0.99170107 -0.12059902 -0.04455266
0.98707223 0.13684845 0.08343211 -0.13183644 0.98927343 -0.06290672
0.98006976 0.13457805 0.14612338 -0.12603553 0.98980999 -0.06626643
0.98031723 0.09877293 0.17094453 -0.11721418 0.98792034 0.10136216
-0.04509491 0.87051290 -0.49007523 -0.99871469 -0.05064913 0.00193078
0.98001146 0.13185763 0.14896721 -0.12282915 0.99007457 -0.06830320
0.97769201 0.13628310 0.15982872 -0.11569987 0.98451120 -0.13172463
-0.04198990 0.90482831 -0.42370102 -0.99591374 -0.00396876 0.09022228
0.97784626 0.11946260 0.17188795 -0.11610773 0.99279916 -0.02947764
0.97472459 0.13051930 0.18131930 -0.10429035 0.98356849 -0.14736590
-0.15957637 0.90211201 0.40091074 -0.98718315 -0.14673474 -0.06275690
-0.14568286 0.90905112 0.39038768 -0.98912913 -0.12585601 -0.07605162
0.97584152 0.16320248 0.14525245 -0.13680181 0.97480226 -0.17619824
0.97972840 0.18761398 0.07023783 -0.18010269 0.97842002 -0.10127828
0.98445749 0.15625259 0.08017807 -0.15364239 0.98740363 -0.03779084
-0.14854649 0.97500038 0.16525201 -0.98678672 -0.13521115 -0.08927432
-0.08200416 0.96953702 -0.23081017 -0.98464185 -0.11463042 -0.13168269
0.95833635 0.12491910 0.25687858 -0.05141681 0.96005404 -0.27505010
0.79122007 0.26565370 0.55081666 0.05752808 0.86438859 -0.49952266
0.01502298 0.54515427 -0.83820117 -0.94996977 -0.25377959 -0.18208088
0.95013154 0.28360122 0.12969360 0.03674434 0.31117776 -0.94964117
0.00011915 0.47833803 -0.87817580 -0.92432523 -0.33506411 -0.18263319
0.00987237 0.34470353 -0.93865967 -0.95009923 -0.28946126 -0.11629140
0.04268681 0.43583909 -0.89901179 -0.94705224 -0.26896253 -0.17536034
-0.12910768 0.75614256 -0.64154470 -0.97140098 -0.22645180 -0.07141281
0.00097623 0.34149554 -0.93988287 -0.95045573 -0.29185390 -0.10702892
-0.05985085 0.42825797 -0.90167236 -0.95438308 -0.28926033 -0.07403734
-0.05471312 0.40446275 -0.91291642 -0.95969504 -0.27371722 -0.06375227
-0.02189574 0.36389047 -0.93118441 -0.95806193 -0.27382603 -0.08447865
-0.10281943 0.62982988 -0.76989776 -0.96905261 -0.23805341 -0.06532778
-0.07971901 0.42130068 -0.90341055 -0.97924310 -0.20253006 -0.00803816
-0.06214473 0.42351925 -0.90375304 -0.96691161 -0.25002682 -0.05068057
-0.13264984 0.38050213 -0.91521698 -0.98738611 -0.13126256 0.08853737
-0.08859848 0.42386496 -0.90138161 -0.97758532 -0.21051979 -0.00290597
-0.15280972 0.74225372 -0.65246350 -0.98049515 -0.19644710 0.00615452
-0.19400424 0.90380716 -0.38143802 -0.98094785 -0.18276678 0.06586154
-0.19764327 0.92770988 -0.31668848 -0.97808057 -0.16502717 0.12698193
-0.29069519 0.42857864 -0.85546285 -0.90477806 0.16770747 0.39147279
-0.20056841 0.46839985 -0.86044985 -0.97687811 -0.02924496 0.21178749
-0.16810437 0.39634204 -0.90258175 -0.98376870 -0.12575538 0.12800354
