0.42068163 -0.49324444 -0.76140457 -0.85150433 0.07488393 -0.51897287
0.41036198 -0.52349901 -0.74669391 -0.84401345 0.09202966 -0.52836710
0.42479694 -0.47200233 -0.77250338 -0.84791100 0.09151577 -0.52217978
0.40024927 -0.53783596 -0.74197912 -0.85963941 0.06018303 -0.50734407
0.39788693 -0.53857827 -0.74271095 -0.86067533 0.06120040 -0.50546265
0.38641566 -0.57287699 -0.72283804 -0.85719603 0.06621172 -0.51071626
0.33383948 -0.68222469 -0.65047735 -0.86525315 0.05202252 -0.49862880
0.33564836 -0.68251544 -0.64924026 -0.86513090 0.04932581 -0.49911475
0.31868947 -0.66972786 -0.67074704 -0.89465988 0.02120067 -0.44624478
0.33933389 -0.59212840 -0.73091483 -0.83898658 0.16086827 -0.51982981
0.29226029 -0.66702813 -0.68531561 -0.84744984 0.15145101 -0.50881374
0.82723910 -0.21608847 0.51863408 0.28234029 -0.63818604 -0.71624202
0.80978668 -0.24799600 0.53173631 0.26545301 -0.65336061 -0.70898139
0.80449533 -0.25490153 0.53648168 0.25188753 -0.67157024 -0.69681144
0.80178982 -0.25897682 0.53857601 0.21912894 -0.71104401 -0.66813099
0.80611205 -0.25425321 0.53435826 0.19561079 -0.73774534 -0.64611787
0.75605559 -0.31663328 0.57282060 0.15581310 -0.76295835 -0.62738901
0.74202371 -0.32914707 0.58400613 0.21458487 -0.70870847 -0.67207575
0.68098062 -0.39169151 0.61874330 0.17914446 -0.73015225 -0.65938222
0.67268610 -0.40089530 0.62191355 0.24772511 -0.66997939 -0.69982851
0.61529136 -0.46012717 0.64007783 0.28521442 -0.62702179 -0.72491139
0.60908383 -0.46353817 0.64354432 0.30406713 -0.61293977 -0.72927910
0.53182936 -0.54993576 0.64399397 0.29714853 -0.59092206 -0.75000930
0.50855887 -0.56252491 0.65186930 0.37032914 -0.54057842 -0.75540143
0.51793200 -0.54956979 0.65553004 0.42834923 -0.49670312 -0.75485301
0.56064802 -0.50168365 0.65877712 0.44280380 -0.49062485 -0.75047457
0.56387347 -0.49521580 0.66091466 0.50065756 -0.43147606 -0.75044674
0.42228693 -0.63487571 0.64699823 0.64281535 -0.29350430 -0.70756185
0.46089861 -0.57689047 0.67436624 0.63509834 -0.31634605 -0.70468098
0.45072389 -0.59208131 0.66804767 0.63138330 -0.31758404 -0.70745713
0.41841334 -0.62556505 0.65848202 0.61068654 -0.34288460 -0.71378714
0.41405863 -0.62864053 0.65830588 0.54500204 -0.40803981 -0.73244548
0.37257877 -0.67786878 0.63378149 0.61337614 -0.33261520 -0.71633577
0.31837970 -0.72329414 0.61276424 0.67748594 -0.27851811 -0.68076462
0.33837146 -0.70419872 0.62418669 0.73258865 -0.21918394 -0.64441633
-0.22069576 0.78980571 -0.57227647 -0.78997564 0.19937907 0.57981592
-0.27920705 0.71339506 -0.64273709 -0.82478672 0.16457981 0.54096252
0.36822844 -0.61982340 0.69298398 0.79946238 -0.16941085 -0.57633322
0.32974175 -0.65803850 0.67694592 0.79432887 -0.19413581 -0.57563269
-0.31152666 0.59105551 -0.74404609 -0.84689409 0.18241477 0.49949509
-0.27012953 0.66128421 -0.69980943 -0.87792414 0.12925600 0.46102294
-0.27748388 0.65206873 -0.70555592 -0.87553948 0.13070403 0.46513128
-0.25147080 0.68798894 -0.68075961 -0.89915532 0.09422043 0.42736661
-0.24646592 0.67294222 -0.69742620 -0.88555551 0.13600354 0.44417855
-0.23926687 0.69273758 -0.68034261 -0.85670573 0.17914261 0.48369756
-0.09454187 0.74828839 -0.65660208 -0.84293312 0.29073289 0.45270109
0.17013092 -0.58853525 0.79036814 0.82350439 -0.35558248 -0.44204253
0.17183463 -0.53956228 0.82422417 0.85107267 -0.34005842 -0.40004462
0.15609351 -0.53763127 0.82860571 0.83583874 -0.37510368 -0.40083778
-0.12361848 0.42613006 -0.89617616 -0.97577530 0.11207313 0.18788895
0.24276453 -0.32186824 0.91513181 0.89002007 -0.30137959 -0.34210351
0.28788805 -0.34793898 0.89222133 0.87045819 -0.29336706 -0.39527005
0.30490750 -0.30108353 0.90353757 0.87369072 -0.28918430 -0.39119953
0.28516963 -0.32857865 0.90039682 0.87721252 -0.28907648 -0.38331845
0.35216129 -0.35021535 0.86794674 0.86043227 -0.24377018 -0.44747335
0.29381290 -0.47593278 0.82895237 0.86514992 -0.23633930 -0.44233397
0.25302744 -0.46055812 0.85080165 0.89394438 -0.22495595 -0.38763174
0.42251238 -0.41751218 0.80446684 0.84859222 -0.12957317 -0.51293486
0.36614865 -0.51620698 0.77425158 0.84501529 -0.16401796 -0.50896686
-0.31482214 0.56531399 -0.76243502 -0.86414832 0.16154811 0.47660252
0.41432226 -0.49422500 0.76425034 0.80186981 -0.19898006 -0.56339318
0.44183773 -0.50331837 0.74259692 0.81853575 -0.11256963 -0.56331819
0.42642137 -0.53454113 0.72967845 0.78247702 -0.18668410 -0.59403598
0.51171887 -0.52804005 0.67772973 0.72186834 -0.16350517 -0.67243755
0.52752084 -0.51817298 0.67321509 0.66178328 -0.24624763 -0.70809966
0.56689394 -0.47454718 0.67337680 0.65080214 -0.24316567 -0.71925455
0.61540306 -0.41246396 0.67167902 0.58797526 -0.32730198 -0.73970163
0.55568963 -0.49943092 0.66466361 0.57193130 -0.35059923 -0.74160290
0.68623728 -0.36321115 0.63020325 0.52896619 -0.34550455 -0.77512676
0.67674291 -0.37846646 0.63149208 0.50153959 -0.39093068 -0.77177155
0.68677521 -0.36200848 0.63030928 0.39927596 -0.53672665 -0.74330562
0.69748831 -0.37492436 0.61068970 0.37867969 -0.53065640 -0.75829124
0.73017746 -0.34099030 0.59208655 0.34101051 -0.56904536 -0.74826419
0.77279490 -0.29057807 0.56422728 0.33069623 -0.57443625 -0.74877435
0.78161061 -0.27880886 0.55798787 0.34454873 -0.55271786 -0.75880778
0.78129131 -0.27902406 0.55832738 0.34465024 -0.55292714 -0.75860918
0.79697484 -0.25208879 0.54889202 0.38100672 -0.49532402 -0.78069717
0.76370567 -0.30021855 0.57150894 0.44547498 -0.39565188 -0.80312622
0.75951171 -0.30054906 0.57689881 0.45183778 -0.39424855 -0.80025667
0.81612635 -0.17467830 0.55084050 0.47903654 -0.32863411 -0.81395555
0.73967201 -0.32985699 0.58658320 0.46081269 -0.38697505 -0.79868770
0.72671193 -0.30196884 0.61701268 0.51549351 -0.35395756 -0.78037202
0.69088393 -0.36104372 0.62636000 0.54702711 -0.30540189 -0.77941716
0.67312658 -0.39813793 0.62320691 0.52813613 -0.33108556 -0.78195566
0.66966593 -0.39128280 0.63122523 0.58696479 -0.24186906 -0.77263951
0.64438480 -0.41245958 0.64392960 0.62632543 -0.19844657 -0.75388020
0.64879972 -0.40711522 0.64289671 0.62895846 -0.18865794 -0.75420129
0.61838484 -0.39771950 0.67780483 0.66857803 -0.18706149 -0.71973014
0.70740819 -0.30823761 0.63605297 0.57882869 -0.26379508 -0.77160186
0.70946676 -0.31941608 0.62819612 0.56619191 -0.27241766 -0.77795589
0.76078194 -0.21996006 0.61059690 0.52541339 -0.34354866 -0.77840555
0.77240306 -0.19486286 0.60450143 0.50023520 -0.39981455 -0.76805800
0.77224463 -0.19593954 0.60435581 0.49748787 -0.40515277 -0.76704443
0.78857690 -0.15381336 0.59538901 0.49255228 -0.42166871 -0.76130670
0.79148579 -0.15988195 0.58990514 0.51945853 -0.33259666 -0.78711009
0.78367007 -0.16763985 0.59812886 0.52988756 -0.32207566 -0.78452951
0.76107603 -0.22211985 0.60944736 0.54536849 -0.28956673 -0.78659034
0.74921411 -0.23657280 0.61863685 0.58040839 -0.21545061 -0.78530705
0.69061631 -0.21812853 0.68954271 0.62939680 -0.28836736 -0.72159827
0.61038107 -0.50059724 -0.61387074 -0.77604461 -0.22264513 -0.59007114
0.78616643 -0.14990984 0.59955764 0.56550640 -0.21682778 -0.79573131
0.76183474 -0.08830005 0.64172500 0.56340551 -0.39854619 -0.72369552
0.70317560 -0.20571831 0.68060571 0.52327275 -0.49834928 -0.69125515
0.57309484 0.04301238 0.81835955 0.60198390 -0.69967830 -0.38479307
0.81575364 -0.09281672 0.57090378 0.52325767 -0.30217633 -0.79680043
0.83400303 -0.09534602 0.54345948 0.49061173 -0.32253489 -0.80948842
0.46171266 -0.42994136 -0.77586848 -0.83283001 0.09094520 -0.54600656
0.51588768 -0.34324336 -0.78488469 -0.82271469 0.05683292 -0.56560647
0.81016451 -0.11090135 0.57561654 0.52883595 -0.28538269 -0.79930556
0.55130458 0.01803538 0.83410913 0.54003018 -0.76978648 -0.34028852
0.18648225 -0.30664593 0.93337703 0.93204027 -0.24521619 -0.26677701
0.22783257 -0.16956748 0.95882183 0.93448561 -0.23856601 -0.26424026
-0.14245008 0.22472388 -0.96395391 -0.98597372 0.05335510 0.15814264
-0.14185126 0.22456102 -0.96408015 -0.98585582 0.05576838 0.15804525
-0.12182728 0.39372486 -0.91111952 -0.98174423 0.08729199 0.16899237
0.10155921 -0.30213684 0.94783914 0.92945939 -0.31085640 -0.19867963
0.09126027 -0.31385496 0.94507498 0.91875011 -0.33956167 -0.20148504
-0.00825533 0.46231800 -0.88667583 -0.99994648 0.00171567 0.01020448
0.01196817 -0.45048851 0.89270204 0.89599097 -0.39150551 -0.20957956
-0.01166179 0.48985875 -0.87172389 -0.99446177 -0.09674558 -0.04106170
0.83300251 0.50952852 0.21560965 -0.10388944 0.52681917 -0.84360451
0.01227713 -0.44204479 0.89690894 0.87751085 -0.42527962 -0.22161216
-0.01550463 -0.48790479 0.87275916 0.75788730 -0.57508618 -0.30803055
-0.19374275 -0.36615741 0.91016072 0.69552839 -0.70555079 -0.13578825
0.53697944 0.21276297 -0.81632411 -0.52717227 0.84009057 -0.12781747
-0.46959069 -0.19298486 0.86153442 0.53587431 -0.83781660 0.10441326
0.54791784 0.10355727 -0.83009762 -0.42744216 0.88764542 -0.17140277
-0.11798611 0.37630859 -0.91895109 -0.97841281 -0.20217301 0.04283110
0.09927340 -0.26913500 0.95797241 0.93118757 -0.31423846 -0.18478063
0.11676332 -0.20831288 0.97106749 0.96100080 -0.22310062 -0.16341229
0.11373878 -0.21761557 0.96938485 0.96058315 -0.22502978 -0.16322264
-0.11242666 0.32319564 -0.93963015 -0.99284112 0.00184462 0.11942782
-0.01398044 0.39208123 -0.91982442 -0.96377629 0.23975495 0.11684560
0.72134733 -0.30061719 0.62392902 0.57432353 -0.24382442 -0.78147441
0.69442403 -0.33873233 0.63485098 0.59092367 -0.23497535 -0.77174860
0.75672185 -0.23323777 0.61071455 0.54107296 -0.30084109 -0.78532463
0.78439784 -0.17545430 0.59492517 0.57476366 -0.15495564 -0.80351448
0.79502451 -0.15089135 0.58750993 0.51787943 -0.33542910 -0.78694874
0.82435971 -0.13546382 0.54961854 0.43375275 -0.47269979 -0.76708120
0.79750246 -0.19335610 0.57149220 0.43168733 -0.47885695 -0.76442271
0.80908924 -0.19258688 0.55523419 0.43288478 -0.44368893 -0.78469795
0.81883377 -0.18840817 0.54223037 0.34319612 -0.59650362 -0.72553420
0.81622875 -0.21308362 0.53699726 0.40171856 -0.45867893 -0.79261333
0.75745821 -0.23118477 0.61058223 0.52088255 -0.34984881 -0.77864444
0.69897467 -0.32287365 0.63811213 0.59643394 -0.22913784 -0.76926094
0.68681455 -0.36844984 0.62652266 0.56772840 -0.26628262 -0.77895969
0.71637809 -0.31323916 0.62344497 0.56539232 -0.26294902 -0.78178608
0.79672551 -0.22233671 0.56195635 0.42563602 -0.45367673 -0.78295052
0.80872637 -0.23239391 0.54032838 0.37394595 -0.50593615 -0.77729863
0.81910968 -0.21356058 0.53240144 0.34824479 -0.55238831 -0.75735909
0.76036221 -0.30219612 0.57491463 0.43324339 -0.42348152 -0.79559004
0.64963001 -0.42128408 0.63285118 0.37801778 -0.54323345 -0.74966657
0.62260073 -0.44481611 0.64382219 0.35331824 -0.57431346 -0.73846489
0.61364675 -0.45079130 0.64824760 0.39057744 -0.54021621 -0.74539638
0.64817369 -0.41055256 0.64134037 0.48361826 -0.42861912 -0.76315075
0.66653669 -0.41059008 0.62220955 0.51128846 -0.35561672 -0.78238147
0.57498509 -0.46197146 0.67525893 0.67024958 -0.20735516 -0.71257937
0.46166435 -0.46039113 0.75822562 0.80503482 -0.14152497 -0.57609868
0.44798020 -0.43915069 0.77875572 0.80504292 -0.18072723 -0.56501651
0.62570477 -0.38346842 0.67929780 0.67194730 -0.17735143 -0.71905035
0.28563058 -0.28657228 0.91448975 0.89706373 -0.25579020 -0.36034435
0.21384585 -0.48806500 0.84620476 0.80565399 -0.40176475 -0.43532377
0.18059769 -0.59145266 0.78585511 0.81088442 -0.36265406 -0.45929143
-0.23643292 0.70341337 -0.67030525 -0.85628885 0.17519106 0.48587805
-0.25477004 0.71515656 -0.65087891 -0.84715056 0.15950128 0.50684845
-0.24579902 0.72805828 -0.63993281 -0.88252246 0.10497127 0.45840496
-0.23817502 0.76196671 -0.60222876 -0.87592351 0.09934269 0.47211123
-0.24773438 0.75041145 -0.61278898 -0.87443322 0.09913485 0.47490925
-0.22442622 0.77918917 -0.58523256 -0.89005506 0.08062549 0.44866639
-0.19981273 0.76466423 -0.61266917 -0.94449627 0.01610016 0.32812747
-0.18447311 0.79642087 -0.57591969 -0.94810539 0.01019953 0.31779274
-0.18733408 0.84066862 -0.50811642 -0.88333786 0.08209243 0.46149227
-0.19793583 0.83441830 -0.51436132 -0.90994608 0.03868370 0.41291857
-0.18128721 0.87209463 -0.45451719 -0.89867866 0.04078896 0.43670690
-0.14864075 0.91349369 -0.37872836 -0.92238653 0.01000273 0.38613862
-0.16084675 0.90399921 -0.39612347 -0.90906376 0.02060373 0.41614738
-0.14146946 0.88740069 -0.43875557 -0.98869294 -0.10439201 0.10765065
0.93006527 0.24772610 0.27131230 -0.12704039 0.90977395 -0.39518625
0.91881490 0.03417591 -0.39320627 -0.15635088 0.94625926 -0.28310394
0.92744839 0.03897057 -0.37191501 -0.14537947 0.95389497 -0.26258186
0.79165834 -0.05833755 -0.60817266 -0.13360287 0.95480925 -0.26549873
-0.10351353 0.96310383 -0.24842717 -0.97509754 -0.04901101 0.21629317
-0.10767678 0.98860598 -0.10518606 -0.99411690 -0.10831245 -0.00033296
0.92454797 0.03895833 -0.37906900 -0.10863367 0.98042786 -0.16419493
0.95282322 0.05369581 -0.29873845 -0.04807626 0.99850172 0.02613382
0.92391688 0.03998682 -0.38049799 -0.11068241 0.97993279 -0.16577473
0.70315397 -0.08658848 -0.70574564 -0.14992350 0.95218790 -0.26619762
0.82299560 -0.01734800 -0.56778276 -0.18778029 0.93503219 -0.30075467
0.66228694 -0.14311995 -0.73545414 -0.24150833 0.88841778 -0.39036852
0.74997789 -0.08306451 -0.65622669 -0.17436551 0.93216795 -0.31726897
0.78141958 -0.06113618 -0.62100399 -0.18910448 0.92518920 -0.32903570
0.87900203 0.01733668 -0.47650281 -0.19290334 0.92683488 -0.32212654
-0.20756978 0.91072315 -0.35706884 -0.89994466 -0.03471085 0.43462020
0.80652386 -0.01263807 -0.59106654 -0.24406481 0.90348315 -0.35235015
0.80279315 -0.02455110 -0.59575206 -0.25657555 0.88769174 -0.38232493
0.81084430 -0.02314186 -0.58480430 -0.27414897 0.86779612 -0.41445416
-0.20792273 0.84167719 -0.49834493 -0.86283189 0.08216503 0.49876851
-0.22861588 0.81689036 -0.52955168 -0.84780651 0.10029955 0.52073437
-0.21432443 0.84061754 -0.49742064 -0.85260177 0.08747350 0.51518804
0.78600925 -0.06359988 -0.61493462 -0.27619860 0.85377640 -0.44133914
0.76912200 -0.08770534 -0.63305545 -0.27141494 0.85195285 -0.44778383
-0.24164011 0.79082024 -0.56232864 -0.81838042 0.14529756 0.55600554
-0.26767623 0.76404130 -0.58701825 -0.80898464 0.15270634 0.56764829
0.33592337 -0.75957417 0.55695838 0.76304674 -0.12720376 -0.63370252
0.33684364 -0.77625847 0.53287810 0.72116923 -0.15116060 -0.67606622
0.34803522 -0.78307772 0.51542300 0.70905077 -0.13979015 -0.69116259
0.33742374 -0.80991560 0.47977290 0.69847035 -0.12627980 -0.70440942
0.35506433 -0.83721906 0.41592506 0.65425014 -0.09525484 -0.75025553
0.36177680 -0.84337461 0.39728695 0.65087718 -0.07659949 -0.75530887
0.77449703 0.00873636 -0.63251728 -0.26828709 0.91005743 -0.31593913
0.71595705 -0.06845266 -0.69478041 -0.27075160 0.89007109 -0.36669758
0.72272521 -0.05705379 -0.68877667 -0.24147931 0.91293204 -0.32900277
0.68400514 -0.07481111 -0.72563100 -0.18813987 0.94298273 -0.27456686
0.69441605 -0.05827908 -0.71720982 -0.20359923 0.94007224 -0.27351704
0.59055012 -0.09989590 -0.80079430 -0.20593312 0.94080180 -0.26922777
0.64875036 -0.06044333 -0.75859714 -0.20124210 0.94772822 -0.24761461
0.52813077 -0.10320161 -0.84286851 -0.26109573 0.92476749 -0.27682868
0.53329718 -0.10409946 -0.83949840 -0.19120975 0.95188099 -0.23950249
0.55602717 -0.09568395 -0.82563818 -0.16239733 0.96169960 -0.22081894
0.58192438 -0.08668497 -0.80860978 -0.14707270 0.96669036 -0.20947398
0.61471945 -0.07986020 -0.78469253 -0.13103914 0.97069502 -0.20144477
0.62853307 -0.07920505 -0.77373946 -0.12549816 0.97143847 -0.20138896
0.55759937 -0.10515254 -0.82342333 -0.11871308 0.97164768 -0.20447022
0.55997592 -0.11799822 -0.82006305 -0.12040195 0.96770835 -0.22145864
0.57515526 -0.11511423 -0.80990446 -0.12522709 0.96599090 -0.22622955
0.56722575 -0.12184709 -0.81449884 -0.14111927 0.95998710 -0.24188876
0.54338330 -0.13103168 -0.82919562 -0.16475296 0.95188951 -0.25838497
0.59964556 -0.12740806 -0.79005855 -0.13757201 0.95613641 -0.25860602
0.64742059 -0.11155188 -0.75392491 -0.16364527 0.94580984 -0.28047109
0.72239608 -0.08036197 -0.68679392 -0.16469525 0.94464409 -0.28376585
0.74122709 -0.07714296 -0.66680694 -0.13595866 0.95553118 -0.26167807
0.72748554 -0.09586345 -0.67939317 -0.24055161 0.89170563 -0.38340065
0.69628775 -0.12516934 -0.70676446 -0.19441468 0.91497874 -0.35357726
0.64130688 -0.15390249 -0.75169110 -0.20262846 0.91092777 -0.35937780
0.60239506 -0.17737536 -0.77824044 -0.22364257 0.89843768 -0.37788054
0.61352301 -0.15844752 -0.77361745 -0.21398585 0.90965128 -0.35601220
0.71462017 -0.10740031 -0.69121861 -0.26005942 0.87652612 -0.40505695
0.62611485 -0.16870777 -0.76126081 -0.28026515 0.86237097 -0.42162532
0.73430926 -0.09310918 -0.67239910 -0.26591000 0.87193018 -0.41113207
0.75256425 -0.07749552 -0.65394300 -0.27160543 0.86812294 -0.41544318
0.78293049 -0.05212940 -0.61992133 -0.14398813 0.95424056 -0.26209244
0.77561325 -0.05492146 -0.62881458 -0.15459514 0.94933778 -0.27360222
0.77931637 -0.04455662 -0.62504458 -0.09785948 0.97657669 -0.19162865
0.76513648 -0.05410956 -0.64159048 -0.11102100 0.97045040 -0.21424393
0.76079881 -0.05388337 -0.64674711 -0.11260628 0.97047162 -0.21331829
0.66288251 -0.08954325 -0.74334973 -0.09531376 0.97465318 -0.20240194
0.69167215 -0.08929472 -0.71667016 -0.13153519 0.96015483 -0.24657924
0.66102445 -0.07385826 -0.74672061 -0.10622992 0.97590971 -0.19056602
0.67841768 -0.06898224 -0.73143071 -0.10825682 0.97532803 -0.19239503
0.67886031 -0.06804102 -0.73110819 -0.11090156 0.97477359 -0.19369397
0.65231824 -0.07977030 -0.75373578 -0.13165055 0.96740568 -0.21632023
0.63404846 -0.08312905 -0.76881218 -0.14206716 0.96476078 -0.22148073
0.68787593 -0.06506670 -0.72290599 -0.12258597 0.97125179 -0.20406537
0.69287622 -0.06244744 -0.71834737 -0.12544608 0.97061032 -0.20537516
0.69390076 -0.06326903 -0.71728575 -0.16008353 0.95764923 -0.23933508
0.79366946 -0.02182985 -0.60795748 -0.11988432 0.97414666 -0.19148377
0.74790478 -0.03907391 -0.66265506 -0.09170097 0.98261309 -0.16143861
0.75671554 -0.04277752 -0.65234327 -0.09911411 0.97881502 -0.17915793
0.75509983 -0.04506686 -0.65405911 -0.18859154 0.94053656 -0.28253177
0.78612083 -0.02465663 -0.61758095 -0.19961683 0.93552864 -0.29144350
0.80620122 -0.00948746 -0.59156543 -0.22354589 0.92086709 -0.31942308
0.79657888 -0.01970936 -0.60421336 -0.12494155 0.97252238 -0.19644319
0.77765197 -0.02404656 -0.62823504 -0.21015713 0.93184328 -0.29580766
0.69526339 -0.03980356 -0.71765208 0.00591559 0.99874854 -0.04966315
0.77086782 -0.04034989 -0.63571602 -0.08151711 0.98353732 -0.16127414
0.75168186 -0.05551470 -0.65718538 -0.10477648 0.97374457 -0.20209780
0.80189133 -0.02912630 -0.59675962 -0.07886955 0.98491007 -0.15405132
0.79087424 -0.03684288 -0.61086875 -0.10631525 0.97473669 -0.19643191
0.87349290 -0.00071036 -0.48683646 -0.10203744 0.97752064 -0.18450418
0.89050561 0.01425217 -0.45474899 -0.14341976 0.95734388 -0.25084579
0.67694914 -0.02271754 -0.73567921 0.05647723 0.99817997 0.02114512
0.79101121 -0.03942346 -0.61053020 -0.10705137 0.97360736 -0.20156550
0.71168095 -0.06247063 -0.69971979 -0.09050541 0.97958422 -0.17950928
0.75256568 -0.05774735 -0.65598029 -0.10616845 0.97247601 -0.20740965
0.77808517 -0.04431298 -0.62659389 -0.08753370 0.98012739 -0.17801169
0.91928375 0.03560365 -0.39198190 -0.15697563 0.94643235 -0.28217807
0.73901594 -0.07653271 -0.66932666 -0.12575369 0.96039253 -0.24866100
0.69002378 -0.09580151 -0.71741849 -0.13843003 0.95543563 -0.26072952
0.61994141 -0.14681605 -0.77079034 -0.16757664 0.93490076 -0.31285563
0.64063770 -0.10432341 -0.76072341 -0.10716172 0.96888387 -0.22311541
0.55582547 -0.09795116 -0.82550806 -0.13379723 0.96954644 -0.20512956
0.64524114 -0.07941499 -0.75984019 -0.16282433 0.95743674 -0.23833402
0.68681645 -0.06495691 -0.72392243 -0.16911338 0.95438188 -0.24608099
0.74283928 -0.04759460 -0.66777581 -0.19899641 0.93668771 -0.28812605
0.74353904 -0.04840090 -0.66693866 -0.18707979 0.94249225 -0.27696487
0.74423242 -0.04743934 -0.66623396 -0.22612521 0.92067617 -0.31815544
0.73063785 -0.05642636 -0.68042958 -0.23329435 0.91596538 -0.32646775
0.40877211 -0.88802719 0.21050675 0.49152601 0.01987250 -0.87063617
0.53476566 -0.02920142 -0.84449571 -0.36980084 0.89052862 -0.26496458
-0.28919274 0.83138567 -0.47451612 -0.81298089 0.04840323 0.58027524
0.74268019 -0.07331402 -0.66562092 -0.26358652 0.88174182 -0.39122054
0.80542397 -0.00968721 -0.59262002 -0.24654357 0.90378225 -0.34984848
-0.18377547 0.87044352 -0.45667797 -0.89274645 0.04663217 0.44813982
-0.14456859 0.87152439 -0.46855655 -0.98936731 -0.13491797 0.05430963
-0.14167538 0.86002344 -0.49019155 -0.94952285 -0.25806999 -0.17834297
-0.15022343 0.87163818 -0.46656170 -0.95182753 -0.25510880 -0.17012919
-0.21206467 0.82152504 -0.52926856 -0.89155811 0.05914424 0.44902802
-0.21854721 0.80842930 -0.54651546 -0.85035676 0.11694849 0.51304626
-0.28505233 0.71595645 -0.63730019 -0.82626438 0.15346189 0.54197484
-0.12253202 0.85923392 -0.49669215 -0.90710968 0.10608890 0.40730491
-0.09047427 0.88674676 -0.45331511 -0.95626748 0.04977753 0.28822696
-0.14938094 0.80399829 -0.57556248 -0.93595535 0.07273804 0.34452409
-0.21510336 0.68053800 -0.70042741 -0.93953770 0.05148077 0.33855379
-0.13745868 0.85211718 -0.50497675 -0.88210285 0.12659019 0.45372850
0.61403835 -0.13698606 -0.77729768 -0.16798210 0.93957853 -0.29828551
0.72529960 -0.08830096 -0.68274707 -0.13444258 0.95447761 -0.26626617
0.73097503 -0.08758355 -0.67676038 -0.13271774 0.95454669 -0.26688313
0.71879613 -0.09660444 -0.68847632 -0.14496236 0.94770533 -0.28432485
0.63876432 -0.12277161 -0.75954419 -0.08363453 0.97025812 -0.22716634
-0.09887110 0.89369249 -0.43765068 -0.95534730 0.03782005 0.29305500
-0.06885399 0.93242747 -0.35473683 -0.98673576 -0.01125360 0.16194406
-0.06151371 0.94758749 -0.31351879 -0.97990865 0.00237256 0.19943307
-0.08191250 0.92488050 -0.37133059 -0.94169629 0.05017484 0.33270207
-0.11280158 0.87464195 -0.47146299 -0.94849283 0.04658341 0.31335503
-0.13209260 0.78633928 -0.60350817 -0.98466969 -0.03412239 0.17105950
-0.23116919 0.73318565 -0.63953090 -0.87195468 0.13545588 0.47047514
-0.29886833 0.59352559 -0.74726516 -0.87834233 0.13505104 0.45855868
-0.30495131 0.60636020 -0.73439229 -0.85037506 0.17382729 0.49663505
0.35781902 -0.61037534 0.70668775 0.80574095 -0.18068595 -0.56403381
-0.22729219 0.74961680 -0.62162131 -0.86805695 0.13335881 0.47821811
0.32034993 -0.72755218 0.60666615 0.73285574 -0.21545361 -0.64536989
0.38854414 -0.64818287 0.65489882 0.75100350 -0.18903679 -0.63266021
0.49842799 -0.56071424 0.66118765 0.63202816 -0.28700572 -0.71983910
0.56976157 -0.49102080 0.65899199 0.50531876 -0.42305270 -0.75211662
0.57401490 -0.49176979 0.65472853 0.42392707 -0.50560725 -0.75143009
0.45807934 -0.60551691 0.65077847 0.45540470 -0.46886817 -0.75681520
0.60909605 -0.46613589 0.64165366 0.26161489 -0.64567578 -0.71739846
0.72117722 -0.35410357 0.59541088 0.27019787 -0.64763552 -0.71243340
0.74515992 -0.32685614 0.58129323 0.23106541 -0.69111645 -0.68481159
0.80153984 -0.26090503 0.53801709 0.20520979 -0.72510427 -0.65735292
0.15201075 -0.79311484 -0.58979797 -0.86124027 0.18648764 -0.47274476
0.21951108 -0.75660998 -0.61591905 -0.88086551 0.11768524 -0.45850432
0.77607304 -0.29301393 0.55843854 0.24029571 -0.68131065 -0.69142884
0.78593934 -0.28190508 0.55029893 0.27277356 -0.64063698 -0.71775955
0.78098798 -0.28336093 0.55656487 0.30746543 -0.60123724 -0.73754919
0.81382799 -0.22664064 0.53508699 0.33263084 -0.57334626 -0.74875289
0.83749604 -0.18132070 0.51548350 0.33727604 -0.57068878 -0.74870503
0.23585464 -0.74156678 -0.62805372 -0.87848419 0.11362691 -0.46406305
0.39251944 -0.56163681 -0.72834933 -0.84750873 0.08676521 -0.52364188
0.83187968 -0.13827479 0.53745365 0.42116517 -0.47334713 -0.77366817
0.44090509 -0.44205371 -0.78114736 -0.84253573 0.09618091 -0.52998382
