0.05660697 0.82142419 -0.56750160 -0.90439254 -0.19859716 -0.37766841
0.04301054 0.73772919 -0.67372531 -0.99887609 0.04519556 -0.01427900
0.02954219 0.54361552 -0.83881432 -0.96838951 0.22351079 0.11074632
0.03392137 0.33736292 -0.94076329 -0.99938291 0.02004144 -0.02884807
0.04235945 0.57453185 -0.81738544 -0.99703330 -0.02831743 -0.07157340
0.04075610 0.63450956 -0.77183980 -0.99747342 -0.01914876 -0.06841211
0.02224046 0.55495685 -0.83158177 -0.99499774 -0.06874117 -0.07248547
0.23153067 0.72182119 -0.65220225 -0.91237903 -0.07152218 -0.40304977
0.19830823 0.73829937 -0.64466107 -0.94560850 -0.02893096 -0.32401782
0.18033387 0.76770604 -0.61490417 -0.88008332 -0.15323286 -0.44941416
0.85728121 -0.00469849 0.51482707 0.22949341 0.89860785 -0.37394750
0.86367106 -0.01053623 0.50394583 0.23323569 0.89466548 -0.38101816
0.25982976 0.85230541 -0.45394284 -0.83042157 -0.04270244 -0.55549675
0.79592514 0.07939484 0.60016638 0.13744876 0.94177538 -0.30686659
0.07768787 0.97810817 -0.19305217 -0.98544681 0.04597058 -0.16365036
0.83043319 0.06258024 0.55359232 0.13949172 0.93866432 -0.31535912
0.81648481 0.06117513 0.57411689 0.10523736 0.96194506 -0.25216439
0.84248883 0.05352516 0.53604823 0.10168841 0.96136308 -0.25581366
0.88147110 0.04312747 0.47026455 0.08941090 0.96256775 -0.25586924
0.88617945 0.03862249 0.46172974 0.08829905 0.96418011 -0.25011998
0.06567457 0.97625941 -0.20640865 -0.98652655 0.03246312 -0.16034833
0.06356298 0.97747254 -0.20126422 -0.98759943 0.03260047 -0.15357274
0.04895253 0.98024327 -0.19164237 -0.98628515 0.01716101 -0.16415571
0.93214267 0.06252911 0.35665146 0.00460290 0.98285061 -0.18434620
0.92236745 0.06685227 0.38048542 -0.01093078 0.98903477 -0.14727773
0.01244636 0.96838623 -0.24914497 -0.99753392 -0.00518712 -0.06999457
0.98301548 0.00806943 -0.18334514 -0.02840591 0.99368340 -0.10856564
0.91486681 -0.03175391 -0.40250519 -0.03441072 0.98714334 -0.15608965
0.00777411 0.95284748 -0.30335009 -0.99986964 0.01170124 0.01113040
0.91932303 0.09440380 0.38201201 0.04827582 0.93640524 -0.34758413
0.89437002 0.10875602 0.43390596 0.07281770 0.92166120 -0.38110143
0.15201823 0.85759205 -0.49135157 -0.88138181 -0.10734554 -0.46004689
0.88498288 0.14797869 0.44148344 0.06590797 0.89879781 -0.43338054
0.83415282 0.19407009 0.51626146 0.12013828 0.84963530 -0.51350439
0.84554327 0.18239743 0.50178474 0.10644935 0.86337346 -0.49320877
0.13735533 0.83956873 -0.52560246 -0.91353971 -0.09772505 -0.39483547
0.08933386 0.89387953 -0.43931636 -0.89939839 -0.11709953 -0.42115352
0.82390743 0.19569361 0.53186524 0.06704885 0.89823967 -0.43436158
0.90974444 0.12446286 0.39607331 0.04654118 0.91741866 -0.39519230
0.74027181 0.23582019 0.62959236 0.06698246 0.90593511 -0.41808489
0.85872555 0.11785383 0.49869931 0.02599163 0.96192366 -0.27207989
0.86834389 0.11220386 0.48310372 0.03732203 0.95652783 -0.28924325
0.93562907 0.07589152 0.34473005 0.04968205 0.93857950 -0.34146771
0.07849054 0.94083172 -0.32965901 -0.94973856 -0.02995105 -0.31160805
0.86010224 0.08534616 0.50293159 0.10465633 0.93541110 -0.33771768
0.90120924 0.05465898 0.42992368 0.10388161 0.93585044 -0.33673811
0.05407996 0.96566081 -0.25411546 -0.99705166 0.03834779 -0.06646408
0.05406021 0.95349598 -0.29651800 -0.98506337 0.00230643 -0.17217694
0.86590838 0.06555936 0.49588776 0.10468960 0.94566453 -0.30782926
0.86622089 0.06404812 0.49553949 0.10459270 0.94653642 -0.30517092
0.88363945 0.05482717 0.46494669 0.08899277 0.95534086 -0.28178748
0.94270301 0.01862321 0.33311293 0.05390409 0.97682130 -0.20715827
0.73740530 -0.07902367 -0.67081195 -0.02706089 0.98887897 -0.14624023
0.88250142 -0.04199484 -0.46843112 -0.04213000 0.98494244 -0.16767097
0.61434132 -0.11626235 -0.78042799 -0.17517714 0.94430429 -0.27857223
0.47725084 -0.13382185 -0.86851794 0.20585933 0.97786093 -0.03754974
0.48782286 -0.12353485 -0.86415738 -0.06775253 0.98159188 -0.17856938
0.79650754 -0.07896118 -0.59945053 0.11256253 0.99346864 0.01870289
0.93293905 -0.07625784 -0.35186580 -0.02815104 0.95886892 -0.28245002
0.71950865 -0.20667686 -0.66301745 -0.07493298 0.92601442 -0.36997622
-0.02279777 0.80917984 -0.58711863 -0.95313042 0.15963364 0.25702059
-0.02193341 0.82660037 -0.56236184 -0.99309713 -0.08284379 -0.08303674
0.01386931 0.53213608 -0.84654522 -0.99765855 -0.04934062 -0.04736045
0.02049491 0.46049908 -0.88742357 -0.97870970 -0.17206824 -0.11189225
0.02960963 0.42554745 -0.90445155 -0.98291779 -0.15204006 -0.10371379
0.76642287 -0.57973450 -0.27659339 0.12283703 0.55494052 -0.82277101
0.87980688 -0.43964002 -0.18071125 0.00880581 0.39518940 -0.91855752
0.88047123 -0.43753755 -0.18256895 0.00735791 0.39765006 -0.91750765
-0.03009757 0.91316569 -0.40647584 -0.99728698 -0.05476516 -0.04918803
0.03497601 0.85927886 -0.51031029 -0.89792413 -0.19715771 -0.39352378
0.92964065 0.06572755 0.36255786 0.02333038 0.97148722 -0.23594120
0.92226380 0.06972627 0.38022062 0.00958010 0.97917295 -0.20280188
0.05762807 0.98198354 -0.17996487 -0.99182212 0.03575195 -0.12251816
0.05806144 0.96771324 -0.24527524 -0.99098998 0.02616484 -0.13135548
0.05744982 0.94769794 -0.31395575 -0.95165008 -0.04307014 -0.30414987
0.92681581 0.06284989 0.37021944 0.04273767 0.96183413 -0.27027518
0.92248052 0.06577402 0.38039902 0.03520222 0.96694106 -0.25255841
0.33205271 0.79064214 -0.51441824 -0.76525170 -0.09304553 -0.63697124
0.06908257 0.93661302 -0.34348765 -0.95026344 -0.04303335 -0.30846012
0.06510901 0.93659914 -0.34430063 -0.98767209 0.01126450 -0.15613107
0.08921287 0.86221629 -0.49862224 -0.95697021 -0.06458894 -0.28290692
0.07393180 0.88127792 -0.46677971 -0.98130643 -0.01910745 -0.19150087
0.94713801 0.06454807 0.31426612 0.03935894 0.94877481 -0.31349203
0.13846605 0.62801075 -0.76578695 -0.95918477 -0.10746378 -0.26156485
0.09577493 0.74815661 -0.65657359 -0.93931735 -0.15035386 -0.30834517
0.11934617 0.74738950 -0.65357900 -0.95461649 -0.09454580 -0.28243315
0.06999719 0.63399714 -0.77016109 -0.98509747 -0.07766342 -0.15346459
0.06785496 0.74029106 -0.66885340 -0.99293441 -0.01530586 -0.11767352
0.09205079 0.83235353 -0.54654765 -0.99101084 0.02306765 -0.13177790
0.08912570 0.86219269 -0.49867859 -0.99219674 0.03302586 -0.12022887
0.08937454 0.84799284 -0.52241790 -0.98988175 0.01758674 -0.14080070
0.04109956 0.54778159 -0.83561128 -0.98819882 -0.10122615 -0.11496296
0.04308843 0.41152352 -0.91038007 -0.99524063 -0.06203897 -0.07514868
0.03913178 0.41719228 -0.90797544 -0.99919939 0.00876563 -0.03903574
0.01819024 0.72922885 -0.68402815 -0.99904883 -0.01386163 -0.04134515
-0.02173359 0.92988610 -0.36720493 -0.99429393 -0.05847232 -0.08922269
-0.02371737 0.93750381 -0.34716585 -0.99558538 -0.05369499 -0.07698505
0.96188968 0.07522608 0.26288638 -0.04216459 0.99071914 -0.12922023
0.95755023 0.07897770 0.27723676 -0.03297154 0.98543191 -0.16684385
0.84173042 0.12174325 0.52599299 -0.11367498 0.99236858 -0.04777722
-0.05474791 0.99351096 -0.09969290 -0.99829865 -0.05646925 -0.01452513
-0.04383738 0.96136636 -0.27175927 -0.99571544 -0.01987495 0.09030955
0.96508861 0.15292491 -0.21264519 -0.13666186 0.98658723 0.08927052
-0.07304328 0.86227608 0.50114346 -0.99469674 -0.09946769 0.02616556
-0.06892592 0.83096331 0.55204105 -0.99499637 -0.09737956 0.02234944
-0.07901758 0.91062516 0.40560830 -0.99496847 -0.09718388 0.02435375
-0.06832269 0.84949851 0.52314854 -0.99334460 -0.10666223 0.04347032
0.00620405 0.61455446 0.78885001 -0.95765430 -0.22343077 0.18159565
-0.89617306 -0.38407639 0.22216944 -0.01942484 -0.46627364 -0.88442731
0.94650292 0.16619729 -0.27660561 -0.12019683 0.97706580 0.17577027
0.95048124 0.16793017 -0.26150522 -0.13275528 0.98019755 0.14693157
0.03788342 0.51572847 -0.85591412 -0.99220693 -0.08233185 -0.09352465
0.02208520 0.73045093 -0.68260807 -0.99759328 -0.02878604 -0.06307987
0.07469335 0.77033323 -0.63325161 -0.99573117 0.02308383 -0.08936772
0.00224177 0.93540043 -0.35358316 -0.99245054 0.04543946 0.11391733
0.90165919 0.25853348 -0.34665728 -0.29254398 0.95501268 -0.04867116
0.84272861 0.25705507 -0.47300231 -0.22732939 0.96637648 0.12015792
0.10405860 0.81660450 -0.56774020 -0.96837366 -0.04696740 -0.24504411
0.09286720 0.90291363 -0.41966978 -0.92899555 -0.07307959 -0.36280379
0.05858978 0.96945310 -0.23817647 -0.99738878 0.06693855 0.02711014
0.07290291 0.95042300 -0.30229354 -0.98581487 0.02272694 -0.16629055
0.99222481 0.03851663 0.11834859 -0.02784737 0.99550545 -0.09051786
0.05990699 0.98286384 -0.17432669 -0.99492794 0.04465550 -0.09013456
0.05998604 0.98373276 -0.16932686 -0.99498671 0.04532799 -0.08914527
0.89554852 0.03492613 0.44359115 0.10166135 0.95448709 -0.28039157
0.92272431 0.00951491 0.38534316 0.12271713 0.94042802 -0.31707373
0.56594867 0.23043673 0.79158139 0.39652357 0.76571691 -0.50640571
0.08925394 0.93559057 -0.34161973 -0.97506011 0.01210070 -0.22161093
0.09046657 0.86726999 -0.48954940 -0.99247521 0.03778255 -0.11647071
0.16055004 0.72169209 -0.67333817 -0.95307630 -0.06403220 -0.29588097
0.59762847 0.21974030 0.77107358 0.52453339 0.62019372 -0.58328760
0.04129574 0.61459768 -0.78775907 -0.99486262 -0.04764325 -0.08932302
0.04045466 0.50012481 -0.86500788 -0.99870294 0.04702745 -0.01951727
0.03875784 0.62684840 -0.77817667 -0.99436373 -0.05271464 -0.09198874
0.80989641 0.13814719 0.57007301 -0.02706823 0.97963732 -0.19894236
