0.39096707 0.01777139 -0.92023313 -0.16925545 0.98415130 -0.05290352
0.31185538 0.00178748 -0.95012790 -0.22691692 0.97120047 -0.07265259
0.30253005 0.00096024 -0.95313942 -0.16819574 0.98436022 -0.05239426
0.26259920 -0.00604011 -0.96488613 -0.17143469 0.98377883 -0.05281530
0.23711859 -0.00508469 -0.97146738 0.02212958 0.99975508 0.00016870
0.15940854 -0.00305600 -0.98720801 -0.01639129 0.99984920 -0.00574190
0.27057475 -0.96250379 0.01938451 0.17024861 0.02802189 -0.98500264
0.30948132 -0.95072120 0.01872195 0.12495516 0.02114215 -0.99193716
0.23042214 -0.97306073 0.00764785 0.08405501 0.01207315 -0.99638802
0.15942347 -0.98721033 -0.00020966 0.08096570 0.01328672 -0.99662834
0.27457571 -0.96152133 0.00921898 0.02039605 -0.00376147 -0.99978495
0.29231772 -0.95628881 0.00788341 0.00463364 -0.00682707 -0.99996597
0.21362504 -0.97681904 -0.01374573 -0.04334963 0.00457823 -0.99904948
0.24112296 -0.97030032 -0.01941715 -0.03754343 0.01066657 -0.99923807
0.10528579 -0.99422127 -0.02095282 -0.02770735 0.01812891 -0.99945170
-0.05687863 0.00721882 -0.99835503 -0.01850126 0.99979454 0.00828329
-0.10856988 0.00876910 -0.99405020 -0.01269685 0.99986732 0.01020716
-0.12884669 0.00755230 -0.99163580 -0.02143472 0.99971622 0.01039893
-0.17751454 0.00443698 -0.98410821 -0.13664550 0.99019217 0.02911268
0.18542558 -0.98235774 -0.02430476 -0.17452794 -0.00858254 -0.98461485
0.24231111 -0.96948367 -0.03723944 -0.21778274 -0.01694827 -0.97585011
0.35929683 -0.93059075 -0.07004726 -0.23473990 -0.01747523 -0.97190118
0.40787834 -0.90921354 -0.08346283 -0.23303121 -0.01528067 -0.97234923
0.43256354 -0.89712691 -0.08973370 -0.22702830 -0.01206102 -0.97381353
0.48639569 -0.86709327 -0.10755722 -0.18215385 0.01976439 -0.98307145
0.46807873 -0.88289797 -0.03732895 -0.11825167 -0.02071827 -0.99276751
0.49479872 -0.86899912 -0.00384379 -0.08096459 -0.04169551 -0.99584448
0.47406220 -0.88046902 0.00627043 -0.00213570 -0.00827134 -0.99996352
0.51082170 -0.85947436 0.01910469 -0.02634875 -0.03786484 -0.99893540
0.52527839 -0.85008264 0.03797572 0.08092354 0.00547803 -0.99670529
0.60823274 -0.79148340 0.06005811 0.11236700 0.01095559 -0.99360639
0.53919268 -0.83858627 0.07774535 0.17484391 0.02115995 -0.98436880
0.35174486 -0.93454629 0.05384089 0.22878398 0.03005274 -0.97301322
0.48243472 -0.86929643 0.10761270 0.27254161 0.03221303 -0.96160460
0.35187635 -0.93365777 0.06682990 0.29824704 0.04415534 -0.95346689
0.40647769 -0.90903962 0.09177636 0.37547973 0.07462728 -0.92382127
0.39381585 -0.91443264 0.09339207 0.27326056 0.01946031 -0.96174318
0.47238979 -0.87359166 0.11698522 0.26438588 0.01383055 -0.96431780
0.48326755 -0.86379915 0.14249055 0.32303652 0.02466747 -0.94606495
0.31246230 -0.01538410 -0.94980562 -0.19351210 0.97787166 -0.07949933
0.42040566 -0.89872646 0.12469900 0.38974774 0.05476345 -0.91929197
0.40651831 -0.90620065 0.11637586 0.39186162 0.05787055 -0.91820234
0.42839625 -0.89469516 0.12648037 0.41466701 0.07029428 -0.90725416
0.41497540 -0.00377696 -0.90982485 -0.24730724 0.96187270 -0.11679103
0.42789188 -0.02247977 -0.90355039 0.09919234 0.99482012 0.02222374
0.49786100 -0.04800283 -0.86592734 -0.01651571 0.99776119 -0.06480669
0.59372014 -0.04006337 -0.80367368 -0.08790723 0.98955262 -0.11427164
0.60468209 -0.04570157 -0.79515469 -0.12221798 0.98120409 -0.14933647
0.61163485 -0.04431037 -0.78989846 -0.12683982 0.98002261 -0.15319034
0.69798613 -0.02050807 -0.71581763 -0.11862216 0.98246938 -0.14381479
0.69883627 -0.02300868 -0.71491152 -0.07843431 0.99099034 -0.10856465
0.72560716 -0.01994031 -0.68782032 -0.00099971 0.99954849 -0.03003213
0.75762987 -0.00870085 -0.65262651 -0.07443072 0.99223638 -0.09963468
0.79116553 -0.01016884 -0.61151761 -0.01965493 0.99892259 -0.04203999
0.73462206 -0.01096137 -0.67838806 0.15140890 0.97730315 0.14816850
0.80418432 -0.01756483 -0.59412050 0.07107440 0.99523306 0.06678075
0.82895130 -0.02337896 -0.55883205 0.12699410 0.98089898 0.14734221
0.84580755 -0.00803254 -0.53342777 0.00012456 0.99988967 -0.01485918
0.85976809 -0.00657529 -0.51064247 -0.01194611 0.99938458 -0.03298224
0.88387030 -0.01121621 -0.46759760 0.01067367 0.99993581 -0.00380958
0.89763141 -0.00591719 -0.44070727 -0.02692632 0.99730599 -0.06823386
0.85896850 0.02445271 -0.51144421 -0.13560320 0.97405738 -0.18117423
0.86807692 0.02721905 -0.49568301 -0.12391099 0.97877151 -0.16325563
0.87007672 0.03148707 -0.49190959 -0.16025594 0.96181208 -0.22189102
0.84190542 0.03499463 -0.53848934 -0.24371736 0.91497982 -0.32158035
0.78754187 0.01181213 -0.61614805 -0.18568815 0.95789820 -0.21897721
0.80388135 0.02354238 -0.59432364 -0.22233035 0.93867749 -0.26354080
0.83907837 0.02115111 -0.54359919 -0.08093485 0.99297702 -0.08629174
0.82235920 0.01686392 -0.56871873 -0.11762643 0.98300600 -0.14093758
0.84930134 0.02935854 -0.52709144 -0.22504109 0.92332196 -0.31118006
0.74792087 -0.00281062 -0.66378200 -0.20656443 0.94935358 -0.23676765
0.76698941 0.00909250 -0.64159542 -0.23547606 0.93412411 -0.26825964
0.70620316 -0.01748656 -0.70779330 -0.25491518 0.92637056 -0.27722910
0.68593031 -0.02577511 -0.72721058 -0.24401757 0.93335742 -0.26324761
0.64000076 -0.02954934 -0.76780593 -0.29020658 0.91595167 -0.27715105
0.65229487 -0.03727182 -0.75704837 -0.01643111 0.99786019 -0.06328526
0.70848805 -0.01818166 -0.70548862 -0.16418755 0.96799076 -0.18983239
0.59774876 -0.04172865 -0.80059671 -0.28835523 0.92061698 -0.26327869
0.59199297 -0.05005676 -0.80438715 0.00757858 0.99837101 -0.05655081
0.58080512 -0.04653085 -0.81271178 -0.13725533 0.97847372 -0.15411098
0.51989514 -0.06222551 -0.85196066 0.02813756 0.99804962 -0.05572507
0.52930176 -0.05315033 -0.84676719 -0.31003341 0.91689843 -0.25134969
0.59182090 -0.04580438 -0.80476707 -0.27924651 0.92490977 -0.25799868
0.60632086 -0.04120095 -0.79415208 -0.26616752 0.93054134 -0.25149101
0.70119750 -0.02069449 -0.71266669 -0.23377720 0.93764317 -0.25724232
0.74900556 -0.00368916 -0.66255343 -0.11653762 0.98366123 -0.13722093
0.78963864 0.01417739 -0.61340845 -0.17709862 0.96244985 -0.20573385
0.78808254 0.01169463 -0.61545849 -0.16727830 0.96626407 -0.19583613
0.82468033 0.01766373 -0.56532323 -0.06727222 0.99548048 -0.06703098
0.85792339 0.03202159 -0.51277888 -0.13622026 0.97651380 -0.16692773
0.85691029 0.02293465 -0.51495522 -0.01382301 0.99967283 0.02152044
0.89104033 0.03285622 -0.45273361 -0.14198169 0.96750528 -0.20922422
0.85090286 0.02870442 -0.52453834 -0.13586968 0.97655600 -0.16696674
0.85214943 0.02887975 -0.52250111 -0.21505454 0.92959100 -0.29935294
0.88034964 0.03302718 -0.47317407 -0.17997785 0.94622999 -0.26880619
0.91576838 0.00211826 -0.40170121 -0.13617833 0.94241059 -0.30547962
0.91967499 0.00087168 -0.39267954 -0.12966399 0.94458199 -0.30158266
0.92868763 0.00410892 -0.37084019 -0.09619325 0.96838576 -0.23016505
0.92872143 0.00260443 -0.37076905 -0.10201605 0.96317524 -0.24876931
0.91795701 -0.00285918 -0.39666969 -0.04472024 0.99285322 -0.11064623
0.94368804 0.00453687 -0.33080572 -0.04201939 0.99345189 -0.10624374
0.94615841 0.00606485 -0.32364723 0.01990406 0.99684262 0.07686794
0.93953115 0.01249404 -0.34223554 0.07878175 0.96464711 0.25149420
0.96438795 -0.00648085 -0.26441234 -0.00986924 0.99812186 -0.06046033
0.95914912 -0.00805068 -0.28278640 -0.00166428 0.99941713 -0.03409741
0.93676829 -0.01280529 -0.34971592 0.02897758 0.99873680 0.04105093
0.91895992 -0.01296847 -0.39413765 0.03500860 0.99819577 0.04878100
0.91294938 -0.01571613 -0.40777016 0.06375335 0.99248105 0.10448442
0.93254972 -0.01167083 -0.36085305 0.06842539 0.98707652 0.14490686
0.96680874 0.00292454 -0.25548446 0.02844721 0.99248534 0.11901146
0.97454810 0.00460483 -0.22413144 -0.01682623 0.99847138 -0.05264850
0.97745538 0.00418929 -0.21110076 -0.00020422 0.99982148 0.01889584
0.97730786 0.01220707 -0.21147190 -0.04378831 0.98841673 -0.14530998
-0.08012864 0.97408020 -0.21153553 -0.98164743 -0.04027075 0.18640436
0.99234420 0.01230736 -0.12288854 -0.02485705 0.99456388 -0.10111839
0.99230736 0.01142479 -0.12327055 -0.02531710 0.99341631 -0.11172801
0.99216974 0.01188587 -0.12433014 -0.01677945 0.99912208 -0.03838669
0.99415100 0.01345532 -0.10715802 -0.01422169 0.99987847 -0.00639075
0.99418712 0.01288044 -0.10689312 -0.01234548 0.99990779 0.00566489
0.04796224 0.95546800 0.29117104 -0.98447549 -0.00405630 0.17547527
-0.01608093 0.99315292 0.11570957 -0.99628800 -0.02570346 0.08215594
0.99882060 0.02500685 -0.04161812 -0.02395229 0.99938411 0.02564771
0.99901205 0.02518149 -0.03661862 -0.02531218 0.99967480 -0.00310967
-0.02462515 0.99912280 0.03387241 -0.99966192 -0.02489321 0.00751480
-0.02511382 0.99868327 0.04473358 -0.99962956 -0.02555688 0.00936017
-0.02567923 0.99513417 0.09512439 -0.99966955 -0.02545156 -0.00360604
-0.02303886 0.99915838 0.03393935 -0.99949807 -0.02228167 -0.02252207
-0.02248580 0.99899095 0.03887859 -0.99912882 -0.02108730 -0.03601435
0.99866438 0.02432623 0.04558183 -0.02297375 0.99928695 -0.02996403
0.99909598 0.02254876 0.03603883 -0.02142682 0.99928284 -0.03122029
-0.01871468 0.99731541 -0.07079390 -0.99847776 -0.02231696 -0.05044011
-0.01986547 0.99848163 -0.05137924 -0.99866784 -0.02226451 -0.04654994
-0.01481852 0.98728752 -0.15825255 -0.99840111 -0.02324441 -0.05152587
-0.01767435 0.99338412 -0.11347105 -0.99836612 -0.02370212 -0.05199416
-0.01750305 0.99214643 -0.12385150 -0.99842817 -0.02393994 -0.05067673
-0.01784759 0.98544091 -0.16907905 -0.99895233 -0.02470217 -0.03852419
-0.02460111 0.98728728 -0.15703101 -0.99953830 -0.02709407 -0.01375449
-0.02338159 0.98138905 -0.19060145 -0.99918574 -0.02921108 -0.02783229
-0.02561233 0.99067754 -0.13379855 -0.99939597 -0.02852010 -0.01986095
-0.02582638 0.99180424 -0.12512960 -0.99945241 -0.02820789 -0.01729788
-0.02673288 0.99856997 -0.04629773 -0.99940640 -0.02770473 -0.02047833
-0.02674607 0.99912345 -0.03220263 -0.99947280 -0.02732081 -0.01754176
-0.02622299 0.99718690 -0.07021868 -0.99959296 -0.02536689 0.01305606
0.99833429 0.02327128 -0.05279266 -0.02312370 0.99972683 0.00340462
-0.03329058 0.93599313 -0.35044068 -0.99943650 -0.02966980 0.01569764
-0.02701410 0.99516869 -0.09439054 -0.99915451 -0.02395290 0.03341519
-0.03211208 0.98386049 -0.17603242 -0.99842435 -0.02346759 0.05097160
-0.03601149 0.97265357 -0.22945200 -0.99747032 -0.02090239 0.06794275
-0.03900268 0.95856154 -0.28220305 -0.99788809 -0.02268323 0.06086767
-0.03559374 0.95599830 -0.29120511 -0.99918568 -0.02850195 0.02856042
-0.03680287 0.94002002 -0.33912829 -0.99927855 -0.03143133 0.02132009
0.98148680 0.05242404 0.18421564 -0.03048093 0.99230701 -0.11999041
-0.02568698 0.95706403 -0.28873628 -0.99960995 -0.02775829 -0.00308065
-0.03965281 0.90200555 -0.42989954 -0.99911427 -0.02972687 0.02978344
-0.04187642 0.93731207 -0.34596604 -0.99787706 -0.02195058 0.06131520
-0.05303177 0.90336311 -0.42558521 -0.99631000 -0.01906353 0.08368427
-0.05160902 0.92709541 -0.37125552 -0.99354088 -0.01004526 0.11302930
-0.06940283 0.93717247 -0.34189335 -0.98917747 -0.02023876 0.14532161
-0.07176083 0.92940211 -0.36202496 -0.98936385 -0.02028305 0.14404106
-0.05638329 0.96445906 -0.25814670 -0.99100804 -0.02263822 0.13187331
0.98027891 0.01473798 -0.19706872 -0.05172721 0.98158336 -0.18389799
-0.11380875 0.92256117 -0.36868474 -0.97933882 -0.04173682 0.19787250
-0.11350013 0.92626828 -0.35936728 -0.97951084 -0.04375620 0.19658053
-0.10965905 0.93902117 -0.32590503 -0.97776020 -0.04293524 0.20528418
0.96379966 0.01726329 -0.26606822 -0.08115765 0.96954477 -0.23107676
-0.11830454 0.93593413 -0.33170977 -0.95966625 -0.02196793 0.28028223
-0.17591250 0.81500852 -0.55210143 -0.95699495 -0.01015733 0.28992692
0.95890695 0.01372750 -0.28338844 -0.04709899 0.99267191 -0.11128417
-0.11430219 0.93954003 -0.32279965 -0.96421659 -0.02668034 0.26376984
-0.13253881 0.90011674 -0.41499794 -0.97309321 -0.03855056 0.22716402
-0.10651759 0.95001876 -0.29345942 -0.97492301 -0.04178968 0.21858379
-0.10944130 0.94788450 -0.29922840 -0.96024346 -0.02304234 0.27821153
-0.09764186 0.95930946 -0.26493680 -0.95474613 -0.01514354 0.29703629
0.95416957 0.00760080 -0.29916999 -0.05974767 0.98439008 -0.16554886
-0.11751293 0.93753523 -0.32744238 -0.94900572 -0.00888751 0.31513357
-0.13629302 0.91012251 -0.39128157 -0.95876509 -0.02175207 0.28336608
-0.11477016 0.94295287 -0.31251851 -0.95106775 -0.01345031 0.30868956
-0.12950744 0.92765927 -0.35025159 -0.93859613 -0.00076795 0.34501711
-0.11896875 0.92288697 -0.36623228 -0.97687501 -0.04279799 0.20948425
-0.04063022 0.95151770 -0.30489892 -0.99776506 -0.02243662 0.06294077
-0.03652315 0.95378476 -0.29826277 -0.99909127 -0.02828843 0.03188088
-0.02579825 0.98814064 -0.15136874 -0.99964595 -0.02648737 -0.00253777
-0.02516150 0.96415043 -0.26416084 -0.99960726 -0.02752711 -0.00525684
0.99763381 0.02116689 0.06541225 -0.01686645 0.99770278 -0.06561037
-0.02603485 0.99867749 -0.04433393 -0.99904329 -0.02755211 -0.03396336
0.99932748 0.03297861 0.01602975 -0.03275015 0.99936110 -0.01431186
-0.02312306 0.99594200 0.08697654 -0.99911362 -0.02608239 0.03304316
-0.02686153 0.99584711 -0.08698896 -0.99910158 -0.02389172 0.03500323
-0.03908183 0.97652531 -0.21182767 -0.99557418 -0.01992147 0.09184372
-0.04037145 0.97638339 -0.21223968 -0.99563015 -0.02140858 0.09089750
-0.08032511 0.97419804 -0.21091732 -0.98161352 -0.04055391 0.18652181
0.96481597 0.00847026 -0.26278973 -0.04521833 0.98993444 -0.13410862
0.95849997 0.00523676 -0.28504464 -0.00335523 0.99996930 0.00708876
0.98689783 0.01091200 -0.16097707 -0.00784710 0.99977589 0.01966282
0.03949545 0.96784037 0.24844548 -0.98399276 -0.00556934 0.17812143
0.95758837 0.00448380 -0.28810501 -0.02193791 0.99811125 -0.05738242
0.94710457 0.00668102 -0.32085562 -0.05052884 0.99041778 -0.12852852
0.94761914 0.00781440 -0.31930706 -0.05486757 0.98882282 -0.13863300
-0.11820341 0.93937331 -0.32187849 -0.94419658 -0.00596514 0.32932851
-0.12861194 0.92795056 -0.34980953 -0.93861973 -0.00005349 0.34495360
-0.23088190 0.75979710 -0.60778457 -0.93438548 0.00105025 0.35626224
0.78908777 0.00510332 -0.61425936 0.10843737 0.98310453 0.14746815
0.79251498 0.00369113 -0.60984129 0.14962643 0.96824032 0.20030639
0.82089752 0.01922504 -0.57075185 -0.15433966 0.96971005 -0.18931922
0.85942549 0.02490811 -0.51065403 -0.14577799 0.96928811 -0.19806401
0.91160768 -0.00549356 -0.41102478 -0.03017933 0.99631774 -0.08025073
0.88473237 -0.01229533 -0.46593720 0.02770275 0.99927193 0.02623344
0.87877959 -0.02681456 -0.47647402 0.08407535 0.99150288 0.09926455
0.86339587 0.02523996 -0.50389540 -0.11547303 0.98212296 -0.14866219
0.81671160 -0.00833873 -0.57698584 -0.01963361 0.99891514 -0.04222753
0.82579750 -0.01968629 -0.56362313 0.04753982 0.99826348 0.03478594
0.81926125 -0.00889394 -0.57335150 -0.02173325 0.99867970 -0.04654633
0.74976289 -0.00318678 -0.66169894 -0.16456975 0.96767002 -0.19113229
0.72785306 -0.01749046 -0.68551004 0.16744490 0.97394675 0.15293795
0.70207578 -0.01941224 -0.71183759 -0.13727403 0.97718924 -0.16204004
0.60617143 -0.04552231 -0.79403019 -0.13134164 0.97892368 -0.15639004
0.62093550 -0.04081896 -0.78279817 0.08675921 0.99608630 0.01687876
0.55913609 -0.03130806 -0.82848459 -0.33286941 0.90673089 -0.25891525
0.44554704 -0.88579166 0.12985010 0.35409331 0.04114477 -0.93430459
0.49728906 -0.85893929 0.12217598 0.23969910 0.00068172 -0.97084701
0.48083410 -0.86880237 0.11824163 0.19295388 -0.02670095 -0.98084450
0.37319824 -0.92307949 0.09299137 0.35910946 0.05130851 -0.93188405
0.37065136 -0.92690349 0.05888579 0.22984080 0.03010984 -0.97276235
0.03328045 -0.99920803 -0.02181103 0.02185655 0.02254552 -0.99950689
0.18426861 -0.98285097 -0.00700481 0.14077733 0.03344550 -0.98947620
0.23537870 -0.97168493 -0.02062404 -0.13129297 -0.01076405 -0.99128520
0.37074462 -0.92828548 -0.02888959 -0.11086509 -0.01335120 -0.99374580
0.33247483 -0.94293648 0.01820471 0.01017363 -0.01571584 -0.99982476
0.45395845 -0.89070421 0.02382695 0.07871311 0.01345185 -0.99680656
0.11100506 0.00011298 -0.99381983 0.08347243 0.99646538 0.00943677
0.28848538 -0.95688009 0.03401019 0.20726836 0.02773141 -0.97789103
0.32285053 -0.94493556 0.05352031 0.29308176 0.04604639 -0.95497793
0.34874460 0.00094037 -0.93721735 0.00593232 0.99997729 0.00321079
0.41258389 0.02460729 -0.91058719 -0.19622986 0.97856617 -0.06246673
