-0.01432795 0.95710462 0.28938818 -0.99941140 -0.00468586 -0.03398433
-0.01321692 0.96937352 0.24523517 -0.99941844 -0.00509648 -0.03371799
-0.01833977 0.95597106 0.29288751 -0.99854982 -0.00268294 -0.05376932
-0.01307636 0.95632023 0.29202846 -0.99948883 -0.02102195 0.02408683
-0.01504984 0.96827567 0.24943101 -0.99972910 -0.01014196 -0.02094989
-0.01105670 0.96937644 0.24533048 -0.99943334 -0.00291227 -0.03353578
-0.02087951 0.95806980 0.28577304 -0.99788404 -0.00236586 -0.06497698
-0.01901687 0.95864552 0.28396690 -0.99880105 -0.00540078 -0.04865579
-0.01354329 0.95617831 0.29247165 -0.99934363 -0.00311444 -0.03609389
-0.01310791 0.95992959 0.27993470 -0.99981183 -0.00857790 -0.01740145
-0.01835167 0.96619397 0.25716239 -0.99832261 -0.00358166 -0.05778571
-0.01585853 0.97591752 0.21756284 -0.99766803 -0.00099771 -0.06824636
-0.00877925 0.96608561 0.25807264 -0.99996144 -0.00855045 -0.00200893
-0.00875964 0.97337306 0.22905949 -0.99992311 -0.00651516 -0.01055306
-0.02347392 0.95809788 0.28547764 -0.99788427 -0.00513709 -0.06481212
-0.02196149 0.95574707 0.29336894 -0.99666315 0.00214459 -0.08159655
-0.01524377 0.96774936 0.25145358 -0.99875915 -0.00281288 -0.04972170
-0.00895310 0.95820612 0.28593880 -0.99995852 -0.00809507 -0.00418264
-0.01501796 0.95942253 0.28157213 -0.99976844 -0.01006787 -0.01901871
-0.01860531 0.96860570 0.24790506 -0.99885112 -0.00705471 -0.04740004
-0.00611502 0.96679145 0.25549352 -0.99997985 -0.00547849 -0.00320298
-0.00839807 0.97508389 0.22167754 -0.99993289 -0.00641931 -0.00964525
-0.02598543 0.95106888 0.30788431 -0.99395072 0.00829518 -0.10951363
-0.02553052 0.95844889 0.28411949 -0.99518561 0.00253434 -0.09797516
-0.02363364 0.95816278 0.28524643 -0.99585760 0.00249541 -0.09089244
-0.01910308 0.96174335 0.27328542 -0.99676007 0.00304055 -0.08037535
-0.00560127 0.95708185 0.28976372 -0.99987942 -0.00955801 0.01224172
-0.00662254 0.95855498 0.28483078 -0.99997801 -0.00622072 -0.00231536
-0.01195890 0.97372037 0.22743274 -0.99959671 -0.00578266 -0.02780330
-0.01521800 0.98173422 0.18964796 -0.99872714 -0.00580225 -0.05010523
-0.01940426 0.97548479 0.21920991 -0.99663556 -0.00140954 -0.08194879
-0.00388709 0.96604002 0.25836334 -0.99993354 -0.00655980 0.00948354
-0.00696799 0.97733957 0.21156286 -0.99985743 -0.01006405 0.01356097
-0.01314943 0.97942930 0.20135897 -0.99975860 -0.00933301 -0.01989104
-0.02742000 0.95885617 0.28256500 -0.99505424 0.00081634 -0.09932990
-0.02705597 0.95622963 0.29136387 -0.99326605 0.00713062 -0.11563645
-0.01812616 0.96556121 0.25954387 -0.99722898 0.00127346 -0.07438259
-0.00464781 0.97167820 0.23626241 -0.99997246 -0.00314728 -0.00672782
-0.00480302 0.95699120 0.29007721 -0.99988872 -0.00869394 0.01212621
-0.01363053 0.97765505 0.20977324 -0.99691004 0.00294390 -0.07849678
-0.00867898 0.97970003 0.20028113 -0.99903703 0.00011898 -0.04387428
-0.01626851 0.98215485 0.18736914 -0.99860102 -0.00653040 -0.05247334
-0.01979003 0.97221226 0.23326333 -0.99980271 -0.01964303 -0.00295344
-0.00287332 0.96645463 0.25682142 -0.99943644 -0.01136491 0.03158606
0.00021917 0.95061255 0.31038010 -0.99812061 -0.01881212 0.05832137
-0.00649058 0.97734237 0.21156497 -0.99979329 -0.01041918 0.01745974
-0.00738813 0.97785938 0.20913270 -0.99980307 -0.01107612 0.01646902
-0.01223688 0.98287159 0.18388507 -0.99987245 -0.01013875 -0.01234588
-0.02768069 0.96367824 0.26562771 -0.99131519 0.00771178 -0.13128136
-0.02700268 0.96634686 0.25582159 -0.99437320 0.00025800 -0.10593343
-0.02853702 0.95441431 0.29711792 -0.99314910 0.00662414 -0.11666644
-0.02763769 0.95663869 0.28996304 -0.99253350 0.00821211 -0.12169603
-0.01956634 0.96948570 0.24436593 -0.99263114 0.01039702 -0.12072845
-0.00432168 0.97437394 0.22489288 -0.99998659 -0.00356795 -0.00375780
-0.00187916 0.95726907 0.28919283 -0.99955428 -0.01041459 0.02797870
-0.00129908 0.95804346 0.28662011 -0.99963742 -0.00895321 0.02539582
-0.01571637 0.97667634 0.21414101 -0.99674338 0.00163751 -0.08062214
-0.00619146 0.98667538 0.16258331 -0.99936211 -0.00038675 -0.03571039
-0.00407684 0.97398138 0.22659123 -0.99993831 -0.00631249 0.00914272
-0.01594656 0.98467195 0.17368630 -0.99837840 -0.00618681 -0.05658892
-0.02162135 0.97360253 0.22722386 -0.99579191 -0.00072658 -0.09164073
-0.01922979 0.97820485 0.20675001 -0.99620187 -0.00118162 -0.08706599
-0.00527347 0.97228140 0.23375441 -0.99926573 -0.01399504 0.03566787
-0.00098094 0.96345007 0.26788616 -0.99938327 -0.01034832 0.03355812
-0.00743726 0.98173928 0.19008598 -0.99974096 -0.01138925 0.01970655
-0.01155588 0.98433793 0.17591307 -0.99985975 -0.01350808 0.00990406
-0.00960502 0.99838918 0.05591719 -0.99902904 -0.00717656 -0.04346943
-0.02639204 0.96899086 0.24568315 -0.99159521 0.00576337 -0.12925129
-0.02922352 0.95891911 0.28217044 -0.99019605 0.01080366 -0.13926640
-0.02695446 0.96726358 0.25233844 -0.99038446 0.00842489 -0.13808584
-0.02237087 0.97646451 0.21451481 -0.99646866 -0.00440863 -0.08384970
-0.01832355 0.97457969 0.22329074 -0.99144077 0.01116254 -0.13007928
-0.02234705 0.96640766 0.25604072 -0.99112016 0.01216284 -0.13241206
-0.00283750 0.97112876 0.23853914 -0.99981880 -0.00724482 0.01760160
0.00330437 0.96149671 0.27479672 -0.99902022 -0.00895375 0.04334159
0.00481483 0.95573384 0.29419330 -0.99837166 -0.01212839 0.05574058
-0.01565197 0.97935915 0.20152090 -0.99405992 0.00646810 -0.10864177
-0.00913050 0.98861814 0.15016967 -0.99679112 0.00294485 -0.07999301
-0.00513264 0.98824018 0.15282337 -0.99908930 0.00140576 -0.04264529
-0.00827840 0.98421949 0.17675813 -0.99797976 0.00300319 -0.06346230
-0.00386875 0.98881745 0.14908099 -0.99979603 -0.00086977 -0.02017635
-0.01602769 0.98728669 0.15813941 -0.99764532 -0.00524244 -0.06838368
-0.01321601 0.99109381 0.13250798 -0.99950826 -0.00932552 -0.02993813
-0.02342299 0.97295243 0.22981517 -0.99410647 0.00167120 -0.10839551
-0.02003116 0.97903633 0.20269844 -0.99564075 -0.00106126 -0.09326576
-0.00394405 0.97303909 0.23060657 -0.99903810 -0.01390539 0.04158698
0.00364974 0.96266168 0.27068275 -0.99902421 -0.00840411 0.04335887
-0.00275704 0.98064530 0.19577336 -0.99910617 -0.01095960 0.04082732
-0.00838768 0.98432201 0.17618154 -0.99988723 -0.01045122 0.01078790
-0.01240348 0.98918086 0.14617586 -0.99988788 -0.01104312 -0.01011415
-0.02817533 0.97321832 0.22814968 -0.98757905 0.00819286 -0.15690929
-0.03548887 0.95847291 0.28296676 -0.98628438 0.01207939 -0.16461258
-0.02383443 0.97605771 0.21620202 -0.99299902 0.00191331 -0.11810745
-0.00010279 0.97513044 0.22163165 -0.99996656 -0.00191361 0.00795568
0.00715916 0.95708740 0.28971124 -0.99870402 -0.00775604 0.05030209
0.00973416 0.95612603 0.29279384 -0.99807584 -0.00864110 0.06139956
-0.02536696 0.97060192 0.23935005 -0.98795521 0.01221919 -0.15425690
-0.01215588 0.98403865 0.17753924 -0.99430162 0.00691022 -0.10637949
-0.00286468 0.99202204 0.12603259 -0.99956119 0.00087523 -0.02960878
-0.00400338 0.99389791 0.11023131 -0.99803454 0.00292264 -0.06259850
-0.00424861 0.98795950 0.15465485 -0.99998939 -0.00391663 -0.00245124
-0.01743363 0.98790318 0.15408911 -0.99690628 -0.00536144 -0.07841639
-0.01263490 0.99416447 0.10713292 -0.99878907 -0.00745316 -0.04863064
-0.02054986 0.98488903 0.17196319 -0.99470460 -0.00281663 -0.10273695
-0.00202325 0.97680247 0.21413310 -0.99879080 -0.01249240 0.04754894
0.00025183 0.97265017 0.23227471 -0.99804610 -0.01426838 0.06083091
0.00139989 0.97023553 0.24215943 -0.99716085 -0.01687736 0.07338525
-0.00336464 0.98515183 0.17165242 -0.99868983 -0.01207536 0.04972740
-0.00808131 0.98846531 0.15123172 -0.99954951 -0.01235664 0.02735170
-0.00929799 0.98972529 0.14267968 -0.99994195 -0.00842449 -0.00672496
-0.03340760 0.97033334 0.23945177 -0.98227131 0.01234224 -0.18705818
-0.02710893 0.97791505 0.20723736 -0.98593009 0.00805158 -0.16696444
-0.02754775 0.97184008 0.23402558 -0.98728549 0.01021333 -0.15862890
-0.03683992 0.95837730 0.28311798 -0.98650622 0.01034846 -0.16339669
-0.02129679 0.98133665 0.19111465 -0.99135268 0.00402972 -0.13116288
-0.00003245 0.98045927 0.19672228 -0.99999875 -0.00034271 0.00154310
0.00256133 0.96424621 0.26499575 -0.99669021 -0.01907038 0.07902538
0.01250206 0.95673060 0.29070663 -0.99819946 -0.00511569 0.05976433
0.00502867 0.97048938 0.24109150 -0.99863201 -0.00767457 0.05172260
0.01240931 0.95619220 0.29247656 -0.99802828 -0.00615386 0.06246351
-0.01191149 0.98743767 0.15755942 -0.99116939 0.00915155 -0.13228588
-0.01316256 0.98372489 0.17919865 -0.99209374 0.00952089 -0.12513725
-0.02347185 0.96791869 0.25016487 -0.99049646 0.01140583 -0.13706441
-0.00213828 0.99593890 0.09000642 -0.99854571 0.00272218 -0.05384384
-0.00600097 0.99269754 0.12048077 -0.99673468 0.00376395 -0.08065883
-0.00394602 0.99521458 0.09763438 -0.99999011 -0.00412690 0.00165071
-0.00288439 0.99016625 0.13986634 -0.99991494 -0.00463514 0.01219318
-0.01529944 0.99192017 0.12593772 -0.99646276 -0.00471683 -0.08390340
-0.01984278 0.98606968 0.16514504 -0.99514568 -0.00355418 -0.09834860
-0.01356490 0.99193323 0.12603381 -0.99912190 -0.00844900 -0.04103775
-0.02185198 0.98466200 0.17309909 -0.99171042 0.00057982 -0.12849154
0.01906309 0.96891719 0.24664995 -0.99431998 -0.00746403 0.10617007
0.00255264 0.98658359 0.16323702 -0.99791563 -0.00801277 0.06403321
-0.00799847 0.99109679 0.13290274 -0.99974740 -0.01071739 0.01975523
-0.00916581 0.99678808 0.07955840 -0.99972278 -0.01086017 0.02089063
-0.03413248 0.97146499 0.23471433 -0.97997445 0.01356663 -0.19866051
-0.03931287 0.96151024 0.27194235 -0.98281550 0.01191463 -0.18420573
-0.02942574 0.97976023 0.19800006 -0.98282140 0.00774707 -0.18439654
-0.03165498 0.97215348 0.23219723 -0.98251134 0.01238356 -0.18579076
-0.04071417 0.95830876 0.28281924 -0.98047626 0.01617957 -0.19597080
-0.03681649 0.96357644 0.26488683 -0.98246306 0.01358278 -0.18596201
0.00190288 0.98234129 0.18708843 -0.99909049 -0.00610202 0.04220153
0.00245646 0.97160053 0.23661445 -0.99885643 -0.00891379 0.04697215
0.00382506 0.96753299 0.25271577 -0.99905616 -0.00723733 0.04282995
0.01625874 0.95831692 0.28524441 -0.99684078 -0.00664600 0.07914738
0.00885409 0.96636963 0.25700462 -0.99632728 -0.01336466 0.08457740
0.01587080 0.95536089 0.29501474 -0.99631339 -0.00976795 0.08523037
-0.00850706 0.99160242 0.12904392 -0.99373269 0.00600072 -0.11162143
-0.00789675 0.99235654 0.12315109 -0.99476999 0.00474595 -0.10203014
-0.00359975 0.99469179 0.10283611 -0.99942154 -0.00010088 -0.03400866
-0.00329375 0.99627769 0.08613919 -0.99742699 0.00289578 -0.07163147
-0.00828244 0.99276167 0.11981516 -0.99434251 0.00451251 -0.10612538
-0.00457614 0.99375176 0.11151939 -0.99987972 -0.00620005 0.01421923
-0.00102303 0.98841327 0.15178354 -0.99938524 -0.00632990 0.03448432
-0.01537678 0.99268144 0.11977965 -0.99361295 -0.00177706 -0.11282813
-0.01273497 0.99465382 0.10247715 -0.99756604 -0.00561159 -0.06950213
-0.01175358 0.99672699 0.07998288 -0.99888092 -0.00803888 -0.04660825
-0.02251743 0.98534995 0.16905178 -0.99126458 -0.00002513 -0.13188842
0.01020672 0.98662305 0.16269863 -0.99819177 0.00041422 0.06010859
0.02232004 0.96985674 0.24265149 -0.99523109 -0.00149830 0.09753383
-0.00230298 0.99330407 0.11550634 -0.99919438 -0.00691363 0.03953211
-0.00736979 0.99191010 0.12672846 -0.99988526 -0.00898702 0.01219433
-0.04932958 0.94344038 0.32785192 -0.99232495 -0.00902849 -0.12332743
-0.03354532 0.97829407 0.20448819 -0.98361683 0.00394455 -0.18022886
-0.03434649 0.97287989 0.22874677 -0.98282069 0.00865002 -0.18436050
-0.04110754 0.95922393 0.27964199 -0.98225266 0.01246468 -0.18714790
-0.03910922 0.96812201 0.24740708 -0.98014361 0.01100063 -0.19798383
0.00439029 0.97311026 0.23029797 -0.99741632 -0.01225219 0.07078517
0.02082829 0.96577311 0.25855085 -0.99545079 -0.00401608 0.09519273
0.01254850 0.96502006 0.26187572 -0.99691147 -0.00823100 0.07810124
0.01314992 0.95837611 0.28520590 -0.99458939 -0.01685870 0.10250749
0.01589800 0.95550114 0.29455891 -0.99640423 -0.00938028 0.08420625
-0.01695154 0.98465335 0.17369641 -0.98664832 0.01167033 -0.16244684
-0.00715371 0.99649340 0.08336580 -0.99878186 -0.00304997 -0.04924952
0.99550611 0.00403748 0.09461164 -0.01254667 0.99590629 0.08951689
-0.00765469 0.99961489 0.02667496 -0.99996841 -0.00759448 -0.00235773
-0.00589462 0.99473780 0.10228372 -0.99952441 -0.00895707 0.02950726
-0.00070598 0.99057972 0.13693561 -0.99858195 -0.00798768 0.05263390
0.99171251 0.01178037 0.12793583 -0.02554113 0.99398905 0.10645886
-0.01046493 0.99726641 0.07314572 -0.99724615 -0.00503770 -0.07399184
-0.01384158 0.99270469 0.11977415 -0.99740714 -0.00524729 -0.07177409
0.98255813 0.00957000 0.18570960 -0.04030567 0.98589402 0.16244535
0.99688822 0.00410178 -0.07872195 0.00205708 0.99695158 0.07799548
-0.00623130 0.99357587 0.11299657 -0.99953532 -0.00956039 0.02894401
-0.00882891 0.99988824 0.01206734 -0.99992967 -0.00873239 -0.00802764
-0.03965429 0.96738350 0.25019339 -0.98093456 0.00998541 -0.19408183
0.97310621 0.00871114 0.23019226 -0.05581747 0.97842199 0.19893439
0.93716222 -0.03347884 0.34728405 -0.05627359 0.96784830 0.24515936
-0.05063533 0.96502924 0.25720567 -0.97065592 0.01306704 -0.24011737
-0.03368543 0.97396576 0.22417878 -0.98205578 0.00938905 -0.18835677
0.00705878 0.97378802 0.22734819 -0.99736428 -0.00956209 0.07192325
0.00154850 0.98558307 0.16918521 -0.99852002 -0.00767354 0.05384115
0.02551573 0.95914215 0.28177175 -0.99089140 -0.01301516 0.13403298
0.01429000 0.96029496 0.27862054 -0.99484533 -0.01432243 0.10038779
0.01821513 0.95568132 0.29383916 -0.99706250 -0.00450504 0.07646020
0.98336345 -0.00016075 0.18164881 -0.03102638 0.98515600 0.16883445
0.99351770 0.00696729 0.11346417 -0.01564649 0.99700159 0.07578309
-0.00831887 0.99593025 0.08974251 -0.99778652 -0.00234589 -0.06645803
-0.01035790 0.99558365 0.09330594 -0.99972367 -0.00834100 -0.02198004
-0.00794108 0.99650872 0.08311107 -0.99685895 -0.00133962 -0.07918549
-0.00950780 0.99580556 0.09099966 -0.99992681 -0.01014973 0.00659408
-0.00888614 0.99498743 0.09960443 -0.99957627 -0.01159984 0.02669878
-0.00531789 0.99353540 0.11339833 -0.99875444 -0.01090317 0.04869049
0.00018565 0.98673630 0.16233149 -0.99761748 -0.01101624 0.06810348
0.99178970 0.01177209 0.12733681 -0.02563382 0.99384481 0.10777505
0.99673808 0.01390081 0.07949885 -0.01918961 0.99762487 0.06615459
0.99926090 0.01401463 0.03579452 -0.01514303 0.99939066 0.03145039
-0.01090682 0.99737531 0.07157864 -0.99958205 -0.00895831 -0.02748675
-0.03419434 0.98398226 0.17495631 -0.98425758 -0.00278268 -0.17671800
-0.00883870 0.99812299 0.06060042 -0.99917293 -0.01122110 0.03908622
-0.01066429 0.99178404 0.12747829 -0.99972683 -0.01322676 0.01927163
-0.04291273 0.96837294 0.24578933 -0.97730172 0.01039845 -0.21159685
0.97461933 0.01195229 0.22354926 -0.05840986 0.97756237 0.20238613
0.96773708 -0.00304822 0.25194392 -0.05815608 0.97022480 0.23512079
-0.06347775 0.96045864 0.27109006 -0.96948832 0.00510071 -0.24508446
0.95289177 -0.01448331 0.30296454 -0.02572930 0.99139917 0.12831861
0.96961159 -0.00661652 0.24456003 -0.03987817 0.98199064 0.18467325
0.98037368 -0.00348895 0.19711787 -0.01669306 0.99478382 0.10063109
0.01153054 0.97073931 0.23985888 -0.99427623 -0.01434960 0.10587171
0.00458813 0.97874826 0.20501418 -0.99466097 -0.01666964 0.10184181
0.02593916 0.95817924 0.28499094 -0.99224311 -0.00999334 0.12391049
0.01810021 0.95609367 0.29250169 -0.99362749 -0.01535105 0.11166397
0.97902089 -0.00369219 0.20372649 -0.03373443 0.98310083 0.17992999
0.98536623 0.00139474 0.17044504 -0.02408033 0.99107641 0.13110182
0.99325055 0.00649515 0.11580686 -0.01647466 0.99620831 0.08542622
0.99830705 -0.00015729 0.05816451 -0.00271200 0.99878287 0.04924834
-0.01053639 0.99576199 0.09136264 -0.99991876 -0.01114820 0.00618870
-0.01539519 0.99584579 0.08974502 -0.99954313 -0.01299305 -0.02728937
0.99456471 0.00743221 0.10385446 -0.01616316 0.99637818 0.08348231
-0.00990520 0.99592745 0.08961295 -0.99911976 -0.01351042 0.03971436
-0.00845803 0.99631083 0.08540078 -0.99853891 -0.01297343 0.05245726
-0.00514555 0.99482238 0.10149864 -0.99782139 -0.01178385 0.06491212
0.00036463 0.98890215 0.14856836 -0.99589074 -0.01309562 0.08961141
-0.00433513 0.99472111 0.10252351 -0.99786502 -0.01098436 0.06438033
0.99047595 0.01359087 0.13701333 -0.02768628 0.99444997 0.10150219
0.99491143 0.01397701 0.09977904 -0.02077519 0.99750823 0.06742187
0.99678332 0.01262841 0.07914276 -0.01501673 0.99944741 0.02965523
0.99750221 0.01207251 0.06959638 -0.01238938 0.99991477 0.00412308
0.99902600 0.01361343 0.04197279 -0.01496273 0.99937582 0.03200232
-0.00952418 0.99929583 0.03629236 -0.99936765 -0.00826888 -0.03458298
-0.01219393 0.99721164 0.07362317 -0.99989295 -0.01156481 -0.00896545
-0.03536981 0.98419327 0.17352997 -0.98418170 -0.00414123 -0.17711377
0.96455675 0.00134219 0.26387224 -0.04569840 0.98572683 0.16203173
-0.01291583 0.99815559 -0.05931841 -0.99930179 -0.01080514 0.03576633
-0.01126102 0.99757469 0.06868737 -0.99974900 -0.01256285 0.01855059
-0.05917210 0.96434569 0.25794563 -0.96853358 0.00711557 -0.24878129
0.96789926 0.00782480 0.25121674 -0.06128503 0.97669429 0.20570007
0.97135741 0.01019736 0.23740426 -0.04980818 0.98562193 0.16145793
-0.07055614 0.95813459 0.27748865 -0.95789886 0.01253169 -0.28683224
-0.07086010 0.95740563 0.27991670 -0.96131516 0.00933789 -0.27529275
-0.06428638 0.96138370 0.26759809 -0.96838588 0.00466883 -0.24941346
0.96231318 -0.00395632 0.27191496 -0.06566238 0.96692872 0.24644934
0.95334595 -0.01331531 0.30158618 -0.03916661 0.98512709 0.16730408
0.96923143 -0.00606705 0.24607654 -0.04116286 0.98162419 0.18633188
0.01337258 0.96738899 0.25294214 -0.99306232 -0.01670661 0.11639658
0.00668769 0.98127007 0.19252102 -0.99435627 -0.01385971 0.10518366
0.02079167 0.96883047 0.24685083 -0.99172175 -0.01130681 0.12790693
0.98480225 0.00143400 0.17367357 -0.02653333 0.98947006 0.14228521
0.98397446 0.00053689 0.17830883 -0.02218499 0.99259400 0.11943634
0.98562747 0.00143366 0.16892754 -0.01531521 0.99660456 0.08090034
0.99233717 0.00522259 0.12344934 -0.01505129 0.99677533 0.07881945
0.98415953 0.00123535 0.17728093 -0.01496468 0.99698579 0.07612781
-0.01551176 0.99590486 0.08906730 -0.99713582 -0.00881294 -0.07511720
-0.01636820 0.99558049 0.09247466 -0.99806970 -0.01072734 -0.06117001
-0.01405860 0.99653089 0.08202755 -0.99988592 -0.01446436 0.00435450
-0.01805803 0.99518311 0.09635655 -0.99945766 -0.01531284 -0.02915373
-0.01532115 0.99608612 0.08705050 -0.99988264 -0.01527271 -0.00122248
0.99448842 0.00796680 0.10454395 -0.01681891 0.99631816 0.08406740
-0.01316383 0.99680519 0.07877950 -0.99894542 -0.01657605 0.04281747
-0.01075917 0.99628693 0.08542010 -0.99856848 -0.01518120 0.05128849
-0.00476637 0.99479401 0.10179464 -0.99787939 -0.01133984 0.06409515
0.00640202 0.98437411 0.17597330 -0.99316639 -0.01424813 0.11583443
0.98778701 0.01402379 0.15517789 -0.03010755 0.99435043 0.10178822
0.98920596 0.01291816 0.14596131 -0.02083832 0.99838430 0.05286406
0.99131048 0.01321900 0.13087721 -0.01786788 0.99924809 0.03441047
0.99475902 0.01258355 0.10147021 -0.01287856 0.99991459 0.00225276
0.99764925 0.01232526 0.06740967 -0.01332903 0.99980658 0.01446122
0.99903291 0.01188193 0.04233328 -0.01139628 0.99986672 -0.01169488
0.99941331 0.01272171 0.03180008 -0.01300079 0.99987864 0.00858500
0.99955654 0.01358590 0.02649860 -0.01384894 0.99985641 0.00976837
-0.00932955 0.99947971 0.03087549 -0.99975139 -0.00869781 -0.02053235
-0.01080704 0.99884343 0.04685176 -0.99993956 -0.01070011 -0.00253249
0.98093730 0.01253164 0.19392003 -0.04178877 0.98817462 0.14752842
0.98378533 0.01227050 0.17892975 -0.04122084 0.98641878 0.15899317
0.97452420 0.01113143 0.22400606 -0.04847762 0.98561221 0.16192120
-0.01290839 0.99936110 0.03332802 -0.99973124 -0.01354081 0.01882021
-0.01141114 0.99880844 0.04744984 -0.99993330 -0.01131286 -0.00233935
-0.06028410 0.96473682 0.25622022 -0.96797061 0.00617258 -0.25098780
0.96411270 0.00725194 0.26539451 -0.06697865 0.97393703 0.21670394
0.97128958 0.01034445 0.23767550 -0.05504762 0.98171359 0.18223122
0.94898117 -0.00719714 0.31525061 -0.08441130 0.95745617 0.27595726
-0.07163256 0.95719457 0.28044131 -0.96133959 0.00869440 -0.27522847
0.95467913 -0.00320057 0.29761970 -0.08042761 0.95996881 0.26831222
0.93762839 -0.01849926 0.34714654 -0.05956689 0.97526550 0.21285908
0.94200617 -0.01970709 0.33501652 -0.04565098 0.98147035 0.18609661
0.96686530 -0.00829948 0.25515205 -0.03555895 0.98534983 0.16679709
0.02133518 0.97542208 0.21930937 -0.99069530 -0.00886555 0.13580962
0.02361625 0.96910024 0.24553420 -0.99186701 -0.00801273 0.12702635
0.98016107 -0.00175278 0.19819507 -0.03103156 0.98627204 0.16218688
0.98115677 -0.00111508 0.19321010 -0.03383996 0.98353487 0.17752191
0.97258967 -0.00619815 0.23244572 -0.02383563 0.99172145 0.12617627
0.98774129 0.00280841 0.15607484 -0.01296175 0.99786097 0.06407478
0.99297136 0.00535792 0.11823419 -0.01442382 0.99700689 0.07595571
0.98854321 0.00320815 0.15090401 -0.01423227 0.99730086 0.07203075
-0.01723078 0.99600267 0.08764576 -0.99765384 -0.01131787 -0.06751867
-0.01741246 0.99601096 0.08751595 -0.99768794 -0.01155714 -0.06697250
-0.01482087 0.99610561 0.08691400 -0.99988979 -0.01484242 -0.00039832
-0.01327212 0.99600071 0.08835414 -0.99957365 -0.01551398 0.02473538
-0.01816703 0.99644053 0.08231809 -0.99913597 -0.01501465 -0.03875368
-0.01631014 0.99606758 0.08708285 -0.99986649 -0.01633793 -0.00039363
0.99444258 0.01020751 0.10478453 -0.01921696 0.99616700 0.08533495
-0.01452098 0.99634117 0.08422211 -0.99873000 -0.01851664 0.04685658
0.98360193 -0.15039712 -0.09953879 0.15708788 0.98556340 0.06315170
-0.01524831 0.99629194 0.08467535 -0.99838150 -0.01981110 0.05330959
-0.00150854 0.99355906 0.11330532 -0.99671763 -0.01066518 0.08025132
0.01472830 0.98473001 0.17346455 -0.99256128 -0.00656943 0.12156867
0.00040696 0.99399906 0.10938797 -0.99436694 -0.01119202 0.10540032
0.99106866 0.01718829 0.13224028 -0.03266164 0.99274158 0.11574692
0.98526436 0.01380928 0.17048018 -0.03435841 0.99239725 0.11818283
0.98829305 0.01268305 0.15203957 -0.02087237 0.99840868 0.05238866
0.99133223 0.01286792 0.13074771 -0.01804837 0.99909508 0.03851427
0.99715745 0.01192317 0.07439697 -0.01177304 0.99992770 -0.00245625
0.99456805 0.01256109 0.10332779 -0.01274712 0.99991810 0.00114024
0.99906206 0.01136186 0.04178443 -0.01010541 0.99949408 -0.03015907
0.99963528 0.01321756 0.02355000 -0.01340806 0.99987853 0.00794954
0.99739736 0.01145825 0.07118449 -0.01053381 0.99985546 -0.01334842
0.99956781 0.01346434 0.02613439 -0.01349881 0.99990827 0.00114295
0.98260534 0.01259804 0.18527833 -0.03892971 0.98950183 0.13917847
0.96955395 0.00986645 0.24467926 -0.04500969 0.98934489 0.13845885
-0.01252997 0.99990457 0.00582549 -0.99992108 -0.01253507 0.00083981
0.96317083 0.00467341 0.26884985 -0.05932645 0.97890276 0.19552436
-0.06249207 0.96488225 0.25514099 -0.96509463 0.00672518 -0.26181510
0.95375174 0.00428621 0.30056500 -0.07243679 0.97370923 0.21597059
0.96607095 0.00886740 0.25812456 -0.05113237 0.98619562 0.15749183
0.91068488 -0.02450040 0.41237453 -0.04480414 0.98649317 0.15755564
0.95546585 0.00119894 0.29509941 -0.08170570 0.96197343 0.26063639
-0.06427232 0.96303362 0.26160148 -0.96700037 0.00465927 -0.25473252
0.94238567 -0.01543686 0.33417231 -0.05095544 0.98065454 0.18899803
0.95460218 -0.01406506 0.29755154 -0.01796468 0.99434829 0.10463631
0.97005433 -0.00768491 0.24276647 -0.02150293 0.99285764 0.11735160
0.97437179 -0.00525976 0.22488217 -0.01428082 0.99626344 0.08517766
0.98480988 0.00066076 0.17363505 -0.01414848 0.99697286 0.07645229
0.99063241 0.00397148 0.13649786 -0.01473804 0.99684775 0.07795739
0.98773485 0.00265469 0.15611774 -0.01457842 0.99705577 0.07528123
-0.01901010 0.99603230 0.08693875 -0.99610251 -0.01137692 -0.08746649
-0.01681478 0.99599975 0.08776005 -0.99769354 -0.01094051 -0.06699227
-0.01696135 0.99585414 0.08936953 -0.99951470 -0.01922340 0.02451145
-0.02107195 0.99582118 0.08886074 -0.99899107 -0.01744631 -0.04138253
-0.02082607 0.99513710 0.09627328 -0.99977750 -0.02040591 -0.00534693
-0.01766357 0.99528414 0.09538096 -0.99971330 -0.01912327 0.01441144
0.99084753 0.00742522 0.13478155 -0.01869085 0.99641478 0.08251263
0.99399483 0.01071578 0.10890131 -0.01976435 0.99640721 0.08235328
-0.00060925 0.99313551 0.11696810 -0.99660808 -0.01022858 0.08165634
0.98045528 -0.16077629 -0.11339550 0.16839604 0.98382354 0.06110719
-0.01755414 0.99708176 0.07429578 -0.99886692 -0.02077603 0.04281745
-0.00130443 0.99343765 0.11436801 -0.99649435 -0.01085830 0.08295313
0.01362771 0.98697269 0.16030988 -0.99454635 -0.00320007 0.10424673
0.97625780 -0.15572143 -0.15057114 0.17200005 0.97981602 0.10186569
0.98270857 0.01171937 0.18478779 -0.02987975 0.99495190 0.09580113
0.98069799 0.01060013 0.19524123 -0.02479532 0.99721026 0.07040609
0.98334217 0.01286194 0.18130864 -0.03388695 0.99297738 0.11334734
0.98665971 0.01204950 0.16234957 -0.01997933 0.99868095 0.04730035
0.98404115 0.01148715 0.17756997 -0.02333527 0.99762678 0.06477998
0.98744988 0.01208607 0.15746933 -0.01607017 0.99958158 0.02405214
0.99309820 0.01290172 0.11657443 -0.01386249 0.99987632 0.00743459
0.99431056 0.01124208 0.10592560 -0.00970398 0.99984008 -0.01502478
0.99776697 0.00823967 0.06628153 -0.00573575 0.99926591 -0.03787902
0.99922234 0.01228407 0.03746869 -0.01108584 0.99942577 -0.03202130
-0.00952201 0.99969161 -0.02293596 -0.99974269 -0.00998981 -0.02036835
0.99694866 0.00922547 0.07751359 -0.00676533 0.99946690 -0.03194095
0.97083348 0.01036474 0.23953089 -0.03848737 0.99284583 0.11303026
0.96657300 0.00933945 0.25622156 -0.04668429 0.98904169 0.14006108
-0.01256713 0.99983519 -0.01310361 -0.99992019 -0.01254862 0.00149376
0.94888777 0.00235747 0.31560490 -0.07306950 0.97444499 0.21240965
0.94898438 0.00175689 0.31531817 -0.07423560 0.97312176 0.21799813
0.95184243 0.00357111 0.30656683 -0.05426534 0.98610687 0.15699857
0.90418237 -0.02708930 0.42628679 -0.07508194 0.97236919 0.22104500
0.93127328 -0.01440251 0.36403677 -0.08956918 0.95949852 0.26709542
0.94787586 -0.00226844 0.31863183 -0.08309844 0.96361095 0.25406408
0.91965169 -0.02702162 0.39180443 -0.05252858 0.98020345 0.19089800
0.95166397 -0.01492117 0.30677864 -0.02043041 0.99353182 0.11170120
0.95469385 -0.01393223 0.29726335 -0.02218060 0.99279368 0.11776596
0.97196698 -0.00658531 0.23502524 -0.02114102 0.99311078 0.11525701
0.95662248 -0.01127620 0.29111221 -0.00689514 0.99809438 0.06131916
0.97376364 -0.00455869 0.22751600 -0.01450515 0.99652278 0.08204884
0.98495299 0.00098250 0.17281990 -0.01342181 0.99739850 0.07082461
0.99042505 0.00634541 0.13790600 -0.01776741 0.99649435 0.08175220
0.98816240 0.00240716 0.15339297 -0.01431542 0.99696106 0.07657532
0.98908353 0.00260783 0.14733304 -0.01593046 0.99587578 0.08931794
-0.02252627 0.99629605 0.08298649 -0.99620426 -0.01538784 -0.08567559
-0.01908970 0.99564183 0.09128532 -0.99803019 -0.01351873 -0.06126161
-0.02527078 0.99488592 0.09779251 -0.99952739 -0.02343290 -0.01989692
-0.02090557 0.99530303 0.09452428 -0.99978113 -0.02088920 -0.00116275
-0.02140718 0.99504739 0.09706903 -0.99976629 -0.02101234 -0.00508818
-0.01991192 0.99699301 0.07488936 -0.99944621 -0.02184636 0.02510084
0.98793614 0.00538647 0.15476848 -0.01936642 0.99584669 0.08896315
0.99346161 0.01182249 0.11355349 -0.02154129 0.99616969 0.08474628
0.98132950 -0.16038726 -0.10615250 0.16777562 0.98369831 0.06472284
0.98332745 -0.16223310 -0.08214355 0.16725279 0.98418289 0.05840041
-0.01649440 0.99702471 0.07529674 -0.99809194 -0.02089995 0.05810130
-0.01697893 0.99663872 0.08014389 -0.99906874 -0.02009086 0.03818391
0.97593266 -0.15861285 -0.14965770 0.17469732 0.97940707 0.10120624
0.98180997 0.01141628 0.18952267 -0.02683771 0.99651301 0.07900406
0.98540866 0.01169138 0.16980332 -0.02061545 0.99849159 0.05088772
0.98592627 0.01188377 0.16675796 -0.01916943 0.99892747 0.04214859
0.98441708 0.01151229 0.17547236 -0.00796773 0.99975002 -0.02089130
0.98587221 0.01210850 0.16706115 -0.01820172 0.99922192 0.03499014
0.99139154 0.01166245 0.13041063 -0.00992291 0.99985307 -0.01398084
0.99483156 0.01069080 0.10097443 -0.00701459 0.99930203 -0.03669248
0.99527472 0.00977457 0.09660570 -0.00323215 0.99770397 -0.06764866
0.99698740 0.00887263 0.07705480 -0.00633135 0.99942994 -0.03316202
0.99913198 0.01263840 0.03969434 -0.01280997 0.99990970 0.00407095
-0.01136151 0.99966180 -0.02339271 -0.99984449 -0.01167294 -0.01321990
0.97510225 0.01106179 0.22147977 -0.03296683 0.99488795 0.09545247
0.96360677 0.00811263 0.26720065 -0.03300645 0.99550194 0.08880631
0.95849568 0.00608752 0.28504211 -0.04332729 0.99127018 0.12452421
0.94406462 0.00164424 0.32975650 -0.07023712 0.97804391 0.19620611
0.94555926 0.00206993 0.32544354 -0.07934960 0.97126848 0.22436856
0.93253231 -0.00575443 0.36104074 -0.06883939 0.97870117 0.19340426
0.95446050 0.00511404 0.29829371 -0.04487929 0.99093652 0.12661286
0.88899505 -0.03119175 0.45685327 -0.07187971 0.97580391 0.20649461
0.89911276 -0.03240149 0.43651611 -0.04140140 0.98649043 0.15850112
0.92685586 -0.00716918 0.37534896 -0.09594677 0.96208978 0.25529903
0.94187832 -0.00119075 0.33595210 -0.08426674 0.96718824 0.23967911
0.92606890 -0.02472110 0.37654391 -0.01792033 0.99384487 0.10932165
0.95205003 -0.01494012 0.30557749 -0.01801311 0.99433696 0.10473580
0.95450121 -0.01080005 0.29801154 -0.00792490 0.99807239 0.06155318
0.97354203 -0.00519917 0.22844893 -0.00620352 0.99877131 0.04916710
0.98037905 -0.00157231 0.19711553 -0.01354145 0.99706876 0.07530334
0.98848945 0.00471507 0.15121642 -0.01723512 0.99651682 0.08159222
0.98072827 -0.00054105 0.19537614 -0.01206978 0.99791837 0.06335010
0.97974664 -0.00055555 0.20024054 -0.01440176 0.99721092 0.07323235
0.99359769 0.01250187 0.11228263 -0.02217263 0.99610877 0.08529768
-0.02093336 0.99507171 0.09692360 -0.99783963 -0.01475595 -0.06401859
-0.02899499 0.99494123 0.09618372 -0.99933892 -0.02674209 -0.02463004
-0.03138712 0.99506152 0.09416709 -0.99926955 -0.02918521 -0.02467019
-0.02124784 0.99594802 0.08738507 -0.99965632 -0.02250653 0.01344396
-0.02454271 0.99608243 0.08495571 -0.99969423 -0.02419688 -0.00509815
-0.01856264 0.99655229 0.08086404 -0.99946487 -0.02067371 0.02534787
0.98759246 0.00454531 0.15697291 -0.01786313 0.99634469 0.08353542
0.98820680 0.00672978 0.15297745 -0.01941931 0.99647528 0.08160834
0.98755527 0.00902284 0.15701358 -0.02278344 0.99602932 0.08606197
0.97984803 -0.16279352 -0.11574174 0.17095791 0.98316830 0.06444813
-0.01410637 0.98916119 0.14615457 -0.99676448 -0.02547869 0.07623294
0.98592895 0.01446947 0.16653755 -0.02892289 0.99598730 0.08469266
0.98441321 0.01120958 0.17551354 -0.00768509 0.99975520 -0.02074785
0.98165381 0.01160991 0.19031835 -0.01084628 0.99992841 -0.00505358
0.98828071 0.01213294 0.15216449 -0.00760739 0.99951226 -0.03028813
0.99504566 0.00979031 0.09893583 -0.00677044 0.99950224 -0.03081338
0.99853462 0.00808391 0.05350949 -0.00728300 0.99985880 -0.01514574
0.99840093 0.00850686 0.05588599 -0.00767933 0.99985796 -0.01500555
0.99963588 0.02005995 0.01805142 -0.01983346 0.99972343 -0.01263982
0.99960059 0.02018861 0.01977630 -0.01988453 0.99968284 -0.01545382
0.97316593 0.01052289 0.22986373 -0.02526940 0.99779922 0.06130409
0.95972317 0.00809877 0.28083074 -0.03481778 0.99530727 0.09028453
0.93983072 -0.00016494 0.34164065 -0.06355838 0.98245788 0.17531918
0.95196855 0.00614103 0.30613419 -0.04598073 0.99132878 0.12309774
0.85677260 -0.04082791 0.51407570 -0.03478963 0.99001408 0.13660830
0.86138731 -0.04329209 0.50610048 -0.01470696 0.99381804 0.11004306
0.89853001 -0.03254069 0.43770412 -0.04194346 0.98631793 0.15942946
0.88133746 -0.02531775 0.47180852 -0.07633609 0.97781491 0.19506629
0.92692816 -0.00527647 0.37520155 -0.09790164 0.96186841 0.25539085
0.93326592 0.00020025 0.35918620 -0.09261063 0.96632308 0.24008952
0.90969062 -0.02879498 0.41428724 -0.02296542 0.99257863 0.11941646
0.96079695 -0.01024465 0.27706373 -0.00803088 0.99786949 0.06474636
0.96782458 -0.00557306 0.25156415 -0.01302217 0.99730569 0.07219321
0.97737128 -0.00368741 0.21149914 -0.01205036 0.99725378 0.07307339
0.97175008 -0.00595432 0.23593733 -0.00966602 0.99783891 0.06499355
0.98314518 -0.00048678 0.18282588 -0.01399465 0.99686217 0.07791034
0.98335105 0.00179019 0.18170732 -0.01623169 0.99681962 0.07802083
0.97211325 -0.00377492 0.23448168 -0.01401476 0.99714822 0.07415543
-0.03094910 0.99343127 0.11016564 -0.99446112 -0.01952858 -0.10327521
-0.03033462 0.99389875 0.10604268 -0.99765068 -0.02358683 -0.06431776
-0.02851682 0.99567419 0.08842896 -0.99958259 -0.02799485 -0.00713758
-0.04279235 0.99372667 0.10332549 -0.99887019 -0.04041421 -0.02500177
-0.02019898 0.99585837 0.08864630 -0.99964643 -0.02165012 0.01543914
-0.02196394 0.99505961 0.09681976 -0.99966401 -0.02319220 0.01157875
0.98227650 0.00327125 0.18740955 -0.01880852 0.99652141 0.08118742
0.98699600 0.00586991 0.16063793 -0.01839247 0.99689382 0.07657976
0.99437457 0.01260736 0.10516803 -0.02230734 0.99554843 0.09157356
-0.03312983 0.99282980 0.11485434 -0.99387497 -0.02060454 -0.10857321
-0.03113015 0.99605072 0.08314958 -0.99833232 -0.03503189 0.04588489
0.98044586 0.01290234 0.19636570 -0.02653893 0.99740183 0.06697279
0.97505945 0.01164759 0.22163805 -0.00516554 0.99954242 -0.02980332
0.98415339 0.01068387 0.17699714 -0.00758882 0.99980640 -0.01815422
0.97601414 0.01130594 0.21741374 -0.01216935 0.99992251 0.00263270
0.98945230 0.01191570 0.14436810 -0.00390867 0.99844438 -0.05561974
0.99494767 0.00948551 0.09994610 -0.00555369 0.99920237 -0.03954441
0.99744803 0.00619104 0.07112813 -0.00411298 0.99956149 -0.02932508
-0.01288516 0.99851412 0.05294806 -0.99902600 -0.01062063 -0.04282983
0.99934876 0.01910608 0.03061113 -0.01932986 0.99978846 0.00703094
0.97100222 0.00925775 0.23889118 -0.02838848 0.99664497 0.07676546
0.95794231 0.00885927 0.28682417 -0.03532264 0.99556255 0.08722103
0.94732916 0.01137569 0.32005954 -0.06980718 0.98267430 0.17169236
0.94635910 0.00581197 0.32306460 -0.03610194 0.99547970 0.08784530
0.84180677 -0.04157741 0.53817540 -0.10158040 0.96701252 0.23359843
0.83320087 -0.04983025 0.55072075 -0.04438996 0.98669004 0.15643637
0.90369040 -0.03559472 0.42670444 -0.00269970 0.99604535 0.08880539
0.89112169 -0.03533772 0.45238632 -0.00587844 0.99598032 0.08937953
0.85451865 -0.03559213 0.51819986 -0.08967686 0.97255927 0.21467778
0.89063460 -0.01941343 0.45430523 -0.10918418 0.96072984 0.25510222
0.90171707 -0.01131614 0.43217859 -0.10600290 0.96335536 0.24639371
0.92130166 -0.00027139 0.38884863 -0.08470615 0.97584456 0.20137593
0.92976326 -0.02375395 0.36739099 -0.00490510 0.99702853 0.07687708
0.95107955 -0.01120945 0.30874279 -0.01147998 0.99736917 0.07157525
0.95684355 -0.00634780 0.29053444 -0.01813747 0.99650782 0.08150620
0.96547443 -0.00660981 0.26041427 -0.01272788 0.99728715 0.07250110
0.97267509 -0.00492913 0.23211826 -0.00918497 0.99817497 0.05968564
0.97479832 -0.00390783 0.22305381 -0.01321772 0.99707842 0.07523308
0.96844429 -0.00130251 0.24922681 -0.02065639 0.99612641 0.08547246
0.97252774 -0.00384589 0.23275538 -0.01454842 0.99690485 0.07726019
-0.04240929 0.99296528 0.11055075 -0.99745041 -0.03572278 -0.06177880
-0.03770859 0.99519610 0.09034844 -0.99927902 -0.03795357 0.00099431
-0.04418713 0.99267542 0.11244131 -0.99851727 -0.04030219 -0.03659352
-0.06196318 0.99233186 0.10694899 -0.99800491 -0.06030130 -0.01870666
-0.03370126 0.99602389 0.08246609 -0.99933279 -0.03474568 0.01126232
0.97861481 0.00270206 0.20568363 -0.02047372 0.99622804 0.08432378
0.98579687 0.00726525 0.16778518 -0.02377390 0.99503994 0.09659386
0.98590773 0.00721425 0.16713446 -0.02372302 0.99500251 0.09699079
-0.03820714 0.98955232 0.13901979 -0.99344641 -0.02261741 -0.11203898
-0.03453340 0.99605489 0.08174457 -0.99725127 -0.03970869 0.06255536
0.97516590 0.01192547 0.22115450 -0.02081940 0.99906355 0.03792852
0.97144282 0.01317707 0.23690757 0.00079458 0.99827051 -0.05878313
0.98262388 0.01136108 0.18526000 -0.00436469 0.99926329 -0.03812945
0.97695130 0.01147828 0.21315359 -0.01150481 0.99993324 -0.00111597
0.98938978 0.01152699 0.14482766 -0.00530139 0.99904811 -0.04329889
0.99466693 0.00897111 0.10274868 -0.00512773 0.99927938 -0.03760885
0.99461073 0.00928180 0.10326390 -0.00498991 0.99911594 -0.04174331
0.99806100 0.01008875 0.06142047 -0.01249443 0.99916464 0.03891018
-0.01671705 0.99894416 0.04279171 -0.99929941 -0.01525904 -0.03417499
-0.01792516 0.99898291 0.04137560 -0.99909353 -0.01629839 -0.03932504
0.97251898 0.01086632 0.23257007 -0.02141801 0.99885011 0.04289287
0.95344180 0.00809050 0.30146870 -0.02243126 0.99877357 0.04413832
0.92204618 0.00027678 0.38707986 -0.05597521 0.98958397 0.13262853
0.94540280 0.00774552 0.32581237 -0.03762316 0.99562746 0.08550134
0.80935860 -0.05294964 0.58492309 -0.08461244 0.97502595 0.20534168
0.76480579 -0.07143249 0.64028871 -0.03452286 0.98786259 0.15144540
0.82856166 -0.05041200 0.55762380 -0.00376154 0.99541467 0.09557968
0.82059073 -0.05097292 0.56923872 0.00220048 0.99628919 0.08604136
0.89299393 -0.03693150 0.44855100 -0.00191756 0.99630636 0.08584855
0.84862971 -0.03720200 0.52767766 -0.10440863 0.96612132 0.23602650
0.89351863 -0.00328964 0.44901410 -0.11119182 0.96720797 0.22835305
0.91916579 0.00523875 0.39383605 -0.09048577 0.97597587 0.19820064
0.89052081 -0.03630947 0.45349124 -0.00112880 0.99663061 0.08201338
0.92866957 -0.02276624 0.37020877 -0.00429027 0.99738842 0.07209723
0.93553060 -0.01499477 0.35292736 -0.00993431 0.99758667 0.06871793
0.95003229 -0.00879363 0.31202781 -0.01649475 0.99679232 0.07831343
0.95685452 -0.00436068 0.29053491 -0.02109364 0.99620676 0.08442251
0.96828943 -0.00067101 0.24983023 -0.02124951 0.99615145 0.08503416
-0.04817513 0.98973775 0.13453029 -0.99716967 -0.03987298 -0.06374021
-0.06468911 0.99408180 0.08727439 -0.99789017 -0.06492461 -0.00014035
-0.04908342 0.98720849 0.15169145 -0.99843526 -0.04442229 -0.03396736
-0.06308313 0.98811549 0.14017224 -0.99791914 -0.06057533 -0.02209026
-0.06269790 0.99284971 0.10158026 -0.99802834 -0.06207578 -0.00927703
0.96993428 0.00008330 0.24336712 -0.02159061 0.99608636 0.08570795
0.98031545 0.00397956 0.19739771 -0.02313655 0.99522400 0.09483677
0.98271292 0.00801163 0.18496242 -0.03126657 0.99189460 0.12315672
-0.04321716 0.98638511 0.15867163 -0.98764759 -0.01823812 -0.15562649
-0.03967663 0.98940563 0.13965081 -0.99344480 -0.02406528 -0.11175169
-0.06744867 0.99033636 0.12118009 -0.99756193 -0.06911908 0.00962962
0.97766274 0.01183013 0.20984674 -0.00310003 0.99911779 -0.04188252
0.98026812 0.01187620 0.19731565 -0.00243873 0.99884421 -0.04800363
0.98263109 0.01138610 0.18522032 -0.00266497 0.99887878 -0.04726614
0.96071106 0.00982394 0.27737665 -0.01112555 0.99993324 0.00311907
0.98985285 0.01134992 0.14164259 -0.00500511 0.99897128 -0.04507067
0.98968333 0.01049948 0.14288704 -0.00456078 0.99911451 -0.04182649
0.99442518 0.00887430 0.10507103 -0.00467232 0.99918193 -0.04017058
0.99784505 0.01041329 0.06478276 -0.01251397 0.99940616 0.03210571
0.99863005 0.01527447 0.05004845 -0.01662895 0.99950361 0.02675972
0.95610267 0.00865584 0.29290417 -0.01776878 0.99943686 0.02846598
0.94066161 0.00728669 0.33926788 -0.02832502 0.99796659 0.05710056
0.91529548 0.00263669 0.40277442 -0.06104104 0.98933673 0.13223782
0.80289954 -0.05131348 0.59390169 -0.12271154 0.96072364 0.24890167
0.77416795 -0.06739085 0.62938261 -0.09683096 0.97000444 0.22296904
0.78683996 -0.06759751 0.61344397 -0.00729905 0.99289465 0.11877269
0.77548677 -0.06964124 0.62751126 -0.04210266 0.98598152 0.16145533
0.77044833 -0.06810427 0.63385427 0.02051882 0.99641132 0.08211852
0.83683187 -0.04650704 0.54548097 0.01690301 0.99810511 0.05916601
0.86240274 -0.01950475 0.50584698 -0.12336493 0.96103364 0.24737716
0.86923873 -0.01392812 0.49419639 -0.11819538 0.96476197 0.23508331
0.89906931 0.00051296 0.43780619 -0.10429803 0.97145939 0.21304598
0.90699327 0.00004084 0.42114514 -0.07875851 0.98237443 0.16952190
0.89195228 -0.03593019 0.45069978 0.00025051 0.99687648 0.07897611
0.91034144 -0.02622663 0.41302633 -0.00214557 0.99767756 0.06808022
0.92122114 -0.02262983 0.38838074 -0.00116855 0.99814135 0.06093059
0.93426090 -0.01197020 0.35638916 -0.01878373 0.99639684 0.08270726
0.94072831 -0.00940638 0.33903065 -0.02065802 0.99617022 0.08495968
0.95255762 -0.00505174 0.30431637 -0.02285090 0.99585319 0.08805830
0.95991534 -0.00187775 0.28028393 -0.02435125 0.99563789 0.09006831
-0.04385770 0.98795193 0.14841683 -0.99533635 -0.03043389 -0.09153899
-0.04947185 0.98744732 0.15000097 -0.99750018 -0.04126114 -0.05736616
-0.06760030 0.99177945 0.10864490 -0.99767697 -0.06811447 0.00102419
-0.04986354 0.98720795 0.15144038 -0.99840611 -0.04525634 -0.03372047
-0.06324451 0.98658204 0.15051915 -0.99758112 -0.05813570 -0.03810732
-0.09754732 0.98299181 0.15560086 -0.99522984 -0.09657162 -0.01383596
0.97250593 0.00148401 0.23287359 -0.02662153 0.99413282 0.10483926
0.96969450 0.00122438 0.24431753 -0.02959241 0.99321383 0.11247464
0.98305047 0.01040283 0.18303986 -0.03664359 0.98939240 0.14057058
0.98520654 0.01183685 0.17096195 -0.03872574 0.98718399 0.15481636
-0.04626885 0.98269248 0.17937306 -0.98956758 -0.02056453 -0.14259416
-0.04565370 0.98347932 0.17516905 -0.99365765 -0.02666930 -0.10923980
-0.07449170 0.98522991 0.15418522 -0.99665248 -0.07877702 0.02186415
0.96650320 0.01050552 0.25643939 0.00198296 0.99882644 -0.04839243
0.97706252 0.01173864 0.21262893 -0.00398452 0.99931258 -0.03685972
0.98425651 0.01092897 0.17640795 -0.00173274 0.99863511 -0.05220053
0.97058982 0.01071505 0.24050076 -0.01448444 0.99979830 0.01391081
0.99169183 0.01061118 0.12819822 -0.01043212 0.99994344 -0.00206812
0.98388189 0.01075393 0.17849565 -0.00947948 0.99992317 -0.00799132
0.99543512 0.00734035 0.09515854 -0.00849695 0.99989486 0.01175491
0.99698430 0.01296936 0.07651230 -0.01685893 0.99858624 0.05041096
0.99487221 0.00788404 0.10083234 -0.01151237 0.99930507 0.03545267
0.99874556 0.01599466 0.04745017 -0.01602945 0.99987149 0.00035261
0.95246351 0.00880098 0.30452552 -0.01295233 0.99984866 0.01161471
0.94342321 0.01079870 0.33141518 -0.03382537 0.99738997 0.06379045
0.90736306 0.00036451 0.42034772 -0.07663901 0.98338187 0.16458030
0.90095901 -0.00072823 0.43390366 -0.05022394 0.99310213 0.10595193
0.74636149 -0.07525253 0.66127276 -0.10570961 0.96757001 0.22942074
0.79771483 -0.04585397 0.60128903 -0.13248934 0.95941550 0.24893473
0.74704003 -0.07569649 0.66045535 -0.09119146 0.97243565 0.21459989
0.77168357 -0.06975494 0.63216990 -0.10036846 0.96815604 0.22934717
0.71202594 -0.07895461 0.69770002 0.02614234 0.99594986 0.08602667
0.71107882 -0.08694346 0.69771612 -0.05099189 0.98333538 0.17450340
0.76754272 -0.07111648 0.63704056 0.02012497 0.99601007 0.08694261
0.82143176 -0.04858612 0.56823349 0.01631505 0.99795866 0.06174438
0.83605427 -0.02764353 0.54795003 -0.12680025 0.96195525 0.24199967
0.85624051 -0.01563154 0.51634085 -0.11155377 0.97036266 0.21436447
0.88839090 -0.00429896 0.45906764 -0.08873190 0.97949296 0.18088709
0.87149829 -0.01300311 0.49022621 -0.09662720 0.97549796 0.19765350
0.87715608 -0.03396966 0.47900236 0.00877861 0.99846244 0.05473298
0.90864086 -0.02556560 0.41679525 -0.00227613 0.99780607 0.06616604
0.91347533 -0.01724518 0.40652856 -0.02168200 0.99561906 0.09095452
0.94002724 -0.00891940 0.34098276 -0.02232915 0.99590474 0.08760818
0.95203859 -0.00453955 0.30594423 -0.02379857 0.99576235 0.08883145
0.96924520 0.00405596 0.24606355 -0.03814771 0.99025482 0.13394123
-0.04893348 0.98196638 0.18261339 -0.99447691 -0.03090389 -0.10030284
-0.05254441 0.98486173 0.16518618 -0.99739623 -0.04357518 -0.05746291
-0.05290648 0.98404676 0.16986145 -0.99774432 -0.04505271 -0.04976504
-0.06953749 0.97674501 0.20281468 -0.99751908 -0.06584633 -0.02489910
-0.11963669 0.97760904 0.17311166 -0.99281651 -0.11752608 -0.02242909
0.96841985 0.00106063 0.24932282 -0.03237805 0.99205804 0.12154257
0.96631312 0.00034361 0.25736898 -0.02796909 0.99421692 0.10368489
0.96973079 0.00278393 0.24416064 -0.03982854 0.98834658 0.14691749
0.96722806 0.00032308 0.25390899 -0.03724546 0.98936254 0.14062208
-0.05085091 0.98013371 0.19170858 -0.97958457 -0.01156667 -0.20069984
-0.05289449 0.97347552 0.22259292 -0.98717564 -0.01735266 -0.15869220
0.97583431 0.00879404 0.21833493 0.00429267 0.99822551 -0.05939209
0.96561193 0.01007677 0.25979248 0.00905424 0.99733913 -0.07233787
0.97697461 0.01209920 0.21301243 -0.00567823 0.99951160 -0.03072966
0.97513175 0.01188847 0.22130689 -0.00436763 0.99939716 -0.03444215
0.98675728 0.01028194 0.16187769 -0.00643925 0.99968529 -0.02424503
0.96720892 0.00993622 0.25378752 -0.01141958 0.99992526 0.00437236
0.99301624 0.00909973 0.11762652 -0.00793114 0.99991447 -0.01039904
0.98506558 0.01224563 0.17174351 -0.01167264 0.99992245 -0.00434581
0.99767751 0.01686630 0.06599430 -0.01420866 0.99907714 -0.04053494
0.99318218 0.00993977 0.11614808 -0.01318570 0.99954271 0.02721162
0.95058197 0.00873857 0.31035072 -0.01214559 0.99988532 0.00904721
0.92251480 0.00820935 0.38587451 -0.03221134 0.99792349 0.05577758
0.93816173 0.00898056 0.34608087 -0.01719392 0.99963850 0.02066963
0.90028501 -0.00116922 0.43529946 -0.07407603 0.98499936 0.15584955
0.91007155 0.00565771 0.41441244 -0.06546344 0.98931706 0.13025464
0.76366329 -0.05452873 0.64330792 -0.15074657 0.95382398 0.25979850
0.80739188 -0.03397379 0.58903664 -0.13846853 0.95954764 0.24514237
0.73489946 -0.08210606 0.67318755 -0.10199637 0.96797192 0.22940627
0.70731544 -0.08783698 0.70141971 -0.03096463 0.98744786 0.15488043
0.71777910 -0.07708023 0.69199115 0.04223533 0.99684334 0.06722816
0.76900059 -0.07469637 0.63486904 -0.04893292 0.98335719 0.17496940
0.76024902 -0.07603946 0.64516622 0.00655296 0.99397314 0.10942808
0.77260327 -0.07086468 0.63092190 0.04246787 0.99729395 0.06001079
0.79426020 -0.06663850 0.60391229 0.03251987 0.99720496 0.06726639
0.82708061 -0.04122486 0.56056952 -0.00086417 0.99721235 0.07461105
0.87519830 -0.00550240 0.48373306 -0.10487956 0.97399503 0.20083331
0.85537046 -0.01370425 0.51783550 -0.11498853 0.96968716 0.21560247
0.90217584 0.00499799 0.43133953 -0.09030873 0.97996265 0.17753185
0.87706673 -0.03278919 0.47924817 0.00756208 0.99848652 0.05447514
0.88860869 -0.02848778 0.45778051 -0.02893879 0.99259859 0.11794339
0.91525823 -0.01340443 0.40264469 -0.02702175 0.99515301 0.09455317
0.90198660 -0.01953144 0.43132213 -0.02194835 0.99561059 0.09098263
0.93721741 -0.00670224 0.34868124 -0.02627240 0.99561733 0.08975480
0.94823587 -0.00458187 0.31753388 -0.02543187 0.99558878 0.09031183
0.93851638 -0.00758744 0.34515139 -0.04435133 0.98882449 0.14233492
0.96411842 0.00120083 0.26546988 -0.03362730 0.99248725 0.11763630
-0.04866620 0.98447263 0.16865730 -0.99368066 -0.03062135 -0.10798693
-0.05611184 0.98097694 0.18583821 -0.99659073 -0.04375410 -0.06994673
-0.06706111 0.97739220 0.20051770 -0.99690133 -0.05735523 -0.05383442
-0.12108864 0.97549343 0.18371210 -0.99225223 -0.11376600 -0.04992860
-0.12767328 0.95869493 0.25417227 -0.99170738 -0.12719372 -0.01839124
0.96323806 -0.00039897 0.26864895 -0.03922656 0.98907262 0.14211532
0.96739888 -0.00051464 0.25325724 -0.05066731 0.97938788 0.19553056
-0.05566930 0.97360170 0.22136088 -0.98030078 -0.01121829 -0.19719164
-0.05413233 0.97309792 0.22394246 -0.98361754 -0.01334564 -0.17977338
-0.05718395 0.96724391 0.24732415 -0.98780704 -0.01888545 -0.15453354
0.96164411 0.00954396 0.27413428 0.00327274 0.99892420 -0.04625800
0.96217084 0.00990862 0.27226678 -0.00026148 0.99937159 -0.03544611
0.95850736 0.00905830 0.28492403 0.00061710 0.99942672 -0.03384972
0.96099001 0.01050852 0.27638370 -0.01815685 0.99951935 0.02512842
0.97919893 0.01331970 0.20246522 -0.01086631 0.99985355 -0.01322433
0.98835510 0.00869110 0.15191674 -0.02475837 0.99424869 0.10419495
0.98770148 0.01490756 0.15563935 -0.02392245 0.99813235 0.05621021
-0.00677275 0.99695820 -0.07764378 -0.99751776 -0.01217792 -0.06935439
0.99567813 0.01435421 0.09175564 -0.01919995 0.99845475 0.05214869
0.95309567 0.01011443 0.30250022 0.00132750 0.99929225 -0.03759504
0.91254169 0.00642695 0.40893322 -0.04264326 0.99592179 0.07950690
0.92096806 0.00772985 0.38956159 -0.02963066 0.99829745 0.05024159
0.94924533 0.01114970 0.31433889 -0.02335021 0.99911189 0.03507451
0.87239504 -0.00238077 0.48879585 -0.06951375 0.98922014 0.12888521
0.73417848 -0.06518703 0.67581999 -0.14620343 0.95685005 0.25112250
0.60468793 -0.09172431 0.79116321 -0.05499569 0.98616701 0.15636562
0.64284140 -0.10861960 0.75825906 -0.07567892 0.97604620 0.20397685
0.72516143 -0.07587489 0.68438578 0.04599649 0.99702817 0.06179925
0.73449266 -0.08199302 0.67364508 -0.01197452 0.99095351 0.13367049
0.74887931 -0.07149370 0.65883881 0.02120475 0.99623984 0.08400397
0.80864334 -0.04316726 0.58671343 -0.04411828 0.99004626 0.13364878
0.87876809 -0.00266884 0.47724164 -0.11104617 0.97139484 0.20990692
0.86414897 -0.01124722 0.50311041 -0.10263360 0.97479838 0.19807678
0.86261368 -0.01070420 0.50575006 -0.08379155 0.98294193 0.16371991
0.89139825 -0.02295162 0.45263937 -0.01793636 0.99614805 0.08583357
0.91266727 -0.01338803 0.40848413 -0.02722437 0.99525207 0.09344610
0.90204501 -0.01680454 0.43131495 -0.02659642 0.99517936 0.09439667
0.93902206 -0.00663790 0.34379295 -0.02730000 0.99521846 0.09378163
0.92714798 -0.00896783 0.37458819 -0.02779271 0.99531376 0.09261841
0.93881339 -0.00739705 0.34434679 -0.02660068 0.99522603 0.09390187
0.93862021 -0.00723966 0.34487644 -0.02753943 0.99501586 0.09583908
0.93567991 -0.00802257 0.35275885 -0.04371206 0.98940486 0.13844606
0.92171365 -0.01167414 0.38769534 -0.03982031 0.99141741 0.12452269
-0.05709613 0.97314316 0.22300792 -0.99371487 -0.03385148 -0.10670000
-0.06288124 0.97255403 0.22401929 -0.99640697 -0.04841685 -0.06949086
-0.07039119 0.97214359 0.22356638 -0.99583900 -0.05548109 -0.07229485
-0.18878019 0.96357614 0.18942848 -0.98193645 -0.18271244 -0.04916262
0.94087082 0.00216318 0.33875865 -0.06563684 0.98219442 0.17602839
0.96029204 -0.00288564 0.27898192 -0.06056991 0.97394115 0.21856345
-0.05917613 0.96807802 0.24356355 -0.97574055 -0.00457479 -0.21888247
-0.05629082 0.97004783 0.23630191 -0.98730153 -0.01886846 -0.15773343
0.94801044 0.01055938 0.31806397 0.00549767 0.99875683 -0.04954381
0.96093482 0.00957388 0.27660909 0.00081834 0.99929893 -0.03743020
0.95273024 0.00966272 0.30366385 0.00068164 0.99942362 -0.03394074
0.95607781 0.00955037 0.29295751 0.00239802 0.99918079 -0.04039916
0.96037078 0.01204226 0.27846548 -0.01689343 0.99974436 0.01502798
0.96818012 0.01191225 0.24997069 -0.00817948 0.99983913 -0.01596636
0.97824550 0.01400142 0.20697755 -0.02020746 0.99940646 0.02790036
0.98979777 0.01291106 0.14189322 -0.01932769 0.99884737 0.04393679
0.98561823 0.01509301 0.16831182 -0.02185959 0.99902248 0.03842249
0.98721862 0.01529514 0.15863641 -0.01935332 0.99952298 0.02406836
-0.00354229 0.98454779 -0.17508040 -0.99995917 -0.00494332 -0.00756670
0.99590534 0.01536059 0.08908744 -0.01222599 0.99929047 -0.03562525
0.91059804 0.00622724 0.41324633 -0.03920824 0.99667853 0.07137725
0.92074996 0.00800729 0.39007106 -0.02231087 0.99923396 0.03215202
0.92270368 0.00832995 0.38542005 -0.01909632 0.99952680 0.02411458
0.92974269 0.00978865 0.36807972 -0.00902748 0.99995208 -0.00378981
0.86496490 -0.00665780 0.50178826 -0.08940729 0.98187017 0.16714473
0.86280489 0.00304486 0.50552785 -0.06308302 0.99281442 0.10168649
0.65969557 -0.09654364 0.74530602 -0.17421015 0.94505733 0.27661791
0.74423653 -0.04853377 0.66615051 -0.17090447 0.95031613 0.26017508
0.80825651 -0.01828881 0.58854651 -0.13868456 0.96548665 0.22045887
0.64535385 -0.10479922 0.75666076 -0.08115643 0.97553182 0.20433147
0.63587439 -0.11316157 0.76345146 -0.09429184 0.97039199 0.22237019
0.73702192 -0.07843117 0.67130274 0.04948116 0.99684012 0.06213982
0.61165774 -0.11834872 0.78222018 0.01175720 0.98999786 0.14059162
0.73574471 -0.06632493 0.67400360 -0.00573510 0.99454737 0.10412829
0.71351880 -0.07714937 0.69637561 0.04059311 0.99680150 0.06884023
0.70391673 -0.06031694 0.70771688 0.05156092 0.99809831 0.03378136
0.80650002 -0.03829528 0.58999264 -0.01256753 0.99656427 0.08186445
0.87483692 -0.02283625 0.48387906 -0.02444054 0.99553537 0.09117107
0.91166455 -0.01279313 0.41073605 -0.03139290 0.99442625 0.10065252
0.88123918 -0.01881818 0.47229591 -0.03541055 0.99377090 0.10566707
0.92522693 -0.00950209 0.37929526 -0.02886771 0.99502563 0.09534527
0.94119102 0.00420834 0.33784875 -0.06610295 0.98289257 0.17190874
0.91758871 -0.00668545 0.39747497 -0.04628177 0.99126267 0.12351638
-0.05661126 0.96594679 0.25247180 -0.99058121 -0.02276420 -0.13502121
-0.06384880 0.96988809 0.23503283 -0.99490178 -0.04344019 -0.09101354
-0.06813361 0.97222924 0.22389305 -0.99598217 -0.05321090 -0.07202847
-0.06425285 0.96990162 0.23486680 -0.99582654 -0.04702984 -0.07821612
-0.08395246 0.97124863 0.22277373 -0.99478412 -0.06869084 -0.07540699
-0.22743815 0.94714785 0.22623624 -0.97367358 -0.21755634 -0.06803734
0.94974208 0.01008915 0.31287095 -0.07556063 0.97731483 0.19785424
0.95262784 0.00987211 0.30397815 -0.06531847 0.98279184 0.17278205
-0.05676596 0.97761178 0.20261525 -0.97797018 -0.01361548 -0.20830011
-0.06635630 0.95328742 0.29468635 -0.97774059 -0.00320588 -0.20979296
0.93381256 0.00999815 0.35762304 0.00854381 0.99870116 -0.05023022
0.94852144 0.01026193 0.31654683 0.00387881 0.99902362 -0.04400945
0.96257967 0.01171262 0.27074566 -0.01432924 0.99986780 0.00768972
0.94697076 0.01438642 0.32099771 -0.00936821 0.99980867 -0.01717224
0.97261387 0.01298525 0.23206384 -0.02463013 0.99857455 0.04735274
0.97710592 0.01350255 0.21232468 -0.02325150 0.99878347 0.04348553
0.99328887 0.01605883 0.11453961 -0.02349254 0.99768305 0.06384914
0.98545623 0.01554354 0.16921712 -0.03237609 0.99474072 0.09717353
0.99312294 0.01878407 0.11555973 -0.01203711 0.99819672 -0.05880821
0.88155735 0.00172853 0.47207382 -0.02638204 0.99861091 0.04560972
0.90107274 0.00661297 0.43361756 -0.02821174 0.99865961 0.04339475
0.92269778 0.00921444 0.38541400 -0.02083848 0.99944490 0.02599358
0.93655127 0.01036710 0.35037738 -0.04929293 0.99352515 0.10236216
0.82958961 -0.00986094 0.55828661 -0.10238993 0.98020381 0.16946022
0.82838768 -0.00454563 0.56013685 -0.08178788 0.98826915 0.12897633
0.86249584 0.00422237 0.50604659 -0.06519409 0.99255979 0.10283376
0.64114857 -0.09749642 0.76119840 -0.17224745 0.94830656 0.26654378
0.64038002 -0.09342776 0.76235479 -0.17497468 0.94872797 0.26324728
0.77473313 -0.03146076 0.63150525 -0.14339872 0.96399409 0.22394703
0.52596670 -0.13301761 0.84003896 -0.11976708 0.96626830 0.22799446
0.53484029 -0.13359629 0.83432484 -0.01982358 0.98516560 0.17045750
0.57237524 -0.13066484 0.80951428 0.04761609 0.99085283 0.12626749
0.68597203 -0.09588080 0.72128314 0.06156426 0.99537355 0.07376556
0.71981406 -0.07951084 0.68959832 0.03254378 0.99619150 0.08089138
0.65299952 -0.11787636 0.74812895 0.07608850 0.99302649 0.09004945
0.69922769 -0.07791745 0.71064019 0.01432098 0.99536997 0.09504536
0.71808153 -0.05529693 0.69375885 -0.02219848 0.99451149 0.10224555
0.76134729 -0.04585373 0.64672077 -0.02204454 0.99508834 0.09650543
0.81942993 -0.03413441 0.57216209 -0.02244925 0.99554795 0.09154405
0.86011916 -0.02538891 0.50946093 -0.02653383 0.99518150 0.09439158
0.87087333 -0.02188011 0.49102032 -0.03425332 0.99387801 0.10503937
0.90950114 -0.01154934 0.41554105 -0.03369064 0.99427783 0.10137369
0.88323236 -0.01532020 0.46868533 -0.04060036 0.99321485 0.10897675
0.92242944 -0.00298717 0.38615420 -0.08564860 0.97348219 0.21212444
0.87230563 -0.01369523 0.48876917 -0.07396439 0.98440915 0.15958710
0.90703148 -0.00945865 0.42095667 -0.04378245 0.99220973 0.11663201
-0.05560184 0.96288884 0.26410902 -0.99086243 -0.02065866 -0.13328505
-0.06708723 0.95765734 0.27998543 -0.99419039 -0.04048872 -0.09973076
-0.07032634 0.95816892 0.27742845 -0.99448586 -0.04565628 -0.09441033
-0.09573461 0.96139497 0.25798193 -0.99467087 -0.08242998 -0.06192932
-0.22477528 0.94388390 0.24199036 -0.97421080 -0.21265917 -0.07542861
0.94674045 0.01024642 0.32183465 -0.09157744 0.96678716 0.23861307
-0.05354794 0.95857280 0.27976915 -0.97912848 0.00460681 -0.20318998
0.93577820 0.00931464 0.35246623 0.00779843 0.99885970 -0.04710131
0.92905927 0.01092535 0.36976966 -0.00765853 0.99991763 -0.01030160
0.93698263 0.00969056 0.34924167 0.00062867 0.99956691 -0.02942207
0.96458429 0.01214908 0.26349497 -0.04029588 0.99400055 0.10168157
0.96438938 0.01524037 0.26404715 -0.04328435 0.99397302 0.10071856
0.93700600 0.01477802 0.34900057 -0.00741863 0.99972129 -0.02241428
0.97897023 0.01510562 0.20344308 -0.03569988 0.99455154 0.09794287
0.99049765 0.01583393 0.13661484 -0.02409964 0.99796331 0.05906353
0.99240595 0.01693433 0.12183482 -0.01328646 0.99944061 -0.03069146
0.98649371 0.01614100 0.16300213 -0.03013366 0.99603200 0.08373951
0.98424584 0.01665716 0.17601897 -0.03304894 0.99533814 0.09060827
0.99450988 0.01763268 0.10314639 -0.01216329 0.99849832 -0.05341618
0.96537507 0.00713672 0.26076829 0.03299066 0.98825967 -0.14917953
0.89062744 0.00345877 0.45472062 -0.03501147 0.99752432 0.06098684
0.89062709 0.00476372 0.45470947 -0.03494500 0.99770522 0.05799346
0.88574302 0.00444011 0.46415475 -0.02332149 0.99911708 0.03494665
0.90980136 0.00968252 0.41493109 -0.01539952 0.99982697 0.01043466
0.92494905 0.01011946 0.37995639 0.00060446 0.99960512 -0.02809417
0.82701319 -0.00635068 0.56214672 -0.10399237 0.98095149 0.16407242
0.79154897 -0.01020232 0.61102062 -0.07612602 0.99042624 0.11515507
0.84908432 0.00383930 0.52824348 -0.04722015 0.99652219 0.06865761
0.54829895 -0.12515095 0.82686484 -0.18436767 0.94632202 0.26548684
0.69257158 -0.05511814 0.71924037 -0.19924015 0.94367248 0.26416969
0.79497147 -0.01300847 0.60650724 -0.16379288 0.95803720 0.23523751
0.53975940 -0.13300064 0.83124644 -0.04193992 0.98196560 0.18434912
0.55943137 -0.13030291 0.81857055 -0.01523464 0.98578292 0.16733207
0.56110454 -0.13424522 0.81678641 0.03501092 0.98972690 0.13861802
0.67483085 -0.10405492 0.73059970 0.06861508 0.99456793 0.07827286
0.58861601 -0.13221011 0.79752856 0.07585397 0.99121636 0.10833459
0.64156562 -0.11733963 0.75804019 0.08461094 0.99302572 0.08210355
0.60257035 -0.08944906 0.79303712 0.01094738 0.99453187 0.10385816
0.71411389 -0.05192530 0.69810110 -0.03170620 0.99382263 0.10635476
0.72961777 -0.04900836 0.68209690 -0.03572595 0.99333513 0.10958565
0.82021564 -0.03035676 0.57124847 -0.02300990 0.99603212 0.08596853
0.84545135 -0.02707372 0.53336585 -0.03545016 0.99366647 0.10663155
0.87772018 -0.01999854 0.47875616 -0.03670486 0.99338710 0.10878791
0.90456772 -0.01075315 0.42619437 -0.03997569 0.99313813 0.10990310
0.83358532 -0.02531186 0.55181062 -0.05421696 0.99037731 0.12733129
0.93706584 0.01272774 0.34892073 -0.08026019 0.98042637 0.17978431
0.86957932 -0.01251451 0.49363482 -0.07663745 0.98414516 0.15995315
0.84359270 -0.02956625 0.53616899 -0.10926523 0.96814275 0.22530150
0.86404878 -0.02094744 0.50297213 -0.05386226 0.98955148 0.13374141
-0.05764247 0.95230830 0.29964358 -0.99001169 -0.01584471 -0.14009202
-0.05697962 0.95437616 0.29312038 -0.99348950 -0.02519111 -0.11110406
-0.07622805 0.95109075 0.29935879 -0.99453455 -0.05104195 -0.09108107
-0.09033384 0.95070100 0.29666054 -0.99437660 -0.06956811 -0.07984679
-0.11631129 0.95007598 0.28952971 -0.99188381 -0.12618619 0.01560867
-0.19330844 0.94338375 0.26955312 -0.98048335 -0.17571084 -0.08819396
0.93449867 0.01048635 0.35581231 -0.11077795 0.95849818 0.26269665
-0.06165500 0.95121300 0.30231202 -0.97127819 0.01256266 -0.23761514
-0.05499025 0.95133507 0.30321229 -0.98149735 0.00427877 -0.19142805
0.91979748 0.01073684 0.39224651 0.00728306 0.99898630 -0.04442334
0.92029172 0.01085498 0.39108229 0.00272921 0.99941260 -0.03416230
0.92498398 0.00996075 0.37987566 0.00126745 0.99957001 -0.02929599
0.97145683 0.01512934 0.23673345 -0.03644092 0.99563640 0.08590867
0.94100678 0.01871531 0.33786985 -0.03264685 0.99883282 0.03559782
0.94317675 0.01941673 0.33172375 -0.02523340 0.99959397 0.01323604
0.97768736 0.01701550 0.20937529 -0.03613142 0.99548119 0.08781659
0.97956467 0.01530160 0.20054682 -0.03414732 0.99527878 0.09085233
0.98892301 0.01745416 0.14739962 -0.02700036 0.99764740 0.06301358
0.99234241 0.01683416 0.12236524 -0.01436804 0.99967605 -0.02100837
0.99281901 0.01767543 0.11831328 -0.01457231 0.99952811 -0.02704200
0.87924170 0.00786734 0.47631097 -0.01740813 0.99972647 0.01562165
0.87919652 0.00784046 0.47639489 -0.01848004 0.99967343 0.01765277
0.77145016 -0.02493562 0.63580102 -0.11376307 0.97772592 0.17638026
0.75810939 -0.01722252 0.65189999 -0.10813052 0.98249364 0.15170388
0.79091364 -0.00593539 0.61189908 -0.07291820 0.99191409 0.10387236
0.80348128 -0.00300301 0.59532249 -0.05130817 0.99591726 0.07427220
0.84886450 0.00418562 0.52859396 -0.04357005 0.99712014 0.06207318
0.49273419 -0.13822664 0.85913122 -0.15065455 0.95884275 0.24067366
0.67993021 -0.05884962 0.73091155 -0.20052804 0.94385558 0.26253602
0.71910059 -0.04485162 0.69345707 -0.14977166 0.96445829 0.21768963
0.39234921 -0.15049292 0.90742159 -0.12093596 0.96952081 0.21308193
0.39569810 -0.14420010 0.90698922 0.09591466 0.98868418 0.11534327
0.47237107 -0.13536608 0.87094295 0.13392858 0.98768562 0.08087228
0.59858984 -0.10974330 0.79350275 0.04931645 0.99374092 0.10023416
0.51760721 -0.13519703 0.84486955 0.09665376 0.99035597 0.09926327
0.58280879 -0.13251242 0.80173218 0.09704216 0.99090368 0.09323564
0.57939035 -0.12536359 0.80535144 0.09424479 0.99177706 0.08658110
0.55988693 -0.09256839 0.82338190 0.02413799 0.99514019 0.09546478
0.63096410 -0.07724440 0.77195704 -0.09505551 0.97983676 0.17573971
0.67050380 -0.06077722 0.73941249 -0.04385759 0.99164891 0.12128056
0.73712593 -0.04645225 0.67415690 -0.04435402 0.99215740 0.11686070
0.79779625 -0.03370699 0.60198420 -0.04243740 0.99282050 0.11183248
0.84001523 -0.02625693 0.54192710 -0.03787672 0.99355352 0.10684960
0.87877238 -0.01801106 0.47690126 -0.03992386 0.99301040 0.11106945
0.77551979 -0.03676904 0.63025171 -0.04923598 0.99173945 0.11844284
0.82481247 -0.02736928 0.56474364 -0.06193570 0.98844337 0.13836069
0.88110745 -0.00633244 0.47287375 -0.09639852 0.97651184 0.19269662
0.87053043 -0.01148146 0.49198064 -0.07721508 0.98415816 0.15959501
0.87364972 -0.01093907 0.48643255 -0.09994180 0.97439474 0.20141146
0.85647601 -0.01921977 0.51582903 -0.06093895 0.98855358 0.13801575
-0.05199393 0.94979829 0.30851242 -0.99288809 -0.01603494 -0.11796670
-0.05522519 0.95126784 0.30338058 -0.98935390 -0.01116029 -0.14510104
-0.07634298 0.95098579 0.29966286 -0.99464291 -0.05162823 -0.08955499
-0.07278451 0.95066953 0.30154598 -0.99472457 -0.04728155 -0.09103560
-0.10808109 0.95118666 0.28907165 -0.99153841 -0.08210921 -0.10054727
0.93567812 0.01440274 0.35256067 -0.11110454 0.96036845 0.25563306
-0.07077518 0.94907308 0.30700344 -0.95289636 0.02666905 -0.30212134
-0.09680284 0.91444683 0.39295828 -0.95719796 0.02266588 -0.28854516
-0.06375507 0.92392766 0.37721747 -0.97753161 0.01828184 -0.20999478
-0.05389818 0.94897228 0.31071964 -0.98698056 -0.00340546 -0.16080336
0.91120446 0.01119462 0.41180247 0.01178740 0.99851298 -0.05322626
0.88361800 0.01089657 0.46808177 0.00761830 0.99926221 -0.03764341
0.96905226 0.01824313 0.24618052 -0.03728125 0.99664253 0.07289607
0.95280743 0.02036657 0.30289155 -0.05219326 0.99388021 0.09735566
0.94000727 0.02084097 0.34051743 -0.02410786 0.99969494 0.00536520
0.97816759 0.01720012 0.20710459 -0.03578094 0.99562573 0.08630847
0.98703986 0.01846324 0.15940979 -0.02078028 0.99970114 0.01288026
0.98816985 0.01824881 0.15227392 -0.01301832 0.99929285 -0.03527585
0.99186289 0.01721758 0.12614124 -0.01666019 0.99984628 -0.00547255
0.88101476 0.00832853 0.47301546 -0.02187919 0.99949253 0.02315270
0.76440066 -0.02396608 0.64429599 -0.11350571 0.97869897 0.17106953
0.70992291 -0.01938725 0.70401251 -0.08006215 0.99091941 0.10802244
0.76438254 -0.01548806 0.64457703 -0.07814294 0.99011678 0.11645792
0.80604732 -0.00069422 0.59185076 -0.03914468 0.99774718 0.05448186
0.36869121 -0.17415112 0.91309261 -0.22591072 0.93605530 0.26974961
0.54605305 -0.11410598 0.82994330 -0.25984246 0.91875368 0.29727700
0.62395877 -0.08043067 0.77730721 -0.20844956 0.94151855 0.26474845
0.67029893 -0.05853747 0.73977894 -0.19487818 0.94801116 0.25158980
0.71527362 -0.04084874 0.69764972 -0.15002869 0.96603870 0.21038210
0.31094959 -0.16920263 0.93524373 -0.07813947 0.97614288 0.20258181
0.40880781 -0.14741966 0.90063512 -0.09447587 0.97472864 0.20243120
0.40702522 -0.14670438 0.90155882 0.08292457 0.98887682 0.12347520
0.49622747 -0.14387442 0.85618836 0.09941936 0.98910284 0.10858825
0.45803490 -0.13636753 0.87841219 0.11047819 0.98923475 0.09596475
0.61258072 -0.09295201 0.78492343 0.00355168 0.99337476 0.11486534
0.57205909 -0.11704462 0.81181836 0.06843460 0.99312592 0.09496139
0.52235281 -0.13461509 0.84203702 0.10324858 0.99018019 0.09424882
0.49999446 -0.13217749 0.85588241 0.10809646 0.99008054 0.08975383
0.60663801 -0.07259208 0.79165703 -0.03962281 0.99182361 0.12130916
0.66858542 -0.05823702 0.74135149 -0.06794331 0.98797500 0.13888504
0.73083764 -0.04770655 0.68088210 -0.05520873 0.99015409 0.12863526
0.80025238 -0.03340934 0.59873199 -0.04598065 0.99208874 0.11681546
0.81043434 -0.03104850 0.58500624 -0.04603291 0.99213189 0.11642756
0.78767878 -0.03432130 0.61512947 -0.05237428 0.99110240 0.12236452
0.80956250 -0.02991846 0.58627087 -0.06649935 0.98759794 0.14222573
0.84469497 -0.02387491 0.53471535 -0.12395156 0.96312279 0.23881067
0.89197946 -0.00046632 0.45207569 -0.09734724 0.97634190 0.19308057
0.81153226 -0.03254802 0.58340049 -0.10752369 0.97307795 0.20385773
0.85858589 -0.01646412 0.51240540 -0.07278511 0.98544544 0.15362205
0.87584239 -0.00911150 0.48251131 -0.13639380 0.95438617 0.26560071
-0.04542102 0.94663858 0.31908050 -0.99325031 -0.00867029 -0.11566613
-0.05355618 0.94752496 0.31516376 -0.98727518 -0.00291858 -0.15899435
-0.06229382 0.93273175 0.35514921 -0.99151349 -0.01715165 -0.12886775
-0.12201376 0.89255595 0.43411586 -0.99249917 -0.10636064 -0.06027361
0.88872749 -0.01282410 0.45825654 -0.14423378 0.94102401 0.30605629
-0.06789280 0.93467385 0.34896332 -0.96029162 0.03365080 -0.27696157
-0.05796480 0.92172402 0.38349044 -0.97683263 0.02690157 -0.21230708
-0.05992929 0.92675447 0.37085664 -0.98361903 0.00844831 -0.18006173
0.88514388 0.01233211 0.46515411 0.00942747 0.99896830 -0.04442410
0.90618587 0.01603299 0.42257556 -0.01680377 0.99985701 -0.00190110
0.87681961 0.01034398 0.48070818 0.00490852 0.99952388 -0.03046120
0.96390671 0.02068290 0.26543570 -0.04088396 0.99665183 0.07080686
0.97822291 0.01981039 0.20660964 -0.01679213 0.99972528 -0.01635211
0.92899024 0.02130451 0.36949062 -0.04973288 0.99647325 0.06758489
0.95353627 0.02090461 0.30055207 -0.05718055 0.99201494 0.11241329
0.90914720 0.01803856 0.41608408 -0.01415448 0.99982274 -0.01241781
0.97970605 0.01925598 0.19951262 -0.02197687 0.99969316 0.01143188
0.87831485 0.00869689 0.47800362 -0.02063169 0.99959260 0.01972324
0.88034213 0.00906592 0.47425270 -0.02094321 0.99958521 0.01976801
0.71732599 -0.03895672 0.69564772 -0.17584570 0.95599079 0.23486160
0.76863950 -0.01932048 0.63939035 -0.12039811 0.97731024 0.17426732
0.74642408 -0.00847234 0.66541672 -0.09447747 0.98844147 0.11856430
0.71125722 -0.03268206 0.70217168 -0.14870110 0.96931595 0.19574128
0.79748791 -0.00071809 0.60333455 -0.02205094 0.99929655 0.03033632
0.37105566 -0.17299992 0.91235346 -0.22251104 0.93730634 0.26822704
0.37357479 -0.17278859 0.91136491 -0.22661382 0.93572712 0.27029803
0.57200593 -0.10196132 0.81388766 -0.22920007 0.93285167 0.27794814
0.51176196 -0.12996383 0.84924036 -0.25379002 0.92150855 0.29396024
0.61596292 -0.07604051 0.78409672 -0.20743605 0.94454825 0.25455636
0.61480176 -0.07519857 0.78508854 -0.21607940 0.94129479 0.25937206
0.37374493 -0.16499510 0.91273838 -0.20113263 0.94621921 0.25340652
0.30573264 -0.16310216 0.93804330 -0.01885549 0.98398775 0.17723621
0.39577982 -0.14850423 0.90625870 0.05983734 0.98891169 0.13591613
0.32670882 -0.14602867 0.93377566 0.14093694 0.98447245 0.10464595
0.45768991 -0.13410376 0.87894040 0.10973718 0.98952174 0.09383227
0.52651012 -0.10014873 0.84424961 0.00744595 0.99354261 0.11321494
0.54356712 -0.11778066 0.83106107 0.06738167 0.99303365 0.09666401
0.57123429 -0.07205454 0.81761819 -0.06136024 0.98960292 0.13008082
0.53358841 -0.07813525 0.84212726 -0.09256500 0.98434609 0.14998180
0.69849634 -0.05095484 0.71379733 -0.07029852 0.98775148 0.13930281
0.67875415 -0.05603070 0.73222500 -0.07030278 0.98754776 0.14073719
0.76699924 -0.04054536 0.64036578 -0.05511246 0.99015057 0.12870336
0.79137665 -0.03456918 0.61035073 -0.05931708 0.98934686 0.13294497
0.73576832 -0.04670713 0.67562085 -0.07232778 0.98649377 0.14696522
0.79516399 -0.03339506 0.60547429 -0.07377014 0.98573899 0.15125032
0.81995416 -0.03000683 0.57164222 -0.12825333 0.96360731 0.23454645
0.84933925 -0.02278659 0.52735543 -0.12564178 0.96162593 0.24390508
0.79348618 -0.03628780 0.60750556 -0.09655397 0.97807163 0.18453546
0.80929178 -0.03336005 0.58645886 -0.11640140 0.96947968 0.21577747
0.84959149 -0.02231174 0.52696913 -0.13635357 0.95585054 0.26030272
0.92327493 0.03308564 0.38271242 -0.16115040 0.93773746 0.30769962
-0.04076968 0.93508065 0.35208240 -0.99465871 -0.00454045 -0.10311856
-0.05257117 0.91183436 0.40717864 -0.99002010 0.00579827 -0.14080697
-0.09054522 0.93497699 0.34295711 -0.98911065 -0.04430755 -0.14034611
-0.14192881 0.93036282 0.33805519 -0.98687434 -0.10641147 -0.12147312
0.89432210 -0.00705619 0.44736817 -0.15577991 0.93240392 0.32612211
-0.10029412 0.91205513 0.39761356 -0.93980652 0.04436184 -0.33881524
-0.07128814 0.89035136 0.44965824 -0.97285044 0.03744865 -0.22838488
0.87148941 0.01225030 0.49026135 0.01298890 0.99876070 -0.04804540
0.90597910 0.01835257 0.42292443 -0.01152925 0.99975896 -0.01868627
0.87582207 0.00994253 0.48253179 0.00202040 0.99970353 -0.02426595
0.87418127 0.01033199 0.48548982 0.00781161 0.99934506 -0.03533336
0.95356035 0.02012579 0.30052888 -0.05647483 0.99201626 0.11275805
0.93113846 0.02449485 0.36384231 -0.05540690 0.99566066 0.07476574
0.94604647 0.02640990 0.32295296 -0.06124482 0.99328220 0.09818135
0.83749330 0.00709770 0.54640156 -0.00401782 0.99996859 -0.00683120
0.69942933 -0.04073282 0.71354014 -0.13769460 0.97199070 0.19045818
0.67057306 -0.02399221 0.74145550 -0.11360329 0.98436701 0.13459532
0.71588439 -0.01076171 0.69813597 -0.06308042 0.99479544 0.08001877
0.67592895 -0.04032151 0.73586291 -0.14653552 0.97121143 0.18781799
0.72690558 -0.00697747 0.68670207 -0.02906665 0.99873972 0.04091641
0.79943365 0.00111617 0.60075349 -0.03222338 0.99863845 0.04102482
-0.09249247 0.81470162 0.57245660 -0.46109024 0.47451872 -0.74981850
0.58686519 -0.08900640 0.80477774 -0.23840760 0.93088138 0.27680627
-0.18719213 0.77518517 0.60336322 -0.46825609 0.46953100 -0.74851650
0.50675184 -0.12337985 0.85321742 -0.28804734 0.90859348 0.30246764
0.59549314 -0.07742376 0.79962081 -0.19510548 0.95160741 0.23743877
0.26487589 -0.20030947 0.94324809 -0.15342240 0.95697159 0.24630675
0.29043135 -0.16289835 0.94292831 -0.03610686 0.98283589 0.18091398
0.38929579 -0.14957398 0.90888751 0.08332556 0.98840058 0.12696919
0.29538903 -0.15088975 0.94338626 0.01085685 0.98791558 0.15461254
0.27211261 -0.14415964 0.95140570 0.13476759 0.98467910 0.11065627
0.46995577 -0.13254040 0.87268245 0.11342902 0.98953354 0.08920375
0.52713084 -0.10397091 0.84339976 0.00940511 0.99314004 0.11655203
0.52736366 -0.09973624 0.84376550 0.00739383 0.99358743 0.11282453
0.50879794 -0.11684277 0.85292000 0.03796163 0.99282813 0.11336350
0.60273153 -0.06397238 0.79537559 -0.10704029 0.98128980 0.16004011
0.51824075 -0.07728180 0.85173589 -0.08019991 0.98712879 0.13836443
0.56224787 -0.07051485 0.82395691 -0.09213173 0.98481411 0.14714955
0.56418484 -0.07259154 0.82245123 -0.09702811 0.98339587 0.15335624
0.67883456 -0.05700393 0.73207533 -0.06963428 0.98749155 0.14146228
0.76932997 -0.03944655 0.63763267 -0.06181766 0.98881167 0.13575745
0.75496864 -0.04240239 0.65438861 -0.05547481 0.99020040 0.12816331
0.72427559 -0.04831097 0.68781608 -0.07377900 0.98638529 0.14697179
0.74710715 -0.04352776 0.66327697 -0.08096801 0.98446351 0.15580711
0.78735244 -0.03466600 0.61552775 -0.09910335 0.97831661 0.18186602
0.74782276 -0.06156388 0.66103792 -0.16451442 0.94745266 0.27435109
0.85417014 -0.01855827 0.51966244 -0.14177774 0.95318782 0.26708081
0.73794651 -0.06170724 0.67203218 -0.15368392 0.95427984 0.25638127
0.84061843 -0.02866003 0.54086912 -0.17728718 0.92902917 0.32476783
0.84263593 -0.02916119 0.53769362 -0.17585948 0.92887896 0.32597139
-0.04089978 0.92033839 0.38897878 -0.98987150 0.01564642 -0.14110158
-0.10274942 0.91026682 0.40106970 -0.98664844 -0.04204448 -0.15734388
-0.15984552 0.89547938 0.41541082 -0.98047334 -0.09519055 -0.17207812
-0.12905344 0.91236788 0.38849720 -0.90965903 0.04705465 -0.41268188
-0.10634694 0.90356660 0.41503942 -0.93531078 0.05076081 -0.35016724
-0.00114074 0.89785028 0.44029954 -0.97302562 0.10057809 -0.20761783
0.87064594 0.01235886 0.49175501 0.01342679 0.99871480 -0.04887182
0.92371130 0.02324301 0.38238361 -0.05000882 0.99693251 0.06020655
0.83706754 0.00856113 0.54703259 -0.00567787 0.99995965 -0.00696124
0.83743727 0.00935860 0.54645342 -0.00526816 0.99994516 -0.00905172
0.92117333 0.02413935 0.38840312 -0.06265336 0.99425352 0.08680145
0.93256819 0.02532413 0.36010462 -0.07269780 0.99027419 0.11862615
0.81717181 0.00439517 0.57637751 -0.01120153 0.99990320 0.00825645
0.66547900 -0.01698057 0.74622339 -0.11044339 0.98649663 0.12094106
0.66709119 -0.03211243 0.74428368 -0.13146266 0.97831762 0.16003811
0.70654792 -0.00926291 0.70760459 -0.06034365 0.99548382 0.07328495
0.65363705 -0.04690104 0.75535351 -0.15279964 0.96934515 0.19241163
0.68623060 -0.03478196 0.72655207 -0.15438968 0.96913195 0.19221640
0.73049635 -0.00619088 0.68288857 -0.03397983 0.99839085 0.04539987
0.77911037 0.00076094 0.62688637 -0.01480123 0.99974287 0.01718182
-0.22026291 0.79995173 0.55817693 -0.39385405 0.45057568 -0.80116206
0.54608226 -0.10606113 0.83099049 -0.24848884 0.92680311 0.28158346
-0.17382355 0.75889218 0.62758911 -0.46486992 0.49858233 -0.73164999
0.49504507 -0.12217388 0.86023486 -0.29493684 0.90764976 0.29863718
0.56001544 -0.09089924 0.82348049 -0.23563071 0.93543875 0.26350048
0.59081882 -0.07807918 0.80301732 -0.17002091 0.96090603 0.21852368
-0.15258855 0.85375595 0.49781281 -0.35161993 0.42385355 -0.83469254
-0.19934916 0.85815167 0.47311276 -0.21797097 0.43187597 -0.87519819
0.04048880 0.97141790 0.23389724 0.03237585 0.23269083 -0.97201174
0.19741495 -0.16114281 0.96698517 0.06139846 0.98649335 0.15185891
0.29786623 -0.14863127 0.94296581 0.11392499 0.98627973 0.11947156
0.26952991 -0.14642014 0.95179558 0.10189762 0.98716086 0.12300518
0.27621374 -0.14354822 0.95031571 0.13605075 0.98466599 0.10919314
0.42176709 -0.12251783 0.89838850 0.05541325 0.99245954 0.10933188
0.38924968 -0.12987928 0.91192991 0.09235766 0.99052370 0.10165071
0.45557469 -0.09444153 0.88517374 -0.04384999 0.99076861 0.12827611
0.51544160 -0.07748701 0.85341424 -0.08594719 0.98620683 0.14145413
0.43666849 -0.08882812 0.89522636 -0.06130140 0.98986238 0.12811956
0.46014786 -0.08997542 0.88327146 -0.11894946 0.97963512 0.16175936
0.53647113 -0.08034147 0.84008574 -0.12929541 0.97588098 0.17589511
0.64393187 -0.06961928 0.76190877 -0.11901703 0.97461301 0.18964306
0.71672410 -0.04963808 0.69558805 -0.07108409 0.98706758 0.14368251
0.71535224 -0.04962564 0.69699967 -0.07114459 0.98711890 0.14329970
0.70768005 -0.05433410 0.70444077 -0.09859245 0.97968918 0.17461002
0.71510482 -0.05214649 0.69706953 -0.09865828 0.97970206 0.17450058
0.75584209 -0.04224835 0.65338939 -0.11029553 0.97543985 0.19066234
0.75978500 -0.05635617 0.64772743 -0.13488248 0.96090025 0.24182136
0.76875675 -0.07039024 0.63565576 -0.17787810 0.93117309 0.31823909
0.71875149 -0.05832668 0.69281626 -0.15479258 0.95804042 0.24124248
0.82935148 -0.03280637 0.55776328 -0.18472484 0.92603683 0.32913914
0.82589382 -0.03487635 0.56274605 -0.23856005 0.88272804 0.40482134
-0.01470446 0.90705389 0.42075768 -0.98890114 0.04902805 -0.14025255
-0.10898920 0.88967627 0.44339314 -0.99264175 -0.07373349 -0.09605088
-0.17599872 0.86062980 0.47785020 -0.87624621 0.08423486 -0.47444415
-0.10259353 0.90888447 0.40423217 -0.94388652 0.03930146 -0.32792327
-0.01511141 0.85749573 0.51426911 -0.97137213 0.10936190 -0.21089381
-0.00245388 0.88697314 0.46181461 -0.97675860 0.09685458 -0.19121148
0.84459513 0.01280922 0.53525239 0.02012740 0.99824750 -0.05564902
0.83363670 0.01559803 0.55209297 0.04583720 0.99419898 -0.09730086
0.89616215 0.02242292 0.44315967 -0.01724506 0.99972785 -0.01571094
0.83492714 0.01005415 0.55026877 0.01356273 0.99915361 -0.03883471
0.91033524 0.02394890 0.41317818 -0.05833352 0.99578303 0.07080518
0.91820163 0.02710092 0.39518523 -0.07301143 0.99214244 0.10160106
0.58813393 -0.01950949 0.80852818 -0.08550017 0.99260706 0.08614518
0.68525732 -0.01133718 0.72821283 -0.06708890 0.99464494 0.07861662
0.65239787 -0.04408600 0.75659341 -0.15562889 0.96923870 0.19067286
0.61011881 -0.06120387 0.78994250 -0.18271346 0.95927048 0.21544349
0.71867818 -0.00523421 0.69532317 -0.06185781 0.99552572 0.07142959
0.77845174 -0.00006141 0.62770456 -0.01401519 0.99974906 0.01747884
-0.20676845 0.74515575 0.63402671 -0.34325370 0.55159134 -0.76021314
0.54330075 -0.10091075 0.83345151 -0.25860158 0.92436433 0.28049228
-0.23416211 0.72339427 0.64951432 -0.55303258 0.45035121 -0.70095569
-0.29734761 0.68032056 0.66988677 -0.46293411 0.51089990 -0.72434342
-0.12325014 0.78980255 0.60085058 -0.55122435 0.44898650 -0.70325172
0.49459466 -0.11887357 0.86095601 -0.26264241 0.92384607 0.27843747
0.58989400 -0.07282278 0.80419022 -0.17354070 0.96121925 0.21433893
-0.22864518 0.83377612 0.50253236 -0.30423924 0.42915168 -0.85045129
-0.16746160 0.87157577 0.46077374 -0.21126607 0.42479128 -0.88029480
0.06059645 -0.28416327 0.95685911 0.00395893 0.95868164 0.28445372
0.04950082 -0.27983141 0.95877218 0.06740425 0.95869648 0.27632925
0.16364616 -0.15938573 0.97355849 0.13287500 0.98143083 0.13833949
0.25355026 -0.13845636 0.95736212 0.20348142 0.97519290 0.08714456
0.17066349 -0.15995362 0.97225964 0.16017191 0.97811490 0.13280147
0.35732186 -0.12397531 0.92571658 0.05511279 0.99222285 0.11160880
0.30218896 -0.13729121 0.94330961 0.14018424 0.98521554 0.09848228
0.46875358 -0.08517882 0.87921256 -0.10400935 0.98309356 0.15069567
0.34378603 -0.10661425 0.93297619 -0.04451403 0.99056691 0.12959799
0.41232401 -0.08621477 0.90694869 -0.11887638 0.98190939 0.14738505
0.35902461 -0.09602386 0.92837530 -0.12327432 0.98110020 0.14915039
0.50924432 -0.08387692 0.85652483 -0.13262558 0.97570240 0.17439979
0.41601059 -0.09548575 0.90433276 -0.12798108 0.97842604 0.16218281
0.57077682 -0.07218264 0.81792635 -0.16001694 0.96725148 0.19702598
0.50035715 -0.10636431 0.85926098 -0.13114291 0.97166485 0.19664429
0.64005291 -0.07089061 0.76505345 -0.11832374 0.97476149 0.18931344
0.73620856 -0.04655120 0.67515182 -0.11187123 0.97553527 0.18925059
0.69731981 -0.09151240 0.71089429 -0.20449591 0.92519182 0.31968969
0.76950586 -0.05848530 0.63595623 -0.18067543 0.93518072 0.30462027
0.78948629 -0.05401994 0.61138636 -0.17830302 0.93297410 0.31267789
0.67513174 -0.07155772 0.73421842 -0.15883672 0.95783901 0.23940624
0.78729278 -0.06276728 0.61337614 -0.21734881 0.90269548 0.37134948
0.79714179 -0.05830743 0.60097027 -0.25593325 0.86885744 0.42377463
0.01336841 0.89441764 0.44703296 -0.98629332 0.08532702 -0.14122631
0.03872342 0.85715240 0.51360524 -0.97760230 0.13890514 -0.15811127
-0.20565826 0.85419214 0.47755677 -0.86117190 0.07383259 -0.50292319
-0.14561039 0.86366844 0.48257071 -0.92079306 0.06009582 -0.38539413
-0.06419393 0.81982070 0.56901067 -0.95203668 0.12062722 -0.28120333
-0.00429742 0.85799444 0.51364100 -0.97496039 0.11060865 -0.19291963
0.87901324 0.01422169 0.47658527 -0.01007642 0.99988592 -0.01125248
0.88191450 0.01725582 0.47109348 -0.02225297 0.99973971 0.00503911
0.75494570 0.00683475 0.65575171 0.01956491 0.99926585 -0.03293956
0.89989465 0.02294607 0.43550336 -0.03903577 0.99884456 0.02803313
0.90546876 0.02378953 0.42374572 -0.09442536 0.98469543 0.14648826
0.92228186 0.03172918 0.38521364 -0.08553893 0.98866808 0.12336372
0.63214511 -0.00676884 0.77482045 -0.08978501 0.99258614 0.08192326
0.65762478 -0.00776405 0.75330573 -0.06147912 0.99605846 0.06393638
0.57910430 -0.07264499 0.81201041 -0.24165297 0.93596452 0.25607482
0.58479720 -0.05331761 0.80942541 -0.18255050 0.96359164 0.19536257
0.72754622 -0.00361680 0.68604922 -0.02317905 0.99928564 0.02984925
0.74624234 -0.00274106 0.66566879 -0.02340456 0.99926525 0.03035221
0.75480247 0.00241976 0.65594780 0.01788692 0.99954545 -0.02426984
-0.26666024 0.66529834 0.69733101 -0.35328415 0.60569519 -0.71296829
-0.34394911 0.64931381 0.67829978 -0.49388728 0.48927715 -0.71880680
0.53995365 -0.09747757 0.83603126 -0.25683659 0.92681766 0.27394167
-0.19404191 0.74985433 0.63250792 -0.54222655 0.45533630 -0.70615810
-0.24886461 0.71098709 0.65769583 -0.50728297 0.48278317 -0.71385181
-0.32289025 0.65998715 0.67835015 -0.43267274 0.53452271 -0.72600263
0.45581266 -0.13298181 0.88008565 -0.23556581 0.93549526 0.26335812
-0.24685042 0.84475404 0.47482151 -0.16714607 0.44552478 -0.87952822
0.06137100 -0.28367880 0.95695347 0.00345970 0.95881546 0.28400889
-0.15890311 0.87396145 0.45928344 -0.16978914 0.43407309 -0.88473290
0.06319525 -0.26474515 0.96224552 0.07821760 0.96252078 0.25968391
0.17817128 -0.16137397 0.97067678 0.14947186 0.97945184 0.13539672
0.25259775 -0.13063501 0.95871210 0.09909814 0.98912615 0.10866924
0.15661100 0.98087257 0.11559398 -0.10401334 0.13276716 -0.98567444
0.38054281 -0.12331337 0.91650480 0.06240690 0.99223471 0.10759060
0.25179791 -0.13177519 0.95876646 0.09977274 0.98894238 0.10971963
0.36828738 -0.09705816 0.92463189 -0.05032976 0.99099612 0.12407108
0.35633525 -0.09649971 0.92936158 -0.11986428 0.98171282 0.14789385
0.40672898 -0.08586194 0.90950495 -0.12781803 0.98043215 0.14971781
0.29084367 -0.10462001 0.95103347 -0.11522564 0.98293877 0.14336793
0.46647310 -0.09798744 0.87909120 -0.15389636 0.96969652 0.18974888
0.44212422 -0.09237152 0.89218473 -0.16058666 0.97045982 0.18005475
0.41816187 -0.08920141 0.90398216 -0.13019834 0.97900581 0.15683129
0.52023083 -0.10460144 0.84759569 -0.15844974 0.96341795 0.21614709
0.54211736 -0.10815682 0.83331317 -0.20276670 0.94554067 0.25463417
0.74474859 -0.05001887 0.66546810 -0.19065864 0.93967658 0.28400210
0.72447783 -0.08037756 0.68459570 -0.20058052 0.92561567 0.32094106
0.76278412 -0.06606650 0.64326954 -0.17357637 0.93734205 0.30209455
0.76137316 -0.07189572 0.64431512 -0.20976296 0.91305572 0.34975544
0.64952278 -0.07860192 0.75626844 -0.16690287 0.95564395 0.24266869
0.79798985 -0.04913636 0.60066450 -0.22265032 0.90212512 0.36959043
0.79045045 -0.06033504 0.60954720 -0.24973886 0.87692118 0.41065770
0.79380000 -0.05937729 0.60527343 -0.25643191 0.86975503 0.42162648
-0.28341085 0.84397501 0.45539498 -0.81835091 0.03473571 -0.57366824
0.05652794 0.85125953 0.52169144 -0.97821945 0.15175320 -0.14162512
0.08432740 0.83086932 0.55004102 -0.97314256 0.18733534 -0.13378748
0.05738899 0.83368981 0.54924297 -0.97676802 0.16066577 -0.14181280
-0.25514087 0.80661643 0.53317273 -0.86768591 0.05230920 -0.49435303
-0.15681019 0.82275754 0.54633385 -0.92734587 0.06764522 -0.36804038
0.03829299 0.78199238 0.62211061 -0.96569604 0.18897523 -0.17809984
0.05206301 0.84181345 0.53725195 -0.97474438 0.15982889 -0.15597519
0.83406496 0.01394718 0.55148989 0.02185659 0.99806005 -0.05829652
0.86682552 0.01600313 0.49835476 -0.00442261 0.99969226 -0.02440947
0.75276077 0.00737527 0.65825295 0.02309559 0.99902576 -0.03760490
0.88643986 0.02133839 0.46235165 -0.03217258 0.99936122 0.01556022
0.90687793 0.02489537 0.42065746 -0.05837226 0.99605113 0.06689399
0.90059251 0.02709242 0.43381932 -0.09053323 0.98785853 0.12625088
0.90722853 0.02543962 0.41986820 -0.06089339 0.99559790 0.07125233
0.89954221 0.02632720 0.43603981 -0.09786560 0.98495555 0.14242536
0.57933748 -0.01523778 0.81494540 -0.11098807 0.98903805 0.09739338
0.59077823 -0.00954580 0.80677754 -0.05096748 0.99749142 0.04912423
0.65692669 -0.00495204 0.75393826 -0.04092072 0.99827033 0.04221219
0.55168629 -0.06546501 0.83147854 -0.21035773 0.95376539 0.21466549
0.56572354 -0.02286898 0.82427782 -0.13566627 0.98341227 0.12039537
0.62504524 -0.00154429 0.78058702 0.04158167 0.99864411 -0.03132031
0.70089316 -0.00157950 0.71326452 -0.01712101 0.99967217 0.01903778
-0.31616646 0.63175851 0.70775706 -0.30670393 0.63789928 -0.70641154
-0.26129937 0.70826304 0.65580952 -0.51770973 0.47059214 -0.71450663
-0.26472947 0.70114392 0.66205406 -0.54211771 0.45958048 -0.70348722
-0.33140188 0.64802831 0.68573481 -0.47078928 0.51627791 -0.71541226
-0.32377034 0.64996839 0.68754184 -0.42259747 0.55082268 -0.71972615
-0.11877357 0.80681694 0.57873946 -0.56584030 0.42395958 -0.70716560
-0.02851541 0.96525234 0.25975916 -0.02870119 0.25896707 -0.96545964
-0.27089596 0.93109345 0.24429572 0.03217829 0.26240236 -0.96442193
0.16869785 0.95724177 0.23500915 0.13694124 0.21335237 -0.96733028
0.18087147 0.96521062 0.18882272 -0.00225329 0.19239543 -0.98131496
0.14986990 -0.16188164 0.97536319 0.14829880 0.97902536 0.13970251
0.14853621 -0.12821996 0.98055935 0.10105838 0.98833573 0.11392836
0.34207639 -0.10833972 0.93340576 0.00669958 0.99358726 0.11286967
0.27294356 -0.12197661 0.95426601 0.07857641 0.99144185 0.10425375
0.36816984 -0.09668971 0.92471731 -0.05039324 0.99104071 0.12368831
0.32557568 -0.10345856 0.93983871 -0.14358763 0.97705698 0.15729675
0.47611851 -0.07133546 0.87648302 -0.13366994 0.97925162 0.15231112
0.25874007 -0.09603132 0.96116155 -0.12482546 0.98337847 0.13185346
0.36504787 -0.10694829 0.92482555 -0.18271388 0.96583080 0.18381116
0.33133543 -0.10881989 0.93721664 -0.17417744 0.96919960 0.17411059
0.52811515 -0.10535564 0.84261179 -0.16189796 0.96158069 0.22170196
0.47086090 -0.12861507 0.87278187 -0.22541258 0.93893743 0.25997269
0.62558538 -0.07664422 0.77638179 -0.14035392 0.96786869 0.20864078
0.59333146 -0.08614313 0.80033571 -0.11824869 0.97414339 0.19251476
0.56900066 -0.12145025 0.81331927 -0.25274149 0.91533488 0.31350258
0.65317607 -0.09801323 0.75083590 -0.25546739 0.90492362 0.34036690
0.75530690 -0.07083163 0.65153235 -0.20780842 0.91695732 0.34059510
0.76192635 -0.07643449 0.64313763 -0.20033886 0.91649640 0.34626395
0.63072473 -0.08070950 0.77179813 -0.16852845 0.95659256 0.23775800
0.75430763 -0.07688589 0.65200353 -0.22730076 0.90111351 0.36922744
0.78423053 -0.06600101 0.61694932 -0.26035228 0.86755294 0.42375535
-0.32610947 0.78636163 0.52467901 -0.78162140 0.08788729 -0.61753047
0.05394709 0.83846045 0.54228574 -0.97720420 0.15600474 -0.14399508
0.05614984 0.84583545 0.53048050 -0.97672492 0.15670006 -0.14647005
0.11262906 0.77453291 0.62242556 -0.95913965 0.24837120 -0.13550967
0.04330196 0.81911922 0.57198656 -0.97190332 0.16712287 -0.16575256
-0.29394579 0.76264662 0.57616490 -0.82909811 0.09649524 -0.55071324
-0.17010608 0.79777652 0.57846045 -0.91087514 0.09668264 -0.40119690
0.10539833 0.77440184 0.62385339 -0.96128315 0.23996517 -0.13546738
0.79306221 0.01329398 0.60899556 0.02456058 0.99825102 -0.05377509
0.82495028 0.01276027 0.56506133 -0.02130168 0.99973679 0.00852282
0.86114144 0.01547504 0.50812989 -0.00441372 0.99972653 -0.02296650
0.85777569 0.01511283 0.51380199 -0.05552052 0.99644387 0.06338057
0.70405579 -0.00166828 0.71014273 0.03296327 0.99899614 -0.03033387
0.74399173 0.01034823 0.66810864 0.01528120 0.99935508 -0.03249567
0.87291986 0.01758378 0.48754674 -0.06584702 0.99445236 0.08202892
0.90871245 0.02571629 0.41662976 -0.05963408 0.99586046 0.06859902
0.87798327 0.02337074 0.47812039 -0.09373260 0.98786581 0.12383597
0.56273550 -0.01161495 0.82655549 -0.07346141 0.99524242 0.06399937
0.62763572 -0.00977497 0.77844584 -0.05288259 0.99707627 0.05515784
0.58833724 -0.00879320 0.80856794 -0.07765447 0.99470484 0.06732107
0.67167377 -0.00301451 0.74084097 -0.00940699 0.99987644 0.01259726
0.50001836 -0.07015295 0.86316878 -0.20678470 0.95821136 0.19766417
0.53450125 -0.01840948 0.84496719 -0.13955802 0.98411626 0.10972143
0.71024764 -0.00128879 0.70395076 -0.01272236 0.99981153 0.01466661
-0.41589710 0.57809061 0.70202631 -0.42189407 0.56120962 -0.71207386
-0.34661865 0.59693700 0.72354800 -0.30993003 0.65516102 -0.68899012
-0.22874956 0.72921431 0.64491874 -0.53304529 0.46051753 -0.70977914
-0.20177183 0.74372685 0.63730574 -0.52386534 0.46784171 -0.71182114
-0.36279070 0.63071603 0.68598855 -0.54081649 0.45698190 -0.70617646
-0.38248852 0.61157292 0.69259024 -0.54853421 0.45289484 -0.70284891
-0.37052435 0.61755252 0.69378716 -0.49271014 0.50251406 -0.71043396
-0.11138728 0.80277348 0.58578813 -0.53781366 0.44698253 -0.71481687
-0.14762497 -0.23893641 0.95974803 0.01610035 0.96967095 0.24388330
-0.14745250 0.95828986 0.24482313 -0.03312786 0.24260487 -0.96955943
0.17949887 0.95905375 0.21908005 0.10560319 0.20262551 -0.97354555
0.16405818 0.97286326 0.16316254 -0.05220595 0.17373471 -0.98340774
0.18225966 0.96482897 0.18943718 0.06569288 0.18028475 -0.98141831
0.11065168 -0.11993381 0.98659623 0.06928674 0.99120772 0.11272353
0.34949052 -0.10007171 0.93158042 -0.03114001 0.99248987 0.11829711
0.22457409 -0.11271161 0.96791667 0.03910838 0.99353039 0.10662043
0.23507851 -0.11932803 0.96462375 0.02379536 0.99284446 0.11702014
0.33045062 -0.10101362 0.93840218 -0.04385125 0.99153936 0.12217540
0.34352219 -0.09857327 0.93395710 -0.13668393 0.97863978 0.15356348
-0.19255394 0.98119789 0.01318328 -0.15919785 -0.01797923 -0.98708302
0.16104905 -0.11197629 0.98057359 -0.11028774 0.98527825 0.13062716
0.31892607 -0.12137802 0.93997532 -0.22499880 0.95371813 0.19949287
0.26760513 -0.09933525 0.95839453 -0.18180194 0.97159964 0.15146710
0.49697351 -0.11935492 0.85951835 -0.19427325 0.95005119 0.24425532
0.63310450 -0.08527693 0.76935464 -0.21402381 0.93588161 0.27985609
0.58558691 -0.10880102 0.80327481 -0.27355266 0.90629601 0.32217467
0.71137416 -0.10369582 0.69512165 -0.25881112 0.88090026 0.39627197
0.50630057 -0.12897621 0.85265756 -0.20239665 0.94336152 0.26287773
0.74299592 -0.09427922 0.66262251 -0.28382879 0.85221553 0.43951094
-0.32955876 0.80750340 0.48921290 -0.85369051 -0.03355777 -0.51969844
-0.30245262 0.76452613 0.56922954 -0.82722610 0.08613835 -0.55522716
0.06936393 0.60668117 0.79191333 -0.94900393 0.28485039 -0.13509905
-0.02769969 0.70486385 0.70880157 -0.91725445 0.26392692 -0.29830667
-0.00939295 0.73721313 0.67559499 -0.92760664 0.24589284 -0.28121641
0.08546714 0.71440530 0.69449294 -0.95431209 0.25901344 -0.14899829
0.79805756 0.01229226 0.60245591 0.00105603 0.99976188 -0.02179763
0.76757401 0.01200686 0.64084798 -0.00840242 0.99992716 -0.00867056
0.82372743 0.01233100 0.56685197 -0.06320756 0.99552882 0.07019456
0.82756132 0.01249029 0.56123638 -0.01392260 0.99990159 -0.00172343
0.68274558 -0.00165932 0.73065436 0.02559316 0.99943811 -0.02164529
0.70036811 -0.00184163 0.71377945 0.03431625 0.99892724 -0.03109412
0.73938525 0.01091913 0.67319405 0.00502919 0.99975103 -0.02173952
0.86906248 0.02093178 0.49425942 -0.10606483 0.98375487 0.14483328
0.54044515 -0.01125592 0.84130394 -0.07063910 0.99577326 0.05870042
0.54295760 -0.00312210 0.83975428 0.02155204 0.99971551 -0.01021803
0.66652620 -0.00172848 0.74547964 -0.00528260 0.99996126 0.00704165
0.47641900 -0.03523974 0.87851185 -0.19434594 0.97025931 0.14431424
0.52337480 -0.01200178 0.85201812 -0.14634058 0.98377854 0.10375138
-0.35784763 0.61945027 0.69873208 -0.49753454 0.50673491 -0.70404482
-0.31619874 0.61017799 0.72643042 -0.32949960 0.64741379 -0.68723029
-0.23920444 0.72418827 0.64678633 -0.55746722 0.44296619 -0.70214766
-0.38105950 0.61546540 0.68992472 -0.53143138 0.46482494 -0.70817971
-0.41485602 0.57915086 0.70176834 -0.52813476 0.47477672 -0.70403177
-0.10835211 0.80618906 0.58165210 -0.53300524 0.44677687 -0.71853739
-0.12584330 0.79831398 0.58894676 -0.53155565 0.44699267 -0.71947634
-0.12216300 -0.23672651 0.96386558 0.03141938 0.96973020 0.24214906
0.19253688 0.96225762 0.19232732 0.11961450 0.17151876 -0.97789246
0.19080475 0.95692539 0.21883202 0.13965602 0.19419740 -0.97097045
0.11040506 0.97998816 0.16563213 -0.00108580 0.16676977 -0.98599529
0.08986624 0.98238426 0.16384532 -0.00005977 0.16451627 -0.98637438
0.14524037 -0.12028461 0.98205751 0.02877994 0.99267608 0.11732880
0.05587804 -0.11727609 0.99152613 0.06476389 0.99141204 0.11361279
0.15682612 -0.11372980 0.98105615 -0.02425479 0.99260443 0.11894578
0.30509704 -0.09211662 0.94785565 -0.14941038 0.97835475 0.14317307
-0.20045005 0.97965515 -0.00977820 -0.15079352 -0.04071305 -0.98772663
-0.16100934 0.98688591 0.01149967 -0.10986242 -0.00634223 -0.99392658
0.19870308 -0.09584095 0.97536230 -0.10963848 0.98678625 0.11929929
-0.32038933 0.94527173 -0.06174155 -0.24444540 -0.14546996 -0.95868921
-0.25242653 0.96741623 -0.01966679 -0.15592608 -0.06072812 -0.98590022
-0.22633730 0.97380239 -0.02191737 -0.20251477 -0.06905553 -0.97684145
-0.33219418 0.94076085 -0.06794219 -0.25604516 -0.15927155 -0.95345342
0.52214116 -0.14055993 0.84119654 -0.25132108 0.91716981 0.30925286
0.56956440 -0.11803330 0.81342769 -0.27865574 0.90330017 0.32618988
0.71145356 -0.11539275 0.69319439 -0.26902792 0.86655462 0.42036545
0.46830583 -0.14964078 0.87080270 -0.24150744 0.92634547 0.28906471
0.72531503 -0.11396738 0.67891800 -0.31504709 0.82191736 0.47454944
-0.71753371 0.69638914 -0.01369825 -0.38740447 -0.41535681 -0.82304108
-0.35228372 0.77616692 0.52293521 -0.76050287 0.08824971 -0.64330971
-0.86822742 0.49096861 -0.07163098 -0.15143469 -0.39969546 -0.90405262
0.01106936 0.49830943 0.86692858 -0.95557135 0.26065844 -0.13762495
0.02962119 0.58191407 0.81271058 -0.92646772 0.32118610 -0.19620714
0.07509442 0.69201767 0.71796411 -0.94795102 0.27296397 -0.16394979
0.77958465 0.01261194 0.62616992 -0.00818724 0.99991709 -0.00994658
0.77721506 0.01251226 0.62911063 -0.01401453 0.99989849 -0.00257298
0.84957558 0.02107518 0.52704573 -0.11099473 0.98397142 0.13957240
0.86825550 0.02011567 0.49570939 -0.06785791 0.99460232 0.07849540
0.65679574 -0.00218450 0.75406545 0.02883860 0.99933702 -0.02222356
0.66697633 -0.00147940 0.74507749 -0.00333071 0.99998212 0.00496710
0.65002096 -0.00253836 0.75991213 0.03804845 0.99884892 -0.02920976
0.70207316 0.00654835 0.71207476 -0.02258280 0.99965954 0.01307259
0.75784945 0.01122057 0.65233296 -0.03324135 0.99921757 0.02143100
0.51548076 -0.01090883 0.85683173 -0.09049217 0.99363470 0.06709179
0.52344459 -0.00527245 0.85204345 -0.04008356 0.99872136 0.03080504
0.54363030 -0.00029324 0.83932477 -0.09821367 0.99310786 0.06395991
0.63005179 -0.00163890 0.77655143 0.00286518 0.99999589 -0.00021418
0.47508854 -0.01860822 0.87974125 -0.18953435 0.97414458 0.12295967
0.43375516 -0.04213167 0.90004522 -0.23592326 0.95874584 0.15857701
0.47851107 -0.01932238 0.87786895 -0.17903069 0.97661018 0.11908223
-0.48880264 0.50242180 0.71319306 -0.41955087 0.58138430 -0.69711512
-0.11992164 0.79563981 0.59378117 -0.53300714 0.45299077 -0.71463472
-0.16882886 0.77142149 0.61351919 -0.59442270 0.41683203 -0.68768656
-0.45827681 0.53588635 0.70908976 -0.58307058 0.42087623 -0.69490427
-0.37079325 0.62120420 0.69037515 -0.58555293 0.42061898 -0.69297004
-0.50470942 0.48209503 0.71613741 -0.55177456 0.45784038 -0.69708461
0.43110058 -0.04789566 0.90103179 -0.26338145 0.94842118 0.17643009
-0.21313271 -0.12554814 0.96892321 0.12746212 0.97966099 0.15497714
