0.12038642 0.97330850 0.19539107 -0.04367696 0.20182498 -0.97844726
-0.31375733 0.93213570 0.18077423 -0.02388944 0.18257824 -0.98290110
0.19754145 0.20061120 0.95954812 0.00414751 0.97865671 -0.20546007
0.29034975 0.19031866 0.93780375 0.12838706 0.96341419 -0.23526546
0.49120900 0.15836087 0.85652530 0.12177164 0.96119297 -0.24754748
0.34274659 0.18628846 0.92077219 0.14925376 0.95689362 -0.24915443
0.40032899 0.18483163 0.89753777 0.04594115 0.97416770 -0.22110331
0.41325811 0.05863421 0.90872431 -0.09512069 0.99524510 -0.02095906
0.35239571 0.05120898 0.93444908 -0.21804138 0.97551548 0.02876743
-0.34050119 0.92689043 0.15790212 -0.39999852 0.00918400 -0.91646975
0.53991526 0.01602944 0.84156674 -0.37548858 0.89940906 0.22376716
0.55202991 0.02171663 0.83354145 -0.36400989 0.90564907 0.21747772
0.69611275 0.00647944 0.71790326 -0.29463580 0.91444910 0.27743936
0.79630035 0.05924456 0.60199326 -0.30610374 0.89783001 0.31654674
-0.24288952 0.54219645 0.80438036 -0.88051498 0.22473107 -0.41736010
-0.11842818 0.77575743 0.61981875 -0.91201562 0.16187622 -0.37686026
0.58636010 0.05505788 0.80817729 -0.11789674 0.99286461 0.01789821
0.72203702 0.06085290 0.68917304 -0.11027092 0.99351263 0.02780369
0.76565880 0.04159891 0.64190048 -0.23913659 0.94479173 0.22401401
0.88125992 0.04947617 0.47003528 -0.13796094 0.97812247 0.15570255
0.91412246 0.03142182 0.40421885 -0.14874922 0.95346040 0.26227263
-0.12962292 0.85982722 0.49385732 -0.93901950 0.05353471 -0.33967108
0.94155842 0.03916627 0.33456501 -0.05831982 0.99717242 0.04739286
0.94166929 0.03987508 0.33416909 -0.05893815 0.99715000 0.04709835
0.98149920 0.02975200 0.18914071 -0.01103747 0.99500245 -0.09923852
-0.01247010 0.98326194 -0.18177046 -0.98488790 -0.04348248 -0.16764565
0.00977071 0.95486420 -0.29688185 -0.97505075 -0.05674716 -0.21460643
0.93552893 0.05020724 0.34966394 0.06635549 0.94725114 -0.31354776
0.94916910 0.04321403 0.31178617 0.03691969 0.96840948 -0.24661739
0.00788215 0.96457720 -0.26368299 -0.99368930 -0.02194999 -0.10999902
0.95817661 0.00066604 -0.28617683 -0.03634802 0.99218172 -0.11939117
0.79597735 0.14497162 0.58771032 0.05511802 0.94950688 -0.30886692
0.85988426 0.11037180 0.49841467 0.04810610 0.95448291 -0.29436061
0.90110153 0.08608457 0.42497706 0.06639416 0.94114435 -0.33141994
0.84534228 0.11771198 0.52109540 0.10851136 0.91725540 -0.38323343
0.80174190 0.14232734 0.58047646 0.12515846 0.90971577 -0.39591995
0.77819908 0.15266015 0.60918081 0.12735140 0.91149271 -0.39110455
0.77301729 0.12863527 0.62120640 0.14144912 0.91962457 -0.36644626
0.79135728 0.11139141 0.60112035 0.09015104 0.95124924 -0.29495373
0.88334012 0.06121642 0.46471804 0.03062115 0.98178089 -0.18753311
0.88406837 0.05479515 0.46413431 -0.01697273 0.99621230 -0.08528251
0.66191435 0.12835486 0.73850828 -0.06877808 0.99147379 -0.11067617
0.65969604 0.07623273 0.74765611 0.14364862 0.96370918 -0.22501069
0.60652566 0.17439739 0.77570111 0.10674090 0.94895220 -0.29681006
0.83240521 0.12807235 0.53916514 -0.12107040 0.99145395 -0.04859034
0.65736622 0.56879407 0.49431053 -0.08329666 0.70678324 -0.70250922
0.64231318 0.57573813 0.50592434 -0.08079788 0.70728064 -0.70230049
0.60301417 0.58718646 0.53998697 -0.13550107 0.74246120 -0.65604180
0.61491954 0.51090127 0.60071111 0.01779351 0.75257051 -0.65827119
0.52109075 0.69943202 0.48914146 0.09578712 0.52155483 -0.84782398
0.56388491 0.69224560 0.45036635 -0.05184406 0.57393068 -0.81726116
0.60313749 0.66787744 0.43607906 -0.07021858 0.58904934 -0.80504054
0.59700036 0.67552817 0.43272653 -0.04635997 0.56754625 -0.82203537
0.56689286 0.69486153 0.44249284 -0.00917625 0.54243481 -0.84004778
0.51049036 0.73693979 0.44307938 0.15170966 0.43000662 -0.88998795
0.59861022 0.67537010 0.43074477 -0.17988485 0.63733459 -0.74929714
0.49050343 0.77634358 0.39584979 0.05476016 0.42589140 -0.90311563
0.34344184 0.83839965 0.42324194 0.06633387 0.42787352 -0.90140116
0.39209062 0.82456046 0.40787852 0.25906694 0.32646409 -0.90901357
0.45471933 0.78404182 0.42250305 0.17976300 0.38382611 -0.90573883
0.54187483 0.71562934 0.44073388 0.30525482 0.32100832 -0.89653397
0.47094834 0.76920271 0.43189690 0.32359713 0.30482683 -0.89574862
0.48852909 0.75134176 0.44364962 0.11364005 0.44933501 -0.88610607
0.57977700 0.68706679 0.43794724 0.26584569 0.34857106 -0.89879054
0.44090578 0.78942990 0.42708623 0.28191429 0.32995069 -0.90092009
0.37486252 0.82224751 0.42823723 0.33486825 0.31064206 -0.88958693
0.34966868 0.83511221 0.42464045 0.27183232 0.34331870 -0.89902145
0.24759832 0.87223089 0.42179182 0.18118036 0.38598385 -0.90453863
0.37471962 0.81702852 0.43823463 0.63099867 0.12157152 -0.76619917
0.41431016 0.78152812 0.46643424 0.38919345 0.31113526 -0.86701983
0.31961277 0.83838576 0.44153935 0.43403867 0.28468218 -0.85473186
0.27286163 0.86158144 0.42804679 0.43665338 0.28555012 -0.85310906
-0.37087339 -0.32810268 0.86879319 0.07045368 0.92287421 0.37860209
-0.13637711 -0.35466000 0.92499602 -0.14684488 0.93064201 0.33517468
-0.49919158 -0.28180441 0.81938642 0.13269754 0.90961927 0.39368021
0.48670316 0.75004715 0.44782734 0.01233701 0.50668931 -0.86204046
0.68978703 0.62652248 0.36285457 -0.02624825 0.52248257 -0.85224593
0.46116424 0.71367836 0.52724838 -0.11281987 0.63654560 -0.76294267
0.47326833 0.73150784 0.49082923 -0.19007225 0.62885052 -0.75393611
0.38415182 0.81435698 0.43502888 0.03518391 0.45792815 -0.88829273
0.46709886 0.78267509 0.41138604 -0.06747811 0.49545753 -0.86600727
0.41430378 0.80453783 0.42552474 -0.02082318 0.47579503 -0.87930965
0.59006476 0.54973280 0.59128463 -0.13721357 0.79000098 -0.59755421
0.73414940 0.19532330 0.65028727 0.01105782 0.95416373 -0.29908091
0.90350014 0.10649173 0.41514701 -0.01842888 0.97739643 -0.21061008
0.88914567 0.11043721 0.44409871 0.01261528 0.96415985 -0.26502204
0.68737555 0.20229541 0.69756114 0.08028548 0.93337911 -0.34979668
0.58945304 0.63233280 0.50269324 -0.09687808 0.67314196 -0.73314023
0.52117354 0.73168504 0.43933490 0.12369510 0.44458011 -0.88715732
0.53693032 0.66033721 0.52503401 -0.06469344 0.65274972 -0.75480634
0.73073119 0.18707930 0.65653127 0.09359598 0.92518061 -0.36780518
0.74065489 0.18173620 0.64684033 0.09365033 0.92540205 -0.36723381
0.86807466 0.11135674 0.48378319 0.03364204 0.95908111 -0.28112581
0.93408471 0.04845934 0.35374773 0.06927900 0.94732016 -0.31270579
0.00444355 0.95988125 -0.28037184 -0.99757046 -0.01523781 -0.06797844
0.00102742 0.96611381 -0.25811440 -0.98856455 -0.03794114 -0.14594743
0.93391317 0.07733887 0.34903419 0.02268282 0.96153373 -0.27374882
-0.00229669 0.97678047 -0.21423034 -0.99435508 -0.02495612 -0.10312702
0.00137084 0.95769119 -0.28779456 -0.99192983 -0.03518462 -0.12180834
0.95820642 0.03203670 -0.28427842 -0.09647674 0.97168493 -0.21568660
0.95715183 0.03872021 -0.28698653 -0.10154824 0.97296947 -0.20740868
0.85204816 -0.01604047 -0.52321768 -0.07684465 0.98486876 -0.15533327
0.83018553 -0.02771217 -0.55679810 -0.08585843 0.98049217 -0.17681453
0.63589185 -0.08432991 -0.76715708 -0.12664324 0.96913701 -0.21150641
0.68188643 -0.05672326 -0.72925538 -0.16355246 0.95992267 -0.22759402
0.44470131 -0.13937616 -0.88476837 -0.21713859 0.94157517 -0.25746280
0.43274879 -0.81470823 -0.38597804 0.11080580 0.47296557 -0.87408566
0.06879393 -0.91697395 -0.39297101 -0.10121208 0.38545671 -0.91715825
0.33384237 -0.85306001 -0.40104595 -0.14019240 0.37579021 -0.91603917
0.30792147 -0.85872060 -0.40961370 -0.06814847 0.40951943 -0.90975255
0.29512656 -0.86072880 -0.41478452 -0.10985947 0.40067232 -0.90961123
0.34224001 -0.16783120 -0.92450231 -0.17970973 0.95406336 -0.23972405
0.43242562 -0.81427974 -0.38724235 0.09192826 0.46704894 -0.87943989
0.63818729 -0.08526179 -0.76514542 -0.11453056 0.97227567 -0.20386963
0.69605201 -0.07044513 -0.71452725 -0.11724407 0.97066551 -0.20991030
0.82845789 -0.02937515 -0.55928046 -0.10262507 0.97375214 -0.20316224
-0.00726081 0.97837704 -0.20670190 -0.99097890 0.02062254 0.13242222
-0.00607478 0.95233005 -0.30500922 -0.99965888 -0.01353103 -0.02233803
-0.00563550 0.94929481 -0.31433675 -0.99994767 -0.00803405 -0.00633550
-0.00451577 0.95300692 -0.30291489 -0.99833202 -0.02173155 -0.05348722
-0.00233219 0.97394949 -0.22675312 -0.99884570 -0.01314820 -0.04620082
-0.00160296 0.95230567 -0.30514160 -0.98439616 -0.05519537 -0.16708612
0.89260662 0.05255454 0.44776282 -0.03336576 0.99815941 -0.05064136
0.75888872 0.04070018 0.64994729 -0.29734576 0.90959013 0.29022643
0.73593175 0.06091226 0.67431015 -0.06518935 0.99769247 -0.01897760
-0.15583344 0.98632139 -0.05372252 -0.10033690 -0.06991144 -0.99249434
0.58998346 0.06157811 0.80506384 -0.13524708 0.99053675 0.02334990
0.57960892 0.15807687 0.79941553 0.09187261 0.96207398 -0.25685245
0.57136834 0.68939513 0.44527808 -0.06524557 0.57900262 -0.81271088
0.35643488 0.80430698 0.47544137 0.03469356 0.49711898 -0.86698854
0.35621762 0.80466735 0.47499412 0.03442437 0.49669325 -0.86724317
0.23643205 0.87276149 0.42706829 0.07473799 0.42189243 -0.90356016
