-0.73548943 0.10481142 -0.66938025 0.24829036 0.96092784 -0.12235006
-0.73850489 0.10571206 -0.66590959 0.25101236 0.95974582 -0.12601885
-0.74625623 0.15106338 -0.64829129 0.31983820 0.93549377 -0.15018314
-0.72044581 0.14926480 -0.67725760 0.32925016 0.93310612 -0.14459342
-0.64362997 0.09160652 -0.75983465 0.21756363 0.97375113 -0.06689418
-0.74246162 0.16792905 -0.64849871 0.35172254 0.92162102 -0.16403046
-0.76436841 0.18417987 -0.61791480 0.37339661 0.90772605 -0.19133332
-0.74566340 0.17337313 -0.64337218 0.35142064 0.92267662 -0.15865491
-0.83235776 0.15959902 -0.53076249 0.30511501 0.93141609 -0.19841592
0.77630854 -0.26518935 0.57185650 -0.47432387 -0.84325498 0.25285959
-0.83789545 0.14591499 -0.52596593 0.29006875 0.93531013 -0.20262054
0.77397025 -0.26318827 0.57593590 -0.46995291 -0.84833217 0.24387874
-0.87183601 0.14254341 -0.46859726 0.29618657 0.91540182 -0.27260426
0.15991400 -0.79149359 0.58988595 -0.94462645 -0.29616517 -0.14130500
-0.75521535 0.28568891 -0.58994216 0.47289431 0.86070544 -0.18856609
-0.87563670 0.10835739 -0.47065815 0.22088678 0.95646471 -0.19074678
0.12922436 -0.73584324 0.66470736 -0.98237634 -0.18629088 -0.01524572
0.15230913 -0.77011073 0.61946064 -0.95778543 -0.26963633 -0.09971637
0.14455229 -0.76405823 0.62874454 -0.94411182 -0.29673278 -0.14353624
0.12978834 -0.77645737 0.61665952 -0.96113873 -0.25134444 -0.11418561
-0.76346827 0.27633139 -0.58374417 0.45596245 0.87073785 -0.18415727
0.02825142 -0.93102020 0.36387259 -0.94785643 -0.14055212 -0.28603026
0.18571362 -0.83599484 0.51635557 -0.92345655 -0.32806087 -0.19900766
0.08946317 -0.73018509 0.67736703 -0.99394566 -0.10900667 0.01376875
0.13942614 -0.79139805 0.59518868 -0.97421467 -0.21729931 -0.06071904
0.10723258 -0.85874939 0.50104952 -0.93383276 -0.25996977 -0.24570742
-0.96181315 -0.04933841 -0.26922351 0.01599127 0.97180939 -0.23522517
0.08006301 -0.82232523 0.56335700 -0.98160273 -0.16332483 -0.09890008
-0.80220741 0.08333519 -0.59120095 0.19119115 0.97392315 -0.12214608
0.12422825 -0.72891903 0.67323434 -0.98642379 -0.16416396 0.00427706
0.08658388 -0.78647214 0.61152661 -0.99344075 -0.11418057 -0.00618760
0.12573352 -0.77814370 0.61537266 -0.97600710 -0.20817564 -0.06382111
0.03245703 -0.81328601 0.58095819 -0.97710896 -0.14809451 -0.15272896
-0.96143186 -0.05808103 -0.26884085 0.01532368 0.96461970 -0.26319957
0.06602864 -0.85023236 0.52225006 -0.98508579 -0.13888860 -0.10156760
0.09918309 -0.83408201 0.54265082 -0.97845197 -0.18099478 -0.09936149
0.13240194 -0.81689590 0.56138301 -0.96204740 -0.24225175 -0.12561402
0.11373947 -0.67654771 0.72756207 -0.98892987 -0.00685402 0.14822555
0.07198307 -0.78144151 0.61981261 -0.99402279 -0.00506617 0.10905538
0.03427282 -0.81253397 0.58190548 -0.99940985 -0.02651068 0.02184507
0.10523786 -0.76279283 0.63802207 -0.99113727 -0.13275647 0.00476392
0.03201605 -0.81687587 0.57592428 -0.97226089 -0.15903106 -0.17151682
-0.02866317 -0.91893113 0.39337522 -0.97185773 -0.06643469 -0.22600667
0.03339204 -0.86939949 0.49298030 -0.99541467 -0.07316834 -0.06161219
0.10144503 -0.67003381 0.73536640 -0.98943383 0.00901169 0.14470512
0.07034323 -0.82941085 0.55419266 -0.96129876 0.09199371 0.25969574
0.02616007 -0.87966311 0.47487733 -0.98188645 0.06656381 0.17739306
0.02749432 -0.82592463 0.56310976 -0.99952859 -0.03041423 0.00419366
0.01755837 -0.83171415 0.55492646 -0.98514283 -0.10922232 -0.13252975
-0.94748813 -0.02862878 -0.31850684 0.04899770 0.97122830 -0.23305562
-0.03423423 -0.92194742 0.38579923 -0.99875385 0.01753267 -0.04672733
0.02890948 -0.82081306 0.57046491 -0.99621880 0.02311745 0.08374798
0.07324468 -0.73389786 0.67529941 -0.96808052 0.11042234 0.22500458
0.12627691 -0.71510136 0.68752033 -0.99031013 -0.05049746 0.12936713
0.07915420 -0.83376789 0.54641175 -0.93899959 0.12166795 0.32167789
0.02239056 -0.88339365 0.46809661 -0.98267365 0.06672020 0.17291903
-0.03667139 -0.96920455 0.24351136 -0.98581529 -0.00485054 -0.16776377
-0.03101120 -0.93703383 0.34785911 -0.99377489 -0.00835259 -0.11109330
0.02155977 -0.84142244 0.53994775 -0.98673385 0.06901404 0.14694701
0.06914759 -0.73570704 0.67376089 -0.96898532 0.11108433 0.22074376
0.13421309 -0.68136269 0.71953583 -0.98935783 -0.05095724 0.13628846
0.12605672 -0.71538693 0.68726355 -0.97703791 0.03042961 0.21088144
0.01343497 -0.91267359 0.40846843 -0.95862061 0.10442043 0.26484498
-0.97671288 0.02474116 -0.21311961 0.01278151 0.99827445 0.05731340
-0.03894927 -0.97406709 0.22288169 -0.99634367 0.05483186 0.06551933
0.03069753 -0.80051404 0.59852737 -0.98583138 0.07454576 0.15026471
0.15719354 -0.64420104 0.74852866 -0.96365625 0.06572361 0.25893435
0.12731598 -0.72795886 0.67369628 -0.97066998 0.04821089 0.23553251
0.02079014 -0.90704238 0.42052576 -0.94727021 0.11665490 0.29844743
-0.98376143 0.02355495 -0.17792882 0.01281686 0.99803954 0.06126070
-0.04895234 -0.98222977 0.18118609 -0.99880111 0.04816808 -0.00872876
0.02705858 -0.82129312 0.56986445 -0.94583243 0.16346623 0.28049931
0.15369615 -0.64395326 0.74946761 -0.96460962 0.06668316 0.25511125
-0.79966569 0.24524985 0.54807615 -0.16614074 0.78677064 -0.59446555
-0.03144730 -0.97760236 -0.20809804 -0.99685782 0.04582078 -0.06461386
0.01884449 -0.82763255 0.56095386 -0.95496494 0.15126927 0.25526378
0.17425479 -0.63237131 0.75481248 -0.96019953 0.06080935 0.27261528
0.20484440 -0.81243175 0.54588777 -0.82902461 0.15247919 0.53802258
0.02334804 -0.89552552 -0.44439727 -0.99487442 0.02293342 -0.09848357
-0.90427738 0.07525133 0.42026153 0.18410270 0.95685458 0.22480126
-0.76394349 0.49635503 0.41233736 0.13882838 0.75046277 -0.64616746
0.02826805 -0.91651595 -0.39899817 -0.97113281 0.06940141 -0.22822040
-0.86064857 0.05294677 0.50643921 0.06329543 0.99798959 0.00322802
-0.76518613 0.49331725 0.41367656 0.13875857 0.75381261 -0.64227146
-0.72817248 0.07452207 0.68133056 -0.03181355 0.98932511 -0.14221044
-0.89921737 0.03762929 -0.43588093 -0.06287177 0.97483879 0.21386088
0.08133562 -0.79929966 -0.59540284 -0.97973388 0.04559422 -0.19504559
-0.82709187 0.47230440 0.30470914 0.04287228 0.59355557 -0.80365026
0.19454160 -0.80931026 -0.55422968 -0.94196010 0.00346999 -0.33570698
0.17726532 -0.83442628 -0.52183318 -0.93270975 0.02676284 -0.35963348
0.01096805 -0.77669144 -0.62978578 -0.99228108 0.06934836 -0.10280585
-0.77472675 0.56777400 0.27826476 0.04602759 0.48955932 -0.87075436
0.19477412 -0.85425335 -0.48199001 -0.91055721 0.02519529 -0.41261458
0.16261341 -0.83590299 -0.52423567 -0.93730551 0.03511482 -0.34673530
-0.05907991 -0.75486290 -0.65321636 -0.99779409 0.02481017 0.06157426
0.02139148 -0.84309644 -0.53733689 -0.97090846 0.11069158 -0.21233021
-0.47836304 0.81969094 0.31508023 -0.12983894 0.28883350 -0.94853419
-0.75304461 0.59161341 0.28795385 -0.03196368 0.40423036 -0.91409856
-0.82856166 0.03781348 -0.55861956 -0.23719738 0.88005435 0.41139013
-0.93657398 0.02370374 -0.34966749 -0.09074358 0.94728607 0.30726996
0.16042060 -0.83552426 -0.52551353 -0.94388330 0.02586952 -0.32926446
-0.06413627 -0.72366202 -0.68716800 -0.98722672 -0.05462268 0.14966556
0.01118984 -0.82939368 -0.55855256 -0.98706239 0.08018755 -0.13884483
-0.00870529 -0.93398279 -0.35721204 -0.97216266 0.09155072 -0.21568094
-0.60134053 0.75050044 0.27411446 -0.05777406 0.30133384 -0.95176685
-0.71756345 0.63204759 0.29260647 -0.11250506 0.30941319 -0.94424897
-0.65415215 0.68964106 0.31061271 -0.14025337 0.29294425 -0.94578683
-0.87800306 0.42016259 0.22929035 0.01777299 0.50731748 -0.86157596
-0.81444705 0.05851424 -0.57727993 -0.16766372 0.92872882 0.33068374
0.00056651 -0.92644566 -0.37642819 -0.95963007 0.10537240 -0.26078135
-0.87330192 0.06690330 -0.48256373 -0.08880538 0.95206898 0.29270840
0.19673909 -0.87666005 -0.43904546 -0.86810249 0.05239049 -0.49361256
-0.07521922 -0.72487462 -0.68476194 -0.98266423 -0.06280860 0.17443083
0.00884372 -0.89805353 -0.43979731 -0.95185810 -0.14232986 0.27149296
0.01256116 -0.83784044 -0.54577076 -0.98252153 -0.11172117 0.14889567
0.00150772 -0.88911355 -0.45768425 -0.99819988 0.02610306 -0.05399704
-0.50511616 0.81112510 0.29484531 -0.15564817 0.25041455 -0.95554501
-0.41524658 0.86128873 0.29283449 -0.02410030 0.31137082 -0.94998282
-0.53480250 0.79154921 0.29569611 -0.18540701 0.23148973 -0.95500618
-0.64133847 0.70048374 0.31306165 -0.13996935 0.29436380 -0.94538808
-0.84407449 0.47495830 0.24890320 -0.07088662 0.36126867 -0.92976344
-0.84443170 0.03699788 -0.53438407 -0.11023984 0.96425378 0.24096034
-0.93142271 0.06243306 -0.35854411 0.01019616 0.98926556 0.14577268
-0.92196274 0.04091291 -0.38511163 -0.04339828 0.97722661 0.20771323
-0.88645458 0.02705177 -0.46202448 -0.12808160 0.94496161 0.30106935
-0.05141729 -0.88146782 -0.46943662 -0.97278559 -0.06213497 0.22322072
-0.01490055 -0.89123112 -0.45330459 -0.99970770 0.02191223 -0.01021977
-0.98115945 0.03665040 -0.18969175 0.00477559 0.98614252 0.16583170
-0.49452382 0.81771052 0.29461133 -0.17870969 0.23605692 -0.95516491
-0.30728582 0.90762067 0.28600740 -0.20367077 0.23085797 -0.95143199
-0.33784220 0.89349252 0.29586112 0.06655710 0.33623618 -0.93942291
-0.55685586 0.77774799 0.29158145 -0.09702119 0.28773689 -0.95278239
-0.63504744 0.70604813 0.31338599 -0.11296044 0.31645176 -0.94185895
-0.74969405 0.59636223 0.28689897 -0.05937226 0.37116495 -0.92666692
-0.77406925 0.05977478 -0.63027287 -0.07558150 0.97968805 0.18573852
-0.83561271 0.04122328 -0.54777014 -0.09156704 0.97277576 0.21289144
-0.94711292 0.05154493 -0.31673369 0.02871498 0.99666893 0.07633197
-0.85233718 0.04489956 -0.52106184 -0.00011171 0.99629235 0.08603259
-0.90040553 0.05343001 -0.43175820 0.03379798 0.99802130 0.05302132
-0.04857533 -0.98465997 -0.16758640 -0.99474734 0.06282693 -0.08081193
-0.99586719 0.03941323 -0.08182427 0.03243880 0.99586284 0.08488233
-0.88882011 0.03003174 0.45727128 0.19777694 0.92527199 0.32366037
-0.94790345 0.05021220 -0.31457567 0.02734565 0.99668002 0.07668890
-0.39122769 0.87331218 0.29028744 -0.18949340 0.23222661 -0.95402467
-0.23522460 0.93194777 0.27593976 -0.12367464 0.25289854 -0.95955557
-0.04533968 -0.06993873 0.99652040 0.03586840 0.99678904 0.07158952
-0.54097641 0.78837895 0.29292187 -0.11563033 0.27525938 -0.95439082
-0.54854399 0.78428131 0.28983149 -0.06770134 0.30383757 -0.95031530
-0.56495184 0.77067149 0.29477954 -0.08721685 0.29947808 -0.95010847
-0.61994034 0.71700615 0.31871027 -0.10530893 0.32647672 -0.93932050
-0.81764895 0.51064587 0.26587790 -0.05052719 0.39638901 -0.91669124
-0.71882236 0.62728727 0.29967505 -0.08811625 0.34537882 -0.93431741
-0.80877405 0.04027534 -0.58673877 0.03208805 0.99918824 0.02435609
-0.94294828 0.05614237 -0.32817170 0.07614145 0.99592155 -0.04840163
-0.85961682 0.04406912 -0.50903535 0.00832908 0.99734968 0.07227889
-0.91528189 0.05530321 -0.39899957 0.11856930 0.98363572 -0.13565460
-0.06195286 -0.99252939 -0.10510650 -0.99769509 0.06450570 -0.02106183
-0.84105676 -0.01390991 0.54076809 0.24194689 0.88443255 0.39904994
-0.96909869 0.04154126 -0.24315040 0.09342916 0.97409201 -0.20595102
-0.49526426 0.82318097 0.27764452 -0.03910246 0.29814675 -0.95371884
-0.22006474 0.97470927 0.03890209 0.10378939 0.06304911 -0.99259895
-0.08822667 0.97213560 0.21718313 -0.04723287 0.21370521 -0.97575575
-0.53295720 0.79353946 0.29368657 -0.07008610 0.30449557 -0.94993180
-0.52341032 0.79799700 0.29873496 -0.16580909 0.24850541 -0.95433348
-0.61764765 0.72507864 0.30458555 0.02127481 0.40255189 -0.91514999
-0.83266801 0.50221688 0.23332851 0.01163211 0.43711266 -0.89933157
0.34974879 -0.59301770 0.72526252 -0.86645669 0.08964612 0.49113786
-0.63073295 0.70877624 0.31593081 0.02852631 0.42802972 -0.90331441
-0.82051724 0.03277379 -0.57068145 0.09477810 0.99233645 -0.07928143
-0.91599429 0.02426733 -0.40045682 0.12824239 0.96351039 -0.23495029
-0.86832833 0.04246953 -0.49416828 0.05652931 0.99830925 -0.01353441
-0.85657400 0.03786177 -0.51463336 0.10294133 0.98979646 -0.09851951
-0.98827827 0.08116129 0.12930176 0.09111494 0.99316019 0.07301328
-0.98766887 0.04633725 -0.14954302 0.05969796 0.99449396 -0.08612709
-0.89833832 0.05405949 0.43596554 0.09007154 0.99398202 0.06234566
-0.94353038 -0.01610900 -0.33089438 0.08544114 0.95319408 -0.29003611
-0.96456420 0.04403400 -0.26014796 0.09728442 0.97586113 -0.19552720
-0.40400183 0.87203187 0.27630228 -0.01170453 0.29709697 -0.95477557
-0.37719432 -0.12325754 0.91789550 -0.14732388 0.98646975 0.07192550
-0.57920527 0.76568031 0.27974087 0.12598005 0.42311728 -0.89727414
-0.64424670 0.70958787 0.28536180 0.01460375 0.38445595 -0.92302781
-0.61263156 0.72727519 0.30944052 0.03003370 0.41265285 -0.91039318
-0.73464018 0.61168361 0.29350796 0.10402620 0.52905023 -0.84219027
0.34921357 -0.59675133 0.72245258 -0.87327099 0.07230561 0.48183995
0.35238793 -0.59179783 0.72498143 -0.86938435 0.07973148 0.48766148
-0.84872699 0.04002421 -0.52731454 0.12153333 0.98520517 -0.12083217
0.00238174 -0.87430060 0.48537910 -0.95465058 -0.14649530 -0.25919369
-0.89092964 0.06783611 -0.44904637 0.20421785 0.94301289 -0.26271990
-0.97813344 0.08505696 0.18979020 0.07840464 0.99602371 -0.04230226
-0.06899392 -0.98317951 0.16910899 -0.99047369 0.04725929 -0.12933841
-0.04395398 -0.95830315 0.28235301 -0.98535556 -0.00502296 -0.17043848
-0.71361607 -0.04744294 0.69892871 0.15846646 0.96091062 0.22702263
-0.74002105 0.10573224 0.66422105 0.15291241 0.98815340 0.01306602
-0.02202352 -0.94378382 0.32982898 -0.95645219 -0.07615573 -0.28177929
-0.04743816 -0.94479793 0.32420141 -0.98875493 -0.00166713 -0.14953607
-0.36587939 0.88847244 0.27703607 0.10974274 0.33678773 -0.93516338
-0.47927326 0.84226537 0.24675149 0.02297242 0.29308760 -0.95580959
-0.59562159 -0.17054981 0.78495079 -0.25708875 0.96627343 0.01486737
-0.60317558 0.75329036 0.26216969 0.16630004 0.44024420 -0.88234311
-0.64131933 0.70439154 0.30420724 0.12427276 0.48660234 -0.86473954
-0.74621415 0.59862781 0.29122022 0.14100145 0.56966317 -0.80969286
0.28041068 -0.66797495 0.68933254 -0.84356952 0.17116350 0.50901240
0.27569759 -0.68071407 0.67868942 -0.87683463 0.11122905 0.46774915
-0.81594390 0.01578552 -0.57791555 0.21462475 0.93646199 -0.27744398
-0.04218252 -0.89772058 0.43854117 -0.96795207 -0.07204207 -0.24058016
0.01763794 -0.88422620 0.46672580 -0.93943596 -0.17445205 -0.29500261
0.00598976 -0.85722834 0.51490158 -0.91581929 -0.21146661 -0.34140438
-0.96632695 0.08976991 0.24115080 0.08643939 0.99595886 -0.02437657
-0.06885369 -0.97743344 0.19970749 -0.99752289 0.07034208 0.00035832
-0.04341483 -0.95836717 0.28221914 -0.99398130 0.01299565 -0.10877692
-0.63728583 -0.09334782 0.76495302 0.24912205 0.91438276 0.31912756
-0.84209377 0.00728066 0.53928208 0.24023759 0.90029573 0.36297861
-0.77716559 0.11162838 0.61931646 -0.00835022 0.98222542 -0.18751921
-0.90056217 0.11862182 0.41823038 0.05751929 0.98610735 -0.15583311
-0.04245166 -0.89685589 0.44028100 -0.97031105 -0.06801338 -0.23210064
-0.04271637 -0.92635328 0.37422583 -0.98480117 -0.02407604 -0.17200859
-0.38036600 -0.44643387 0.80994976 -0.40339488 0.86816239 0.28907892
-0.19311903 -0.40202013 0.89503348 -0.27245113 0.89830405 0.34470308
-0.59930390 0.78216541 0.17044680 0.17032877 0.33263546 -0.92754614
-0.53152490 0.81673515 0.22455531 0.21485174 0.38643208 -0.89694422
-0.57544315 -0.16921946 0.80014372 -0.31136438 0.95001197 -0.02301081
-0.72391772 0.14218810 0.67507464 -0.14283608 0.92643601 -0.34830189
-0.59459233 0.77410686 0.21729837 0.19528107 0.40120950 -0.89492810
-0.68001646 0.68061650 0.27265155 0.28019190 0.58487481 -0.76119256
-0.67137390 0.65610945 0.34464106 0.16875800 0.58815271 -0.79094702
-0.74765432 0.58380675 0.31651652 0.14501557 0.60864270 -0.78007984
0.21003893 -0.75822645 0.61723274 -0.84398443 0.17806950 0.50594634
-0.09672297 -0.82522285 0.55646378 -0.91160250 -0.15097512 -0.38234478
-0.03052517 -0.91951120 0.39187685 -0.97118467 -0.06542759 -0.22917145
0.01750779 -0.88211507 0.47070858 -0.94014806 -0.17476296 -0.29254007
-0.00939926 -0.85277909 0.52218735 -0.91429698 -0.20414169 -0.34983900
-0.00898661 -0.85365266 0.52076530 -0.91701812 -0.20063353 -0.34470850
-0.06782463 -0.97156376 0.22685623 -0.99759758 0.06925583 -0.00165410
-0.90553075 0.12147298 0.40651989 0.05469928 0.98356706 -0.17205785
-0.07173564 -0.98451579 0.15994570 -0.99452513 0.08281803 0.06372648
-0.05490227 -0.91846824 0.39166552 -0.99684465 0.02789751 -0.07431354
-0.04915246 -0.90656865 0.41918653 -0.99473411 0.00664220 -0.10227434
-0.67765319 -0.08672640 0.73024976 0.22704871 0.91983110 0.31993702
-0.53906244 -0.11056640 0.83497715 0.08167218 0.97981286 0.18247302
-0.74818403 -0.07905757 0.65876454 0.31280071 0.83358282 0.45529699
-0.57149923 -0.10021877 0.81445980 0.07321350 0.98232901 0.17224827
-0.77239686 0.11264896 0.62507075 -0.00745887 0.98246926 -0.18627547
-0.89626706 0.12921780 0.42427376 -0.05212688 0.91929603 -0.39009959
-0.04181832 -0.86678916 0.49691835 -0.98958117 -0.03264712 -0.14022586
-0.50293529 0.83796483 0.21182805 -0.23331122 0.10436223 -0.96678561
-0.71552306 0.68982613 0.11030252 0.15321112 0.30900580 -0.93863827
-0.83917999 0.26993224 0.47213727 -0.01559892 0.85582900 -0.51702362
-0.69408721 0.70307457 0.15469013 0.28312036 0.46416017 -0.83928442
-0.86578822 0.26995331 0.42135018 0.01456644 0.85524774 -0.51801455
-0.71461391 0.62897205 0.30613917 0.26289693 0.64704353 -0.71569544
-0.68803358 0.65970355 0.30232614 -0.10104904 0.32545593 -0.94014227
-0.07200045 -0.77376807 0.62936395 -0.91764545 -0.19586183 -0.34578174
-0.05863184 -0.78321260 0.61898327 -0.95608211 -0.13431375 -0.26051277
-0.06067766 -0.83938462 0.54014051 -0.96617895 -0.08648562 -0.24293715
-0.03171224 -0.68359601 0.72917140 -0.96856946 -0.15905944 -0.19124162
-0.03626626 -0.81162077 0.58305788 -0.94233644 -0.16646294 -0.29033104
-0.96674466 0.12688434 0.22204761 0.08500075 0.97830009 -0.18895470
-0.03854815 -0.93965501 0.33994490 -0.98348796 0.09587564 0.15349072
-0.07082588 -0.92898166 0.36328620 -0.99745256 0.06906193 -0.01785972
-0.05815146 -0.95027757 0.30592635 -0.99723649 0.04110136 -0.06188764
-0.05040000 -0.91907686 0.39084214 -0.99681062 0.02204669 -0.07669762
-0.04840521 -0.89249015 0.44846216 -0.99360698 -0.00282080 -0.11285967
0.36865476 0.84076095 0.39650297 0.51890385 0.16777121 -0.83820742
0.33779046 0.85970557 0.38315007 0.37978029 0.24797487 -0.89122128
-0.38988003 -0.79580814 -0.46333909 -0.76259154 -0.00301886 0.64687330
-0.57583135 -0.09605287 0.81190652 -0.01163539 0.99393678 0.10933582
-0.85192591 0.16618931 0.49659181 -0.04932936 0.91861963 -0.39205182
-0.04275888 -0.84314543 0.53598267 -0.98732424 -0.04641404 -0.15177853
-0.04240642 -0.86724001 0.49608117 -0.98778540 -0.03812323 -0.15108503
-0.72687900 0.67853934 0.10597745 0.16943696 0.32672927 -0.92980599
-0.75413454 0.64977258 0.09527195 0.03532927 0.18500300 -0.98210269
0.09833156 -0.78501344 0.61162484 -0.88076246 0.21744220 0.42068568
-0.69193131 0.70628881 0.14962330 0.28856665 0.46052906 -0.83942980
-0.08716095 -0.80601174 0.58544695 -0.89731687 -0.19173798 -0.39756647
-0.01364628 -0.74517226 0.66673237 -0.99031240 -0.08207750 -0.11200291
-0.00146525 -0.75978005 0.65017855 -0.97400886 -0.14618491 -0.17302254
-0.00495455 -0.70564449 0.70854878 -0.94041449 -0.23762050 -0.24322242
-0.90304035 0.20360219 0.37823832 0.06548707 0.93549496 -0.34721848
-0.07005937 -0.93638664 0.34390661 -0.99416435 0.09389144 0.05311955
-0.05990550 -0.90608847 0.41882583 -0.99788928 0.06489640 -0.00233315
-0.04580545 -0.91153657 0.40865999 -0.99781018 0.02220930 -0.06230256
-0.05296372 -0.90838110 0.41477537 -0.99818611 0.03625304 -0.04806475
-0.03887424 -0.87379539 0.48473749 -0.99597555 -0.00532205 -0.08946733
0.36309186 0.84416425 0.39439967 0.51939714 0.16804513 -0.83784693
0.22917619 0.89994049 0.37092507 0.37813771 0.26882541 -0.88585818
0.52952194 0.70290709 0.47489813 0.64954597 0.02410737 -0.75994003
-0.40046686 -0.10709363 0.91003144 -0.14846936 0.98760688 0.05088764
0.22445929 0.97302037 0.05337994 0.13778101 0.02253901 -0.99020624
0.00240072 -0.79725993 0.60363150 -0.95193046 0.18307438 0.24558558
-0.00556523 -0.81235015 0.58314341 -0.99220699 -0.06810405 -0.10434174
-0.02835910 -0.66961801 0.74216413 -0.98364705 -0.11341357 -0.13991396
-0.73230284 0.67256868 0.10669534 0.29233328 0.45199108 -0.84276056
-0.74521929 0.66033792 0.09274751 0.17084339 0.32352093 -0.93067008
-0.76545268 0.63769859 0.08615562 0.04317563 0.18448211 -0.98188710
-0.79975623 0.39614275 0.45106652 0.01651943 0.76560819 -0.64309496
0.00464019 -0.72470427 0.68904442 -0.94315118 -0.23216788 -0.23783176
-0.02430175 -0.62278557 0.78201503 -0.98535478 -0.11714160 -0.12391061
-0.02815820 -0.60424298 0.79630250 -0.97566056 -0.15669662 -0.15340361
-0.05754728 -0.85545850 0.51466411 -0.98940772 0.11768663 0.08498420
-0.06327033 -0.87561911 0.47884026 -0.98597008 0.12910518 0.10580628
-0.06118501 -0.90656358 0.41761088 -0.99806756 0.06011448 -0.01573035
-0.02892422 -0.85435027 0.51889217 -0.99816620 -0.00292900 -0.06046261
-0.05079833 -0.89354295 0.44609490 -0.99515420 0.00763431 -0.09802978
-0.05360389 -0.87672216 0.47800106 -0.99847442 0.04070879 -0.03730498
-0.02900605 -0.86078775 0.50813693 -0.99571294 -0.01978631 -0.09035657
0.50462127 0.74394017 0.43807581 0.40843993 0.24132746 -0.88030559
0.40057892 0.81563210 0.41746965 0.18966958 0.37193945 -0.90867299
0.51816875 0.72803819 0.44884473 0.54982322 0.11843154 -0.82684243
-0.31525704 -0.11107498 0.94248366 0.05660622 0.98915762 0.13551022
0.28353122 0.95733488 0.05585741 0.13258559 0.01855404 -0.99099791
-0.01223846 -0.76046187 0.64926732 -0.99254292 -0.06951602 -0.10013054
-0.77865738 0.62318110 0.07306197 0.12841555 0.27225617 -0.95361733
-0.77684736 0.62427402 0.08240207 0.06217264 0.20626499 -0.97651899
-0.74228746 0.66516870 0.08099414 -0.09386151 0.01646697 -0.99544913
-0.01728443 -0.77199805 0.63538992 -0.94467461 0.22079539 0.24256831
0.00839942 -0.71152067 0.70261496 -0.98757493 -0.11616778 -0.10583422
-0.02179179 -0.62979943 0.77645212 -0.98003906 -0.14004868 -0.14110257
-0.02126361 -0.61431414 0.78877503 -0.96786618 -0.18508053 -0.17023601
-0.05707642 -0.84527081 0.53128117 -0.97806621 0.15411612 0.14012416
-0.06449898 -0.86563706 0.49650010 -0.99359792 0.10195125 0.04867417
-0.05964681 -0.82941771 0.55543548 -0.99497825 0.09420355 0.03382359
-0.02908101 -0.88877904 0.45741242 -0.99957174 0.02735509 -0.01039747
-0.04894911 -0.90667707 0.41897574 -0.99876285 0.04075143 -0.02849844
-0.05206273 -0.85708934 0.51253045 -0.99839467 0.05613666 -0.00754107
-0.00920781 -0.80416828 0.59433037 -0.99902469 -0.01826965 -0.04019769
0.47510436 0.76843810 0.42869425 0.36641675 0.27016839 -0.89036387
0.35790932 0.83274680 0.42241409 0.16840468 0.38739648 -0.90640157
0.38566387 0.83182633 0.39915958 0.43218958 0.21935365 -0.87469774
-0.13631810 -0.10337118 0.98525721 -0.06691689 0.99323052 0.09494923
0.10914901 0.99332756 0.03724042 -0.01149439 0.03872300 -0.99918389
0.28096354 0.95819044 0.05413542 0.10589519 0.02511106 -0.99406022
-0.00769239 -0.69867414 0.71539867 -0.99937701 -0.01927144 -0.02956681
-0.83859175 0.54051268 0.06789737 0.04552172 0.19372986 -0.97999823
-0.84100300 0.53659570 0.06913003 0.03510262 0.18162344 -0.98274148
-0.80039376 0.59462565 0.07609306 0.24425967 0.43940580 -0.86444193
-0.01845995 -0.77469593 0.63206440 -0.94513017 0.21975288 0.24173899
0.00444305 -0.71350354 0.70063764 -0.98792630 -0.11163532 -0.10742040
-0.01120422 -0.56443548 0.82540119 -0.99449712 -0.07969736 -0.06799914
0.08551306 -0.83165401 0.54867029 -0.90947819 -0.29003376 -0.29787555
0.01149252 -0.68495995 0.72849005 -0.96890068 0.17246614 0.17744580
-0.04246678 -0.79028076 0.61127168 -0.97965360 0.15305579 0.12981836
-0.06324554 -0.81647897 0.57390076 -0.99155027 0.11666951 0.05671198
-0.02628588 -0.83343375 0.55199391 -0.99869889 -0.00224476 -0.05094719
-0.04200196 -0.90470046 0.42397287 -0.99901736 0.03201912 -0.03064577
-0.05746214 -0.83775634 0.54301244 -0.99734771 0.07250895 0.00632600
-0.01055366 -0.69723898 0.71676111 -0.99885613 -0.02608145 -0.04007833
0.43309566 0.79907578 0.41702047 0.43543953 0.21960467 -0.87302130
0.11401044 0.04694441 0.99236983 0.01775902 0.99862707 -0.04928069
-0.11849743 -0.10689444 0.98718381 -0.01753516 0.99425882 0.10555571
0.02975629 0.99860334 0.04365695 -0.01813302 0.04420840 -0.99885780
-0.00604939 -0.70795214 0.70623457 -0.99958074 -0.01571691 -0.02431723
-0.80697972 0.58614188 0.07226044 0.24619535 0.44509545 -0.86097497
-0.02817046 -0.76016194 0.64912266 -0.95269549 0.21700968 0.21278664
-0.00630413 -0.63859564 0.76951671 -0.99827439 -0.04090938 -0.04212749
-0.00769523 -0.56627214 0.82418245 -0.99196422 -0.09976469 -0.07780723
-0.05150782 -0.75209302 0.65704113 -0.98558646 0.14443974 0.08807167
-0.02250020 -0.84444535 0.53516901 -0.99929738 0.00294602 -0.03736509
-0.02303041 -0.85096061 0.52472436 -0.99899757 -0.00056458 -0.04476209
-0.04381831 -0.90143639 0.43068835 -0.99903649 0.04060053 -0.01666471
-0.02749261 -0.87203604 0.48866889 -0.99954045 0.01773516 -0.02458572
-0.05759517 -0.85883415 0.50900567 -0.99681824 0.07761167 0.01816018
-0.05695141 -0.78847152 0.61242890 -0.99525523 0.09330857 0.02757864
-0.00701305 -0.72385263 0.68991899 -0.99918300 -0.02238884 -0.03364676
0.36414459 0.84534925 0.39087513 0.51997626 0.16365565 -0.83835649
-0.06081677 0.04581624 0.99709690 0.04913079 0.99787253 -0.04285521
0.04277314 -0.08969440 0.99505043 -0.03234366 0.99531561 0.09110861
0.00695415 -0.77079839 0.63704127 -0.99737972 -0.05122202 -0.05108920
-0.87668508 0.48002219 0.03165367 0.07995931 0.21028475 -0.97436488
-0.05400638 -0.75645459 0.65181267 -0.98538554 0.14598295 0.08777424
-0.01276157 -0.51604205 0.85646820 -0.99001956 -0.11370508 -0.08326149
-0.00998851 -0.51421833 0.85760123 -0.99573678 -0.07353330 -0.05568800
-0.02323204 -0.84210289 0.53881639 -0.99971575 0.02245778 -0.00800584
-0.00903836 -0.75786430 0.65234965 -0.99990642 0.01355208 0.00189028
-0.03973631 -0.87813437 0.47676104 -0.99877721 0.04895174 0.00691853
-0.03981899 -0.90634161 0.42066523 -0.99911219 0.04191182 -0.00427232
-0.03071110 -0.89080203 0.45335260 -0.99947840 0.03190127 -0.00502339
-0.04844788 -0.77334207 0.63213515 -0.99678379 0.07788139 0.01888345
-0.06232455 -0.71443087 0.69692481 -0.99154931 0.12392709 0.03836778
-0.00669490 -0.75943589 0.65054774 -0.99997759 0.00528269 -0.00412404
-0.00281947 -0.60260421 0.79803526 -0.99998891 -0.00130949 -0.00452179
-0.00226761 -0.54716760 0.83701998 -0.99946105 -0.02617050 -0.01981559
-0.88552910 0.46378013 0.02731811 0.08233231 0.21453001 -0.97324115
-0.06232537 -0.63533986 0.76971352 -0.94787401 0.27914640 0.15366265
-0.01164780 -0.50759268 0.86151850 -0.99483889 -0.08096705 -0.06115477
-0.00962484 -0.44435719 0.89579803 -0.99664104 -0.06859651 -0.04473538
-0.01931019 -0.84493643 0.53451794 -0.99978143 0.02060384 -0.00354907
-0.00521049 -0.75531930 0.65533632 -0.99993849 0.01035551 0.00398504
-0.04209588 -0.89802665 0.43792254 -0.99902260 0.04374874 -0.00631893
-0.02929481 -0.89860004 0.43778965 -0.99948007 0.03223435 -0.00071677
-0.04375880 -0.58030146 0.81322527 -0.99212700 0.12085041 0.03285115
-0.04621669 -0.82597339 0.56181139 -0.99762219 0.06694961 0.01636101
-0.06834034 -0.70264161 0.70825452 -0.99010879 0.13495830 0.03835194
-0.07172327 -0.78118569 0.62016505 -0.99244595 0.11793975 0.03378355
-0.00373561 -0.75561339 0.65500724 -0.99999297 0.00252440 -0.00279098
-0.00093200 -0.66312796 0.74850547 -0.99999958 0.00077175 -0.00056142
-0.00732444 -0.45199576 0.89199007 -0.99864060 -0.04272941 -0.02985235
-0.00088349 -0.53970957 0.84185082 -0.99964392 -0.02197590 -0.01513781
-0.87819314 0.47719657 0.03256246 0.03159477 0.12580493 -0.99155176
-0.89767611 0.43983129 0.02694513 0.02229922 0.10641098 -0.99407214
-0.05668987 -0.58679944 0.80774546 -0.96649188 0.23513308 0.10298498
-0.00747296 -0.49853137 0.86683947 -0.97379673 -0.19341336 -0.11962972
-0.00101255 -0.52623677 0.85033751 -0.99919379 -0.03359514 -0.02198037
-0.00489651 -0.44742665 0.89430726 -0.99508083 -0.08630982 -0.04862952
-0.01997970 -0.85647869 0.51579559 -0.99926370 0.03400861 0.01776414
-0.00828646 -0.79241842 0.60992169 -0.99981463 0.01716609 0.00871884
-0.00546155 -0.77511400 0.63179791 -0.99967819 0.01988309 0.01575166
-0.03230044 -0.89087188 0.45310482 -0.99905866 0.04191257 0.01118659
-0.02693800 -0.89951390 0.43606099 -0.99468976 0.06746580 0.07772186
-0.01952516 -0.87021184 0.49229077 -0.99959177 0.02726332 0.00854714
-0.06848243 -0.70378250 0.70710713 -0.98989683 0.13613915 0.03962883
-0.04733062 -0.60147530 0.79748815 -0.99748844 0.07057797 -0.00596979
-0.05201478 -0.49928766 0.86487359 -0.97611064 0.20836395 0.06158283
-0.03710339 -0.52507907 0.85024428 -0.96381539 0.24355659 0.10835195
-0.00202353 -0.67075843 0.74167311 -0.99944931 0.02592226 0.02071689
0.01064977 -0.46191812 0.88685864 -0.99919450 0.02940189 0.02731265
-0.00493758 -0.48979989 0.87182093 -0.99948680 -0.02517696 -0.01980535
0.00011369 -0.52092963 0.85359961 -0.99994743 0.00869294 0.00543826
-0.81339204 0.58119422 0.02463271 0.13999614 0.23667623 -0.96144968
-0.90999800 0.41380218 0.02591199 0.07282288 0.22104557 -0.97254086
-0.91775948 0.39641201 0.02398165 -0.00324599 0.05289674 -0.99859470
-0.00347629 -0.47586292 0.87951261 -0.99475914 -0.08823030 -0.05166907
0.00554124 -0.55241132 0.83355325 -0.97026962 -0.20466557 -0.12918559
0.00122386 -0.45659024 0.88967627 -0.99964041 -0.02439112 -0.01114262
0.00084691 -0.41926870 0.90786183 -0.99740297 -0.06573754 -0.02942847
-0.01334457 -0.81568748 0.57833892 -0.99917799 0.03302047 0.02351697
-0.00700169 -0.78298765 0.62199783 -0.99790210 0.04550587 0.04605084
-0.00456435 -0.78030342 0.62538451 -0.99912983 0.02948653 0.02949875
0.00039747 -0.69442540 0.71956468 -0.99831039 0.04153489 0.04063524
-0.03021466 -0.90373534 0.42702413 -0.99904972 0.04073177 0.01551387
-0.00984656 -0.89539945 0.44515494 -0.99963677 0.01998376 0.01808463
-0.01721537 -0.87897569 0.47655579 -0.99943632 0.02886765 0.01714027
-0.05277545 -0.54895616 0.83418339 -0.98929858 0.14252904 0.03120600
-0.04694704 -0.51569027 0.85548788 -0.99595773 0.08982185 -0.00051085
-0.06802048 -0.57883406 0.81260347 -0.98503959 0.16822615 0.03737634
-0.04240762 -0.44446298 0.89479291 -0.97586811 0.21043985 0.05827995
-0.03303921 -0.46645570 0.88392735 -0.95107973 0.28648955 0.11563365
-0.00802144 -0.76308477 0.64624864 -0.99792212 0.04742664 0.04361444
0.00869897 -0.53341055 0.84581172 -0.99927825 0.02664053 0.02707816
0.00995949 -0.48917779 0.87212723 -0.99966699 0.01589398 0.02033093
-0.84928298 0.52793616 0.00137851 0.16845316 0.27346084 -0.94701779
-0.84106135 0.54082853 0.01097298 0.20050153 0.33051878 -0.92225617
-0.93388361 0.35716507 0.01716349 0.05925982 0.20192601 -0.97760636
-0.05934521 -0.44526359 0.89343077 -0.92707211 0.35646138 0.11607166
-0.92116731 0.38845429 0.02353740 -0.00222516 0.05522319 -0.99847156
0.03731690 -0.65341294 0.75608140 -0.87899482 -0.38138151 -0.28621024
0.00853469 -0.51619762 0.85642701 -0.99112701 0.10924135 0.07572051
0.00391253 -0.43494579 0.90044820 -0.99987406 0.01214979 0.01021329
0.00020809 -0.38661414 0.92224157 -0.99766690 0.06288150 0.02658575
-0.01531002 -0.84285891 0.53791684 -0.99832845 0.04287155 0.03876106
-0.00581813 -0.80125386 0.59829623 -0.99692708 0.05138750 0.05912485
0.00340701 -0.70348829 0.71069866 -0.99793476 0.04319625 0.04754199
-0.00270216 -0.70028830 0.71385503 -0.99953419 0.02359162 0.01935972
-0.00050762 -0.88489228 0.46579552 -0.99869889 0.02420153 0.04488836
-0.00900954 -0.87900954 0.47671908 -0.99858522 0.03289351 0.04177915
-0.01563186 -0.84448618 0.53534925 -0.99857342 0.04052551 0.03476922
-0.98097438 0.19402915 -0.00647959 0.04024943 0.17061561 -0.98451525
-0.03805211 -0.31550050 0.94816214 -0.99852848 0.04869532 -0.02387009
-0.04350426 -0.43453473 0.89960378 -0.97846848 0.20038007 0.04947128
-0.03755021 -0.38813141 0.92083877 -0.96676546 0.24731195 0.06481840
-0.05200580 -0.49775025 0.86575985 -0.97169876 0.22525758 0.07113755
0.00045991 -0.67079568 0.74164212 -0.99884874 0.03526838 0.03251874
0.00959407 -0.57092023 0.82094949 -0.99786448 0.04758045 0.04475088
0.01280021 -0.50467491 0.86321455 -0.99835134 0.04185694 0.03927558
0.00938675 -0.44130355 0.89730883 -0.99992537 0.00287782 0.01187555
-0.68347085 0.72491342 0.08583786 0.29633310 0.38299355 -0.87493008
-0.07093091 -0.47472039 0.87727386 -0.89031911 0.42670485 0.15891771
-0.94647229 0.32263312 0.00990973 0.01938512 0.08745962 -0.99597943
-0.06735753 -0.38987005 0.91840315 -0.96316791 0.26558426 0.04210215
-0.11095544 -0.59828877 0.79356122 -0.95945626 0.27266008 0.07141553
-0.94761419 0.31923956 0.01065577 0.03257209 0.12976384 -0.99100977
0.00622465 -0.49470687 0.86903769 -0.99971861 0.01681526 0.01673291
-0.01132778 -0.83372474 0.55206412 -0.99828690 0.04112274 0.04161957
0.00856166 -0.71099567 0.70314425 -0.99542803 0.06083517 0.07363506
0.00548300 -0.71299249 0.70115024 -0.99789661 0.04139032 0.04989295
0.00773572 -0.87860048 0.47749496 -0.99856460 0.01852162 0.05025753
-0.00441222 -0.85404807 0.52017540 -0.99752253 0.04028109 0.05767420
-0.01530690 -0.85558027 0.51744390 -0.99821496 0.04295466 0.04149548
-0.97992998 0.19915381 -0.00865975 0.03538852 0.13104783 -0.99074423
-0.98138422 0.19166361 -0.01225305 0.02901650 0.08490244 -0.99596667
-0.03676574 -0.31635755 0.94792736 -0.99857843 0.04826271 -0.02262325
-0.97332335 0.22938080 0.00512399 0.03276995 0.16108599 -0.98639619
-0.95565110 0.29439819 0.00778837 0.01752010 0.08323166 -0.99637622
0.00930101 -0.56933707 0.82205164 -0.99758047 0.05135860 0.04685698
0.01326662 -0.51881987 0.85478061 -0.99706233 0.05762977 0.05045402
0.01309446 -0.50660133 0.86208099 -0.99877459 0.03452536 0.03545956
0.01382651 -0.51549512 0.85678101 -0.99794990 0.04643532 0.04404315
-0.62868875 0.76835793 0.11990232 0.09321772 0.22753209 -0.96929854
-0.08592414 -0.82875043 0.55298269 -0.96999788 0.19628328 0.14344686
-0.95836890 0.28540242 0.00863666 0.05445711 0.21238962 -0.97566652
-0.94647145 0.32265213 0.00934819 0.01890239 0.08431307 -0.99626005
-0.08269021 -0.45528105 0.88649958 -0.96763182 0.24950689 0.03788167
-0.12051126 -0.75473231 0.64486921 -0.97114164 0.22431219 0.08104301
-0.11382446 -0.60196859 0.79036564 -0.96646386 0.25141969 0.05230430
0.00333685 -0.47324771 0.88092309 -0.99898154 0.03806224 0.02423177
0.01246035 -0.48942673 0.87195545 -0.99857515 0.03916102 0.03625076
-0.01133876 -0.83219641 0.55436504 -0.99813825 0.04264680 0.04360460
-0.00223804 -0.81553227 0.57870734 -0.99694586 0.04699630 0.06237315
0.00877453 -0.71580827 0.69824171 -0.99551886 0.05949526 0.07350235
0.00747909 -0.72128397 0.69259912 -0.99652135 0.05211394 0.06503331
0.01001338 -0.68028796 0.73287660 -0.99744552 0.04504396 0.05543998
0.01012722 -0.86976171 0.49336812 -0.99359000 0.04680092 0.10290074
0.01193583 -0.88277131 0.46965131 -0.99519014 0.03518457 0.09142604
0.00573393 -0.86910874 0.49458790 -0.99612701 0.03843156 0.07908185
-0.00703195 -0.83813757 0.54541361 -0.99566340 0.05646512 0.07393303
-0.01007422 -0.84308165 0.53769130 -0.99775314 -0.02714282 -0.06125300
-0.06124296 -0.25461814 0.96510053 -0.99053657 0.13449147 -0.02737479
-0.03801468 0.05714440 0.99764198 -0.99874324 -0.03480537 -0.03606302
-0.03447817 -0.02999827 0.99895513 -0.99916321 0.02303993 -0.03379348
-0.97122693 0.23815578 0.00029165 0.00934545 0.03933543 -0.99918240
0.01119206 -0.56288153 0.82646185 -0.99783212 0.04731764 0.04573958
0.01282935 -0.56945348 0.82192349 -0.99486595 0.07525302 0.06766637
0.01467630 -0.50894368 0.86067474 -0.99753797 0.05158155 0.04751186
-0.04188040 -0.74963289 0.66052747 -0.92730206 0.27528763 0.25362894
-0.05536317 -0.81821603 0.57223898 -0.95767587 0.20565514 0.20140247
-0.96602994 0.25842088 0.00219189 0.04859108 0.18996060 -0.98058856
-0.10146406 -0.51289505 0.85243404 -0.98028815 0.19756114 0.00218680
-0.11214927 -0.57950437 0.80721575 -0.96960759 0.24158177 0.03872187
-0.13838992 -0.79411250 0.59180534 -0.98025227 0.19505978 0.03251471
-0.09943213 -0.78335136 0.61357480 -0.96982807 0.21423449 0.11634902
-0.13902678 -0.79475045 0.59079891 -0.98009390 0.19581114 0.03277208
-0.00399084 -0.65548438 0.75519818 -0.99991822 0.01179221 0.00495115
0.00833705 -0.75538981 0.65522265 -0.99356264 0.06777269 0.09077551
-0.00183896 -0.81584245 0.57827127 -0.99531257 0.05740824 0.07782809
0.01003087 -0.75108439 0.66013008 -0.99185878 0.07633654 0.10192595
0.01407930 -0.68307966 0.73020822 -0.99329263 0.07426587 0.08862457
0.01758726 -0.62035227 0.78412616 -0.99547416 0.06238892 0.07168588
0.01168683 -0.88608813 0.46336949 -0.99333066 0.04287095 0.10703408
0.01179095 -0.89042914 0.45496917 -0.99595112 0.03009461 0.08470979
0.00607334 -0.85960943 0.51091570 -0.99318546 0.05428033 0.10313216
-0.98245621 0.18494377 -0.02399191 0.00941928 -0.07927443 -0.99680835
-0.02915836 -0.11657213 0.99275410 -0.99849951 -0.04265961 -0.03433633
-0.03678337 -0.08336975 0.99583960 -0.99931186 -0.00169779 -0.03705376
-0.99459261 0.10097085 -0.02429833 0.03080095 0.06334931 -0.99751604
-0.98180234 0.18966463 -0.00956393 0.03299755 0.12078377 -0.99213028
0.01576625 -0.60347557 0.79722565 -0.99256343 0.08680566 0.08533859
0.01169653 -0.58777684 0.80893862 -0.99536765 0.07036187 0.06551725
-0.08391558 -0.83259946 0.54748183 -0.96097189 0.21296372 0.17657748
0.07971131 -0.84141970 0.53447080 -0.89542979 0.17515874 0.40929818
-0.04241021 -0.20164786 0.97853953 -0.97811711 0.20805469 0.00048198
-0.11100270 -0.56723070 0.81604403 -0.98401088 0.17781317 -0.01025285
-0.04718523 -0.21914561 0.97455055 -0.97939646 0.20193695 -0.00201063
-0.13453019 -0.71090353 0.69030273 -0.98406148 0.17760733 -0.00887188
-0.13774359 -0.91689384 0.37460962 -0.98923653 0.14620718 -0.00588483
-0.12092418 -0.88076383 0.45785639 -0.98420751 0.16644879 0.06025380
-0.14361638 -0.80903381 0.56994629 -0.98486376 0.17331693 -0.00214640
0.00861504 -0.61468160 0.78872830 -0.99727613 0.05250020 0.05180806
0.00546930 -0.77889144 0.62713498 -0.99554884 0.05476691 0.07670187
0.00910825 -0.77266312 0.63475096 -0.99383920 0.06312358 0.09109934
0.03887995 -0.65591162 0.75383574 -0.98612881 0.09663990 0.13494700
0.02478047 -0.64396691 0.76465189 -0.99183607 0.07987102 0.09940792
0.02355841 -0.64245617 0.76596022 -0.99287629 0.07447626 0.09300526
0.01168149 -0.88600087 0.46353650 -0.99331099 0.04297549 0.10717532
0.00630565 -0.91875547 0.39477673 -0.99374640 0.03825516 0.10490322
0.01013709 -0.83825696 0.54518127 -0.99182272 0.06093637 0.11213615
-0.99389505 0.10820306 -0.02155943 0.03024254 0.07926027 -0.99639511
-0.01775063 -0.35614055 0.93426377 -0.99983901 0.00385626 -0.01752653
-0.05680644 0.10184364 0.99317718 -0.99292803 -0.10963202 -0.04555016
-0.04144670 -0.16647719 0.98517388 -0.99912620 0.00159018 -0.04176496
-0.97350693 0.22828375 -0.01306451 0.01561040 0.00935015 -0.99983448
0.02023661 -0.61202687 0.79057807 -0.99231780 0.08423353 0.09061006
0.01346083 -0.56412655 0.82557863 -0.99554408 0.06950571 0.06372605
-0.10068358 -0.94989729 0.29590204 -0.99104458 0.12197336 0.05434314
0.01385843 -0.91573286 0.40154868 -0.94439948 0.11995007 0.30613995
-0.08284145 -0.40833014 0.90906757 -0.98814118 0.15199678 -0.02177416
-0.13185322 -0.70239854 0.69946480 -0.98695010 0.15882127 -0.02655850
-0.97280157 0.23162736 0.00244154 0.03764405 0.16848214 -0.98498565
-0.13687834 -0.91589451 0.37736139 -0.99056369 0.12921579 -0.04568221
-0.13697256 -0.91318750 0.38383225 -0.98939103 0.14505939 -0.00795402
-0.12603432 -0.90351069 0.40961426 -0.98795205 0.15169917 0.03062866
0.00773505 -0.65446508 0.75605273 -0.99591947 0.06294258 0.06467433
0.00780996 -0.80330956 0.59551048 -0.98563355 0.09429494 0.14012481
0.02856984 -0.72973329 0.68313473 -0.98872697 0.07985809 0.12665567
0.03037780 -0.69892722 0.71454746 -0.98919857 0.08153822 0.12180991
0.02587200 -0.70529807 0.70843869 -0.97439581 0.14054075 0.17550236
0.02766846 -0.63049316 0.77570158 -0.98989797 0.09066662 0.10900279
0.01335870 -0.87928158 0.47611502 -0.99064428 0.05303651 0.12574221
0.01694152 -0.85813266 0.51314849 -0.99467152 0.03773410 0.09594127
0.00627905 -0.91491812 0.40359077 -0.99717939 0.02445797 0.07095896
0.01074390 -0.90850812 0.41772911 -0.98524237 0.06174989 0.15963845
0.01590152 -0.87304550 0.48737946 -0.98815018 0.06070250 0.14097667
-0.99484605 0.09838393 -0.02453615 0.02855992 0.03970087 -0.99880344
-0.98834175 -0.12564349 0.08599009 -0.07222938 -0.11025296 -0.99127555
-0.02613757 -0.21419777 0.97644055 -0.99246734 -0.11138892 -0.05100151
-0.04112297 -0.17901836 0.98298597 -0.99912447 -0.00020739 -0.04183589
-0.04712213 -0.26441011 0.96325845 -0.99827254 0.04634532 -0.03611341
-0.98692930 0.16018315 -0.01766225 0.03284331 0.09262691 -0.99515909
0.02266707 -0.59750980 0.80154121 -0.99302959 0.07930187 0.08719791
0.02088349 -0.60427213 0.79650432 -0.99230748 0.08470696 0.09028061
0.01969968 -0.60639149 0.79492223 -0.99347782 0.07744077 0.08369450
-0.09853258 -0.94081897 0.32427019 -0.98478872 0.13904990 0.10419396
-0.03872229 -0.94886404 0.31330112 -0.97700292 0.10174291 0.18738650
-0.06990182 -0.33399674 0.93997866 -0.98552877 0.16899036 -0.01324288
-0.08342819 -0.43157205 0.89821231 -0.99001873 0.13863876 -0.02534239
-0.12300436 -0.72937083 0.67296970 -0.98980808 0.13920183 -0.03004738
-0.04504778 -0.18484113 0.98173547 -0.98345983 0.18078691 -0.01108835
-0.13664339 -0.91678387 0.37528133 -0.99060690 0.12843187 -0.04693977
-0.13379598 -0.94461459 0.29966968 -0.99065930 0.13551848 -0.01512830
-0.12920950 -0.94022924 0.31507757 -0.99080086 0.13530393 -0.00255232
0.00223463 -0.70740914 0.70680076 -0.99716967 0.05154084 0.05473787
0.01462211 -0.63619220 0.77139205 -0.99396199 0.07465582 0.08041213
0.01465422 -0.80455106 0.59370267 -0.98559165 0.08844127 0.14417753
0.02054325 -0.79449266 0.60692614 -0.98089504 0.10144298 0.16599460
0.02899059 -0.73681056 0.67547745 -0.98497772 0.09402641 0.14483792
0.03944149 -0.67841214 0.73362207 -0.98406738 0.10101098 0.14631534
0.03837194 -0.67203748 0.73952228 -0.98909122 0.07978556 0.12382621
0.02963767 -0.68203354 0.73072010 -0.98827845 0.08953264 0.12365137
0.01468942 -0.88270909 0.46969023 -0.98188496 0.07601290 0.17356251
0.00872270 -0.92813367 0.37214491 -0.99435872 0.03129183 0.10134893
0.00858621 -0.92430294 0.38156307 -0.98705137 0.05328716 0.15129478
0.00519119 -0.92074555 0.39012918 -0.99921137 0.01058231 0.03827118
-0.99597710 0.08535351 -0.02728566 0.02849856 0.01302397 -0.99950904
-0.97859150 -0.18540262 0.08935610 -0.08515817 -0.03049978 -0.99590057
-0.01115065 -0.38304737 0.92366141 -0.99665719 -0.07050671 -0.04127138
-0.97911966 -0.18660353 0.08064682 -0.11007318 0.15313271 -0.98205620
-0.04201509 -0.30014670 0.95296735 -0.99789864 -0.03448261 -0.05485671
-0.04118308 -0.30789039 0.95053017 -0.99880314 -0.01243864 -0.04730364
-0.05655338 -0.38842413 0.91974372 -0.99735349 0.06413889 -0.03423847
-0.98896790 0.14686368 -0.01932893 0.03339000 0.09388924 -0.99502259
-0.11948341 -0.98127663 0.15106256 -0.99009413 0.10646567 -0.09153522
-0.08147386 -0.97096008 0.22494116 -0.99535471 0.09088162 0.03177290
-0.05976132 -0.97474366 0.21518217 -0.98737520 0.08940148 0.13075751
-0.05730908 -0.29230312 0.95460701 -0.99331605 0.11265612 -0.02513736
-0.09716396 -0.57603210 0.81163186 -0.99293375 0.11192720 -0.03943133
-0.11165854 -0.67881882 0.72576684 -0.99249649 0.11279920 -0.04719215
-0.12600662 -0.81347018 0.56779283 -0.99174434 0.11701763 -0.05244166
-0.13442880 -0.94624758 0.29418457 -0.99027902 0.11758093 -0.07431177
-0.00298263 -0.79413831 0.60772979 -0.99222040 0.07798792 0.09703946
0.02526757 -0.69466424 0.71889031 -0.99142134 0.07483584 0.10716043
0.02044163 -0.79411393 0.60742503 -0.97933823 0.10635690 0.17200275
0.03201836 -0.74502063 0.66627252 -0.99022651 0.06688952 0.12238161
0.04179183 -0.76425672 0.64355659 -0.97587907 0.10691526 0.19033986
0.04523903 -0.71694154 0.69566393 -0.98072428 0.10063464 0.16748914
0.03720767 -0.74213505 0.66921693 -0.97683042 0.11422615 0.18098290
0.04572973 -0.71386081 0.69879299 -0.98597944 0.08012185 0.14637299
0.00609222 -0.93103027 0.36489108 -0.99803418 0.01710000 0.06029430
0.00491694 -0.94787657 0.31859985 -0.99429405 0.02931692 0.10256659
0.01275530 -0.90935880 0.41581720 -0.97290879 0.08471489 0.21510892
0.00523777 -0.94777042 0.31891039 -0.98351353 0.05276491 0.17296532
0.02439190 -0.86580801 0.49978149 -0.97971159 0.07877446 0.18428171
-0.04450888 -0.18939093 0.98089248 -0.99260050 0.11941995 -0.02198252
-0.97201800 -0.21859734 0.08600166 -0.10816907 0.09153078 -0.98990989
-0.02981962 -0.19518118 0.98031378 -0.98533672 -0.15909447 -0.06164823
-0.05060695 -0.18875028 0.98072028 -0.98898697 -0.12727945 -0.07552984
-0.97113693 -0.22457768 0.08036208 -0.09106585 0.03770011 -0.99513102
-0.03983000 -0.31073713 0.94966102 -0.99816406 -0.03102807 -0.05201692
-0.04766782 -0.59358174 0.80336082 -0.99886239 0.02940157 -0.03754397
-0.05963222 -0.48750129 0.87108356 -0.99757022 0.06059453 -0.03437950
-0.10800738 -0.70141649 0.70452070 -0.99325114 0.10626535 -0.04647442
-0.11328637 -0.77478105 0.62199724 -0.99327922 0.10326146 -0.05228314
-0.12668911 -0.88242328 0.45307747 -0.99189371 0.10816533 -0.06668737
-0.13094209 -0.96714550 0.21790776 -0.98945934 0.11378030 -0.08957800
0.01089535 -0.81252205 0.58282864 -0.99530876 0.04722434 0.08444171
0.02213053 -0.87006980 0.49243146 -0.97332925 0.09374763 0.20938401
0.04165101 -0.76591867 0.64158696 -0.97518438 0.10858607 0.19293644
0.03455368 -0.84525454 0.53324562 -0.96875101 0.10280288 0.22572811
0.02299507 -0.80667931 0.59054196 -0.98744816 0.07400068 0.13953498
0.00440861 -0.95100021 0.30915874 -0.99810237 0.01480389 0.05977109
0.00918606 -0.94085330 0.33868989 -0.98988134 0.03940666 0.13631642
0.00733218 -0.94317424 0.33221778 -0.99581665 0.02337277 0.08833394
0.00408219 -0.92422491 0.38182676 -0.97478539 0.08151201 0.20772429
0.00298888 -0.95916450 0.28283310 -0.98809308 0.04067539 0.14838320
-0.97189015 -0.21925929 0.08576091 -0.10208253 0.06420713 -0.99270165
-0.02349285 -0.23265465 0.97227561 -0.98040456 -0.18490973 -0.06793609
-0.03513984 -0.49111795 0.87038404 -0.99541265 -0.06034946 -0.07424004
-0.02788015 -0.52360910 0.85150236 -0.99844575 -0.02653598 -0.04900903
-0.04864169 -0.66820353 0.74238676 -0.99878895 0.02703469 -0.04110809
-0.10600389 -0.83067906 0.54656696 -0.99384040 0.07064272 -0.08538666
-0.11316608 -0.88380551 0.45396170 -0.99352747 0.09614012 -0.06049947
0.01573258 -0.82690233 0.56212550 -0.99263048 0.05464233 0.10816180
0.02981333 -0.86116505 0.50745040 -0.97122949 0.09504526 0.21835680
0.04251697 -0.78068155 0.62348115 -0.97473764 0.10454544 0.19737500
0.02202399 -0.87334841 0.48659793 -0.96118575 0.11539300 0.25061235
0.03480048 -0.84464246 0.53419852 -0.96264023 0.11529650 0.24501128
0.02080604 -0.84840930 0.52893180 -0.98214108 0.08160458 0.16952762
0.00464323 -0.95751154 0.28835776 -0.99996400 -0.00649586 -0.00546822
0.00454598 -0.95843935 0.28526032 -0.98905587 0.03775924 0.14262819
0.00372809 -0.97227943 0.23379235 -0.99788702 0.01154839 0.06393914
0.01234288 -0.91192114 0.41017976 -0.96373218 0.09851563 0.24802229
-0.01046129 -0.94730115 0.32017371 -0.97066414 0.08653830 0.22432646
-0.00963993 -0.95106190 0.30885017 -0.96734560 0.08710172 0.23802470
-0.87366086 -0.32911044 0.35833368 -0.37788612 -0.00490724 -0.92583913
-0.00956454 -0.38834578 0.92146409 -0.98145276 -0.17279895 -0.08301234
-0.04249449 -0.53152585 0.84597552 -0.99515921 -0.05258261 -0.08302581
-0.04195022 -0.59739703 0.80084765 -0.99880689 0.00501857 -0.04857614
-0.09625736 -0.77510452 0.62445784 -0.99531430 0.08073153 -0.05321566
-0.04396138 -0.63490200 0.77134097 -0.99778348 0.06651065 -0.00212124
-0.10694584 -0.89683044 0.42925259 -0.99423218 0.09296128 -0.05348478
-0.11349726 -0.95154262 0.28580597 -0.99330592 0.10245246 -0.05335656
0.00373902 -0.87600720 0.48228356 -0.98925829 0.06723704 0.12979706
0.02332012 -0.87304723 0.48707774 -0.97816879 0.08071007 0.19149861
0.01796319 -0.88566196 0.46398300 -0.97093165 0.09532833 0.21955481
0.03040012 -0.83908314 0.54315311 -0.97813165 0.08688539 0.18896952
0.00796576 -0.91158658 0.41103101 -0.96269035 0.10419513 0.24974135
0.01673971 -0.88209838 0.47076771 -0.96948349 0.10085540 0.22345041
0.00538083 -0.89017248 0.45559195 -0.98656416 0.06966817 0.14777526
0.02499878 -0.84761965 0.53001517 -0.98087609 0.08157089 0.17671533
0.00431338 -0.96105701 0.27631676 -0.99999022 -0.00441326 0.00026038
0.00594970 -0.96618873 0.25776732 -0.98574954 0.03766913 0.16394788
0.00603388 -0.96553642 0.26019821 -0.99550778 0.01878631 0.09279714
0.00093276 -0.98222834 0.18768750 -0.99416655 0.01933163 0.10610936
-0.00681005 -0.94359350 0.33103624 -0.96314698 0.09520570 0.25156280
-0.00197647 -0.93985385 0.34157124 -0.96541631 0.09084325 0.24437436
-0.85209489 -0.36466879 0.37543434 -0.43480372 0.09392006 -0.89561421
-0.06704731 -0.49483246 0.86639810 -0.98484790 -0.10637145 -0.13696644
-0.03777204 -0.71228892 0.70086932 -0.99925518 0.02138015 -0.03212448
-0.04147049 -0.57623810 0.81622905 -0.99445349 -0.05522444 -0.08951275
-0.04150205 -0.71117282 0.70179117 -0.99910831 0.02408419 -0.03467843
-0.10869641 -0.92381382 0.36708736 -0.99313968 0.08490371 -0.08040456
-0.11292631 -0.93657506 0.33177537 -0.99360281 0.10680568 -0.03668852
-0.01950238 -0.96072751 0.27680731 -0.99531645 0.04487479 0.08562421
0.00212290 -0.91831082 0.39585444 -0.96689641 0.09912188 0.23513016
-0.00558694 -0.94103122 0.33827364 -0.95534861 0.10496163 0.27621034
0.00530540 -0.91405386 0.40555832 -0.96893138 0.09558760 0.22811213
0.00682479 -0.89535397 0.44530299 -0.98644918 0.06697165 0.14977586
-0.00712962 -0.93085313 0.36532393 -0.97832823 0.08209620 0.19008991
0.00473575 -0.96647751 0.25670758 -0.99853736 -0.01839660 -0.05084023
0.00414044 -0.97537398 0.22051880 -0.99998522 -0.00481491 -0.00252112
-0.00258211 -0.98040879 0.19695693 -0.98809588 0.03279715 0.15030311
0.00084255 -0.98216170 0.18803634 -0.99440104 0.01904672 0.10394156
0.00473571 -0.97733718 0.21163552 -0.99810797 0.00835454 0.06091587
-0.01128472 -0.94863069 0.31618416 -0.96444046 0.09382771 0.24708511
-0.96635282 0.03538921 0.25477406 -0.01873944 0.97817189 -0.20695062
-0.82886463 -0.39029258 0.40081805 -0.47333685 0.10732857 -0.87431854
-0.08549565 -0.62125701 0.77892888 -0.98653018 -0.05664301 -0.15345934
-0.06685574 -0.82969368 0.55420101 -0.99775368 0.05323462 -0.04066598
-0.04795950 -0.66075474 0.74906814 -0.99549896 -0.02975187 -0.08998156
-0.10400668 -0.89719814 0.42920640 -0.99423623 0.10508130 -0.02126823
-0.02108781 -0.96791393 0.25039566 -0.99651933 0.04055288 0.07283387
-0.00890035 -0.93202221 0.36229184 -0.98791069 0.06427142 0.14107311
-0.01611129 -0.94727421 0.32001871 -0.96715450 0.09596719 0.23537730
-0.95883095 0.03970272 0.28118831 -0.03288109 0.96799672 -0.24879953
-0.00573044 -0.93143010 0.36387518 -0.97550166 0.08523208 0.20281041
-0.00628954 -0.92640108 0.37648568 -0.98332870 0.07415051 0.16603133
-0.00934470 -0.93343771 0.35861790 -0.98012555 0.07961935 0.18169957
0.00194439 -0.94796002 0.31838357 -0.99070668 -0.04512694 -0.12831129
0.00381982 -0.96981841 0.24379848 -0.99471450 -0.02870124 -0.09858698
0.00441110 -0.97850227 0.20618919 -0.99986005 -0.00764324 -0.01488170
0.00451191 -0.97552961 0.21982199 -0.98008049 0.03933252 0.19466695
-0.98329240 0.02490427 0.18032150 -0.00244631 0.98869979 -0.14988942
0.00052321 -0.98371118 0.17975560 -0.99520373 0.01707190 0.09632257
0.00748470 -0.98990154 0.14155908 -0.99873173 -0.00035167 0.05034710
-0.96571022 0.03571913 0.25715336 -0.01552489 0.98077303 -0.19453341
-0.95848620 0.04094290 0.28218424 -0.02773890 0.97155464 -0.23518538
-0.39647150 -0.54454380 0.73910922 -0.88710135 0.01997226 -0.46114245
-0.80763978 -0.43496087 0.39815447 -0.40170237 -0.08847156 -0.91148669
-0.14644112 -0.62257725 0.76873440 -0.97659296 -0.03277814 -0.21258357
-0.06459932 -0.70049775 0.71072489 -0.99446309 -0.01396657 -0.10415450
-0.06508698 -0.82984030 0.55419207 -0.99787247 0.05202870 -0.03928781
-0.06057448 -0.79354948 0.60548329 -0.99764520 0.02858231 -0.06234749
-0.10782295 -0.92078829 0.37486422 -0.99391609 0.10836284 -0.01970773
-0.02529995 -0.97674334 0.21291415 -0.98651868 0.05884033 0.15270483
-0.00943857 -0.93354928 0.35832486 -0.98653269 0.06721015 0.14911753
-0.96206784 0.03810723 0.27013579 -0.03287632 0.96678501 -0.25346786
-0.02439055 -0.95747375 0.28748763 -0.97687119 0.08393498 0.19666626
-0.02742007 -0.96212763 0.27121690 -0.97323269 0.08762775 0.21246082
-0.02610669 -0.95949864 0.28050107 -0.98199016 0.07713805 0.17246757
0.00319141 -0.95166123 0.30713317 -0.99145699 -0.04306037 -0.12312164
0.00363245 -0.96802449 0.25082949 -0.99607247 -0.02569304 -0.08473209
0.00494971 -0.97267008 0.23213901 -0.99658626 -0.02392906 -0.07901416
0.00916518 -0.99288660 0.11871064 -0.99983573 -0.00724250 0.01661763
-0.97688282 0.02924405 0.21176590 -0.00234126 0.98907602 -0.14738789
0.00123669 -0.98018217 0.19809447 -0.99618179 0.01608515 0.08580927
-0.97806442 0.02945613 0.20620954 -0.00199521 0.98858088 -0.15067789
0.00044717 -0.98139954 0.19197612 -0.98699600 0.03042592 0.15783904
0.00527709 -0.97430998 0.22514956 -0.99595690 0.01507060 0.08855975
-0.99044079 0.01953967 0.13654763 0.00347365 0.99313533 -0.11691958
0.00676191 -0.99159205 0.12922677 -0.99813801 0.00114122 0.06098539
-0.96995926 0.02933081 0.24149278 -0.00333672 0.99100733 -0.13376603
-0.96152657 0.03258308 0.27277282 -0.00791962 0.98924071 -0.14608288
-0.50556129 -0.61078209 0.60938746 -0.82636368 0.13972175 -0.54552811
-0.75089049 -0.52963853 0.39452073 -0.51523155 0.09608372 -0.85164809
-0.42792636 -0.60104620 0.67499816 -0.87387896 0.08453387 -0.47873765
-0.25949132 -0.76771468 0.58589971 -0.95894831 0.13297690 -0.25047025
-0.07250449 -0.78921521 0.60982168 -0.99668503 0.03470751 -0.07358292
-0.10858291 -0.92706162 0.35884064 -0.99308985 0.11732745 0.00261175
-0.12251252 -0.98155868 0.14674222 -0.99174815 0.12670480 0.01953505
-0.10942435 -0.92033637 0.37550947 -0.99365127 0.11121724 -0.01696995
-0.02800005 -0.98750973 0.15505047 -0.98880285 0.05010695 0.14056446
-0.02405980 -0.96930546 0.24467961 -0.98308903 0.06738526 0.17027970
-0.97014189 0.02977736 0.24070342 -0.00977396 0.98682863 -0.16147371
-0.02648813 -0.96539348 0.25944909 -0.98200309 0.07367954 0.17390051
0.01061306 -0.98271680 0.18481095 -0.99485576 -0.02899785 -0.09706251
-0.00120217 -0.94197017 0.33569446 -0.98307019 -0.06039461 -0.17298988
0.00739731 -0.98058665 0.19594669 -0.99872887 -0.01701527 -0.04744675
0.00990021 -0.99134833 0.13088404 -0.99992412 -0.00885449 0.00856925
0.00951249 -0.99177510 0.12763903 -0.99978411 -0.00707500 0.01953658
-0.97131097 0.03377560 0.23540217 -0.00754760 0.98498607 -0.17246895
-0.00230260 -0.98551351 0.16958167 -0.99203658 0.02360659 0.12371829
-0.99268425 0.01878863 0.11926875 0.00893671 0.99654222 -0.08260613
0.00754909 -0.99698591 0.07721485 -0.99866378 -0.00356891 0.05155546
-0.96940064 0.02843086 0.24383229 -0.00231052 0.99217004 -0.12487301
-0.95851976 0.03156617 0.28327301 0.00027329 0.99394983 -0.10983481
-0.96566397 0.03076774 0.25796616 -0.00386640 0.99115026 -0.13268833
-0.42834896 -0.67603481 0.59957838 -0.87668341 0.15013182 -0.45704129
-0.70576787 -0.59984136 0.37693772 -0.38603258 -0.12051521 -0.91457909
-0.50698102 -0.72044104 0.47321773 -0.84087235 0.29269207 -0.45526376
-0.13911791 -0.87172908 0.46982417 -0.99012476 0.13073203 -0.05061715
-0.30033934 -0.76103508 0.57499737 -0.94631380 0.16220164 -0.27960843
-0.13179676 -0.85502589 0.50155801 -0.99094170 0.10048825 -0.08908807
-0.11938188 -0.91496420 0.38547179 -0.99153978 0.12979963 0.00101210
-0.12041225 -0.96868122 0.21715799 -0.99235266 0.12343457 0.00035611
-0.11209684 -0.93136913 0.34638971 -0.99298537 0.11818343 -0.00357435
-0.98378825 0.02336361 0.17780572 0.00075410 0.99200749 -0.12617706
-0.97012526 0.02847013 0.24092831 -0.01127538 0.98672611 -0.16200152
0.00660877 -0.97281611 0.23148479 -0.99228585 -0.03503765 -0.11891668
0.01021305 -0.95897371 0.28331107 -0.97209680 -0.07592478 -0.22195323
0.00233982 -0.95647895 0.29179212 -0.98577112 -0.05124986 -0.16008964
0.00896539 -0.98716086 0.15947758 -0.99806058 -0.01865860 -0.05938786
0.00671738 -0.97702688 0.21301033 -0.99082989 -0.03524982 -0.13043612
0.00996608 -0.98952639 0.14400797 -0.99987489 -0.01163149 -0.01072743
-0.98073882 0.02418214 0.19382127 -0.00212809 0.99092472 -0.13440104
-0.99229807 0.01975885 0.12228722 0.01270643 0.99822497 -0.05818446
-0.98846394 0.02129283 0.14995220 0.00680851 0.99531442 -0.09645137
0.00969407 -0.99622083 0.08631429 -0.99926180 -0.01286035 -0.03620289
0.00679491 -0.99757260 0.06930216 -0.99946553 -0.00455894 0.03237127
-0.96500003 0.03108456 0.26040101 0.00596670 0.99529582 -0.09669881
-0.96838897 0.02775590 0.24789608 0.00390747 0.99535614 -0.09618168
-0.96441227 0.02751050 0.26296821 0.01744804 0.99902624 -0.04052431
-0.96906269 0.02733983 0.24529590 0.00559135 0.99602276 -0.08892412
-0.69806367 -0.60841835 0.37753719 -0.49141344 0.02358802 -0.87060696
-0.65404385 -0.66438782 0.36168444 -0.61354738 0.18624237 -0.76738083
-0.22237477 -0.86144406 0.45657820 -0.97380161 0.17341529 -0.14709711
-0.29041296 -0.82641143 0.48239452 -0.95169699 0.19693965 -0.23555812
-0.12840089 -0.93604565 0.32761541 -0.98931861 0.14388537 0.02336245
-0.98219895 0.02428765 0.18626724 0.00544450 0.99487019 -0.10101332
-0.97478300 0.02602174 0.22163253 0.00269969 0.99448049 -0.10488759
0.00330094 -0.96586591 0.25902155 -0.98440397 -0.04869885 -0.16904807
0.00303316 -0.94829935 0.31736276 -0.97621107 -0.07161323 -0.20465469
0.00861288 -0.96083272 0.27699515 -0.97166330 -0.07347618 -0.22465917
0.00501527 -0.96892816 0.24729164 -0.98052651 -0.05331517 -0.18901145
0.01147062 -0.99439591 0.10509615 -0.99976063 -0.01336368 -0.01732610
0.01191060 -0.98689103 0.16094813 -0.99523485 -0.02727840 -0.09361379
0.01098924 -0.99258339 0.12106797 -0.99993294 -0.01046557 0.00496046
-0.97805291 0.02372484 0.20700155 0.01009327 0.99772459 -0.06666184
-0.99480969 0.01823892 0.10010539 0.00999934 0.99656558 -0.08220170
-0.98506606 0.02265260 0.17068024 0.01537094 0.99891931 -0.04386406
-0.97738677 0.02408639 0.21008328 0.01132029 0.99802691 -0.06175909
0.00988897 -0.99606454 0.08807817 -0.99994558 -0.00955624 0.00419852
0.00937985 -0.99428481 0.10634787 -0.99982762 -0.00762105 0.01693248
-0.97778326 0.02404339 0.20823511 0.01050807 0.99777329 -0.06586419
-0.97325385 0.02461337 0.22841011 0.01994314 0.99954271 -0.02273265
-0.96305674 0.02668055 0.26797357 0.02324957 0.99960214 -0.01596906
-0.96982539 0.02625719 0.24238245 0.02391119 0.99963450 -0.01261610
-0.97130907 0.02672603 0.23631464 0.00858394 0.99695784 -0.07746904
-0.96486086 0.02747152 0.26132137 0.02088180 0.99939090 -0.02796079
-0.56501454 -0.77364254 0.28676787 -0.52035809 0.06439973 -0.85151643
-0.57880729 -0.77029252 0.26764071 -0.62331384 0.20629196 -0.75427026
-0.23129439 -0.90747195 0.35071018 -0.97276527 0.22134554 -0.06880403
-0.34322467 -0.81437796 0.46795887 -0.93182003 0.23267958 -0.27851701
-0.16653565 -0.93624485 0.30937284 -0.98358440 0.17984200 0.01478562
-0.12667778 -0.96218711 0.24114048 -0.98681581 0.14692956 0.06786960
-0.97782648 0.02510851 0.20790601 0.00577597 0.99564224 -0.09307664
-0.00292589 -0.95524102 0.29581428 -0.98114729 -0.05442119 -0.18544100
-0.00395015 -0.93970865 0.34195331 -0.96819228 -0.08195592 -0.23640418
0.00386249 -0.95524466 0.29579183 -0.96838474 -0.07735398 -0.23716542
0.01216220 -0.99059325 0.13629793 -0.99504119 -0.02544682 -0.09615378
0.01279394 -0.99059147 0.13625321 -0.99501711 -0.02608738 -0.09623079
0.00969038 -0.98377889 0.17912342 -0.99026644 -0.03431442 -0.13488880
0.01045493 -0.99642760 0.08380230 -0.99994349 -0.01057930 -0.00104017
-0.97827619 0.02321084 0.20600256 0.01074822 0.99805468 -0.06141168
-0.99397635 0.02128897 0.10750721 0.01864630 0.99950027 -0.02552710
-0.98999083 0.02107182 0.13955012 0.01986150 0.99975216 -0.01006016
0.01010992 -0.99580270 0.09096561 -0.99994892 -0.01004144 0.00121047
0.01056068 -0.99041802 0.13769786 -0.99959373 -0.00681050 0.02767760
0.00332605 -0.99817050 0.06037119 -0.99822754 0.00027318 0.05951248
-0.97624022 0.02452380 0.21529897 0.02235682 0.99967200 -0.01249484
-0.97328609 0.02442825 0.22829278 0.02072284 0.99961197 -0.01861435
-0.96785760 0.02542091 0.25021088 0.01752372 0.99927700 -0.03373979
-0.97439855 0.02504426 0.22342859 0.02253183 0.99965107 -0.01378758
-0.97261560 0.02508590 0.23106205 0.03270916 0.99903768 0.02922018
-0.18923473 -0.93138856 0.31097522 -0.97964650 0.20067111 0.00488672
-0.30287853 -0.88660729 0.34955987 -0.95069450 0.25542083 -0.17589818
-0.51547086 -0.71638453 0.47019470 -0.80739009 0.22221306 -0.54657358
-0.34095019 -0.84087664 0.42033255 -0.93231058 0.24507827 -0.26595801
-0.13421899 -0.95126712 0.27762592 -0.98650044 0.15478984 0.05345111
-0.98011947 0.02314167 0.19705412 0.02535382 0.99964058 0.00871037
-0.99031377 -0.03203741 -0.13510111 -0.02218992 0.99702799 -0.07377589
0.00433948 -0.95228016 0.30519465 -0.96882927 -0.07959922 -0.23459302
-0.96992195 -0.04800218 -0.23863621 -0.00243028 0.98222369 -0.18769866
0.00983293 -0.98759198 0.15673356 -0.99152851 -0.02993113 -0.12639360
0.00803953 -0.98097169 0.19398442 -0.99034017 -0.03466509 -0.13425615
0.00992228 -0.98427063 0.17638853 -0.98941684 -0.03520057 -0.14076662
0.01097397 -0.99670452 0.08037261 -0.99935085 -0.01369043 -0.03332568
-0.98117769 0.02246095 0.19179671 0.01345650 0.99875081 -0.04812218
-0.99551940 0.02146829 0.09208865 0.01877571 0.99937338 -0.03000648
-0.98187208 0.02154796 0.18831597 0.02404610 0.99965042 0.01099093
-0.98817676 0.02103319 0.15186962 0.02311113 0.99966174 0.01193004
0.01127359 -0.98256564 0.18557404 -0.99910909 -0.01861666 -0.03787462
0.01074770 -0.99509269 0.09836228 -0.99974400 -0.01265220 -0.01875882
0.00876362 -0.99108481 0.13294411 -0.99938422 -0.00416353 0.03484032
0.01184069 -0.97161633 0.23626588 -0.99991918 -0.01259969 -0.00170288
0.00371170 -0.99822158 0.05949708 -0.99822748 -0.00016448 0.05951450
-0.97676754 0.02325907 0.21303560 0.01263090 0.99861294 -0.05111515
-0.97251451 0.02427416 0.23157384 0.03283361 0.99890995 0.03317932
-0.97158957 0.02450025 0.23540063 0.03188199 0.99911046 0.02760294
-0.97247893 0.02314932 0.23183806 0.03169927 0.99894524 0.03322133
-0.21277267 -0.94575065 0.24552727 -0.97324228 0.22744429 0.03268973
-0.30063513 -0.89576453 0.32745126 -0.95339096 0.27297962 -0.12856075
-0.29047602 -0.91657943 0.27478334 -0.95655966 0.28560391 -0.05851521
-0.51343244 -0.74941927 0.41804066 -0.82734096 0.30297923 -0.47298059
-0.44989842 -0.80399114 0.38883114 -0.86459953 0.28302890 -0.41516542
-0.44200903 -0.80900002 0.38748813 -0.87125176 0.28441575 -0.40003517
-0.96568453 0.19729947 0.16889724 0.19129400 0.98019218 -0.05128377
0.00959864 -0.98437440 0.17582639 -0.98561245 -0.03898668 -0.16446306
0.00731706 -0.95507073 0.29628760 -0.97992277 -0.06588484 -0.18817706
-0.97084719 -0.04587167 -0.23526917 -0.00344311 0.98408520 -0.17766418
0.00450817 -0.97513938 0.22154652 -0.97666615 -0.05186412 -0.20840667
0.01525444 -0.99789721 0.06299645 -0.99835074 -0.01868824 -0.05428340
-0.99693507 -0.01155865 -0.07737471 -0.00777459 0.99876708 -0.04902934
0.01056717 -0.99576080 0.09137140 -0.99942219 -0.01346960 -0.03120709
-0.97663748 0.02602427 0.21331185 0.00257681 0.99398679 -0.10946964
-0.99637592 0.02050306 0.08255135 0.01970489 0.99975103 -0.01047203
-0.98038524 0.02278413 0.19576941 0.02876029 0.99920142 0.02773787
-0.98448718 0.02084768 0.17421380 0.03500614 0.99629164 0.07859724
-0.98987103 0.02217308 0.14022754 0.02400080 0.99964744 0.01135605
0.01187134 -0.98612434 0.16558354 -0.99972790 -0.01503081 -0.01784077
0.01074663 -0.99051881 0.13695630 -0.99965584 -0.01392035 -0.02223653
0.00980413 -0.98915982 0.14651561 -0.99899560 -0.00328230 0.04468849
0.01186644 -0.96517318 0.26134264 -0.99988598 -0.01389492 -0.00591531
-0.99784398 0.01918419 0.06276447 0.01541037 0.99807537 -0.06006774
-0.97887826 0.02159207 0.20330067 0.04008764 0.99537492 0.08730279
-0.21167700 -0.94809318 0.23730183 -0.97242856 0.22862130 0.04599013
-0.37343618 -0.86047035 0.34660670 -0.91784650 0.28853446 -0.27259070
-0.32590124 -0.91494912 0.23802614 -0.94519442 0.31003445 -0.10240170
-0.61401635 -0.61767197 0.49139118 -0.74107397 0.23688278 -0.62824833
-0.43288860 -0.82265621 0.36857060 -0.78649181 0.14487907 -0.60036719
-0.97508162 0.18907665 0.11604280 0.16836822 0.97132248 -0.16788319
-0.00594477 -0.96566170 0.25973478 -0.96921718 -0.05836815 -0.23918885
-0.97685963 -0.04243324 -0.20962989 0.00032374 0.97982746 -0.19984509
-0.97193545 -0.04258800 -0.23136070 -0.00903263 0.98950750 -0.14419912
0.00349626 -0.97588384 0.21826263 -0.97904426 -0.04778315 -0.19796248
-0.97379953 -0.04060562 -0.22375387 -0.00971604 0.99045998 -0.13745804
-0.99479485 -0.02710794 -0.09822693 -0.01744807 0.99504346 -0.09789914
0.00511778 -0.97616440 0.21697207 -0.99459970 -0.02746067 -0.10008653
0.01431588 -0.99703515 0.07560489 -0.99724472 -0.01974132 -0.07150801
-0.99835819 -0.00754522 -0.05678140 -0.00503818 0.99901152 -0.04416681
0.01090388 -0.99474269 0.10182361 -0.99897230 -0.01531681 -0.04265815
-0.99469626 0.02087361 0.10071551 0.02249902 0.99963397 0.01502972
-0.98647821 0.02091922 0.16255186 0.03638214 0.99502552 0.09273978
-0.99388909 0.02075075 0.10841522 0.02548230 0.99877399 0.04244120
0.01197097 -0.98483849 0.17306042 -0.99972570 -0.01527230 -0.01775718
0.01238234 -0.99741381 0.07079859 -0.99926275 -0.01491639 -0.03537650
-0.99749619 0.02136600 0.06741630 0.01967326 0.99947679 -0.02567357
0.01410553 -0.96724117 0.25346708 -0.99887407 -0.00214762 0.04739228
0.01110728 -0.97901756 0.20347323 -0.99987984 -0.01307493 -0.00832859
-0.16193385 -0.96737856 0.19482335 -0.97388554 0.18850711 0.12653872
-0.96313733 0.22005376 0.15473491 0.19939388 0.97008562 -0.13847746
-0.38465479 -0.86458594 0.32331389 -0.90678203 0.28844327 -0.30748472
-0.33381665 -0.91353106 0.23243822 -0.94119638 0.30938181 -0.13576564
-0.32277206 -0.92766166 0.18778193 -0.94586366 0.32329047 -0.02872583
-0.44375238 -0.82989496 0.33816895 -0.82630879 0.23286811 -0.51282185
-0.39042002 -0.85582715 0.33931124 -0.85606426 0.20188190 -0.47581276
-0.97262597 0.18629396 0.13890043 0.16539043 0.97485268 -0.14935960
0.00410895 -0.97806758 0.20824745 -0.97916806 -0.04621217 -0.19772281
-0.98126489 -0.03865805 -0.18874538 -0.01429419 0.99157077 -0.12877567
-0.97650599 -0.03756624 -0.21219064 -0.02395019 0.99750698 -0.06637939
-0.98243713 -0.03413176 -0.18344569 -0.00118760 0.98425168 -0.17676890
0.01528142 -0.99675918 0.07897900 -0.99868846 -0.01907570 -0.04751257
-0.99826086 -0.00802879 -0.05840270 -0.00659275 0.99967223 -0.02473977
0.01567872 -0.99857879 0.05093759 -0.99899668 -0.01778195 -0.04110307
-0.99636114 0.02056806 0.08271313 0.02112155 0.99975997 0.00582207
-0.99105716 0.02074024 0.13181649 0.02834945 0.99802184 0.05611371
0.01346368 -0.98140132 0.19149472 -0.99987829 -0.01170379 0.01031840
-0.99833274 -0.00763154 -0.05721422 -0.00560051 0.99935132 -0.03557527
0.01350986 -0.95961571 0.28098971 -0.99989134 -0.01130475 0.00946717
0.01094159 -0.98075181 0.19495192 -0.99939013 -0.00425959 0.03466143
0.01255819 -0.96795744 0.25080025 -0.99989748 -0.01388191 -0.00350952
0.01203506 -0.97539127 0.22015221 -0.99986398 -0.01422344 -0.00835785
-0.96144986 0.22076820 0.16393787 0.20174138 0.97142667 -0.12502244
-0.35433528 -0.89914250 0.25688386 -0.92741853 0.30271757 -0.21967472
-0.33649039 -0.91487634 0.22310413 -0.94046205 0.31440482 -0.12915453
-0.32651836 -0.92680389 0.18552713 -0.94443846 0.32774207 -0.02492288
-0.46738452 -0.83078545 0.30223727 -0.62509930 0.06881487 -0.77750593
-0.35504895 -0.90037191 0.25153679 -0.89619833 0.25125104 -0.36565208
-0.97572827 0.18314280 0.12005453 0.17126873 0.97984761 -0.10278926
-0.95348489 0.20138030 0.22430457 0.22049622 0.97332197 0.06344912
-0.98303246 -0.03793120 -0.17946714 -0.01560518 0.99213272 -0.12421428
-0.97475785 -0.03955536 -0.21973293 -0.02388684 0.99700820 -0.07351261
-0.97758812 -0.03727074 -0.20720154 -0.02591170 0.99802250 -0.05726824
-0.98604864 -0.03306770 -0.16313997 -0.02199262 0.99735814 -0.06923229
-0.98275888 -0.03385250 -0.18176632 -0.01975371 0.99669290 -0.07882327
-0.98533434 -0.03328883 -0.16735645 -0.01626288 0.99464184 -0.10209402
-0.99259841 -0.02257849 -0.11932618 -0.02132556 0.99970335 -0.01176674
-0.99812847 0.02003860 0.05777575 0.01908829 0.99967408 -0.01695339
-0.99437165 0.02137014 0.10377092 0.02764996 0.99784774 0.05945973
0.01302737 -0.99159849 0.12869635 -0.99960691 -0.01611057 -0.02294524
0.00638047 -0.89861172 0.43869838 -0.99508756 -0.04904770 -0.08599465
-0.99912649 -0.00727130 -0.04115117 -0.00642623 0.99976653 -0.02063075
-0.99726427 -0.01333123 -0.07270750 -0.01707040 0.99855018 0.05105105
0.01310600 -0.96008241 0.27941024 -0.99990553 -0.01142562 0.00764189
0.01294859 -0.98358363 0.17998780 -0.99989408 -0.01153988 0.00887161
-0.95881277 0.23191628 0.16399071 0.21364458 0.96930528 -0.12166876
-0.94640231 0.21806058 0.23826928 0.21011053 0.97592038 -0.05859200
-0.35219759 -0.90324920 0.24514851 -0.90428859 0.26088423 -0.33793724
-0.33587262 -0.91987514 0.20253223 -0.93730533 0.30518368 -0.16829050
-0.32962829 -0.92967409 0.16447270 -0.94371915 0.31943566 -0.08576169
-0.43834984 -0.85532463 0.27616885 -0.47734579 -0.03880702 -0.87785822
-0.79913360 0.18457110 -0.57211810 0.36164552 0.90782911 -0.21227099
-0.95933789 0.20530427 0.19370341 0.19905640 0.97863913 -0.05140039
-0.96613187 0.20225790 0.16025293 0.19472866 0.97892481 -0.06153844
-0.98512405 -0.03713398 -0.16778482 -0.02395633 0.99651563 -0.07989188
-0.97960126 -0.03564758 -0.19776432 -0.03231812 0.99927676 -0.02003864
-0.97849047 -0.03528419 -0.20325232 -0.02817134 0.99888879 -0.03778356
-0.98409241 -0.03165305 -0.17481486 -0.02789975 0.99932528 -0.02388677
-0.99252492 -0.02738210 -0.11893070 -0.02449602 0.99937057 -0.02566167
-0.99685103 -0.01672655 -0.07751328 -0.01751311 0.99980175 0.00947877
-0.99935019 -0.00513121 -0.03567776 -0.00568124 0.99986637 0.01533211
0.01340357 -0.99713731 0.07441469 -0.99988878 -0.01287916 0.00752255
0.00983602 -0.99539566 -0.09534570 -0.99707663 -0.00253778 -0.07636599
-0.99317390 -0.00988362 -0.11622392 -0.01871227 0.99699903 0.07511859
0.01379741 -0.98233825 0.18660443 -0.99987864 -0.01220320 0.00968934
-0.95318717 0.23366541 0.19192374 0.21922453 0.97117269 -0.09361783
-0.95648628 0.20922002 0.20337419 0.19902219 0.97752035 -0.06959999
-0.94423926 0.22607189 0.23938200 0.21631701 0.97404706 -0.06662843
-0.34023452 -0.91601235 0.21251346 -0.92310375 0.28228381 -0.26114249
-0.31253532 -0.94338363 0.11112630 -0.94981390 0.30872908 -0.05039636
-0.79903090 0.19375029 -0.56921917 0.36751825 0.90661776 -0.20730315
-0.88606822 0.26648816 -0.37929818 0.34422764 0.92627734 -0.15335481
-0.98706198 -0.03701843 -0.15600757 -0.02800129 0.99782914 -0.05960643
-0.98413938 -0.03637800 -0.17362711 -0.03207788 0.99910676 -0.02750950
-0.97953731 -0.03373511 -0.19841550 -0.02916317 0.99923855 -0.02592041
-0.98832023 -0.03303445 -0.14876786 -0.03973420 0.99831498 0.04228954
-0.94506830 0.01157934 -0.32666793 -0.06799355 0.97054839 0.23111193
-0.99979484 -0.00291639 -0.02004526 -0.00299429 0.99998814 0.00385736
0.01355088 -0.99573117 0.09130065 -0.99989361 -0.01300073 0.00661780
0.00699099 -0.99543840 -0.09515034 -0.99713331 0.00022958 -0.07566424
0.00950650 -0.98928589 -0.14568157 -0.99290365 0.00793204 -0.11865670
-0.96112788 0.24519989 0.12692642 0.23699787 0.96850473 -0.07635897
-0.95056874 0.23343091 0.20476608 0.22021814 0.97170258 -0.08542894
-0.94620168 0.21031368 0.24590775 0.21246237 0.97700208 -0.01807452
-0.93178403 0.22315624 0.28632113 0.22689985 0.97370261 -0.02048809
-0.32582182 -0.93056971 0.16697359 -0.92390776 0.27592883 -0.26506191
-0.31194729 -0.94279504 0.11758599 -0.94983858 0.30656412 -0.06184753
-0.72311491 0.14660159 -0.67499101 0.33406246 0.92955345 -0.15598948
-0.90086091 0.27005821 -0.33987978 0.32563511 0.93814290 -0.11768485
-0.98942852 -0.03618289 -0.14043494 -0.02660558 0.99722809 -0.06948605
-0.98910171 -0.03584372 -0.14280441 -0.03626114 0.99934232 0.00032082
-0.97980452 -0.03191183 -0.19739486 -0.03350462 0.99942738 0.00473379
-0.98133910 -0.03384233 -0.18928388 -0.04066224 0.99865198 0.03226229
-0.98778504 -0.02954958 -0.15299559 -0.03880524 0.99756980 0.05786744
-0.98520607 -0.02811832 -0.16905135 -0.04175115 0.99610710 0.07763693
0.01569772 -0.99813074 -0.05906525 -0.99821293 -0.01223775 -0.05849123
-0.99026990 -0.03048287 -0.13578077 -0.04571046 0.99282628 0.11048324
-0.31004193 -0.94270438 0.12321728 -0.94992793 0.30187091 -0.08069068
-0.95132464 0.24392174 0.18837105 0.24397765 0.96950197 -0.02325538
-0.93254477 0.22799151 0.27996445 0.23251626 0.97243661 -0.01741455
-0.95880842 0.21076860 0.19042850 0.20999734 0.97739607 -0.02445623
-0.94302732 0.21283518 0.25573552 0.22220607 0.97496712 0.00797345
-0.93416715 0.21422046 0.28537935 0.21807605 0.97575462 -0.01859675
-0.95026261 0.26846400 -0.15788621 0.28315234 0.95581949 -0.07895509
-0.73357260 0.16160753 -0.66011691 0.33843145 0.92918169 -0.14861201
-0.86577046 0.22900990 -0.44496742 0.29900569 0.94970971 -0.09298961
-0.88184506 0.24135408 -0.40508956 0.30201200 0.94884187 -0.09212998
-0.99308544 -0.03513669 -0.11201245 -0.03420957 0.99936277 -0.01018875
-0.98931050 -0.03543771 -0.14145321 -0.03622171 0.99933940 0.00297071
-0.98505634 -0.03061869 -0.16948897 -0.03981385 0.99789852 0.05112153
-0.98011541 -0.03211381 -0.19581240 -0.04184981 0.99807423 0.04578708
-0.98766983 -0.03465567 -0.15266746 -0.04476748 0.99698985 0.06330192
-0.98555326 -0.02872391 -0.16691224 -0.04001868 0.99710178 0.06470391
-0.98806733 -0.02852601 -0.15135820 -0.04315553 0.99461102 0.09426836
-0.98876506 -0.03100836 -0.14622635 -0.04742432 0.99278283 0.11015075
-0.96321708 0.25203082 0.09323870 0.25265875 0.96754152 -0.00520215
-0.96553719 0.25108859 0.06850215 0.25095701 0.96793956 -0.01065972
-0.93847847 0.22857918 0.25886253 0.23610891 0.97172445 -0.00205844
-0.93049097 0.22551253 0.28867042 0.23558931 0.97185272 0.00016883
-0.95486754 0.21165521 0.20839894 0.21908286 0.97562027 0.01295579
-0.94968200 0.21356252 0.22911839 0.21897037 0.97572976 -0.00186394
-0.92389327 0.20673425 0.32199714 0.23563144 0.97039306 0.05305893
-0.95511842 0.26587459 -0.13061200 0.27479357 0.95990098 -0.05548590
-0.80398685 0.19472302 -0.56186128 0.28980768 0.95336598 -0.08428994
-0.86946261 0.23051564 -0.43691799 0.28612003 0.95598644 -0.06500272
-0.96097791 0.25904855 -0.09703277 0.26210612 0.96483201 -0.01999169
-0.99079764 -0.03485610 -0.13078681 -0.03342354 0.99935502 -0.01313327
-0.99067253 -0.03535144 -0.13159867 -0.04405382 0.99698895 0.06381461
-0.98602498 -0.03245606 -0.16340567 -0.04969636 0.99348569 0.10254991
-0.98754185 -0.03224971 -0.15401658 -0.05333172 0.98943949 0.13477877
-0.96500534 0.26070213 0.02826868 0.26043209 0.96540582 -0.01291014
-0.96616650 0.24885678 0.06776941 0.24869499 0.96851999 -0.01094882
-0.93927532 0.22531009 0.25883821 0.24271496 0.96939403 0.03694173
-0.92232168 0.21310003 0.32235247 0.23149388 0.97264367 0.01936211
-0.94755775 0.25647032 -0.19067582 0.26560956 0.96379232 -0.02358061
-0.84510207 0.22033843 -0.48708671 0.28234002 0.95763934 -0.05666621
-0.94336241 0.24785087 -0.22053894 0.25504363 0.96692002 -0.00429229
-0.99432373 -0.03372105 -0.10091192 -0.02662381 0.99713022 -0.07086968
-0.99353272 -0.03418656 -0.10827751 -0.03459759 0.99939948 0.00191914
-0.99262673 -0.03491855 -0.11607271 -0.04581562 0.99465060 0.09258039
0.00845320 -0.98908293 -0.14711735 -0.99153662 0.01076997 -0.12938002
-0.96261477 0.25875276 -0.08012367 0.25975001 0.96567363 -0.00210302
-0.96411389 0.24508703 0.10206257 0.25138855 0.96637309 0.05410122
-0.95582426 0.23702344 0.17383869 0.24569620 0.96888644 0.02987604
-0.93953228 0.22293457 0.25996029 0.24043266 0.96995461 0.03715114
-0.92704976 0.21695831 0.30579057 0.24013111 0.96992290 0.03983326
-0.92323214 0.21414423 0.31903732 0.23623684 0.97117668 0.03175040
-0.91164029 0.20448969 0.35650519 0.23043601 0.97258097 0.03139359
-0.86299884 0.22624005 -0.45171729 0.26139897 0.96509767 -0.01603493
-0.94327259 0.23831911 -0.23117293 0.23889711 0.97069901 0.02591589
-0.99518514 -0.03327442 -0.09219182 -0.03530606 0.99916643 0.02049414
-0.99279416 -0.03444092 -0.11477679 -0.04539284 0.99451649 0.09421489
-0.22122814 -0.97376186 -0.05334737 -0.97513312 0.22013775 0.02559001
-0.22144391 -0.97333211 -0.05989282 -0.97227794 0.21564049 0.09041486
-0.96095669 0.23975979 0.13812149 0.24886221 0.96710670 0.05265316
-0.93296349 0.21358414 0.28976026 0.24603863 0.96593708 0.08019121
-0.91946304 0.21268231 0.33068717 0.24131751 0.96927911 0.04757981
-0.90331352 0.19731881 0.38090679 0.22547413 0.97377890 0.03026711
-0.89740455 0.19263253 0.39693552 0.23960096 0.96821100 0.07182538
-0.93745601 0.23805609 -0.25397938 0.23889445 0.97064149 0.02801053
-0.96886426 0.23193456 -0.08665153 0.22609966 0.97143131 0.07211201
-0.99363643 -0.03134916 -0.10818513 -0.03063079 0.99949634 -0.00829600
-0.99561346 -0.03773682 -0.08561409 -0.04415566 0.99625319 0.07436321
-0.97080535 0.23117483 -0.06399409 0.22641876 0.97123700 0.07371053
-0.22147137 -0.97009540 -0.09932499 -0.96784365 0.20620582 0.14407615
-0.93748021 0.21000130 0.27754331 0.24193950 0.96647799 0.08593922
-0.89988303 0.19653675 0.38933772 0.24537002 0.96617192 0.07940666
-0.91645086 0.20080633 0.34611356 0.24390480 0.96603620 0.08534939
-0.99528146 -0.03470465 -0.09061132 -0.03801949 0.99865979 0.03511656
-0.99559486 -0.03581147 -0.08665183 -0.04060819 0.99770176 0.05424163
-0.21913300 -0.96865654 -0.11698385 -0.97280437 0.20768514 0.10256068
-0.94704503 0.20805725 0.24457714 0.24034852 0.96440285 0.11027142
-0.94113994 0.20436046 0.26924428 0.23957565 0.96520150 0.10483125
-0.92523807 0.19240364 0.32697913 0.23899952 0.96494019 0.10848836
-0.91700989 0.18684222 0.35239586 0.23794925 0.96532416 0.10737511
