0.87726361 0.03888482 -0.47843137 -0.13899451 0.97459042 -0.17565331
0.92315328 0.06377038 -0.37910610 -0.18382025 0.93932748 -0.28961021
0.85636628 0.04828271 -0.51410669 -0.17980960 0.96118945 -0.20924461
0.89112478 0.07058825 -0.44823438 -0.21554169 0.93511480 -0.28125110
-0.06085153 0.96476638 -0.25597450 -0.96791589 0.00560212 0.25121212
-0.03870112 0.95745212 -0.28598553 -0.99925059 -0.03686639 0.01179891
-0.02245110 0.95062745 -0.30952129 -0.99686694 -0.04477374 -0.06520520
-0.02303640 0.96417600 -0.26426136 -0.99950182 -0.02791653 -0.01472604
-0.02994130 0.97998661 -0.19679913 -0.99351883 -0.05077709 -0.10169570
0.99523753 0.05072060 0.08324490 -0.04762162 0.99811155 -0.03880107
0.99122864 0.06110443 -0.11718404 -0.05200296 0.99550027 0.07921437
0.98395783 0.06392945 -0.16655339 -0.06041363 0.99783224 0.02609616
0.97887683 0.06751624 -0.19298120 -0.09463499 0.98632258 -0.13495201
0.93727332 0.06527613 -0.34242937 -0.11408506 0.98565507 -0.12437350
0.94258606 0.06913873 -0.32672825 -0.10934971 0.98829961 -0.10633221
0.86335337 0.05961671 -0.50106573 -0.14760980 0.97939795 -0.13780814
0.84692991 0.06143411 -0.52814358 -0.22747222 0.93967628 -0.25547001
0.72766143 0.02882025 -0.68533087 -0.22709033 0.95289618 -0.20104474
0.65577912 0.01040068 -0.75488114 -0.27920431 0.93235242 -0.22970405
0.65200365 -0.00311070 -0.75820947 -0.30933070 0.91189557 -0.26974261
0.64503628 0.01543401 -0.76399612 -0.27853259 0.93576258 -0.21625903
0.29014894 -0.11283382 -0.95030630 -0.21315202 0.96045953 -0.17911923
0.52886111 -0.02234574 -0.84841424 -0.23302127 0.95741361 -0.17047097
0.50010377 -0.02988809 -0.86544955 -0.29205063 0.93503147 -0.20105380
0.51246327 -0.02601685 -0.85831493 -0.35823914 0.90192777 -0.24122810
0.51870334 -0.03791190 -0.85411334 -0.35093150 0.90153664 -0.25313774
0.59191233 -0.02865392 -0.80549294 -0.25083360 0.94319272 -0.21787612
0.44354329 0.05599109 -0.89450240 -0.21547709 0.97543484 -0.04578831
0.45450908 0.08237472 -0.88692504 0.02110928 0.99443889 0.10317783
0.55681032 0.08012271 -0.82676643 0.08928095 0.98379785 0.15546967
0.71753120 0.05712305 -0.69418013 0.01127522 0.99554825 0.09357668
0.71928161 0.02384445 -0.69430941 -0.04207804 0.99907124 -0.00928068
0.71904647 0.05686989 -0.69263130 0.01325685 0.99534243 0.09548702
0.84025246 0.03987737 -0.54072696 0.05529955 0.98578811 0.15863128
0.75525028 0.09004921 -0.64922124 0.11921743 0.95512104 0.27116624
0.92180586 0.07214899 -0.38087872 -0.02228014 0.99076390 0.13375552
0.91962159 0.07005788 -0.38650757 -0.01646322 0.98997629 0.14027075
-0.04705643 0.94005972 0.33774754 -0.98451459 -0.10080924 0.14341769
0.92181164 0.06887598 -0.38147017 -0.02749902 0.99322796 0.11288074
0.78024215 0.03627650 -0.62442470 0.21320334 0.92310482 0.32003418
0.78218412 0.03328216 -0.62215787 0.19699070 0.93413639 0.29763034
0.54686594 0.07602547 -0.83376122 0.22871999 0.94441944 0.23613369
0.00929162 0.79118931 0.61150068 -0.88202310 -0.28162703 0.37778494
-0.03810079 0.85798144 0.51226580 -0.96633887 -0.16216341 0.19973016
0.55630964 0.06942246 -0.82807010 0.24004215 0.94059670 0.24012010
0.38437337 0.06298351 -0.92102671 0.25235212 0.95250463 0.17045054
0.42011026 0.06102296 -0.90541905 -0.01806490 0.99810117 0.05888747
0.18987374 0.06561211 -0.97961372 -0.08295676 0.99526864 0.05058154
0.34068137 -0.86908704 -0.35864180 0.09008799 0.40988180 -0.90767896
0.42555293 -0.83478105 -0.34934977 -0.06625631 0.35627180 -0.93203032
0.45995548 -0.81628317 -0.34946075 -0.08735687 0.35005420 -0.93264723
0.52306724 -0.77889967 -0.34600011 -0.06725135 0.36697939 -0.92779493
0.54711938 -0.75903392 -0.35288507 0.02057312 0.43364581 -0.90084851
0.55578089 -0.75819200 -0.34095836 0.10855942 0.47281644 -0.87444812
0.34213674 0.04745665 -0.93845105 -0.29271570 0.95441121 -0.05845338
0.52598441 -0.77121860 -0.35855588 0.04156254 0.44438985 -0.89486885
0.53025621 -0.77053446 -0.35370195 -0.03773078 0.39532191 -0.91776741
0.45600912 -0.80423409 -0.38113427 0.00442003 0.43029395 -0.90267801
0.50192153 -0.77988213 -0.37397671 -0.31497115 0.23788372 -0.91880608
0.52205163 -0.76505315 -0.37703547 -0.31787062 0.23568866 -0.91837317
0.50760776 -0.78083205 -0.36419198 -0.25555381 0.26722825 -0.92912936
0.50528502 -0.78301996 -0.36272147 -0.20479853 0.29950929 -0.93185395
0.46207267 -0.81131482 -0.35813013 -0.24467243 0.27152812 -0.93081039
0.49122304 -0.79178756 -0.36300480 -0.23688275 0.27960727 -0.93043345
0.46806076 -0.81175381 -0.34924912 -0.21752004 0.27722150 -0.93585968
0.38118604 -0.85806787 -0.34411731 -0.28310370 0.24599813 -0.92700446
0.32097277 -0.88407928 -0.33967683 -0.26686913 0.25969481 -0.92808378
0.31452528 -0.88337642 -0.34744790 -0.09737901 0.33406627 -0.93750578
0.32415402 -0.88485634 -0.33459458 -0.26458490 0.25477564 -0.93009901
-0.16590866 0.20786694 -0.96398431 -0.03430554 0.97572356 0.21630254
0.21415931 -0.94462293 -0.24864316 -0.27438039 0.18612504 -0.94343674
-0.19624056 0.11729714 -0.97351474 0.09536279 0.99039608 0.10010799
-0.36000466 0.13494901 -0.92313886 0.08245259 0.99021357 0.11259957
-0.40354395 0.14614519 -0.90321308 0.03698965 0.98895985 0.14349304
-0.41702467 0.15005720 -0.89642251 -0.02951192 0.98352146 0.17836645
0.20959376 -0.92924547 -0.30425870 -0.35612634 0.21724971 -0.90883255
0.28075624 -0.89974320 -0.33412284 -0.44210166 0.18775819 -0.87709355
0.35710454 -0.85749388 -0.37037897 -0.46035451 0.18344934 -0.86857361
0.41238442 -0.82813680 -0.37964272 -0.39672673 0.21188860 -0.89314675
0.43883699 -0.81136596 -0.38614428 -0.39509800 0.21173283 -0.89390540
0.45022964 -0.78641343 -0.42290336 -0.55102092 0.12798369 -0.82461882
0.48545027 -0.75618255 -0.43877783 -0.49670017 0.17446625 -0.85020620
0.49201524 -0.67513454 -0.54964936 -0.70667207 0.05902600 -0.70507485
0.47532266 -0.70684946 -0.52386290 -0.70210791 0.05407444 -0.71001446
0.31608087 -0.74636430 -0.58569038 -0.81768829 0.09875287 -0.56712759
-0.73135149 0.09492372 -0.67536253 -0.31296852 0.83312875 0.45601237
-0.73559803 0.09027202 -0.67137665 -0.26860803 0.87097108 0.41141111
-0.85268652 0.01980002 -0.52204764 -0.16967782 0.93461031 0.31259087
-0.82882679 0.04070052 -0.55802304 -0.17613192 0.92766374 0.32926825
-0.05172228 -0.84968537 -0.52474713 -0.90717363 0.25967911 -0.33106324
-0.04533215 -0.85603857 -0.51492047 -0.93406671 0.21908745 -0.28199318
0.05278039 -0.68842810 -0.72338170 -0.95203650 0.18394551 -0.24452111
-0.84038186 0.04705364 -0.53994846 -0.01616633 0.99360502 0.11174884
-0.71242291 0.07586874 -0.69763720 0.03265678 0.99664587 0.07503733
-0.63160592 0.09907120 -0.76893365 -0.05037620 0.98446149 0.16821957
-0.64443767 0.10182364 -0.75784701 0.09328864 0.99416023 0.05424619
-0.65880936 0.10863245 -0.74442542 -0.16071467 0.94635391 0.28033039
-0.65509373 0.11120205 -0.74731946 -0.16034982 0.94611484 0.28134429
-0.55983955 0.13149522 -0.81810075 -0.14531970 0.95644349 0.25317597
-0.69250011 0.06830243 -0.71817714 0.18885109 0.97795612 -0.08909027
-0.53769994 0.15723167 -0.82834595 0.28297696 0.95912534 -0.00163198
-0.48857221 0.14978130 -0.85957134 0.17452481 0.98202270 0.07192032
-0.48073897 0.14319696 -0.86509228 0.46079472 0.88062614 -0.11029918
-0.57571417 -0.79562241 0.18851575 -0.51830983 0.17679703 -0.83671850
-0.74917221 -0.63743436 0.18005116 -0.43507057 0.26858625 -0.85940391
-0.57644796 -0.81520659 0.05608935 -0.23433916 0.09916656 -0.96708387
-0.67267442 -0.73704481 0.06537702 -0.16350830 0.06189275 -0.98459858
-0.56071466 -0.82724422 0.03558314 -0.00252371 -0.04126669 -0.99914497
-0.40219921 -0.91538763 0.01735735 -0.14746782 0.04605971 -0.98799390
-0.45747805 -0.88871866 0.02988319 -0.26750270 0.10549519 -0.95776463
-0.29795140 0.12330784 -0.94658339 0.26774624 0.96261168 0.04111863
-0.16023836 -0.98646438 -0.03480955 -0.09144863 0.04994973 -0.99455631
-0.11797785 -0.99222040 -0.03974923 -0.00391333 0.04049304 -0.99917221
-0.31212172 -0.94837302 -0.05629034 -0.17153159 0.11453167 -0.97849852
0.04160862 -0.99156821 -0.12272421 -0.04415401 0.12088573 -0.99168402
0.10103063 -0.98646903 -0.12911904 -0.04970767 0.12461586 -0.99095917
-0.32093048 -0.92686069 -0.19476375 0.17944337 0.14241120 -0.97340596
-0.23297012 -0.96636999 -0.10887598 0.26405975 0.04488939 -0.96346116
-0.19341291 -0.97548419 -0.10498577 0.11394353 0.08394893 -0.98993409
-0.25161761 -0.96135384 -0.11174713 0.16946152 0.06991591 -0.98305368
0.11871476 0.09880662 -0.98800004 0.06824135 0.99187189 0.10739349
0.40224591 0.04975266 -0.91417885 0.24981235 0.95466751 0.16187562
-0.56330353 -0.82549429 0.03533128 -0.06806783 0.00374776 -0.99767363
-0.59542084 -0.80253899 0.03748659 -0.01014802 -0.03914275 -0.99918211
-0.42750555 -0.90381241 0.01903106 -0.25676730 0.10121300 -0.96115893
-0.72059155 0.08165520 -0.68853492 0.23563187 0.96277803 -0.13242391
-0.67840433 0.11467656 -0.72568375 -0.16734707 0.93765819 0.30461806
-0.74134731 0.08673622 -0.66549313 -0.30936390 0.83580941 0.45356005
0.05940189 -0.69778812 -0.71383697 -0.90200800 0.26880640 -0.33782351
0.44586444 -0.77525866 -0.44741365 -0.60467410 0.10767835 -0.78916067
-0.54326934 0.13264658 -0.82901353 -0.15086430 0.95594275 0.25182036
-0.49223509 0.15112138 -0.85724378 0.12758194 0.98670429 0.10068528
-0.33036226 0.12282212 -0.93582880 0.22281918 0.97362137 0.04912349
-0.13725296 0.09486216 -0.98598319 0.15012565 0.98589700 0.07395574
0.20967497 -0.92928439 -0.30408391 -0.35806617 0.21641654 -0.90826899
0.46790183 -0.78970450 -0.39678052 -0.40664816 0.20623451 -0.89000261
0.49418473 -0.76543093 -0.41218573 -0.45192635 0.17884310 -0.87394381
0.60183883 -0.72287124 -0.33948088 -0.04828264 0.39137334 -0.91896451
0.52424473 -0.77712071 -0.34821090 -0.07916471 0.36266005 -0.92855299
0.45062411 -0.82272696 -0.34649441 -0.16534923 0.30449861 -0.93805134
0.33884495 -0.87650871 -0.34193066 -0.13879460 0.31288511 -0.93959516
0.37616676 0.06378543 -0.92435390 -0.32317129 0.94401002 -0.06637309
0.21330705 0.07312628 -0.97424471 -0.10332255 0.99329120 0.05193383
0.40603960 0.05432255 -0.91223955 -0.00179758 0.99827725 0.05864587
0.41378200 0.04824292 -0.90909684 0.23109004 0.96032113 0.15614355
0.63364899 -0.00728230 -0.77358645 -0.16470048 0.97576183 -0.14409259
0.75231928 0.02683944 -0.65825182 -0.10878473 0.99051476 -0.08394352
0.89467388 0.07673569 -0.44007990 -0.14200613 0.98288977 -0.11731155
0.84799117 0.05526318 -0.52712142 -0.10148512 0.99307722 -0.05914742
0.91666883 0.06480195 -0.39435899 -0.01587790 0.99189270 0.12608264
-0.05450134 0.97332239 0.22287495 -0.99579054 -0.06945501 0.05981021
-0.05431525 0.96858269 0.24268810 -0.99850345 -0.05424042 -0.00699510
-0.06307471 0.92591327 0.37243274 -0.99623805 -0.03619406 -0.07873868
-0.07601131 0.86744475 0.49169296 -0.99555272 -0.03850152 -0.08597911
-0.07632229 0.77950728 0.62172616 -0.99450141 -0.10435693 0.00875689
-0.07486566 0.74948555 0.65777403 -0.99551904 -0.09438543 -0.00576137
-0.09624777 0.76476681 0.63707781 -0.98680586 0.01040450 -0.16157348
-0.09265622 0.82348263 0.55972415 -0.96641821 0.06094444 -0.24964322
-0.07198929 0.89249593 0.44527358 -0.98304558 0.01199164 -0.18296897
-0.06611214 0.94484812 0.32076657 -0.95705873 0.03088934 -0.28824365
0.97499472 0.03667201 0.21918148 -0.03336298 0.99926680 -0.01878074
0.93804967 -0.01981342 0.34593394 -0.09029716 0.94988978 0.29925883
-0.16764534 0.75165641 0.63789314 -0.77232939 0.30200300 -0.55883956
-0.06616776 0.84133261 0.53645253 -0.99756026 -0.06776966 -0.01675730
-0.07438970 0.89263505 0.44459969 -0.97794479 0.02195440 -0.20770660
0.98901302 0.04822309 0.13974190 -0.05539480 0.99731529 0.04789227
0.93703377 0.03547686 0.34743220 -0.03334951 0.99937052 -0.01210280
0.98168314 0.05622618 -0.18203552 -0.08549272 0.98386663 -0.15715444
-0.10520618 0.92218775 -0.37215793 -0.96254456 -0.00039576 0.27112329
0.84598780 0.05953651 -0.52986807 -0.22310108 0.94209963 -0.25034806
0.79058766 0.01953745 -0.61203724 -0.18502015 0.96039712 -0.20833850
-0.02771270 0.94527566 -0.32509372 -0.99706173 -0.00290504 0.07654781
0.79169542 0.02981062 -0.61018831 -0.27559617 0.90882808 -0.31317464
-0.02547274 0.95387518 -0.29912093 -0.99565625 0.00259664 0.09306926
