-0.07722531 0.85894281 0.50621498 -0.97049594 0.05156009 -0.23554030
-0.06461778 0.87297434 0.48346707 -0.98603088 0.01867699 -0.16551213
-0.04992203 0.90679401 0.41860768 -0.98115277 0.03381141 -0.19025244
-0.04853710 0.89409781 0.44523406 -0.98695284 0.02558173 -0.15896448
-0.05673484 0.87137890 0.48731920 -0.98340547 0.03547291 -0.17791976
-0.03254797 0.88586408 0.46280175 -0.99508315 0.01461578 -0.09795886
-0.02460955 0.87718433 0.47952279 -0.99679685 0.01498035 -0.07855989
0.98718053 -0.02383165 0.15781848 -0.00021151 0.98859364 0.15060723
-0.01379649 0.98328876 0.18152928 -0.98647290 0.01627217 -0.16311476
-0.00895772 0.98902631 0.14746793 -0.99109966 0.01080709 -0.13268302
0.97780931 -0.04362905 0.20490356 0.00493039 0.98259586 0.18569097
-0.00695296 0.98468685 0.17419375 -0.98970181 0.01813039 -0.14199197
-0.00437730 0.98660797 0.16305083 -0.99108237 0.01743513 -0.13210547
0.00778170 0.99275017 0.11994378 -0.99891442 0.01322664 -0.04466670
0.00982622 0.99470204 0.10232920 -0.99834663 0.01555493 -0.05533659
0.99693304 -0.00404993 0.07815488 0.00643801 0.99951929 -0.03032801
0.99791241 -0.00745839 0.06415046 0.00588574 0.99967837 0.02466907
0.03411854 0.99662691 -0.07463714 -0.99808437 0.03012140 -0.05403996
0.03857327 0.98857564 -0.14570636 -0.99851859 0.03253265 -0.04361610
0.04082476 0.97359264 -0.22461234 -0.99912268 0.03767634 -0.01828723
0.04171212 0.97084516 -0.23605026 -0.99786407 0.02859224 -0.05873487
0.04427970 0.96151739 -0.27115229 -0.99872476 0.03601566 -0.03538067
0.06886920 0.91558820 -0.39617589 -0.98783302 0.00708018 -0.15535711
0.00970298 0.99651349 0.08286563 -0.99992317 0.01030873 -0.00688534
0.01123523 0.99134636 0.13079053 -0.99993688 0.01112293 0.00158910
0.01318494 0.98885679 0.14828491 -0.99990195 0.01373994 -0.00271902
0.01454157 0.98140150 0.19141498 -0.99987471 0.01546946 -0.00335401
0.01085803 0.98598146 0.16650118 -0.99988586 0.01245570 -0.00855428
0.00825868 0.98545140 0.16975683 -0.99992537 0.00966741 -0.00747369
0.00033770 0.92347628 0.38365537 -0.98121768 -0.07370251 0.17826906
-0.01449832 0.91556340 0.40191236 -0.99819100 -0.03670888 0.04761539
-0.01735696 0.93477011 0.35482910 -0.99693865 -0.04323930 0.06514399
0.00633416 0.98277342 0.18470582 -0.99993813 0.00791466 -0.00782082
-0.00278343 0.96894872 0.24724610 -0.99739134 0.01514415 -0.07057775
-0.01790270 0.89900583 0.43757054 -0.99982971 -0.01413259 -0.01187093
-0.00851073 0.94108033 0.33807597 -0.97717005 -0.07960176 0.19698302
0.95564878 0.08761417 -0.28117478 0.00242913 0.95234680 0.30500770
0.88871825 0.13820547 -0.43712607 0.03466323 0.93049294 0.36466616
0.73073107 0.24772175 -0.63613361 0.05254700 0.90866297 0.41421065
0.94529796 0.10249510 -0.30968803 -0.00040348 0.94972306 0.31309107
-0.00774390 0.92126560 0.38885695 -0.98497981 -0.07410766 0.15595774
-0.00711867 0.92503440 0.37981677 -0.95933175 -0.11350395 0.25845596
0.80180341 0.12379548 -0.58462465 -0.06067135 0.99011594 0.12644930
0.01111962 0.89875805 0.43830398 -0.98152065 -0.07393052 0.17649801
0.00557153 0.97570741 0.21900705 -0.99998361 0.00573415 -0.00010691
-0.00522742 0.95303178 0.30282512 -0.98736602 0.04304059 -0.15249865
0.91951203 -0.14586776 0.36499357 0.00334524 0.93146092 0.36382598
-0.03199910 0.80263221 0.59561521 -0.99512267 0.03005024 -0.09395718
0.01139895 0.93788534 0.34675813 -0.97662205 0.08488755 -0.19749309
0.01428741 0.93625021 0.35104349 -0.97815424 0.08590447 -0.18930072
-0.00324264 0.84043348 0.54190499 -0.99536443 0.04937612 -0.08253282
0.01884219 0.90433502 0.42640722 -0.98953348 0.07789429 -0.12147439
0.03940297 0.89649528 0.44129777 -0.99793351 0.05773941 -0.02819313
0.03471871 0.78711641 0.61582667 -0.99898380 0.04505387 -0.00126530
0.04060312 0.85231763 0.52144611 -0.99894166 0.02334059 0.03963317
0.04934173 0.86645514 0.49681067 -0.99518138 0.00045203 0.09805006
0.05786658 0.94402659 0.32475412 -0.99826378 0.05829933 0.00840633
0.07596441 0.79713511 0.59900337 -0.99436837 0.01603994 0.10475834
0.03879426 0.94202614 0.33328927 -0.99128592 -0.00573840 0.13160317
0.07922745 0.83338100 0.54699111 -0.97901851 -0.03829032 0.20014141
0.02562939 0.96219653 0.27114773 -0.98581702 -0.02067408 0.16654542
0.02616522 0.96341527 0.26673290 -0.98000741 -0.02792364 0.19699170
0.02222850 0.97131789 0.23674352 -0.99182266 -0.00834199 0.12735072
0.02022893 0.97472131 0.22250666 -0.99244618 -0.00735812 0.12246037
0.05091573 0.88743168 0.45811853 -0.99525052 0.00697728 0.09709723
0.04243965 0.92548138 0.37640819 -0.99520749 0.00593935 0.09760549
0.02287718 0.97049010 0.24005336 -0.99320531 -0.00534282 0.11625286
0.01877860 0.97758758 0.20969009 -0.98987871 -0.01132882 0.14146332
0.01509230 0.98371398 0.17910638 -0.99667358 0.00045302 0.08149598
0.00921899 0.99528670 0.09653732 -0.99911737 0.00521163 0.04168115
0.01804097 0.98072129 0.19457725 -0.99716234 0.00342287 0.07520349
0.02409300 0.96488887 0.26155111 -0.99730945 0.00507912 0.07313062
0.02083237 0.97358346 0.22737925 -0.99921107 0.01258298 0.03766990
0.01802672 0.98530495 0.16985077 -0.99522954 0.00139205 0.09755113
0.00731494 0.99705803 0.07630078 -0.99808639 0.00259465 0.06178091
0.99792290 0.02189687 -0.06058485 -0.02366054 0.99931240 -0.02854820
0.99720174 0.02199840 -0.07144798 -0.02186991 0.99975753 0.00258028
0.99829841 0.02172386 -0.05411510 -0.02208068 0.99973816 -0.00600458
0.99784428 0.02269908 -0.06157620 -0.02458338 0.99924701 -0.03001787
0.99920869 0.01959709 -0.03461243 -0.01851659 0.99933958 0.03126652
0.93464583 0.02502340 -0.35469854 -0.01788656 0.99956656 0.02338593
0.99102718 0.00608156 -0.13352212 0.00840988 0.99414784 0.10770043
0.01653605 0.97785318 0.20863771 -0.97865367 -0.02692220 0.20374565
0.99425626 0.02617326 -0.10377629 -0.02470710 0.99957627 0.01538871
0.95280623 0.03310765 -0.30176845 -0.00721262 0.99622363 0.08652460
0.96480578 0.03300075 -0.26088473 -0.04502843 0.99817413 -0.04025990
-0.03547148 0.98609143 -0.16237459 -0.98654664 -0.00860574 0.16325349
0.98107696 0.03727746 -0.18999581 -0.06848401 0.98466760 -0.16043603
0.98459548 0.04620654 -0.16863202 -0.06420264 0.99262011 -0.10287539
0.02721256 0.95824850 0.28463894 -0.98360640 -0.02511051 0.17857204
0.02678018 0.95860624 0.28347284 -0.98328412 -0.02582877 0.18023646
0.06897352 0.87266248 0.48342836 -0.96805936 -0.05853946 0.24379136
0.09252429 0.83011383 0.54986399 -0.97718763 -0.03032025 0.21020260
0.08624516 0.86478466 0.49468109 -0.94181520 -0.09114531 0.32353789
0.09385078 0.87696630 0.47129843 -0.96655017 -0.03323587 0.25431490
0.10434432 0.85958487 0.50022620 -0.94676530 -0.06816557 0.31462505
0.12064600 0.85497946 0.50443506 -0.88857472 -0.13354175 0.43886408
0.07225462 0.91954041 0.38629621 -0.92841631 -0.07951509 0.36293322
0.06759626 0.91994500 0.38617608 -0.92860365 -0.08353855 0.36154750
0.11256683 0.87024510 0.47958550 -0.87683821 -0.14004782 0.45993629
0.88332766 0.15358470 -0.44288152 0.08684213 0.87482905 0.47658435
0.85966665 0.17436182 -0.48017836 0.10222895 0.86222059 0.49610978
0.84746593 0.18881753 -0.49613467 0.08825099 0.87148702 0.48241284
0.89467108 0.14951967 -0.42096025 0.03465295 0.91625637 0.39909077
0.85723227 0.18321846 -0.48123166 0.05889273 0.89354050 0.44510341
0.86143398 0.17061304 -0.47835413 0.03560324 0.91927958 0.39199176
0.82719219 0.17398453 -0.53430569 0.13944535 0.85755664 0.49512795
0.86675650 0.13505013 -0.48009863 0.09595627 0.89949608 0.42626193
0.83774525 0.15326132 -0.52411246 0.06371124 0.92581671 0.37256449
0.83198476 0.15518169 -0.53265387 0.17176740 0.84086347 0.51326859
0.78168726 0.20354284 -0.58952129 0.14248663 0.86196059 0.48654035
0.89006686 0.11238109 -0.44175959 0.08605018 0.91028225 0.40494639
0.88178515 0.06070109 -0.46772888 0.05066096 0.97375679 0.22188108
0.07010397 0.90603483 0.41735634 -0.95486343 -0.06011738 0.29089811
0.95204991 0.02889630 -0.30457512 0.00741934 0.99305618 0.11740693
0.03491233 0.97022849 -0.23966207 -0.99885619 0.02603589 -0.04010494
0.03345239 0.98086315 -0.19180325 -0.99902701 0.02729831 -0.03463930
0.86653018 0.15719467 -0.47372487 0.00354080 0.94715148 0.32076713
-0.07782175 0.89971322 -0.42948806 -0.98380500 0.00046751 0.17924142
0.02760920 0.95846874 0.28385815 -0.98406696 -0.02383457 0.17619362
0.06802856 0.86472958 0.49760914 -0.97598481 -0.04577539 0.21297474
0.06347101 0.86400127 0.49947292 -0.97800940 -0.04578076 0.20347427
0.03862509 0.95019597 0.30925030 -0.99880683 0.02745637 0.04038820
0.03711363 0.88797241 0.45839679 -0.99562645 0.07221229 -0.05927444
0.01130766 0.99354559 0.11286885 -0.99421239 -0.00088894 0.10742924
0.01725362 0.99163073 0.12794842 -0.99555302 0.00518541 0.09406042
0.01599473 0.99395818 0.10858794 -0.99568772 0.00590839 0.09257992
0.01851547 0.97355294 0.22771017 -0.99931979 0.01075463 0.03527587
0.00800353 0.98578137 0.16784257 -0.99911082 0.01483164 -0.03946759
0.00247856 0.96821356 0.25011280 -0.99739069 0.02043946 -0.06923944
-0.02193053 0.89866871 0.43807948 -0.99967259 -0.01393462 -0.02145898
-0.02738337 0.91051847 0.41256070 -0.99629414 0.00880474 -0.08556018
0.96912187 -0.05106163 0.24123745 0.01303462 0.98756510 0.15666948
0.97011298 -0.05235565 0.23693836 0.01866352 0.98965257 0.14226565
0.96917820 -0.05327528 0.24053161 0.01743214 0.98872089 0.14875188
0.93452817 -0.09851626 0.34198207 -0.01113235 0.95236039 0.30477175
