0.99323612 -0.02275505 -0.11386042 0.02615258 0.99925351 0.02843498
0.99840635 -0.02170703 -0.05209212 0.02126780 0.99973357 -0.00897135
0.99702078 -0.01851080 -0.07487958 0.01370855 0.99784636 -0.06414598
0.01403728 0.99767226 -0.06673147 -0.99815679 0.01792228 0.05798101
0.01217408 0.99823505 -0.05812559 -0.99845535 0.01528711 0.05341636
0.99705911 -0.01735644 -0.07464512 0.01258276 0.99787366 -0.06395306
0.01283941 0.99299181 -0.11748381 -0.99716580 0.02142613 0.07212018
0.95340830 -0.06435148 -0.29473978 0.02910234 0.99204695 -0.12245815
0.96038282 -0.05996227 -0.27215695 0.01530870 0.98645490 -0.16331698
0.95403653 -0.06474169 -0.29261398 0.02249945 0.98910457 -0.14548518
-0.03020559 0.93693906 -0.34818506 -0.96506655 0.06336357 0.25422749
0.00274964 0.97652882 -0.21536919 -0.99683499 0.01978809 0.07699662
0.00414244 0.98086512 -0.19464479 -0.99744254 0.01794159 0.06918466
0.00388830 0.98422337 -0.17688771 -0.99567425 0.02023141 0.09068321
0.00378095 0.98472720 -0.17406364 -0.99453580 0.02186283 0.10208127
0.00101584 0.98325497 -0.18223245 -0.99311179 0.02234346 0.11502051
-0.00577954 0.97700191 -0.21315217 -0.99303085 0.01948414 0.11623293
-0.00653922 0.97714853 -0.21245714 -0.99263692 0.01935511 0.11957185
-0.00783884 0.97676480 -0.21417089 -0.99271625 0.01814790 0.11910105
0.91719651 -0.06961295 -0.39230677 -0.03562628 0.96634620 -0.25476617
0.96756160 -0.03619726 -0.25002864 0.02097202 0.99777466 -0.06329265
0.00256452 0.99688721 -0.07879946 -0.99745065 0.00816955 0.07089055
0.00268107 0.99662352 -0.08206383 -0.99916267 0.00602021 0.04046913
-0.00516091 0.98405814 -0.17777240 -0.99206001 0.01730099 0.12457002
0.91533822 -0.01610610 -0.40236375 -0.00821720 0.99824476 -0.05865176
-0.01700239 0.96369594 -0.26646027 -0.98637009 0.02745538 0.16223541
-0.00684726 0.98336983 -0.18148568 -0.99986792 -0.00940821 -0.01325392
0.97060597 -0.02110788 -0.23974666 -0.03247294 0.97555220 -0.21735556
-0.01706460 0.96843529 -0.24868032 -0.97463727 0.03939494 0.22029588
-0.01586920 0.96844155 -0.24873506 -0.97481346 0.04036160 0.21933927
0.96855259 -0.03201436 -0.24674062 -0.02813500 0.97123444 -0.23645750
-0.01413048 0.97109574 -0.23827170 -0.97748435 0.03675868 0.20778176
-0.06263593 0.89021516 -0.45121369 -0.98804647 0.00849751 0.15392222
0.98827296 -0.01779973 -0.15165655 -0.00418691 0.98965049 -0.14343798
-0.03311979 0.95301914 -0.30109394 -0.96303308 0.05015233 0.26467353
-0.01466055 0.96786362 -0.25104800 -0.98311889 0.03184301 0.18017575
-0.01297518 0.96854526 -0.24849893 -0.98571384 0.02934751 0.16585265
-0.00845172 0.97577995 -0.21859099 -0.98865616 0.02462793 0.14816387
0.98430121 -0.01909678 -0.17546092 -0.01239622 0.98419428 -0.17665787
0.97794813 -0.02367604 -0.20750147 -0.01636005 0.98181576 -0.18913017
0.96594411 -0.03538114 -0.25632054 -0.01572079 0.98075241 -0.19462176
0.96201348 -0.03630818 -0.27057683 -0.01502189 0.98257494 -0.18525894
-0.00810403 0.93067402 -0.36575976 -0.99877530 0.01032018 0.04838920
0.98105031 -0.02448153 -0.19220020 0.00035621 0.99221140 -0.12456486
0.98352468 -0.02612738 -0.17887606 0.01242991 0.99693257 -0.07727199
0.96497250 -0.03441998 -0.26008335 0.00204336 0.99231213 -0.12374336
0.00299646 0.98529094 -0.17085916 -0.98649567 0.03089266 0.16084746
-0.00018395 0.98241669 -0.18670169 -0.98572862 0.03125161 0.16541590
0.98636311 -0.02576802 -0.16255458 0.01169985 0.99614704 -0.08691502
0.98703092 -0.02541493 -0.15850580 0.00924666 0.99474978 -0.10191900
0.98725706 -0.02794881 -0.15666045 0.01540398 0.99661732 -0.08072606
0.99123901 -0.02496345 -0.12969998 0.01255676 0.99533987 -0.09560809
0.97395879 -0.03181479 -0.22448187 0.00630599 0.99352396 -0.11344785
0.96553862 -0.03473517 -0.25793171 0.02849418 0.99920464 -0.02789619
0.96918786 -0.03476628 -0.24385689 0.02544287 0.99882364 -0.04128020
-0.14394528 0.90525544 -0.39974049 -0.92275023 0.02314899 0.38470277
0.97721714 -0.03624875 -0.20912382 0.02188666 0.99726546 -0.07058790
0.98695391 -0.03114342 -0.15796237 0.02676056 0.99919766 -0.02979820
0.98374492 -0.03323254 -0.17646958 0.03107994 0.99940515 -0.01494902
0.99199808 -0.02478570 -0.12379614 0.02353460 0.99965620 -0.01155848
0.99502617 -0.02732197 -0.09579372 0.03112183 0.99877769 0.03839977
0.02837955 0.99401897 0.10545599 -0.99498701 0.01797037 0.09837656
0.03013522 0.99558282 0.08892007 -0.99584001 0.02225109 0.08836084
0.04223171 0.96879190 0.24425158 -0.99548584 0.02000413 0.09277827
0.03668249 0.97701639 0.20998415 -0.99414235 0.01430105 0.10712837
0.03108228 0.97344309 0.22680929 -0.99681675 0.01352141 0.07857266
0.96809036 0.02900964 -0.24891677 0.03105712 0.97173160 0.23403679
0.01648013 0.98793793 0.15397118 -0.99887943 0.00943461 0.04637787
0.01413479 0.99140656 0.13005093 -0.99922979 0.00924374 0.03813585
0.01093875 0.99427783 0.10626347 -0.99982703 0.00927704 0.01611931
0.01145219 0.99770665 0.06671057 -0.99777603 0.00702093 0.06628481
0.00480123 0.99308956 0.11726090 -0.99874312 -0.00108821 0.05010951
0.00374028 0.99764019 0.06855780 -0.99991798 0.00289132 0.01247805
0.00132575 0.99756348 0.06975218 -0.99987066 0.00020432 0.01608200
-0.00101257 0.99558944 0.09381229 -0.99999881 -0.00111973 0.00108970
-0.00428684 0.99808878 0.06164789 -0.99832827 -0.00071816 -0.05779402
0.00319114 0.99973607 -0.02275381 -0.99989992 0.00287641 -0.01385129
0.87911624 0.06203698 0.47255269 -0.00979807 0.99363542 -0.11221714
0.00278360 0.97949892 0.20143023 -0.99979615 -0.00130252 0.02015011
0.00017383 0.99045157 0.13786107 -1.00000000 0.00020560 -0.00021619
0.01226777 0.97625524 -0.21627584 -0.99826467 0.02441581 0.05358702
0.98579395 -0.04174843 -0.16268793 0.05762542 0.99389100 0.09412750
0.97836238 -0.03849405 -0.20328625 0.05096814 0.99710160 0.05648604
0.97855628 -0.03568215 -0.20286575 0.04333463 0.99850202 0.03340470
0.97252262 -0.03708925 -0.22983499 0.06696802 0.99007022 0.12359717
0.95212930 -0.03278982 -0.30393204 0.05347346 0.99676627 0.05998005
0.95595235 -0.03704777 -0.29117465 0.04612572 0.99863827 0.02437258
0.94842511 -0.03695704 -0.31483966 0.03885179 0.99924499 -0.00025764
0.82779753 -0.04034784 -0.55957425 0.05134181 0.99867338 0.00394284
0.95320493 -0.03868827 -0.29983938 0.02548968 0.99853128 -0.04780747
0.83760506 -0.05690683 -0.54330415 0.01275143 0.99632502 -0.08469850
0.79571640 -0.06236094 -0.60245043 0.03144685 0.99759752 -0.06172846
0.97305822 -0.03577662 -0.22776686 0.06860361 0.98806953 0.13788451
0.97194427 -0.03639784 -0.23237786 0.07419731 0.98495656 0.15606205
0.98654366 -0.05251391 -0.15483503 0.06547727 0.99465442 0.07984618
0.97805071 -0.04922493 -0.20246896 0.07964040 0.98623055 0.14493686
0.97949630 -0.03421615 -0.19853547 0.03982259 0.99891090 0.02431400
0.95655793 -0.03733033 -0.28914255 0.04578338 0.99869746 0.02252435
0.97846568 -0.03381427 -0.20362124 0.02460404 0.99856365 -0.04759567
0.98265415 -0.03293433 -0.18249977 0.02815402 0.99919087 -0.02872339
0.99094534 -0.02050643 -0.13269097 0.00265693 0.99106944 -0.13332045
0.01110619 0.99002117 -0.14048041 -0.99667799 0.02229592 0.07833227
0.97429198 -0.03285891 -0.22288011 0.02031369 0.99808961 -0.05834832
0.97245646 -0.02885471 -0.23129174 -0.02231693 0.97622257 -0.21561883
0.96905506 -0.03257616 -0.24468566 -0.02217734 0.97575521 -0.21773824
0.95436430 -0.03223822 -0.29689994 -0.05347166 0.95964557 -0.27608192
-0.10985100 0.91790682 -0.38128707 -0.93887585 0.03009176 0.34293821
0.93716526 -0.00657923 -0.34882382 -0.10443636 0.94868582 -0.29847661
-0.13174358 0.84597671 -0.51668864 -0.96381521 0.01253644 0.26627642
-0.08657886 0.92013919 -0.38190055 -0.98085570 -0.01161121 0.19438946
0.85954469 -0.03857367 -0.50960290 -0.10104701 0.96463495 -0.24345219
0.93055165 -0.00627672 -0.36610684 -0.02248700 0.99698621 -0.07424914
-0.01480044 0.96702582 -0.25424799 -0.98633111 0.02761378 0.16244523
0.91409922 0.01612686 -0.40516993 0.02902241 0.99404418 0.10504277
-0.00791880 0.97718889 -0.21222450 -0.99321765 0.01693345 0.11503044
0.98614556 -0.01799250 -0.16490375 -0.00762843 0.98812962 -0.15343292
0.01116762 0.99666172 -0.08087478 -0.99872977 0.01509180 0.04807413
0.89427423 -0.08259146 -0.43983209 0.04943836 0.99503928 -0.08632912
0.01035684 0.98839265 -0.15156749 -0.99533415 0.02473151 0.09326489
0.99387038 -0.02205623 -0.10832950 0.01632261 0.99843276 -0.05353206
0.99710566 -0.02418580 -0.07207898 0.02707062 0.99886000 0.03931848
0.00502542 0.96770686 0.25202826 -0.99962866 0.01161161 -0.02465230
