0.01333494 -0.90695935 0.42100707 -0.99823928 0.01226244 0.05803465
-0.00723559 -0.99686289 0.07881667 -0.99953324 0.00954938 0.02901940
-0.98974931 0.02245711 -0.14103913 0.02788457 0.99893999 -0.03662414
-0.99824274 0.00998183 0.05841099 0.01121332 0.99972093 0.02079360
0.01902642 -0.98521984 -0.17023483 -0.99981844 -0.01892333 -0.00222823
0.02036099 -0.95529896 -0.29493982 -0.99978828 -0.01857491 -0.00885635
0.01821946 -0.95551884 -0.29436702 -0.99836498 -0.00143240 -0.05714290
-0.00294705 -0.99859196 -0.05296656 -0.99996984 0.00332365 -0.00702348
0.00503008 -0.89999068 -0.43588015 -0.99996984 -0.00194703 -0.00751956
0.01161204 -0.85723644 -0.51479208 -0.99993217 -0.00946389 -0.00679588
0.01796512 -0.75863332 -0.65127009 -0.99959636 -0.02796637 0.00500307
-0.00833333 -0.96025234 -0.27900892 -0.99955046 0.01603545 -0.02533430
-0.01990343 -0.96050572 -0.27754769 -0.99940687 0.02691687 -0.02148164
-0.04747344 -0.98701268 -0.15346757 -0.99803239 0.05317045 -0.03323096
-0.04827588 -0.97521758 -0.21591699 -0.99661231 0.06143962 -0.05467223
-0.01244240 -0.85984433 -0.51040477 -0.99548322 0.05869805 -0.07461722
-0.00136364 -0.80420786 -0.59434664 -0.99729306 0.04478806 -0.05831438
-0.00067882 -0.82601130 -0.56365323 -0.99948955 0.01856407 -0.02600121
0.01382113 -0.73116350 -0.68206233 -0.99015111 0.08503443 -0.11122016
-0.03198760 -0.87285918 -0.48692274 -0.98134267 0.11983677 -0.15035203
0.00900190 -0.79305387 -0.60908508 -0.95126987 0.18096080 -0.24967758
-0.02809594 -0.86129296 -0.50733131 -0.94270074 0.19162814 -0.27311915
-0.96059507 0.16015813 -0.22717081 0.08999310 0.95248783 0.29097813
-0.08679102 -0.99289984 -0.08134634 -0.99422532 0.09150051 -0.05606887
-0.08345974 -0.99309868 -0.08239888 -0.99636734 0.08175700 0.02383257
-0.13668436 -0.90240335 -0.40863875 -0.98097771 0.06590217 0.18259156
-0.99191731 0.11810880 0.04637196 0.11600629 0.99219722 -0.04568664
-0.04547986 -0.93827844 0.34287786 -0.95880240 0.13734518 0.24866529
-0.07628737 -0.97790694 0.19462356 -0.98878652 0.09932929 0.11151213
-0.97212070 0.10914592 0.20752969 0.06286298 0.97397250 -0.21777475
-0.79308558 0.18940088 0.57891506 -0.11641067 0.88577801 -0.44927275
-0.79217619 0.18441032 0.58176428 -0.03675734 0.93710744 -0.34710029
-0.77856529 0.18561387 0.59948617 -0.00594527 0.95303518 -0.30280152
-0.50936186 0.26192409 0.81972337 0.03869243 0.95856208 -0.28224409
-0.90204871 0.14828640 0.40536320 0.06950534 0.97678179 -0.20264849
-0.98029137 0.11374505 0.16152661 0.11119881 0.99349004 -0.02474736
-0.95361775 0.13027442 0.27137032 0.09228943 0.98461711 -0.14836395
-0.99205321 0.12507047 0.01370291 0.12482312 0.99202245 -0.01762563
-0.81532776 0.17360072 0.55236179 -0.11290681 0.88800877 -0.44574952
0.01173810 -0.85247171 0.52264160 -0.91819865 0.19777742 0.34321332
0.01093890 -0.84893894 0.52837783 -0.92344779 0.19411658 0.33100298
0.06537670 -0.71170986 0.69942480 -0.95692140 0.15399429 0.24614461
0.07810967 -0.67179447 0.73660779 -0.94053757 0.19535157 0.27789715
-0.04877990 -0.80411643 0.59246713 -0.99736995 0.07105106 0.01431593
-0.05205244 -0.81764215 0.57336885 -0.99501282 0.09138265 0.03998379
-0.05664476 -0.85015351 0.52347922 -0.99447429 0.09446252 0.04580103
-0.05882453 -0.85990483 0.50705367 -0.99378145 0.09854770 0.05183459
-0.05803780 -0.87335014 0.48362300 -0.99700075 0.02586255 -0.07294249
-0.05964833 -0.89055067 0.45095634 -0.99821329 0.05162472 -0.03008569
-0.05949071 -0.90250742 0.42654568 -0.99819082 0.05751482 -0.01752575
-0.05773694 -0.90380204 0.42403832 -0.99829155 0.05608593 -0.01638466
-0.05385345 -0.97426963 0.21885732 -0.99854571 0.05309938 -0.00933034
-0.03974396 -0.97501409 0.21855889 -0.99920869 0.03912271 -0.00717114
-0.02796263 -0.97449565 0.22265749 -0.99950278 0.02400973 -0.02044101
-0.02092355 -0.94938785 0.31340861 -0.99917257 0.00892085 -0.03968265
-0.00612482 -0.95942974 0.28188139 -0.99898684 -0.00669747 -0.04450228
0.00326540 -0.97682846 -0.21399888 -0.99985629 -0.00674967 0.01555306
0.00842003 -0.99251395 -0.12184083 -0.99874556 -0.01436176 0.04797056
0.00542723 -0.99284214 -0.11931049 -0.99755818 -0.01368320 0.06848755
0.00843852 -0.99959403 -0.02721417 -0.99985647 -0.00803458 -0.01491822
0.01210029 -0.99339956 -0.11406523 -0.99896818 -0.01700358 0.04211227
-0.99057436 0.02240989 0.13513051 0.03644868 0.99408263 0.10232954
0.00821576 -0.99988240 0.01295165 -0.99992770 -0.00810092 0.00889412
0.00821737 -0.99856538 -0.05291260 -0.99965250 -0.00952871 0.02457876
0.00766893 -0.99989390 -0.01238879 -0.99991500 -0.00779864 0.01045590
0.00790297 -0.99969381 0.02344700 -0.99987036 -0.00822898 -0.01384033
-0.99650711 0.07874851 -0.02779030 0.07856585 0.99687994 0.00760632
-0.01430011 -0.99310994 -0.11631088 -0.99950075 0.01747509 -0.02632357
-0.00283100 -0.99095231 -0.13418500 -0.99974334 0.00582112 -0.02189654
-0.04375504 -0.98790294 -0.14877275 -0.99682307 0.05309132 -0.05937265
-0.99066526 0.11483734 -0.07344919 0.10956792 0.99135697 0.07215440
-0.98543936 0.11860105 -0.12183242 0.10033607 0.98411661 0.14644836
-0.05141580 -0.94312596 -0.32843548 -0.98021388 0.11060396 -0.16415705
-0.03271397 -0.91595417 -0.39994720 -0.96088558 0.13892937 -0.23957798
-0.93116492 0.16271602 -0.32627514 0.02823475 0.92438370 0.38041764
-0.98715556 0.13398404 -0.08701849 0.13655268 0.99033618 -0.02424173
-0.93466425 0.15799022 -0.31849948 0.09101967 0.97231728 0.21520841
-0.95755160 0.14182211 -0.25096107 0.06224792 0.95179152 0.30036333
-0.88813508 0.17142211 -0.42641589 0.01346806 0.93714261 0.34868658
-0.83811444 0.18005706 -0.51492107 -0.00236607 0.94274402 0.33350894
-0.89110214 0.14881566 -0.42870843 0.05871360 0.97456938 0.21625744
-0.96147782 0.14014229 -0.23647541 0.12424096 0.98894614 0.08093119
-0.03699818 -0.93588305 -0.35036275 -0.95540786 0.13591106 -0.26215261
-0.98056793 0.11420884 -0.15950850 0.12096312 0.99209952 -0.03326472
-0.98778915 0.11706762 -0.10279942 0.11619090 0.99312115 0.01449635
-0.98974317 0.11705617 -0.08189231 0.11802807 0.99298483 -0.00711284
-0.99159944 0.11698242 -0.05518901 0.11735888 0.99308300 -0.00361911
-0.97837442 0.11713175 -0.17048058 0.08388015 0.97807342 0.19062151
-0.98246706 0.11765064 -0.14462656 0.11454188 0.99297541 0.02966649
-0.97692233 0.11754146 -0.17834468 0.08697338 0.98151678 0.17047146
-0.04172689 -0.97095948 -0.23557700 -0.98944402 0.07290743 -0.12524030
-0.98497593 0.12040365 -0.12379589 0.10249766 0.98453945 0.14204365
-0.99171853 0.11697119 -0.05303002 0.11716115 0.99311280 -0.00047681
-0.03943212 -0.97949773 -0.19755836 -0.99555784 0.05542896 -0.07610705
-0.99372864 0.10512157 -0.03811648 0.10576183 0.99427557 -0.01518407
0.00583659 -0.99801826 -0.06265425 -0.99993265 -0.00645354 0.00964905
-0.00672940 -0.98991150 -0.14152735 -0.99974304 0.00972379 -0.02047680
0.00338900 -0.95867878 0.28447059 -0.99888659 -0.01663112 -0.04414754
-0.01114587 -0.89796782 0.43992016 -0.99081212 -0.04938418 -0.12590665
0.00842663 -0.95700759 0.28994063 -0.98833567 -0.05206177 -0.14311607
-0.03597092 -0.82999605 0.55660826 -0.98280656 -0.07155232 -0.17021054
0.01135625 -0.98704231 0.16005781 -0.99712980 -0.02316104 -0.07208189
-0.02770145 -0.98256296 0.18385495 -0.99952847 0.02478861 -0.01812310
-0.06001906 -0.87771732 0.47540519 -0.99545187 0.08792810 0.03666333
-0.06573153 -0.90922600 0.41108084 -0.99694175 0.07729166 0.01154292
-0.06727417 -0.91163331 0.40546143 -0.99773127 0.06042951 -0.02967479
-0.07163043 -0.98367542 0.16508107 -0.99742883 0.07100593 -0.00968902
-0.06792299 -0.98503923 0.15838027 -0.99768877 0.06736411 -0.00890087
-0.07920142 -0.98058426 0.17939252 -0.98647434 0.10300430 0.12750931
-0.98448533 0.10960370 -0.13702463 0.12476317 0.98635429 -0.10742170
-0.99157339 0.11678795 0.05606025 0.11535415 0.99292475 -0.02817565
-0.09225236 -0.97707152 0.19188744 -0.99567574 0.08840305 -0.02854453
-0.09223071 -0.98344046 0.15600768 -0.99402231 0.08174217 -0.07237346
-0.07049577 -0.96632290 0.24748810 -0.97429430 0.11992028 0.19070852
-0.91438115 0.08378859 -0.39608911 0.11280711 0.99233282 -0.05050011
-0.95337576 0.09996518 -0.28474838 0.12533997 0.98947710 -0.07228424
-0.15773687 -0.93249929 0.32490644 -0.96303982 0.07251645 -0.25941420
-0.17565016 -0.90043867 0.39794132 -0.95778120 0.06285208 -0.28054383
-0.16622090 -0.91680443 0.36309808 -0.96961635 0.08493793 -0.22941187
-0.86410815 -0.01905130 -0.50294554 0.14133316 0.94989091 -0.27880514
-0.30887270 -0.67653877 0.66850066 -0.89326370 -0.03502376 -0.44816667
-0.26486066 -0.75458872 0.60037059 -0.89925939 -0.03147717 -0.43628183
-0.24118514 -0.80182570 0.54672235 -0.91348374 -0.00264940 -0.40686667
-0.15776269 -0.63074899 0.75978065 -0.97494042 -0.02272277 -0.22130279
-0.11657685 -0.76094288 0.63826001 -0.97828108 -0.02292398 -0.20601131
-0.09436239 -0.97434634 0.20431587 -0.99451607 0.08296245 -0.06367958
-0.98969984 0.10669257 -0.09545153 0.11189216 0.99241722 -0.05087505
-0.00254744 -0.97580326 -0.21863569 -0.99829113 0.01524590 -0.05641308
0.00002828 -0.96486336 -0.26275221 -0.99993360 0.00300066 -0.01112647
0.07390944 -0.75171542 -0.65533298 -0.99328542 -0.11413616 0.01889839
0.07182080 -0.58567995 -0.80735421 -0.99336654 -0.11488119 -0.00502973
0.02637448 -0.80944771 -0.58659941 -0.99127895 -0.09696861 0.08923731
-0.00130757 -0.68623781 -0.72737604 -0.92036533 -0.28362045 0.26923421
0.09115081 -0.80595493 -0.58491719 -0.95057482 -0.24548426 0.19011851
0.18588959 -0.72582060 -0.66229111 -0.93318087 -0.34142676 0.11225572
0.11993196 -0.62135029 -0.77429974 -0.96082652 -0.26893333 0.06698694
0.05983635 -0.39589778 -0.91634309 -0.96665275 -0.25197279 0.04574106
0.02717675 -0.24060154 -0.97024345 -0.98744696 -0.15753853 0.01140787
0.02743486 -0.23467177 -0.97168744 -0.99276328 -0.12008389 0.00097148
0.98286527 0.18382815 0.01352854 0.03503886 -0.11427483 -0.99283111
0.08959267 -0.22501209 -0.97022820 -0.99534875 -0.05486466 -0.07918832
0.15358840 -0.04753685 -0.98699087 -0.98798841 0.00981406 -0.15421629
0.15662515 -0.05892365 -0.98589891 -0.98717189 0.02197928 -0.15814100
0.13794126 -0.26568601 -0.95414007 -0.98632109 0.05092172 -0.15677316
0.91245627 -0.15618333 0.37819356 0.32033944 -0.30237842 -0.89774716
0.88242388 -0.24505149 0.40159407 0.24146114 -0.49670804 -0.83365321
0.91195977 -0.17028029 0.37327483 0.34125283 -0.19025466 -0.92051601
0.07539585 -0.60874790 -0.78977305 -0.97536969 0.11962618 -0.18532036
0.05802298 -0.65905911 -0.74984962 -0.90294027 0.28574249 -0.32101434
0.86478609 -0.35624719 0.35388279 0.21382497 -0.37640262 -0.90144330
0.80111593 -0.45855576 0.38462952 0.25285184 -0.32317394 -0.91193449
0.76232469 -0.50961590 0.39893964 0.13691854 -0.47546992 -0.86901194
0.75248861 -0.51942331 0.40492007 0.15735114 -0.45522124 -0.87636423
0.84075850 -0.39511496 0.37014771 0.21804221 -0.37867352 -0.89947987
0.20043381 -0.46643341 -0.86154872 -0.93674707 0.16631363 -0.30796865
0.09391199 -0.72220314 -0.68527597 -0.98966730 0.00718869 -0.14320263
0.05521928 -0.82584828 -0.56118220 -0.98753035 0.03781457 -0.15281990
0.05125088 -0.84437454 -0.53329623 -0.99319398 0.01283079 -0.11576319
0.06310198 -0.78388667 -0.61768919 -0.98608285 0.04641771 -0.15964338
0.08221097 -0.65250570 -0.75331122 -0.97537369 0.10254706 -0.19526984
0.09645758 -0.57507610 -0.81239361 -0.97636181 0.10394583 -0.18950699
0.09019785 -0.60827607 -0.78858393 -0.97821885 0.09452867 -0.18480310
0.07167770 -0.67386442 -0.73537004 -0.97987741 0.09012339 -0.17809579
0.08231538 -0.66585732 -0.74152434 -0.97867042 0.08651804 -0.18633008
0.11613124 -0.60954499 -0.78419930 -0.96577084 0.11508197 -0.23247126
0.13220234 -0.64205086 -0.75517762 -0.98994964 -0.04692077 -0.13340990
0.13262691 -0.65162182 -0.74685955 -0.98649091 -0.01368106 -0.16324402
0.10957998 -0.77927434 -0.61702812 -0.95105326 0.09825466 -0.29299104
0.19644818 -0.47887340 -0.85562164 -0.97856504 -0.04075735 -0.20186459
0.98378891 0.08973537 0.15526423 0.15814748 -0.02592364 -0.98707515
0.19779761 0.14570442 -0.96935362 -0.97533387 -0.06959057 -0.20947811
0.18253411 0.27729058 -0.94328749 -0.96453094 -0.13556942 -0.22649714
0.19343814 0.32498896 -0.92572343 -0.97891164 0.00076777 -0.20428276
0.20115110 0.33171245 -0.92168599 -0.97655535 -0.00573567 -0.21519019
0.20086402 0.32569313 -0.92389268 -0.97680360 -0.00486427 -0.21408218
0.21304062 0.27720228 -0.93689519 -0.97697896 0.07144809 -0.20101567
0.19439727 0.33356804 -0.92246521 -0.97951961 0.11629575 -0.16436757
0.19525068 0.32681134 -0.92470080 -0.97898573 0.12152853 -0.16376184
0.96256506 -0.10153956 0.25131318 0.24286950 -0.08856420 -0.96600765
0.30378607 0.19677791 -0.93219769 -0.94398260 0.19452669 -0.26656392
0.25314566 -0.30581579 -0.91782022 -0.94328374 0.13260773 -0.30435342
0.22384442 -0.51503074 -0.82742798 -0.95714360 0.04390696 -0.28626624
0.22610618 -0.42482135 -0.87658596 -0.95797598 0.06609261 -0.27913046
0.19719720 -0.55259335 -0.80978632 -0.96939451 0.01330993 -0.24514721
0.79247451 -0.17754839 0.58349013 0.51968354 -0.30418414 -0.79837406
0.62512070 -0.48667377 0.61022359 0.62182522 -0.16201161 -0.76621521
0.57773399 -0.54320943 0.60921836 0.67017365 -0.11037171 -0.73395199
0.48693332 -0.66173530 0.57008988 0.55179572 -0.27289176 -0.78806829
0.55268133 -0.58382154 0.59472328 0.56767339 -0.25873742 -0.78153813
0.45338535 -0.68174446 0.57416564 0.50451434 -0.33475801 -0.79586583
0.42325532 -0.68184960 0.59660375 0.07964306 -0.62794542 -0.77417153
0.56405318 -0.60381699 0.56324869 0.09677847 -0.62907267 -0.77129859
0.58431083 -0.57298064 0.57469481 0.39212081 -0.42066801 -0.81809521
0.43082294 -0.67801470 0.59555668 0.42661276 -0.42852852 -0.79647022
0.34013045 -0.71014100 0.61645043 -0.01632008 -0.65989339 -0.75118202
0.32901347 -0.71275645 0.61945820 0.00027975 -0.65590614 -0.75484246
0.67665482 -0.55556482 0.48320398 0.11964094 -0.56457722 -0.81666315
0.66776168 -0.56363070 0.48622501 0.08610120 -0.59032995 -0.80255669
0.52956951 -0.61822033 0.58082682 0.51792866 -0.30662030 -0.79858249
0.58244592 -0.52381289 0.62159216 0.67829484 -0.10822275 -0.72677642
0.60067457 -0.49635062 0.62675852 0.60451585 -0.23106451 -0.76234496
0.57907826 -0.52097356 0.62710035 0.52631885 -0.34854016 -0.77556968
0.71352088 -0.26330000 0.64927739 0.66774946 -0.02501642 -0.74396563
0.70959687 -0.32533643 0.62500280 0.49744061 -0.39690745 -0.77137369
0.81658441 -0.19021325 0.54498518 0.30603158 -0.65786421 -0.68815655
0.79160947 -0.22347829 0.56869322 0.46694833 -0.37903535 -0.79893148
0.81676519 -0.19316575 0.54367429 0.29922700 -0.66385067 -0.68539453
0.28874797 -0.40860596 -0.86583239 -0.93383646 0.07922734 -0.34881595
0.73820519 -0.16780028 0.65337300 0.64186937 -0.12320960 -0.75685084
0.73752826 -0.16307744 0.65533030 0.64370519 -0.12365717 -0.75521690
0.71195674 -0.24389912 0.65850657 0.60552245 -0.26165506 -0.75158435
0.16190019 0.31080836 -0.93658239 -0.97576392 0.19201536 -0.10495222
0.16037269 0.31316456 -0.93606013 -0.97236705 0.21312442 -0.09529097
0.15647194 0.29719615 -0.94190818 -0.95388210 0.29282063 -0.06606867
0.20338216 0.54457825 -0.81367701 -0.96945572 0.22836058 -0.08948243
0.72000873 -0.22161427 0.65762800 0.63847637 -0.15975915 -0.75287783
0.92592138 -0.19543245 0.32322717 0.24544370 -0.33913696 -0.90815383
0.96412373 -0.04657258 0.26133588 0.26124859 -0.00805886 -0.96523792
0.96786982 -0.02584948 0.25011984 0.24956995 -0.02272203 -0.96809018
0.27331170 -0.27163053 -0.92277712 -0.95881838 0.00011411 -0.28402010
0.24898608 -0.50244778 -0.82798082 -0.95228350 0.02881515 -0.30385178
0.25188553 -0.20806207 -0.94512635 -0.96704704 -0.09151712 -0.23758085
0.23554055 -0.33814910 -0.91113991 -0.97069103 -0.12791307 -0.20346315
0.19399957 -0.32508516 -0.92557216 -0.97548032 -0.16388680 -0.14689898
0.21639395 -0.71272647 -0.66722918 -0.97241205 -0.21832180 -0.08216117
0.16420093 -0.86724758 -0.47002101 -0.97205192 -0.06120893 -0.22664636
0.18388838 -0.86501837 -0.46682793 -0.96866184 -0.07879978 -0.23555236
-0.89810383 -0.36939579 0.23865537 -0.22082308 0.84807491 0.48167020
0.21481735 -0.82345033 -0.52515054 -0.90338814 -0.37186515 0.21355605
0.95868897 0.24082203 0.15139443 0.16575080 -0.04039693 -0.98533994
0.97001487 0.19182326 0.14924830 0.13895433 0.06611738 -0.98808914
0.98322481 0.10995495 0.14552990 0.14338690 0.02719440 -0.98929304
0.17948352 0.24159047 -0.95363498 -0.97188264 -0.10663976 -0.20993368
0.18386839 0.22593565 -0.95663238 -0.97050607 -0.11264753 -0.21313985
0.97150034 0.18399359 0.14944369 0.12617186 0.13233291 -0.98314226
0.95428514 0.25667465 0.15316015 0.10169148 0.20304362 -0.97387481
0.91032684 0.38377717 0.15498453 0.16267678 0.01255569 -0.98659956
0.84914654 0.50417137 0.15735777 0.16693023 0.02647050 -0.98561329
0.85069948 0.49993765 0.16239683 0.14829972 0.06813060 -0.98659289
0.95892149 0.23997411 0.15126805 0.10885515 0.18113658 -0.97741503
0.83230734 0.53306264 0.15201572 0.18419959 -0.00731669 -0.98286164
0.75956470 0.63862216 0.12338287 0.17995517 -0.02404430 -0.98338091
0.84812695 0.50805229 0.15021189 0.26590842 -0.16298456 -0.95012045
0.91109329 0.38197842 0.15492435 0.16422768 0.00834774 -0.98638713
0.97299981 0.15753615 0.16868252 0.18635465 -0.10502338 -0.97685313
0.91127908 0.38938940 0.13396403 0.19153254 -0.11281025 -0.97498167
0.95398420 0.25739890 0.15381832 0.10605423 0.19018397 -0.97600335
0.15042168 0.41067845 -0.89928669 -0.98557055 0.13370718 -0.10379396
0.16300960 0.31586492 -0.93469638 -0.96778858 -0.13304295 -0.21374042
0.93378484 0.32885629 0.14106509 0.17060861 -0.06262881 -0.98334652
0.98278368 0.08784361 0.16254172 0.16457295 -0.01634920 -0.98622948
0.21898787 0.05927509 -0.97392547 -0.97535104 -0.01443076 -0.22018668
0.25685987 -0.53189099 -0.80691701 -0.94032103 0.05528550 -0.33576763
0.68541580 -0.32677060 0.65071207 0.61285537 -0.22369179 -0.75787222
0.65262884 -0.39676774 0.64548510 0.64584488 -0.15414882 -0.74774504
0.15160245 0.28619251 -0.94610286 -0.94793117 0.31331107 -0.05712001
0.24044113 0.04775323 -0.96948838 -0.96992028 0.05090416 -0.23804089
0.21477260 0.20379254 -0.95516562 -0.97666156 0.04703360 -0.20957103
0.17729980 0.31882936 -0.93108147 -0.98020601 0.14189513 -0.13806528
0.21996455 0.09517325 -0.97085410 -0.97306240 0.09183344 -0.21146236
0.20482826 0.24787617 -0.94689119 -0.97547483 -0.02795358 -0.21832898
0.20149875 0.35132256 -0.91431439 -0.97798586 0.02047084 -0.20766491
0.21727826 0.09940205 -0.97103530 -0.97565049 -0.00839503 -0.21917032
0.17054851 0.29964596 -0.93868285 -0.97231996 -0.10322960 -0.20961291
0.98350781 0.09298658 0.15513191 0.15060915 0.05387051 -0.98712456
0.18865474 -0.54944563 -0.81395268 -0.97380382 0.00247674 -0.22737630
-0.95828229 0.08291465 -0.27353293 0.01543564 0.97061527 0.24014118
0.00861671 -0.88503772 -0.46543956 -0.97144252 0.10296375 -0.21377093
0.04485551 -0.74317932 -0.66758704 -0.97718132 0.10624097 -0.18392818
0.09047780 -0.58028895 -0.80936927 -0.96966928 0.13395953 -0.20444164
0.09911727 -0.49261299 -0.86458564 -0.98166192 0.09377599 -0.16596961
0.14082515 -0.25235286 -0.95733291 -0.97317249 0.14242136 -0.18069743
0.10619998 -0.40726963 -0.90711254 -0.98644942 0.07158193 -0.14762674
0.14003746 -0.08238408 -0.98671293 -0.98978728 0.01518457 -0.14174159
0.08515012 -0.51499975 -0.85295063 -0.98862863 0.06282299 -0.13662654
0.07151107 -0.59456348 -0.80086231 -0.98954093 0.05855786 -0.13183226
0.08669449 -0.51917177 -0.85026157 -0.98608112 0.07682447 -0.14745216
0.07651796 -0.57067746 -0.81760156 -0.99476719 0.01198304 -0.10146264
0.15056072 0.13452198 -0.97940564 -0.98848563 0.00536322 -0.15121990
0.15142833 0.10211588 -0.98317945 -0.98826504 -0.00452768 -0.15268189
0.15111414 0.04852173 -0.98732477 -0.98835677 0.02536274 -0.15002564
0.15236206 0.12946896 -0.97980797 -0.98758239 0.05836202 -0.14585920
0.15735433 0.17117763 -0.97259337 -0.98429942 0.10693312 -0.14042784
0.87933880 -0.26658979 0.39457980 0.41601536 0.02686093 -0.90896082
0.89445502 -0.19953722 0.40016901 0.41872400 0.05972674 -0.90614736
0.05033131 -0.68150181 -0.73008358 -0.97787195 0.11499991 -0.17476115
0.80665165 -0.43766433 0.39719400 0.31834793 -0.24447328 -0.91590804
0.74356496 -0.53939658 0.39517412 0.43353266 -0.06104708 -0.89906770
0.81037903 -0.42719862 0.40098262 0.37059110 -0.15635943 -0.91554034
0.84710079 -0.33592483 0.41179466 0.43372691 -0.01074185 -0.90098041
0.84658444 -0.33516547 0.41347179 0.44372931 0.01543126 -0.89602804
0.87933236 -0.21078295 0.42701882 0.44718805 0.05725063 -0.89260584
0.87708402 -0.22320238 0.42532849 0.44156080 0.02611788 -0.89685112
0.85672438 -0.31006253 0.41217059 0.42124939 -0.04047242 -0.90604138
0.78413898 -0.47852063 0.39515066 0.31639296 -0.23951010 -0.91789454
0.83504939 -0.38319522 0.39478350 0.39144915 -0.09040527 -0.91574806
0.08607180 -0.57000643 -0.81711954 -0.97011983 0.13879324 -0.19900759
0.10204294 -0.47990823 -0.87136412 -0.99070936 0.03013403 -0.13261560
0.09995200 -0.29497594 -0.95026249 -0.99485087 -0.01352782 -0.10044271
0.08491652 -0.09698313 -0.99165696 -0.99596435 -0.03728603 -0.08163884
0.88023394 -0.27797157 0.38460383 0.33749467 -0.20304671 -0.91916776
0.10649073 0.15238577 -0.98256719 -0.98654646 0.13946794 -0.08529201
0.15865424 0.05549469 -0.98577338 -0.98596090 0.06154627 -0.15521964
0.14989495 0.21214162 -0.96567464 -0.98786998 -0.00792472 -0.15508111
0.99448031 0.10305756 0.01970191 0.01158894 0.07873702 -0.99682808
0.99556500 0.09170429 0.02099172 0.01470458 0.06870428 -0.99752873
0.97146899 0.23672545 0.01446025 0.03833733 -0.09657411 -0.99458718
0.95171571 0.29607794 0.08108715 0.06381361 0.06756263 -0.99567223
0.97204936 0.23426938 0.01542430 0.03710252 -0.08841207 -0.99539280
0.94588631 0.31951353 -0.05665832 0.01680792 -0.22260967 -0.97476274
0.91636938 0.39266646 -0.07797618 0.01926460 -0.23780458 -0.97112197
0.02431431 -0.34372085 -0.93875706 -0.95631266 -0.28164980 0.07835554
0.09789319 -0.51716900 -0.85026652 -0.92945284 -0.35289147 0.10763381
0.12201025 -0.72334588 -0.67962074 -0.98329771 -0.18126437 0.01639803
0.08925686 -0.61316836 -0.78489357 -0.99245882 -0.12122665 -0.01815713
0.07449976 -0.49251252 -0.86711085 -0.88449550 -0.43422249 0.17064174
-0.11314840 -0.93982649 -0.32237196 -0.96059525 0.02056968 0.27718875
-0.98191220 0.09683421 0.16270082 0.09877060 0.99510288 0.00383558
-0.05460474 -0.98224443 -0.17948312 -0.99832350 0.05024918 0.02872820
-0.98463625 0.09813292 0.14443482 0.10108548 0.99478984 0.01322958
-0.09398525 -0.99349755 0.06426094 -0.99556524 0.09352371 -0.01015971
-0.10270581 -0.98694474 0.12406309 -0.99050486 0.09001421 -0.10391142
-0.09598725 -0.99179274 0.08446112 -0.99436182 0.09170109 -0.05325034
-0.09216250 -0.99132419 -0.09371456 -0.99406606 0.08613740 0.06643075
-0.98084915 0.09350779 0.17085443 0.11047322 0.98955292 0.09263239
-0.98704404 0.09854352 0.12662230 0.10877174 0.99111390 0.07656351
-0.04904329 -0.98667854 -0.15511358 -0.99869901 0.04627123 0.02143368
-0.04807475 -0.98785841 -0.14773148 -0.99881822 0.04648693 0.01418402
0.04429247 -0.77954847 -0.62477392 -0.99359578 0.03069865 -0.10874315
0.04928058 -0.74658191 -0.66346580 -0.99178630 0.04192188 -0.12084108
0.00786413 -0.83997774 -0.54256392 -0.97353989 0.11748812 -0.19600169
-0.02241442 -0.89578515 -0.44392189 -0.97484756 0.11806927 -0.18902889
-0.05058252 -0.93927181 -0.33942595 -0.96095645 0.13834617 -0.23963124
-0.09366447 -0.99225426 0.08159942 -0.99543136 0.09485885 0.01087688
-0.09122079 -0.96988714 0.22582686 -0.99581999 0.08989566 -0.01616655
-0.09532487 -0.94861293 0.30173948 -0.99521172 0.08423959 -0.04957142
-0.09833903 -0.95232558 0.28880006 -0.99398732 0.07995443 -0.07480983
-0.95811468 0.13135161 -0.25448588 0.13102913 0.99120969 0.01829590
-0.83435869 0.15872736 -0.52787429 0.09225184 0.98434657 0.15017143
-0.94821149 0.16153696 -0.27349737 0.06827641 0.94455588 0.32117382
-0.90889943 0.19055808 -0.37093067 0.08318444 0.95446038 0.28650600
-0.90467143 0.18966842 -0.38156992 0.05457298 0.93967122 0.33769780
-0.94841146 0.14727484 -0.28075939 0.12080144 0.98662204 0.10947132
-0.96967161 0.14034344 -0.20010193 0.10865827 0.98088759 0.16140930
-0.11814842 -0.97997510 0.16028066 -0.98868817 0.10107475 -0.11081329
-0.10309204 -0.97873843 0.17732215 -0.99465996 0.10056869 -0.02318429
-0.09673287 -0.97005463 0.22279319 -0.99316120 0.10877686 0.04240775
-0.13585606 -0.96360826 0.23022231 -0.95840055 0.06894808 -0.27697399
-0.09377578 -0.97657490 0.19366887 -0.98301697 0.12164398 0.13740602
-0.09294596 -0.97434616 0.20496507 -0.98273450 0.12284976 0.13835035
-0.88936985 0.23516630 0.39206907 0.07470052 0.92078733 -0.38284528
-0.71984184 0.33224827 0.60945785 0.02190243 0.88844115 -0.45846778
-0.73450869 0.32547864 0.59544992 -0.01786613 0.86788982 -0.49643540
0.11061277 -0.79304928 0.59903055 -0.86323613 0.22203441 0.45334777
0.09851071 -0.80697125 0.58231699 -0.86328208 0.22178093 0.45338425
0.08125603 -0.79947573 0.59517729 -0.92164785 0.16705543 0.35022536
-0.01430417 -0.66353124 0.74801189 -0.97001958 0.19071761 0.15062830
-0.07933675 -0.71539849 0.69419789 -0.99648714 0.07564967 -0.03592402
-0.07691598 -0.61597198 0.78400415 -0.98948830 0.14374098 0.01585829
-0.07474417 -0.60988009 0.78896111 -0.98781419 0.15359317 0.02514706
-0.07640643 -0.56451696 0.82187754 -0.99612957 0.00729686 -0.08759397
-0.10172015 -0.98573804 0.13406554 -0.99439347 0.09683593 -0.04247926
-0.85824811 0.20550092 -0.47029737 0.07568243 0.95699602 0.28005522
-0.87655419 0.19862720 -0.43840611 0.07642395 0.95675647 0.28067151
-0.86358923 0.20149411 -0.46218371 0.13558735 0.97571611 0.17202958
-0.73548532 0.50193453 -0.45510790 0.08330250 0.73359919 0.67445749
0.83485001 -0.40389919 0.37402004 0.02177849 -0.65468025 -0.75559211
-0.76091552 0.48405153 -0.43209001 0.11015540 0.75263470 0.64915860
-0.09420571 -0.97197598 0.21537870 -0.99356341 0.10546070 0.04135005
-0.94852185 0.16120900 -0.27261335 0.06749666 0.94388103 0.32331532
-0.07929984 -0.99519670 -0.05740288 -0.99561059 0.08194134 -0.04522403
-0.08719678 -0.99336165 0.07502895 -0.99466461 0.08264807 -0.06173798
-0.10582522 -0.88351673 0.45628864 -0.99361849 0.07594294 -0.08339682
-0.11697353 -0.81751847 0.56389779 -0.98780793 0.03704182 -0.15120646
-0.10654851 -0.77799219 0.61917329 -0.99153674 0.12959264 -0.00779216
-0.73324513 0.03678383 -0.67896879 0.19943814 0.96625286 -0.16303335
-0.85524088 0.08701984 -0.51087242 0.09466823 0.99544722 0.01107816
-0.17915070 -0.95049280 0.25390655 -0.94341731 0.09277140 -0.31836665
-0.98951268 0.11293638 -0.09005649 0.11098354 0.99347103 0.02642135
-0.09205592 -0.98855913 0.11948469 -0.99482661 0.08612848 -0.05386959
-0.08956474 -0.99557555 -0.02841711 -0.99595714 0.08972371 -0.00436647
-0.96299738 0.15648463 -0.21942814 0.12097267 0.97852087 0.16692086
-0.99031222 0.11442080 -0.07867440 0.11324300 0.99338013 0.01928730
-0.96103573 0.16030905 -0.22519189 0.12208050 0.97705162 0.17454664
-0.05254133 -0.97383350 -0.22110583 -0.99645197 0.06570383 -0.05259773
-0.05773352 -0.98553282 0.15934837 -0.99826765 0.05517693 -0.02042587
-0.00673833 -0.99948913 -0.03124227 -0.99985713 0.00721865 -0.01528685
-0.99780792 0.03468102 -0.05636179 0.03324146 0.99910176 0.02628153
0.01684582 -0.98573428 0.16746406 -0.99644250 -0.03038338 -0.07860819
0.00002617 -0.90105665 0.43370149 -0.98294300 -0.07978548 -0.16570272
