0.20655599 0.59884542 -0.77376926 -0.65858161 -0.49976289 -0.56258988
0.10512720 0.67182535 -0.73321140 -0.51030833 -0.59637600 -0.61961365
0.19033086 -0.84118241 0.50614852 0.45862386 0.53204185 0.71175539
0.08973305 0.68778425 -0.72034770 -0.53748018 -0.57546532 -0.61640477
0.04763003 0.70353198 -0.70906568 -0.26447752 -0.67565298 -0.68814582
0.13818350 0.67347622 -0.72617841 -0.26766887 -0.68053228 -0.68207711
0.14030975 0.68145752 -0.71828192 -0.26374131 -0.67352283 -0.69051260
0.36609575 0.50803304 -0.77966422 -0.55598634 -0.55243987 -0.62103909
0.16396169 0.64018190 -0.75052226 -0.48731890 -0.60893631 -0.62587297
0.15696427 0.64201319 -0.75045413 -0.49472582 -0.60654438 -0.62237477
0.36607465 0.46379760 -0.80677205 -0.32609233 -0.74804807 -0.57800347
0.41505289 0.40700242 -0.81368309 -0.39588314 -0.72445428 -0.56430709
0.44347218 0.38584888 -0.80898279 -0.51886421 -0.62545002 -0.58274543
0.42998701 0.39697599 -0.81087685 -0.58550280 -0.56105745 -0.58515042
0.30541620 0.51354891 -0.80186564 -0.76721185 -0.36607265 -0.52666575
0.58536285 0.23228174 -0.77678537 -0.41992152 -0.73270786 -0.53554189
0.61309040 0.18963426 -0.76691526 -0.43535355 -0.72896218 -0.52828163
0.67506158 0.06739626 -0.73467660 -0.55334342 -0.61238468 -0.56462026
0.64483857 0.12493806 -0.75403827 -0.71931589 -0.23432377 -0.65397024
0.65700853 0.09433614 -0.74795759 -0.56512505 -0.59503829 -0.57145697
0.58269697 0.23789048 -0.77709228 -0.38960522 -0.75738478 -0.52400011
0.50093520 0.31294462 -0.80692607 -0.61639619 -0.52548313 -0.58644980
0.50013101 0.31238157 -0.80764276 -0.76364607 -0.28066182 -0.58144099
0.44242239 0.37710181 -0.81366867 -0.34101617 -0.76839930 -0.54154462
0.22042212 0.61183339 -0.75965393 -0.69823104 -0.44484356 -0.56088126
0.21426141 0.61027205 -0.76266640 -0.84330487 -0.27841458 -0.45969811
0.17502579 0.70162964 -0.69071108 -0.91558141 -0.14198175 -0.37623394
0.20493118 0.63557160 -0.74434668 -0.95594829 -0.03331859 -0.29163823
0.16871689 0.70259696 -0.69129747 -0.94613123 -0.08119836 -0.31343675
0.14320719 0.77089936 -0.62064946 -0.94495177 -0.07991753 -0.31730032
0.24951403 0.56656790 -0.78533024 -0.91954297 -0.11564699 -0.37558818
0.20288371 0.62690139 -0.75221860 -0.88073933 -0.21889855 -0.41997826
0.27903077 0.45971513 -0.84309185 -0.92252320 -0.11544774 -0.36827004
0.32171625 0.35242131 -0.87880486 -0.90623695 -0.15426214 -0.39362144
0.44795454 0.27817541 -0.84967941 -0.67930263 -0.51199007 -0.52575094
0.55738002 0.09505042 -0.82479864 -0.75210023 -0.36298057 -0.55008221
0.55059880 0.12364949 -0.82556152 -0.82123154 -0.09715673 -0.56226271
0.28763893 0.28702232 -0.91371882 -0.94827652 -0.04842767 -0.31373003
0.31634468 0.18768196 -0.92989331 -0.94800305 0.02650606 -0.31715572
0.27611762 0.44305247 -0.85291475 -0.94763935 -0.02263203 -0.31853962
0.25759909 0.45946503 -0.85002041 -0.95350558 -0.02154212 -0.30060455
0.18435219 0.48433456 -0.85523939 -0.98217434 0.05827842 -0.17870991
0.16278422 0.55641919 -0.81480002 -0.98512828 0.04563417 -0.16565000
0.18930779 0.55917108 -0.80714947 -0.98005253 0.05695622 -0.19040251
0.18233734 0.59362108 -0.78381580 -0.98011994 0.04631890 -0.19292361
0.14912698 0.68307149 -0.71496475 -0.98657072 0.05406158 -0.15412842
0.15722555 0.64639342 -0.74662954 -0.98635298 0.06537347 -0.15110967
0.11468948 0.64025789 -0.75955003 -0.98687255 0.16094914 -0.01334336
0.12367616 0.71046531 -0.69277936 -0.98835492 0.15056232 -0.02203677
0.02510113 0.60259658 -0.79765117 -0.94325018 0.27857161 0.18076782
0.02602760 0.63730371 -0.77017307 -0.94764435 0.26101521 0.18396002
0.02439102 0.54930288 -0.83526731 -0.96664268 0.22604947 0.12043118
-0.00866297 0.48285115 -0.87565958 -0.97398233 0.19424088 0.11674288
-0.02337157 0.47537723 -0.87947160 -0.97295481 0.19140621 0.12931587
-0.04127038 0.42353103 -0.90494102 -0.97869074 0.16520320 0.12195228
0.53373283 -0.32565111 0.78043622 0.80335760 -0.09295756 -0.58819687
0.00246853 0.30367410 -0.95277280 -0.98797786 0.14801730 0.04461731
0.09872585 0.28116399 -0.95456803 -0.99504393 0.03933252 -0.09132682
0.08835536 0.43419668 -0.89647454 -0.99533099 0.07358920 -0.06245648
0.18286656 0.29137492 -0.93896776 -0.98286676 0.07660366 -0.16764480
0.18787716 0.22626787 -0.95577461 -0.98185748 0.06868295 -0.17674446
0.03283015 0.37875971 -0.92491257 -0.99152750 0.12871122 0.01751368
0.01735929 0.51430631 -0.85743088 -0.98441094 0.15890849 0.07538681
0.10291953 0.53073186 -0.84126770 -0.99094081 0.12806731 -0.04043632
-0.24246822 0.62723279 -0.74012715 -0.87636417 0.18565020 0.44443214
0.27795938 -0.58931345 0.75858313 0.85144699 -0.21445543 -0.47858843
-0.29199499 0.61416346 -0.73317271 -0.87822229 0.13141216 0.45984393
0.31331533 -0.60865647 0.72895193 0.58548987 -0.48054749 -0.65289801
0.19823313 -0.67036903 0.71505880 0.40950087 -0.60617083 -0.68181080
0.21422870 -0.64802444 0.73086971 0.14697190 -0.71833783 -0.67999274
0.29879528 -0.61236489 0.73193622 0.37731886 -0.62867200 -0.68000150
0.40735543 -0.55198336 0.72758228 0.31605572 -0.66224551 -0.67936713
0.38450208 -0.56359822 0.73110557 0.36027679 -0.63756388 -0.68096471
0.54297847 -0.44843438 0.70998663 0.24692012 -0.72284168 -0.64539164
0.59103680 -0.41975790 0.68882430 0.25888661 -0.71005386 -0.65482920
0.60335827 -0.40794107 0.68523198 0.28438058 -0.69270253 -0.66279030
0.60261285 -0.40777147 0.68598849 0.29672721 -0.68347776 -0.66694170
0.44319788 -0.53923625 0.71610057 0.56864822 -0.44842058 -0.68960738
0.54900420 -0.46528938 0.69433445 0.62860161 -0.31765527 -0.70989799
0.56728411 -0.43750000 0.69769800 0.70913768 -0.17123531 -0.68396074
-0.10689592 0.49675155 -0.86128455 -0.98135436 0.08645932 0.17166404
0.69052434 -0.22087063 0.68876141 0.68586510 -0.10246542 -0.72047895
0.69521314 -0.26838583 0.66681916 0.67943347 -0.05744387 -0.73148507
0.71486586 -0.26233694 0.64818686 0.66074705 -0.04997273 -0.74894333
0.68845582 0.02943210 -0.72468096 -0.72499317 0.05594327 -0.68648034
0.69646823 -0.04599204 -0.71611232 -0.71348584 0.06216646 -0.69790643
0.68720645 -0.16920125 -0.70648301 -0.72174966 -0.04842876 -0.69045788
0.69866711 -0.31352976 -0.64308906 -0.71110147 -0.20539750 -0.67241853
0.71446711 -0.39843234 -0.57514215 -0.69950253 -0.42469653 -0.57474267
0.75735474 -0.26857954 -0.59521317 -0.62443382 -0.56453496 -0.53979886
0.58309615 0.05335543 -0.81064922 -0.69030702 -0.49357218 -0.52902061
0.56266582 -0.77798396 -0.27954996 -0.79324949 -0.41290441 -0.44751000
0.63663524 -0.44625580 -0.62892872 -0.76911837 -0.30804899 -0.55996674
0.47113031 -0.72884333 -0.49681345 -0.81005955 -0.13462467 -0.57068366
0.47472754 -0.67412758 -0.56584966 -0.77540100 -0.01617622 -0.63126200
0.73172426 -0.24237883 0.63704956 0.26547551 -0.75948441 -0.59389079
0.73718369 -0.18651183 0.64944106 0.47353402 -0.54302579 -0.69346130
0.76792461 -0.25318670 0.58837771 0.26928174 -0.70584369 -0.65518862
0.77468359 -0.08852452 0.62612200 0.48232302 -0.55760723 -0.67560256
0.80249327 -0.08086266 0.59115636 0.54778326 -0.29288733 -0.78367758
0.69373477 -0.29219282 0.65829742 0.54534459 -0.38393244 -0.74511421
0.62437773 -0.37483197 0.68531275 0.49262747 -0.49190861 -0.71787477
0.65932459 -0.35929385 0.66045368 0.23251542 -0.73792905 -0.63355923
0.43130025 -0.53550148 0.72609800 0.48413095 -0.54174787 -0.68711466
0.47661278 -0.50384223 0.72040492 0.57849121 -0.43729630 -0.68856364
-0.20140974 0.37387487 -0.90534616 -0.94937146 0.15299338 0.27438456
0.08795825 -0.74592483 0.66019660 0.63755637 -0.46707553 -0.61266822
0.20404881 0.60119939 -0.77260816 -0.95494115 -0.05151553 -0.29229015
0.23098777 0.53520250 -0.81252879 -0.95713049 -0.02501809 -0.28857461
0.12728591 0.57660806 -0.80704492 -0.98989528 0.12511602 -0.06673338
0.09883601 0.43426093 -0.89534849 -0.99435681 0.07795431 -0.07195607
0.18839094 0.27826923 -0.94184667 -0.97703731 -0.04409084 -0.20845656
0.70674819 -0.14928716 -0.69153476 -0.69290149 0.05124956 -0.71920866
0.59325606 0.03096546 -0.80441809 -0.69197071 -0.49101388 -0.52922767
0.44880790 0.28511548 -0.84692425 -0.82665515 -0.22752009 -0.51466095
0.32127556 0.48284063 -0.81464535 -0.76703328 -0.37182736 -0.52288085
0.29749769 0.34596282 -0.88983423 -0.91957110 -0.14674433 -0.36449301
0.25846678 0.49097666 -0.83194768 -0.94982469 -0.02787399 -0.31153840
0.21834560 0.58868188 -0.77831799 -0.95528221 -0.03403246 -0.29373077
0.14789376 0.71555996 -0.68271619 -0.98202074 0.02436465 -0.18719402
0.23545305 0.56421095 -0.79134560 -0.86278242 -0.25348568 -0.43743742
0.03155547 -0.74924988 0.66153526 0.43954563 0.60483205 0.66406161
0.03898785 -0.75642091 0.65292221 0.45556393 0.59501523 0.66213179
-0.00623813 -0.74303472 0.66922379 0.82616711 0.37321958 0.42208427
