-0.16186064 0.98070097 0.10966676 -0.02415802 0.10716094 -0.99394816
-0.03136137 -0.12397305 0.99178988 -0.03432513 0.99182624 0.12289219
-0.28976092 -0.15292989 0.94480217 0.03421798 0.98486555 0.16990902
-0.32017398 -0.15311959 0.93490273 0.01661870 0.98579216 0.16714570
-0.27343434 -0.17041683 0.94667411 -0.14799085 0.97991574 0.13365568
-0.31966779 0.94250166 0.09748426 0.07137625 0.12654263 -0.98938990
-0.33462957 0.93685228 0.10164090 0.14311644 0.15713218 -0.97715259
-0.32013711 0.94166571 0.10381729 -0.02491525 0.10117800 -0.99455637
-0.44890225 0.88414735 0.12950025 -0.19492598 0.04454280 -0.97980601
-0.43156412 0.89234263 0.13220099 -0.21370350 0.04124541 -0.97602749
0.22192079 -0.12878381 0.96652257 -0.15636724 0.97371000 0.16564457
0.19092494 -0.13529214 0.97223645 -0.07958376 0.98506218 0.15270534
0.21792243 -0.13318434 0.96683598 0.07192606 0.99014276 0.12018298
0.29638386 -0.15431617 0.94251961 0.29719934 0.95276535 0.06253663
0.47154531 -0.11814328 0.87389201 -0.11392160 0.97451961 0.19321853
0.57552338 -0.11612187 0.80949897 0.14907688 0.98817861 0.03576523
0.46212801 0.86996096 -0.17206292 -0.42459077 0.04671418 -0.90417951
0.50864071 -0.12336253 0.85209531 0.05074595 0.99225688 0.11336274
0.64501959 -0.11089080 0.75607729 0.04666789 0.99328446 0.10586801
0.68402654 -0.14376694 0.71514946 0.24481475 0.96876872 -0.03940832
-0.65016723 0.14931393 -0.74497521 -0.55776167 -0.75959766 0.33453444
0.80136108 -0.16943273 0.57368380 0.36952057 0.89439392 -0.25202000
0.84232938 -0.19383706 0.50290012 0.19129287 0.97986072 0.05727126
0.75920647 -0.10750787 0.64190942 -0.11886641 0.94677234 0.29915377
0.92338288 0.02949105 0.38274586 -0.09484246 0.98366189 0.15301715
0.88650692 0.02441157 0.46207103 -0.08625459 0.98982221 0.11319078
0.90605032 0.03387756 0.42181167 -0.12384176 0.97437739 0.18775521
0.73128414 -0.03719671 0.68105793 -0.11819100 0.97649610 0.18023968
0.79669863 -0.01891005 0.60408092 -0.16906276 0.95263547 0.25279140
0.81013280 -0.01059820 0.58615065 -0.15091571 0.96236968 0.22598483
0.78283852 -0.09396323 0.61508930 -0.10510030 0.95435995 0.27955505
0.44563183 -0.27735668 0.85116720 -0.11729088 0.92450958 0.36266372
0.30004695 -0.32445225 0.89705217 -0.11697901 0.92076862 0.37215739
-0.10647653 0.94753230 0.30140555 -0.11271475 0.28967267 -0.95046580
0.29327032 -0.32932803 0.89751637 -0.12026913 0.91862851 0.37637359
0.17170025 -0.33470887 0.92654681 0.13657415 0.93951970 0.31408638
0.67339498 -0.18376182 0.71608019 -0.20804706 0.88236368 0.42207929
0.68443513 -0.17892325 0.70677793 -0.25623941 0.84853929 0.46294978
-0.30288243 0.82321465 0.48018742 -0.78375638 0.07150054 -0.61693895
-0.27939793 0.88807333 0.36505157 -0.92465913 -0.14641054 -0.35152447
-0.31873351 0.81417817 0.48530710 -0.91522777 -0.13120301 -0.38097760
-0.36150452 0.71220815 0.60172594 -0.83441371 0.04082910 -0.54962426
-0.37271321 0.71278626 0.59415549 -0.84990281 -0.00519255 -0.52691394
-0.41890770 0.50757611 0.75291628 -0.77543759 0.23145585 -0.58747327
-0.46580243 0.46473891 0.75302452 -0.83600205 0.04781398 -0.54663920
-0.46693474 0.41456598 0.78109348 -0.82703918 0.10793158 -0.55168563
-0.49947250 0.26559156 0.82461405 -0.83288407 0.11471386 -0.54142863
-0.47093046 0.34995896 0.80978596 -0.86216259 0.01181039 -0.50649405
-0.45109329 0.47661516 0.75455481 -0.86956835 -0.04438829 -0.49181363
-0.12790968 0.59499544 0.79348570 -0.98960632 -0.12957865 -0.06235968
-0.12619875 0.56653452 0.81431723 -0.99019432 -0.02236547 -0.13789523
-0.12861031 0.54419386 0.82904315 -0.99094933 -0.03810408 -0.12871502
-0.36145875 0.67359644 0.64468253 -0.92558527 -0.17585611 -0.33521128
-0.35715896 0.69826585 0.62037277 -0.92708474 -0.18408902 -0.32653517
-0.35788980 0.71209204 0.60401970 -0.87843937 -0.03740674 -0.47638753
-0.33626324 0.76869965 0.54408455 -0.91836232 -0.13964634 -0.37028313
-0.32868430 0.77480763 0.54003692 -0.94047087 -0.21614856 -0.26228669
-0.34357521 0.52626616 0.77781755 -0.92173785 -0.03033061 -0.38662577
-0.12192249 0.71292716 0.69055760 -0.99156326 -0.05663578 -0.11659660
-0.08244979 0.73124278 0.67711598 -0.99649286 -0.05075225 -0.06652983
-0.05427739 0.63526875 0.77038145 -0.99801844 -0.05910954 -0.02157293
-0.05642107 0.60232973 0.79625094 -0.99834353 -0.04303864 -0.03818413
-0.05001685 0.72102451 0.69110197 -0.99058354 -0.12411267 0.05779524
-0.03000110 0.72766012 0.68528146 -0.99235874 -0.10377394 0.06674675
-0.04616894 0.80338407 0.59366870 -0.97635818 -0.16192523 0.14319557
-0.06207434 0.85078830 0.52182955 -0.98551387 -0.13492544 0.10274974
-0.07037672 0.90090239 0.42827797 -0.95972657 -0.17821403 0.21717446
0.95259017 0.09686079 -0.28842679 -0.02550061 0.97005409 0.24154678
0.93548924 0.06356110 -0.34759164 -0.01458760 0.98979712 0.14173545
0.93920428 0.06421392 -0.33730105 -0.11977036 0.98192394 -0.14656235
0.91794813 0.05362737 -0.39305899 -0.11364982 0.98483992 -0.13104974
0.92038924 0.04249207 -0.38868776 -0.10070144 0.98630369 -0.13063036
0.93537915 0.03940818 -0.35144401 -0.08294941 0.99049687 -0.10970583
-0.19643761 0.85104126 -0.48697135 -0.89427692 0.04816575 0.44491458
-0.18295009 0.86749244 -0.46258634 -0.88198239 0.06304444 0.46704653
-0.17985736 0.86842066 -0.46205732 -0.91857404 0.01979041 0.39475337
0.87856579 -0.19455729 -0.43619919 0.02792332 0.93263459 -0.35974026
0.89560765 -0.18255481 -0.40566090 0.04280724 0.94305128 -0.32988164
0.87135291 -0.19660693 -0.44954410 -0.05112310 0.87484252 -0.48170218
0.86184704 -0.20287983 -0.46482196 0.13134064 0.97452056 -0.18182233
0.86413056 -0.21629471 -0.45441729 0.01750840 0.91530716 -0.40237579
0.84275651 -0.25942788 -0.47165525 0.00677295 0.88124323 -0.47261456
0.83408695 -0.26884401 -0.48168653 0.04731762 0.90485126 -0.42309016
0.78800952 -0.31091329 -0.53138870 -0.07925549 0.80470574 -0.58835983
0.79063815 -0.30600429 -0.53033274 -0.34939238 0.48580551 -0.80119789
0.79963690 -0.30974054 -0.51443338 -0.49677798 0.14003135 -0.85650617
0.81610626 -0.28021625 -0.50542003 -0.49050978 0.12655753 -0.86219686
0.82612836 -0.25028592 -0.50484550 -0.48013818 0.15625541 -0.86316377
0.83769977 -0.21800973 -0.50073045 -0.47263470 0.16999047 -0.86470789
0.82608896 -0.25786471 -0.50108159 -0.47144574 0.17089815 -0.86517787
0.86131889 -0.14173177 -0.48789543 -0.47327676 0.12540664 -0.87194169
0.86059070 -0.16254061 -0.48266366 -0.46085802 0.15485416 -0.87385935
0.87497270 -0.10597584 -0.47243184 -0.45718104 0.14040010 -0.87822169
-0.38872349 0.31023571 -0.86755276 -0.90662718 0.03888571 0.42013705
-0.36996576 0.31432587 -0.87425655 -0.91249281 0.05390185 0.40552610
0.91174567 -0.14056639 -0.38595471 -0.33859012 0.27475965 -0.89992440
-0.32402638 0.37074777 -0.87037522 -0.93377757 0.02236057 0.35715476
0.87048984 -0.19707730 -0.45100778 -0.30808264 0.49644169 -0.81156069
-0.33277026 0.53174138 -0.77879083 -0.92248929 -0.01221775 0.38582933
-0.37056684 0.43079168 -0.82286018 -0.88891572 0.09235395 0.44866437
-0.35217646 0.19677454 -0.91501451 -0.93233246 0.01192219 0.36140573
-0.33440900 0.23793356 -0.91189820 -0.92482287 0.10330325 0.36610270
-0.28295547 0.30146071 -0.91052604 -0.95906734 -0.10004019 0.26491845
-0.28160501 0.37589017 -0.88283932 -0.95952672 -0.10775873 0.26018554
-0.32995594 0.44376752 -0.83318639 -0.86395973 -0.49762356 0.07710089
-0.28130403 0.25773287 -0.92436022 -0.95692509 -0.14746286 0.25009826
-0.36762780 0.44562793 -0.81625098 -0.88706791 0.09548993 0.45165497
-0.36592302 0.45492524 -0.81187654 -0.87579364 0.12674114 0.46574914
0.85674632 -0.16705203 -0.48793378 -0.45588237 0.19708806 -0.86794448
0.86802918 -0.13729374 -0.47715393 -0.43220443 0.26407841 -0.86224240
0.88624585 -0.04967297 -0.46054411 -0.45614195 0.07949819 -0.88634902
0.82563889 -0.31033367 -0.47118309 -0.35799968 0.35731500 -0.86264837
0.85545552 -0.15530594 -0.49404052 -0.41588855 0.36244419 -0.83406895
0.78011465 -0.35827193 -0.51289612 -0.47786257 0.18792325 -0.85809803
0.79965222 -0.30725566 -0.51589763 -0.43225741 0.30179447 -0.84974921
0.69856125 -0.49541378 -0.51631135 -0.46950558 0.22716644 -0.85320568
0.79369050 -0.30298245 -0.52750081 -0.01364395 0.85805655 -0.51337397
0.82526135 -0.28010926 -0.49039021 -0.04916163 0.82940245 -0.55648434
0.78976119 -0.31842676 -0.52429163 -0.04145026 0.82505381 -0.56353182
0.76486200 -0.34221277 -0.54578072 -0.03134239 0.82645810 -0.56212521
0.76653069 -0.33541879 -0.54765397 -0.02398250 0.83722234 -0.54633659
0.73402524 -0.42296064 -0.53132969 0.04550529 0.81125093 -0.58292472
0.71763742 -0.45010784 -0.53141278 0.07289577 0.80742478 -0.58544981
0.71562868 -0.44910192 -0.53496081 0.07463218 0.81067157 -0.58072513
0.84211206 -0.26013899 -0.47241411 -0.05974592 0.82557952 -0.56111395
0.82300568 -0.27548006 -0.49676192 -0.04777515 0.83786142 -0.54378837
-0.16891658 0.85590965 -0.48875967 -0.87012273 0.10343896 0.48185769
-0.16998260 0.85592306 -0.48836637 -0.87342882 0.09862410 0.47685996
-0.17894603 0.84479755 -0.50427723 -0.85791427 0.11692231 0.50031227
-0.26875204 0.73079413 -0.62746495 -0.91810244 0.00266016 0.39633435
-0.23048472 0.84317911 -0.48572198 -0.91827321 -0.02331810 0.39526027
-0.24840839 0.80760860 -0.53484738 -0.90798181 -0.00179067 0.41900581
-0.24604236 0.81644744 -0.52237612 -0.84101820 0.08807961 0.53378874
-0.26054800 0.79843765 -0.54278177 -0.86001360 0.06354310 0.50629920
-0.27491125 0.74431247 -0.60862374 -0.93281883 -0.05309806 0.35641214
-0.25340113 0.81067550 -0.52781916 -0.94226611 -0.08337370 0.32431993
-0.26175529 0.78197020 -0.56569147 -0.95205271 -0.11302869 0.28428885
-0.27777460 0.70933276 -0.64783359 -0.95476395 -0.12933570 0.26776493
-0.24301456 0.85022199 -0.46697590 -0.96800393 -0.18151626 0.17326361
-0.22656551 0.88388807 -0.40915760 -0.97368783 -0.19497409 0.11797118
-0.17544606 0.94962192 -0.25968608 -0.95007622 -0.09418490 0.29746339
-0.24559911 0.82022130 -0.51664114 -0.94302630 -0.07875342 0.32326350
-0.32479924 0.55276281 -0.76743650 -0.92618185 -0.02155226 0.37646091
-0.32548979 0.54660708 -0.77154207 -0.92674547 -0.02251448 0.37501466
-0.36191592 0.14219338 -0.92130232 -0.93206322 -0.03761550 0.36033756
-0.36559540 0.16865057 -0.91536713 -0.93075675 -0.06026192 0.36063904
-0.37315735 0.07324447 -0.92487240 -0.92773771 -0.03753262 0.37134105
0.90756375 0.01724054 -0.41956034 -0.41853389 -0.04381445 -0.90714371
0.90819865 0.00666249 -0.41848645 -0.41841590 -0.00984058 -0.90820223
0.90849775 -0.06824739 -0.41227928 -0.41008958 0.04412694 -0.91097718
0.91078973 -0.02653931 -0.41201666 -0.41056615 0.04706886 -0.91061521
0.90590376 -0.10998954 -0.40895072 -0.40085667 0.08871767 -0.91183507
-0.39329958 -0.07260280 -0.91653931 -0.91558075 0.12182050 0.38323840
0.89323437 0.11272253 -0.43523106 -0.42875931 -0.07768554 -0.90007246
-0.52532452 -0.05164158 -0.84933352 -0.85079664 0.04758735 0.52333605
-0.52602494 -0.03963945 -0.84954494 -0.85046363 0.02813629 0.52528095
-0.52954489 -0.04245959 -0.84721869 -0.84590077 0.10121322 0.52364862
0.81202555 -0.17138264 -0.55789119 -0.56641674 -0.00102982 -0.82411838
0.80674267 -0.14424664 -0.57302642 -0.57757467 0.01231075 -0.81624508
0.79752642 -0.20037438 -0.56903583 -0.57888484 0.01135974 -0.81533021
0.81026477 -0.12288084 -0.57303697 -0.53850013 0.22975342 -0.81069785
0.78145766 -0.20005824 -0.59101671 -0.38790160 0.58615398 -0.71130580
0.66606373 -0.36377794 -0.65117192 -0.34193444 0.62695688 -0.70000422
0.74449438 -0.26460686 -0.61295307 -0.29103410 0.69765162 -0.65466136
0.81961536 -0.16840839 -0.54760313 -0.35852271 0.59476495 -0.71952498
0.80988324 -0.20479584 -0.54967982 -0.49663147 0.25928918 -0.82832748
0.82577193 -0.15305409 -0.54284000 -0.51395851 0.19215645 -0.83601588
0.82870239 -0.14669095 -0.54012418 -0.52010936 0.15462133 -0.83998722
0.81152016 -0.22587436 -0.53890240 -0.50738561 0.18504086 -0.84161735
0.82147795 -0.20281070 -0.53295577 -0.49092311 0.22397268 -0.84192091
-0.35745493 0.51324600 -0.78025931 -0.86565125 0.13149452 0.48307061
-0.24010900 0.73953813 -0.62883317 -0.85951751 0.13912311 0.49180737
-0.24226938 0.73647267 -0.63159603 -0.85877252 0.14013892 0.49281931
-0.34532693 0.53759098 -0.76924986 -0.86240691 0.14150344 0.48603621
0.80138367 -0.29001689 -0.52313900 -0.43572560 0.31613392 -0.84273523
0.82276875 -0.24759181 -0.51161492 -0.35993898 0.46966606 -0.80613750
0.80617321 -0.28543347 -0.51827842 -0.38712490 0.40797895 -0.82685399
0.78033417 -0.32516766 -0.53417665 -0.47064167 0.25711170 -0.84403199
0.75428391 -0.37906221 -0.53606689 -0.48915836 0.22015169 -0.84395343
0.76966560 -0.30454126 -0.56113243 -0.40350944 0.44907480 -0.79719001
0.79463148 -0.24813583 -0.55406624 -0.47945714 0.30333272 -0.82347447
0.79801959 -0.24430948 -0.55088800 -0.51519680 0.19764853 -0.83397084
0.78805709 -0.22905947 -0.57139987 -0.52102047 0.24619345 -0.81726778
0.77305889 -0.23194088 -0.59040958 -0.53212976 0.26950473 -0.80262387
0.72565484 -0.33433065 -0.60137188 -0.53413725 0.27722910 -0.79864979
0.74645138 -0.29291582 -0.59750372 -0.55822092 0.21311913 -0.80185390
0.67660588 -0.42680299 -0.60003638 -0.53053224 0.28253028 -0.79919481
0.67692465 -0.42520979 -0.60080761 -0.53071249 0.28363249 -0.79868448
0.67946380 -0.42757568 -0.59624499 -0.52756327 0.28005412 -0.80202669
0.70752048 -0.38288748 -0.59397984 -0.61203474 0.08822055 -0.78589487
0.67330641 -0.45660093 -0.58152747 -0.55023015 0.21592835 -0.80661136
0.57162941 -0.59794581 -0.56187242 -0.59397107 0.17087407 -0.78613007
0.60365009 -0.54520071 -0.58168960 -0.62580884 0.12799659 -0.76940256
0.51358569 -0.67735934 -0.52670121 -0.62334490 0.12728599 -0.77151769
0.49039415 -0.70486885 -0.51251692 -0.66069442 0.08281562 -0.74607277
0.49227518 -0.70230150 -0.51423514 -0.66239274 0.08102430 -0.74476236
0.49206507 -0.70497388 -0.51076788 -0.65502679 0.08663842 -0.75062221
0.47282130 -0.72178394 -0.50543845 -0.53234637 0.22310673 -0.81659710
0.48195964 -0.71752983 -0.50285769 -0.43351871 0.30346110 -0.84851217
0.62974447 -0.60244286 -0.49039227 -0.22155797 0.46577525 -0.85671788
0.66301835 -0.57394451 -0.48061880 0.05515126 0.67772579 -0.73324358
0.62576222 -0.56904155 -0.53349173 0.14328721 0.75617272 -0.63849163
0.61184156 -0.57465935 -0.54352236 0.11798799 0.74576902 -0.65567333
0.69219559 -0.00025986 -0.72170991 -0.09869269 0.99057168 -0.09501333
0.55663723 -0.02510115 -0.83037645 -0.13951573 0.98252296 -0.12322374
0.50571078 -0.03688646 -0.86191422 -0.20073678 0.96663195 -0.15914622
0.57831275 -0.42951682 -0.69359195 0.01535489 0.85576272 -0.51714057
0.59302199 -0.55138677 -0.58676881 0.07105987 0.76173246 -0.64398313
0.67740792 -0.54386425 -0.49530828 0.15231642 0.76244336 -0.62887186
0.74425375 -0.49020475 -0.45363611 0.08260098 0.74154252 -0.66580158
0.75164843 -0.45522681 -0.47727692 0.08728477 0.78591466 -0.61214346
0.66629159 -0.54546899 -0.50844783 -0.09932405 0.61085320 -0.78548914
0.78567201 -0.32600948 -0.52577317 -0.31777281 0.51652151 -0.79512638
0.62428802 -0.54821247 -0.55653179 0.11967932 0.77111888 -0.62534195
0.76535666 -0.50358677 -0.40078631 0.07491529 0.68819213 -0.72165036
0.70558280 -0.53270221 -0.46731281 -0.17115538 0.51182610 -0.84186691
0.63757730 -0.58967298 -0.49576303 -0.31219578 0.39054874 -0.86602861
0.60758853 -0.62302393 -0.49262300 -0.57489413 0.08298314 -0.81400901
0.63364816 -0.59443438 -0.49511388 -0.56832051 0.07654570 -0.81923902
0.72360200 -0.45835155 -0.51605624 -0.61530912 -0.08961788 -0.78317517
0.68052661 -0.47059858 -0.56162316 -0.60821551 0.06462790 -0.79113662
0.62697411 -0.53127271 -0.56978315 -0.65448707 0.03749718 -0.75514287
0.61676002 -0.54939038 -0.56371737 -0.64157641 0.06406247 -0.76437938
0.64884794 -0.50474429 -0.56941158 -0.63172793 0.05981423 -0.77287906
0.71320397 -0.40461004 -0.57239050 -0.49264649 0.29155505 -0.81993604
0.76250446 -0.26501763 -0.59021407 -0.58705336 0.10004382 -0.80334282
0.72311044 -0.39954743 -0.56344754 -0.58430326 0.08120876 -0.80746204
0.68253148 -0.47959116 -0.55149174 -0.54992878 0.16000533 -0.81974185
0.71403730 -0.40119758 -0.57375193 -0.61368197 0.03576995 -0.78874266
0.77405417 -0.15801176 -0.61308438 -0.62196565 -0.00881604 -0.78299499
-0.45888871 -0.15446825 -0.87496328 -0.88573045 0.00192387 0.46419606
0.69344783 -0.41246307 -0.59076595 -0.65164697 -0.00923021 -0.75846624
0.67315012 -0.46164244 -0.57771552 -0.59460646 0.12659165 -0.79398853
0.70632327 -0.41795230 -0.57133478 -0.61487854 0.03768227 -0.78772110
0.74536252 -0.40555054 -0.52911592 -0.55872363 0.05295793 -0.82766145
0.74664474 -0.41018623 -0.52370685 -0.55551928 0.04862054 -0.83008093
0.79584336 -0.22290841 -0.56297892 -0.58172917 -0.02350380 -0.81304294
0.43428242 -0.74448264 -0.50709409 -0.20298031 0.46759212 -0.86032361
0.53489351 -0.65088487 -0.53873736 -0.65536398 0.08282802 -0.75075811
0.53466815 -0.64892012 -0.54132485 -0.65784925 0.08246943 -0.74862087
0.63247782 -0.52877802 -0.56600857 -0.59383827 0.13814704 -0.79263586
0.70877147 -0.37957016 -0.59461725 -0.62805325 0.04430491 -0.77690816
0.75374705 -0.30084971 -0.58425587 -0.59844619 0.05310817 -0.79940081
0.78622228 -0.24052119 -0.56921363 -0.58614278 0.00142237 -0.81020653
0.81489623 -0.27300152 -0.51128697 -0.49793994 0.12173623 -0.85862458
0.79767531 -0.25586361 -0.54612082 -0.55451435 0.04488234 -0.83096296
0.80488813 -0.22501433 -0.54911178 -0.56262881 0.00486550 -0.82669526
0.76832533 -0.30494922 -0.56274527 -0.57877702 0.04440365 -0.81427598
-0.24379261 0.73340589 -0.63457161 -0.86131549 0.13700642 0.48924929
0.81394660 -0.08490562 -0.57470173 -0.55673575 0.16857097 -0.81340593
0.79065061 -0.24041724 -0.56309074 -0.57641941 0.01778766 -0.81696045
-0.38331705 0.12968525 -0.91446692 -0.92187589 0.00704161 0.38742128
0.87554824 -0.19515894 -0.44195956 -0.37025204 0.31662485 -0.87330532
0.81349719 -0.33963829 -0.47208920 -0.33878386 0.38304281 -0.85936242
0.85176808 -0.25893414 -0.45546061 -0.37963387 0.29408142 -0.87715113
0.84961915 -0.26514024 -0.45590356 -0.37481427 0.30458364 -0.87563866
0.86122227 -0.23928492 -0.44837365 -0.37506109 0.29611385 -0.87843370
0.85800028 -0.24878310 -0.44938019 -0.30469480 0.45781395 -0.83520508
0.86077183 -0.23755118 -0.45015708 -0.30089816 0.47583178 -0.82646495
-0.24250142 0.78747261 -0.56663924 -0.97015101 -0.19662920 0.14192964
-0.24586676 0.83156848 -0.49803969 -0.96884066 -0.19495001 0.15278189
-0.25313544 0.49350089 -0.83209342 -0.96742874 -0.13092652 0.21665616
-0.29699591 0.25165331 -0.92112106 -0.95394099 -0.12093716 0.27453759
-0.29639623 0.24538410 -0.92300379 -0.95474285 -0.10122988 0.27967593
-0.29743960 0.36707070 -0.88135624 -0.95277238 -0.05487513 0.29868644
-0.29330102 0.36844537 -0.88216925 -0.95371914 -0.04878132 0.29671577
-0.30784443 0.38944352 -0.86808157 -0.94701362 -0.03754631 0.31899148
-0.32565463 0.40975070 -0.85208774 -0.93476635 -0.00418927 0.35523853
-0.29730010 0.28102887 -0.91248858 -0.95359325 -0.13511431 0.26907992
-0.29310730 0.20235868 -0.93441916 -0.95516360 -0.01920744 0.29545480
-0.29302552 0.19271362 -0.93648148 -0.95551449 -0.02461572 0.29391542
-0.28460938 -0.11399344 -0.95184189 -0.95860612 0.02506198 0.28363049
-0.29461485 0.19370607 -0.93577778 -0.95383334 0.00017912 0.30033642
-0.30006826 0.21191357 -0.93008161 -0.94983506 0.02373623 0.31184936
-0.30404416 0.19809629 -0.93183422 -0.94666439 0.04672287 0.31881580
-0.29426935 0.32649931 -0.89822263 -0.94884634 0.01273003 0.31548163
-0.27850953 0.43449429 -0.85653204 -0.92807549 0.10778950 0.35645112
-0.31443128 0.22958104 -0.92110020 -0.93709457 0.07990517 0.33980730
-0.30014989 0.39025643 -0.87040794 -0.95184958 -0.06285351 0.30005309
0.91853803 -0.16334869 -0.36000723 -0.30559948 0.28431129 -0.90872222
0.89983422 -0.22312137 -0.37485370 -0.30597910 0.28964925 -0.90690690
-0.23656173 0.59291488 -0.76973408 -0.94042993 0.05938091 0.33476183
-0.25657409 0.52983695 -0.80835801 -0.94291818 0.04650027 0.32976219
-0.17766848 0.77915466 -0.60112560 -0.94770575 0.02909589 0.31781650
-0.18489030 0.76369017 -0.61854100 -0.94892508 0.02499728 0.31450981
-0.21998264 0.67962915 -0.69979417 -0.94005132 0.04394764 0.33818951
-0.22559783 0.69628769 -0.68138766 -0.97054714 -0.09994945 0.21919937
-0.25640100 0.55577987 -0.79080164 -0.96050876 -0.05502146 0.27275559
-0.19278687 0.88283908 -0.42828548 -0.94043863 -0.04168531 0.33739829
0.92410970 -0.14079055 -0.35524535 -0.31692541 0.23701179 -0.91835928
-0.20802741 -0.25612968 -0.94399267 -0.97363311 0.14658976 0.17478566
-0.29430181 0.17178664 -0.94014674 -0.95474994 -0.00870571 0.29728246
-0.25165099 0.55584651 -0.79227930 -0.96728456 -0.11727343 0.22496113
-0.24722014 0.83427173 -0.49282143 -0.96853292 -0.19767451 0.15122430
-0.29510137 0.65354663 -0.69698781 -0.95194954 -0.13858169 0.27310672
-0.17055346 0.85408759 -0.49137151 -0.87331891 0.09991343 0.47679281
-0.35782757 0.66949290 -0.65095216 -0.80878669 0.12621486 0.57439876
0.87736988 -0.19802240 -0.43704611 -0.00830305 0.90446198 -0.42647341
-0.27903634 0.69499367 -0.66266322 -0.84740478 0.14639568 0.51036596
0.90706968 0.03052778 -0.41987231 0.01218660 0.99504519 0.09867433
-0.20500717 0.85157722 -0.48248145 -0.96650755 -0.09837822 0.23703365
0.95710570 0.09781153 -0.27272978 -0.09060052 0.99512571 0.03894147
0.94237763 0.10379560 -0.31804222 -0.11494853 0.99323529 -0.01644897
0.95946825 0.11617357 -0.25675750 -0.07776882 0.98484915 0.15499735
-0.18146303 0.96271360 -0.20063302 -0.95933414 -0.12844218 0.25135750
-0.31943443 0.81135523 0.48955530 -0.94674939 -0.25126347 -0.20132649
0.97505558 0.14554738 -0.16757882 -0.11627117 0.97804540 0.17294005
0.97777021 0.13674988 -0.15894960 -0.10678173 0.97714472 0.18380947
0.96923029 0.14318860 -0.20022398 -0.12481095 0.98696065 0.10164101
0.96791309 0.14659970 -0.20409012 -0.14938998 0.98877680 0.00175348
-0.29300204 0.91698927 0.27070367 -0.94485420 -0.32102397 0.06476204
-0.28822213 0.88985926 0.35366434 -0.95666057 -0.28362712 -0.06600195
-0.29047576 0.89867049 0.32865676 -0.95624554 -0.28515211 -0.06544325
-0.29159856 0.89551020 0.33620203 -0.95516104 -0.29147154 -0.05207541
-0.29298815 0.92876792 0.22704215 -0.94476265 -0.31771410 0.08050666
-0.29302838 0.92970538 0.22311941 -0.94719589 -0.31406406 0.06468169
-0.28315243 0.91170627 0.29768509 -0.94879001 -0.22094682 -0.22578762
-0.28022704 0.91272736 0.29732415 -0.94559002 -0.20912090 -0.24925490
-0.27222097 0.92521185 0.26434609 -0.94069266 -0.19808203 -0.27542841
-0.25990820 0.93942225 0.22345820 -0.95910263 -0.22427511 -0.17269285
0.96307659 0.21089327 -0.16735463 -0.17638458 0.96387333 0.19959147
0.95134932 0.21862148 -0.21711521 -0.17672841 0.96440256 0.19670986
0.87451613 0.23720160 -0.42303309 -0.21343336 0.97146046 0.10349324
0.83212316 0.24115720 -0.49941400 -0.19767064 0.97033525 0.13919714
0.81399959 0.24091029 -0.52855182 -0.20293884 0.97054613 0.12983100
0.84999943 0.23616399 -0.47087961 -0.20205951 0.97167104 0.12258597
0.78070545 0.24148847 -0.57635266 -0.27328676 0.96137911 0.03262847
0.66441536 0.20831513 -0.71774447 -0.29185069 0.95643508 0.00742580
0.77517813 0.24203129 -0.58354068 -0.22435169 0.96895808 0.10385847
0.87830174 0.23457025 -0.41660875 -0.22985061 0.97123152 0.06227390
0.84477615 0.23250842 -0.48196799 -0.15956669 0.96914971 0.18784928
0.86678624 0.24402227 -0.43489635 -0.28889069 0.95656532 -0.03905122
0.87779647 0.23532887 -0.41724545 -0.23039903 0.97105664 0.06297065
0.88194263 0.24365529 -0.40349638 -0.27730906 0.96042442 -0.02616671
0.89355874 0.24985461 -0.37299520 -0.30871248 0.94518322 -0.10642055
-0.36780730 0.91346705 -0.17405681 -0.88728601 -0.28873366 0.35966170
-0.37615544 0.90225947 -0.21079615 -0.89530253 -0.29534519 0.33347356
-0.42757490 0.80218720 -0.41674376 -0.89301181 -0.30322784 0.33253992
-0.42306933 0.80708760 -0.41185200 -0.90603727 -0.38205135 0.18202572
-0.44191065 0.77935177 -0.44421372 -0.89022219 -0.31997886 0.32421911
-0.42241386 0.83836704 -0.34453914 -0.89332384 -0.32072762 0.31481162
-0.42915684 0.78833061 -0.44086200 -0.89744467 -0.31700978 0.30675375
-0.41007385 0.85226923 -0.32477164 -0.87983227 -0.27584562 0.38704580
-0.44808766 0.74107277 -0.50002861 -0.89319098 -0.34747255 0.28543451
-0.44435886 0.68781292 -0.57398486 -0.89548737 -0.35923153 0.26278341
-0.43796533 0.63583547 -0.63553101 -0.89709038 -0.35506266 0.26298174
-0.42201000 0.51242834 -0.74788022 -0.88478428 -0.41263869 0.21653216
-0.44254965 0.62797260 -0.64015651 -0.86959362 -0.47485679 0.13534394
-0.44647923 0.70446718 -0.55170864 -0.89280009 -0.39186698 0.22214486
-0.44717780 0.73565787 -0.50876284 -0.89269924 -0.40259606 0.20249566
-0.44762361 0.75701016 -0.47599235 -0.88950324 -0.43155172 0.15015697
-0.39288318 0.86993444 -0.29808882 -0.91487145 -0.33697239 0.22239584
-0.37422580 0.90303785 -0.21089733 -0.89355618 -0.29032013 0.34244946
-0.38889888 0.89487952 -0.21897101 -0.87584394 -0.28540230 0.38915676
-0.38863176 0.89561075 -0.21644141 -0.87840027 -0.28921202 0.38048586
0.79410893 -0.18874092 -0.57772654 -0.10665852 0.89253080 -0.43819270
0.84542125 0.21331032 -0.48965460 -0.18949603 0.97693747 0.09840992
0.78296226 0.21853778 -0.58241862 -0.24001753 0.96989119 0.04126448
0.85990870 0.23123755 -0.45506734 -0.23389988 0.97090274 0.05136954
0.89015019 0.19466564 -0.41199273 -0.07800560 0.95590568 0.28312463
0.56452084 0.25532109 -0.78493786 -0.06504328 0.96175998 0.26605844
0.42128348 0.24230744 -0.87396073 -0.11555091 0.97013563 0.21327201
0.34204939 0.23775056 -0.90910774 -0.11368509 0.97082698 0.21111771
0.90244633 0.18952183 -0.38687494 -0.09163280 0.96192890 0.25748074
0.86923975 0.20468344 -0.45003000 -0.08889569 0.96014440 0.26499122
0.82492602 0.21855858 -0.52127647 -0.12224279 0.96937799 0.21298610
0.80641973 0.22503883 -0.54684991 -0.16415019 0.97360367 0.15858956
0.46785933 0.16440541 -0.86837697 -0.30121285 0.95338297 0.01821338
0.40707123 -0.84966654 -0.33520117 0.11079217 0.41020492 -0.90523863
0.82021368 0.21741727 -0.52913064 -0.11798809 0.96936876 0.21541378
0.92021269 0.16042985 -0.35703057 -0.03042060 0.93869895 0.34339330
0.95109892 0.12468340 -0.28260368 -0.04197127 0.95859224 0.28167260
0.90910780 0.15213683 -0.38778535 -0.02325332 0.94800365 0.31740880
0.66633201 0.22726153 -0.71017879 -0.15553433 0.97383380 0.16570121
0.61621910 0.22443518 -0.75491917 -0.21423642 0.97015929 0.11355031
0.50861675 0.21782249 -0.83298409 -0.22078055 0.96811616 0.11835135
0.61664224 0.22722918 -0.75373697 -0.17145532 0.97321910 0.15312663
0.57102042 0.22608487 -0.78919035 -0.17894006 0.97249287 0.14912438
0.31549239 0.22357684 -0.92221367 -0.30901009 0.94308156 0.12292256
0.44097316 -0.81070745 -0.38509229 0.05579758 0.45299560 -0.88976496
0.43022034 -0.81309301 -0.39216107 0.12122232 0.48252109 -0.86745524
0.42857313 -0.81441516 -0.39121997 -0.19905715 0.33725110 -0.92012936
0.46521133 -0.77768838 -0.42282295 -0.14845890 0.40234709 -0.90336972
0.71134794 -0.52336788 -0.46911651 -0.11622228 0.57067740 -0.81290823
0.67592359 -0.52761352 -0.51453990 0.19576579 0.80164123 -0.56484258
0.60232025 -0.52669358 -0.59983695 0.02233994 0.76226330 -0.64688140
0.73386931 -0.51312101 -0.44513226 -0.38391840 0.22729076 -0.89495569
0.61410242 -0.65252948 -0.44394094 -0.27800155 0.34760094 -0.89548242
0.42718133 -0.79734039 -0.42633834 -0.22735544 0.36165118 -0.90416700
0.43515074 -0.81230474 -0.38833609 -0.21273148 0.32634118 -0.92100316
0.46993923 -0.79592836 -0.38164803 -0.25442040 0.29188028 -0.92199576
0.53735965 -0.76001650 -0.36554003 -0.11679170 0.36219740 -0.92475551
0.52308351 -0.77268964 -0.35963088 -0.22259150 0.28346083 -0.93279314
0.69254798 -0.62798274 -0.35498586 0.08814166 0.56207603 -0.82237560
0.80135357 -0.53217328 -0.27317411 0.20130697 0.66994601 -0.71459633
0.82132250 -0.49789050 -0.27845013 0.01335710 0.50476199 -0.86315519
0.74722791 -0.57294440 -0.33672723 -0.16420397 0.33180234 -0.92894799
0.80702937 -0.49553519 -0.32116759 -0.17026551 0.32551223 -0.93008149
0.80590105 -0.49533284 -0.32429743 -0.18121882 0.31508431 -0.93160170
-0.38329300 0.49050781 -0.78261650 -0.85678577 0.12765045 0.49962345
-0.40581790 0.43512663 -0.80372673 -0.85714734 0.12399945 0.49992263
0.74360251 -0.55980450 -0.36561483 -0.35931638 0.12657298 -0.92459238
0.75730056 -0.54168248 -0.36479586 -0.35623384 0.12553106 -0.92592633
0.79933155 -0.46768212 -0.37728325 -0.38518801 0.08309919 -0.91908908
0.74264425 -0.56430835 -0.36060461 -0.39360932 0.06783584 -0.91677147
-0.39431572 0.27851757 -0.87575287 -0.89594150 0.09551146 0.43378156
0.91388822 0.14790936 -0.37806252 -0.35965136 -0.13698713 -0.92297643
0.83661371 0.37717646 -0.39725983 -0.37059540 -0.14434710 -0.91750914
-0.41557750 0.41689318 -0.80839068 -0.90851271 -0.14766695 0.39089531
0.70873350 -0.60761964 -0.35846227 -0.36767593 0.11551227 -0.92275202
0.60452706 -0.72002769 -0.34074494 -0.43140787 0.06366600 -0.89990771
0.62280273 -0.69807994 -0.35327217 -0.42876482 0.07315472 -0.90044940
0.55463868 -0.76432651 -0.32890880 -0.47813347 0.03075637 -0.87774855
0.55491793 -0.75950491 -0.33943853 -0.25576746 0.23250243 -0.93836331
0.62712246 -0.69626117 -0.34919608 -0.29799557 0.19974160 -0.93343562
0.56753105 -0.74751055 -0.34516168 -0.27859208 0.22014496 -0.93483829
0.66283929 -0.66167849 -0.35046500 -0.27040470 0.22493660 -0.93610090
0.41486031 0.13132401 -0.90035826 -0.33850652 0.94077712 -0.01875507
0.40330598 0.13203456 -0.90548950 -0.34345156 0.93903333 -0.01604794
0.45416066 0.23171918 -0.86025828 -0.17980614 0.96955466 0.16623326
0.97309238 0.09392661 -0.21040210 -0.06099143 0.98557079 0.15789315
0.93657160 0.11623358 -0.33064097 -0.03998454 0.97268105 0.22867647
0.72213656 0.16076666 -0.67280972 -0.15079056 0.98581374 0.07371268
0.89277512 0.13212307 -0.43069249 -0.02335992 0.96831751 0.24862729
0.80911028 0.15584543 -0.56661516 -0.11606171 0.98758060 0.10589765
0.93610168 0.09658950 -0.33820727 -0.05342398 0.98944396 0.13470918
0.92931479 0.12175399 -0.34864014 -0.07373374 0.98625231 0.14788407
0.94445074 0.09008616 -0.31606531 -0.11975724 0.98991269 -0.07570389
0.91739827 0.07977796 -0.38989225 -0.06488898 0.99657637 0.05123417
0.96462983 0.08544134 -0.24937759 -0.11937048 0.98504472 -0.12424851
0.97233158 0.09093778 -0.21517807 -0.05442179 0.98395437 0.16991785
0.84094214 0.21601762 -0.49613792 -0.00986958 0.92283392 0.38507172
0.89483231 0.18982922 -0.40402976 -0.02429177 0.92444521 0.38054046
0.81323832 0.23260948 -0.53341937 -0.04107565 0.93729585 0.34610593
-0.22129889 0.86996168 0.44067389 -0.96359748 -0.26458174 0.03842497
0.82207686 0.24435058 -0.51427865 -0.32382247 0.94357586 -0.06930801
0.95578748 0.24435151 -0.16359310 -0.24011034 0.96967751 0.04552583
0.86439359 0.23516718 -0.44443247 -0.24145126 0.96944356 0.04336403
0.89794827 0.23857506 -0.36982560 -0.23286623 0.97061038 0.06073571
-0.30136245 0.87366408 0.38195786 -0.94130868 -0.20871603 -0.26528418
0.96679389 0.21160220 -0.14329715 -0.18704404 0.96797717 0.16743578
-0.29018998 0.91238946 0.28867850 -0.94802088 -0.31524065 0.04335642
-0.31431666 0.81382626 0.48876566 -0.94916230 -0.26007926 -0.17734094
-0.30411267 0.86809343 0.39233816 -0.94551873 -0.22480404 -0.23549411
-0.41683376 0.47707835 0.77372211 -0.88684219 -0.02672182 -0.46129918
-0.47830370 0.39507312 0.78431040 -0.80221373 0.16682635 -0.57325572
-0.47685477 0.41449288 0.77511626 -0.74044311 0.28577259 -0.60834038
-0.47060040 0.44187558 0.76372844 -0.73180503 0.28810659 -0.61762136
-0.38846156 0.57369429 0.72109115 -0.56742275 0.46765390 -0.67773992
-0.36081985 0.59293175 0.71988964 -0.69720310 0.34119451 -0.63047135
-0.40258074 0.67753857 0.61552441 -0.67469925 0.23480698 -0.69974756
-0.39922664 0.55759621 0.72780806 -0.64217603 0.39651579 -0.65603751
-0.27034980 0.80441827 0.52898228 -0.51175421 0.34532401 -0.78667587
-0.42525944 0.48111215 0.76660657 -0.86718041 0.02592212 -0.49731910
-0.42503351 0.50402480 0.75186807 -0.75715184 0.25723308 -0.60046005
-0.38239226 0.66982877 0.63647914 -0.88364190 -0.06374213 -0.46380389
-0.32562050 0.78458714 0.52763087 -0.94477731 -0.24817427 -0.21402185
-0.26279509 0.90789473 0.32659739 -0.94130033 -0.16691343 -0.29341713
-0.25931558 0.91106302 0.32049912 -0.93425167 -0.15251578 -0.32235512
-0.36517218 0.74298984 0.56090587 -0.79647923 0.06256882 -0.60141999
-0.27334842 0.80210346 0.53095269 -0.59057677 0.29575172 -0.75083286
0.88652873 -0.02905970 0.46176010 -0.15099768 0.92520761 0.34812450
0.64716727 -0.06194726 0.75982702 -0.05638661 0.99007338 0.12874497
-0.39911357 0.90646923 0.13792016 -0.39811763 -0.03582221 -0.91663468
-0.48995256 0.85386699 0.17566346 -0.40149301 -0.04216065 -0.91489118
-0.47626853 0.86275935 0.16974874 -0.39899439 -0.04001707 -0.91607976
-0.60976815 0.74261767 0.27695104 -0.48172623 -0.06977151 -0.87353981
-0.60907841 0.74253982 0.27867216 -0.48246288 -0.06801136 -0.87327200
-0.59062511 0.76528335 0.25593656 -0.60058814 -0.20506231 -0.77281529
-0.57313824 0.77008444 0.28014743 -0.34787840 0.08088424 -0.93404412
-0.59645045 0.74947017 0.28730011 -0.34267464 0.08590864 -0.93551797
-0.63233757 0.71610832 0.29553026 -0.34942833 0.07682076 -0.93380857
-0.34181604 0.89373839 0.29050556 -0.24141152 0.21524499 -0.94625056
0.61241353 -0.10520876 0.78350550 -0.30275851 0.88432646 0.35539293
0.57316184 -0.13240027 0.80867529 -0.26500341 0.90388191 0.33581349
-0.21468696 0.93938226 0.26733977 -0.27982146 0.20308854 -0.93832570
-0.61209482 0.73637843 0.28824785 -0.32272303 0.10016012 -0.94117898
-0.46400291 0.87186283 0.15670530 -0.41133568 -0.05538779 -0.90979958
-0.46589842 0.87305653 0.14391324 -0.28303924 0.00705238 -0.95908242
0.31293020 -0.15079446 0.93772906 -0.14958581 0.96716887 0.20544702
-0.33202288 0.93725735 0.10634626 -0.28480038 0.00787240 -0.95855457
-0.46548557 0.87323439 0.14416955 -0.28333429 0.00729431 -0.95899343
-0.13398792 0.98404360 0.11707048 -0.00544951 0.11740227 -0.99306953
-0.30005607 -0.17133345 0.93840891 -0.16958663 0.97764856 0.12427252
-0.33353469 -0.18316042 0.92477399 -0.18710272 0.97429246 0.12548645
-0.28512537 0.95280004 0.10428639 -0.00873381 0.10621560 -0.99430478
