-0.77923775 0.14622654 0.60943121 0.28373632 0.94935066 0.13500753
-0.80985737 0.15070160 0.56693923 0.22789654 0.97135383 0.06734253
-0.78970426 0.14227864 0.59676129 0.22347555 0.97261667 0.06383964
-0.84427321 0.16814001 0.50885332 0.24809796 0.96425897 0.09301689
-0.84725320 0.17589687 0.50122082 0.26725337 0.95661294 0.11604874
-0.82527006 0.16282164 0.54075742 0.28649902 0.94587636 0.15243416
-0.81057221 0.15653619 0.56433076 0.29452860 0.94184750 0.16179074
-0.83782977 0.17232221 0.51802152 0.31548774 0.92722076 0.20181462
-0.76779795 0.29287654 0.56983304 0.45951265 0.87151092 0.17122167
-0.73614734 0.26818460 0.62142104 0.46565723 0.86698920 0.17746295
-0.74296868 0.27182305 0.61164522 0.46831760 0.86399776 0.18489598
-0.72317427 0.11170454 0.68157250 0.33282796 0.92105651 0.20218891
-0.68453825 0.33700681 0.64640069 0.54978371 0.82094860 0.15421194
0.67150086 -0.37433240 -0.63950127 -0.59245211 -0.78957331 -0.15992039
0.68057400 -0.38594541 -0.62278825 -0.59336215 -0.78897816 -0.15948331
0.67988688 -0.38710093 -0.62282157 -0.59528422 -0.78732622 -0.16048123
0.66517806 -0.36324173 -0.65237534 -0.59589130 -0.78472376 -0.17065248
0.80128241 -0.27484158 -0.53142136 -0.44079638 -0.87178087 -0.21376780
0.85275108 -0.28239712 -0.43939456 -0.40269682 -0.89121139 -0.20875226
0.86098891 -0.28179461 -0.42342639 -0.39705002 -0.89267367 -0.21327218
-0.84819901 0.17817478 0.49881077 0.31490529 0.92685056 0.20440814
-0.84875095 0.17830631 0.49782401 0.27680051 0.95196199 0.13095766
-0.86989838 0.20146483 0.45020971 0.28322440 0.95132113 0.12154045
-0.87736809 0.21061052 0.43112466 0.30047324 0.94168842 0.15145537
-0.88868982 0.21564533 0.40463266 0.29839781 0.94204801 0.15331154
-0.90043610 0.22304061 0.37345374 0.30392137 0.93680406 0.17329164
-0.91245526 0.22099307 0.34436548 0.28455290 0.94748825 0.14593057
-0.88215870 0.20435943 0.42430335 0.28014457 0.95192021 0.12396347
-0.90253323 0.17427285 0.39378014 0.22964741 0.96834880 0.09778938
-0.92539459 0.13174266 0.35537127 0.17958909 0.97811693 0.10504801
-0.91627544 0.12905608 0.37918857 0.18127692 0.97778350 0.10525289
-0.92965817 0.14570658 0.33838630 0.19743945 0.97248077 0.12368812
-0.94936955 0.15921471 0.27082866 0.19924629 0.97165555 0.12722617
-0.93619227 0.15691835 0.31451672 0.20681103 0.96944648 0.13191965
-0.93639028 0.16435863 0.31009588 0.21461253 0.96727085 0.13538317
-0.91995490 0.20210470 0.33591187 0.26378873 0.95299441 0.14905408
-0.91638297 0.20542467 0.34357387 0.26735657 0.95287257 0.14336795
-0.91591811 0.20841181 0.34301400 0.27631044 0.94727331 0.16225226
-0.94686449 0.13442984 0.29219210 0.18066293 0.97390318 0.13738105
-0.96559906 0.11357567 0.23392114 0.14743261 0.98012948 0.13270257
-0.96767795 0.08834726 0.23620795 0.12714577 0.97979063 0.15441620
-0.96738476 0.08326660 0.23923515 0.11593992 0.98524427 0.12590362
-0.97534060 0.05746607 0.21309243 0.08394989 0.98953104 0.11739162
-0.97019881 0.05349917 0.23633072 0.08053440 0.99107152 0.10626163
-0.95948243 0.04991527 0.27731216 0.08181378 0.99113619 0.10466924
-0.95495647 0.06391886 0.28978017 0.10037119 0.98854452 0.11271811
-0.95346862 0.07194597 0.29278222 0.10701016 0.98863989 0.10554659
-0.96184182 0.07928749 0.26186603 0.11248881 0.98705536 0.11431526
-0.95693237 0.04708287 0.28646752 0.07652261 0.99277240 0.09245165
-0.96033412 0.04298744 0.27551851 0.07018752 0.99349874 0.08963283
-0.96042812 0.04178793 0.27537552 0.06890204 0.99359775 0.08953255
-0.96592742 0.04445886 0.25496608 0.06520782 0.99516052 0.07350910
-0.96636879 0.04326417 0.25349477 0.06296879 0.99554795 0.07013761
-0.96965694 0.04422548 0.24043593 0.06217518 0.99577433 0.06758559
-0.97006214 0.04378862 0.23887669 0.06212630 0.99562585 0.06978201
-0.97063929 0.04300173 0.23666476 0.06073912 0.99582309 0.06817099
-0.96990812 0.04297112 0.23964942 0.06123378 0.99571586 0.06928504
-0.96738631 0.04230045 0.24974896 0.06189428 0.99554521 0.07112607
-0.97991526 0.04806700 0.19353476 0.06243243 0.99567354 0.06882207
-0.97996044 0.04731274 0.19349194 0.06167905 0.99571455 0.06890756
-0.98159093 0.04770606 0.18494172 0.06242408 0.99525845 0.07459130
-0.97985518 0.04542341 0.19447516 0.06182333 0.99494737 0.07910525
-0.97174907 0.04076301 0.23246966 0.05793425 0.99603450 0.06751934
-0.97520536 0.04346959 0.21699068 0.06382556 0.99410021 0.08769917
-0.97979385 0.04285288 0.19536537 0.06211493 0.99367434 0.09355810
-0.98020220 0.03519161 0.19484650 0.05454608 0.99399382 0.09487438
-0.98976690 0.03124536 0.13923052 0.04816645 0.99162012 0.11987335
-0.01991948 -0.99110717 -0.13156672 -0.99445015 0.00604358 0.10503485
-0.98646182 0.02665080 0.16181150 0.04182707 0.99496114 0.09112017
-0.02476283 -0.99322408 -0.11354696 -0.99470598 0.01314834 0.10191803
-0.99375862 0.04563580 0.10179011 0.05442525 0.99486661 0.08531310
-0.99035728 0.04564862 0.13080028 0.05525829 0.99595845 0.07080502
-0.98999602 0.04811794 0.13263680 0.05778905 0.99586791 0.07005460
-0.98876971 0.05179251 0.14018591 0.06261814 0.99529445 0.07394556
-0.99007624 0.05959211 0.12727085 0.07005855 0.99437732 0.07940760
-0.98648435 0.05893410 0.15289026 0.07424196 0.99256754 0.09642513
-0.98986107 0.06101828 0.12826465 0.07542071 0.99099839 0.11060732
-0.98696220 0.06010574 0.14930840 0.07885582 0.98926705 0.12301435
-0.07033887 -0.98488760 -0.15826841 -0.98702872 0.04576322 0.15388317
-0.06963769 -0.98569077 -0.15350674 -0.98614770 0.04479820 0.15970547
-0.06893351 -0.98658425 -0.14798562 -0.98594886 0.04474803 0.16094278
-0.07536417 -0.98072207 -0.18029019 -0.98598957 0.04630954 0.16024996
-0.08048095 -0.97537357 -0.20535135 -0.98114872 0.04120612 0.18881014
-0.07826318 -0.97725576 -0.19709392 -0.98915482 0.05147241 0.13756229
-0.06890716 -0.98580289 -0.15311557 -0.98596448 0.04389926 0.16108085
-0.06683839 -0.98825002 -0.13745758 -0.98833150 0.04667692 0.14499031
-0.97731954 0.04770935 0.20632589 0.07850178 0.98649776 0.14373454
-0.98044354 0.05040448 0.19023646 0.07553841 0.98898727 0.12727194
-0.98036462 0.05020622 0.19069499 0.07573299 0.98874497 0.12902701
-0.97741848 0.04845098 0.20568348 0.07062420 0.99228805 0.10186561
-0.98296309 0.05270496 0.17608438 0.07286122 0.99125320 0.11003776
-0.98778713 0.05890958 0.14424364 0.07314004 0.99274594 0.09542564
-0.98382980 0.05436463 0.17065606 0.06911936 0.99425405 0.08173998
-0.98485887 0.05576597 0.16414414 0.07014236 0.99406725 0.08312932
-0.98701173 0.04726991 0.15353665 0.05824809 0.99599665 0.06780705
-0.98504001 0.04667842 0.16588369 0.05920336 0.99569082 0.07137780
-0.97912419 0.04930974 0.19719124 0.06804419 0.99367005 0.08938578
-0.97844982 0.04889502 0.20061226 0.06893098 0.99317032 0.09413392
-0.97777355 0.04925862 0.20379533 0.06883721 0.99354899 0.09012157
-0.96730793 0.04463686 0.24964593 0.07088029 0.99274379 0.09713794
-0.97153687 0.04681800 0.23221602 0.07553001 0.99033403 0.11633448
-0.96282089 0.04102654 0.26700723 0.07411526 0.99059099 0.11505007
-0.96371722 0.04162139 0.26366055 0.07264133 0.99138236 0.10901509
-0.96237558 0.04140606 0.26854932 0.06777006 0.99366468 0.08965395
-0.96346295 0.04315463 0.26434219 0.06944720 0.99343216 0.09093747
-0.95586652 0.03737606 0.29141438 0.06722187 0.99338633 0.09308483
-0.95581114 0.03692737 0.29165307 0.06687291 0.99338216 0.09338108
-0.95856506 0.03850006 0.28226033 0.06488357 0.99428946 0.08472648
-0.95561063 0.03717167 0.29227841 0.06046529 0.99563712 0.07106848
-0.95795369 0.03814176 0.28437662 0.05995930 0.99585384 0.06841139
-0.95784992 0.04014007 0.28445089 0.06224899 0.99566489 0.06911258
-0.96223027 0.04354054 0.26873240 0.06258084 0.99606889 0.06269362
-0.95031017 0.03823244 0.30894813 0.06177245 0.99585432 0.06677188
-0.95447993 0.04212007 0.29528636 0.06454293 0.99568999 0.06660108
-0.94869852 0.03979228 0.31366822 0.06229407 0.99612772 0.06204038
-0.94224095 0.03968735 0.33257622 0.06596600 0.99549556 0.06809653
-0.93630725 0.03921489 0.34898564 0.06764019 0.99527663 0.06963704
-0.93503493 0.04257258 0.35199055 0.07104632 0.99512714 0.06837016
-0.92641348 0.06065350 0.37159029 0.09875008 0.99153090 0.08434984
-0.92628193 0.06734369 0.37076485 0.10250483 0.99182975 0.07593735
-0.92812544 0.07149793 0.36533725 0.10851245 0.99072534 0.08178291
-0.94187611 0.06701771 0.32920814 0.10126019 0.99096245 0.08797628
-0.91587621 0.09272283 0.39060622 0.13435718 0.98765093 0.08058439
-0.91149634 0.10314988 0.39816406 0.14494029 0.98649895 0.07623823
-0.88255441 0.09203061 0.46111625 0.14284426 0.98678803 0.07645164
-0.87014842 0.12953800 0.47545952 0.17870902 0.98210204 0.05948740
-0.87419003 0.15738933 0.45936960 0.17719446 0.98417586 0.00000626
-0.87066454 0.16552679 0.46318918 0.22935693 0.96965837 0.08460579
-0.86195064 0.16331168 0.47996923 0.23840034 0.96606445 0.09942245
-0.87456238 0.17691483 0.45148844 0.23809710 0.96777457 0.08198904
-0.90158826 0.05729241 0.42878464 0.09983033 0.99199241 0.07736335
-0.89994109 0.04109887 0.43407020 0.07521642 0.99525595 0.06170994
-0.93594050 0.04224235 0.34961542 0.06968674 0.99536395 0.06629033
-0.94601667 0.07678382 0.31489170 0.10672280 0.99115032 0.07893907
-0.92752182 0.03832531 0.37179899 0.06678991 0.99571359 0.06398100
-0.93511796 0.02507135 0.35344848 0.05161922 0.99649119 0.06588422
-0.95140678 0.03133591 0.30633849 0.05603456 0.99581754 0.07216465
-0.94455963 0.04340945 0.32545778 0.07352154 0.99401534 0.08079641
-0.94857031 0.04287076 0.31365019 0.06781435 0.99530572 0.06904879
-0.95098621 0.03334247 0.30743062 0.05794376 0.99577457 0.07124253
-0.95048523 0.03208150 0.30910954 0.06022145 0.99481732 0.08192688
-0.97166336 0.04670852 0.23170803 0.06910157 0.99358815 0.08948515
-0.97853595 0.04945416 0.20005451 0.06835115 0.99371225 0.08868007
-0.97246855 0.04729217 0.22818486 0.07514190 0.99052566 0.11494637
-0.97247696 0.04746407 0.22811356 0.07797411 0.98887730 0.12665576
-0.98421973 0.05374140 0.16859242 0.07592055 0.98886424 0.12799840
-0.98643261 0.05668148 0.15407139 0.06965949 0.99434334 0.08018064
-0.98864883 0.04677539 0.14277804 0.05719288 0.99592358 0.06975146
-0.98430276 0.04334646 0.17108253 0.05663225 0.99568194 0.07355513
-0.98675925 0.02813719 0.15973257 0.04616917 0.99282259 0.11032574
-0.98624504 0.02595832 0.16323893 0.04389444 0.99326277 0.10724922
-0.98601538 0.02832916 0.16422896 0.04785053 0.99207735 0.11615885
-0.98438257 0.02787621 0.17382161 0.04998466 0.99100471 0.12414207
-0.98553520 0.02785832 0.16716544 0.04950336 0.99069881 0.12674932
-0.98642504 0.02827867 0.16175915 0.04967007 0.99029934 0.12976979
-0.02633860 -0.98776668 -0.15369846 -0.99011898 0.00459296 0.14015476
-0.02989347 -0.98556238 -0.16665301 -0.98756665 0.00337861 0.15716466
-0.97905266 0.03849267 0.19993533 0.06632198 0.98870283 0.13441798
-0.03602051 -0.98163366 -0.18734439 -0.98794484 0.00673531 0.15465994
-0.03774419 -0.98085088 -0.19106831 -0.98763573 0.00750242 0.15658671
-0.05640782 -0.98939705 -0.13383451 -0.99311388 0.04181647 0.10943594
-0.06017926 -0.98939836 -0.13217151 -0.99721330 0.05374222 0.05174410
-0.96720195 0.06801171 0.24473421 0.11556654 0.97581631 0.18554516
-0.07509508 -0.98012823 -0.18360130 -0.99707973 0.07124035 0.02751127
-0.97199875 0.07915754 0.22125246 0.09635742 0.99301845 0.06804171
-0.98595285 0.03509487 0.16329496 0.05591635 0.99061573 0.12471516
-0.97994584 0.03569092 0.19604200 0.05893557 0.99172574 0.11404725
-0.98508471 0.04921272 0.16488253 0.06225638 0.99524611 0.07489596
-0.97983414 0.04614540 0.19441126 0.06068402 0.99573451 0.06950064
-0.97269613 0.04644858 0.22738697 0.06464647 0.99521655 0.07324505
-0.96371782 0.04275595 0.26347655 0.06665047 0.99436599 0.08242550
-0.96390933 0.04258823 0.26280227 0.06367394 0.99535251 0.07224292
-0.96382672 0.04147717 0.26328269 0.06096418 0.99593693 0.06627956
-0.97463256 0.04525289 0.21918848 0.06297170 0.99522811 0.07453552
-0.96149147 0.04125433 0.27172107 0.06148172 0.99590039 0.06635091
-0.96948123 0.04662706 0.24069099 0.07014734 0.99346000 0.09009232
-0.95561999 0.04061170 0.29178965 0.06322061 0.99564779 0.06847379
-0.94531161 0.04784286 0.32264090 0.08180071 0.99234515 0.09251934
-0.96750104 0.04819793 0.24823123 0.07335168 0.99295139 0.09309717
-0.95624268 0.01923961 0.29194143 0.05865944 0.99018192 0.12688144
-0.95819265 0.08150567 0.27426952 0.11985960 0.98474973 0.12610187
-0.96281779 0.10784177 0.24769354 0.14424734 0.98044914 0.13383697
-0.94582403 0.12766756 0.29852620 0.17465852 0.97514355 0.13634333
-0.92336750 0.19321375 0.33175442 0.24852553 0.95946091 0.13292773
-0.94236159 0.06993866 0.32720521 0.10824202 0.98904824 0.10033589
-0.91394782 0.10545063 0.39189225 0.14643587 0.98628730 0.07611822
-0.89204746 0.17537391 0.41652778 0.23433095 0.96755570 0.09447230
-0.89219385 0.19284709 0.40841174 0.29152587 0.93655491 0.19462153
-0.88438660 0.20918456 0.41725558 0.28123981 0.95226920 0.11869158
-0.87320834 0.20215744 0.44344071 0.28019473 0.95273560 0.11741318
-0.86043566 0.18834153 0.47347444 0.28230214 0.94974709 0.13522588
-0.86197412 0.17335683 0.47639075 0.23922056 0.96760297 0.08073487
-0.83873183 0.15613401 0.52168107 0.21937177 0.97371554 0.06127110
-0.82067060 0.17184269 0.54494947 0.30270189 0.93963504 0.15955436
