0.42383769 0.80437332 0.41634747 -0.86301494 0.49816301 -0.08389821
0.44326472 0.84144169 0.30901825 -0.89096898 0.45143443 0.04879753
0.44854826 0.83981532 0.30580187 -0.88788772 0.45786011 0.04493938
0.45544308 0.83499181 0.30880472 -0.88247496 0.46921507 0.03279213
0.45838636 0.81162488 0.36214226 -0.88731235 0.44111946 0.13450065
0.44853616 0.81892735 0.35801297 -0.89047599 0.37513545 0.25753814
0.43777880 0.82767403 0.35114881 -0.89815044 0.38480851 0.21271656
0.44052091 0.81192136 0.38304707 -0.85171020 0.24310549 0.46420842
0.44697329 0.80566484 0.38874036 -0.86182803 0.27138111 0.42849132
0.45484015 0.79836577 0.39462972 -0.85519481 0.26789424 0.44370556
0.46064204 0.80286121 0.37844789 -0.86809832 0.31866652 0.38060096
0.46629667 0.80434871 0.36822629 -0.88054669 0.38208422 0.28044453
0.46972272 0.80142951 0.37023154 -0.88105679 0.39912346 0.25384933
0.47120589 0.78495014 0.40226641 -0.86882204 0.33445871 0.36508310
0.48018861 0.76987797 0.42036510 -0.81212801 0.20911600 0.54471886
0.47819039 0.77135688 0.41993168 -0.80914408 0.20101798 0.55215728
0.48815027 0.74754977 0.45042053 -0.75585032 0.10408455 0.64641845
0.48594680 0.75085056 0.44730216 -0.75296050 0.09982103 0.65045083
0.50650054 0.72346950 0.46909386 -0.73681140 0.08058787 0.67127836
0.50238055 0.73545790 0.45465985 -0.79510772 0.18634458 0.57713044
0.50952768 0.72565281 0.46239549 -0.77045780 0.14549109 0.62066674
0.50798953 0.73272765 0.45283204 -0.77902859 0.16652092 0.60447103
0.53775603 0.69026411 0.48410112 -0.82581419 0.31556860 0.46738353
0.53422195 0.71134847 0.45671684 -0.83618313 0.36534652 0.40904722
0.54393709 0.71371967 0.44128975 -0.83885497 0.44913197 0.30757567
0.54919350 0.70734656 0.44502509 -0.82941818 0.39620879 0.39380729
0.54306269 0.72385925 0.42557111 -0.83209944 0.39591336 0.38841116
0.55662918 0.73119068 0.39436543 -0.82561529 0.53963345 0.16478801
0.57206786 0.74383652 0.34560910 -0.80847365 0.58239704 0.08475933
0.56897789 0.73187804 0.37499166 -0.80676728 0.58513957 0.08208694
0.76128697 -0.64087403 0.09860338 0.59196454 0.74898481 0.29765728
0.55482513 0.70243096 0.44582492 -0.79729754 0.60200018 0.04373276
0.54569858 0.70687562 0.45004448 -0.83121514 0.38849342 0.39768615
0.49896067 0.73975760 0.45143875 -0.84737283 0.30726647 0.43306655
0.47937360 0.79424292 0.37333524 -0.86288100 0.34894192 0.36561713
0.50478101 0.73360777 0.45498994 -0.77713597 0.15670848 0.60950983
0.47288430 0.76458025 0.43794703 -0.76652712 0.11185578 0.63239592
0.47420797 0.76323044 0.43886912 -0.76219130 0.10638616 0.63855034
0.46597609 0.77697241 0.42329690 -0.75703436 0.10246203 0.64529115
0.46301925 0.78171730 0.41776940 -0.75996929 0.10757378 0.64099497
0.45246622 0.79089665 0.41201562 -0.79325718 0.14585344 0.59115970
0.45674247 0.78978431 0.40942290 -0.75856078 0.10533923 0.64303124
0.43983662 0.81110549 0.38555366 -0.76389605 0.11214590 0.63552040
0.44643563 0.80172044 0.39741626 -0.77197355 0.12048653 0.62413132
0.43933061 0.80953455 0.38941300 -0.76076102 0.10474831 0.64052361
0.42303455 0.82726556 0.36969382 -0.82120913 0.17759687 0.54228675
0.42424378 0.82480657 0.37377992 -0.82189095 0.17743972 0.54130441
0.42554787 0.82478702 0.37233773 -0.78922856 0.13695796 0.59863245
0.42746115 0.82273358 0.37468192 -0.77816892 0.12390524 0.61571157
0.41980177 0.83206052 0.36254901 -0.77529311 0.12105897 0.61989141
0.40108284 0.85224354 0.33587733 -0.79175240 0.13810971 0.59502423
0.41234672 0.84232140 0.34708044 -0.80984908 0.16441220 0.56312805
0.42231756 0.82902592 0.36655682 -0.81228638 0.16665111 0.55894393
0.40149087 0.85317880 0.33300307 -0.84124762 0.19979319 0.50237960
0.39100632 0.86751187 0.30746919 -0.83767343 0.19701234 0.50940108
0.38845193 0.87034035 0.30267605 -0.82952839 0.18726520 0.52613163
0.38384813 0.86814153 0.31462827 -0.81332070 0.15652370 0.56036574
0.38053492 0.87019169 0.31298500 -0.80640918 0.14658505 0.57290232
0.78354943 -0.16091807 -0.60012972 0.39967877 0.87005925 0.28853723
0.78230679 -0.16011646 -0.60196245 0.39767987 0.87219530 0.28482655
0.78905046 -0.16572744 -0.59155208 0.37257326 0.89472097 0.24630007
0.79240686 -0.16920449 -0.58605576 0.37276042 0.89481884 0.24566017
0.81958729 -0.19720685 -0.53794622 0.38525397 0.88464373 0.26264980
0.82717663 -0.20337540 -0.52384853 0.36861271 0.90000105 0.23264310
0.83085138 -0.20952033 -0.51554543 0.37045094 0.89955831 0.23143241
0.36676431 0.89796990 0.24317487 -0.85773700 0.22517939 0.46214879
0.37847871 0.88478762 0.27185437 -0.85267967 0.21900979 0.47431237
0.38068554 0.88120490 0.28027934 -0.87979788 0.25185150 0.40314597
0.37622875 0.89313245 0.24650848 -0.88114440 0.26265767 0.39318633
0.37761578 0.88995409 0.25571105 -0.88224590 0.26194528 0.39118654
0.37147197 0.89711052 0.23916809 -0.87376511 0.25069910 0.41675472
0.37017560 0.89804339 0.23767234 -0.87164545 0.24729845 0.42317584
0.36696550 0.90410769 0.21891932 -0.88253152 0.26397413 0.38917321
0.36080384 0.90910870 0.20818745 -0.88286656 0.26097959 0.39043093
0.35598615 0.91066921 0.20965558 -0.88348013 0.25486368 0.39307430
0.36096784 0.90978831 0.20490861 -0.88257003 0.26227826 0.39023113
0.35133049 0.91223693 0.21069103 -0.87748432 0.24235989 0.41386357
0.84295422 -0.24518001 -0.47886837 0.37000269 0.91038358 0.18520220
0.80768567 -0.23315836 -0.54155427 0.39364719 0.89704359 0.20088470
0.80209631 -0.22773416 -0.55206770 0.40897325 0.88311166 0.22990157
0.79985785 -0.22923839 -0.55468667 0.40089408 0.89184594 0.20951091
0.78564960 -0.22093225 -0.57787853 0.37972778 0.90962493 0.16849133
0.81384146 -0.22106674 -0.53739339 0.36400071 0.91482580 0.17492083
0.80419379 -0.18351303 -0.56532758 0.31565556 0.93778986 0.14460920
0.83385569 -0.21325089 -0.50912553 0.35062906 0.91700226 0.19017412
0.82410407 -0.20200196 -0.52919543 0.35079247 0.91553926 0.19680598
0.80814654 -0.18549210 -0.55900973 0.34631911 0.91735655 0.19626521
0.83758020 -0.25991398 -0.48052493 0.39961874 0.89123410 0.21449167
0.43862915 0.85329509 0.28194323 -0.84581643 0.28598419 0.45034176
0.43811208 0.85683686 0.27182442 -0.85550255 0.30458879 0.41873756
0.46679011 0.79795986 0.38127029 -0.82388508 0.23567997 0.51543027
0.41190749 0.88658178 0.21048753 -0.86018986 0.30210075 0.41086334
0.46507835 0.81800538 0.33848104 -0.79564118 0.21859193 0.56495380
0.81145525 -0.21629129 -0.54291666 0.36558145 0.91264874 0.18281820
0.85486728 -0.25131243 -0.45392075 0.37599501 0.90292758 0.20820576
0.38688669 0.88041991 0.27418885 -0.88940090 0.27776578 0.36305961
0.38375947 0.87931877 0.28200573 -0.88063174 0.25659165 0.39830703
0.38621077 0.87631220 0.28795525 -0.87860876 0.25442982 0.40411907
0.38806778 0.87053549 0.30260766 -0.86675417 0.23312081 0.44089898
0.36608827 0.89939678 0.23888257 -0.86381352 0.23295449 0.44671956
0.85655791 -0.23902930 -0.45735505 0.36043990 0.91136461 0.19874018
0.82578617 -0.20119931 -0.52687395 0.36781764 0.90031534 0.23268551
0.76016045 -0.13913946 -0.63466251 0.35660702 0.90587425 0.22852412
0.78027666 -0.15188411 -0.60671210 0.35697487 0.90468687 0.23261701
0.31287730 0.90429866 0.29043385 -0.90669346 0.19330300 0.37488800
0.34030303 0.88844621 0.30798900 -0.85280615 0.15362683 0.49911973
0.35536960 0.87394488 0.33156130 -0.90209198 0.22775117 0.36655092
0.36305711 0.87464625 0.32122192 -0.83101773 0.14802735 0.53618789
0.37317210 0.86101913 0.34552661 -0.86028355 0.18169913 0.47633776
0.36846691 0.86584502 0.33844423 -0.91395855 0.27080414 0.30223325
0.37033892 0.87030143 0.32469141 -0.91855913 0.29111281 0.26739940
0.36750150 0.88607848 0.28250229 -0.92571759 0.31932160 0.20268357
0.37557176 0.85075146 0.36765170 -0.92401779 0.31304660 0.21952888
0.37899518 0.86730242 0.32272151 -0.91429329 0.29707408 0.27534479
0.37910396 0.86491042 0.32895309 -0.91815627 0.30733186 0.25007248
0.39021993 0.85237324 0.34812120 -0.83559614 0.16906938 0.52268034
0.38488767 0.85833615 0.33929414 -0.83959037 0.17292084 0.51496255
0.39331535 0.85408717 0.34035015 -0.79841411 0.13373268 0.58706945
0.38420588 0.86359340 0.32648474 -0.78800917 0.12247731 0.60335803
0.40251818 0.84222490 0.35865909 -0.84398061 0.18970771 0.50170487
0.39508161 0.85064453 0.34686375 -0.91167808 0.31664389 0.26187751
0.38553235 0.85389638 0.34960800 -0.91576940 0.30777439 0.25814986
0.37846166 0.86336344 0.33372203 -0.83728784 0.16561587 0.52107632
0.36045790 0.87549573 0.32183439 -0.90732533 0.24904512 0.33872899
0.35278520 0.88426733 0.30596402 -0.84276307 0.15820116 0.51451218
0.37974644 0.86836630 0.31895554 -0.79285663 0.12786922 0.59584224
0.38239756 0.87775528 0.28864825 -0.83566225 0.19523825 0.51337177
0.38910499 0.86810672 0.30820134 -0.85482723 0.21557489 0.47201467
0.39776996 0.85492170 0.33299860 -0.79195666 0.13668543 0.59508139
0.43928784 0.80833769 0.39193934 -0.76183194 0.10400200 0.63937134
0.42313612 0.82789230 0.36817145 -0.79873621 0.14899471 0.58294183
0.46062097 0.78561389 0.41308492 -0.75594634 0.10332713 0.64642763
0.45485935 0.79257804 0.40610725 -0.79018193 0.14885980 0.59451944
0.46393237 0.77919042 0.42146075 -0.78303826 0.13821195 0.60642272
0.46271282 0.78305471 0.41559857 -0.76305425 0.11315680 0.63635194
0.51029313 0.72019964 0.47001427 -0.79034239 0.17725667 0.58646321
0.47660708 0.77523124 0.41456273 -0.81373632 0.21057396 0.54174894
0.48717484 0.77669942 0.39924765 -0.86533546 0.36771017 0.34056398
0.46436480 0.80092627 0.37799808 -0.86880064 0.32911551 0.36995742
0.45322788 0.80274379 0.38753965 -0.84171063 0.24228512 0.48251545
0.44970569 0.79937136 0.39845994 -0.77732617 0.13054524 0.61540401
0.41811037 0.83328629 0.36168742 -0.86436045 0.24248217 0.44054896
0.46170059 0.80744135 0.36724791 -0.88626581 0.40265942 0.22890694
0.47345823 0.81203514 0.34122762 -0.87374055 0.48198575 0.06532376
0.47866628 0.82322407 0.30525523 -0.86125463 0.50781888 -0.01898457
0.81113094 -0.57415468 0.11141404 0.51905292 0.79446733 0.31528670
0.64796144 -0.61459470 0.44991043 0.53358668 0.78779238 0.30768239
0.60231596 -0.61869580 0.50441158 0.54708141 0.78009379 0.30357137
0.46291044 -0.58142567 0.66907257 0.52499306 0.78802133 0.32156602
0.48553103 -0.58960873 0.64546210 0.53423047 0.78454047 0.31479222
0.48451313 -0.57847208 0.65621424 0.52191395 0.79316330 0.31384361
0.55519539 0.77394825 0.30456898 -0.12077136 0.43732885 -0.89115530
0.49892452 0.80627364 0.31780052 0.09167818 0.31554219 -0.94447249
0.20330736 -0.46386299 0.86226290 0.45047307 0.82622755 0.33826333
0.33014640 -0.50607300 0.79680204 0.36185369 0.84749806 0.38834140
0.57420349 -0.58211917 0.57569754 0.50152546 0.80589247 0.31465790
0.73423958 -0.58996987 0.33589855 0.50995874 0.80590409 0.30076700
0.72536969 -0.59260732 0.35022193 0.51061296 0.80442733 0.30359694
0.48316154 -0.52584887 0.70002717 0.59176379 0.78540277 0.18154377
0.60468096 -0.55411625 0.57211560 0.46785343 0.82844120 0.30789354
0.47987860 -0.56575269 0.67055231 0.52124166 0.79864126 0.30079782
0.56958878 -0.63364917 0.52350491 0.59502518 0.75728035 0.26920551
0.51619399 -0.63183784 0.57820833 0.56587446 0.75836611 0.32352260
0.53843212 -0.64918548 0.53726077 0.53636670 0.75576484 0.37567317
0.57869679 -0.66143024 0.47709551 0.55482692 0.74806029 0.36410564
0.78362978 -0.61856347 0.05747623 0.56939858 0.75216699 0.33170789
0.56594795 0.73096031 0.38131338 -0.78707260 0.61670136 -0.01400967
0.57500505 0.72944731 0.37050760 -0.80230099 0.59143770 0.08071258
0.72346950 -0.66312063 0.19199729 0.58492529 0.73651701 0.33971336
0.59840816 -0.68371665 0.41765925 0.64815760 0.71955407 0.24926642
0.64966559 -0.68873358 0.32183957 0.57942092 0.72266197 0.37687030
0.63818783 -0.68966842 0.34216058 0.57542884 0.72255772 0.38313454
0.66548926 -0.68668020 0.29256532 0.60088700 0.72539663 0.33575982
0.38894451 -0.63754296 0.66502720 0.63133430 0.71016645 0.31157768
0.35868803 -0.62999362 0.68880409 0.61833513 0.71315062 0.33026940
0.48642844 -0.66253281 0.56959432 0.59792894 0.72777396 0.33589596
0.62449592 -0.67821604 0.38733447 0.56844050 0.73478109 0.37009761
0.60609251 -0.67650056 0.41832873 0.58669072 0.73536259 0.33916944
0.33256429 -0.60713613 0.72165555 0.59724742 0.72779232 0.33706647
0.21981549 -0.55309683 0.80359513 0.54710770 0.75189918 0.36785978
0.39896291 -0.62083495 0.67482781 0.57035589 0.74426264 0.34751594
0.73330462 -0.65905815 0.16705319 0.58920741 0.73861009 0.32755122
0.56293195 0.72782034 0.39164424 -0.80416179 0.59175020 0.05617483
0.54132426 0.76741797 0.34356627 -0.81791973 0.57532096 0.00363287
0.54206496 0.76108968 0.35624176 -0.80913067 0.58716834 -0.02326055
0.55719256 -0.66465008 0.49777186 0.56660932 0.74252987 0.35721603
0.48674372 -0.64285076 0.59145880 0.54694927 0.75221145 0.36745679
0.74824315 -0.60222286 0.27831617 0.50567508 0.78927177 0.34834304
0.72652131 -0.60422236 0.32723427 0.52408475 0.79524803 0.30482095
0.81512630 -0.53851205 0.21348056 0.46895599 0.82978314 0.30255625
0.79529059 -0.54523480 0.26501316 0.46428207 0.82889032 0.31206268
