-0.07976630 0.97740811 -0.19573136 -0.99160773 -0.05776333 0.11566130
-0.05220220 0.98332089 0.17422679 -0.99585694 -0.06426652 0.06433386
0.98986751 0.00656966 -0.14184208 -0.00572873 0.99996352 0.00633618
-0.08024509 0.97531950 -0.20570046 -0.99034560 -0.05460988 0.12740999
-0.10286522 0.75459588 -0.64807707 -0.99435908 -0.06106949 0.08672144
-0.10931062 0.88950866 -0.44365028 -0.98317128 -0.03102806 0.18003216
-0.13908078 0.81108499 -0.56815296 -0.96738875 0.01136865 0.25304121
-0.11145447 0.89472640 -0.43248421 -0.97644109 -0.01768055 0.21505865
-0.10809838 0.90424538 -0.41310415 -0.97471869 -0.01466677 0.22295380
-0.11362899 0.88350296 -0.45443484 -0.98330891 -0.03458788 0.17862608
-0.10497722 0.90977955 -0.40159813 -0.96824884 -0.00137483 0.24998446
-0.09893834 0.90408289 -0.41574672 -0.99278927 -0.06126495 0.10303467
-0.10208763 0.89844579 -0.42705181 -0.98782653 -0.04090468 0.15008537
-0.09591816 0.93069875 -0.35298657 -0.97294617 -0.01278275 0.23067823
-0.10734568 0.91296107 -0.39367378 -0.97427434 -0.01767534 0.22467141
-0.11127578 0.90868175 -0.40238687 -0.97112453 -0.01344418 0.23819406
-0.09516655 0.92823100 -0.35962561 -0.96042413 0.00938740 0.27838376
-0.10823990 0.90546358 -0.41038987 -0.96733421 -0.00073870 0.25350356
0.76361787 -0.14428709 -0.62934017 0.02396718 0.98037356 -0.19568667
0.91472882 -0.09991553 -0.39152035 -0.01929729 0.95703793 -0.28932017
0.89311296 -0.11374065 -0.43521529 -0.03364351 0.94790578 -0.31676939
-0.12297709 0.91136092 -0.39280775 -0.95301259 0.00196666 0.30292442
-0.12420038 0.90996212 -0.39565545 -0.95642424 -0.00359708 0.29195866
-0.11489441 0.91419291 -0.38865232 -0.96980685 -0.01850402 0.24317141
0.64448720 -0.15397951 -0.74895036 0.03430840 0.98434991 -0.17285313
0.86456871 -0.11400674 -0.48941138 -0.11080299 0.90670413 -0.40695253
-0.10949932 0.91740566 -0.38259229 -0.97097713 -0.01638404 0.23861049
-0.10512882 0.92092144 -0.37530217 -0.97553480 -0.02222921 0.21871832
-0.10527283 0.91042346 -0.40005857 -0.98674583 -0.04567431 0.15571359
-0.09937729 0.91911930 -0.38123995 -0.99317169 -0.06809136 0.09472938
-0.09588084 0.92873704 -0.35812616 -0.97157836 -0.00909115 0.23654361
-0.11205731 0.89955127 -0.42219743 -0.97024208 -0.00726940 0.24202783
-0.11068821 0.90147465 -0.41843951 -0.96160436 0.00924365 0.27428383
-0.17362760 0.83936614 -0.51509029 -0.86006618 0.12554485 0.49449447
0.44829151 -0.63848889 0.62559307 0.63231719 -0.26817501 -0.72681302
0.31318375 -0.77630055 0.54705888 0.68730468 -0.21225144 -0.69466662
0.33602840 -0.75919676 0.55740941 0.69727385 -0.19732919 -0.68910837
-0.10552771 0.90139389 -0.41994396 -0.98933840 -0.05254460 0.13582584
-0.10697354 0.90801769 -0.40504405 -0.95666397 0.01696926 0.29069954
-0.11089940 0.90082276 -0.41978529 -0.96418840 0.00487115 0.26517358
-0.10765390 0.90491563 -0.41175035 -0.95040631 0.02787932 0.30975899
-0.07036070 0.94947708 -0.30584732 -0.95491314 0.02454246 0.29586941
-0.10430487 0.90726376 -0.40742248 -0.93767381 0.04683374 0.34434649
-0.10281543 0.90914738 -0.40358406 -0.91567457 0.07198031 0.39542240
0.92127198 -0.11771131 -0.37067771 -0.01863707 0.93864095 -0.34439206
0.94848472 -0.11429153 -0.29548985 0.09130848 0.99170285 -0.09048884
-0.01712197 0.96141589 0.27456579 -0.99447638 -0.04481604 0.09491156
0.95239002 -0.11474502 -0.28246582 0.12850866 0.99123532 0.03062690
0.91360176 -0.13833328 -0.38235566 0.08268163 0.98390561 -0.15840951
0.86094296 -0.17010953 -0.47941634 -0.04232323 0.91521126 -0.40074575
0.82945758 -0.19134502 -0.52477348 -0.04349379 0.91451752 -0.40220141
0.83109128 -0.19282098 -0.52163905 -0.02665651 0.92308068 -0.38368157
0.80058920 -0.21428099 -0.55958974 -0.05958326 0.90077734 -0.43017441
0.78635126 -0.22155195 -0.57668573 -0.02705372 0.92023623 -0.39042726
0.79157215 -0.20636560 -0.57517552 -0.03558750 0.92408508 -0.38052642
0.77016348 -0.18195844 -0.61134225 -0.06539994 0.93086910 -0.35945189
0.72833884 -0.07264771 -0.68135518 -0.18902615 0.93447751 -0.30169684
0.75088084 -0.06148071 -0.65756989 -0.21250834 0.92021513 -0.32870099
0.75988853 -0.03415540 -0.64915556 -0.28785524 0.87769300 -0.38313752
0.66628158 0.02379975 -0.74532038 -0.46807548 0.79140747 -0.39316615
0.66385603 0.05558060 -0.74579221 -0.30994898 0.92800415 -0.20673651
0.66307598 0.02962278 -0.74796581 -0.29831028 0.92689997 -0.22774440
0.65573162 0.01038202 -0.75492263 -0.23506832 0.95301259 -0.19107592
0.70507276 0.02885210 -0.70854789 -0.25525606 0.94252348 -0.21562451
0.76002604 0.04860575 -0.64807248 -0.23809533 0.94869173 -0.20807359
0.71668482 -0.03568787 -0.69648355 -0.20191510 0.94529754 -0.25620869
0.73391104 -0.03537874 -0.67832369 -0.16798271 0.95816821 -0.23172291
0.70015371 -0.04907528 -0.71230364 -0.16415356 0.95984626 -0.22748367
0.63237977 -0.07485744 -0.77103323 -0.22808293 0.93320835 -0.27766976
0.69217372 -0.04717010 -0.72018790 -0.12160461 0.97597367 -0.18079764
0.69160682 -0.03855897 -0.72124422 -0.11884037 0.97888947 -0.16629012
0.62042731 -0.03877056 -0.78330517 -0.30153951 0.91020894 -0.28389022
0.59881359 0.00193608 -0.80088615 -0.46266362 0.81709158 -0.34395319
0.59549719 0.00785720 -0.80331898 -0.46710074 0.81693983 -0.33826947
0.63918281 0.02753382 -0.76856190 -0.16939199 0.97985631 -0.10577321
0.67963111 0.04923313 -0.73190010 -0.19276190 0.97466707 -0.11343227
0.59776032 0.04009037 -0.80067182 -0.20785530 0.97234535 -0.10649303
0.59210682 0.04552541 -0.80457258 -0.21299763 0.97173846 -0.10176650
0.58956867 0.04569387 -0.80642474 -0.21339987 0.97173494 -0.10095368
0.55892527 0.03820925 -0.82833725 -0.19925742 0.97585744 -0.08943608
0.53827733 0.03239815 -0.84214485 -0.20693895 0.97374922 -0.09480894
0.56929326 0.05521770 -0.82027817 -0.33376840 0.92734230 -0.16921867
0.54757893 0.04566852 -0.83550686 -0.34702787 0.92098242 -0.17709637
0.50719517 0.00884206 -0.86178583 -0.30758655 0.93595105 -0.17142391
0.50694197 -0.00032187 -0.86198008 -0.19588296 0.97379392 -0.11556501
0.50556415 -0.03684665 -0.86200190 -0.17742537 0.97329456 -0.14566387
0.47443923 -0.04548902 -0.87911218 -0.20760785 0.96471131 -0.16196007
0.48174199 -0.04908126 -0.87493753 -0.26283503 0.94437021 -0.19769360
0.50222176 -0.03559285 -0.86400604 -0.30600333 0.92718780 -0.21606654
0.39513078 -0.06866334 -0.91605514 -0.40648493 0.88119471 -0.24138339
0.43534344 -0.07302476 -0.89729792 -0.37357396 0.89218801 -0.25385639
0.42522955 -0.05119012 -0.90363681 -0.37439960 0.89902449 -0.22711222
0.41285643 -0.02630419 -0.91041619 -0.39243594 0.89689952 -0.20387587
0.44383875 -0.06793747 -0.89352769 -0.38716170 0.88471669 -0.25958091
0.38596314 -0.06374780 -0.92030907 -0.14100581 0.98181051 -0.12714347
0.36027682 -0.06519217 -0.93056470 -0.13059430 0.98420644 -0.11951094
0.18816417 -0.09104082 -0.97790891 -0.14712106 0.98184699 -0.11971572
0.40964472 -0.06147553 -0.91017145 -0.09101484 0.98999441 -0.10783044
0.44463301 -0.05695405 -0.89390033 -0.13421901 0.98247218 -0.12935892
0.41901582 -0.05960109 -0.90602070 -0.07420319 0.99225777 -0.09959150
0.42069092 -0.05905224 -0.90528005 -0.09388582 0.98968726 -0.10818769
0.24268444 -0.06874311 -0.96766663 0.06037959 0.99662262 -0.05565734
0.30218583 -0.06997885 -0.95067698 -0.01835068 0.99668992 -0.07919886
-0.22737037 -0.64518046 0.72941411 -0.15306140 -0.71604484 -0.68106687
0.14880298 -0.06257397 -0.98688507 0.10620092 0.99323499 -0.04696356
0.26641172 -0.07559809 -0.96089017 0.10126198 0.99359775 -0.05009597
0.49760088 -0.05369723 -0.86574250 -0.00747618 0.99777943 -0.06618382
0.24285977 -0.05883543 -0.96827561 0.01549516 0.99826699 -0.05677136
0.24945045 -0.05838939 -0.96662569 0.02006552 0.99827790 -0.05512318
0.47839490 -0.00262722 -0.87814099 -0.32923755 0.92651486 -0.18213446
0.46130052 0.37350735 -0.80479449 -0.70510906 0.70490438 -0.07701380
0.44728932 0.38762578 -0.80602646 -0.83525461 0.50328898 -0.22147249
0.45267969 0.58584553 -0.67220992 -0.87602550 0.15158713 -0.45782176
0.42181188 0.33811164 -0.84128201 -0.80103302 0.57365298 -0.17107999
0.41340232 0.33931357 -0.84496444 -0.81173873 0.55775756 -0.17316701
0.45000806 0.59617406 -0.66488290 -0.88065171 0.41976494 -0.21965881
0.44166082 0.55648279 -0.70374900 -0.88637608 0.39201933 -0.24628896
0.44597110 0.59028095 -0.67281371 -0.89410549 0.32828405 -0.30463913
0.51214653 0.02501011 -0.85853392 -0.19832198 0.97600776 -0.08987396
0.52022135 0.02944889 -0.85352355 -0.15254568 0.98653746 -0.05893815
0.39391494 0.00652069 -0.91912383 -0.18089296 0.98096794 -0.07056705
0.53537858 0.03951425 -0.84368742 -0.19211608 0.97841823 -0.07608667
0.49799085 0.04929550 -0.86578012 0.12846525 0.98317343 0.12987193
0.51389724 0.04320560 -0.85676306 -0.17445277 0.98312491 -0.05506109
0.55575567 0.04507690 -0.83012277 -0.19525231 0.97767597 -0.07762945
0.39884597 0.08712227 -0.91286999 0.12763782 0.98051250 0.14934471
0.39088225 0.08790036 -0.91623396 0.19739470 0.96426409 0.17672041
0.41849583 0.07849340 -0.90482050 0.27867037 0.93710488 0.21018414
0.53456455 0.04886267 -0.84371394 -0.01034574 0.99863076 0.05127959
0.52375734 0.04811516 -0.85050762 -0.07945526 0.99681056 0.00746192
0.55448830 0.04241386 -0.83111000 -0.19901012 0.97648138 -0.08294021
0.55345792 0.04309263 -0.83176166 -0.19649464 0.97722602 -0.08011943
0.67829490 0.04873608 -0.73317188 -0.18777898 0.97616285 -0.10883554
0.66045249 0.05440410 -0.74889439 -0.10938931 0.99370235 -0.02428241
0.65154171 0.06805732 -0.75555384 -0.40480971 0.87350607 -0.27040023
0.66793746 0.00645224 -0.74418950 -0.15393856 0.97953451 -0.12967281
0.53230751 -0.11506868 -0.83869416 -0.13409679 0.96674931 -0.21774720
0.52297229 -0.14060363 -0.84067273 -0.14142323 0.95831519 -0.24825713
0.67362791 -0.15005545 -0.72367734 -0.06715343 0.96269459 -0.26212510
0.70159191 -0.17919204 -0.68968034 -0.06851987 0.94641525 -0.31559992
0.70836216 -0.20741276 -0.67468733 -0.04096659 0.94215989 -0.33265066
0.69906813 -0.19146602 -0.68894458 0.28192922 0.95923728 0.01948836
0.69323993 -0.25242299 -0.67505634 -0.02355938 0.92822105 -0.37128255
0.72895008 -0.25043389 -0.63711429 0.07468829 0.95422119 -0.28962660
0.73340636 -0.25872028 -0.62863261 0.07967128 0.95108509 -0.29847890
0.73324895 -0.26045161 -0.62810105 0.08064748 0.95052385 -0.30000076
0.75872660 -0.24850011 -0.60214758 0.04588720 0.94246942 -0.33112797
0.73561507 -0.25867271 -0.62606621 -0.00317287 0.92289382 -0.38504145
0.80237454 -0.22873792 -0.55124789 0.09479709 0.96075982 -0.26068026
0.84014761 -0.23444149 -0.48906976 0.19231717 0.97192836 -0.13553393
0.84315836 -0.23546638 -0.48336276 0.20506223 0.97188133 -0.11574218
0.73803091 -0.25280198 -0.62562096 -0.01722135 0.91980708 -0.39199287
0.74254996 -0.23763192 -0.62621933 -0.02254056 0.92555243 -0.37794790
0.74222517 -0.19083880 -0.64240360 -0.05394451 0.93847126 -0.34111840
0.73803449 -0.18449230 -0.64905137 -0.05146815 0.94370127 -0.32677060
0.72716111 -0.13013631 -0.67401880 -0.12480213 0.94044173 -0.31621802
0.70575190 -0.16532382 -0.68889940 -0.07198324 0.95062524 -0.30187765
0.69433975 -0.12819685 -0.70813692 -0.10311227 0.95613015 -0.27419528
0.78159338 -0.26447710 -0.56494582 0.30959374 0.95072120 -0.01675828
0.81202656 -0.29698136 -0.50240910 0.39493236 0.91342807 0.09837494
-0.72066486 0.47412556 0.50581330 -0.66381514 -0.68235421 -0.30617362
-0.73148012 0.50501269 0.45814759 -0.65209240 -0.71447736 -0.25357002
-0.72999340 0.50086099 0.46502468 -0.66123015 -0.68967026 -0.29517734
-0.74577105 0.52476484 0.41042346 -0.64067835 -0.73382771 -0.22589433
-0.74659747 0.53683585 0.39293715 -0.64933091 -0.71655548 -0.25478926
-0.74919748 0.53471345 0.39087683 -0.65454459 -0.68801701 -0.31337526
0.82147127 -0.29786065 -0.48627573 0.34952170 0.93678045 0.01664077
-0.67286736 0.44310704 0.59237295 -0.73812610 -0.34890288 -0.57743979
-0.64410836 0.56679952 0.51367575 -0.73329335 -0.26638681 -0.62555492
-0.62009829 0.59330684 0.51328856 -0.73355883 -0.20652136 -0.64748776
-0.54070807 0.64402455 0.54117203 -0.76835614 -0.11622709 -0.62938076
-0.48147565 0.75596952 0.44349894 -0.81685376 -0.20362526 -0.53970981
-0.46912849 0.65336001 0.59417105 -0.86946899 -0.22382231 -0.44037184
-0.48478076 0.48937583 0.72491312 -0.86254817 -0.13017887 -0.48894188
-0.48584446 0.08536632 0.86986655 -0.86822295 -0.16181684 -0.46904615
-0.57275474 0.58826417 0.57087421 -0.68146014 0.04536131 -0.73044807
-0.54538304 0.58612382 0.59917974 -0.72869748 0.02169263 -0.68449211
-0.47461054 0.63323247 0.61136043 -0.73178482 0.10209468 -0.67384547
-0.50458992 0.58465767 0.63526720 -0.67197353 0.19603077 -0.71415931
-0.47155464 0.57493436 0.66864550 -0.80312026 0.03314857 -0.59489417
-0.36427283 0.74582839 0.55771440 -0.84338170 -0.01019913 -0.53721803
-0.42457670 0.51382625 0.74546444 -0.86036414 0.02745305 -0.50893998
-0.35556540 0.68750095 0.63317907 -0.91631168 -0.12286754 -0.38115156
-0.31572238 0.68053931 0.66120017 -0.93512785 -0.10507895 -0.33837017
-0.33566123 0.54992330 0.76479799 -0.90241158 0.04512553 -0.42850557
-0.30621770 0.53630686 0.78651488 -0.91528952 0.06124212 -0.39811376
-0.31737223 0.44777817 0.83592445 -0.92508334 0.04767346 -0.37675995
-0.29857972 0.69027299 0.65907007 -0.94104767 -0.09788937 -0.32380077
-0.31408980 0.82556432 0.46881893 -0.94515711 -0.31850079 -0.07235488
-0.14515196 0.96154618 0.23315208 -0.97670043 -0.17690067 0.12150094
-0.32716766 0.82835752 0.45473635 -0.94481015 -0.27799881 -0.17335078
-0.27848986 0.70338345 0.65398413 -0.93100762 -0.03042875 -0.36372921
-0.22377095 0.69741648 0.68083537 -0.94036824 0.02912758 -0.33890885
-0.10539182 0.45665517 0.88337910 -0.99257600 0.00592304 -0.12148145
-0.08883979 0.63915610 0.76392871 -0.99447662 -0.01388212 -0.10403623
-0.06730343 0.65014344 0.75682479 -0.99555176 0.00636489 -0.09400082
-0.03988469 0.86196774 0.50539178 -0.99919647 -0.03641036 -0.01675549
-0.03891312 0.92971444 0.36621973 -0.99718845 -0.05961912 0.04539638
-0.05342088 0.92857760 0.36727354 -0.99654543 -0.07299662 0.03960725
-0.10227071 0.46948987 0.87699485 -0.98885781 0.04788611 -0.14095093
-0.07397942 0.28311408 0.95622879 -0.99647802 0.01697409 -0.08211891
-0.04809125 0.60255021 0.79663074 -0.99587518 0.03251091 -0.08470969
-0.02615011 0.87851214 0.47700378 -0.99475360 -0.07007705 0.07452904
-0.03901188 0.92343152 0.38177523 -0.99799180 -0.05508850 0.03126688
-0.03935553 0.87966782 0.47395760 -0.99920517 -0.03765684 -0.01307869
-0.04004049 0.53135234 0.84620416 -0.99862379 -0.04998944 -0.01586305
-0.06930373 0.79087079 0.60804635 -0.99758625 -0.05229947 -0.04567797
-0.07306591 0.95199245 0.29727402 -0.99683982 -0.07902724 0.00806769
-0.10262498 0.97352391 -0.20425315 -0.99426222 -0.09416198 0.05075664
-0.13180426 0.95375371 0.27015081 -0.99112713 -0.12207576 -0.05258007
-0.14230305 0.85944706 0.49102002 -0.98982120 -0.12257236 -0.07231909
-0.15840751 0.76313543 0.62652326 -0.98737359 -0.12198400 -0.10106102
-0.14741352 0.56723440 0.81025577 -0.98870492 -0.10691758 -0.10502996
-0.13019818 0.53968114 0.83174074 -0.99050319 -0.10817916 -0.08485753
-0.12952407 0.40164459 0.90658987 -0.99011010 -0.10208850 -0.09622850
-0.14755450 0.40210265 0.90362668 -0.98724484 -0.11511314 -0.10998473
-0.15215556 0.43121648 0.88932616 -0.98549438 -0.13462213 -0.10333348
-0.12724735 0.42433125 0.89652169 -0.99184668 -0.06076978 -0.11201440
-0.12105221 0.52000457 0.84554225 -0.99189210 -0.03017038 -0.12344977
-0.13437708 0.86445898 0.48441049 -0.98990643 -0.09488863 -0.10526897
-0.09821065 0.53951877 0.83622622 -0.99326110 -0.00117962 -0.11589256
-0.09880475 0.48751128 0.86750811 -0.99007779 0.03937337 -0.13489136
-0.06787494 0.75910681 0.64741778 -0.99380106 -0.10870950 0.02327391
-0.06032605 0.48714286 0.87123626 -0.99678916 0.01664035 -0.07832384
-0.12796427 0.57848531 0.80559289 -0.99159855 -0.05913933 -0.11504315
-0.15504214 0.54072452 0.82678837 -0.98775333 -0.09965102 -0.12005444
-0.12809679 0.98977149 0.06279901 -0.99082208 -0.12496291 -0.05153612
0.97281879 0.11553899 0.20068496 -0.14472598 0.97988319 0.13741648
-0.06852186 0.98261493 0.17254773 -0.99586755 -0.07770175 0.04701428
-0.11370919 0.80682075 0.57975036 -0.99343759 -0.09957550 -0.05627146
-0.04869140 0.62299877 0.78070593 -0.99300319 0.05399547 -0.10502011
-0.33381078 0.79318649 0.50933844 -0.94241410 -0.26898646 -0.19875108
-0.35428885 0.82334954 0.44336784 -0.91280329 -0.40748566 0.02730708
-0.33086848 0.85923254 0.39018646 -0.93764657 -0.25266704 -0.23870119
-0.31523225 0.88958454 0.33055717 -0.94004220 -0.34048128 0.01983095
-0.36750349 0.49528661 0.78716737 -0.89522976 0.04094879 -0.44371939
-0.61102873 0.52380186 0.59352803 -0.68382972 0.02843477 -0.72908741
-0.65536976 0.49201152 0.57307518 -0.68063611 -0.05576953 -0.73049593
-0.67788225 0.42452794 0.60020977 -0.68541169 -0.06969821 -0.72481245
-0.69047993 0.39669049 0.60487539 -0.71276939 -0.23061195 -0.66240323
-0.66151685 0.23150057 0.71330434 -0.71887493 -0.46663556 -0.51523799
-0.71076977 0.40620920 0.57428253 -0.70340526 -0.40435496 -0.58456659
-0.69799930 0.29138240 0.65413558 -0.71602166 -0.29737121 -0.63157219
-0.66919011 0.10085416 0.73621541 -0.70364344 -0.40451539 -0.58416891
-0.69636238 0.18656228 0.69301802 -0.63267773 -0.61544275 -0.47005227
0.69038504 -0.21892308 -0.68952250 0.46593937 0.86366534 0.19230892
0.73120922 -0.24701691 -0.63585836 0.41101670 0.90347171 0.12167239
-0.68784416 0.22068085 0.69149870 -0.72488379 -0.15949024 -0.67015404
-0.72342598 0.39495948 0.56627017 -0.69036728 -0.42205688 -0.58758920
-0.67747355 0.30368853 0.66992754 -0.70536697 -0.52645290 -0.47466290
-0.70751745 0.39946970 0.58296061 -0.60283870 -0.77163708 -0.20288377
-0.69745713 0.50201249 0.51140690 -0.71562064 -0.52569604 -0.45992479
-0.69439828 0.43151319 0.57585359 -0.71942413 -0.39908180 -0.56847405
-0.68196064 0.40736336 0.60744125 -0.67736369 -0.03850299 -0.73464006
-0.64079368 0.54826415 0.53739178 -0.71068251 -0.15887494 -0.68533880
-0.67253929 0.63593751 0.37851611 -0.73856997 -0.54429567 -0.39781478
0.81917542 -0.29978159 -0.48896074 0.34870121 0.93718475 0.00960550
0.71864218 -0.24844760 -0.64948231 -0.01016948 0.93014133 -0.36706093
0.70416158 -0.16594748 -0.69037527 -0.07039686 0.95119780 -0.30044478
0.70290166 -0.18521062 -0.68675065 0.27266532 0.96190810 0.01965968
0.69820058 -0.18608266 -0.69129527 0.40764278 0.89713490 0.17022423
0.62157112 -0.12580658 -0.77318949 0.50041914 0.82314426 0.26835483
-0.67716676 0.19537060 0.70941919 -0.69842857 -0.47411817 -0.53610587
-0.63158780 0.03916606 0.77431440 -0.53571820 -0.74399918 -0.39933845
0.69114399 -0.07686640 -0.71861780 -0.13814558 0.96194297 -0.23575753
0.75215155 -0.05078645 -0.65703034 -0.14073202 0.96164602 -0.23543876
0.72505718 -0.06239140 -0.68585676 -0.18195871 0.94314408 -0.27815509
0.49119711 -0.03521053 -0.87033653 -0.11670097 0.98751414 -0.10581434
0.30600944 -0.09239906 -0.94753402 -0.20003662 0.96682048 -0.15888232
0.55354518 0.01224966 -0.83272910 -0.16954458 0.98061013 -0.09827738
0.69239795 0.02255428 -0.72116327 -0.27460065 0.93253011 -0.23448281
0.62717599 0.08478346 -0.77424937 -0.34398872 0.92200911 -0.17768221
0.54310495 0.05825457 -0.83764166 -0.20273705 0.97717279 -0.06349099
0.63968289 0.07584198 -0.76488811 -0.18748471 0.98045903 -0.05957841
0.74313253 0.15872765 -0.65004587 -0.29359531 0.95029998 -0.10359480
0.60939246 0.17817943 -0.77258855 -0.45511892 0.87650961 -0.15683641
0.55325496 0.14935239 -0.81951386 -0.38231549 0.91958833 -0.09051124
0.71555996 0.22566633 -0.66109663 -0.32981020 0.94340014 -0.03495009
0.56231821 0.17984994 -0.80712599 -0.41654912 0.90478605 -0.08859517
0.53278506 0.17294924 -0.82838929 -0.42679176 0.90019852 -0.08655301
0.51500505 0.17188871 -0.83977628 -0.44161692 0.89287060 -0.08807174
0.50873291 0.17410156 -0.84313667 -0.45677552 0.88471556 -0.09292252
0.50162494 0.17878601 -0.84640884 -0.44995111 0.88957340 -0.07876030
0.49716854 0.19409326 -0.84566617 -0.48246509 0.87192404 -0.08352222
0.45080924 0.21678138 -0.86589658 -0.53671622 0.84094548 -0.06889424
0.46479970 0.21143027 -0.85980135 -0.52509099 0.84769905 -0.07540454
0.46288833 0.21043202 -0.86107653 -0.52516770 0.84767342 -0.07515751
0.44612873 0.24547125 -0.86064690 -0.58720434 0.80600297 -0.07449999
0.43490306 0.23408578 -0.86951900 -0.60657430 0.78982985 -0.09075484
0.42882073 0.23439313 -0.87245220 -0.65636271 0.74441487 -0.12261558
0.18487047 0.01093769 -0.98270208 -0.49085662 0.86730754 -0.08268888
-0.01945513 -0.11293172 -0.99341232 -0.12556867 0.98600894 -0.10963094
-0.10132710 -0.13361438 -0.98583978 -0.41076520 0.90814805 -0.08086504
-0.05579523 -0.11326938 -0.99199647 -0.40875196 0.90906090 -0.08080911
-0.17112802 -0.13713606 -0.97565824 -0.24465698 0.96516353 -0.09274871
-0.45441613 -0.23388128 -0.85953802 -0.25291026 0.95908350 -0.12726042
-0.24026337 -0.20865512 -0.94801724 -0.38627172 0.91652274 -0.10382743
-0.23510349 -0.20588061 -0.94991553 -0.36466286 0.92460269 -0.11014060
0.11572824 0.02846939 -0.99287283 -0.57445431 0.81737894 -0.04352048
-0.01338367 -0.05792377 -0.99823135 -0.59853566 0.80017501 -0.03840648
-0.02145588 -0.05981632 -0.99797881 -0.59020507 0.80646580 -0.03564851
0.30006483 0.26883161 -0.91525441 -0.68885583 0.72478271 -0.01295475
0.32832670 0.31671175 -0.88988501 -0.70284003 0.71132141 -0.00615508
0.28321636 0.35935414 -0.88918680 -0.73364699 0.67832512 0.04046180
0.25302678 0.38240287 -0.88867629 -0.73611319 0.67215633 0.07964449
0.24479392 0.39012811 -0.88762379 -0.72387677 0.68258852 0.10037626
0.22929977 0.47679886 -0.84857792 -0.83817202 0.53995705 0.07690307
0.12703924 0.24289098 -0.96169901 -0.96971118 0.23433124 -0.06891389
0.19708894 0.37998185 -0.90375316 -0.82841694 0.55752689 0.05375168
0.11009824 0.08871987 -0.98995316 -0.94872051 0.30632696 -0.07805942
0.18531607 0.30074772 -0.93552595 -0.77273923 0.63272458 0.05033476
0.27213728 0.34314850 -0.89899415 -0.73450202 0.67763436 0.03631150
-0.01080924 -0.00066455 -0.99994141 -0.67689091 0.73605174 0.00682794
-0.04650020 -0.05761957 -0.99725515 -0.61364120 0.78940207 -0.01699722
-0.17915584 -0.16603866 -0.96970844 -0.79630697 0.60330349 0.04381868
0.34734777 0.31087652 -0.88470638 -0.68101269 0.73220217 -0.01008667
0.31923389 0.28241664 -0.90461630 -0.67943919 0.73365349 -0.01072728
0.35492462 0.24257287 -0.90287703 -0.66175777 0.74736506 -0.05934767
0.39862555 0.27384442 -0.87527537 -0.62933224 0.77589750 -0.04386358
0.38118353 0.27035436 -0.88408583 -0.65083492 0.75764114 -0.04892733
-0.22191672 -0.20369723 -0.95355147 -0.63489676 0.77240455 -0.01724341
-0.53195751 -0.28965563 -0.79568899 -0.35902387 0.92818362 -0.09786256
0.38417682 0.25622985 -0.88699186 -0.63839382 0.76776260 -0.05471569
0.25131935 0.06096143 -0.96598262 -0.48184791 0.87343502 -0.07024127
0.47706327 0.16872133 -0.86252177 -0.34963614 0.93683088 -0.01012753
0.36613899 0.14999673 -0.91839164 -0.36172658 0.93224943 0.00804900
0.41945714 0.15168548 -0.89501244 -0.53973162 0.83441573 -0.11153537
0.29363832 0.06457745 -0.95373285 -0.47726250 0.87436986 -0.08773735
0.30521464 0.07024840 -0.94968903 -0.45761979 0.88539773 -0.08157883
0.31492221 0.06928919 -0.94658500 -0.45799771 0.88462484 -0.08761888
0.20461035 -0.00163084 -0.97884220 -0.51149881 0.85242671 -0.10834038
0.43526480 0.11741544 -0.89261311 -0.41700542 0.90498608 -0.08430127
0.48786768 0.12726432 -0.86359078 -0.41193062 0.90579635 -0.09922764
0.48512167 0.13110855 -0.86456203 -0.15892009 0.98545021 0.06026791
0.65165991 0.24185400 -0.71892005 -0.50607061 0.84463936 -0.17457649
0.41860983 0.12430425 -0.89961898 -0.28837594 0.95751542 -0.00188277
0.36152321 0.09723315 -0.92727923 -0.35139993 0.93541634 -0.03891575
0.28858566 0.07949053 -0.95414859 -0.26281244 0.96484655 0.00089321
0.58862352 0.13631107 -0.79683232 -0.14210941 0.98777992 0.06399890
0.51767552 0.14977597 -0.84236526 -0.39350688 0.91592318 -0.07897478
0.48057446 0.14427425 -0.86500472 -0.42275208 0.90230912 -0.08437392
0.49717778 0.15946473 -0.85286885 -0.43636322 0.89556152 -0.08692971
0.51036584 0.11055493 -0.85282141 -0.29855314 0.95279813 -0.05515198
0.38651189 0.10081093 -0.91675830 -0.39636368 0.91568816 -0.06641651
0.35040793 0.07742119 -0.93339181 -0.41154322 0.90794355 -0.07918855
0.04043148 -0.03848417 -0.99844092 -0.34589401 0.93693399 -0.05012027
0.12138803 -0.00467927 -0.99259412 -0.48574856 0.87178808 -0.06351377
0.13191126 -0.00264281 -0.99125803 -0.49076521 0.86866361 -0.06762435
0.16296023 0.01425108 -0.98652977 -0.45779106 0.88683844 -0.06280939
0.19802520 0.03467301 -0.97958350 -0.56016976 0.82410079 -0.08407008
0.03333837 -0.02846468 -0.99903870 -0.30743623 0.95083541 -0.03735055
0.02064426 -0.03062160 -0.99931782 -0.47732681 0.87795645 -0.03676358
-0.03188376 -0.05774067 -0.99782234 -0.27254525 0.96099919 -0.04690111
0.15219779 0.00694114 -0.98832572 -0.51299328 0.85528362 -0.07299194
0.14178708 0.00544817 -0.98988223 -0.52689666 0.84697467 -0.07080910
0.18490416 0.03251872 -0.98221844 -0.80344582 0.58055413 -0.13202928
0.15833439 -0.01834710 -0.98721510 -0.71198881 0.69060564 -0.12702695
0.17064384 0.02276289 -0.98506981 -0.93007064 0.33382073 -0.15340242
0.00842121 -0.32805258 -0.94462192 -0.99844050 0.04937620 -0.02604859
0.13255359 0.01615581 -0.99104422 -0.52954036 0.84636563 -0.05702951
-0.15470164 -0.17593214 -0.97217041 -0.75287265 0.65816593 0.00069748
-0.21260263 -0.23744400 -0.94785047 -0.73581058 0.67717183 -0.00459472
-0.11812200 -0.73794395 -0.66444409 -0.90295440 0.35824400 -0.23734912
-0.74355984 -0.22040439 -0.63130087 -0.46500647 0.84888417 0.25132608
-0.55254209 -0.15481704 -0.81898040 -0.40023193 0.91118264 0.09777810
-0.35562634 -0.17545794 -0.91801113 -0.43968695 0.89815015 -0.00133256
-0.20235801 -0.12115073 -0.97178894 -0.46353111 0.88597119 -0.01392980
-0.91692948 -0.13289261 -0.37627104 -0.17021087 0.98308796 0.06757425
-0.83430749 -0.13245431 -0.53515136 -0.05135958 0.98516148 -0.16376528
-0.82972002 -0.12856007 -0.54317313 -0.02238590 0.97999620 -0.19775344
-0.83789784 -0.11400586 -0.53378826 0.07328043 0.94559419 -0.31698859
-0.84892631 -0.10574894 -0.51782370 0.10592099 0.92585719 -0.36272484
-0.61848235 -0.22316775 -0.75344265 0.24442677 0.85662174 -0.45437297
-0.31518266 -0.85477591 0.41233253 -0.59033096 -0.16360793 -0.79040617
-0.94981349 -0.15258448 -0.27307940 -0.18379942 0.97860330 0.09248415
-0.17210858 -0.92519766 -0.33821285 -0.98218328 0.18747327 -0.01303225
-0.13832849 -0.81306463 -0.56550080 -0.98303515 0.18215981 -0.02144287
-0.13502918 -0.83122998 -0.53928089 -0.95434451 0.25546321 -0.15480673
-0.09792201 -0.73167020 -0.67458880 -0.98820353 0.15168905 -0.02107874
-0.02955594 -0.46836799 -0.88303906 -0.96239060 0.25201344 -0.10145720
-0.00972459 -0.35275888 -0.93566376 -0.98340273 0.17290916 -0.05496852
0.07399833 -0.03956359 -0.99647325 -0.89709908 0.43380153 -0.08384228
-0.00032891 -0.10294612 -0.99468690 -0.62783045 0.77423596 -0.07992272
-0.05197495 -0.07549050 -0.99579108 -0.53141803 0.84632641 -0.03642248
0.09774503 -0.03904318 -0.99444532 -0.55290014 0.82870567 -0.08688115
0.18004432 0.01032840 -0.98360425 -0.47821248 0.87474239 -0.07834934
0.19884060 0.01004575 -0.97998041 -0.47249025 0.87704337 -0.08687896
-0.12879252 -0.08725194 -0.98782569 -0.29412857 0.95465952 -0.04597403
0.04462324 -0.02514194 -0.99868751 -0.33827633 0.94024724 -0.03878554
0.01278563 -0.03653795 -0.99925047 -0.21404007 0.97606868 -0.03842899
0.02241029 -0.03594469 -0.99910247 -0.18223868 0.98246324 -0.03943375
-0.36374712 -0.11053633 -0.92491609 -0.23737279 0.97115320 -0.02270912
0.17075807 0.00734428 -0.98528570 -0.49537918 0.86504006 -0.07940530
-0.26012099 -0.05900605 -0.96377146 -0.10176000 0.99424791 -0.03340702
-0.54054654 -0.09513009 -0.83591849 -0.20134059 0.97934192 0.01874473
-0.68120778 -0.11092751 -0.72363746 -0.17760412 0.98396611 0.01635679
-0.69238400 -0.11175179 -0.71282256 -0.17825007 0.98380363 0.01890468
-0.64933032 -0.12558937 -0.75006503 0.14353685 0.94830608 -0.28304210
-0.65377641 -0.12482999 -0.74632031 0.14053735 0.94910735 -0.28185895
-0.68910384 -0.10643365 -0.71680385 0.15721831 0.94363737 -0.29125750
-0.71056646 -0.10843064 -0.69522530 0.20740034 0.91188192 -0.35419837
-0.87929809 -0.10723254 -0.46404317 -0.06812266 0.99262285 -0.10029534
-0.88366139 -0.10378641 -0.45647669 -0.06778844 0.99320543 -0.09459235
-0.07976086 -0.90304196 0.42208228 -0.92601657 -0.08960305 -0.36669433
-0.87199187 -0.07245190 -0.48412901 0.16596673 0.88665456 -0.43162349
-0.28417629 -0.70574826 0.64897090 -0.82434553 -0.16579010 -0.54126537
-0.31037045 -0.65487444 0.68906438 -0.82699633 -0.17143884 -0.53543055
-0.24762672 -0.73443723 0.63188845 -0.81223971 -0.19816738 -0.54863131
-0.36602134 -0.50587082 0.78110385 -0.75930214 -0.32293895 -0.56495202
-0.21138942 -0.67188978 0.70984417 -0.75504249 -0.34892869 -0.55512130
-0.33963242 -0.50103974 0.79599565 -0.80314916 -0.28594521 -0.52267283
-0.46651840 -0.30321541 0.83091575 -0.86970311 -0.01392929 -0.49337867
-0.49337643 -0.26970115 0.82694679 -0.84344345 -0.08399081 -0.53061157
-0.48389056 -0.27786535 0.82984382 -0.69030315 -0.46164855 -0.55710161
-0.54413766 -0.15353389 0.82482821 -0.61404419 -0.59704936 -0.51621884
-0.58026618 -0.06685138 0.81167865 -0.50496256 -0.75240493 -0.42296538
-0.63822699 0.00035495 0.76984817 -0.50814861 -0.75140411 -0.42092392
-0.53411174 -0.10701384 0.83861363 -0.64755154 -0.58593398 -0.48719451
-0.55462933 -0.07706374 0.82852131 -0.64836717 -0.58406198 -0.48835611
-0.60361981 0.11816218 0.78846741 -0.76758760 -0.35347706 -0.53466189
-0.60374981 0.11756112 0.78845775 -0.76740372 -0.35348096 -0.53492314
-0.39784649 0.38565037 0.83246142 -0.91634107 -0.21167222 -0.33987352
-0.39823008 0.61116463 0.68402535 -0.91624212 -0.22946994 -0.32839611
-0.32491088 0.82452601 0.46323848 -0.90179908 -0.12252899 -0.41442150
-0.58584130 -0.03270815 0.80976552 -0.78748369 -0.21308692 -0.57832819
-0.58136803 -0.04979274 0.81211573 -0.77795142 -0.25835562 -0.57275128
-0.55505294 -0.12506358 0.82235962 -0.79674488 -0.20410605 -0.56880438
-0.59786910 -0.01343018 0.80148131 -0.61018813 -0.64077926 -0.46591035
-0.62094903 -0.00460944 0.78383744 -0.64344966 -0.56808972 -0.51307571
-0.54302347 -0.15871897 0.82458097 -0.80096734 -0.19695733 -0.56538403
-0.40496489 -0.38252527 0.83046848 -0.62658834 -0.54536194 -0.55674720
-0.76136416 -0.14942376 -0.63087022 0.23760633 0.84106094 -0.48596269
-0.32116750 -0.78646129 0.52756989 -0.61123168 -0.25336817 -0.74980026
-0.79332626 -0.11364517 -0.59809560 0.14037326 0.92180437 -0.36134762
-0.77675855 -0.11547122 -0.61912245 0.08597524 0.95440400 -0.28586948
-0.69092298 -0.10186455 -0.71571583 0.26460773 0.88568759 -0.38149741
-0.45348045 -0.76648772 0.45480999 -0.56049114 -0.15150568 -0.81418407
-0.43223375 -0.79099715 0.43300995 -0.56033105 -0.14064081 -0.81624097
-0.74737114 -0.02479961 -0.66394383 0.30190405 0.87750292 -0.37261602
-0.59628552 -0.16208802 -0.78623861 0.27029699 0.88167912 -0.38675767
-0.83186430 -0.11080116 -0.54380608 -0.07005917 0.99299425 -0.09515382
-0.80352062 -0.12168116 -0.58270776 -0.03786807 0.98735106 -0.15396096
-0.24856880 -0.05304233 -0.96716082 -0.00275974 0.99853426 -0.05405368
-0.12572777 -0.02946843 -0.99162704 0.09811943 0.99428850 -0.04198803
-0.17997570 -0.01461580 -0.98356247 0.11609933 0.99258524 -0.03599414
-0.14227504 -0.18982039 0.97145557 -0.54362822 -0.80518550 -0.23694892
-0.11607286 -0.21584530 0.96950400 -0.36205328 -0.89974797 -0.24366167
0.41523036 0.14084698 -0.89874685 0.13583346 0.96726775 0.21434170
0.40024501 0.14564098 -0.90476108 0.19205861 0.95203376 0.23821278
0.48985779 0.14777279 -0.85918719 -0.42363176 0.90170026 -0.08644515
0.41971397 0.24181335 -0.87485230 -0.57938498 0.81331873 -0.05315714
0.49633729 0.17220151 -0.85087949 -0.45743841 0.88490140 -0.08774734
0.51685315 0.16440646 -0.84013891 -0.43623501 0.89498991 -0.09323137
0.55089080 0.17143692 -0.81677949 -0.42219040 0.90145814 -0.09554301
0.68069386 0.18593259 -0.70857954 -0.25587392 0.96667826 0.00785401
0.72497636 -0.00928846 -0.68871117 -0.23797934 0.93495119 -0.26311997
0.75386614 -0.18129446 -0.63152057 -0.06696686 0.93497014 -0.34834805
0.78959596 -0.20860897 -0.57707936 -0.03408457 0.92407751 -0.38068235
0.77958965 -0.21003240 -0.59002239 -0.03300983 0.92700100 -0.37360340
0.82590735 -0.18577307 -0.53232092 -0.07911606 0.89662689 -0.43566141
-0.15087320 0.85192299 -0.50146240 -0.93139750 0.04748276 0.36089364
-0.25247154 0.57048786 -0.78153813 -0.93565851 0.06189153 0.34743729
0.81179315 -0.19498305 -0.55043030 -0.02788152 0.92858875 -0.37006158
0.84504628 -0.17297032 -0.50594276 -0.04238123 0.92158508 -0.38585588
0.88951647 -0.13772079 -0.43565291 -0.04527352 0.92223090 -0.38397983
0.89023411 -0.13338006 -0.43553764 -0.04961757 0.92208290 -0.38379854
0.90550339 -0.11410324 -0.40871027 -0.05842522 0.92047143 -0.38641807
0.93683046 -0.08447429 -0.33943018 -0.03739281 0.94065237 -0.33730546
-0.21080460 0.70801377 -0.67400146 -0.90823585 0.11310917 0.40288216
-0.30757257 0.49590448 -0.81208247 -0.92555487 0.04210976 0.37626445
-0.24911954 0.63406450 -0.73205310 -0.92051041 0.07990394 0.38246045
0.79506111 -0.21793221 -0.56602418 -0.07528806 0.89054030 -0.44863099
0.87176234 -0.15358022 -0.46523502 -0.05237288 0.91494256 -0.40017149
0.82100254 -0.19217111 -0.53761059 -0.03107976 0.92520911 -0.37818274
0.77156031 -0.23357640 -0.59172362 -0.02472511 0.91844118 -0.39478415
0.83565259 -0.18963456 -0.51548374 -0.03975870 0.91516227 -0.40112001
0.94611388 -0.14911598 -0.28745946 0.19400784 0.97174174 0.13445818
0.88234848 -0.14912120 -0.44634527 -0.06143074 0.90385306 -0.42340991
-0.10258459 0.90928006 -0.40334383 -0.91635537 0.07136938 0.39395344
-0.10831334 0.90445954 -0.41257873 -0.94361943 0.03705204 0.32895213
-0.24068323 0.67049295 -0.70179111 -0.93019283 0.04712090 0.36403427
-0.27585062 0.59240907 -0.75693983 -0.91153371 0.08863663 0.40155935
-0.11027980 0.90039647 -0.42086187 -0.95810807 0.01630647 0.28594244
-0.11423741 0.89445609 -0.43231723 -0.96188354 0.00924643 0.27330306
-0.17652304 0.60809547 -0.77398938 -0.97506052 -0.00056334 0.22193855
