-0.28656265 -0.43041173 0.85593671 -0.95384276 0.04442336 -0.29700258
-0.28151077 -0.42754835 0.85904258 -0.95742464 0.06548734 -0.28115758
-0.28148440 -0.40222794 0.87119418 -0.95927560 0.09562802 -0.26579243
-0.28469962 -0.40251708 0.87001503 -0.95832568 0.09714060 -0.26865536
-0.29364845 -0.34794769 0.89033872 -0.95463079 0.05850881 -0.29198763
-0.30278707 -0.39901900 0.86550784 -0.95046592 0.05948801 -0.30508322
-0.30853963 -0.32252750 0.89486277 -0.95086551 0.07920589 -0.29930136
-0.30717805 -0.31835929 0.89682162 -0.95150775 0.08633310 -0.29526198
-0.29827943 -0.19427781 0.93449748 -0.95443916 0.05180329 -0.29387486
-0.30740672 -0.31941664 0.89636719 -0.94929087 0.03766463 -0.31213510
-0.30878440 -0.26741379 0.91276622 -0.94980943 0.03610285 -0.31073886
-0.30697379 -0.29968104 0.90330416 -0.94832742 0.01627116 -0.31687608
-0.31443423 -0.30216619 0.89990371 -0.94426078 0.00220991 -0.32919097
-0.32221481 -0.27928251 0.90453249 -0.94163013 -0.00387756 -0.33662704
-0.89611804 0.38813919 -0.21522172 0.31292871 0.20869945 -0.92656368
-0.31027779 -0.16129047 0.93686342 -0.95017374 0.02155738 -0.31097466
-0.30876613 -0.34466472 0.88649297 -0.94167989 -0.02033780 -0.33589500
-0.30931661 -0.34624356 0.88568544 -0.93683982 -0.04894748 -0.34631693
-0.30862963 -0.38237026 0.87094241 -0.92972380 -0.07212665 -0.36112535
-0.29781997 -0.41228777 0.86100060 -0.93704522 -0.04602342 -0.34616202
-0.28677747 -0.49742433 0.81873548 -0.93576163 -0.03761530 -0.35062128
-0.31395870 -0.47022131 0.82481635 -0.92945462 -0.02507508 -0.36808348
-0.33844009 -0.48289207 0.80763453 -0.91247028 -0.04128298 -0.40705502
-0.34743854 -0.47255191 0.80992663 -0.90445143 -0.05909099 -0.42246401
-0.36349240 -0.40155628 0.84061044 -0.90150499 -0.07586905 -0.42606646
-0.36852521 -0.43091640 0.82371128 -0.88691157 -0.10250153 -0.45042345
-0.35494882 -0.47034648 0.80795145 -0.88767779 -0.10159525 -0.44911754
-0.34475344 -0.49513504 0.79748756 -0.88518184 -0.11126506 -0.45174462
-0.35118914 -0.50267965 0.78992361 -0.88005954 -0.11078237 -0.46176022
-0.34018117 -0.54251575 0.76808423 -0.87653691 -0.11284550 -0.46791986
-0.33969328 -0.53563404 0.77311367 -0.85723937 -0.16187894 -0.48881078
-0.82639664 -0.52340758 0.20763706 -0.37673783 0.23988545 -0.89471984
-0.81984729 -0.53305590 0.20904981 -0.38175496 0.23676869 -0.89342254
-0.79779953 -0.55567622 0.23396565 -0.41918147 0.23228380 -0.87768507
-0.35824230 -0.58311629 0.72913498 -0.86693525 -0.08210742 -0.49161136
-0.34385666 -0.58925784 0.73112094 -0.85856569 -0.11803862 -0.49893069
-0.32338837 -0.59050685 0.73940635 -0.86407959 -0.13424191 -0.48512441
-0.33352119 -0.56833977 0.75216591 -0.86991382 -0.12196088 -0.47788647
-0.34269482 -0.56548995 0.75018758 -0.88349491 -0.07747276 -0.46199003
-0.34101164 -0.56385064 0.75218582 -0.88633323 -0.07377649 -0.45713291
-0.34240827 -0.55054986 0.76134849 -0.88880527 -0.07290393 -0.45244920
-0.35578549 -0.52202624 0.77518088 -0.89773762 -0.03965768 -0.43874192
-0.34905824 -0.53313816 0.77066344 -0.91540003 0.01802933 -0.40214157
-0.33974212 -0.58176607 0.73900169 -0.90768045 -0.00300078 -0.41965133
-0.30797520 -0.66536027 0.68003452 -0.92209083 0.03271580 -0.38558817
-0.28788775 -0.78853220 0.54344976 -0.95342577 0.18266433 -0.24002747
-0.32345799 -0.53056729 0.78350073 -0.92733014 0.01302238 -0.37401769
-0.30068746 -0.51926935 0.79996651 -0.93971545 0.01808083 -0.34147909
-0.31113228 -0.46784899 0.82723278 -0.94015384 0.02425453 -0.33988592
-0.29515517 -0.46200508 0.83632225 -0.94690877 0.02467088 -0.32055461
-0.29583734 -0.50322223 0.81194073 -0.94948399 0.06175176 -0.30768001
-0.29447576 -0.51073962 0.80773085 -0.95146024 0.07754467 -0.29784280
-0.29564565 -0.51247984 0.80619979 -0.95224702 0.09070482 -0.29154474
-0.28578711 -0.51319098 0.80929649 -0.95533079 0.08622053 -0.28268209
-0.29800385 -0.56738663 0.76763672 -0.94801044 0.08183928 -0.30753639
-0.29927379 -0.56456554 0.76922107 -0.94377398 0.05648196 -0.32573086
-0.29215482 -0.52490991 0.79944676 -0.94595397 0.03556252 -0.32234526
-0.30363744 -0.52075380 0.79788464 -0.94363570 0.04857064 -0.32740292
-0.30242628 -0.61107016 0.73152697 -0.92723632 0.01079187 -0.37432119
-0.31376004 -0.66367394 0.67903733 -0.90006852 -0.01985410 -0.43529594
-0.23425265 -0.78476089 0.57382584 -0.86169493 -0.10568202 -0.49629948
-0.31879285 -0.66047508 0.67981166 -0.88811809 -0.04238576 -0.45765680
-0.34674829 -0.60033518 0.72066861 -0.83334285 -0.15544374 -0.53044987
-0.25616899 -0.78687489 0.56143165 -0.89007384 -0.03452316 -0.45450723
-0.36665952 -0.67990708 0.63504899 -0.85792577 -0.01695389 -0.51349390
-0.56299442 -0.70998770 0.42303038 -0.65080255 0.06536169 -0.75642842
-0.65290445 -0.69831932 0.29337001 -0.56445378 0.19030124 -0.80322927
-0.69634962 -0.65862763 0.28514352 -0.51958632 0.18855673 -0.83335251
-0.68334788 -0.67936718 0.26738718 -0.50300997 0.17264728 -0.84686124
-0.70936900 -0.67585289 0.20004638 -0.42971504 0.18972161 -0.88280845
-0.73490053 -0.65489405 0.17616752 -0.39802426 0.20618841 -0.89390326
-0.71128643 -0.68644536 0.15121020 -0.39889747 0.21707843 -0.89093083
-0.76159108 -0.61970079 0.18960512 -0.39549965 0.21267706 -0.89350355
-0.77430767 -0.61323661 0.15616852 -0.36841685 0.23620331 -0.89915347
-0.79196626 -0.59150147 0.15137872 -0.32993305 0.20597911 -0.92125833
-0.81268710 -0.55924118 0.16367345 -0.33442914 0.21762720 -0.91694903
-0.83941150 -0.51575089 0.17143366 -0.31437317 0.20344676 -0.92724270
-0.84678304 -0.50490814 0.16741060 -0.29247195 0.17904431 -0.93936330
-0.82571465 -0.54693079 0.13806529 -0.26919690 0.16697706 -0.94849974
-0.87800711 -0.43998483 0.18845938 -0.27079907 0.13195509 -0.95354903
-0.80019182 -0.58499187 0.13220328 -0.29245836 0.18815824 -0.93758446
-0.78654200 -0.60539943 0.12183289 -0.27565533 0.16765258 -0.94652355
-0.78301769 -0.61032337 0.11995324 -0.27507213 0.16681257 -0.94684154
-0.78453052 -0.60764766 0.12359694 -0.27595183 0.16362919 -0.94714099
-0.76994699 -0.62695682 0.11877248 -0.29634467 0.18648119 -0.93669879
-0.71011913 -0.69784701 0.09349028 -0.28905994 0.16788015 -0.94247580
-0.71642476 -0.69064361 0.09872697 -0.29118216 0.16740692 -0.94190657
-0.72548443 -0.68370861 0.07883524 -0.25588602 0.16162363 -0.95310032
-0.69664526 -0.71516180 0.05682444 -0.20634212 0.12387840 -0.97060657
-0.71499115 -0.69822377 0.03565460 -0.17773134 0.13220324 -0.97515839
-0.77547634 -0.62890077 0.05585910 -0.18278027 0.13893257 -0.97328782
-0.78512406 -0.61683035 0.05568273 -0.19253619 0.15763414 -0.96854597
-0.78469431 -0.61595720 0.06965312 -0.20981488 0.15818471 -0.96486026
-0.85276663 -0.51703167 0.07394176 -0.18699685 0.17005502 -0.96752959
-0.86572421 -0.49972889 -0.02815486 -0.07702403 0.18859428 -0.97902989
-0.87100750 -0.47528398 -0.12430254 0.01254533 0.23142169 -0.97277266
-0.85793704 -0.35588685 -0.37052467 0.27207455 0.29703882 -0.91528326
-0.87040120 -0.29620489 -0.39327398 0.30368724 0.30572340 -0.90238982
-0.87148947 -0.28401658 -0.39980093 0.30778742 0.31792197 -0.89676780
-0.87531698 -0.28428090 -0.39115813 0.28566122 0.34867823 -0.89264840
-0.89785987 -0.31701902 -0.30552682 0.20051070 0.32337394 -0.92478365
-0.89998722 -0.31392014 -0.30245188 0.18730658 0.34802866 -0.91858172
-0.92235565 -0.25437737 -0.29077873 0.19378325 0.34650683 -0.91781318
-0.91206354 -0.20758392 -0.35362285 0.26845247 0.34960070 -0.89761502
-0.37008560 -0.41087484 0.83319777 -0.87948859 -0.13392337 -0.45668846
-0.37636459 -0.37757581 0.84604150 -0.89901012 -0.07185010 -0.43199354
-0.37780195 -0.37054819 0.84850442 -0.89666873 -0.08197489 -0.43504646
-0.90968615 -0.17784478 -0.37528965 0.32971942 0.24014249 -0.91302615
-0.90606320 -0.17910507 -0.38336793 0.31429744 0.32174918 -0.89313751
-0.89785230 -0.20381759 -0.39028156 0.31137058 0.33279291 -0.89011085
-0.88199645 -0.42609602 0.20130709 -0.31652665 0.21916528 -0.92291796
-0.87446147 -0.44335112 0.19686769 -0.31993121 0.22203968 -0.92105508
-0.86824822 -0.45564598 0.19629501 -0.32291743 0.21863134 -0.92082828
-0.87588221 -0.47031489 0.10786241 -0.22656071 0.20348293 -0.95250458
-0.88433325 -0.46408182 0.05082145 -0.15813185 0.19533394 -0.96790445
-0.90000373 -0.20314589 -0.38564891 0.31642601 0.30399436 -0.89858896
-0.90077776 -0.20409492 -0.38333374 0.31430125 0.30275235 -0.89975321
-0.90145582 -0.20534414 -0.38106588 0.30948550 0.30975229 -0.89903969
-0.89523607 -0.22117198 -0.38682741 0.32758126 0.26182196 -0.90782154
-0.90094668 -0.20097320 -0.38458410 0.35836092 0.15516292 -0.92059869
-0.90123999 -0.20382349 -0.38239053 0.34061474 0.21227260 -0.91592687
-0.89919943 -0.21959513 -0.37844220 0.32741252 0.23605114 -0.91492134
-0.87871081 -0.26444051 -0.39741492 0.36348376 0.16900444 -0.91614252
-0.86215264 -0.31235296 -0.39890924 0.35957029 0.17746349 -0.91608733
-0.85828084 -0.32254529 -0.39914724 0.36415020 0.16524920 -0.91656280
-0.81844199 -0.40716052 -0.40542954 0.34404030 0.21788043 -0.91332603
-0.82541627 -0.39209291 -0.40614182 0.36160868 0.18524015 -0.91374248
-0.81929433 -0.40488333 -0.40598813 0.32747686 0.25079328 -0.91096741
-0.82992387 -0.38538137 -0.40337035 0.31087559 0.28090161 -0.90799266
-0.82325947 -0.39713299 -0.40562207 0.31135944 0.28157070 -0.90761960
-0.86314648 -0.32153639 -0.38934880 0.31907004 0.25032711 -0.91407365
-0.85477555 -0.33413973 -0.39712659 0.31981704 0.26351765 -0.91009647
-0.86847836 -0.29795042 -0.39619559 0.32539356 0.26031446 -0.90904093
-0.82083875 -0.48108539 -0.30786461 0.17375189 0.30314347 -0.93697089
-0.85130495 -0.49799198 -0.16517831 0.06970444 0.20468396 -0.97634310
-0.81431818 -0.55567223 -0.16767351 0.05708154 0.21081322 -0.97585833
-0.78608096 -0.59326768 -0.17352280 0.06502058 0.19980463 -0.97767603
-0.78055423 -0.58206886 -0.22788374 0.11020252 0.23071173 -0.96676135
-0.73084891 -0.63941842 -0.23875520 0.12734872 0.21591426 -0.96807200
-0.72456700 -0.63145655 -0.27616188 0.16013364 0.23548678 -0.95859438
-0.75646561 -0.52203584 -0.39400315 0.35116750 0.18402657 -0.91804993
-0.74894637 -0.52362120 -0.40607911 0.30679300 0.26917583 -0.91291976
-0.72689241 -0.55628884 -0.40270361 0.34991670 0.20455195 -0.91417551
-0.71723485 -0.59435546 -0.36375245 0.31590089 0.18795294 -0.92998946
-0.70359558 -0.61246771 -0.36032856 0.34605524 0.14755897 -0.92653775
-0.64910817 -0.69793522 -0.30256417 0.26989967 0.16056289 -0.94940704
-0.64934081 -0.70108527 -0.29467937 0.21017820 0.20695238 -0.95550817
-0.64421350 -0.71046120 -0.28325579 0.19113800 0.20904875 -0.95904380
-0.65432227 -0.71603829 -0.24321111 0.16564596 0.17809372 -0.96997118
-0.63568270 -0.77145189 -0.02774075 -0.04755048 0.07499907 -0.99604928
-0.63701969 -0.77064413 -0.01770904 -0.05630743 0.06943163 -0.99599636
-0.61322176 -0.78989297 -0.00530932 -0.12349275 0.10250621 -0.98703700
-0.60818368 -0.79374284 -0.00921465 -0.12227745 0.10514890 -0.98691034
-0.70328248 -0.71086568 0.00798737 -0.12667367 0.11425094 -0.98534286
-0.68129301 -0.73200929 0.00152384 -0.09770768 0.08887464 -0.99123889
-0.66658777 -0.74492502 0.02733981 -0.12072243 0.07168924 -0.99009430
-0.71621144 -0.69671142 0.04042695 -0.10153261 0.04671252 -0.99373490
-0.61990595 -0.78409672 0.03015136 -0.15431632 0.08414733 -0.98443168
-0.60567284 -0.79504490 0.03262023 -0.16875099 0.08827764 -0.98169762
-0.55189091 -0.83370918 0.01858768 -0.17985240 0.09723278 -0.97887635
-0.65669072 -0.75286919 0.04410589 -0.19886933 0.11645715 -0.97308213
-0.62295771 -0.78102696 0.04382509 -0.22125185 0.12218319 -0.96753234
-0.60978663 -0.79064101 0.05520009 -0.26503381 0.13777953 -0.95434475
-0.62174010 -0.78064895 0.06345496 -0.29066834 0.15474851 -0.94422710
-0.63971364 -0.76538342 0.07038914 -0.27887389 0.14579137 -0.94919664
-0.46333793 -0.88614738 0.00780675 -0.24990974 0.12220775 -0.96052611
-0.70333570 -0.69886136 0.13004485 -0.31752700 0.14518929 -0.93706816
-0.59244514 -0.80405027 0.05011883 -0.27853969 0.14606553 -0.94925261
-0.61114645 -0.78945309 0.05713097 -0.27557474 0.14455858 -0.95034802
-0.64007854 -0.76201069 0.09817968 -0.33012468 0.15738294 -0.93072462
-0.69322371 -0.70775265 0.13611446 -0.34419143 0.15917104 -0.92530906
-0.67381465 -0.72809684 0.12589256 -0.36702019 0.18192375 -0.91224998
-0.67299336 -0.72776395 0.13205929 -0.38494176 0.19216609 -0.90271372
-0.67427909 -0.72208428 0.15473190 -0.41100234 0.19286421 -0.89099973
-0.65931237 -0.74297249 0.11532184 -0.36907190 0.18617912 -0.91056210
-0.58377725 -0.80846643 0.07474156 -0.35447198 0.17096870 -0.91930377
-0.68830377 -0.72537339 -0.00845294 -0.07706144 0.08469985 -0.99342215
-0.77805620 -0.60539800 -0.16769579 0.02164102 0.24095927 -0.97029394
-0.78339332 -0.62045318 -0.03650743 -0.06818518 0.14417838 -0.98719978
-0.80300564 -0.59541595 -0.02572546 -0.09793801 0.17441638 -0.97978932
-0.83262277 -0.45298329 -0.31866208 0.28944099 0.13464940 -0.94767797
-0.78423369 -0.47961184 -0.39363697 0.28595638 0.28364480 -0.91530025
-0.77888954 -0.46839684 -0.41705590 0.37829155 0.17951947 -0.90811253
-0.86210024 -0.31484237 -0.39706111 0.33503813 0.23371692 -0.91275734
-0.88213676 -0.25560227 -0.39560366 0.31678194 0.29958838 -0.89994222
-0.86954296 -0.29942814 -0.39273134 0.32212955 0.25889045 -0.91060877
-0.85241687 -0.35140681 -0.38716760 0.28899267 0.30044681 -0.90896374
-0.85355133 -0.50548416 -0.12623779 0.03784421 0.18150342 -0.98266190
-0.83924943 -0.54195547 -0.04409918 -0.06215265 0.17618477 -0.98239297
-0.80372357 -0.59113735 0.06771226 -0.15375184 0.09640068 -0.98339587
-0.71800345 -0.69594568 0.01143343 -0.13288967 0.12094031 -0.98372447
-0.63239855 -0.77379721 0.03619477 -0.20390007 0.12120016 -0.97146040
-0.77575648 -0.62267625 0.10235346 -0.23950177 0.14046797 -0.96068084
-0.85103774 -0.51987779 0.07390459 -0.18524131 0.16553828 -0.96864998
-0.86067855 -0.48244867 0.16271378 -0.27766544 0.17688459 -0.94425303
-0.79149008 -0.59415317 0.14326711 -0.32074130 0.20425463 -0.92488116
-0.69712675 -0.70576441 0.12613864 -0.31839421 0.14712529 -0.93647176
-0.65327740 -0.74878913 0.11199760 -0.35227290 0.16967480 -0.92038816
-0.69339037 -0.69623190 0.18566383 -0.42883670 0.19166648 -0.88281542
-0.65207011 -0.72119004 0.23385805 -0.49914604 0.17619409 -0.84841549
-0.71040583 -0.64131200 0.28990087 -0.51502347 0.19297765 -0.83517092
-0.63494009 -0.73958904 0.22329181 -0.49410561 0.16657019 -0.85329598
-0.33538923 -0.58891428 0.73531902 -0.89782029 -0.03661978 -0.43883693
-0.32333428 -0.52979368 0.78407502 -0.92642891 0.00837849 -0.37637645
-0.34265101 -0.55094743 0.76095152 -0.88871592 -0.07251745 -0.45268679
-0.33930382 -0.57382458 0.74538469 -0.88821381 -0.06549178 -0.45473847
-0.32367566 -0.64371073 0.69344831 -0.85657364 -0.11194828 -0.50373513
-0.32695869 -0.63981938 0.69550645 -0.83785462 -0.14417702 -0.52650994
-0.76971138 -0.60453409 0.20514126 -0.42250583 0.24150431 -0.87359285
-0.80746990 -0.56047499 0.18401156 -0.36245805 0.22527382 -0.90436488
-0.85526305 -0.48324582 0.18707918 -0.32693309 0.22310022 -0.91833603
-0.35610235 -0.50739199 0.78469390 -0.86605471 -0.13614215 -0.48105577
-0.34836966 -0.50362885 0.79056728 -0.86763388 -0.14594288 -0.47530219
-0.37083843 -0.41928655 0.82866013 -0.87748331 -0.13402307 -0.46050072
-0.34913275 -0.48055688 0.80446970 -0.89110255 -0.09532905 -0.44367629
-0.34916389 -0.52670789 0.77502477 -0.89987516 -0.04221367 -0.43409994
-0.31420195 -0.47283101 0.82323021 -0.92995155 -0.02113630 -0.36707413
-0.29582819 -0.41705912 0.85938781 -0.94065201 -0.02944770 -0.33809280
-0.29843464 -0.40661556 0.86348170 -0.94213802 -0.01922660 -0.33467355
-0.30509242 -0.39283049 0.86752683 -0.94618523 0.02178202 -0.32289183
-0.30749956 -0.34996787 0.88485396 -0.94416958 -0.00336316 -0.32944277
-0.36086988 -0.39202872 0.84621894 -0.90460390 -0.07357813 -0.41985482
-0.30603930 -0.37464842 0.87520200 -0.94430214 0.00264665 -0.32906911
-0.29622769 -0.29617000 0.90803778 -0.95440793 0.05515298 -0.29336604
-0.30411294 -0.35288966 0.88486397 -0.95253497 0.12616755 -0.27705389
-0.29802346 -0.32781813 0.89650285 -0.95424849 0.12625235 -0.27105394
-0.30926004 -0.31046113 0.89887273 -0.94984353 0.05469617 -0.30790523
-0.30704808 -0.31771657 0.89709401 -0.94999880 0.04608624 -0.30883381
-0.29093394 -0.39358050 0.87203896 -0.95070642 0.01669942 -0.30964237
-0.28581524 -0.33408105 0.89816457 -0.95783466 0.12831819 -0.25707436
-0.27292839 -0.42164776 0.86470985 -0.96203351 0.11842456 -0.24590077
-0.27120313 -0.47944346 0.83461541 -0.96198034 0.10592201 -0.25174290
-0.27984771 -0.47810942 0.83252436 -0.95958155 0.11237298 -0.25802261
-0.29236352 -0.38939151 0.87344027 -0.95025724 0.01571655 -0.31106955
-0.27824149 -0.49599656 0.82253826 -0.94846630 0.00668606 -0.31680763
