0.18540555 -0.16105378 0.96937424 0.02911657 0.98694497 0.15840411
0.25534514 -0.15059333 0.95504999 -0.07913983 0.98122537 0.17587976
0.16019419 -0.15988889 0.97404999 -0.02700251 0.98571479 0.16624454
0.14694001 -0.16075973 0.97599435 -0.01568184 0.98620206 0.16480203
0.06936378 -0.16531540 0.98379850 -0.00764614 0.98605669 0.16623399
-0.03280937 0.99705172 0.06936499 0.00243505 0.06948190 -0.99758029
-0.01719969 -0.09428217 0.99539697 -0.01813582 0.99540985 0.09397002
-0.08507633 0.99524415 0.04744644 0.05081426 0.05189102 -0.99735922
-0.08405480 0.99550438 0.04365772 0.05149332 0.04809368 -0.99751461
-0.30451649 -0.12261600 0.94458193 0.06425716 0.98677605 0.14880860
-0.18041001 -0.05011252 0.98231411 -0.08897392 0.99543834 0.03444126
-0.18896805 -0.04970023 0.98072475 -0.06182925 0.99733895 0.03862880
-0.28199041 -0.05277642 0.95796460 -0.04899142 0.99797535 0.04055940
0.14583112 0.97530496 -0.16587214 -0.13160414 -0.14704968 -0.98033506
-0.27779445 -0.05454963 0.95909053 -0.03818846 0.99822438 0.04571438
-0.17716488 -0.05632715 0.98256803 -0.02888774 0.99822837 0.05201621
-0.06176240 -0.05274459 0.99669629 -0.04803194 0.99760282 0.04981616
-0.06057435 -0.07661503 0.99521905 -0.04949604 0.99605393 0.07366671
-0.07320447 0.99520129 0.06492695 0.05674437 0.06915244 -0.99599099
0.17128234 -0.15031305 0.97368807 -0.09378196 0.98131800 0.16798818
-0.09820208 0.99402714 0.04760679 -0.00201544 0.04763927 -0.99886256
-0.11287004 -0.02460873 0.99330497 -0.09822446 0.99507284 0.01349120
-0.17218374 -0.03181566 0.98455095 -0.10744444 0.99412167 0.01333446
-0.19781156 -0.03201268 0.97971720 -0.11471016 0.99335551 0.00929756
-0.31692034 0.00393226 0.94844407 -0.08975592 0.99537927 -0.03411859
-0.30867741 0.00716406 0.95113981 -0.08608389 0.99565750 -0.03543653
-0.35256210 -0.00501547 0.93577504 -0.02396993 0.99970597 -0.00367278
-0.41760379 0.00641517 0.90860665 -0.03295263 0.99921036 -0.02220019
-0.42961693 0.00856938 0.90297055 -0.02612028 0.99941862 -0.02191225
-0.50069392 0.00885382 0.86557913 -0.01133627 0.99979490 -0.01678414
-0.48640284 0.00870029 0.87369138 -0.08790141 0.99438995 -0.05883881
-0.43968856 0.01663463 0.89799625 -0.10653819 0.99180353 -0.07053693
-0.60839719 0.00124814 0.79363173 -0.05931519 0.99713039 -0.04703913
-0.52637446 0.02262208 0.84995192 -0.13866653 0.98397815 -0.11206535
-0.12745938 0.98299694 -0.13217871 0.09751295 -0.12020065 -0.98794889
-0.61696815 0.00577565 0.78696698 -0.06398952 0.99629396 -0.05747858
-0.62293476 0.00455361 0.78226060 -0.02881314 0.99917102 -0.02876094
-0.68225735 0.00021038 0.73111206 -0.06578203 0.99592638 -0.06167290
-0.74207020 0.03060021 0.66962337 -0.00864152 0.99843782 -0.05520271
-0.81019801 0.02829815 0.58547282 0.01002678 0.99935693 -0.03442733
-0.81971532 0.02835218 0.57206911 0.01575996 0.99951243 -0.02695421
-0.83940989 0.02838857 0.54275709 -0.01688907 0.99679017 -0.07825656
-0.79219204 0.03773952 0.60910392 -0.04562803 0.99162972 -0.12078363
-0.77666461 0.04021401 0.62862945 0.02485382 0.99913937 -0.03320924
-0.76718765 0.03185936 0.64063108 -0.03803668 0.99474835 -0.09502086
-0.75282758 0.03316407 0.65738183 -0.05064546 0.99285060 -0.10808674
-0.87482601 0.04651349 0.48219904 -0.03000646 0.98826569 -0.14976828
-0.88749063 0.10074082 0.44967967 0.08943828 0.99491227 -0.04637218
-0.94392967 0.10846873 0.31181952 0.10612284 0.99405026 -0.02453628
-0.95908988 0.11050787 0.26064280 0.10823514 0.99385685 -0.02310353
-0.95925707 0.11210565 0.25934190 0.10964408 0.99368149 -0.02398553
-0.95661646 0.11260958 0.26870817 0.09927378 0.99307919 -0.06275687
-0.94564438 0.10669271 0.30720258 0.07893664 0.99170536 -0.10143716
-0.87680733 0.11046298 0.46798173 0.08521271 0.99354625 -0.07486393
-0.98444426 0.11778731 0.13036743 0.11481428 0.99293035 -0.03011741
-0.96829993 0.11322170 0.22265708 0.11379001 0.99345130 -0.01031807
-0.97569537 0.11311956 0.18767674 0.10896779 0.99351948 -0.03232751
-0.98288441 0.11488070 0.14401653 0.11338174 0.99337739 -0.01860025
-0.15353462 -0.98791015 0.02146506 -0.98799545 0.15385120 0.01396017
-0.98612881 0.13696189 -0.09376284 0.13554591 0.99054128 0.02133745
-0.16593695 -0.98542023 0.03757646 -0.98610765 0.16610233 0.00130173
-0.16820922 -0.98549122 0.02264554 -0.98572820 0.16831833 0.00298737
-0.20441405 -0.95588505 0.21094726 -0.97465414 0.17873570 -0.13454664
-0.19005051 -0.97596198 0.10667264 -0.98060584 0.19400005 0.02786117
-0.97444540 0.11430444 0.19336684 0.08962110 0.98719966 -0.13192764
-0.98198050 0.11430111 0.15049756 0.10411798 0.99181467 -0.07391277
-0.94029766 0.11257053 0.32119814 0.08108740 0.99063957 -0.10980926
-0.12780651 -0.94761050 0.29274532 -0.96477991 0.18721259 0.18480040
-0.97736430 0.10844339 0.18165635 0.07080616 0.97679031 -0.20215654
-0.22512639 -0.90164882 0.36925265 -0.93604034 0.30534422 0.17490968
-0.24027158 -0.89640588 0.37245965 -0.93259871 0.31962401 0.16763130
-0.31859645 -0.73897070 0.59364855 -0.92981148 0.36537355 -0.04419160
-0.31587777 -0.76441395 0.56204325 -0.94742340 0.28601936 -0.14346372
-0.30757838 -0.79805988 0.51816607 -0.92346191 0.38163841 0.03962694
-0.25225872 -0.68834901 0.68010390 -0.92415369 0.37975186 0.04157600
-0.29980156 -0.81139189 0.50175917 -0.94490224 0.32502282 -0.03898736
-0.28194636 -0.80242407 0.52594852 -0.95942700 0.23439655 -0.15671027
-0.28649393 -0.86669141 0.40837157 -0.95798951 0.26506594 -0.10952726
-0.29191655 -0.80693251 0.51346344 -0.94013613 0.34079751 0.00108930
-0.30352771 -0.85005677 0.43043521 -0.93784165 0.18674108 -0.29254204
-0.27515420 -0.93052459 0.24169016 -0.92095578 0.18296508 -0.34404108
-0.77949262 0.11076903 -0.61653996 0.25575066 0.95474827 -0.15181372
-0.79104638 0.12956890 -0.59787756 0.34734625 0.89962959 -0.26460758
-0.80376565 0.13321625 -0.57983983 0.27597976 0.94689262 -0.16501376
-0.80759788 0.15360105 -0.56937903 0.27245837 0.95344830 -0.12923932
-0.70712262 0.11805610 -0.69716597 0.29653260 0.94458449 -0.14081436
-0.42287341 -0.85671091 0.29533806 -0.79577732 0.19516757 -0.57327831
-0.77652758 0.14910659 -0.61218643 0.21123043 0.97697645 -0.02997883
-0.74408245 0.14369561 -0.65245152 0.20842263 0.97778350 -0.02234713
-0.83135957 0.16336325 -0.53118145 0.20562474 0.97840732 -0.02091999
-0.82993734 0.16416955 -0.53315336 0.20624420 0.97829998 -0.01981177
-0.76870024 0.14806433 -0.62223542 0.04683008 0.98325455 0.17611766
-0.78448159 0.14735129 -0.60239208 0.12172490 0.98905277 0.08341285
-0.79523182 0.14729466 -0.58814168 0.25559288 0.96107703 -0.10489666
-0.89931327 0.17577133 -0.40042499 0.22817609 0.96974486 -0.08677891
-0.84559482 0.14465365 -0.51385295 0.27382827 0.94383526 -0.18491380
-0.89242554 0.17117603 -0.41746312 0.22874933 0.96916527 -0.09161021
-0.90357774 0.17147456 -0.39261159 0.22817546 0.96823543 -0.10225503
-0.93928635 0.18232165 -0.29068902 0.21344982 0.97375780 -0.07896192
-0.25583392 -0.93495649 0.24577498 -0.93400484 0.17347378 -0.31231689
-0.24313861 -0.93639463 0.25307855 -0.95237130 0.18094914 -0.24545121
-0.97006565 0.18737085 -0.15448247 0.19758192 0.97882569 -0.05349494
-0.96382099 0.18480670 -0.19208242 0.19266857 0.98099613 -0.02292441
-0.96811849 0.17142306 -0.18264924 0.17781766 0.98387808 -0.01910315
-0.94893122 0.18167433 -0.25792253 0.19201867 0.98127234 -0.01527780
-0.92716610 0.17614558 -0.33065966 0.19550437 0.98035955 -0.02594512
-0.92726398 0.17437336 -0.33132395 0.18688206 0.98236400 -0.00600895
-0.91798931 0.17083278 -0.35792702 0.24844912 0.95115602 -0.18323572
-0.89950293 0.17068480 -0.40219548 0.19086833 0.98156148 -0.01031587
-0.82356977 0.15316217 -0.54614490 0.20845620 0.97720116 -0.04029692
-0.90761900 0.17594856 -0.38114294 0.19587724 0.98053139 -0.01379746
-0.26054829 -0.88044095 0.39615437 -0.95387626 0.17137919 -0.24647355
-0.97632176 0.15616514 -0.14969432 0.16180824 0.98647404 -0.02621372
-0.90640110 0.17507894 -0.38442752 0.19517477 0.98067480 -0.01355553
-0.90459865 0.17298996 -0.38958403 0.25367859 0.95295876 -0.16588202
-0.92377722 0.17094186 -0.34265807 0.20259939 0.97751039 -0.05854016
-0.90725768 0.17576729 -0.38208550 0.19638425 0.98040760 -0.01530427
-0.85877246 0.14480364 -0.49146897 0.30922067 0.91131759 -0.27181393
-0.36527079 -0.80339307 0.47025195 -0.90472329 0.18741831 -0.38255754
-0.42383379 -0.85615391 0.29557639 -0.79414642 0.19434491 -0.57581383
-0.97127247 0.17008035 -0.16644044 0.17568602 0.98425418 -0.01944664
-0.28216290 -0.79718143 0.53374714 -0.95879281 0.25356013 -0.12815498
-0.30553573 -0.81797206 0.48741117 -0.93916476 0.34323183 -0.01270865
-0.26522154 -0.92695975 0.26533607 -0.96081716 0.27707934 0.00758291
-0.26530984 -0.91406029 0.30676457 -0.96337765 0.23847732 -0.12260520
-0.20390941 -0.95420998 0.21887052 -0.96823305 0.16351379 -0.18917735
-0.16659732 -0.98546022 0.03336840 -0.98595101 0.16607472 -0.01788372
-0.15187348 -0.96736079 0.20284867 -0.98800540 0.14278308 -0.05880772
-0.14859754 -0.98710734 0.05948075 -0.98829722 0.14614251 -0.04371488
-0.97913086 0.11781933 0.16559424 0.11646670 0.99303347 -0.01788960
-0.96223086 0.11814713 0.24526122 0.13107148 0.99068224 0.03700032
-0.86933458 0.10281853 0.48341057 0.08278192 0.99459493 -0.06267471
-0.86086500 0.05280519 0.50608617 -0.03318166 0.98665774 -0.15939100
-0.70045108 0.04538209 0.71225619 -0.03092250 0.99510938 -0.09381434
-0.73999792 0.03201201 0.67184705 -0.02111896 0.99726844 -0.07077884
-0.54441333 -0.00407612 0.83880723 -0.08333806 0.99530345 -0.04925252
-0.32235762 0.00361712 0.94661111 -0.05053878 0.99850076 -0.02102580
-0.24454664 0.01571896 0.96951014 0.04623143 0.99892050 -0.00453451
-0.10533211 0.00682838 0.99441361 0.02954416 0.99955654 -0.00373426
0.10141949 0.99388897 0.04357511 0.10756905 0.03258854 -0.99366337
-0.09351634 0.02901074 0.99519503 -0.07571982 0.99647313 -0.03616324
-0.27884310 0.96030372 -0.00795717 0.03271235 0.00121702 -0.99946409
-0.38281605 -0.11699872 0.91638595 -0.27457684 0.96153140 0.00805941
-0.29087517 -0.10216547 0.95129067 -0.07620440 0.99359751 0.08340815
-0.13820067 -0.02940790 0.98996758 -0.07312068 0.99713415 0.01941306
-0.14605547 0.98831105 0.04369298 0.01230937 0.04597875 -0.99886656
-0.14969707 -0.06696656 0.98646152 -0.03020257 0.99754786 0.06313588
-0.18279690 -0.03856312 0.98239410 -0.01311019 0.99923724 0.03678484
-0.22839387 -0.03895329 0.97278929 -0.04463420 0.99856758 0.02950620
-0.14781944 -0.05761187 0.98733497 -0.03920009 0.99785876 0.05235709
-0.09564631 -0.07660352 0.99246347 -0.02440207 0.99691528 0.07459544
0.07470749 -0.16658275 0.98319328 0.02678658 0.98592800 0.16501072
0.05523659 -0.16713506 0.98438549 0.00801783 0.98593313 0.16694795
