-0.61453348 -0.11240430 -0.78084177 -0.25499851 0.96496594 0.06177796
-0.51605916 -0.08578652 -0.85224628 -0.26686776 0.96155173 0.06480680
-0.63026708 -0.11749938 -0.76743555 -0.20744804 0.97802854 0.02062704
-0.72113812 -0.17283030 -0.67088717 -0.37932193 0.90883225 0.17360559
-0.52518964 -0.10158594 -0.84490013 -0.28150007 0.95769405 0.05983273
-0.56582719 -0.09578249 -0.81894165 -0.38149041 0.91093564 0.15703921
-0.55178463 -0.10889132 -0.82684731 -0.12720731 0.99082756 -0.04559670
-0.72775781 -0.12322991 -0.67467260 -0.15473838 0.98786300 -0.01352094
-0.71176809 -0.16377945 -0.68305385 -0.37180987 0.91287839 0.16855426
-0.41925710 -0.07152929 -0.90504533 -0.29857612 0.95230091 0.06304963
-0.52441335 -0.10760766 -0.84463674 -0.15013640 0.98812526 -0.03267243
-0.49944347 -0.08580700 -0.86208671 -0.52911556 0.81814682 0.22510557
-0.57993329 -0.11050632 -0.80713433 -0.03921054 0.99339533 -0.10783456
-0.64663976 -0.10928103 -0.75492698 -0.01220448 0.99104011 -0.13300620
-0.55720180 -0.12721606 -0.82057440 -0.65500873 0.67471933 0.34017253
-0.43891472 -0.06542096 -0.89614391 -0.51960087 0.83215338 0.19374140
-0.46595466 -0.10826812 -0.87815964 -0.32878986 0.94260544 0.05824345
-0.50858426 -0.11228530 -0.85365927 -0.14634997 0.98830634 -0.04280513
-0.55394661 -0.11173116 -0.82502079 -0.00932571 0.99172443 -0.12804595
-0.66441798 -0.10399188 -0.74009091 0.02154598 0.98719507 -0.15805604
-0.41676575 -0.06289005 -0.90683585 -0.53274125 0.82522106 0.18760853
-0.41510573 -0.09489439 -0.90481067 -0.26404539 0.96430278 0.02000400
-0.38574746 -0.08150166 -0.91899753 -0.35996318 0.93044275 0.06857717
-0.43925023 -0.10022708 -0.89275634 -0.14619559 0.98848498 -0.03904369
-0.54450661 -0.11347401 -0.83104527 0.01211548 0.98963886 -0.14306711
-0.62265313 -0.10668081 -0.77519184 0.07404562 0.97818494 -0.19409169
-0.31198293 -0.07374773 -0.94722122 -0.46677065 0.88026446 0.08520395
-0.39828017 -0.08973579 -0.91286385 -0.26887506 0.96290863 0.02265427
-0.31988141 -0.07679944 -0.94433987 -0.41452456 0.90759766 0.06660282
-0.39238390 -0.09449387 -0.91493487 -0.07710595 0.99458694 -0.06965221
-0.47188139 -0.12231539 -0.87313628 0.03605826 0.98682386 -0.15772907
-0.19804412 -0.07751560 -0.97712332 -0.56871134 0.82100779 0.05013597
-0.24014552 -0.04966787 -0.96946543 -0.24466029 0.96954721 0.01093256
-0.30359814 -0.07241873 -0.95004410 -0.11633055 0.99246496 -0.03847750
-0.38799670 -0.09834067 -0.91639936 0.00613172 0.99399394 -0.10926361
-0.43541721 -0.11784425 -0.89248228 0.03146893 0.98879659 -0.14591448
-0.12083270 -0.02489874 -0.99236059 -0.43590209 0.89947689 0.03050845
-0.20691684 -0.09731688 -0.97350651 -0.45632118 0.88977879 0.00804314
-0.29247782 -0.06422226 -0.95411330 -0.29430702 0.95535958 0.02591193
-0.27177608 -0.06654629 -0.96005696 -0.04755108 0.99731642 -0.05566800
-0.26782992 -0.06557760 -0.96123189 -0.16892600 0.98542255 -0.02015976
-0.26917395 -0.07663403 -0.96003783 0.03512239 0.99538505 -0.08930314
-0.12557825 -0.02553264 -0.99175513 -0.47046757 0.88164657 0.03687375
0.01877646 0.03492695 -0.99921352 -0.63199067 0.77482682 0.01520774
-0.07539323 -0.04893368 -0.99595249 -0.74374819 0.66804749 0.02347858
-0.16443424 -0.02644892 -0.98603344 -0.28116974 0.95942491 0.02115363
-0.25447589 -0.06498601 -0.96489322 -0.16096178 0.98666883 -0.02400139
-0.26416141 -0.06825634 -0.96206027 0.03394830 0.99621660 -0.08000115
-0.29788053 -0.08012249 -0.95123482 -0.04188182 0.99660885 -0.07082901
-0.15933484 -0.02738766 -0.98684466 -0.28771183 0.95751065 0.01988007
-0.04674200 0.01038773 -0.99885303 -0.33028287 0.94354373 0.02526834
-0.03328132 -0.00555366 -0.99943066 -0.64566064 0.76342946 0.01725844
-0.15732014 -0.02708501 -0.98717618 -0.17719792 0.98417449 0.00123628
-0.19967012 -0.02594742 -0.97951961 0.04939922 0.99811167 -0.03650970
-0.12644030 -0.04088633 -0.99113125 -0.13807757 0.99014896 -0.02323101
-0.04726266 0.00988685 -0.99883360 -0.32985985 0.94370013 0.02494937
-0.04593340 0.00970497 -0.99889737 -0.33003214 0.94365573 0.02434449
0.06178908 0.04691897 -0.99698585 -0.34538284 0.93818617 0.02274641
0.10018145 0.04173373 -0.99409354 -0.70657218 0.70642012 -0.04154929
-0.15753193 -0.02840312 -0.98710531 -0.17808689 0.98401475 0.00010665
-0.21641126 -0.02470547 -0.97598970 0.03489349 0.99884540 -0.03302113
-0.00820471 0.02409169 -0.99967611 -0.31843320 0.94760364 0.02545027
0.10132474 0.05801121 -0.99316061 -0.33188936 0.94307953 0.02122575
0.05047846 -0.00525684 -0.99871129 -0.70319426 0.70991206 -0.03927868
-0.09147928 -0.00758083 -0.99577814 -0.14355585 0.98962605 0.00565407
-0.06661997 -0.00475070 -0.99776715 0.06036724 0.99813759 -0.00878313
-0.01670706 0.01846485 -0.99968994 -0.17317900 0.98466480 0.02108153
-0.09845236 -0.03975178 -0.99434751 -0.45440531 0.89074564 0.00938157
0.10606122 0.00650607 -0.99433833 -0.71608144 0.69431031 -0.07183796
-0.03445289 0.00219082 -0.99940395 0.08209366 0.99662441 -0.00064533
0.05928924 0.03253420 -0.99771059 -0.12826768 0.99143183 0.02470710
0.08891094 0.05152354 -0.99470609 -0.25639942 0.96619016 0.02712845
0.21868467 0.09160289 -0.97148645 -0.33689347 0.94145393 0.01293530
0.13974330 0.00031250 -0.99018776 -0.70940107 0.69768965 -0.09989623
0.04186391 0.02376885 -0.99884057 0.01807078 0.99953544 0.02454277
0.05190903 0.03135951 -0.99815935 -0.15052830 0.98833293 0.02322261
0.15866038 0.06496637 -0.98519355 -0.33136991 0.94345945 0.00884888
0.20751797 0.05337801 -0.97677386 -0.56543070 0.82135665 -0.07524225
0.15961199 -0.02338208 -0.98690289 -0.69781816 0.70446229 -0.12954865
0.03562179 0.02911424 -0.99894118 0.03868378 0.99878627 0.03048917
0.26910475 0.03388909 -0.96251452 0.03556711 0.99834937 0.04509484
0.10743973 0.04152103 -0.99334425 -0.06560446 0.99724609 0.03458837
0.16327520 0.06540472 -0.98441023 -0.32888091 0.94433588 0.00819367
0.30955282 0.09645772 -0.94597727 -0.48305276 0.87286299 -0.06906717
0.49301881 0.13038887 -0.86019254 -0.72535425 0.60754943 -0.32364336
0.15272118 0.07056707 -0.98574674 -0.01130465 0.99750692 0.06965753
0.23088072 0.09905740 -0.96792650 -0.23449025 0.97114682 0.04345372
0.45058757 0.15160793 -0.87976468 -0.29804301 0.95447910 0.01183509
0.31836295 0.10679433 -0.94193417 -0.38371024 0.92311430 -0.02502907
0.37998849 0.08796147 -0.92079943 -0.47795272 0.87095153 -0.11403824
0.43428850 -0.01022007 -0.90071595 -0.76533198 0.52314544 -0.37494788
0.45137113 0.04502733 -0.89119959 -0.72849989 0.59535110 -0.33888793
0.21050367 0.09047398 -0.97339749 -0.04361491 0.99558598 0.08310432
0.11252376 0.04804585 -0.99248677 -0.39323333 0.91943878 -0.00007343
0.23452860 0.08587319 -0.96830893 -0.28614521 0.95805830 0.01565852
0.40490496 0.12443617 -0.90585190 -0.33042610 0.94365895 -0.01806681
0.44820666 0.10638786 -0.88757676 -0.42964494 0.89633125 -0.10952401
0.50969189 0.12295102 -0.85152644 -0.56797796 0.79149634 -0.22568706
-0.74211389 0.46196753 -0.48564699 -0.59693158 -0.12596774 0.79234135
0.49927762 0.10914776 -0.85953981 -0.54459745 0.81111014 -0.21334030
0.27645752 0.10067867 -0.95573801 -0.03174771 0.99491137 0.09562188
0.18721959 0.07435470 -0.97950000 -0.25189540 0.96742392 0.02529123
0.04900311 0.02532851 -0.99847746 0.03399796 0.99905682 0.02701175
0.33526561 0.11329871 -0.93528628 -0.24037813 0.97017270 0.03135810
0.47132003 0.10162059 -0.87608832 -0.32387221 0.94388235 -0.06475327
0.58387870 0.13504456 -0.80053025 -0.47648066 0.85537302 -0.20323202
0.19744761 0.07194317 -0.97767001 -0.43323860 0.90103012 -0.02119217
0.33535251 0.10625009 -0.93608212 -0.05537591 0.99412501 0.09299977
0.12242232 0.05063496 -0.99118561 -0.67485130 0.73653585 -0.04572544
0.37286127 0.11991942 -0.92010540 -0.17545688 0.98283601 0.05699353
0.51345879 0.10994830 -0.85104138 -0.29536113 0.95380259 -0.05497597
0.61072350 0.12989765 -0.78111684 -0.35495797 0.92669976 -0.12341950
0.25396627 0.08821721 -0.96318167 -0.50528377 0.86124003 -0.05434992
0.37267423 0.10220326 -0.92231691 -0.03109780 0.99473363 0.09766240
0.09706002 0.04768959 -0.99413538 -0.64437228 0.76426131 -0.02624942
0.11611120 0.04497261 -0.99221754 -0.69004881 0.72216827 -0.04801830
0.47924954 0.11042732 -0.87070417 -0.13217889 0.98981965 0.05278081
0.51161569 0.10988152 -0.85215932 -0.30033207 0.95209736 -0.05754406
0.66504025 0.15011095 -0.73156559 -0.29770136 0.95168054 -0.07535305
0.37943184 0.13566281 -0.91521966 -0.33452839 0.94238514 0.00100073
0.48055947 0.10842250 -0.87023401 -0.08505632 0.99341196 0.07679957
-0.00013382 -0.00250157 -0.99999690 -0.67874771 0.73436952 -0.00174625
0.05636704 0.01415631 -0.99830979 -0.68032366 0.73237580 -0.02802747
0.14866115 0.06306414 -0.98687530 -0.67051756 0.73994619 -0.05372091
0.49022764 0.11051124 -0.86456013 -0.11723304 0.99127609 0.06023443
0.58687186 0.12762947 -0.79955751 -0.22618972 0.97402620 -0.01054323
0.76316905 0.18828607 -0.61815971 -0.34271482 0.92892396 -0.14016749
0.66218448 0.14955604 -0.73426479 -0.26564547 0.96309328 -0.04340380
0.40351573 0.08839130 -0.91069323 -0.55863732 0.81207323 -0.16870524
0.26193330 0.05411221 -0.96356773 -0.67885405 0.71999389 -0.14410406
0.02329219 0.01912378 -0.99954581 -0.68867832 0.72506380 -0.00217585
0.01011200 0.00565949 -0.99993289 -0.63023704 0.77640033 -0.00197906
0.06125801 0.01953578 -0.99793082 -0.65533811 0.75490689 -0.02544967
0.21089265 0.06469214 -0.97536623 -0.66794819 0.73805869 -0.09547058
0.15654014 0.07372234 -0.98491633 -0.41883707 0.90806031 0.00140064
0.56487429 0.12050959 -0.81632996 -0.13495567 0.98945022 0.05268119
0.59915227 0.12967092 -0.79006451 -0.32936153 0.93935162 -0.09560115
0.83953381 0.26408532 -0.47480714 -0.28235146 0.95870882 0.03398717
0.71619582 0.18177941 -0.67380995 -0.15749176 0.98267490 0.09770584
0.37139705 0.05441849 -0.92687804 -0.64979470 0.72829407 -0.21761133
0.33804050 0.07495817 -0.93814176 -0.65327495 0.73624426 -0.17656806
-0.10594685 -0.03413614 -0.99378568 -0.60427785 0.79591030 0.03708247
0.06171337 0.03383769 -0.99752021 -0.35662404 0.93419838 0.00962652
0.20681521 0.09785427 -0.97347420 -0.44584626 0.89509702 -0.00474458
0.32902810 0.12781085 -0.93563080 -0.40153968 0.91569984 -0.01611905
0.24474744 0.11595001 -0.96262884 -0.31163397 0.94955218 0.03514228
0.59653211 0.12328587 -0.79306376 -0.12553039 0.99030244 0.05952533
0.60189480 -0.79825819 0.02250649 0.74504602 0.55118144 -0.37564021
0.84019983 0.25939316 -0.47621378 -0.24767356 0.96478933 0.08854097
0.74652845 0.16867480 -0.64361793 -0.25126079 0.96717459 -0.03796560
0.81589371 0.20133403 -0.54201674 -0.18213974 0.97918648 0.08954871
0.41051048 0.07934619 -0.90839720 -0.65691185 0.71664971 -0.23426510
-0.05850236 0.00145698 -0.99828625 -0.67789185 0.73402870 0.04079765
-0.12630160 -0.04165965 -0.99111676 -0.63246113 0.77309722 0.04810119
0.11907306 0.05666076 -0.99126750 -0.27061769 0.96242386 0.02250492
0.03575589 0.02494394 -0.99904925 -0.35486561 0.93485683 0.01064060
0.30710128 0.13756709 -0.94168162 -0.34404230 0.93862343 0.02492123
0.27411705 0.12750340 -0.95320654 -0.31262171 0.94915456 0.03705964
0.62762630 0.14383844 -0.76511163 -0.11577101 0.98910052 0.09097984
0.60102040 -0.79921287 -0.00577883 0.76544857 0.57767910 -0.28350568
0.85892695 0.21583459 -0.46439204 -0.24634387 0.96916860 -0.00519235
0.81140918 0.19873315 -0.54965484 -0.20008652 0.97804511 0.05825105
0.69215167 0.16147664 -0.70345676 -0.14647266 0.98579621 0.08216818
0.44641811 0.11400628 -0.88753223 -0.63834858 0.73564249 -0.22658618
-0.11799517 -0.03278448 -0.99247283 -0.66497809 0.74487519 0.05445373
-0.01790587 0.00584772 -0.99982262 -0.46350089 0.88599390 0.01348283
-0.12093113 -0.03899463 -0.99189472 -0.53186762 0.84623867 0.03157652
-0.04445396 -0.00794138 -0.99897993 -0.20302032 0.97917372 0.00125035
0.71197230 -0.69406152 -0.10664922 0.60315639 0.68222129 -0.41325110
-0.16249058 -0.05760206 -0.98502731 -0.63392109 0.77110714 0.05947942
-0.05380727 -0.01438240 -0.99844778 -0.16842929 0.98570043 -0.00512197
-0.17687631 -0.06763503 -0.98190653 -0.61817026 0.78394896 0.05735502
-0.07650995 -0.01983342 -0.99687159 -0.20552352 0.97864521 -0.00369685
-0.20820740 -0.08574288 -0.97431916 -0.60202456 0.79632658 0.05857078
-0.14944494 -0.04733224 -0.98763657 -0.25037891 0.96811056 -0.00851020
-0.21355167 -0.08634386 -0.97310865 -0.60125303 0.79670739 0.06125503
-0.20434897 -0.07624310 -0.97592443 -0.15420511 0.98702174 -0.04482103
-0.23493351 -0.10434227 -0.96639484 -0.50171131 0.86456156 0.02862028
-0.29569370 -0.11626004 -0.94818193 -0.66231024 0.74022961 0.11578141
-0.28758615 -0.10735321 -0.95171922 -0.11558608 0.99032551 -0.07678071
-0.33925980 -0.11549513 -0.93357575 -0.25614098 0.96627724 -0.02645952
-0.40966156 -0.13436848 -0.90228742 -0.40726906 0.91198760 0.04909754
-0.27807003 -0.09818161 -0.95552993 -0.62223560 0.77624583 0.10131761
-0.40820989 -0.13551590 -0.90277356 -0.29935804 0.95410854 -0.00786017
-0.47992679 -0.17362814 -0.85995555 -0.58400452 0.79470670 0.16546899
-0.30939561 -0.10857006 -0.94471526 -0.63745356 0.76087672 0.12132428
-0.41267961 -0.13605623 -0.90065765 -0.28927973 0.95716888 -0.01204555
-0.41615713 -0.11473671 -0.90202481 -0.58147770 0.79624015 0.16698886
-0.40780237 -0.13089608 -0.90363902 -0.62454122 0.76193386 0.17147914
-0.47586957 -0.16627866 -0.86365479 -0.63245410 0.74707574 0.20464534
-0.47128290 -0.14134857 -0.87058198 -0.50011313 0.85587561 0.13177158
