-0.38344416 -0.64333791 0.66263628 -0.92112255 0.21425810 -0.32500279
-0.40195632 -0.64297658 0.65192968 -0.90397298 0.16526695 -0.39435995
-0.41199237 -0.62817669 0.66004264 -0.89149094 0.12809075 -0.43455347
-0.41406614 -0.62418026 0.66253173 -0.89031255 0.12622502 -0.43750528
-0.41591495 -0.63728160 0.64875799 -0.87212819 0.07736191 -0.48312283
-0.44345674 -0.63290304 0.63464952 -0.85868859 0.09704342 -0.50322610
-0.43256700 -0.67936319 0.59274912 -0.84519553 0.07666086 -0.52893066
-0.44924870 -0.62739480 0.63604355 -0.81501871 -0.00381199 -0.57942218
-0.41192958 -0.67547441 0.61159497 -0.83478343 0.01066536 -0.55047518
-0.41166401 -0.62887281 0.65958458 -0.84958851 0.00295001 -0.52743781
-0.41792426 -0.61126506 0.67208213 -0.87408620 0.06891623 -0.48085749
-0.41805694 -0.66473728 0.61915493 -0.81768954 -0.02155975 -0.57525563
-0.51070917 -0.70567775 0.49111623 -0.72275287 0.04302433 -0.68976605
-0.52888429 -0.68489099 0.50120425 -0.71758950 0.04555076 -0.69497514
-0.51017982 -0.71432596 0.47901466 -0.72925770 0.06401789 -0.68123782
-0.50285363 -0.71581542 0.48450658 -0.75385964 0.08895303 -0.65098625
-0.47321790 -0.77823222 0.41281903 -0.71910286 0.07055125 -0.69131297
-0.53624368 -0.70014769 0.47141910 -0.72650021 0.09852950 -0.68006581
-0.48955393 -0.76776004 0.41337821 -0.75001031 0.12894288 -0.64873588
-0.46043763 -0.73183143 0.50241417 -0.80715102 0.10958827 -0.58008432
-0.44927284 -0.73149055 0.51290888 -0.81920618 0.10824683 -0.56319082
-0.47481090 -0.68295765 0.55508870 -0.82690823 0.13027081 -0.54703969
-0.44619167 -0.73990530 0.50344133 -0.82608449 0.12413475 -0.54970455
-0.44461384 -0.72125053 0.53114617 -0.85420555 0.16297787 -0.49373180
-0.44638294 -0.71976477 0.53167760 -0.85091281 0.15754566 -0.50112551
-0.44904736 -0.75542390 0.47716996 -0.84138066 0.17776212 -0.51037174
-0.44304407 -0.76939940 0.46014848 -0.84518820 0.18731348 -0.50057030
-0.48032811 -0.70492065 0.52189261 -0.77300709 0.05908272 -0.63164020
-0.44165486 -0.77159679 0.45779848 -0.85082209 0.19829589 -0.48660100
-0.43355983 -0.77342045 0.46243569 -0.85424870 0.18940131 -0.48413464
-0.42566887 -0.79607540 0.43019763 -0.86564851 0.21978210 -0.44983166
-0.42088932 -0.79019159 0.44547665 -0.87823921 0.23205337 -0.41814733
-0.42389941 -0.77523685 0.46831316 -0.87542051 0.21809924 -0.43136036
-0.43649197 -0.73697639 0.51608199 -0.87499791 0.21421199 -0.43415660
-0.42109740 -0.74945027 0.51088297 -0.88003296 0.20122951 -0.43017301
-0.41531789 -0.72959805 0.54332101 -0.90727168 0.28882235 -0.30567920
-0.41710350 -0.72718698 0.54518241 -0.90421242 0.27144295 -0.32972524
-0.41259837 -0.78897351 0.45528397 -0.88880086 0.23923296 -0.39089727
-0.40848535 -0.82849824 0.38305405 -0.91136557 0.34697637 -0.22140515
-0.40738133 -0.84687078 0.34183392 -0.88868564 0.28136036 -0.36204159
-0.40861669 -0.83888143 0.35959750 -0.87866288 0.25495580 -0.40366966
-0.41210788 -0.83806199 0.35751808 -0.86597431 0.23826574 -0.43967938
-0.41980946 -0.84509075 0.33103126 -0.84958595 0.23758069 -0.47091311
-0.43473789 -0.82446295 0.36230358 -0.81720436 0.19212511 -0.54338300
-0.43400407 -0.82855529 0.35374659 -0.84825075 0.24353929 -0.47027588
-0.43950057 -0.81896174 0.36897281 -0.83000481 0.21322417 -0.51539075
-0.42767406 -0.80530316 0.41058710 -0.84068692 0.18743457 -0.50804907
-0.45400512 -0.81756955 0.35420251 -0.81556171 0.22123319 -0.53471017
-0.45724857 -0.81726724 0.35071072 -0.79436630 0.19800526 -0.57426137
-0.46455261 -0.80815542 0.36204386 -0.78714544 0.18954192 -0.58692074
-0.47600859 -0.79169625 0.38292673 -0.77898943 0.17748740 -0.60139316
-0.48011413 -0.78258282 0.39630127 -0.77854204 0.17198792 -0.60356653
-0.49218208 -0.78014374 0.38617688 -0.76239443 0.17220977 -0.62377769
-0.47635749 -0.80334568 0.35737836 -0.75641853 0.16722195 -0.63235098
-0.46800783 -0.81898427 0.33201420 -0.73872894 0.15636140 -0.65561473
-0.45782390 -0.83032727 0.31773254 -0.74357814 0.16172430 -0.64879650
-0.45303446 -0.83457905 0.31342894 -0.77988446 0.20068705 -0.59287864
-0.43344748 -0.85726684 0.27787939 -0.77757144 0.19990571 -0.59617150
-0.42505822 -0.86447597 0.26834083 -0.79321980 0.21293642 -0.57049149
-0.42754579 -0.86051810 0.27697158 -0.80414128 0.22205646 -0.55140525
-0.76944792 0.26188296 -0.58255237 0.45774418 0.86219460 -0.21700412
-0.78162253 0.27386281 -0.56041539 0.45066488 0.86910993 -0.20383608
-0.40962821 -0.88039464 0.23897715 -0.81644106 0.23693568 -0.52657908
-0.41184303 -0.87915677 0.23972635 -0.81400937 0.23668477 -0.53044242
-0.41059229 -0.87886614 0.24291649 -0.82523710 0.24486674 -0.50894415
-0.40984330 -0.87998223 0.24012467 -0.83760613 0.25883794 -0.48106027
-0.41368395 -0.87159896 0.26302275 -0.85302913 0.27012601 -0.44651243
-0.42081493 -0.86380279 0.27705514 -0.83513486 0.24964534 -0.49012941
-0.41141763 -0.86732793 0.28013879 -0.86470270 0.27425820 -0.42079896
-0.40447345 -0.88133049 0.24424982 -0.86225718 0.27848023 -0.42303830
-0.40540659 -0.88317227 0.23590742 -0.86281693 0.28443491 -0.41790384
-0.40095016 -0.88630986 0.23171918 -0.87790000 0.29945663 -0.37365404
-0.39992210 -0.89177507 0.21165913 -0.88420832 0.31457874 -0.34527659
-0.39802873 -0.89520282 0.20046212 -0.85527682 0.28308997 -0.43400648
-0.84860808 0.33503920 -0.40940595 0.41934949 0.89780694 -0.13449444
-0.85791922 0.34028989 -0.38493818 0.41811097 0.89782763 -0.13816194
-0.43254584 -0.85429376 0.28824696 -0.87526566 0.32114783 -0.36162716
-0.86532277 0.34619412 -0.36244464 0.41434222 0.90098429 -0.12863833
-0.86141062 0.34346351 -0.37417185 0.41760787 0.89825982 -0.13686863
-0.86269009 0.35115817 -0.36394200 0.40490070 0.91076541 -0.08100502
-0.84365880 0.33990002 -0.41558138 0.40634856 0.91016513 -0.08050039
-0.86041522 0.35358733 -0.36696285 0.38415951 0.92319900 -0.01118704
-0.83882856 0.34381038 -0.42209136 0.38308853 0.92366832 -0.00895278
-0.82504261 0.33150747 -0.45761070 0.40217793 0.91336137 -0.06343348
-0.81395602 0.32678801 -0.48029712 0.39960286 0.91506034 -0.05460873
-0.81280261 0.32753161 -0.48174164 0.40093097 0.91447282 -0.05471589
-0.79833680 0.31590235 -0.51270264 0.41284040 0.90691781 -0.08404126
-0.80494392 0.31658572 -0.50183547 0.42399499 0.89855880 -0.11322697
-0.81968015 0.32508475 -0.47163993 0.42556891 0.89672852 -0.12152839
-0.82171345 0.32497033 -0.46816808 0.44099876 0.88291907 -0.16116448
-0.79031414 0.29682449 -0.53600270 0.44339389 0.88082319 -0.16598903
-0.78694212 0.30705330 -0.53520131 0.40957496 0.90868235 -0.08090010
-0.77052534 0.29389071 -0.56561387 0.41951203 0.90190226 -0.10286875
-0.76673281 0.28337395 -0.57603824 0.43150952 0.89185542 -0.13562277
-0.76625150 0.27668127 -0.57991904 0.42907667 0.89214844 -0.14129543
-0.76397640 0.26748803 -0.58718854 0.45007929 0.87299567 -0.18790236
-0.72699749 0.23850904 -0.64388520 0.45321274 0.87112951 -0.18902797
-0.72226501 0.24010648 -0.64860022 0.41594034 0.90005374 -0.12998824
-0.71819425 0.23959188 -0.65329379 0.42951852 0.89129013 -0.14531268
-0.76296198 0.27592868 -0.58459592 0.45772505 0.86917776 -0.18713050
-0.69107282 0.21559182 -0.68988299 0.40116680 0.90837449 -0.11798714
-0.68689215 0.21360046 -0.69466108 0.42033994 0.89650530 -0.13997367
-0.69981802 0.22212836 -0.67890626 0.39795300 0.91050571 -0.11230648
-0.73433244 0.24868223 -0.63159567 0.37402442 0.92471468 -0.07077021
-0.76645309 0.27854443 -0.57875961 0.38012636 0.92304045 -0.05916320
-0.74279004 0.26321849 -0.61561280 0.37677759 0.92439932 -0.05936785
-0.69557077 0.23300557 -0.67962468 0.34645459 0.93747997 -0.03317368
-0.70007950 0.23547663 -0.67412120 0.31379157 0.94947428 0.00578521
-0.81397378 0.25714806 -0.52088547 0.17647237 0.96376854 0.20001963
-0.70392245 0.24474876 -0.66677684 0.30134299 0.95298958 0.03167613
-0.70563447 0.24928512 -0.66327745 0.30273521 0.95239908 0.03588018
-0.71920860 0.25692642 -0.64554465 0.30128080 0.95254493 0.04345203
-0.72542751 0.27860945 -0.62939006 0.31362176 0.94777071 0.05806895
-0.72178644 0.28384185 -0.63123542 0.31715825 0.94628751 0.06285372
-0.79785383 0.31435972 -0.51439983 0.33964753 0.93936479 0.04725778
-0.75641048 0.30321518 -0.57957202 0.34932309 0.93638599 0.03398158
-0.80256814 0.33112949 -0.49622345 0.36618197 0.93010932 0.02841584
-0.80544519 0.33626622 -0.48804006 0.34056470 0.93653041 0.08322547
-0.77343041 0.32717344 -0.54292089 0.31766132 0.94124401 0.11467798
-0.80208421 0.32914579 -0.49832126 0.32458806 0.94067335 0.09887539
-0.80528426 0.33111474 -0.49181330 0.29264197 0.94341290 0.15598997
-0.81235361 0.33404517 -0.47801200 0.29278174 0.94251317 0.16108319
-0.81874114 0.34657907 -0.45776197 0.30342761 0.93801916 0.16748692
-0.83355850 0.34829694 -0.42879990 0.32407004 0.93691283 0.13104603
-0.79437000 0.34110233 -0.50261873 0.33786637 0.93575239 0.10106353
-0.83510709 0.34642407 -0.42730150 0.36243123 0.93085766 0.04634340
-0.83963794 0.34884971 -0.41630760 0.36257380 0.93068618 0.04861522
-0.83590209 0.34909576 -0.42355630 0.36460084 0.92998010 0.04693944
-0.84858501 0.35671797 -0.39071190 0.35520416 0.93144947 0.07894278
-0.84497422 0.35130593 -0.40324020 0.36755559 0.92917073 0.03930207
-0.85059279 0.35322994 -0.38951328 0.37248096 0.92762291 0.02781564
-0.81846583 0.33594730 -0.46610427 0.37232563 0.92798012 0.01505371
-0.82375073 0.33788234 -0.45526949 0.37140596 0.92831588 0.01694731
-0.82901090 0.35705629 -0.43040890 0.33199331 0.93356949 0.13501304
-0.81181830 0.33142230 -0.48073933 0.24507134 0.94067878 0.23465630
-0.85778683 0.31427565 -0.40673408 0.24039255 0.94471633 0.22298533
-0.78852761 0.30538663 -0.53381962 0.23763436 0.95188022 0.19353034
-0.75225979 0.30828786 -0.58229190 0.21477342 0.95024365 0.22563107
-0.79383570 0.30953723 -0.52346128 0.17797716 0.94133359 0.28673202
-0.74355543 0.28131330 -0.60662031 0.14363012 0.95321536 0.26599044
-0.74286932 0.29173660 -0.60252380 0.15161973 0.94998056 0.27303565
-0.73153341 0.27192953 -0.62523061 0.13138847 0.95605808 0.26208791
-0.68688101 0.22891390 -0.68977755 0.06264795 0.96421695 0.25760627
-0.73803127 0.22749797 -0.63525951 0.04605286 0.95623803 0.28894296
-0.72456253 0.18086718 -0.66505361 -0.03524649 0.95396507 0.29783952
-0.72362655 0.12729681 -0.67835104 -0.07562946 0.96230143 0.26125908
-0.69604599 0.14143528 -0.70392901 -0.05019759 0.96842146 0.24421325
-0.68453395 0.14722806 -0.71395886 -0.02682269 0.97364277 0.22649567
-0.66216528 0.14216681 -0.73574841 -0.03386332 0.97515869 0.21890402
-0.65483010 0.15010345 -0.74072027 -0.01800641 0.97670221 0.21384254
-0.67301732 0.15825671 -0.72249746 0.02779904 0.98156285 0.18910751
-0.66997868 0.20579089 -0.71328729 0.06038674 0.97273409 0.22392376
-0.68092173 0.21483743 -0.70013607 0.13111670 0.97632045 0.17206652
-0.67985916 0.24663268 -0.69062573 0.15434743 0.96877843 0.19402395
-0.68900651 0.24672639 -0.68146622 0.19406712 0.96874213 0.15452087
-0.71829069 0.25340194 -0.64795518 0.20626044 0.96700501 0.14952573
-0.73167980 0.27738011 -0.62265962 0.20998512 0.96075845 0.18124416
-0.73304206 0.28433958 -0.61789995 0.21001892 0.95866090 0.19199312
-0.73487830 0.28601587 -0.61493802 0.19471370 0.95752770 0.21266732
-0.74753439 0.28727823 -0.59888536 0.23831582 0.95760107 0.16188186
-0.77087325 0.29615253 -0.56395757 0.25068143 0.95495278 0.15882064
-0.76549608 0.29505923 -0.57180053 0.27998725 0.95286423 0.11686296
-0.76000333 0.30460396 -0.57411802 0.28637713 0.94994092 0.12490144
-0.77620685 0.31268063 -0.54747957 0.29631144 0.94739819 0.12098020
-0.73477036 0.28320846 -0.61636472 0.27598393 0.95487618 0.10974705
-0.71165007 0.27261761 -0.64748275 0.24618977 0.95996964 0.13359994
-0.81895912 0.28763130 -0.49656242 0.23525153 0.95753920 0.16665958
-0.72899902 0.25731382 -0.63431072 0.23908755 0.96401030 0.11628143
-0.68281782 0.24548918 -0.68810970 0.24426043 0.96436578 0.10166401
-0.65720958 0.21113563 -0.72353119 0.21850966 0.97210884 0.08519355
-0.75667304 0.21057048 -0.61895561 0.17664541 0.97734994 0.11654831
-0.63311017 0.18168046 -0.75243860 0.19497406 0.97815281 0.07212706
-0.60511261 0.16308777 -0.77925682 0.17886660 0.98162031 0.06654522
-0.61571038 0.16429573 -0.77065408 0.12032823 0.98615497 0.11410269
-0.60150212 0.16546850 -0.78154683 0.12808056 0.98563319 0.11010284
-0.61438131 0.18246241 -0.76762170 0.13577132 0.98282951 0.12494965
-0.65698808 0.18104942 -0.73183870 0.10459203 0.98323733 0.14934823
-0.64429075 0.16164677 -0.74750239 0.06803814 0.98564708 0.15450160
-0.64920080 0.16060577 -0.74346769 0.05180186 0.98451960 0.16744469
-0.63309908 0.16195042 -0.75693965 0.03283077 0.98260677 0.18277341
-0.62419790 0.16156907 -0.76437712 0.03041145 0.98266566 0.18287522
-0.60763413 0.16336784 -0.77723342 0.02127341 0.98161256 0.18969524
-0.60147309 0.14910150 -0.78485596 0.00430322 0.98301977 0.18344949
-0.57021594 0.13196106 -0.81082678 -0.00912044 0.98593611 0.16687386
-0.57955050 0.12586719 -0.80515760 -0.07122958 0.97639555 0.20390701
-0.59718138 0.12627770 -0.79210383 -0.06937324 0.97569799 0.20784812
-0.61412179 0.14795388 -0.77521873 -0.04416848 0.97428751 0.22093691
-0.61481237 0.10222784 -0.78201997 -0.11091456 0.97050178 0.21406607
-0.57963681 0.06680014 -0.81213230 -0.14343441 0.97270960 0.18238041
-0.56023270 -0.02073015 -0.82807583 -0.22629085 0.96548975 0.12892634
-0.49692765 -0.02713673 -0.86736757 -0.26106995 0.95788193 0.11960223
-0.49667519 -0.08138388 -0.86411256 -0.29405981 0.95249063 0.07931238
-0.47807756 -0.21628030 -0.85127246 -0.44912609 0.89310956 0.02532102
-0.40681642 -0.18474582 -0.89463371 -0.41618770 0.90927756 0.00148299
-0.41017428 -0.16705543 -0.89657658 -0.39847273 0.91710913 0.01141587
-0.45599103 -0.08046241 -0.88633966 -0.30465427 0.94984984 0.07050619
-0.40825447 -0.06393769 -0.91062629 -0.29197672 0.95428866 0.06389645
-0.40243331 0.00272121 -0.91544533 -0.23568517 0.96597862 0.10647952
-0.44050330 0.04050446 -0.89683682 -0.18619573 0.97313756 0.13540506
-0.48494041 0.04944365 -0.87314844 -0.16565649 0.97513247 0.14722313
-0.44958523 0.07046825 -0.89045346 -0.15446383 0.97573173 0.15520491
-0.49801382 0.05663566 -0.86531764 -0.17579277 0.97055233 0.16469687
-0.52288651 0.05980248 -0.85030198 -0.13695399 0.97868246 0.15305036
-0.53242749 0.07917909 -0.84276432 -0.12119538 0.97822732 0.16847286
-0.49550775 0.08381664 -0.86455011 -0.08644505 0.98563337 0.14510050
-0.44516808 0.08865999 -0.89104706 -0.09477903 0.98483109 0.14534330
-0.43193528 0.06204837 -0.89976776 -0.12782069 0.98334956 0.12917279
-0.31815398 0.08165681 -0.94451588 -0.11246528 0.98599774 0.12312627
-0.46014038 0.08556352 -0.88371360 -0.08153695 0.98706669 0.13802588
-0.44218478 0.09249280 -0.89214224 -0.02636401 0.99289858 0.11600589
-0.45869023 0.08481753 -0.88453901 -0.03712922 0.99273539 0.11444623
-0.34279370 0.05737536 -0.93765700 -0.05838338 0.99490243 0.08222233
-0.40714285 0.04864482 -0.91206825 -0.09113674 0.99143362 0.09356074
-0.07775291 0.08190190 -0.99360281 -0.05595203 0.99469072 0.08637002
-0.37358224 0.05126754 -0.92617923 -0.05022656 0.99588871 0.07538554
-0.36032251 0.05237307 -0.93135643 -0.01580028 0.99793679 0.06222989
-0.39369142 0.03692703 -0.91850066 -0.02646714 0.99832320 0.05148063
-0.35225818 0.02045416 -0.93567932 -0.02182199 0.99930984 0.03006052
-0.33448973 0.00909250 -0.94235557 -0.01182543 0.99983424 0.01384453
-0.32210419 0.00962148 -0.94665539 0.00913286 0.99993342 0.00705547
-0.32215059 0.01032146 -0.94663221 0.03301908 0.99945468 -0.00033940
-0.32816920 0.01002641 -0.94456577 0.04978379 0.99873757 -0.00669488
-0.32184032 0.02186929 -0.94654137 0.04784350 0.99883163 0.00680981
-0.21454825 0.00573841 -0.97669655 0.16952133 0.98502457 -0.03145095
-0.30850291 0.01097070 -0.95116019 0.08341657 0.99639326 -0.01556323
-0.33120143 0.01572789 -0.94342899 0.11910529 0.99256009 -0.02526631
-0.31500685 -0.00313603 -0.94908422 0.11840842 0.99205166 -0.04257849
-0.17905867 -0.01911774 -0.98365265 0.02144997 0.99949771 -0.02333033
-0.29166335 -0.01170903 -0.95644939 0.13281837 0.98974270 -0.05261875
-0.28755191 -0.01309878 -0.95767546 0.13910598 0.98873276 -0.05529156
-0.23934737 -0.04383621 -0.96994394 0.14671285 0.98587692 -0.08075977
-0.31367698 -0.03446534 -0.94890410 0.17778151 0.97953689 -0.09434676
-0.27495685 -0.02551429 -0.96111798 0.18054794 0.98049390 -0.07767984
-0.32657337 -0.02059684 -0.94494748 0.20910852 0.97341371 -0.09348512
-0.30810183 -0.07800133 -0.94815040 0.23383044 0.95985144 -0.15494724
-0.32264748 -0.12008052 -0.93887126 0.21958604 0.95536166 -0.19765140
-0.24202250 -0.93136597 0.27199748 -0.29638237 -0.19596796 -0.93474817
-0.23413438 -0.93130177 0.27903089 -0.28317106 -0.20923784 -0.93596673
-0.19803226 -0.94240946 0.26953226 -0.25852254 -0.21502492 -0.94176984
-0.23104353 -0.93050486 0.28421763 -0.24235028 -0.22787359 -0.94304824
-0.26093483 -0.92181385 0.28665712 -0.25376332 -0.22100309 -0.94168037
-0.28909236 -0.91297436 0.28792965 -0.20868701 -0.23343602 -0.94971436
-0.21318513 -0.94042689 0.26485732 -0.12312789 -0.24306718 -0.96216315
-0.28264320 -0.91870093 0.27586493 -0.23868653 -0.21118607 -0.94785506
-0.29546359 -0.93120718 0.21343495 -0.22365969 -0.14977746 -0.96309042
-0.39949408 -0.89416564 0.20216899 -0.25821316 -0.10184909 -0.96070427
-0.36717710 -0.91603780 0.16141810 -0.25667498 -0.06701639 -0.96417159
-0.34746745 -0.92476487 0.15516570 -0.14339530 -0.11112641 -0.98340672
-0.18817143 -0.96917289 0.15904547 0.04190595 -0.16971381 -0.98460203
0.35701478 -0.19053178 -0.91446054 0.05899090 0.98162109 -0.18149430
0.20435613 -0.15128207 -0.96713614 -0.02293140 0.98697507 -0.15923075
-0.21854703 -0.14531825 -0.96494550 -0.03190862 0.98938495 -0.14177190
-0.33012462 -0.93897969 0.09661753 -0.11166292 -0.06279024 -0.99176049
0.08750486 -0.09655745 -0.99147344 0.02747779 0.99514657 -0.09449005
-0.17484148 -0.98054254 0.08925689 -0.06126925 -0.07964237 -0.99493885
-0.42938435 -0.89844775 0.09176510 -0.04960332 -0.07799383 -0.99571913
-0.22829047 -0.97288525 0.03711845 -0.21959405 0.01431073 -0.97548640
-0.27582192 0.04657126 -0.96007991 0.09004929 0.99568474 0.02242806
-0.25126466 0.05216553 -0.96651167 0.22636105 0.97402328 -0.00627628
-0.21848471 0.08886854 -0.97178537 0.22807266 0.97291422 0.03769462
-0.31701705 0.10804410 -0.94224554 0.19378223 0.97991019 0.04716526
-0.22830291 -0.97357106 -0.00610328 -0.17144723 0.04637375 -0.98410130
-0.22360499 -0.97464180 -0.00861485 -0.15125509 0.04343021 -0.98754025
-0.27350539 -0.96186882 0.00179982 -0.11866714 0.03188576 -0.99242204
-0.26499820 -0.96424747 0.00169759 -0.09879903 0.02540099 -0.99478322
-0.22461425 -0.97438359 -0.01118734 -0.05724126 0.02465434 -0.99805593
-0.28180119 -0.95947266 -0.00062421 -0.09161516 0.02755535 -0.99541318
-0.27497575 -0.96144241 -0.00410724 -0.09501226 0.03142434 -0.99498004
-0.30096421 -0.95363510 0.00078949 -0.08772504 0.02686135 -0.99578255
-0.31981319 -0.94746923 0.00465706 -0.10563014 0.03076947 -0.99392939
-0.38045534 -0.92478770 0.00463713 -0.09740384 0.03508437 -0.99462640
-0.39097762 -0.92037970 0.00614231 -0.09289961 0.03282259 -0.99513435
-0.41216674 -0.91103387 0.01165636 -0.12384187 0.04334407 -0.99135488
-0.44121853 -0.89727473 0.01497232 -0.12424586 0.04455520 -0.99125069
-0.52790004 -0.84878463 0.02977066 -0.10222398 0.02870183 -0.99434727
-0.48207682 -0.87581217 0.02355741 -0.13364112 0.04693402 -0.98991781
-0.51312709 -0.85764670 0.03380402 -0.09383266 0.01690445 -0.99544448
-0.66110045 -0.74748862 0.06486210 -0.10821863 0.00945181 -0.99408215
-0.51811886 -0.85487777 0.02714668 -0.07054931 0.01108411 -0.99744678
-0.47833779 -0.87813270 0.00871673 -0.09179229 0.04012474 -0.99496943
-0.47577578 -0.87952465 0.00859111 -0.02955529 0.00622439 -0.99954379
-0.43086049 -0.90239942 0.00587348 -0.01354127 -0.00004271 -0.99990839
-0.44663468 -0.89466947 0.00917075 -0.00768925 -0.00641132 -0.99994987
-0.45320496 -0.89134175 0.01073339 0.00195960 -0.01303716 -0.99991310
-0.38586456 -0.92254436 0.00452555 -0.04885111 0.01553347 -0.99868530
-0.18600400 -0.98247153 -0.01234016 -0.01237644 0.01490110 -0.99981236
-0.42043364 -0.90729791 0.00678930 -0.00042938 -0.00728382 -0.99997342
-0.35681188 -0.93416214 -0.00514043 0.03958075 -0.00962008 -0.99917006
-0.49655479 -0.86797160 -0.00765844 0.11739283 -0.05841164 -0.99136621
-0.34364885 -0.93908584 -0.00482897 0.02136081 -0.00267576 -0.99976826
-0.35821554 -0.93363786 0.00140164 -0.03884788 0.01340504 -0.99915522
-0.30868196 -0.95114708 -0.00588546 0.03168366 -0.00409792 -0.99948955
-0.30077663 -0.95259368 -0.04581201 0.09832123 0.01680760 -0.99501282
-0.30501911 -0.95138854 -0.04269891 0.13603693 0.00084938 -0.99070340
-0.34272873 -0.93790001 -0.05367147 0.18720420 -0.01219929 -0.98224527
-0.35951912 -0.93149638 -0.05532216 0.19567265 -0.01728802 -0.98051691
-0.44175363 -0.89521605 -0.05866849 0.14752917 -0.00798346 -0.98902553
-0.40128201 -0.91388279 -0.06157159 0.26015082 -0.04926202 -0.96431053
-0.40108582 -0.91383141 -0.06357906 0.28129211 -0.05681289 -0.95793903
-0.45543081 -0.88706380 -0.07550309 0.37165576 -0.11237531 -0.92154431
-0.48878175 -0.86933982 -0.07308036 0.34368071 -0.11488205 -0.93203312
-0.52602673 -0.84671891 -0.07976851 0.39990839 -0.16348125 -0.90185761
-0.52215827 -0.84957767 -0.07462258 0.37688494 -0.15137276 -0.91380745
0.57848448 0.01325679 -0.81558573 0.36315954 0.89111930 0.27206895
-0.59725708 -0.79337239 -0.11766204 0.40897569 -0.17505760 -0.89559686
-0.60272121 -0.79090375 -0.10582301 0.39403704 -0.17968029 -0.90136003
-0.62032974 -0.77788496 -0.10042906 0.43813670 -0.23746391 -0.86697584
-0.69253492 -0.70800614 -0.13828473 0.37722906 -0.19203131 -0.90599245
-0.73660964 -0.65673995 -0.16155154 0.41053769 -0.24436563 -0.87848979
-0.71633327 -0.68175578 -0.14857914 0.31310463 -0.12377208 -0.94161880
-0.65574139 -0.74492025 -0.12287019 0.25554067 -0.06585101 -0.96455312
-0.52342010 -0.84839541 -0.07909939 0.20676342 -0.03640708 -0.97771341
-0.84383941 -0.51030773 -0.16589500 0.22454017 -0.05501550 -0.97291058
-0.68772352 -0.71575028 -0.12139992 0.12834939 0.04471457 -0.99072045
-0.68873799 -0.71488708 -0.12073294 0.12702590 0.04496413 -0.99087971
-0.59945446 -0.79882884 -0.05026770 0.02950123 0.04070896 -0.99873543
-0.73484462 -0.67816812 -0.00956264 -0.07346223 0.09360220 -0.99289572
-0.57483494 -0.81788391 -0.02511493 0.01108815 0.02290416 -0.99967617
-0.54316449 -0.83703548 -0.06590905 0.15341423 -0.02176268 -0.98792237
-0.56594455 -0.82220191 -0.06075235 0.16053003 -0.03761876 -0.98631382
-0.51065695 -0.85830635 -0.05039497 0.11238311 -0.00852301 -0.99362844
-0.53326780 -0.84422350 -0.05396491 0.09663582 0.00258153 -0.99531645
-0.48297143 -0.87475812 -0.03920301 0.08684701 -0.00330372 -0.99621624
-0.45641500 -0.88867104 -0.04414930 0.13037127 -0.01770947 -0.99130708
0.15251176 -0.02214189 -0.98805362 0.12761098 0.99182111 -0.00252884
-0.46955714 -0.88106108 -0.05698690 0.19252525 -0.03918617 -0.98050934
-0.47952884 -0.87636590 -0.04511059 0.17260954 -0.04379643 -0.98401618
-0.50649071 -0.86163336 -0.03248356 0.07274728 -0.00516317 -0.99733704
-0.50842535 -0.86052805 -0.03154565 0.07562378 -0.00812847 -0.99710333
-0.50151193 -0.86456835 -0.03173813 0.08177483 -0.01085060 -0.99659181
-0.51585406 -0.85531688 -0.04824618 0.15105811 -0.03538100 -0.98789150
-0.59761196 -0.79790461 -0.07879205 0.23877691 -0.08329945 -0.96749514
-0.59501356 -0.79885930 -0.08822007 0.24518983 -0.07589142 -0.96650016
-0.55695105 -0.82620108 -0.08483698 0.28303126 -0.09277164 -0.95461345
-0.49846199 -0.86438012 -0.06620193 0.29084191 -0.09480231 -0.95206279
-0.44919750 -0.89005256 -0.07764103 0.40192831 -0.12370428 -0.90727669
0.54851192 0.01603878 -0.83598888 0.37616387 0.88819134 0.26385024
0.74434048 -0.10302608 -0.65980518 0.29578823 0.93668628 0.18742511
0.48792851 0.02789406 -0.87243778 0.29119596 0.93703079 0.19281651
0.48186705 0.03782019 -0.87542778 0.30821368 0.92790830 0.20973943
0.43596774 0.05051983 -0.89854324 0.25224307 0.95154476 0.17588663
0.32749179 0.07483477 -0.94188583 0.23466910 0.95918125 0.15780289
0.43830350 0.03102012 -0.89829159 0.24259642 0.95823109 0.15146007
0.32054681 0.05740197 -0.94549179 0.19817737 0.97200799 0.12619917
0.34636986 0.04169134 -0.93717116 0.05881753 0.99608123 0.06605047
0.29789391 0.05447287 -0.95304352 0.17031464 0.97931921 0.10921016
0.46505553 0.04131414 -0.88431698 0.14608712 0.98163462 0.12268679
0.45101836 0.05825377 -0.89061165 0.15024209 0.97867250 0.14009842
0.61131895 0.03821634 -0.79046112 0.12414138 0.98183686 0.14347601
0.56868750 0.04706502 -0.82120615 0.14428917 0.97717357 0.15592448
0.65834391 0.06885223 -0.74956173 0.10059834 0.97882617 0.17826772
0.78619403 0.03297481 -0.61709940 0.11630508 0.97283602 0.20015809
0.83373332 0.01569394 -0.55194426 0.12852030 0.96662670 0.22161987
0.72064906 0.05344398 -0.69123703 0.13921276 0.96556312 0.21979012
0.61917198 0.01089104 -0.78517985 0.21062648 0.96095979 0.17942369
0.65594000 -0.00396865 -0.75480270 0.21969804 0.95769459 0.18588695
0.88436610 0.00543564 -0.46676233 0.07705285 0.98451537 0.15745574
0.66015029 0.07545808 -0.74733371 0.08246174 0.98164678 0.17195843
0.65907484 0.07599004 -0.74822855 0.08133352 0.98184580 0.17135860
0.53469706 0.09753400 -0.83939630 0.05475504 0.98723072 0.14959078
0.47786757 0.07786112 -0.87497443 0.07339446 0.98904234 0.12809604
0.47574598 0.07829185 -0.87609142 0.07192715 0.98923206 0.12746140
0.49686933 0.09469568 -0.86264342 0.05556505 0.98851770 0.14051798
0.73575759 0.07428413 -0.67315871 0.08288346 0.97661799 0.19836240
0.56659466 0.10216939 -0.81763798 0.02516764 0.98967445 0.14110681
0.58089167 0.09894753 -0.80794448 -0.00146516 0.99270964 0.12052197
0.60400331 0.11362286 -0.78884089 -0.01736647 0.99142665 0.12950562
0.61994153 0.11077618 -0.77678907 -0.01149213 0.99115974 0.13217546
0.54913688 0.10811839 -0.82870930 -0.04103956 0.99388874 0.10247419
0.54820627 0.11013301 -0.82906008 -0.02949097 0.99322087 0.11243970
0.61936837 0.11975506 -0.77591336 -0.14907129 0.98825771 0.03353317
0.55121922 0.12503070 -0.82493925 -0.08781207 0.99191087 0.09166200
0.56920296 0.12551855 -0.81255966 -0.07764165 0.99206787 0.09885924
0.59466243 0.12345932 -0.79443973 -0.02012514 0.99011546 0.13880387
0.55315953 0.12716889 -0.82331204 -0.02607406 0.99043900 0.13546492
0.53017688 0.12714989 -0.83829916 -0.01506010 0.98994815 0.14062677
0.53411317 0.12619872 -0.83594078 -0.06381712 0.99199313 0.10898224
0.51304281 0.11814743 -0.85019314 -0.04715885 0.99286568 0.10951632
0.52483565 0.11825579 -0.84294909 -0.10162932 0.99192435 0.07587897
0.52394420 0.11835040 -0.84349024 -0.09271891 0.99233955 0.08164205
0.52017713 0.12258818 -0.84521466 -0.19661604 0.98025209 0.02116875
0.56069559 0.13902698 -0.81626713 -0.10395695 0.98982286 0.09717882
0.42263463 0.14199024 -0.89510822 -0.07109523 0.98980165 0.12344304
0.51522899 0.12375622 -0.84807050 -0.15734544 0.98635960 0.04834409
0.45337132 0.13716471 -0.88070446 0.11106122 0.97169429 0.20850824
0.54020703 0.10234091 -0.83528602 -0.11358479 0.99236196 0.04812715
0.55133283 0.10548603 -0.82758975 -0.00442598 0.99233025 0.12353560
0.56524718 0.10244025 -0.81853628 0.02741810 0.98937821 0.14275500
0.58136111 0.10822680 -0.80641568 0.02279449 0.98855865 0.14910470
0.53643781 0.12285914 -0.83494920 0.04723582 0.98342502 0.17505473
0.53497374 0.12580742 -0.83544934 0.08517420 0.97578228 0.20148034
0.51771849 0.12865514 -0.84582239 0.03440562 0.98469824 0.17083836
0.57419813 0.11627607 -0.81041741 0.07667182 0.97787631 0.19462615
0.56777042 0.11881731 -0.81456691 0.23046172 0.92701489 0.29585630
0.52378976 0.13593589 -0.84093148 0.19478013 0.94191986 0.27358302
0.51811588 0.12467282 -0.84617537 0.00090959 0.98923862 0.14630829
0.41203949 0.08015001 -0.90763396 -0.12106051 0.99210799 0.03265164
0.55148625 0.10902575 -0.82702869 0.02586928 0.98871022 0.14759035
0.58521545 0.10233618 -0.80439430 0.09596165 0.97629285 0.19401968
0.60252851 0.09273612 -0.79269123 0.07494703 0.98226255 0.17188147
0.59914547 0.09276243 -0.79524827 0.07358967 0.98268062 0.17006859
0.60411173 0.08013076 -0.79286081 0.08289316 0.98321575 0.16252859
0.62747127 0.05635192 -0.77659792 0.11062915 0.98080742 0.16055541
0.61628389 0.05363200 -0.78569573 0.07427327 0.98927307 0.12578675
0.61296958 0.04804785 -0.78864425 0.00220316 0.99804145 0.06251768
0.62712318 0.03129673 -0.77829117 -0.06396304 0.99788702 -0.01141232
0.68627191 -0.04461423 -0.72597557 0.00719260 0.99848449 -0.05456181
0.69735134 -0.07456612 -0.71284020 0.01783207 0.99607062 -0.08674862
0.65457547 0.04453551 -0.75468373 0.14535990 0.97222233 0.18345097
0.61278993 0.07139447 -0.78701419 0.07499539 0.98616177 0.14785366
0.66948277 0.05362795 -0.74088931 0.14743011 0.96795648 0.20328464
0.69869530 0.04368228 -0.71408463 0.16845858 0.96002340 0.22355506
0.69992650 0.04417492 -0.71284747 0.18600437 0.95236933 0.24165088
0.65907776 0.06272816 -0.74945432 0.14564559 0.96700490 0.20901901
0.62602437 0.07704281 -0.77598834 0.17440726 0.95606673 0.23562373
0.66048902 0.06406880 -0.74809724 0.21808095 0.93703020 0.27279136
0.70349067 0.03491179 -0.70984650 0.33821976 0.86199534 0.37758628
-0.60305452 -0.13793790 0.78568339 -0.46133816 -0.74320108 -0.48458153
-0.54788941 -0.19271447 0.81405061 -0.43496743 -0.76559341 -0.47399381
-0.59330142 -0.15948427 0.78902358 -0.47295511 -0.72409493 -0.50199604
0.54118502 0.17576343 -0.82232964 0.22840568 0.91042233 0.34490874
-0.58240002 -0.19528741 0.78909636 -0.27402896 -0.86673349 -0.41675085
-0.54506475 -0.21828376 0.80947930 -0.30932721 -0.84503442 -0.43615773
0.52826732 0.17580836 -0.83067745 0.26754799 0.89402312 0.35936165
0.60204810 0.10374667 -0.79169112 0.19923937 0.94063830 0.27477857
0.59797782 0.10024904 -0.79521871 0.13341676 0.96585613 0.22208533
0.60509640 0.09841444 -0.79004622 0.13962774 0.96383274 0.22700353
0.58380538 0.10778511 -0.80470723 0.07368761 0.98002350 0.18472703
-0.49119148 -0.26237422 0.83059663 -0.51945317 -0.67720884 -0.52111107
-0.78517324 0.01742959 0.61903083 -0.39427835 -0.78489560 -0.47799945
0.69794160 0.04901812 -0.71447521 0.18425255 0.95177990 0.24528770
0.74859130 0.03562881 -0.66207379 0.18551423 0.94741684 0.26074082
0.65877169 0.05920370 -0.75000989 0.14399889 0.96854597 0.20293589
0.72138107 -0.01176962 -0.69243830 0.19376245 0.96335393 0.18548693
0.72811145 -0.02483981 -0.68500859 0.08648802 0.99468559 0.05586079
0.73976314 -0.02867249 -0.67225623 0.09535700 0.99347538 0.06255975
0.76592439 -0.03278374 -0.64209425 0.15737547 0.97787768 0.13779788
0.77421027 -0.03480561 -0.63197076 0.15996006 0.97683275 0.14216393
0.78235632 -0.05415671 -0.62047219 0.12795624 0.98893821 0.07502308
0.84074515 -0.07771424 -0.53582466 0.14288816 0.98640764 0.08113587
0.82170564 -0.07811835 -0.56453300 0.12367799 0.99139756 0.04283286
0.90109789 -0.06700525 -0.42840755 -0.00726328 0.98551762 -0.16941759
0.90271974 -0.03766662 -0.42857695 0.06445482 0.99675786 0.04815971
0.90667480 -0.03856407 -0.42006385 0.07565863 0.99453092 0.07200004
0.93188453 -0.03980750 -0.36056423 0.01482924 0.99731028 -0.07177997
0.93773127 -0.02969837 -0.34608978 0.00482992 0.99735689 -0.07249769
0.95610857 0.00070062 -0.29301172 -0.01819181 0.99820995 -0.05697373
0.96017790 0.00412002 -0.27935895 -0.02927297 0.99587137 -0.08592617
0.93513280 -0.01572507 -0.35394824 -0.05550490 0.98017687 -0.19019109
-0.08345515 0.96344501 -0.25457618 -0.96401018 -0.01334158 0.26553047
-0.06725087 0.98706287 -0.14554816 -0.99086303 -0.04897994 0.12566379
-0.06728709 0.98918372 -0.13033791 -0.98983955 -0.04978221 0.13318971
-0.06732856 0.98871303 -0.13384107 -0.98997623 -0.04950900 0.13227233
-0.08079280 0.96276194 -0.25799617 -0.98706913 -0.04132987 0.15487537
0.98713326 0.07727040 0.13998994 -0.06259555 0.99235535 -0.10636146
0.98421961 0.04874650 -0.17010479 -0.05869869 0.99681562 -0.05397334
-0.07198033 0.99659389 0.04024333 -0.99739295 -0.07171340 -0.00803962
0.99136639 0.06215797 -0.11545184 -0.05797647 0.99754673 0.03923331
0.93775785 0.06114640 -0.34186450 -0.06761138 0.99768710 -0.00701486
0.99850494 0.04703483 -0.02785225 -0.04658626 0.99877733 0.01654107
0.99699718 0.04262081 -0.06465372 -0.04433369 0.99869657 -0.02529336
0.98683125 0.03162836 -0.15863113 -0.03498466 0.99921834 -0.01840955
-0.04588032 0.98186052 0.18397009 -0.99346918 -0.06410814 0.09438805
0.99641746 0.04092213 -0.07401147 -0.03683989 0.99776739 0.05570566
0.98967320 0.04629368 -0.13566126 -0.02962534 0.99203789 0.12240551
-0.04634190 0.96816087 0.24600194 -0.98972136 -0.07785475 0.11995991
-0.05586994 0.98202813 0.18027565 -0.99077189 -0.07686155 0.11163921
-0.05477431 0.96225071 0.26659578 -0.98473662 -0.09623452 0.14502652
-0.04889044 0.94903642 0.31135130 -0.98914337 -0.08925635 0.11674231
0.98481405 0.06348144 -0.16159032 -0.05019699 0.99511498 0.08500899
-0.05386994 0.96005154 0.27458912 -0.98313594 -0.09912124 0.15368423
-0.05960855 0.93269533 0.35570529 -0.97153938 -0.13604516 0.19391513
-0.08887812 0.92819983 0.36131129 -0.96967357 -0.16354670 0.18161972
-0.05195868 0.88628590 0.46021476 -0.95296270 -0.18179551 0.24251314
-0.08358570 0.88413155 0.45970097 -0.96422291 -0.18821897 0.18667588
-0.08963010 0.89421642 0.43856987 -0.94474542 -0.21574020 0.24680409
-0.09883671 0.89213842 0.44081789 -0.94378245 -0.22446583 0.24267220
0.90015876 -0.08858622 -0.42645827 0.18645531 0.96322376 0.19347973
-0.08759975 0.87273628 0.48026842 -0.94623023 -0.22361583 0.23376118
-0.09464303 0.85774034 0.50529623 -0.93417311 -0.25193390 0.25268525
-0.09513423 0.85391861 0.51163709 -0.92076534 -0.27082366 0.28079480
0.83134204 -0.02730729 -0.55508989 0.22882733 0.92702073 0.29710394
0.83705616 -0.04740547 -0.54505950 0.25066769 0.91875571 0.30504715
-0.09546568 0.83380336 0.54374474 -0.89602071 -0.30993044 0.31794676
0.92178786 -0.00952718 -0.38757765 0.04889427 0.99457276 0.09183885
0.84516364 -0.01710409 -0.53423393 0.24986212 0.89620286 0.36659154
0.80462629 -0.02163949 -0.59338719 0.27675706 0.89781576 0.34253821
0.82642573 -0.04305197 -0.56139749 0.28609747 0.89087087 0.35284191
0.78605455 -0.00924664 -0.61808801 0.23950918 0.92634052 0.29073814
0.74339557 0.01950790 -0.66856748 0.22986867 0.93123704 0.28276846
0.75060230 0.01256222 -0.66063488 0.23824888 0.92741770 0.28832960
0.73222160 0.01809378 -0.68082613 0.20271705 0.94854915 0.24322899
0.76608610 -0.00140336 -0.64273649 0.21943524 0.94048440 0.25949430
0.75662559 -0.01468425 -0.65368348 0.21388772 0.95030260 0.22622332
0.67390668 0.05563277 -0.73671889 0.21904863 0.93728065 0.27115074
0.68246496 0.05175648 -0.72908354 0.27269119 0.90744084 0.31967276
-0.65513188 -0.08441627 0.75078368 -0.35384175 -0.84372997 -0.40362835
-0.65405226 -0.08706450 0.75142229 -0.35346228 -0.84306657 -0.40534326
-0.66806912 -0.07975253 0.73981303 -0.53586471 -0.63825417 -0.55270314
-0.70807499 -0.02482662 0.70570076 -0.50086671 -0.68680793 -0.52671385
-0.71777940 -0.00697765 0.69623572 -0.60515010 -0.48830605 -0.62876910
-0.73796237 0.03309005 0.67403024 -0.57537580 -0.55277395 -0.60281318
-0.75689656 0.06603444 0.65019006 -0.50011712 -0.69896436 -0.51120621
-0.77452445 0.09116468 0.62594002 -0.48176110 -0.72627109 -0.49034330
-0.61579758 0.31342608 0.72288138 -0.69640285 -0.64565158 -0.31330049
-0.56766373 0.25414997 0.78304905 -0.80672765 -0.36138725 -0.46753579
-0.55527300 0.15102351 0.81784099 -0.82787949 -0.19413127 -0.52624005
-0.30307877 0.65427387 0.69287014 -0.92579740 -0.37452191 -0.05130787
-0.11218870 0.60218692 0.79043317 -0.94476217 -0.31116360 0.10296508
-0.12284073 0.68241137 0.72057259 -0.94284296 -0.30687892 0.12989414
-0.16598499 0.78426969 0.59780443 -0.91437286 -0.34941715 0.20452365
-0.14401823 0.78245318 0.60582650 -0.93184626 -0.31327480 0.18308870
-0.12658916 0.80748880 0.57613981 -0.96824878 -0.22680566 0.10513631
-0.11573213 0.72892165 0.67474389 -0.97038406 -0.22798747 0.07985310
-0.15088755 0.84261382 0.51694775 -0.92729795 -0.30185780 0.22136049
-0.05273620 0.62046462 0.78245926 -0.99161661 -0.12509656 0.03236448
-0.05435540 0.66274661 0.74686843 -0.99245054 -0.11821426 0.03267113
-0.04510181 0.67069823 0.74035782 -0.99631470 -0.08432533 0.01569681
-0.04118359 0.70546854 0.70754373 -0.99898672 -0.04193901 -0.01633144
-0.04971678 0.81147778 0.58226460 -0.98971045 -0.11834382 0.08042420
-0.03564489 0.81191099 0.58269203 -0.99015760 -0.10765484 0.08943332
-0.02974109 0.84818828 0.52885914 -0.98891741 -0.10196328 0.10791640
-0.01035642 0.85311115 0.52162647 -0.98513621 -0.09815374 0.14096978
-0.00873123 0.87001073 0.49295545 -0.99718183 -0.04430975 0.06053961
-0.02612134 0.91124898 0.41102690 -0.99485308 -0.06396517 0.07858685
-0.03763422 0.89643705 0.44157025 -0.99635130 -0.06753429 0.05218499
-0.04361782 0.92569977 0.37573588 -0.99697983 -0.06452069 0.04322371
-0.04506486 0.95188367 0.30312818 -0.99806696 -0.05589985 0.02715821
-0.04691159 0.96072501 0.27350837 -0.99878997 -0.04916001 0.00136897
-0.04560512 0.94912362 0.31158409 -0.96313697 -0.12455484 0.23843955
-0.01204221 0.93890727 0.34395951 -0.95310456 0.09325111 -0.28791657
0.00506854 0.83707970 0.54705757 -0.99907011 -0.01918519 0.03861270
0.00689376 0.82431871 0.56608409 -0.99882150 -0.02152187 0.04350328
0.02786099 0.76006067 0.64925468 -0.99725199 0.06573724 -0.03416204
0.03223198 0.79047388 0.61164713 -0.99888855 0.04653426 -0.00750099
0.03375094 0.69154030 0.72154897 -0.99497706 0.09132732 -0.04098836
-0.00439422 0.66909617 0.74316281 -0.99948633 0.02065435 -0.02450568
-0.07136657 0.43218189 0.89895809 -0.97686505 0.15187138 -0.15056494
-0.09179532 0.38954026 0.91642350 -0.99495184 0.00159856 -0.10034075
-0.08507678 0.30410862 0.94883084 -0.94684327 0.27183697 -0.17202470
-0.01493739 0.49132457 0.87084848 -0.95993292 0.23669861 -0.15000857
-0.02774625 0.44885010 0.89317620 -0.93118501 0.31330439 -0.18637264
-0.01855244 0.46818376 0.88343632 -0.93426806 0.30657202 -0.18209010
0.03667276 0.66648257 0.74461806 -0.99202055 0.11421971 -0.05337678
-0.08372019 0.34644678 0.93432623 -0.82094562 0.50748658 -0.26173601
0.03655524 0.66820186 0.74308139 -0.99067807 0.12187435 -0.06085766
0.02853548 0.84291154 0.53729504 -0.99779648 -0.00819070 0.06584210
0.02453847 0.77278674 0.63419127 -0.98363686 -0.09459717 0.15332974
0.01996387 0.79161906 0.61068881 -0.96981138 -0.13314685 0.20429842
0.01542933 0.78925174 0.61387593 -0.99944484 -0.00595764 0.03277999
0.05199531 0.73988181 0.67072463 -0.83326846 -0.33803672 0.43748695
0.70139003 0.27752581 -0.65652990 -0.01349445 0.92609161 0.37705737
0.70643634 0.27435589 -0.65243894 -0.01173596 0.92622870 0.37677944
0.02964212 0.81122899 0.58397675 -0.99883419 0.04630920 -0.01363034
0.02750217 0.76947105 0.63808936 -0.99596387 0.07565097 -0.04830056
-0.00568621 0.82200927 0.56944585 -0.99409735 -0.06634427 0.08584301
-0.01984275 0.57866830 0.81532162 -0.98211420 0.14143795 -0.12428652
-0.12706722 0.73903412 0.66157573 -0.95405829 -0.27352265 0.12230355
-0.07602242 0.59146231 0.80274093 -0.99114102 -0.13275516 0.00394985
-0.77572453 0.06995759 0.62718219 -0.39823234 -0.82523316 -0.40050125
-0.74418521 0.03589014 0.66700852 -0.42142263 -0.79997206 -0.42713901
0.74449766 0.00154690 -0.66762328 0.30079928 0.89197099 0.33750191
-0.74359548 0.03632811 0.66764218 -0.42325941 -0.79856282 -0.42795902
-0.71447688 -0.01235518 0.69955003 -0.46252000 -0.74187130 -0.48549178
-0.78655058 0.00925356 0.61745656 -0.35207459 -0.82817692 -0.43608075
0.78309345 -0.01136382 -0.62180018 0.23391859 0.93179315 0.27756727
0.79903567 -0.04569535 -0.59954488 0.32934359 0.86749351 0.37281087
-0.30373994 0.61349422 0.72894913 -0.89341700 -0.44919124 0.00577524
-0.15967351 0.79781884 0.58136868 -0.90595162 -0.35235801 0.23472436
-0.06984741 0.79713064 0.59975344 -0.96899354 -0.19705892 0.14906128
-0.07369565 0.86103708 0.50317407 -0.93044424 -0.24096225 0.27606305
-0.04501412 0.88220781 0.46870372 -0.97628796 -0.13829565 0.16654179
-0.04304243 0.89863735 0.43657568 -0.98540032 -0.11023300 0.12974946
-0.04755957 0.95838106 0.28150290 -0.99507588 -0.06999367 0.07017770
-0.04451137 0.95751292 0.28493479 -0.99472857 -0.06885390 0.07598847
-0.04783645 0.97739637 0.20593232 -0.99773479 -0.05651865 0.03648303
-0.06658431 0.98832762 0.13702227 -0.99749500 -0.06264793 -0.03284739
0.94842279 0.03971975 0.31451011 -0.07233121 0.99306303 0.09270400
-0.05896650 0.99748170 -0.03941126 -0.99808228 -0.05816525 0.02117789
-0.06331529 0.99098736 -0.11804765 -0.99184340 -0.04937180 0.11751205
-0.07536635 0.97244596 -0.22061008 -0.97127926 -0.02151720 0.23696767
0.97984427 0.01643333 -0.19908588 -0.02842359 0.99793971 -0.05751897
0.97544014 0.01068946 -0.22000538 0.00323011 0.99802017 0.06281244
0.95525217 -0.00130542 -0.29578990 0.03711793 0.99261475 0.11549144
0.91776735 -0.07885241 -0.38921124 0.15497062 0.97349554 0.16819791
0.85326105 -0.07238974 -0.51643521 0.16819766 0.97559577 0.14114721
0.82996130 -0.05048323 -0.55553192 0.25392744 0.92092079 0.29567865
0.75060773 -0.02268254 -0.66035879 0.18566760 0.96638381 0.17784798
0.55572182 0.08778399 -0.82672083 0.00247799 0.99423051 0.10723644
0.60159945 0.01624373 -0.79863274 -0.19951303 0.97116143 -0.13053764
0.52393270 0.11334841 -0.84418410 -0.09548307 0.99267477 0.07402579
0.56000853 0.10970335 -0.82119161 0.00737182 0.99049550 0.13734791
0.54740572 0.12305567 -0.82777071 0.02605935 0.98614395 0.16383237
0.64809704 0.12110653 -0.75186670 0.02899091 0.98263562 0.18326721
0.55825049 0.13679214 -0.81831795 0.15632451 0.95130652 0.26566625
0.70393664 0.11320719 -0.70118284 0.01264083 0.98506290 0.17173059
0.65977520 0.12213928 -0.74147063 0.00696553 0.98566633 0.16856267
0.67712677 0.12212383 -0.72566187 0.02120021 0.98248577 0.18512775
0.65511256 0.11682163 -0.74644506 0.00957312 0.98661095 0.16281033
0.72221887 0.11292017 -0.68238479 0.02509739 0.98165530 0.18900552
0.52228737 0.12732477 -0.84321070 -0.07685374 0.99179506 0.10215754
0.55480003 0.13091145 -0.82161987 -0.13294147 0.98880357 0.06778046
0.54852277 0.12913138 -0.82610404 -0.16712245 0.98499799 0.04300147
0.48833019 0.10514949 -0.86630088 -0.16376984 0.98611867 0.02737630
0.47921929 0.08456335 -0.87361205 -0.13497490 0.99060816 0.02184789
0.43389937 0.03579544 -0.90025002 -0.12052412 0.99253565 -0.01862493
0.42371905 0.03170126 -0.90523881 -0.19943652 0.97812706 -0.05909733
0.40637368 0.04061073 -0.91280407 -0.13068151 0.99132448 -0.01407434
0.55646312 0.08852735 -0.82614267 -0.09415928 0.99462128 0.04315843
0.46588147 0.08280744 -0.88096392 -0.14536949 0.98924631 0.01610964
0.51378858 0.11063097 -0.85075390 -0.16682483 0.98560530 0.02741779
0.47699991 0.11295258 -0.87161505 -0.14410637 0.98833764 0.04921503
0.44118205 0.11243884 -0.89034599 -0.13360886 0.98929250 0.05872893
0.54674309 0.12631977 -0.82771701 -0.14157563 0.98826742 0.05730486
0.39924949 0.16938677 -0.90105939 0.07939283 0.97270662 0.21803357
0.64173132 0.13040389 -0.75576180 0.01111250 0.98375380 0.17917889
0.47756937 0.11498594 -0.87103719 -0.10828460 0.99154365 0.07152414
0.43231517 0.10910909 -0.89509714 -0.09455407 0.99266523 0.07533445
0.39354578 0.03332040 -0.91870099 -0.15319164 0.98774713 -0.02979837
0.32648942 0.01851372 -0.94501954 -0.17620337 0.98347402 -0.04160842
0.38390782 0.03441801 -0.92272979 -0.20798455 0.97684836 -0.05009672
0.50630665 0.05071146 -0.86086124 0.00841769 0.99793130 0.06373674
0.38723499 0.04218090 -0.92101568 -0.20829436 0.97712821 -0.04282526
0.37771633 -0.00017970 -0.92592138 -0.09399994 0.99482602 -0.03853900
0.44620666 -0.01712124 -0.89476615 -0.08801357 0.99413055 -0.06291363
0.31458610 -0.02775560 -0.94882309 -0.14874166 0.98578304 -0.07815266
0.26168206 -0.04411181 -0.96414554 -0.04718094 0.99717605 -0.05842858
0.25962269 -0.05168072 -0.96432632 -0.04419962 0.99688464 -0.06532533
0.50079322 -0.04161216 -0.86456621 -0.06544717 0.99416399 -0.08575955
0.30788961 -0.06113119 -0.94945616 -0.10024873 0.99029416 -0.09626923
0.34417912 -0.05449864 -0.93732101 -0.05832633 0.99514472 -0.07927779
0.23906907 -0.06246225 -0.96899146 -0.09551293 0.99157655 -0.08748302
0.24170317 -0.06049305 -0.96846277 -0.09842993 0.99137837 -0.08648998
0.23318852 -0.05906229 -0.97063625 -0.07226190 0.99434161 -0.07786515
0.23119311 -0.06092681 -0.97099835 -0.20104663 0.97350377 -0.10895290
0.23477919 -0.04806668 -0.97085965 -0.14193992 0.98637599 -0.08315967
0.24745375 -0.04461578 -0.96787196 -0.10465039 0.99186456 -0.07247750
0.35642892 -0.03069674 -0.93381804 -0.13544013 0.98720574 -0.08414785
0.45241231 -0.00801024 -0.89177299 -0.22904892 0.96537226 -0.12487194
0.25221366 -0.02320816 -0.96739322 -0.17050965 0.98300433 -0.06803704
0.24943939 -0.03756025 -0.96766174 -0.10362978 0.99247426 -0.06523657
0.19716880 -0.04663382 -0.97925985 -0.13257350 0.98842466 -0.07376324
0.13874631 -0.05250490 -0.98893517 -0.10734396 0.99191272 -0.06772321
0.14494637 -0.05726005 -0.98778135 -0.05215914 0.99649376 -0.06541890
0.13159816 -0.05766163 -0.98962474 -0.06741876 0.99547476 -0.06696770
0.19262688 -0.06343556 -0.97921950 -0.02875501 0.99711478 -0.07025139
0.21082990 -0.06106342 -0.97561365 -0.03416906 0.99697673 -0.06978446
0.22083800 -0.06977408 -0.97281146 -0.02312575 0.99678266 -0.07674317
0.19776684 -0.07397038 -0.97745419 0.00797953 0.99723727 -0.07385301
0.19928558 -0.07403203 -0.97714096 0.00852439 0.99723548 -0.07381593
0.17652097 -0.07159603 -0.98168957 -0.04113206 0.99594331 -0.08003167
0.13270631 -0.07561079 -0.98826724 0.00100746 0.99709582 -0.07615097
0.11933877 -0.07511605 -0.99000806 0.03817411 0.99674374 -0.07102549
0.04977877 -0.07180274 -0.99617594 0.01707705 0.99732786 -0.07103242
-0.07759853 -0.99559557 0.05261213 0.06846786 -0.05796831 -0.99596786
-0.16253272 -0.98546153 0.04948464 0.05111978 -0.05849415 -0.99697804
0.15521982 -0.08199765 -0.98447102 0.10645649 0.99213439 -0.06585113
0.13455078 -0.08332485 -0.98739713 0.08764955 0.99355316 -0.07190051
0.22458209 -0.09228358 -0.97007561 -0.03362603 0.99417877 -0.10236128
0.09607407 -0.07991575 -0.99216092 0.10935380 0.99158561 -0.06928035
-0.12362155 -0.99177712 0.03310511 0.07145353 -0.04217092 -0.99655211
-0.10970081 -0.99336874 0.03441540 0.06332349 -0.04153866 -0.99712825
-0.14386779 -0.97905707 0.14404614 0.00225144 -0.14588386 -0.98929918
-0.14119104 -0.98020256 0.13880928 -0.00158434 -0.13998997 -0.99015170
-0.09837435 -0.99340558 0.05888816 0.06985999 -0.06592301 -0.99537623
-0.11053771 -0.99205041 0.06014481 0.08647233 -0.06988594 -0.99380004
0.10384241 -0.08096309 -0.99129295 -0.00364557 0.99664360 -0.08178198
0.06967713 -0.09547897 -0.99298990 -0.07479584 0.99210721 -0.10064244
-0.04845127 -0.99737149 0.05387590 0.04267091 -0.05595689 -0.99752098
-0.02654990 -0.99789178 0.05922096 0.01190634 -0.05955331 -0.99815416
-0.02936387 -0.99473268 0.09820775 -0.01210404 -0.09788906 -0.99512374
-0.09892713 -0.98533738 0.13900971 -0.04309329 -0.13532183 -0.98986411
-0.09311438 -0.98537248 0.14272650 -0.05985097 -0.13755055 -0.98868489
-0.16972563 -0.97355431 0.15292218 -0.07875706 -0.14127763 -0.98683226
-0.13903365 -0.97723871 0.16023147 -0.04904082 -0.15480995 -0.98672634
-0.19503558 -0.95918304 0.20476590 -0.09530602 -0.18925282 -0.97729230
-0.26325077 -0.94108683 0.21226087 -0.08485713 -0.19658078 -0.97680873
-0.25124395 -0.94511557 0.20888554 -0.09363256 -0.19106422 -0.97710156
-0.25170660 -0.94446439 0.21126018 -0.07533818 -0.19850443 -0.97720015
-0.22505036 -0.95471644 0.19459923 -0.02162239 -0.19477984 -0.98060864
-0.27422047 -0.93717742 0.21564236 -0.02228200 -0.21798602 -0.97569752
-0.27604419 -0.94186056 0.19156817 -0.07331724 -0.17809723 -0.98127770
-0.26516575 -0.95293486 0.14697714 0.00220076 -0.15303159 -0.98821884
-0.23105812 -0.96875936 0.09009711 0.06547341 -0.10787515 -0.99200618
-0.23267491 -0.96847540 0.08898187 0.06420521 -0.10658942 -0.99222803
-0.20583306 -0.97422606 0.09228413 0.12687029 -0.12007414 -0.98462492
-0.20329416 -0.97489429 0.09084369 0.13999277 -0.12076924 -0.98275983
-0.21978487 -0.97157431 0.08796602 0.10323778 -0.11282857 -0.98823673
0.23563887 -0.08869018 -0.96778536 0.12765619 0.99002337 -0.05964607
0.21394292 -0.08099112 -0.97348291 0.07562023 0.99493963 -0.06615717
0.25998747 -0.08315614 -0.96202475 0.06977159 0.99529856 -0.06717649
0.26329014 -0.08468103 -0.96099299 0.07765835 0.99476773 -0.06638060
0.40396786 -0.08745886 -0.91058278 0.10328954 0.99341428 -0.04959156
0.28009489 -0.07997084 -0.95663559 0.11544191 0.99209827 -0.04913495
0.21670631 -0.07345077 -0.97346979 0.14513515 0.98850822 -0.04227659
0.29789260 -0.07541845 -0.95161551 0.10278580 0.99361277 -0.04657092
0.37647831 -0.07103835 -0.92369789 0.03890901 0.99738854 -0.06084719
0.36400351 -0.04715400 -0.93020320 0.03132237 0.99877250 -0.03837297
0.37472486 -0.04524856 -0.92603123 0.06875642 0.99741429 -0.02091378
0.41047987 -0.02596610 -0.91149992 0.08430033 0.99639440 0.00957884
0.38305169 -0.01861275 -0.92353940 0.07030802 0.99748421 0.00905828
0.36761719 -0.01521888 -0.92985266 0.10388044 0.99428064 0.02479575
0.30404145 -0.01215931 -0.95258123 0.12911394 0.99121845 0.02855762
0.31304070 -0.01364278 -0.94964176 0.12724587 0.99148428 0.02770153
0.42304105 -0.01866338 -0.90591830 0.04521613 0.99897707 0.00053426
0.26439473 -0.00723157 -0.96438748 0.14157368 0.98942983 0.03139423
0.25115037 -0.01139347 -0.96788102 0.15348931 0.98774785 0.02820080
0.25456968 0.00254312 -0.96705109 0.14192648 0.98907024 0.03996221
0.26420027 0.02552955 -0.96412987 0.13804920 0.98835540 0.06400062
0.34634984 0.03584653 -0.93742031 0.13721193 0.98658723 0.08842251
0.18563555 0.00772307 -0.98258835 0.15328723 0.98749918 0.03672147
0.20961097 0.01090388 -0.97772408 0.17182022 0.98396754 0.04780947
-0.19949910 -0.97864377 -0.04956292 0.15350546 0.01874274 -0.98797005
-0.19753595 -0.97903562 -0.04968743 0.14407536 0.02114094 -0.98934090
-0.19949073 -0.97863483 -0.04977309 0.13014741 0.02388250 -0.99120700
-0.21695368 -0.97485632 -0.05085561 0.14973715 0.01824644 -0.98855752
-0.20938183 -0.97650141 -0.05103332 0.16815747 0.01545446 -0.98563904
-0.27218986 -0.96029329 -0.06123364 0.11000589 0.03216480 -0.99341041
-0.20325187 -0.97710210 -0.06292947 0.10637967 0.04185342 -0.99344432
-0.20193364 -0.97755462 -0.06008171 0.21354637 0.01592321 -0.97680318
0.24479751 0.04270739 -0.96863323 0.20432198 0.97432244 0.09459543
0.27254236 0.05259624 -0.96070510 0.20037571 0.97350830 0.11014174
0.33340031 0.04064428 -0.94190890 0.22140707 0.96775407 0.12012929
0.37521586 0.03293562 -0.92635220 0.27314922 0.95106417 0.14445242
-0.32114518 -0.94518393 -0.05910314 0.31451362 -0.04757934 -0.94805986
-0.36353040 -0.92910278 -0.06792425 0.35631156 -0.07130422 -0.93164259
-0.31088933 -0.94855666 -0.05990021 0.21253799 -0.00795532 -0.97712046
-0.30016071 -0.95214409 -0.05766477 0.25840923 -0.02297325 -0.96576238
-0.31167936 -0.94876313 -0.05200447 0.14294763 0.00728861 -0.98970342
-0.14988472 -0.98773295 -0.04379733 -0.10715168 0.06026478 -0.99241459
-0.16583569 -0.98534650 -0.03988516 -0.01119909 0.04232432 -0.99904120
-0.15234616 -0.98763865 -0.03688581 0.12243976 0.01817355 -0.99230957
-0.15415724 -0.98740190 -0.03568050 0.11620121 0.01774341 -0.99306720
-0.18801711 -0.98215801 -0.00389702 0.15393227 -0.02554845 -0.98775107
-0.19553576 -0.98063201 -0.01125602 0.08124232 -0.00475927 -0.99668300
-0.17401616 -0.98457682 0.01808277 0.09021955 -0.03422593 -0.99533367
-0.19512440 -0.98063803 0.01660025 0.06837875 -0.03048630 -0.99719357
-0.18138379 -0.98323673 0.01858687 0.04367647 -0.02693613 -0.99868256
-0.21213393 -0.97644597 0.03940106 0.01597138 -0.04377746 -0.99891365
-0.18424234 -0.98270428 0.01862937 -0.00181011 -0.01861457 -0.99982512
-0.23589571 -0.96966434 0.06406511 0.01291624 -0.06904838 -0.99752975
-0.23596700 -0.97016591 0.05565769 -0.06131357 -0.04229700 -0.99722201
-0.27559727 -0.94989973 0.14743356 -0.06987979 -0.13316992 -0.98862666
-0.26630390 -0.95250863 0.14768066 -0.08282797 -0.13003302 -0.98804402
-0.32288906 -0.90927154 0.26261750 -0.15479067 -0.22300886 -0.96244842
-0.32578990 -0.90856707 0.26147053 -0.16105586 -0.21918307 -0.96229923
-0.24961297 -0.93556595 0.24981953 -0.16275623 -0.21378189 -0.96322781
-0.32453167 -0.91154110 0.25253123 -0.13196574 -0.22073632 -0.96636462
-0.32182717 -0.91225123 0.25342661 -0.13639291 -0.22020523 -0.96587092
-0.33747527 -0.90642232 0.25398627 -0.14145391 -0.21791999 -0.96566129
-0.34727281 -0.90202135 0.25643551 -0.13101017 -0.22410589 -0.96571892
-0.28486386 -0.92429763 0.25402072 -0.12861562 -0.22574894 -0.96565807
-0.43569645 -0.86268282 0.25680164 -0.07419695 -0.24991171 -0.96542162
-0.35212654 -0.89956510 0.25843668 -0.06584579 -0.25162786 -0.96558160
-0.38046509 -0.89066154 0.24893472 -0.02012562 -0.26114026 -0.96509111
-0.24945611 -0.93688524 0.24498501 -0.11028181 -0.22385247 -0.96836358
-0.26946297 -0.93265533 0.23988274 -0.05846720 -0.23279293 -0.97076726
-0.26879907 -0.93297350 0.23939002 -0.05948952 -0.23198181 -0.97089928
-0.27257079 -0.93157727 0.24055980 -0.05906229 -0.23335457 -0.97059637
-0.28191558 -0.92859632 0.24131419 -0.03177279 -0.24234214 -0.96967047
-0.40689090 -0.88591337 0.22270469 0.12117625 -0.29399136 -0.94809574
-0.21789342 -0.94733495 0.23468924 -0.12360444 -0.21174482 -0.96947724
-0.23142022 -0.94163269 0.24448445 -0.18258074 -0.20480293 -0.96162361
0.18773270 -0.32296056 -0.92760605 0.32682306 0.91112375 -0.25107819
0.13681436 -0.31762919 -0.93829286 0.24229673 0.92915857 -0.27920729
-0.26384899 -0.92934555 0.25826472 -0.17468494 -0.21728632 -0.96034986
-0.28301376 -0.92674452 0.24707857 0.02607565 -0.26495019 -0.96390951
-0.32517102 -0.91116089 0.25308037 -0.09882108 -0.23341811 -0.96734196
-0.29862195 -0.92305201 0.24248701 -0.01859422 -0.24840489 -0.96847785
-0.45840088 -0.85146874 0.25469509 -0.12664379 -0.22107261 -0.96699965
-0.76398867 -0.59739947 0.24379335 -0.14765021 -0.20594728 -0.96735990
-0.44484839 -0.87252408 0.20201913 -0.13822806 -0.15597562 -0.97804123
-0.42774895 -0.88066983 0.20359656 -0.21107779 -0.12169454 -0.96986425
-0.41783884 -0.88437188 0.20807974 -0.20005304 -0.13384888 -0.97059947
-0.28297082 -0.93423182 0.21711411 -0.21209463 -0.15981223 -0.96409333
-0.29982156 -0.92934716 0.21545529 -0.15916458 -0.17394994 -0.97180665
-0.28841633 -0.92950058 0.22987969 -0.13964808 -0.19668077 -0.97047162
-0.29381973 -0.94365233 0.15228331 -0.15464827 -0.11028662 -0.98179471
-0.22710589 -0.97163200 0.06598663 -0.13478264 -0.03574606 -0.99023020
-0.26434824 -0.96194333 0.06917397 -0.23085782 -0.00652537 -0.97296566
-0.29574925 0.08853055 -0.95115441 0.26778147 0.96345836 0.00641256
-0.25637096 0.07226686 -0.96387315 0.27452773 0.96157873 -0.00092404
-0.42439368 0.11454695 -0.89820325 0.29102182 0.95659065 -0.01551240
-0.27291417 -0.94099885 0.20009772 -0.29627964 -0.11567272 -0.94807082
-0.48482329 0.13404998 -0.86427838 0.25159922 0.96779001 0.00896825
-0.34398261 0.09502018 -0.93415588 0.21257187 0.97691774 0.02109484
-0.63507259 0.14694360 -0.75834715 0.20243259 0.97908807 0.02019045
-0.23787066 0.08646526 -0.96744061 0.19114478 0.98071963 0.04065412
-0.24044682 0.09212575 -0.96628058 0.18325038 0.98189300 0.04801469
-0.45094666 0.13581502 -0.88215727 0.19839367 0.97888225 0.04929050
-0.77237993 0.18346706 -0.60808641 0.15032119 0.98297685 0.10564087
-0.72023809 0.17059726 -0.67242372 0.07710489 0.98297179 0.16679722
-0.66409320 0.15146549 -0.73214650 0.22798446 0.97365004 -0.00536580
-0.42676574 0.12946437 -0.89504749 0.19042046 0.98037636 0.05101283
-0.44801274 0.11723369 -0.88630742 0.11815655 0.99043334 0.07128058
-0.41723353 0.11689365 -0.90125030 0.15463614 0.98636353 0.05634423
-0.40435866 0.11688538 -0.90710086 0.16076738 0.98544115 0.05531466
-0.45159608 0.11730672 -0.88447738 0.14954711 0.98724699 0.05458118
-0.45056221 0.11652634 -0.88510758 0.14993727 0.98723900 0.05364691
-0.17411388 0.06579394 -0.98252511 0.11514606 0.99228102 0.04604213
-0.45444414 0.12091786 -0.88253009 0.15519080 0.98633951 0.05522817
-0.18354876 0.07577997 -0.98008531 0.19773613 0.97949100 0.03870232
-0.19670618 -0.98033482 -0.01582178 -0.15598537 0.04722216 -0.98662996
-0.19557020 -0.98057544 -0.01497112 -0.15165204 0.04532137 -0.98739439
-0.21108471 -0.97733933 -0.01584873 -0.08784553 0.03511626 -0.99551499
-0.18622898 -0.98228806 -0.02071313 -0.11953613 0.04357774 -0.99187303
-0.18509136 -0.98251534 -0.02012004 -0.12210557 0.04330839 -0.99157178
-0.25100747 -0.96791637 -0.01154116 -0.05050617 0.02500241 -0.99841076
-0.19249585 -0.98117137 -0.01575232 -0.08405951 0.03248090 -0.99593121
-0.22369881 -0.97456443 -0.01353016 -0.04081445 0.02323641 -0.99889654
-0.22375640 -0.97454762 -0.01378415 -0.04102697 0.02354812 -0.99888051
-0.21336094 -0.97683764 -0.01629086 -0.08566337 0.03531599 -0.99569803
-0.17477138 -0.98437232 -0.02158956 -0.06546390 0.03349578 -0.99729264
-0.18939799 -0.98172152 -0.01874257 -0.03726717 0.02626143 -0.99896020
-0.18827997 -0.98191011 -0.02008144 -0.02718992 0.02565074 -0.99930114
-0.19042201 -0.98154551 -0.01754872 -0.08765344 0.03480395 -0.99554288
-0.15209174 -0.98826313 -0.01428916 -0.03124451 0.01925759 -0.99932623
-0.16720529 -0.98574382 -0.01874673 0.01720424 0.01609433 -0.99972248
-0.18217498 -0.98299915 -0.02291330 0.00341852 0.02266992 -0.99973720
-0.17630666 -0.98417586 -0.01771797 0.03447073 0.01181576 -0.99933589
-0.22369775 -0.97455114 -0.01446897 -0.03036336 0.02180601 -0.99930108
-0.25694022 -0.96633172 -0.01359108 -0.02445095 0.02055875 -0.99948967
-0.24972968 -0.96824765 -0.01147521 -0.03641810 0.02123391 -0.99911112
-0.21501781 -0.97647452 -0.01627423 -0.09030578 0.03647223 -0.99524605
-0.17556590 -0.98422772 -0.02173490 -0.13858517 0.04656664 -0.98925513
-0.15741238 0.06009778 -0.98570263 0.14491077 0.98874742 0.03714181
-0.61464643 0.14469634 -0.77541780 0.20046277 0.97941071 0.02386251
-0.29658499 -0.95352751 0.05312968 -0.18790057 0.00371832 -0.98218107
-0.17644499 -0.98376656 0.03271940 -0.10541665 -0.01416348 -0.99432731
-0.17771450 -0.98352396 0.03314049 -0.04894849 -0.02480031 -0.99849343
-0.26335436 -0.96338713 0.05029657 -0.10056154 -0.02443793 -0.99463063
-0.34583274 -0.90815067 0.23592831 -0.38512251 -0.09190090 -0.91827822
-0.75814188 -0.15721171 -0.63285500 0.17614193 0.88505411 -0.43087506
-0.71464711 -0.17800806 -0.67645591 0.15020210 0.90546519 -0.39695361
-0.47471035 -0.67354643 0.56655568 -0.51830673 -0.30632165 -0.79845184
-0.31415659 -0.91441232 0.25525647 -0.09810935 -0.23615953 -0.96674877
-0.32763028 -0.90771484 0.26213023 -0.16253611 -0.21915719 -0.96205622
-0.30095536 -0.91734886 0.26057044 -0.12199415 -0.23395863 -0.96456254
-0.32264680 -0.90826190 0.26638204 -0.11900350 -0.24027407 -0.96338290
-0.29937053 -0.92014617 0.25240520 -0.10690343 -0.23052488 -0.96717632
-0.27919886 -0.94823974 0.15129258 -0.14125283 -0.11528622 -0.98323792
-0.20024279 -0.97829592 0.05329181 -0.04928264 -0.04426704 -0.99780345
-0.19895241 -0.97980785 0.01986395 -0.01420747 -0.01738334 -0.99974793
-0.17584777 -0.98409539 -0.02517725 0.10408111 0.00684637 -0.99454528
-0.17215145 -0.98415488 -0.04246340 0.10144630 0.02516544 -0.99452269
0.16990578 0.00464986 -0.98544937 0.15321778 0.98770368 0.03107747
0.23969695 -0.03773438 -0.97011423 0.15786037 0.98746133 0.00059520
0.22957714 -0.04186091 -0.97238988 0.16712166 0.98593181 -0.00298717
0.26013309 -0.05083458 -0.96423370 0.17740068 0.98413050 -0.00402399
0.31910419 -0.06169569 -0.94570935 0.15075821 0.98847687 -0.01361643
-0.13836055 -0.98875731 -0.05670452 0.14129290 0.03696270 -0.98927754
0.39031586 0.01127514 -0.92061198 0.09882171 0.99363530 0.05406735
0.44249991 0.02494745 -0.89642149 0.04531416 0.99771398 0.05013482
0.45778987 0.03786586 -0.88825369 0.04614915 0.99673367 0.06627475
0.49079406 0.05459742 -0.86956328 0.03390795 0.99608171 0.08167929
0.50228995 0.07155386 -0.86173362 0.02715134 0.99477386 0.09842688
0.52410924 0.07164280 -0.84863240 0.00355579 0.99626273 0.08630201
0.47343874 0.03728898 -0.88003713 0.02134925 0.99832422 0.05378643
0.48037598 0.04075071 -0.87611550 0.00072403 0.99890131 0.04685884
0.54559094 0.06365339 -0.83563083 -0.01231893 0.99761271 0.06794906
0.48994195 0.06258612 -0.86950552 -0.05656114 0.99760014 0.03993563
0.46543747 0.03175215 -0.88451105 -0.01979521 0.99947977 0.02546287
0.36472318 0.01154708 -0.93104440 -0.03336515 0.99944305 -0.00067493
0.48365438 0.00503792 -0.87524462 -0.01355712 0.99990660 -0.00173610
0.40926528 -0.00300920 -0.91241050 -0.00749374 0.99994975 -0.00665925
0.42862618 0.00462848 -0.90347010 -0.02799040 0.99957490 -0.00815844
0.43442115 0.00803811 -0.90067405 -0.04249151 0.99902976 -0.01157900
0.46290225 0.03524518 -0.88570827 -0.05924451 0.99820513 0.00875853
0.33895329 -0.07363468 -0.93791723 0.01869069 0.99726272 -0.07153920
0.30681530 -0.06504473 -0.94954389 0.10215692 0.99414921 -0.03509144
0.30598021 -0.07371419 -0.94917983 0.02229722 0.99727935 -0.07026186
0.29717326 -0.06832118 -0.95237613 -0.00984029 0.99716467 -0.07460470
0.25870842 -0.07011948 -0.96340716 -0.05542208 0.99464136 -0.08727556
0.19593562 -0.06358555 -0.97855312 0.17967741 0.98332930 -0.02791911
-0.21572347 -0.97520441 0.04939410 0.13626719 -0.08015647 -0.98742402
-0.23804207 -0.96790713 0.08057172 0.07465942 -0.10094585 -0.99208671
-0.23130909 -0.97026038 0.07135046 0.01685671 -0.07732540 -0.99686342
-0.29622203 -0.93519688 0.19406016 -0.08840151 -0.17546180 -0.98050922
-0.29826787 -0.92074823 0.25151339 -0.10463239 -0.23037843 -0.96745950
-0.30620778 -0.92224002 0.23603001 -0.12475021 -0.20692775 -0.97037023
-0.21434189 -0.95254654 0.21613126 -0.13723457 -0.18971053 -0.97220194
-0.19544247 -0.95955616 0.20261830 -0.09337725 -0.18745671 -0.97782445
-0.13769509 -0.98010433 0.14295326 -0.02241390 -0.14120770 -0.98972619
-0.23721987 -0.95257324 0.19060689 -0.02970280 -0.18900356 -0.98152709
-0.20645490 -0.97597826 0.06959067 0.05552790 -0.08269504 -0.99502677
0.13364008 -0.09435056 -0.98652846 0.11980804 0.98969483 -0.07842359
0.12001968 -0.07647656 -0.98982155 0.04083575 0.99656504 -0.07204609
0.14444773 -0.07968621 -0.98629862 0.06476107 0.99537641 -0.07093509
0.20886184 -0.08173869 -0.97452325 0.07392768 0.99496925 -0.06760927
0.29702890 -0.06461833 -0.95267951 -0.02232027 0.99696511 -0.07458121
0.35254925 -0.05877656 -0.93394560 -0.01285320 0.99762726 -0.06763615
0.36965635 -0.03954762 -0.92832655 0.02310031 0.99917620 -0.03336742
0.39896640 0.00689955 -0.91693956 -0.08843556 0.99559981 -0.03098746
0.47803190 0.08698139 -0.87402505 -0.12422846 0.99177694 0.03075539
0.50389999 0.10618006 -0.85721093 -0.07947376 0.99390537 0.07639439
0.51701069 0.11508353 -0.84820741 -0.08320914 0.99298489 0.08400798
0.60231191 0.12035698 -0.78913534 -0.02173307 0.99067426 0.13450731
0.56534570 0.07202683 -0.82170337 -0.01631490 0.99696183 0.07616428
0.60964471 0.10826138 -0.78524697 0.04066081 0.98505425 0.16737661
0.52615446 0.08954890 -0.84566098 0.03386626 0.99144477 0.12605725
0.42412302 0.03857081 -0.90478289 0.08556387 0.99291646 0.08243658
0.42680582 0.06473019 -0.90202379 0.11956535 0.98464000 0.12723291
0.58156633 0.10231476 -0.80703926 0.02528473 0.98930657 0.14364281
0.69741094 0.07289711 -0.71295440 0.05375127 0.98669106 0.15346512
0.42510206 0.06636205 -0.90270942 0.11786381 0.98475897 0.12789804
0.25636160 0.05035978 -0.96526819 0.15404561 0.98374915 0.09223631
0.47807977 0.03792235 -0.87749743 0.19610476 0.96923816 0.14872922
0.55285352 0.01166717 -0.83319682 0.22176166 0.96178216 0.16061388
0.69049567 -0.03913117 -0.72227734 0.27711093 0.93666440 0.21417135
0.48244330 0.02172152 -0.87565786 0.29641384 0.93666446 0.18654390
-0.34619635 -0.93635899 -0.05813762 0.31023717 -0.05577896 -0.94902140
-0.42348889 -0.90466446 -0.04732342 0.16521570 -0.02576631 -0.98592079
-0.29507005 -0.95411199 -0.05102935 0.11811840 0.01657233 -0.99286121
-0.28698155 -0.95787644 -0.01069394 0.00252366 0.01040749 -0.99994272
-0.33465222 -0.94231641 -0.00690484 -0.01759548 0.01357452 -0.99975306
-0.47752589 -0.87834984 -0.02169457 0.05156566 -0.00336808 -0.99866396
-0.55048251 -0.83453530 -0.02280143 0.01676289 0.01625759 -0.99972737
-0.53880876 -0.84239298 -0.00769485 -0.06281200 0.04928098 -0.99680793
-0.43511131 -0.90034169 0.00793655 -0.05477244 0.01766964 -0.99834257
-0.55535781 -0.83015078 0.04926907 -0.17334037 0.05761097 -0.98317552
-0.40683484 -0.91346925 0.00770822 -0.06807256 0.02190091 -0.99743998
-0.34678727 -0.93794012 -0.00263181 -0.02702218 0.01279568 -0.99955297
-0.31183022 -0.95013136 -0.00351357 -0.05042703 0.02024252 -0.99852258
-0.24583310 -0.96927679 -0.00827942 -0.07271787 0.02695922 -0.99698818
-0.23665556 -0.97156799 -0.00705615 -0.15314843 0.04447375 -0.98720193
-0.23194084 0.09080356 -0.96848243 0.21077579 0.97667038 0.04109279
-0.32500792 0.07740192 -0.94253856 0.16353144 0.98623133 0.02460079
0.14911084 -0.14883882 -0.97755462 0.10904095 0.98505247 -0.13334790
0.36462787 -0.19213296 -0.91111553 0.04266562 0.98090035 -0.18977423
0.36310405 -0.19613108 -0.91087210 0.08341125 0.98051155 -0.17787549
0.31247473 -0.19840066 -0.92897618 0.07933056 0.97997987 -0.18260947
0.27014279 -0.18075281 -0.94570148 0.23041587 0.96581590 -0.11877825
-0.33224678 -0.93041205 0.15474348 -0.21346168 -0.08563198 -0.97319126
-0.43774199 -0.89856434 0.03104946 -0.21101043 0.06910326 -0.97503811
-0.45245644 -0.89149642 -0.02274382 -0.21992576 0.13626112 -0.96595323
-0.49466816 -0.86903632 -0.00890413 -0.16272756 0.10268142 -0.98131359
-0.51517564 -0.85704178 0.00856807 -0.17730075 0.09678593 -0.97938603
-0.53912377 -0.84190989 0.02309496 -0.17579167 0.08566762 -0.98069274
-0.54820240 -0.83586657 0.02830548 -0.16250275 0.07325599 -0.98398501
-0.68940425 -0.72163826 0.06292966 -0.18999358 0.09630433 -0.97705066
-0.61432105 -0.78784943 0.04362287 -0.20200890 0.10359144 -0.97388977
-0.59398961 -0.80365467 0.03626952 -0.22129293 0.11988190 -0.96781081
-0.60903406 -0.79149938 0.05105051 -0.24614407 0.12742874 -0.96082002
-0.68767548 -0.71782649 0.10875507 -0.29615128 0.14057823 -0.94473928
-0.62534416 -0.77580822 0.08406150 -0.31303656 0.15072109 -0.93770534
-0.63205338 -0.76824379 0.10153837 -0.35413784 0.16980882 -0.91964746
-0.64005524 -0.75983137 0.11395435 -0.36334178 0.16865131 -0.91626388
-0.63323593 -0.76505607 0.11705349 -0.38593587 0.18103674 -0.90458792
-0.62322831 -0.76450777 0.16466437 -0.42616284 0.15545912 -0.89118898
-0.69736457 -0.67656475 0.23652241 -0.45157415 0.15849942 -0.87804258
-0.62329030 -0.74588168 0.23488228 -0.50191349 0.15124960 -0.85159057
-0.59858114 -0.75832164 0.25816476 -0.50157112 0.10350854 -0.85890192
-0.61037821 -0.74467093 0.27000704 -0.53379041 0.13484225 -0.83479661
-0.58526820 -0.72717136 0.35872424 -0.60254908 0.09400020 -0.79252678
-0.57602191 -0.73990089 0.34748456 -0.60997975 0.10607809 -0.78528482
-0.57570201 -0.77636260 0.25657052 -0.56514955 0.15104799 -0.81104285
-0.57819462 -0.77207118 0.26381290 -0.56549120 0.14613385 -0.81170475
-0.56924832 -0.75677991 0.32131082 -0.62327224 0.14235052 -0.76893961
-0.53736514 -0.79508519 0.28120872 -0.62441969 0.15097028 -0.76636028
-0.55601716 -0.77256489 0.30657530 -0.64063388 0.16333690 -0.75027287
-0.51872468 -0.77948749 0.35117528 -0.68810892 0.13688344 -0.71257925
-0.49985573 -0.77395004 0.38877460 -0.72769719 0.13186647 -0.67310339
-0.47643897 -0.79951167 0.36576918 -0.75878382 0.16375688 -0.63042122
-0.64988697 0.14892435 -0.74529761 0.48561639 0.83570647 -0.25645959
-0.57010341 -0.77297306 0.27837884 -0.62867779 0.19230855 -0.75351292
-0.54998583 -0.79135215 0.26697803 -0.64239246 0.19655615 -0.74074137
-0.63571072 0.17647707 -0.75148368 0.50526673 0.83112413 -0.23224609
-0.64468384 0.18722114 -0.74116868 0.52166533 0.81645644 -0.24751623
-0.61266774 0.16903606 -0.77205253 0.52080584 0.82111758 -0.23351060
-0.52932680 -0.80956411 0.25380939 -0.59591866 0.14182863 -0.79042113
-0.59124154 0.16323504 -0.78980243 0.53431708 0.81282496 -0.23199332
-0.54199934 -0.79795671 0.26363194 -0.54658467 0.09643497 -0.83183265
-0.54287183 -0.80610740 0.23554419 -0.57802778 0.15518345 -0.80112553
-0.54873824 -0.80185843 0.23645160 -0.57287782 0.15468732 -0.80491167
-0.55350381 -0.80031532 0.23049733 -0.52860290 0.12371469 -0.83980572
-0.56874025 -0.79243731 0.22040346 -0.52948534 0.14767334 -0.83536690
-0.57051009 -0.79285049 0.21425775 -0.48827121 0.11766405 -0.86472332
-0.57669300 -0.79203641 0.20025872 -0.48276427 0.13263692 -0.86564785
-0.54400867 -0.82125115 0.17204979 -0.44557235 0.10899735 -0.88858593
-0.52585930 -0.83358717 0.16912849 -0.45647508 0.10879623 -0.88305938
-0.53710443 -0.82129645 0.19233046 -0.50136554 0.12746952 -0.85579443
-0.50901371 -0.84225422 0.17751877 -0.51049250 0.12934239 -0.85009885
-0.49205306 -0.85561591 0.16064015 -0.44036788 0.08545139 -0.89374167
-0.48107487 0.13791506 -0.86576349 0.48398754 0.86519724 -0.13111025
-0.45042688 -0.88080221 0.14595574 -0.39621177 0.05070184 -0.91675824
-0.43311331 -0.89099938 0.13613598 -0.39692003 0.05293663 -0.91632539
-0.44126615 -0.88619643 0.14120938 -0.34588641 0.02276418 -0.93800020
-0.36297393 -0.90334666 0.22850542 -0.36820662 -0.08622012 -0.92573756
-0.30378816 -0.90991747 0.28242347 -0.28940132 -0.19429614 -0.93728113
-0.31429812 -0.90415865 0.28933340 -0.33427894 -0.17985214 -0.92515451
-0.31545570 -0.90464896 0.28652769 -0.33319476 -0.17712604 -0.92607111
-0.28282595 -0.91688961 0.28164330 -0.32123727 -0.18612844 -0.92852724
-0.28262886 -0.91776592 0.27897426 -0.32223451 -0.18309081 -0.92878562
-0.28501073 -0.91507846 0.28530744 -0.27159178 -0.20835885 -0.93958741
-0.31585288 -0.90295345 0.29139668 -0.32445747 -0.18581340 -0.92747009
-0.31595039 -0.90446717 0.28655627 -0.32262880 -0.18160836 -0.92893976
-0.35958362 -0.90445244 0.22948945 -0.37022287 -0.08746666 -0.92481601
-0.36073446 -0.90756440 0.21493624 -0.39027947 -0.06241815 -0.91857827
-0.33960891 -0.91485083 0.21843477 -0.38144419 -0.07832029 -0.92106801
-0.32673338 -0.92313743 0.20263913 -0.38484249 -0.06587796 -0.92062819
-0.30187577 -0.93277025 0.19700429 -0.33443695 -0.08989926 -0.93812054
-0.27612644 -0.94262832 0.18763278 -0.36158493 -0.07899737 -0.92898649
-0.36001158 -0.02830015 -0.93251854 0.29513356 0.94475293 -0.14261182
-0.31570563 -0.93607634 0.15521297 -0.37987551 -0.02520696 -0.92469406
-0.37535262 0.02335583 -0.92658782 0.32090887 0.94112867 -0.10627501
-0.39128548 0.05754998 -0.91846812 0.33326784 0.93916005 -0.08313216
-0.39098591 0.05885848 -0.91851282 0.33374447 0.93910009 -0.08188821
-0.39736629 0.06216777 -0.91555184 0.33015668 0.94057852 -0.07942693
-0.38871399 0.05215943 -0.91988093 0.26633474 0.96213460 -0.05798974
-0.36522439 0.01073083 -0.93085772 0.25574613 0.96261579 -0.08924570
-0.35382080 -0.01861650 -0.93512797 0.25801182 0.95906585 -0.11671600
-0.36679980 0.04970449 -0.92897117 0.28207991 0.95750374 -0.06014678
-0.38817474 0.06051730 -0.91959667 0.23422481 0.97155464 -0.03493303
-0.35479224 0.05028798 -0.93359172 0.20230234 0.97902548 -0.02414556
-0.33636102 0.04143406 -0.94082117 0.19574569 0.98028815 -0.02681051
-0.33172646 0.03975530 -0.94253761 0.16258836 0.98657048 -0.01561046
-0.30939758 0.02933149 -0.95048034 0.19196913 0.98087198 -0.03221986
-0.38673204 0.02043639 -0.92196572 0.17040433 0.98412186 -0.04966444
-0.40931141 0.07115270 -0.90961617 0.19251773 0.98124385 -0.00987399
-0.39599338 0.07211306 -0.91541737 0.15350440 0.98808181 0.01143400
-0.40921345 0.07616574 -0.90925419 0.13901789 0.99008036 0.02037077
-0.46612197 0.10355735 -0.87863886 0.12898968 0.99046856 0.04830811
-0.42999864 0.10192994 -0.89705718 0.10121220 0.99278533 0.06429184
-0.44165418 0.10116071 -0.89146405 0.07063860 0.99445927 0.07785212
-0.45807403 0.10282631 -0.88294673 0.06124599 0.99457741 0.08405210
-0.47845268 0.12392323 -0.86932510 0.06841230 0.99224335 0.10379310
-0.51074886 0.12165164 -0.85107958 0.04213984 0.99229079 0.11654717
-0.53386432 0.14031723 -0.83384651 0.05727216 0.98987108 0.12990449
-0.55966103 0.14464484 -0.81600088 0.04767630 0.98863906 0.14254761
-0.54342520 0.14356194 -0.82709074 0.09380630 0.98948222 0.11011521
-0.57554317 0.14727379 -0.80440080 0.11364987 0.98850924 0.09966566
-0.52103680 0.14036584 -0.84191334 0.12109385 0.98856407 0.08987420
-0.52610749 0.13577081 -0.83951014 0.11650710 0.98937255 0.08699435
-0.55371678 0.13519637 -0.82165670 0.17078243 0.98419434 0.04684976
-0.55304360 0.14378439 -0.82065153 0.17560059 0.98298556 0.05388791
-0.59403169 0.15154877 -0.79003763 0.15859449 0.98488218 0.06967710
-0.58786863 0.14704078 -0.79548073 0.18396856 0.98187661 0.04554048
-0.59346884 0.14521495 -0.79164857 0.21858604 0.97570074 0.01511063
-0.59462750 0.14670920 -0.79050279 0.22073050 0.97522020 0.01495425
-0.61162782 0.16025664 -0.77474463 0.23384950 0.97213328 0.01647245
-0.59196210 0.15384918 -0.79114550 0.27696729 0.96066231 -0.02042230
-0.63950574 0.18082830 -0.74721718 0.29279760 0.95598084 -0.01924116
-0.64190161 0.18675360 -0.74369717 0.29880598 0.95413828 -0.01830755
-0.64203584 0.18556628 -0.74387848 0.29269940 0.95610023 -0.01411998
-0.65121675 0.19170746 -0.73427856 0.31639037 0.94805217 -0.03308010
-0.66893959 0.20502432 -0.71448231 0.33169091 0.94253623 -0.04008263
-0.70398468 0.22260407 -0.67442799 0.33475581 0.94151127 -0.03866798
-0.66696846 0.20540315 -0.71621412 0.35612866 0.93222278 -0.06428957
-0.68154830 0.20701341 -0.70188135 0.34079275 0.93858093 -0.05409443
-0.67079842 0.20508201 -0.71272075 0.36599711 0.92737311 -0.07762194
-0.61265808 0.17751575 -0.77015471 0.34687647 0.93597662 -0.06020358
-0.63007033 0.18331225 -0.75459129 0.34850475 0.93513149 -0.06382456
-0.60576898 0.16968131 -0.77733666 0.34943184 0.93446714 -0.06832734
-0.63767534 0.17521109 -0.75011420 0.33522683 0.93986166 -0.06544565
-0.60788119 0.16195798 -0.77733523 0.38223413 0.91776878 -0.10769220
-0.63930994 0.17965315 -0.74766815 0.41240364 0.90076309 -0.13619520
-0.65411347 0.18833403 -0.73257482 0.41500786 0.89907193 -0.13942102
-0.66163635 0.19306564 -0.72454333 0.44510376 0.87874585 -0.17230326
-0.66145843 0.19490765 -0.72421259 0.44585562 0.87866884 -0.17074497
-0.69100696 0.21396713 -0.69045460 0.46760792 0.86072129 -0.20125043
-0.66034687 0.19510934 -0.72517204 0.47679925 0.85497850 -0.20414265
-0.65309566 0.19086143 -0.73282886 0.50270307 0.83300853 -0.23105526
-0.62682009 0.17069551 -0.76023656 0.48240378 0.85123175 -0.20661850
-0.62509471 0.17026678 -0.76175189 0.48258930 0.85134387 -0.20572105
-0.61318743 0.16165942 -0.77321893 0.47326720 0.85889614 -0.19574384
-0.61722684 0.16114734 -0.77010560 0.43405160 0.88611817 -0.16246177
-0.58060235 0.13927062 -0.80218744 0.42796928 0.89037293 -0.15517217
-0.61497074 0.17441379 -0.76901937 0.48147914 0.85538650 -0.19102818
-0.55483365 0.13241430 -0.82135624 0.42363086 0.89464563 -0.14193690
-0.52940959 0.12486769 -0.83912671 0.42386162 0.89574111 -0.13412426
-0.50387597 0.10760622 -0.85704720 0.36359787 0.92644519 -0.09744732
-0.56268930 0.13253017 -0.81597584 0.33801031 0.93766814 -0.08079337
-0.54509872 0.12806006 -0.82853365 0.33494377 0.93923312 -0.07519206
-0.56076133 0.13578564 -0.81676739 0.35352513 0.93128669 -0.08789265
-0.58399272 0.14657833 -0.79841548 0.39177597 0.91232336 -0.11907015
-0.54647928 0.12750423 -0.82770956 0.33346418 0.93974274 -0.07540096
-0.53628123 0.12673363 -0.83447057 0.28466368 0.95789516 -0.03746359
-0.51096851 0.11757992 -0.85151994 0.28541970 0.95760709 -0.03904209
-0.48684520 0.10874410 -0.86669284 0.27168936 0.96185517 -0.03193127
-0.44239777 0.09208415 -0.89207894 0.26281205 0.96435565 -0.03078831
-0.47655743 0.10620575 -0.87270468 0.21700585 0.97617030 0.00029697
-0.45674801 0.10279368 -0.88363725 0.19307123 0.98108011 0.01433159
-0.47164872 0.10544848 -0.87545884 0.20065278 0.97961253 0.00989313
-0.48098883 0.11299147 -0.86941516 0.15938857 0.98640454 0.04001678
-0.51943946 0.12030525 -0.84599602 0.19572048 0.98047066 0.01925638
-0.52970946 0.12080003 -0.83953279 0.22838773 0.97356200 -0.00401748
-0.59154624 0.12066487 -0.79719073 0.23696876 0.97108877 -0.02885343
-0.43081734 0.07623691 -0.89921319 0.24226689 0.96961844 -0.03386521
-0.37571454 0.06002646 -0.92478943 0.31907061 0.94526863 -0.06827319
-0.46627042 0.08920487 -0.88013315 0.30754012 0.94919300 -0.06672198
-0.45213538 0.08560735 -0.88783169 0.33816934 0.93752205 -0.08181679
-0.48635885 0.09999686 -0.86801821 0.35805789 0.92899585 -0.09360170
-0.46372998 0.09149729 -0.88123935 0.39247522 0.91294974 -0.11174048
-0.48045042 0.10147316 -0.87113178 0.39124838 0.91376621 -0.10934366
-0.42874178 0.07745137 -0.90010095 0.37613931 0.92116177 -0.09990147
-0.50084978 0.11225602 -0.85822380 0.45220584 0.87940079 -0.14887625
-0.46987638 -0.86264044 0.18726380 -0.50389904 0.08793840 -0.85927451
-0.53246552 0.13302764 -0.83593303 0.44941503 0.88130897 -0.14601590
-0.58138412 0.13748011 -0.80193007 0.46655202 0.86381209 -0.19015244
-0.52633679 0.11643828 -0.84226584 0.33202043 0.94008142 -0.07752082
-0.52613163 0.12208018 -0.84159487 0.23139311 0.97285390 -0.00353739
-0.53603888 0.12801772 -0.83443022 0.24111213 0.97047877 -0.00600051
-0.54245788 0.13036823 -0.82990581 0.28063682 0.95925528 -0.03274741
-0.56686443 0.13890256 -0.81201649 0.27163538 0.96207404 -0.02505598
-0.52673334 0.11811523 -0.84178436 0.33239290 0.94006717 -0.07608382
-0.49880844 0.10467736 -0.86036789 0.35697260 0.92938489 -0.09388471
-0.51118279 0.11714365 -0.85145152 0.43301174 0.89085460 -0.13740087
-0.57927787 0.14416525 -0.80228031 0.40632066 0.90430850 -0.13088033
-0.58279127 0.13832581 -0.80076230 0.46491069 0.86496133 -0.18894425
-0.65530634 0.18997546 -0.73108345 0.47064188 0.85971534 -0.19845861
-0.72025245 0.23457225 -0.65284938 0.46969301 0.85746670 -0.21009387
-0.65543318 0.18902080 -0.73121715 0.45300865 0.87306941 -0.18036863
-0.61088628 0.15882464 -0.77562410 0.43631187 0.88501567 -0.16241716
-0.61186510 0.16307253 -0.77396929 0.38135153 0.91809499 -0.10803998
-0.58683217 0.14854242 -0.79596680 0.31940287 0.94578171 -0.05898131
-0.63969898 0.18305482 -0.74650937 0.24233802 0.96972406 0.03012590
-0.58476782 0.14675190 -0.79781610 0.27704844 0.96049351 -0.02639051
-0.55397791 0.13425142 -0.82163566 0.24983636 0.96823388 -0.01024428
-0.52222627 0.12219084 -0.84400779 0.22433673 0.97450906 0.00227671
-0.53286427 0.12320666 -0.83718324 0.17581025 0.98387444 0.03289232
-0.51081890 0.11469554 -0.85200304 0.03742389 0.99308747 0.11125063
-0.52184689 0.11305002 -0.84551501 -0.01057604 0.99024594 0.13892882
-0.51608390 0.09849393 -0.85085624 -0.02057791 0.99165410 0.12727395
-0.51073301 0.12394523 -0.85075814 0.11101244 0.99077690 0.07770053
-0.41514140 0.09614459 -0.90466231 0.03529975 0.99535352 0.08958422
-0.41727918 0.09347068 -0.90395874 0.03910311 0.99562204 0.08489829
-0.40011522 0.08519523 -0.91249639 0.01525614 0.99615097 0.08631606
-0.40038398 0.09785581 -0.91110748 0.06937227 0.99466527 0.07634471
-0.35100761 0.09438101 -0.93160397 0.09919420 0.99305701 0.06323267
-0.41849685 0.07704904 -0.90494412 0.07052614 0.99614322 0.05219871
-0.38944834 0.06751803 -0.91857028 0.06324353 0.99691600 0.04646320
-0.34112328 0.06064374 -0.93806040 0.07563557 0.99645203 0.03691396
-0.37127614 0.06825862 -0.92601019 0.09748461 0.99464816 0.03423245
-0.46468636 0.11181708 -0.87838691 0.13284394 0.98957098 0.05569319
-0.36738223 0.06965923 -0.92745775 0.11050323 0.99339724 0.03083953
-0.34179142 0.06505762 -0.93752134 0.13721830 0.99036431 0.01869900
-0.41314238 0.07397737 -0.90765673 0.19531664 0.98069918 -0.00897261
-0.41491756 0.06868629 -0.90726268 0.23235680 0.97208178 -0.03266995
-0.42792815 0.07604020 -0.90060842 0.28121883 0.95819449 -0.05272008
-0.43379983 0.07998399 -0.89745212 0.34250617 0.93591762 -0.08214445
-0.42781341 0.07642993 -0.90062994 0.36439738 0.92643899 -0.09447432
-0.38719961 -0.91592586 0.10562339 -0.40218392 0.06470259 -0.91326976
-0.41108236 0.07473450 -0.90852970 0.37829807 0.92075187 -0.09542861
-0.42356065 -0.89748150 0.12297714 -0.41387206 0.07096547 -0.90756476
-0.41781372 -0.89669132 0.14620687 -0.39326549 0.03342772 -0.91881710
-0.37368435 -0.91810530 0.13207085 -0.39610127 0.02920122 -0.91774237
-0.35952669 -0.01469101 -0.93301916 0.29856652 0.94550234 -0.12993626
-0.29390237 -0.92746031 0.23116846 -0.33091167 -0.12816483 -0.93491781
-0.33752581 -0.92681646 0.16458324 -0.38352519 -0.02427174 -0.92321146
-0.32975239 -0.91594833 0.22869635 -0.36330864 -0.10046951 -0.92623585
-0.42456609 -0.89493197 0.13726065 -0.34670642 0.02065426 -0.93774629
-0.46667594 -0.87659353 0.11746236 -0.28847015 0.02531672 -0.95715415
-0.44608092 -0.88849175 0.10767602 -0.33211106 0.05260842 -0.94177210
-0.56089360 -0.82273626 0.09221374 -0.32430395 0.11586582 -0.93883020
-0.56529009 -0.82314616 0.05364219 -0.30515009 0.14825736 -0.94069296
-0.55961305 -0.82772356 0.04131655 -0.28863707 0.14792623 -0.94594216
-0.52233082 -0.85231739 0.02693832 -0.24916828 0.12233533 -0.96070254
-0.53261316 -0.84614182 0.01916548 -0.24275181 0.13103120 -0.96119845
-0.50461817 -0.85644567 0.10890996 -0.36818868 0.09938249 -0.92442429
-0.50338906 -0.85675764 0.11209761 -0.37020385 0.09662984 -0.92391121
-0.51938391 -0.84370887 0.13563098 -0.41774511 0.11222386 -0.90160680
-0.50456578 -0.85384393 0.12792185 -0.40105802 0.10058702 -0.91051346
-0.44362065 -0.88985193 0.10660376 -0.30540106 0.03826879 -0.95145458
-0.46398714 -0.87836504 0.11485135 -0.34805885 0.06154281 -0.93545043
-0.48460582 -0.86631888 0.12103216 -0.39308521 0.09206930 -0.91488105
-0.41496822 -0.89804834 0.14598164 -0.39543748 0.03351736 -0.91788113
-0.46258855 -0.87495017 0.14308740 -0.46714202 0.10337372 -0.87811852
-0.50785118 -0.84821802 0.15037748 -0.44624138 0.10971797 -0.88816136
-0.55514902 -0.81871498 0.14668089 -0.42541003 0.12794806 -0.89591050
-0.61926973 -0.77880704 0.09982297 -0.37229222 0.17930956 -0.91062981
-0.63101292 -0.76968187 0.09701788 -0.36112660 0.18075070 -0.91483158
-0.55087245 -0.80885464 0.20565462 -0.50880045 0.13015231 -0.85098910
-0.50417739 -0.84450889 0.18058228 -0.51670754 0.12744334 -0.84662360
-0.59588856 0.15339315 -0.78828126 0.49294850 0.84476811 -0.20825146
-0.60928440 0.15930915 -0.77678382 0.49741238 0.83969140 -0.21794367
-0.65164369 0.18656068 -0.73522490 0.49182925 0.84183401 -0.22230510
-0.49812320 -0.80775034 0.31529766 -0.70876545 0.16981494 -0.68470025
-0.52676344 -0.80441797 0.27464887 -0.61735231 0.13995543 -0.77413738
-0.58347535 -0.76787066 0.26444516 -0.56467593 0.14955342 -0.81164956
-0.58129930 -0.74430496 0.32878754 -0.61340457 0.13535810 -0.77808291
-0.60189182 -0.75361568 0.26417756 -0.53743804 0.13758004 -0.83200490
-0.59855747 -0.77276087 0.21111526 -0.47964525 0.13463835 -0.86707151
-0.60753816 -0.78799105 0.09983759 -0.37825730 0.17650136 -0.90871817
-0.60956234 -0.78789520 0.08749288 -0.35301852 0.17096865 -0.91986287
-0.56186193 -0.82533032 0.05604561 -0.30645162 0.14473572 -0.94081825
-0.54841912 -0.83575130 0.02749930 -0.24882105 0.13170327 -0.95955318
-0.53174645 -0.84675759 0.01572966 -0.19372174 0.10353062 -0.97557849
-0.48665082 -0.87240940 0.04552906 -0.25383362 0.09134161 -0.96292537
-0.35962927 -0.90799558 0.21496706 -0.30080950 -0.10526285 -0.94785726
-0.19502470 -0.96754146 0.16071366 0.11025485 -0.18444848 -0.97663844
0.20068105 -0.17602022 -0.96371365 0.20356965 0.96974581 -0.13473117
0.20897317 -0.17434135 -0.96225536 0.19939941 0.97090465 -0.13260482
-0.29293329 -0.91189951 0.28745332 -0.29592195 -0.19941184 -0.93416548
-0.27556077 -0.92189807 0.27234197 -0.33048645 -0.17518584 -0.92740965
-0.18759555 -0.94674844 0.26167786 -0.29609251 -0.19950935 -0.93409061
-0.29159668 -0.07861110 -0.95330572 0.22681132 0.96251279 -0.14874727
-0.29061893 -0.00706924 -0.95681280 0.21812962 0.97315234 -0.07344387
-0.14993241 -0.95816046 0.24382134 -0.23940663 -0.20408604 -0.94922775
-0.30668345 -0.00321307 -0.95180619 0.16546448 0.98458809 -0.05663838
-0.34376353 0.04281710 -0.93807960 0.12994529 0.99151838 -0.00236281
-0.34809670 0.03499034 -0.93680543 0.06738918 0.99765193 0.01222263
-0.41360527 0.06659325 -0.90801764 0.00811506 0.99755150 0.06946316
-0.44107983 0.08610294 -0.89332795 -0.01811152 0.99433047 0.10478055
-0.46351659 0.10694443 -0.87961090 -0.01457462 0.99163544 0.12824473
-0.37850258 0.05316874 -0.92407191 -0.12450314 0.98635143 0.10774899
-0.36585960 0.01838011 -0.93048853 -0.14137417 0.98710459 0.07508549
-0.35619330 0.00429585 -0.93440247 -0.20101637 0.97622371 0.08111537
-0.33307555 -0.01274602 -0.94281399 -0.22587804 0.97187227 0.06665891
-0.36708850 -0.01898812 -0.92999214 -0.24913526 0.96527135 0.07863077
-0.33291751 -0.06445681 -0.94075036 -0.30842611 0.95022827 0.04404119
-0.34038749 -0.10369407 -0.93455017 -0.34959075 0.93661004 0.02340741
-0.28549060 -0.13473235 -0.94886369 -0.37488413 0.92688072 -0.01881714
-0.33081162 -0.16468817 -0.92921555 -0.41798601 0.90837175 -0.01218604
-0.35095257 -0.11729722 -0.92901760 -0.36136189 0.93223602 0.01880715
-0.44110084 0.09350193 -0.89257354 -0.04951769 0.99050719 0.12823215
-0.49092284 0.09083874 -0.86645436 -0.06856658 0.98743558 0.14237139
-0.43343791 0.05550541 -0.89947248 -0.13349341 0.98313558 0.12499601
-0.41675872 -0.01482222 -0.90889633 -0.24384001 0.96504533 0.09607073
-0.37401977 -0.12753426 -0.91860998 -0.35375017 0.93523234 0.01419035
-0.36696666 -0.19018264 -0.91058558 -0.54940450 0.83422363 0.04717655
-0.53645313 -0.25730991 -0.80374724 -0.52787745 0.84538311 0.08168750
-0.54322618 -0.13242112 -0.82907784 -0.31679374 0.94681960 0.05634179
-0.62837815 0.01197147 -0.77781594 -0.17729998 0.97136074 0.15818657
-0.63748592 0.08855897 -0.76535553 -0.12385176 0.96867466 0.21524453
-0.64481795 0.12230488 -0.75448751 -0.08040633 0.97078323 0.22608587
-0.49701878 -0.04227756 -0.86670929 -0.26949742 0.95694107 0.10786563
-0.54307556 -0.10058993 -0.83363706 -0.29308665 0.95306593 0.07593150
-0.59611392 0.10770355 -0.79564327 -0.10742703 0.97135258 0.21197549
-0.55147183 0.08560394 -0.82978964 -0.11592596 0.97720456 0.17785527
-0.55543196 0.13272460 -0.82090163 -0.00270616 0.98688662 0.16139235
-0.58038801 0.16631684 -0.79717541 0.07134222 0.98554260 0.15367530
-0.61035627 0.16409516 -0.77494395 0.06412776 0.98533261 0.15813729
-0.60168290 0.16211624 -0.78211004 0.05878697 0.98551816 0.15905362
-0.59344333 0.15560944 -0.78969032 0.11972212 0.98728442 0.10457582
-0.61566520 0.15582865 -0.77244663 0.17203270 0.98318672 0.06122642
-0.63786995 0.17470950 -0.75006574 0.23612164 0.97138995 0.02545932
-0.66759175 0.21212593 -0.71366930 0.17570791 0.97636569 0.12584445
-0.66755921 0.21606374 -0.71251750 0.17803030 0.97552979 0.12902258
-0.67169952 0.21311390 -0.70950848 0.13030578 0.97678506 0.17003344
-0.66544813 0.15980992 -0.72913629 0.03183659 0.98200047 0.18617621
-0.61862338 0.14978121 -0.77127868 -0.01449155 0.97931838 0.20180556
-0.64896309 0.14237010 -0.74738050 -0.05534063 0.97090036 0.23300207
-0.64872563 0.13400798 -0.74913085 -0.06535570 0.97092724 0.23028009
-0.65893304 -0.01685167 -0.75201285 -0.21009989 0.96408236 0.16249107
-0.71344554 0.20133914 -0.67116165 0.04947426 0.96991360 0.23836936
-0.70675808 0.27059156 -0.65366143 0.17063309 0.96188390 0.21369070
-0.75182682 0.28352296 -0.59529084 0.09828394 0.94093263 0.32401553
-0.88544184 0.28144071 -0.36984304 0.12454108 0.91037178 0.39460465
-0.73134571 0.28987056 -0.61733997 0.19920869 0.95650059 0.21312562
-0.76920670 0.30163753 -0.56332582 0.25514281 0.95323139 0.16202486
-0.77733618 0.31371433 -0.54528141 0.18137386 0.94174045 0.28324640
-0.79768997 0.31503725 -0.51423955 0.27890188 0.94875300 0.14859873
-0.83402199 0.34119615 -0.43358108 0.33161941 0.93806672 0.10029699
-0.78821230 0.32537937 -0.52235019 0.35776830 0.93289876 0.04125324
-0.79365391 0.32016671 -0.51730728 0.31860426 0.94312471 0.09490609
-0.85754424 0.32640272 -0.39759183 0.30379698 0.94507146 0.12061247
-0.75091988 0.29145741 -0.59259772 0.37823948 0.92539257 -0.02415635
-0.75512791 0.28912845 -0.58837634 0.37585688 0.92627835 -0.02720466
-0.75834787 0.29159334 -0.58299387 0.35180947 0.93601239 0.01053356
-0.73213494 0.28395811 -0.61914968 0.29523087 0.95143408 0.08724646
-0.70351088 0.25117379 -0.66481888 0.28655940 0.95630157 0.05806125
-0.64313078 0.19465731 -0.74060202 0.24888436 0.96777809 0.03823903
-0.66203225 0.19898774 -0.72257680 0.29650557 0.95499182 -0.00866985
-0.69859838 0.22931290 -0.67777276 0.34141067 0.93929523 -0.03410645
-0.64936459 0.19407253 -0.73529685 0.32001114 0.94684923 -0.03270313
-0.66750556 0.19706835 -0.71805316 0.41448253 0.89946449 -0.13844852
-0.74594074 0.26202142 -0.61230487 0.42278519 0.89665985 -0.13135391
-0.72991389 0.26572117 -0.62977624 0.38525230 0.92099208 -0.05791573
-0.78468472 0.31061974 -0.53645635 0.40524593 0.91191220 -0.06474412
-0.81660736 0.33334848 -0.47120199 0.37563145 0.92675751 0.00464721
-0.83390796 0.33550456 -0.43821713 0.41001642 0.90811044 -0.08498251
-0.82704824 0.33965978 -0.44790912 0.37534198 0.92683476 0.00978452
-0.85014868 0.34933195 -0.39397269 0.38775563 0.92155379 -0.01959974
-0.83812016 0.33558625 -0.43004239 0.40864056 0.90849537 -0.08745967
-0.40599605 -0.88773936 0.21699309 -0.87689757 0.31156856 -0.36602694
-0.39412364 -0.89789957 0.19606866 -0.85947579 0.28452480 -0.42467275
-0.81805813 0.32081163 -0.47734767 0.44224313 0.88149971 -0.16546679
-0.79874617 0.30980298 -0.51577789 0.44246316 0.88335681 -0.15461932
-0.74190032 0.24303479 -0.62491441 0.41685262 0.89717734 -0.14596847
-0.70823967 0.22420761 -0.66942328 0.47492692 0.85290056 -0.21680646
-0.45172223 -0.83992797 0.30077884 -0.73945987 0.16386676 -0.65295237
-0.47895864 -0.81211674 0.33326429 -0.72125858 0.14766176 -0.67674381
-0.50521439 -0.76448107 0.40040874 -0.73716229 0.14103921 -0.66083270
-0.47546506 -0.79917359 0.36776978 -0.77369094 0.18088117 -0.60719383
-0.45308575 -0.83141011 0.32166836 -0.78745329 0.20411415 -0.58159673
-0.44441643 -0.83856380 0.31512678 -0.79840559 0.21124308 -0.56384838
-0.42879194 -0.85923696 0.27901489 -0.80195415 0.21983220 -0.55546677
-0.41833910 -0.86641598 0.27260914 -0.84922218 0.26663291 -0.45577261
-0.41998890 -0.84526610 0.33035532 -0.88140589 0.29320389 -0.37034467
-0.41938728 -0.70685989 0.56961697 -0.89783990 0.23024151 -0.37532973
-0.42569360 -0.72293741 0.54419351 -0.88047886 0.19225071 -0.43335503
-0.42620164 -0.72019625 0.54742080 -0.87702525 0.18061176 -0.44520354
-0.42478061 -0.73011482 0.53525126 -0.87399799 0.17661761 -0.45269623
-0.42590111 -0.72838318 0.53671801 -0.86905450 0.16431028 -0.46663314
-0.43536353 -0.69485664 0.57239228 -0.87040961 0.16253674 -0.46472466
-0.43165794 -0.70119619 0.56744641 -0.87213302 0.16378850 -0.46103948
-0.41865760 -0.68320972 0.59828955 -0.88429421 0.15669845 -0.43985161
-0.41495872 -0.68321419 0.60085583 -0.88602650 0.15334015 -0.43754300
-0.42668200 -0.64586896 0.63308436 -0.88442057 0.15164858 -0.44136494
-0.42298895 -0.66536754 0.61511493 -0.87982380 0.13918266 -0.45446488
-0.42125961 -0.74123931 0.52259427 -0.87921131 0.19237325 -0.43586698
-0.41889223 -0.78972679 0.44817516 -0.87747079 0.22507091 -0.42354241
-0.42436546 -0.81343579 0.39778927 -0.85579664 0.21676748 -0.46970636
-0.42967203 -0.76482207 0.48003042 -0.86798364 0.20324917 -0.45309398
-0.43941766 -0.78097141 0.44384205 -0.84480870 0.19135720 -0.49968064
-0.44102538 -0.77756608 0.44820490 -0.83318025 0.16907090 -0.52652228
-0.44702080 -0.76800269 0.45863307 -0.80698037 0.12502177 -0.57719350
-0.38970059 -0.78739768 0.47763830 -0.73802698 -0.04321254 -0.67338616
-0.44435012 -0.69465238 0.56569523 -0.84718007 0.12052447 -0.51745522
-0.44710830 -0.76927859 0.45640400 -0.82036692 0.14930478 -0.55200207
-0.46816933 -0.70929575 0.52698863 -0.79392111 0.07580709 -0.60327661
-0.50900882 -0.75244790 0.41800976 -0.74474716 0.14149535 -0.65217388
-0.56745732 -0.74486142 0.35096121 -0.63862681 0.12908429 -0.75861257
-0.56589365 -0.71879601 0.40385231 -0.62915677 0.05991114 -0.77496618
-0.47048265 -0.70821059 0.52638769 -0.78994107 0.07219094 -0.60891849
-0.44223055 -0.69987792 0.56089497 -0.83647394 0.09617490 -0.53950149
-0.42800474 -0.66845018 0.60826504 -0.86746424 0.11498298 -0.48402977
-0.42552042 -0.59145361 0.68491971 -0.86843657 0.05406924 -0.49284330
-0.41951415 -0.59152889 0.68855029 -0.88946235 0.11638214 -0.44194105
-0.37940452 -0.58062220 0.72036809 -0.90943581 0.09077805 -0.40581518
-0.35330424 -0.58404684 0.73079783 -0.92694831 0.11311731 -0.35773087
-0.34890279 -0.61206210 0.70968086 -0.93073571 0.13779849 -0.33873683
-0.40587944 -0.65675038 0.63556349 -0.89247036 0.13501596 -0.43042699
-0.35991061 -0.66768152 0.65166390 -0.92169815 0.14612426 -0.35933316
-0.41190287 -0.68342686 0.60271376 -0.89969385 0.20011482 -0.38794982
