-0.55495512 -0.78447723 0.27680391 0.14969891 -0.42148778 -0.89439273
-0.36532313 -0.85241127 0.37407756 0.05672564 -0.42149183 -0.90505630
0.62716389 0.65084565 -0.42786145 -0.14038625 0.63478464 0.75982910
0.63469148 0.22263561 -0.74000013 -0.05039906 0.96748656 0.24785009
0.39999047 0.19701585 -0.89509350 -0.01323373 0.97776234 0.20929804
0.30150971 0.20431726 -0.93131435 0.06435779 0.97018141 0.23367973
0.27937764 0.21034959 -0.93685710 0.14465247 0.95535225 0.25763866
-0.43259364 -0.83762926 0.33352670 0.15951325 -0.43520305 -0.88608909
-0.54181910 -0.79547650 0.27138406 0.05630277 -0.35651180 -0.93259281
-0.55891192 -0.79987949 0.21865582 -0.02491486 -0.24736857 -0.96860111
-0.69370306 -0.69655132 0.18328200 -0.09364983 -0.16507834 -0.98182428
-0.70284575 -0.68859482 0.17845184 -0.09005030 -0.16271865 -0.98255467
0.16656974 0.17658074 -0.97008961 -0.19167051 0.97086602 0.14381117
0.33640751 0.18898559 -0.92255867 -0.01644975 0.98068625 0.19489466
0.42644104 0.20223613 -0.88161707 -0.11689017 0.97883296 0.16799651
0.42733693 0.19411111 -0.88300860 -0.22401148 0.96895778 0.10459363
0.59557450 0.24139038 -0.76617348 -0.28191096 0.95592707 0.08203447
0.59004301 0.23423301 -0.77264750 -0.39090824 0.92022198 -0.01955135
0.46547279 0.18546651 -0.86541164 -0.37008321 0.92899865 0.00003986
0.42585376 0.17482275 -0.88774186 -0.32479981 0.94529575 0.03034891
0.40107265 0.16457893 -0.90114075 -0.37945268 0.92521113 0.00009121
0.50169796 0.21012388 -0.83913475 -0.34204710 0.93918204 0.03067473
0.33620030 0.15248975 -0.92936337 -0.34774926 0.93717027 0.02797123
0.20307821 0.12170630 -0.97156930 -0.24076802 0.96798730 0.07093208
0.19918929 0.12780468 -0.97159129 -0.22556159 0.97081733 0.08145972
0.19301391 0.13270174 -0.97218096 -0.23840342 0.96746337 0.08472588
0.29639441 0.15423620 -0.94252938 -0.18040456 0.97814947 0.10333383
0.25856847 0.14978094 -0.95431024 -0.15331540 0.98174727 0.11254673
0.25650227 0.15609290 -0.95385617 -0.15322296 0.98096091 0.11932511
0.19657433 0.14514869 -0.96968573 -0.09513202 0.98713923 0.12847611
0.21857838 0.14241144 -0.96537167 0.01563716 0.98865521 0.14938676
0.14697364 0.10264447 -0.98380023 0.07850110 0.99025357 0.11504535
0.09357180 0.09978609 -0.99059933 0.00687668 0.99487621 0.10086648
0.06263756 0.09672304 -0.99333841 0.00011375 0.99529219 0.09692045
0.03970929 0.09647876 -0.99454260 -0.01952737 0.99521255 0.09576406
0.07337939 0.09358926 -0.99290305 -0.07951903 0.99296641 0.08771846
0.16952512 -0.98309559 -0.06916904 0.05015304 0.07869978 -0.99563599
-0.07942818 0.07100216 -0.99430877 -0.06762029 0.99477881 0.07643741
0.16791071 -0.98348284 -0.06758385 0.04092493 0.07545242 -0.99630922
0.17349932 -0.98266810 -0.06528011 -0.06383260 0.05492529 -0.99644804
0.14690895 -0.98711503 -0.06341804 -0.01826454 0.06139567 -0.99794638
0.19334912 -0.97906333 -0.06364857 -0.06521166 0.05190521 -0.99652064
-0.22183278 -0.00017421 -0.97508478 -0.17965719 0.98288715 0.04069659
-0.29257414 -0.01367987 -0.95614499 -0.21209736 0.97592014 0.05093762
-0.38104469 -0.03313007 -0.92396289 -0.30107483 0.94933218 0.09012431
-0.45071563 -0.02926127 -0.89218789 -0.14198248 0.98908925 0.03928736
-0.36708418 -0.02138333 -0.92994195 -0.06353455 0.99797738 0.00213180
-0.46777710 -0.02263791 -0.88355654 -0.10592790 0.99390239 0.03061579
-0.32711601 -0.00549014 -0.94496822 -0.08855003 0.99576128 0.02486778
-0.25142509 0.00960215 -0.96782917 -0.12504300 0.99124843 0.04231848
-0.31001142 -0.00499233 -0.95071977 -0.01736529 0.99984920 0.00041217
-0.27700475 -0.00424318 -0.96085918 0.00674459 0.99995708 -0.00636022
-0.28560746 0.00024714 -0.95834672 0.07958586 0.99655193 -0.02346127
-0.43423483 -0.01680846 -0.90064287 0.08204585 0.99493212 -0.05812564
-0.44659188 -0.01693252 -0.89457756 0.23405628 0.96279484 -0.13506955
-0.46603683 -0.01088732 -0.88469839 0.21195461 0.96943420 -0.12358245
-0.25926602 -0.96531814 0.03069369 -0.23914653 0.03337460 -0.97040975
-0.40283164 -0.91272259 0.06829483 -0.28318560 0.05333305 -0.95758110
-0.69702530 0.04868199 -0.71539211 0.19728331 0.97220784 -0.12606017
-0.58583653 -0.80427688 0.09967115 -0.17098589 0.00244536 -0.98527044
-0.56760275 -0.81870973 0.08684146 -0.21428412 0.04506400 -0.97573131
-0.62840801 -0.77077293 0.10494008 -0.29668346 0.11277547 -0.94829357
-0.37840971 -0.92486298 0.03787586 -0.17676865 0.03203859 -0.98373085
-0.34254655 -0.93915933 0.02533086 -0.10906281 0.01297061 -0.99395025
-0.31369537 -0.94877738 0.03764087 -0.25446174 0.04580896 -0.96599734
-0.54729295 -0.83535087 0.05157015 0.02958625 -0.08088921 -0.99628389
-0.45677572 -0.88872963 0.03893112 -0.15855347 0.03827216 -0.98660839
-0.46581694 -0.88415051 0.03595188 0.02638626 -0.05448970 -0.99816567
-0.42952973 -0.90304774 -0.00299834 0.11457688 -0.05120387 -0.99209392
-0.44672796 -0.89460140 -0.01106534 0.10314578 -0.03921338 -0.99389297
-0.16799413 -0.98578793 0.00039585 0.07537156 -0.01324491 -0.99706763
-0.44790876 -0.89406675 -0.00473133 0.19473562 -0.09239095 -0.97649479
-0.18604419 -0.98247856 0.01111362 0.12659779 -0.03518657 -0.99132991
-0.55557299 -0.82828432 0.07268953 0.02662088 -0.10509783 -0.99410552
-0.65263534 -0.75511801 0.06216021 -0.02337359 -0.06193657 -0.99780637
-0.70771676 -0.70472938 0.04993479 0.01814674 -0.08878880 -0.99588519
-0.72614902 -0.68522704 0.05631717 -0.04365218 -0.03579744 -0.99840528
-0.77207088 -0.63112062 0.07478829 -0.29227993 0.24810994 -0.92358750
-0.81257862 -0.57389998 0.10175871 -0.19527249 0.10355882 -0.97526628
-0.89887542 -0.41259950 0.14759658 -0.16652834 0.01008289 -0.98598510
-0.86532617 -0.41314319 0.28376654 -0.40982598 0.25730276 -0.87512171
-0.89080888 -0.16887979 0.42182830 -0.45395312 0.29063532 -0.84229314
-0.86584556 -0.00510317 0.50028545 -0.50011206 0.03705838 -0.86516744
-0.84090233 -0.48880932 0.23226878 -0.46714932 0.43892768 -0.76753765
-0.78487480 -0.60204053 0.14669296 -0.33752149 0.21683052 -0.91600424
-0.78561866 -0.60128927 0.14578930 -0.33908823 0.22134513 -0.91434431
-0.44273564 0.36832061 -0.81751150 0.67281920 0.73914188 -0.03136325
-0.81956255 -0.56499493 0.09538364 -0.24562277 0.19602263 -0.94933909
-0.72147506 -0.69199181 0.02492389 0.09071519 -0.13014174 -0.98733675
-0.69607365 -0.71687877 0.03957731 0.23520756 -0.27976939 -0.93080962
-0.64485449 -0.76167583 0.06334532 0.23032370 -0.27268538 -0.93412721
-0.78718078 -0.61652738 -0.01550854 0.27610597 -0.32982281 -0.90276378
-0.79570967 -0.60508698 -0.02675661 0.29032153 -0.34226692 -0.89362562
-0.25688544 0.37301317 0.89155537 -0.87031132 -0.49038711 -0.04559386
-0.91215622 -0.40000817 0.08924403 -0.06548979 -0.07269576 -0.99520171
-0.97655958 -0.19702357 0.08667816 -0.06990932 -0.09054044 -0.99343604
-0.09218558 0.21601506 0.97202849 -0.99291420 -0.09345730 -0.07339723
-0.10328923 0.26628795 0.95834345 -0.99204248 -0.09731873 -0.07988004
-0.10672601 0.54312676 0.83284032 -0.99236476 -0.00610545 -0.12318698
-0.07879685 0.63006240 0.77253640 -0.95857310 0.16490085 -0.23226140
0.02569960 0.80375248 0.59440857 -0.95002955 0.20467977 -0.23569058
0.02182789 0.84941477 0.52727425 -0.99909240 0.03782887 -0.01958056
0.02155492 0.79464006 0.60669804 -0.98962438 -0.06926461 0.12588093
0.03059615 0.79856253 0.60113382 -0.98315167 -0.08438992 0.16214570
0.04871731 0.74921662 0.66053098 -0.96521813 -0.13475817 0.22404082
0.07831969 0.74000263 0.66802853 -0.94357377 -0.16125277 0.28925094
0.06187265 0.80591726 0.58878624 -0.92196798 -0.17980312 0.34299552
0.09582081 0.81244397 0.57511151 -0.95174283 -0.09445130 0.29200107
0.08065154 0.84293675 0.53193331 -0.97562009 -0.04252286 0.21530770
-0.12455720 0.63506359 0.76235151 -0.97133654 -0.23482482 0.03691435
-0.08456215 0.45981058 0.88398159 -0.94136691 -0.32766792 0.08038763
-0.80940378 -0.57775825 0.10517139 0.01571330 -0.20033377 -0.97960174
-0.56431341 -0.82167959 0.07995682 0.16711041 -0.20853819 -0.96363169
-0.63096189 -0.77398801 0.05319528 -0.13949430 0.04573276 -0.98916626
-0.45307004 0.23890415 -0.85886693 0.49899295 0.86632031 -0.02225165
-0.13461196 -0.99089766 0.00122099 -0.05500912 0.00624259 -0.99846637
0.13287766 0.01381034 -0.99103624 0.03078055 0.99936312 0.01805343
-0.05921677 -0.99679369 -0.05381234 0.04805539 0.05099790 -0.99754196
-0.03286871 0.04559929 -0.99841893 -0.01803367 0.99876904 0.04620896
-0.09668636 0.03716190 -0.99462092 -0.06792165 0.99672687 0.04384321
-0.12462539 0.01950292 -0.99201220 0.05690014 0.99830192 0.01247827
-0.13956808 0.01900089 -0.99003017 0.10570492 0.99438876 0.00418295
-0.21720533 0.02313081 -0.97585189 0.12542199 0.99209374 -0.00440066
-0.28197551 -0.95865571 0.03832934 -0.24733482 0.03403395 -0.96833217
-0.15421580 -0.98803401 0.00250338 -0.12131704 0.01642095 -0.99247801
-0.25897500 -0.96575052 0.01605960 -0.15225276 0.02439774 -0.98804039
-0.28825471 -0.95718384 0.02661547 -0.20150138 0.03346212 -0.97891647
-0.55470508 -0.82999408 0.05841317 -0.28393063 0.12283230 -0.95094460
-0.69119054 -0.71051377 0.13200730 -0.37278804 0.19406323 -0.90739661
-0.70005172 -0.70542532 0.11091775 -0.25661382 0.10356384 -0.96094954
-0.82988477 -0.54303396 0.12808414 -0.42519659 0.46691686 -0.77536863
-0.75432533 -0.64422584 0.12635851 -0.05683574 -0.12766635 -0.99018741
-0.80140471 -0.58368695 0.13061419 -0.05412371 -0.14670938 -0.98769784
-0.76942551 -0.62398005 0.13650410 -0.10637102 -0.08555042 -0.99063939
-0.86965704 -0.46831056 0.15614702 -0.11882384 -0.10842716 -0.98697746
-0.89004552 -0.30038676 0.34290937 -0.40285352 0.16619468 -0.90004909
-0.69651717 -0.66613668 0.26669422 -0.46822506 0.14030616 -0.87239873
-0.75797069 -0.63115948 0.16467628 -0.47395653 0.35945234 -0.80384028
-0.66480857 -0.68927962 0.28796390 -0.55735058 0.20101327 -0.80557692
-0.68536264 0.12964582 -0.71656829 0.46609697 0.83414578 -0.29488039
-0.67242366 0.07099845 -0.73675346 0.39384750 0.87709433 -0.27493605
-0.67609662 0.04621050 -0.73536247 0.40080103 0.86052102 -0.31442338
-0.61468637 -0.02928123 -0.78822792 0.20601873 0.95866221 -0.19627278
-0.80929703 0.03659565 -0.58625865 0.20182113 0.95462120 -0.21901298
-0.77530378 -0.02440015 -0.63111711 0.19127463 0.94325686 -0.27144182
-0.72908247 -0.04014851 -0.68324739 0.07161240 0.98832369 -0.13449167
-0.88652229 -0.03170661 -0.46159822 0.03314068 0.99073541 -0.13170071
-0.89517063 -0.04844485 -0.44308317 0.00917627 0.99186218 -0.12698506
-0.94051224 -0.04437020 -0.33685020 0.02576459 0.97926742 -0.20092671
-0.80691272 -0.06825796 -0.58671343 -0.06698295 0.99746728 -0.02392254
-0.78664410 -0.07110484 -0.61329865 -0.12634119 0.99086463 0.04717159
-0.77882129 -0.07957264 -0.62217808 -0.12708686 0.99136579 0.03229355
-0.93758720 -0.09809800 -0.33362713 -0.11429761 0.99301654 0.02922732
-0.89502776 -0.08557230 -0.43772444 -0.06050551 0.99564493 -0.07092480
-0.02589660 -0.96714419 0.25290623 -0.97990614 -0.02549217 -0.19782367
-0.91658932 -0.11220624 -0.38376284 -0.12496989 0.99212503 0.00839957
-0.88661087 -0.15080006 -0.43724209 -0.24543627 0.95466977 0.16842420
-0.78437221 -0.11935388 -0.60869944 -0.23133115 0.96680331 0.10852323
-0.76885861 -0.12307122 -0.62746304 -0.32399622 0.92098475 0.21636419
-0.64686722 -0.06581393 -0.75975746 -0.21006912 0.97310293 0.09456056
-0.61807716 -0.05598189 -0.78412169 -0.19357902 0.97758508 0.08279290
-0.58458972 -0.05245688 -0.80963153 -0.19392228 0.97801763 0.07665367
-0.56973815 -0.03895003 -0.82090276 -0.17039765 0.98276830 0.07163236
-0.55753702 -0.03803745 -0.82928026 -0.08260681 0.99653375 0.00982871
-0.59547615 -0.03634957 -0.80255026 -0.09113441 0.99558377 0.02252735
-0.51310074 -0.04290204 -0.85725552 0.01832579 0.99797487 -0.06091315
-0.48998863 -0.04474817 -0.87057954 0.02907804 0.99728686 -0.06762698
-0.59400541 -0.03283507 -0.80379069 0.10260682 0.98791361 -0.11618351
-0.56983590 -0.01115415 -0.82168287 0.03907541 0.99840903 -0.04065191
-0.42786908 -0.02280723 -0.90355295 -0.00855201 0.99973899 -0.02118541
-0.70039159 -0.02841194 -0.71319312 0.03146977 0.99700660 -0.07062329
-0.69003284 -0.04684976 -0.72226018 -0.06151605 0.99808830 -0.00597028
-0.70242542 -0.06416328 -0.70885938 -0.07855248 0.99683303 -0.01239005
-0.58164930 -0.06216682 -0.81106073 -0.20165487 0.97697121 0.06973242
-0.50406545 -0.07392976 -0.86049551 -0.01010093 0.99676609 -0.07972052
-0.72831941 -0.09709625 -0.67832386 -0.08628245 0.99502593 -0.04978757
-0.67922574 -0.10015684 -0.72706330 -0.21763326 0.97357452 0.06919884
-0.71496272 -0.10892343 -0.69062585 -0.17712064 0.98378497 0.02820257
-0.80324942 -0.12565400 -0.58223844 -0.14759716 0.98899889 -0.00981445
-0.89862454 -0.15177348 -0.41162941 -0.16434842 0.98639017 -0.00490807
-0.84409893 -0.15729706 -0.51259595 -0.23006640 0.96977603 0.08126456
-0.91682684 -0.18709990 -0.35273537 -0.21505889 0.97572190 0.04143132
-0.91383159 -0.19652605 -0.35537213 -0.22352970 0.97402656 0.03615060
-0.95395213 -0.21813685 -0.20589232 -0.22888866 0.97300148 0.02963381
-0.78455442 -0.11082756 -0.61007512 -0.22204709 0.96886259 0.10954612
-0.72153187 -0.06328259 -0.68948334 -0.10259096 0.99459380 0.01607318
-0.78087890 -0.06675213 -0.62110573 -0.06060011 0.99767959 -0.03103480
-0.70298302 -0.08779844 -0.70576650 -0.02911306 0.99507147 -0.09479018
-0.66438192 -0.04309177 -0.74614996 0.03398522 0.99556208 -0.08775674
-0.88768941 -0.02427784 -0.45980224 0.13800840 0.93866813 -0.31599984
-0.49050477 -0.82501954 0.28062052 -0.68919742 0.17019367 -0.70430183
-0.69294429 0.13302526 -0.70861316 0.45304129 0.84490407 -0.28441301
-0.66164106 -0.65985262 0.35612577 -0.48890615 0.01954508 -0.87211746
-0.63564456 -0.72310364 0.27032787 -0.60493171 0.24901220 -0.75634032
-0.69823563 -0.62142181 0.35538998 -0.59494758 0.22763805 -0.77085567
-0.71021360 -0.59505659 0.37617069 -0.60868442 0.25058869 -0.75280052
-0.76418871 -0.44185454 0.46987259 -0.56494141 0.10702772 -0.81816036
-0.75083953 -0.45512888 0.47864160 -0.57489485 0.09356748 -0.81285983
-0.70872670 -0.59953618 0.37183723 -0.68055499 0.44213924 -0.58425844
-0.70179272 -0.53845042 0.46643126 -0.71208185 0.54920346 -0.43739572
-0.67193747 -0.50491565 0.54181200 -0.72908574 0.57951647 -0.36413556
-0.68853945 -0.63130933 0.35687822 -0.72513014 0.60611701 -0.32681566
-0.71436667 -0.28386319 0.63961077 -0.68188667 0.48770463 -0.54513741
-0.70464867 -0.37959200 0.59948325 -0.70851833 0.42209995 -0.56553823
-0.62673861 -0.35091797 0.69574094 -0.72303081 0.59481913 -0.35130703
-0.63278329 -0.52298337 0.57102871 -0.77281600 0.47262576 -0.42353323
-0.59279770 -0.60571963 0.53074926 -0.75439852 0.64833677 -0.10267629
-0.58879310 -0.59352666 0.54867911 -0.71252954 0.70161945 -0.00565463
-0.42621267 -0.52701724 0.73525214 -0.50945091 0.81146598 0.28632641
-0.41897097 -0.52872223 0.73818439 -0.58298975 0.77991354 0.22772333
-0.62841815 -0.63071513 0.45529020 -0.44697922 0.77180791 0.45224133
-0.62950206 -0.63431376 0.44874638 -0.45648804 0.76927572 0.44702750
-0.63447404 -0.67122895 0.38326812 -0.66293371 0.72752750 0.17669953
-0.59554619 -0.65993208 0.45805517 -0.62007159 0.74015284 0.26016366
-0.58125317 -0.64022386 0.50225306 -0.71102834 0.69975823 0.06911756
-0.48666552 -0.54459113 0.68306464 -0.45079809 0.82631403 0.33761853
-0.45138431 -0.49779466 0.74057597 -0.68114835 0.72835380 0.07441635
-0.45836735 -0.49732336 0.73659283 -0.67942643 0.73036575 0.07032526
-0.59395736 -0.43052232 0.67960662 -0.74297327 0.61754215 -0.25813279
-0.60745001 -0.46841529 0.64155406 -0.69983363 0.69767475 -0.15324102
-0.68385446 -0.65279227 0.32589164 -0.72949564 0.61993766 -0.28898686
-0.63739371 -0.64056462 0.42825952 -0.73659045 0.66968852 -0.09461413
-0.67157108 -0.68611747 0.27970549 -0.73914361 0.64664549 -0.18845794
-0.65790331 -0.66687691 0.34991214 -0.74822557 0.63159597 -0.20308904
-0.60910803 -0.67942446 0.40910858 -0.73391712 0.67839116 0.03392933
-0.61638731 -0.72446531 0.30857202 -0.78740567 0.56323904 -0.25050774
-0.47494489 -0.84094536 0.25930348 -0.86512846 0.39221114 -0.31260723
-0.01603564 -0.96933848 0.24520585 -0.98298049 -0.02960308 -0.18130939
-0.82048845 -0.07189166 -0.56712455 -0.03702936 0.99666119 -0.07276966
-0.93229985 -0.06145008 -0.35642800 -0.00851533 0.98891759 -0.14822131
-0.92927194 -0.04648238 -0.36646017 0.00650948 0.98983675 -0.14205919
-0.90244836 -0.04977633 -0.42791268 0.07293306 0.96131080 -0.26563564
-0.90732789 -0.04212836 -0.41830763 0.08373630 0.95692408 -0.27800095
-0.81515735 -0.02916129 -0.57850498 0.17552076 0.93934059 -0.29467237
-0.44608322 -0.87383103 0.19346607 -0.84282291 0.33742601 -0.41927701
-0.48632365 -0.83619875 0.25349748 -0.79333401 0.30096844 -0.52918732
-0.47603315 -0.84105259 0.25694934 -0.79784477 0.29012850 -0.52845937
-0.61983925 -0.73501587 0.27486557 -0.72146934 0.39599055 -0.56804365
-0.65630335 -0.70117795 0.27859551 -0.71446371 0.45888129 -0.52817577
-0.67965966 -0.62532079 0.38345364 -0.72199947 0.47797891 -0.50025296
-0.64463383 -0.68058401 0.34821355 -0.76413488 0.58752638 -0.26629072
-0.92653966 -0.10878325 -0.36012566 -0.10260385 0.99405998 -0.03629436
-0.95235443 -0.11475954 -0.28257975 -0.10816871 0.99337238 -0.03887048
-0.93865222 -0.12584183 -0.32108557 -0.14104074 0.98970252 0.02442412
0.26986331 -0.87307113 -0.40610424 -0.95738155 -0.19820279 -0.21008644
0.29071108 -0.95008278 -0.11326879 -0.95658147 -0.28600544 -0.05614954
-0.77747434 -0.62841654 0.02502510 -0.61048573 0.76365662 0.21008503
0.54070252 -0.75771779 -0.36538273 -0.80464971 -0.59253073 0.03802840
-0.66222048 -0.68083549 0.31293303 -0.66592044 0.72621113 0.17078464
-0.66348976 -0.68178195 0.30814722 -0.61911756 0.73155421 0.28552052
-0.61664701 -0.65900761 0.43064541 -0.73561954 0.67717993 -0.01706937
-0.71475363 -0.66213572 0.22517437 -0.69537812 0.70720363 -0.12771969
-0.70219511 -0.67455173 0.22782025 -0.70846200 0.69377595 -0.12944730
-0.69854999 -0.67809826 0.22849651 -0.71205097 0.69032103 -0.12821977
0.02669865 -0.99404758 0.10562482 -0.99725568 -0.03378469 -0.06587665
0.00691085 -0.98900795 0.14770071 -0.99738920 -0.01743490 -0.07007719
-0.98149478 -0.05789384 -0.18252762 -0.03197356 0.98936784 -0.14187676
-0.98153925 -0.04942166 -0.18476538 -0.02475351 0.99073875 -0.13350670
-0.94230199 -0.06570567 -0.32825258 0.00196093 0.97944880 -0.20168349
-0.68551284 -0.68862945 0.23635070 -0.72718644 0.66351014 -0.17593814
-0.99107862 -0.10823812 -0.07776733 -0.10530443 0.99359882 -0.04089515
-0.95941442 -0.10956748 -0.25984409 -0.09917320 0.99366724 -0.05282170
-0.01647197 -0.97836387 0.20623499 -0.99494892 -0.00438881 -0.10028669
-0.47362784 -0.83251125 0.28740504 -0.87660646 0.41408393 -0.24514416
-0.62500107 -0.71533549 0.31252027 -0.78038299 0.56260622 -0.27290410
-0.03253421 -0.97306126 0.22823964 -0.99050421 0.00087039 -0.13747975
-0.68111187 -0.65510064 0.32700130 -0.73150241 0.62804776 -0.26544359
-0.65529180 -0.43137971 0.62008405 -0.73517424 0.55279332 -0.39234981
-0.70897788 -0.60041344 0.36993802 -0.67555159 0.42762557 -0.60063845
-0.63102055 -0.75061649 0.19592866 -0.70954418 0.45633900 -0.53693748
-0.70551199 -0.59970760 0.37762916 -0.61263037 0.24820551 -0.75038528
-0.53371078 -0.18619470 0.82491481 -0.80083501 0.42467064 -0.42227730
-0.91819477 0.39402750 0.04075204 0.02896203 0.16937569 -0.98512590
-0.86531240 0.49723747 0.06316141 0.04965403 0.21043003 -0.97634715
-0.60602355 -0.59317511 0.52998000 -0.74102527 0.66320693 -0.10506235
-0.54585242 -0.60902846 0.57543850 -0.69853193 0.71003908 0.08886901
-0.60619318 -0.67045981 0.42780071 -0.71672279 0.69367760 0.07155326
-0.62276012 -0.68201780 0.38343409 -0.72854269 0.68417245 0.03367063
-0.78392559 -0.54110688 0.30440766 -0.23333786 0.71113962 0.66319972
-0.64720869 -0.62255752 0.43993530 -0.27437574 0.72866952 0.62750202
-0.63884121 -0.62546813 0.44796374 -0.33852100 0.75140667 0.56638467
-0.58596736 -0.63036984 0.50919169 -0.36484191 0.76631117 0.52882648
-0.51941228 -0.64697653 0.55824035 -0.28364393 0.74677259 0.60156202
-0.52851367 -0.31783140 0.78718269 -0.19755439 0.94785976 0.25006831
-0.34802350 -0.19175161 0.91766608 -0.21383241 0.96929210 0.12144355
-0.23317245 -0.10249516 0.96701878 -0.12433745 0.98940998 0.07488754
-0.17461054 0.98356241 0.04600190 0.10383939 0.06485333 -0.99247748
-0.14518024 0.98868757 0.03767795 -0.13697858 0.01762974 -0.99041712
-0.35591394 0.93171346 0.07235554 -0.27602100 -0.03083662 -0.96065682
-0.51466650 0.85046875 0.10872602 -0.25979081 -0.03383682 -0.96507192
-0.46491930 0.88018847 0.09548979 -0.24709649 -0.02542984 -0.96865714
0.68070275 -0.05269049 0.73066241 -0.06586955 0.98896730 0.13268340
0.57324332 -0.07528675 0.81591910 0.20005523 0.97849441 -0.05026559
0.60697478 -0.09155469 0.78942972 0.19051859 0.98113894 -0.03269713
0.22859326 -0.03965037 0.97271425 0.20832978 0.97801638 -0.00909215
0.47190210 0.86836016 -0.15250936 -0.24551889 -0.03670644 -0.96869659
0.51983607 0.83746988 -0.16856661 -0.17548613 -0.08842824 -0.98050249
0.52088791 0.83470511 -0.17872675 -0.08095015 -0.16012870 -0.98377120
0.27322686 0.93200833 -0.23813342 0.14018607 -0.28348842 -0.94867396
-0.37316856 -0.89981508 0.22600465 -0.22862142 0.32527629 0.91756612
0.57298481 0.79991567 -0.17839104 0.06771202 -0.26312569 -0.96238244
0.53461093 0.82089424 -0.20080797 0.02024382 -0.24998626 -0.96803772
0.59655213 0.77963638 -0.19050631 0.15420096 -0.34428811 -0.92611438
0.69917673 0.68799704 -0.19445321 -0.13068962 -0.14441079 -0.98084956
0.51113576 0.84395760 -0.16271424 -0.17044742 -0.08602246 -0.98160475
0.45167425 0.88049239 -0.14395665 -0.36313462 0.03404739 -0.93111438
0.43313837 0.89091259 -0.13662311 -0.35561699 0.02963620 -0.93416184
0.22434253 0.97178537 -0.07282619 -0.07077847 -0.05828531 -0.99578774
0.11106185 0.07614846 0.99089187 0.01835930 0.99673289 -0.07865509
0.34844315 0.93427533 -0.07561124 0.24345145 -0.16810399 -0.95523423
-0.55158180 -0.21830814 0.80504596 -0.04590841 0.97162563 0.23202598
0.36675036 0.92765665 -0.07033703 -0.01215745 -0.07081980 -0.99741507
-0.02984558 0.06692729 0.99731141 -0.02152788 0.99748141 -0.06758293
-0.05749032 0.07304763 0.99567014 0.05466310 0.99605387 -0.06991952
0.11109874 0.07675885 0.99084067 0.01804484 0.99669266 -0.07923548
-0.19552311 0.98068362 0.00550652 0.05299139 0.01617148 -0.99846399
-0.16984133 0.98545480 0.00573300 0.03580680 0.01198471 -0.99928689
-0.29831919 0.95446259 -0.00262897 0.06110895 0.01635084 -0.99799722
-0.23775135 0.97132397 -0.00201026 -0.00433263 -0.00313008 -0.99998575
-0.64319402 0.76569968 -0.00233566 -0.12675624 -0.10948353 -0.98587334
-0.09515706 0.99544460 0.00593156 0.02879767 0.00870885 -0.99954736
-0.05336387 0.05995787 0.99677348 0.05984461 0.99659365 -0.05674317
0.41144729 0.90924346 -0.06314641 0.07047465 -0.10081293 -0.99240625
-0.07373479 0.99591517 -0.05211667 -0.05865661 -0.05649936 -0.99667811
0.27560821 0.09023550 0.95702547 -0.16685459 0.98496240 -0.04481813
0.42328209 0.11306582 0.89891517 -0.05806084 0.99352807 -0.09762652
0.36770508 0.10774316 0.92367983 -0.21868873 0.97542870 -0.02672224
0.07426170 0.99575734 -0.05433760 -0.02503894 -0.05260906 -0.99830127
-0.02722286 0.05565592 0.99807882 0.02743751 0.99811429 -0.05490953
0.18797301 0.97765833 -0.09407661 0.05037461 -0.10525457 -0.99316859
0.33503041 0.93840009 -0.08461627 -0.00253714 -0.08890758 -0.99603671
0.18088877 0.98073745 -0.07371204 -0.14239435 -0.04804281 -0.98864341
0.42827958 0.89872551 -0.09417555 -0.06045400 -0.07548788 -0.99531245
0.54738718 0.83175331 -0.09248630 -0.11511137 -0.03463185 -0.99274868
0.42744139 -0.03648103 0.90330672 0.35888723 0.92392695 -0.13251029
0.23202844 0.97110128 -0.05590389 -0.06512120 -0.04183519 -0.99700010
-0.07336546 0.99649906 -0.04008887 -0.04881985 -0.04373746 -0.99784958
-0.14164139 -0.15398045 0.97786903 -0.18704452 0.97419727 0.12630944
-0.18093342 -0.16015440 0.97036779 -0.17514826 0.97612727 0.12844709
-0.55156422 -0.23901148 0.79915613 -0.24977721 0.96143186 0.11515282
-0.61907059 -0.26259074 0.74013358 -0.36683705 0.92999798 0.02311854
-0.65175354 -0.27203268 0.70796579 -0.36182606 0.93191075 0.02498530
-0.65406185 -0.27518439 0.70461106 -0.35736549 0.93338835 0.03280495
-0.60902500 -0.26755834 0.74665999 -0.13889128 0.96281469 0.23172642
-0.46959227 -0.31455752 0.82494640 0.05845893 0.92124891 0.38455546
-0.58426118 -0.29084721 0.75765878 0.00404951 0.93252021 0.36109510
-0.55709994 -0.29432172 0.77654010 0.10702878 0.90184313 0.41859746
0.53202766 0.84513247 -0.05194017 0.15449388 -0.15720354 -0.97540694
0.38472608 0.91924357 -0.08352929 0.06331483 -0.11656325 -0.99116307
-0.59165990 -0.28782216 0.75305843 0.10791048 0.89741838 0.42777985
0.19882983 0.97490668 -0.10011834 0.07073201 -0.11616668 -0.99070799
0.30728850 0.94674766 -0.09613889 -0.26415876 -0.01219293 -0.96440220
0.25898033 0.96165752 -0.09024417 -0.18235013 -0.04307234 -0.98228979
-0.55591726 -0.30375171 0.77375120 0.10316539 0.89843315 0.42681938
-0.59036374 -0.25158051 0.76692760 -0.44027057 0.89674962 -0.04474357
-0.51094788 -0.20784196 0.83410674 -0.52111644 0.84659082 -0.10826700
-0.58028203 0.81409073 -0.02300120 0.07298017 0.02384965 -0.99704820
-0.85634190 0.50290918 -0.11730715 0.21947548 0.14881065 -0.96420223
-0.65918821 -0.26017123 0.70553660 0.05578364 0.91873717 0.39090943
0.30741632 0.94891304 -0.07112914 0.08124625 -0.10064991 -0.99159902
0.27411792 0.95858920 -0.07724097 0.05014753 -0.09445584 -0.99426520
0.41375783 -0.02538015 0.91003317 0.36088634 0.92228937 -0.13835947
0.41888726 -0.02647107 0.90765238 0.36087921 0.92209679 -0.13965568
0.52086204 0.85170245 -0.05749535 0.07877937 -0.11502494 -0.99023384
0.51906312 0.84761643 -0.11009023 -0.29604056 0.05745367 -0.95344591
0.28106034 0.95520681 -0.09265593 0.04008077 -0.10814699 -0.99332666
0.65667766 0.75374347 0.02540298 0.29326323 -0.22417496 -0.92937738
0.45541400 0.87776458 -0.14875312 -0.41257346 0.06001987 -0.90894485
0.59589911 -0.08289870 0.79876918 0.21674207 0.97434783 -0.06057350
0.12293249 -0.04671130 0.99131513 0.13017379 0.99102032 0.03055462
-0.15427780 -0.02723581 0.98765206 0.13026744 0.99033284 0.04765837
-0.50332564 -0.68966037 0.52060723 -0.16772796 0.66900474 0.72408569
-0.59313267 -0.65357071 0.47014794 -0.12748551 0.65283436 0.74669594
-0.67515856 0.73750722 0.01562378 0.35724193 0.34542453 -0.86779040
-0.75009561 0.66076738 -0.02725828 0.23919548 0.23264378 -0.94268894
-0.75680673 0.65307444 -0.02715476 0.20436770 0.19695888 -0.95887488
-0.63349664 -0.69429451 0.34152177 -0.70124453 0.70172989 0.12582275
-0.63340092 -0.67232931 0.38311440 -0.75704819 0.64092439 -0.12686229
-0.69006538 -0.64974952 0.31880316 -0.71098971 0.52625054 -0.46642694
-0.61513096 -0.73982251 0.27253729 -0.70289105 0.35800296 -0.61463660
-0.46499732 -0.85455894 0.23131481 -0.76471347 0.25605041 -0.59131336
-0.81879306 -0.56326830 0.11093631 0.01789403 -0.21818531 -0.97574329
-0.21961890 0.53471512 0.81599474 -0.93891746 -0.34300706 -0.02793276
-0.84239459 -0.53632694 0.05220056 0.11447999 -0.27278394 -0.95523995
-0.85839975 -0.51002157 0.05502634 0.16996475 -0.38397905 -0.90756387
-0.10170106 0.56750757 0.81706315 -0.96615243 -0.25207829 0.05482757
-0.02082324 0.49165386 0.87054175 -0.95194727 -0.27586243 0.13302772
-0.00262725 0.77659088 0.62999982 -0.99967343 0.01397442 -0.02139491
0.00977899 0.85535747 0.51794600 -0.99982953 0.01647789 -0.00833515
0.00617956 0.70479280 0.70938629 -0.99727088 -0.04784869 0.05622621
-0.77962804 -0.60613209 0.15742935 -0.15478501 -0.05707918 -0.98629791
-0.64011085 -0.75880742 0.12028882 -0.30556631 0.10779697 -0.94604921
-0.64050466 -0.75809443 0.12266499 -0.13122526 -0.04933839 -0.99012411
-0.26729029 -0.96306652 0.03253918 -0.24721967 0.03589774 -0.96829426
-0.35379198 -0.90350002 0.24190700 -0.43406957 -0.07049311 -0.89811713
-0.58039337 -0.03487615 -0.81358910 0.18947050 0.96588033 -0.17656778
-0.41911718 -0.02186758 -0.90766877 0.09791705 0.99279058 -0.06913166
-0.32183373 0.02066720 -0.94657063 0.02727922 0.99954909 0.01254898
-0.17472242 0.01953762 -0.98442394 -0.01582075 0.99961835 0.02264716
-0.17502873 0.02059117 -0.98434800 -0.01494985 0.99961042 0.02356869
-0.19281788 0.01646971 -0.98109639 -0.09317679 0.99503368 0.03501600
-0.10170726 0.03137878 -0.99431938 -0.07418574 0.99648017 0.03903531
-0.42371854 -0.01772156 -0.90562052 -0.01188600 0.99983132 -0.01400393
-0.46572581 -0.02935042 -0.88444221 -0.09309848 0.99552858 0.01598656
-0.50200361 -0.03060252 -0.86432397 -0.14151791 0.98881060 0.04718416
-0.36348751 -0.02660839 -0.93121904 -0.27348417 0.95859712 0.07935978
-0.20431910 0.01659278 -0.97876376 -0.10168478 0.99408764 0.03807948
-0.11074582 0.03178728 -0.99334031 -0.07207642 0.99659967 0.03992725
0.07041647 -0.99565184 -0.06098297 -0.07067664 0.05600123 -0.99592608
-0.16397324 0.08255894 -0.98300397 0.05998631 0.99548209 0.07360070
-0.08777563 -0.99601978 -0.01549314 -0.04951184 0.01989619 -0.99857539
-0.16629277 -0.98607641 0.00023033 0.11818828 -0.02016327 -0.99278647
0.13420746 0.10556155 -0.98531479 -0.06601280 0.99305373 0.09739920
0.19274567 0.13299119 -0.97219467 -0.23555544 0.96807265 0.08572647
0.26383826 0.14558415 -0.95351702 -0.26935241 0.96033931 0.07209595
0.26090759 -0.96191728 -0.08150071 0.09964352 0.11080830 -0.98883402
0.42807913 0.17678563 -0.88628161 -0.28246754 0.95772159 0.05460224
0.63219464 0.25110510 -0.73299122 -0.27463168 0.95722830 0.09105734
0.59607816 0.24052101 -0.76605511 -0.14626829 0.97064233 0.19094259
0.40391934 0.17868316 -0.89717418 -0.22448117 0.97011209 0.09214533
0.49538195 0.22460748 -0.83913541 -0.08081190 0.97372115 0.21292423
0.35588065 0.18018584 -0.91699624 -0.00879546 0.98183870 0.18951365
0.74598819 0.59386206 -0.30137947 -0.28460434 0.69343305 0.66192985
-0.73374850 -0.65908742 0.16497578 0.16186698 -0.40540469 -0.89969224
