-0.79300737 -0.51986790 0.31761089 0.10666210 -0.63177389 -0.76777929
0.84019053 0.48551214 -0.24157363 -0.30922210 0.79487723 0.52206498
0.81481946 0.51279622 -0.27038732 -0.17372748 0.66097444 0.73002166
0.89192629 0.40924791 -0.19231147 -0.29940999 0.85321909 0.42704904
-0.30591506 0.86132264 0.40563449 -0.93662101 -0.34868720 0.03403498
-0.30264720 0.82971704 0.46901420 -0.94658601 -0.31911206 -0.04628623
-0.28017282 0.93984795 0.19542028 -0.94152212 -0.22934391 -0.24685520
-0.28543705 0.93680787 0.20227882 -0.94861341 -0.24607763 -0.19894312
0.97373450 0.03966811 0.22420429 -0.07172538 0.98801231 0.13670081
0.97672981 0.03874088 0.21094561 -0.06944215 0.98769349 0.14014080
0.96825916 0.02760975 0.24841903 -0.08170237 0.97424489 0.21017067
0.94554257 0.00797044 0.32540095 -0.06381072 0.98484087 0.16129681
-0.16490149 0.88952684 0.42608634 -0.95239329 -0.03129217 -0.30326208
-0.18409494 0.84014565 0.51016116 -0.85541385 0.11870044 -0.50416017
0.70534682 -0.01353749 0.70873308 -0.31271613 0.89132625 0.32824716
0.53179967 -0.07236394 0.84377289 -0.33297697 0.89822942 0.28689766
-0.28836837 0.56750947 0.77121764 -0.95277780 -0.09000821 -0.29002252
-0.25207099 0.72432852 0.64172304 -0.94235575 -0.03293318 -0.33298811
-0.19134556 0.87299091 0.44863552 -0.97136354 -0.10283245 -0.21419239
0.88648021 -0.00781139 0.46270058 -0.01383835 0.99896294 0.04337733
0.92077005 0.00029600 0.39010584 -0.03634079 0.99571633 0.08501996
0.78254771 -0.04475784 0.62097985 0.15405683 0.98031557 -0.12348230
0.85340261 -0.06867760 0.51670814 0.11340407 0.99200046 -0.05544933
0.66228592 -0.02854357 0.74870735 0.20917434 0.96658617 -0.14817992
0.59988505 0.00068094 0.80008596 0.21843281 0.96187103 -0.16459426
0.66786933 -0.01580587 0.74411070 0.04027522 0.99907714 -0.01492695
0.48899961 0.04704725 0.87101436 0.14799656 0.97959238 -0.13599935
0.92826414 0.00531133 0.37188378 -0.00947091 0.99991137 0.00935951
0.93219125 0.01026590 0.36182049 -0.02105267 0.99944329 0.02588279
0.86323643 0.02012907 0.50439835 -0.04246207 0.99855888 0.03282077
0.76001292 0.01961163 0.64961207 -0.19015589 0.96251315 0.19341461
-0.37869194 0.86016536 0.34162551 -0.90555692 -0.26810151 -0.32876784
-0.09761202 0.93376011 0.34433126 -0.98915052 -0.05285797 -0.13706660
-0.10288885 0.90815616 0.40579093 -0.99436331 -0.08340562 -0.06546126
-0.10878487 0.87032890 0.48030555 -0.99376857 -0.10702173 -0.03115277
-0.11410285 0.84226286 0.52685279 -0.99042058 -0.13795140 0.00603873
-0.11408643 0.84685498 0.51944292 -0.94568866 -0.25277406 0.20439731
-0.11782379 0.86289740 0.49145263 -0.95514417 -0.23388053 0.18165782
-0.10847284 0.64670002 0.75499183 -0.90824497 -0.37322259 0.18919827
-0.76367313 -0.60178667 0.23378679 0.03604859 -0.40130386 -0.91523534
-0.70531911 -0.65730542 0.26547042 -0.11764304 -0.26076183 -0.95820844
-0.08392306 0.80065238 0.59322232 -0.87471139 -0.34435847 0.34102389
0.74975818 0.36560455 -0.55153966 -0.07606786 0.87559921 0.47701123
0.66849339 0.40531000 -0.62357068 -0.05838278 0.86446202 0.49929637
0.71560013 0.38001704 -0.58609182 -0.09146025 0.88281149 0.46073744
0.67037606 0.32565612 -0.66674131 -0.28118008 0.94302374 0.17788765
0.87597680 0.28376782 -0.39005190 -0.16571525 0.93647009 0.30913156
0.87709719 0.28266630 -0.38833025 -0.16161008 0.93503135 0.31559253
0.94063556 0.23534337 -0.24457762 -0.13954583 0.92500746 0.35339540
-0.12093797 0.91540271 0.38394263 -0.95390707 -0.21418862 0.21020137
-0.11723366 0.93607467 0.33169341 -0.98059654 -0.16195166 0.11046325
-0.11465656 0.90207285 0.41607502 -0.98205256 -0.16606487 0.08941617
-0.13272054 0.95762146 0.25562957 -0.98888212 -0.14538741 0.03122158
-0.13075218 0.93748164 0.32254004 -0.97803086 -0.17524728 0.11288971
0.92650157 0.30496937 -0.22042815 -0.28500438 0.95122081 0.11811666
0.92490929 0.30873114 -0.22187340 -0.26867780 0.94367915 0.19308543
0.80616391 0.30321592 -0.50809443 -0.28235886 0.95177525 0.11998932
0.78341883 0.29692745 -0.54597533 -0.30334684 0.94942522 0.08107116
0.67446411 0.27565849 -0.68491650 -0.31026113 0.94761968 0.07586236
0.69083840 0.26695698 -0.67191982 -0.40592337 0.91225612 -0.05490878
0.64927292 0.24670571 -0.71943110 -0.40704218 0.91177094 -0.05468534
0.63436246 0.23849317 -0.73532671 -0.41723931 0.90639895 -0.06597205
0.63199246 0.23941422 -0.73706603 -0.42069820 0.90473443 -0.06684857
0.73355567 0.26243925 -0.62691444 -0.39999390 0.91246867 -0.08605669
0.79980898 0.27524543 -0.53342819 -0.43175325 0.88117141 -0.19268146
0.86515260 0.32550201 -0.38152251 -0.39922899 0.90742725 -0.13111837
0.86426187 0.32271078 -0.38588747 -0.39793000 0.90787029 -0.13199741
0.89502013 0.36753377 -0.25270122 -0.43177187 0.85603064 -0.28422645
0.90304387 0.37496933 -0.20954664 -0.42533317 0.84873980 -0.31421718
0.90122420 0.38110402 -0.20628791 -0.42971811 0.84744352 -0.31174025
0.91076601 0.39954326 -0.10426156 -0.41195607 0.89646018 -0.16325271
0.92064440 0.37687445 -0.10188039 -0.38656726 0.91650087 -0.10291671
0.93123937 0.34026191 -0.13044210 -0.33848596 0.94027323 0.03624343
0.88144964 0.32990324 -0.33795047 -0.35350758 0.93538922 -0.00891012
0.91531038 0.33285633 -0.22674580 -0.31887457 0.94283599 0.09684703
0.92510283 0.33227688 -0.18378483 -0.31561789 0.94197088 0.11435171
-0.30429500 0.91054010 0.27985954 -0.95254928 -0.29313537 -0.08198569
0.91477418 0.32832259 -0.23535609 -0.30775577 0.94381106 0.12044518
0.88301408 0.33027700 -0.33347169 -0.34841394 0.93732309 0.00576315
0.93071735 0.34235734 -0.12867241 -0.32853982 0.93719333 0.11717642
0.93118060 0.34231514 -0.12539163 -0.32734045 0.93650341 0.12573603
0.93298548 0.34306347 -0.10883750 -0.32802442 0.93495494 0.13512707
-0.27778983 0.90039653 0.33484158 -0.92599529 -0.34374461 0.15611656
0.94077623 0.33642039 -0.04196921 -0.33570400 0.94167942 0.02329760
-0.31035057 0.88093799 0.35725465 -0.93650639 -0.34785327 0.04420337
-0.28137740 0.88131875 0.37961042 -0.95537418 -0.22021402 -0.19689110
-0.31273568 0.77293313 0.55206048 -0.94899803 -0.22979404 -0.21586430
-0.31029195 0.75259858 0.58078772 -0.94778651 -0.19760056 -0.25030944
-0.26750487 0.89969677 0.34494478 -0.95341635 -0.19534780 -0.22986203
0.93738633 0.34331822 -0.05864723 -0.34180045 0.93913853 0.03451610
0.88995427 0.39027539 0.23593751 -0.33386922 0.90998244 -0.24589303
0.92030805 0.37463754 0.11260449 -0.36447528 0.92571479 -0.10104395
0.86956841 0.26127020 0.41903311 -0.19925530 0.96206349 -0.18636324
0.88711733 0.46073273 -0.02735494 -0.43291822 0.81008583 -0.39540207
0.87980634 0.47529620 0.00586338 -0.46501940 0.86320788 -0.19654311
0.86675090 0.49310377 0.07477703 -0.44122177 0.82802206 -0.34598097
0.85748118 0.47546306 0.19662376 -0.39182746 0.85112506 -0.34936708
0.68510258 0.46968895 0.55680048 -0.13744099 0.83398467 -0.53439641
0.65477264 0.47693357 0.58635080 -0.15342478 0.84349275 -0.51476294
0.86440235 0.49521527 0.08700839 -0.39600581 0.77716184 -0.48907965
0.86026317 0.49372625 0.12720735 -0.35239798 0.75610101 -0.55147707
0.81439608 0.53389090 0.22741948 -0.25201246 0.67839044 -0.69012767
0.80492860 0.54316056 0.23888628 -0.24846789 0.67412913 -0.69556713
0.74835134 0.58909035 0.30486542 -0.27068457 0.69082838 -0.67043722
0.64087456 0.66945344 0.37564868 -0.21707723 0.62742513 -0.74780697
0.30184084 0.77645814 -0.55317706 -0.62885308 -0.27395296 -0.72766316
0.32318008 0.76504672 -0.55700821 -0.60562205 -0.28507593 -0.74293584
0.81270808 0.53306210 0.23526680 -0.25004745 0.68377435 -0.68551368
0.88663298 0.33189401 -0.32206902 -0.34938350 0.93697244 0.00372753
0.81246114 0.30197194 -0.49871832 -0.35327354 0.93547595 -0.00909026
0.81419444 0.27754134 -0.50995910 -0.51692867 0.74642652 -0.41908509
0.68534952 0.28137255 -0.67165887 -0.31817514 0.94534218 0.07136377
0.64122218 0.29028711 -0.71032917 -0.25375691 0.95382130 0.16072473
0.68947864 0.30997911 -0.65462375 -0.18465428 0.94915640 0.25496089
0.81138092 0.30136493 -0.50083947 -0.35286823 0.93563288 -0.00867266
0.91971356 0.31412113 -0.23548870 -0.26899385 0.94111669 0.20479670
0.76950622 0.30899045 -0.55891418 -0.15986511 0.94049782 0.29984507
0.83811009 0.31121829 -0.44801193 -0.11579221 0.90406644 0.41140738
0.05487979 0.28866315 0.95585662 -0.97885722 -0.17336224 0.10855474
-0.08665199 0.80658072 0.58473837 -0.87922978 -0.33790955 0.33581567
-0.04528663 0.74650842 0.66383308 -0.90456945 -0.31263012 0.28985614
-0.11034892 0.89010656 0.44219160 -0.97221512 -0.18908538 0.13800181
-0.13701615 0.95542186 0.26152566 -0.98647588 -0.15558420 0.05156446
-0.29129702 0.94114500 0.17144124 -0.95621008 -0.29178092 -0.02294062
-0.30734560 0.91641474 0.25636446 -0.93375278 -0.34236044 0.10438003
0.87879825 0.41807613 -0.23005639 -0.27289075 0.83578742 0.47643483
-0.28310284 0.78956652 0.54446077 -0.94717830 -0.31935942 -0.02937471
-0.34835926 0.54977864 0.75920308 -0.82258236 -0.56765103 0.03362501
-0.33719781 0.54095328 0.77049804 -0.88908565 -0.45209217 -0.07168990
-0.75271028 -0.56302655 0.34121597 0.03058401 -0.54763293 -0.83615959
-0.78983456 -0.51392943 0.33472064 0.02199936 -0.56914055 -0.82194591
-0.87939012 -0.39330325 0.26830152 -0.02582590 -0.52330196 -0.85175586
-0.93256027 -0.24439894 0.26570776 -0.17358992 -0.34176910 -0.92361265
-0.90008426 -0.32332033 0.29208285 -0.19779801 -0.29409617 -0.93508470
-0.93004858 -0.21973726 0.29449153 -0.23563188 -0.25829419 -0.93688941
-0.71433669 -0.59950566 0.36099315 -0.13877341 -0.38425243 -0.91273880
-0.68216467 -0.63101447 0.36942142 -0.11405586 -0.40721488 -0.90618289
-0.65332961 -0.65072346 0.38693604 -0.14726272 -0.39210120 -0.90805852
-0.83479893 -0.37670633 0.40150109 -0.21209580 -0.45293173 -0.86594933
-0.41378322 0.40313175 0.81625259 -0.87116861 -0.43563327 -0.22647074
-0.31281444 0.22262701 0.92335492 -0.92740798 -0.28150162 -0.24631563
-0.60630101 -0.69322568 0.38966301 -0.26467347 -0.28615534 -0.92090344
-0.67057520 -0.65493685 0.34840596 0.13113797 -0.56690717 -0.81327677
-0.75629950 -0.55690050 0.34332633 0.04929224 -0.57179707 -0.81891292
