-0.93257189 -0.20604464 0.29640403 -0.34912977 0.72351462 -0.59551245
-0.93085736 -0.30278361 0.20451583 -0.36495858 0.74351734 -0.56034559
-0.91989112 -0.33194160 0.20884252 -0.39196080 0.76062864 -0.51750451
-0.90700996 -0.40763745 0.10566329 -0.40421203 0.77239919 -0.48991033
-0.90732294 -0.40468127 0.11400963 -0.41379037 0.81150758 -0.41259301
-0.88628072 -0.46188959 -0.03412554 -0.41029841 0.81719321 -0.40478447
-0.90140289 -0.43192762 -0.03019028 -0.39957839 0.85669345 -0.32621092
-0.89320123 -0.41958103 -0.16168928 -0.37527061 0.89367396 -0.24600576
-0.89505768 -0.42136228 -0.14603305 -0.39445654 0.90081024 -0.18150744
-0.92561775 -0.37832266 -0.01019065 -0.37737000 0.92465961 -0.05095611
-0.92859244 -0.37100235 -0.00856686 -0.37014812 0.92761409 -0.05022492
-0.92459095 -0.37893075 -0.03928290 -0.37539518 0.92378747 -0.07546645
0.39195374 -0.87458068 -0.28544849 -0.91821748 -0.39111763 -0.06247990
0.39217046 -0.90778601 -0.14875153 -0.91978341 -0.38447198 -0.07861196
-0.87101758 -0.41625381 -0.26088542 -0.44151545 0.89616334 0.04421986
-0.86298245 -0.42058030 -0.27995265 -0.43279433 0.90127361 -0.01987495
-0.87539828 -0.42393225 -0.23229168 -0.41252699 0.90563995 -0.09817221
-0.87824559 -0.42509294 -0.21904521 -0.42305958 0.90420896 -0.05853877
-0.87078857 -0.42251509 -0.25141257 -0.41048753 0.90623081 -0.10122132
-0.82593709 -0.42339772 -0.37223938 -0.36000824 0.90422934 -0.22970295
-0.79366004 -0.41193327 -0.44767708 -0.42738968 0.90122950 -0.07157896
-0.77861816 -0.40856761 -0.47626296 -0.39255124 0.90927696 -0.13827139
-0.76174635 -0.38793442 -0.51889247 -0.44317663 0.89622349 -0.01944101
-0.71668613 -0.36376464 -0.59500957 -0.45596692 0.88998204 0.00511114
-0.66944170 -0.35076302 -0.65483838 -0.43541893 0.89948058 -0.03667612
-0.63783675 -0.28982636 -0.71355802 -0.45336092 0.89025742 0.04365472
-0.46531159 -0.18372786 -0.86586910 -0.39480278 0.91860402 0.01724645
-0.49601918 -0.20650606 -0.84339809 -0.29678068 0.95313174 -0.05883171
-0.57970309 -0.33670363 -0.74200743 -0.37000233 0.92010784 -0.12845187
-0.62293541 -0.37080529 -0.68880689 -0.24728420 0.92870891 -0.27631563
-0.65168875 -0.37362871 -0.66007829 -0.33756688 0.92219001 -0.18871723
-0.53379512 -0.20144676 -0.82126856 -0.12177730 0.97939909 -0.16108330
-0.33406752 -0.16453020 -0.92807800 -0.15457262 0.98087919 -0.11825143
-0.35248211 -0.16443723 -0.92125827 -0.13588373 0.98300123 -0.12346746
-0.31275091 -0.16188808 -0.93593758 0.00456279 0.98510098 -0.17191653
-0.12999974 -0.98169512 -0.13919316 -0.07607316 0.14984602 -0.98577839
-0.28996798 -0.94689202 -0.13897550 0.07623231 0.12190058 -0.98961049
-0.41984236 -0.22128615 -0.88020730 0.04567429 0.96344143 -0.26399720
-0.43629068 -0.88031161 -0.18628450 -0.01039375 0.21194410 -0.97722656
-0.50276279 -0.84141672 -0.19811004 -0.15926455 0.31542325 -0.93549079
-0.67921925 -0.56120229 -0.47298339 -0.20016471 0.76166290 -0.61628217
-0.68260294 -0.54466313 -0.48723227 -0.19214974 0.77702874 -0.59942043
-0.83835179 -0.44067660 -0.32089019 -0.32716128 0.87758398 -0.35044533
-0.80683070 -0.44783479 -0.38531578 -0.03883845 0.69100887 -0.72180218
-0.84945077 -0.43386671 -0.30032173 -0.30470666 0.86798942 -0.39210740
-0.85769325 -0.50367647 -0.10330686 -0.40835768 0.78939253 -0.45837048
-0.85296685 -0.51520944 -0.08370666 -0.38256222 0.72617072 -0.57124633
-0.84811360 -0.52286458 -0.08553366 -0.39075994 0.72633469 -0.56545967
-0.88840222 -0.45884433 0.01426374 -0.39889950 0.75621516 -0.51866925
-0.83242065 -0.54907292 -0.07479904 -0.28709176 0.54276836 -0.78929138
-0.95842618 -0.17934154 0.22193690 -0.28358909 0.51263726 -0.81041992
-0.81286323 -0.57485640 -0.09377390 -0.31578913 0.57024193 -0.75835443
-0.89629954 -0.44068336 0.04944982 -0.37045205 0.68279421 -0.62972808
-0.90994316 -0.40406671 0.09345373 -0.30247399 0.49240655 -0.81611598
-0.88060933 -0.47189540 0.04291825 -0.32106388 0.52761203 -0.78647542
-0.89161587 -0.43587828 0.12260270 -0.28269947 0.32437041 -0.90269870
-0.94205946 -0.25025579 0.22337425 -0.31322047 0.41789204 -0.85279500
-0.94427603 -0.21484058 0.24937183 -0.32335338 0.46385768 -0.82479006
-0.94388419 -0.20007041 0.26278239 -0.32728717 0.45978615 -0.82551789
-0.94431597 -0.19492450 0.26508841 -0.32640898 0.45326203 -0.82946414
-0.82860857 -0.55796927 -0.04558749 -0.25597253 0.45003015 -0.85554129
-0.77349955 -0.60718137 -0.18173948 -0.33664012 0.63654506 -0.69389045
-0.76375824 -0.61559463 -0.19420792 -0.33197489 0.63261878 -0.69970441
-0.73187494 -0.58317924 -0.35250688 -0.27123594 0.72385949 -0.63439620
-0.66636223 -0.71719110 -0.20395678 -0.20612228 0.44006178 -0.87399042
-0.70169842 -0.68772155 -0.18616793 -0.23881021 0.47320950 -0.84796369
-0.64412963 -0.42825195 -0.63379604 -0.10324681 0.86967611 -0.48270443
-0.59736001 -0.44485000 -0.66728526 -0.20180605 0.88866061 -0.41177267
-0.59532201 -0.43494487 -0.67558467 -0.13836904 0.88375080 -0.44703311
-0.70762980 -0.43775970 -0.55464083 -0.30465606 0.89727622 -0.31949985
-0.81342256 -0.43461937 -0.38658732 -0.32140023 0.88976878 -0.32405776
-0.83126181 -0.42781088 -0.35493886 -0.34465861 0.89762646 -0.27473137
-0.82799554 -0.42634255 -0.36421895 -0.38869214 0.90455502 -0.17521039
-0.52600682 -0.46248594 -0.71373922 -0.07207304 0.86044014 -0.50442863
-0.76888907 -0.51303470 -0.38158220 -0.16299240 0.73435503 -0.65890533
-0.65495640 -0.73163617 -0.18905178 -0.20283575 0.41121027 -0.88868660
-0.48474720 -0.19546394 -0.85253388 -0.05789234 0.97974235 -0.19171219
-0.70988381 -0.43650064 -0.55274963 -0.31273389 0.89854097 -0.30793133
-0.68753242 -0.38043699 -0.61851996 -0.35723451 0.91877705 -0.16802442
-0.41847548 -0.16942661 -0.89228523 -0.23364988 0.96946239 -0.07450081
-0.65322882 -0.28833449 -0.70011097 -0.47875583 0.87363714 0.08689685
0.44957092 -0.86154503 -0.23585212 -0.81546658 -0.28809884 -0.50200939
-0.65304929 -0.35821733 -0.66723835 -0.42360294 0.90311921 -0.07025871
-0.76628268 -0.37226903 -0.52366650 -0.50738341 0.85064018 0.13774425
0.47404939 -0.87051296 -0.13222845 -0.83491725 -0.39671952 -0.38147986
-0.81916374 -0.40720236 -0.40392703 -0.47142270 0.87914300 0.06977335
-0.79674476 -0.41481987 -0.43945682 -0.43298626 0.89914531 -0.06372366
-0.79493821 -0.42590821 -0.43205962 -0.28536922 0.89095342 -0.35322309
-0.81946981 -0.41157630 -0.39884117 -0.43101078 0.90125072 -0.04446154
0.47895283 -0.86495876 -0.14983527 -0.83959335 -0.40152913 -0.36586523
-0.82189965 -0.38313484 -0.42153138 -0.38618144 0.91876209 -0.08209910
0.42629462 -0.87764663 -0.21911030 -0.83057684 -0.28380564 -0.47916242
0.43615678 -0.86512035 -0.24765709 -0.85088336 -0.30692065 -0.42637694
0.44613254 -0.84337825 -0.29946452 -0.86186987 -0.31471318 -0.39766312
0.41157478 -0.88728946 -0.20814329 -0.83988571 -0.28059790 -0.46460399
0.42842820 -0.84924757 -0.30859011 -0.88677281 -0.32962397 -0.32400936
0.42020258 -0.86535585 -0.27310997 -0.90179092 -0.36472666 -0.23183548
-0.89825404 -0.39518631 -0.19226943 -0.40238720 0.91546798 -0.00173986
0.41552451 -0.88223618 -0.22135673 -0.90863794 -0.39152896 -0.14519675
0.40481398 -0.86871952 -0.28539824 -0.90848339 -0.41754860 -0.01763897
0.36970511 -0.90780824 -0.19799593 -0.91684741 -0.39099208 0.08072236
-0.96887124 -0.21859843 0.11620381 -0.19661433 0.96466684 0.17538734
0.33369601 -0.91945255 -0.20797628 -0.92983007 -0.35734114 0.08788319
0.33690742 -0.92869294 -0.15499327 -0.93433565 -0.35009134 0.06673032
0.34983352 -0.92906314 -0.12024225 -0.93669057 -0.34896082 -0.02893430
0.38458821 -0.91403794 -0.12894379 -0.91996473 -0.36804733 -0.13492993
0.34216091 -0.80136740 -0.49064878 -0.88718081 -0.44755074 0.11228804
0.41384709 -0.84970528 -0.32669798 -0.90374798 -0.42660993 -0.03526438
0.42302123 -0.86100566 -0.28235140 -0.90320933 -0.42562374 -0.05529371
0.41389552 -0.84299767 -0.34357738 -0.89666301 -0.44267359 0.00596091
0.41152701 -0.84121686 -0.35071310 -0.89106870 -0.45218715 0.03903103
0.36852735 -0.76122630 -0.53359371 -0.89589959 -0.44401416 0.01467748
0.37382716 -0.76025784 -0.53128272 -0.88075864 -0.47052416 0.05358379
0.42306885 -0.70753849 -0.56604069 -0.89072460 -0.43933958 -0.11657839
0.41154397 -0.68353039 -0.60284138 -0.87602890 -0.47913831 -0.05477196
0.43224880 -0.77672434 -0.45810506 -0.90016031 -0.40185213 -0.16800700
0.42862195 -0.80029756 -0.41929352 -0.90290600 -0.39602348 -0.16711125
0.42923567 -0.80885088 -0.40189183 -0.90312606 -0.38977093 -0.18011653
0.43079430 -0.80563837 -0.40664861 -0.88967317 -0.30357888 -0.34105951
0.43275195 -0.79196185 -0.43072298 -0.90085822 -0.36168054 -0.24008690
0.44003034 -0.76371038 -0.47235563 -0.88880682 -0.29540327 -0.35037041
0.43944779 -0.77054483 -0.46167779 -0.88413733 -0.28022733 -0.37386352
0.43393609 -0.79445809 -0.42489505 -0.87911725 -0.27019763 -0.39261454
0.43187779 -0.79974568 -0.41699946 -0.87631273 -0.26265675 -0.40384090
0.43034881 -0.80378282 -0.41077131 -0.87143606 -0.25129154 -0.42125040
0.43698487 -0.76501161 -0.47307664 -0.77903962 -0.05900261 -0.62419230
0.45090601 -0.73297101 -0.50934988 -0.83115578 -0.13678202 -0.53895342
-0.59835094 -0.01098166 -0.80115896 -0.36048600 0.89667809 0.25694039
0.42990133 -0.77351999 -0.46567339 -0.77397746 -0.05014667 -0.63122439
0.48681274 -0.64997482 -0.58356327 -0.81881797 -0.10688524 -0.56401485
0.49105191 -0.63572824 -0.59558171 -0.83559334 -0.15045373 -0.52834404
0.45384568 -0.71714538 -0.52889198 -0.87396431 -0.24246642 -0.42118472
0.47017601 -0.69670588 -0.54178917 -0.81147712 -0.09987285 -0.57578677
0.50918627 -0.58759022 -0.62886184 -0.85149217 -0.23758742 -0.46745408
0.50232869 -0.58955544 -0.63252699 -0.85587084 -0.23487669 -0.46077979
0.47800657 -0.64967626 -0.59112650 -0.87611216 -0.30457723 -0.37371150
0.47292352 -0.59190887 -0.65267706 -0.87974477 -0.35833386 -0.31248376
0.45019343 -0.70380777 -0.54952765 -0.88858551 -0.29247344 -0.35337666
0.48425195 -0.39423501 -0.78107548 -0.85607564 -0.39782375 -0.32995567
0.53018075 -0.49532142 -0.68816066 -0.84437811 -0.38218096 -0.37545094
0.53493446 -0.42341027 -0.73114222 -0.83113366 -0.10816997 -0.54545039
0.53197414 -0.46209237 -0.70955920 -0.82795876 -0.10825573 -0.55024087
0.58081847 -0.45219219 -0.67688417 -0.72492152 0.09095443 -0.68280017
0.52019453 -0.52477872 -0.67379898 -0.83612138 -0.15213251 -0.52702641
0.50898540 -0.60797942 -0.60933983 -0.76777017 -0.00059944 -0.64072514
0.45367190 -0.71730161 -0.52882916 -0.87404162 -0.24236155 -0.42108455
0.45170209 -0.64048105 -0.62108713 -0.89216793 -0.32531294 -0.31338161
0.43427995 -0.72422135 -0.53563458 -0.89912254 -0.38455224 -0.20904163
0.43078834 -0.73130214 -0.52878970 -0.90236199 -0.35737538 -0.24088532
0.42941013 -0.69497168 -0.57673329 -0.90034425 -0.37936959 -0.21321090
0.40485194 -0.81794852 -0.40872395 -0.90306169 -0.42779100 -0.03840072
0.41226885 -0.82064730 -0.39569211 -0.90553319 -0.41687801 -0.07888281
0.42485139 -0.85198885 -0.30596778 -0.90501225 -0.39178148 -0.16571100
0.40387031 -0.88665533 -0.22523567 -0.91214675 -0.37150022 -0.17313565
0.42178807 -0.85371381 -0.30539751 -0.90642035 -0.38873959 -0.16517796
0.42646831 -0.83556336 -0.34635055 -0.89162672 -0.32397550 -0.31629363
0.41965029 -0.83825940 -0.34815922 -0.86601311 -0.25487182 -0.43018794
-0.86051780 -0.38444039 -0.33423749 -0.43389159 0.89690226 0.08546597
-0.89718813 -0.41497254 -0.15116665 -0.41388798 0.90944493 -0.04008343
-0.87914586 -0.42559865 -0.21440247 -0.41738886 0.90478522 -0.08455902
-0.86210912 -0.42623594 -0.27402717 -0.33319476 0.88426936 -0.32718349
-0.91539282 -0.39327839 0.08595411 -0.40254194 0.89636028 -0.18573713
-0.89737487 -0.43768981 0.05608894 -0.43678907 0.86299318 -0.25388598
-0.89976102 -0.43153185 0.06488814 -0.39490625 0.74191815 -0.54185474
-0.93416214 -0.30527872 0.18478663 -0.34803224 0.66501915 -0.66077459
-0.93850517 -0.22654510 0.26054829 -0.34195897 0.71408504 -0.61085737
-0.93769884 -0.27054402 0.21800658 -0.34514624 0.65318644 -0.67395967
