0.92780852 0.27855101 0.24815466 -0.24472682 0.95651793 -0.15868892
0.90498412 0.28807452 0.31307650 -0.23667686 0.95239002 -0.19219106
0.84539849 0.29775849 0.44344258 -0.30121154 0.95136845 -0.06457265
0.83662730 0.29629934 0.46071842 -0.28159851 0.95407128 -0.10222660
0.79257858 0.29981813 0.53096920 -0.33849826 0.94061190 -0.02585088
0.84276092 0.31414020 0.43711546 -0.38366193 0.92013705 0.07843063
0.89604104 0.27062777 0.35195330 -0.30203924 0.95259714 0.03648299
0.90530407 0.26164538 0.33461356 -0.28355873 0.95879591 0.01745998
-0.24107176 0.95193249 0.18896800 -0.96112710 -0.20716643 -0.18252905
0.94450325 0.20677340 0.25526151 -0.15751921 0.96696025 -0.20043860
0.97495115 0.19145960 0.11319644 -0.19363995 0.98103601 0.00848749
0.97416693 0.19299872 0.11726191 -0.19852407 0.97938550 0.03731349
-0.14830735 0.96812123 -0.20185712 -0.98316711 -0.16636235 -0.07553867
-0.15421107 0.97476435 -0.16141099 -0.98303914 -0.16778195 -0.07404897
-0.14879961 0.96427888 -0.21914583 -0.98886710 -0.14526565 0.03224532
-0.14477842 0.96473318 -0.21983895 -0.98946398 -0.14126816 0.03169114
-0.13438189 0.97237664 -0.19085369 -0.98452586 -0.10915289 0.13709323
-0.14295582 0.95718616 -0.25171065 -0.98172033 -0.10484839 0.15884596
-0.14433540 0.95053691 -0.27503985 -0.98359400 -0.10742023 0.14492653
-0.14328697 0.94230235 -0.30254787 -0.98876435 -0.12314543 0.08473638
-0.13925262 0.92935663 -0.34191367 -0.98891371 -0.11253368 0.09688091
-0.13332638 0.80665588 -0.57578683 -0.99058783 -0.12662667 0.05197643
-0.14533125 0.92972434 -0.33836606 -0.98753786 -0.15719047 -0.00775408
-0.13812187 0.91741240 -0.37319821 -0.96467310 -0.20996699 -0.15912160
-0.16702463 0.95949578 -0.22687128 -0.97562343 -0.19406039 -0.10246761
0.95164436 0.23487328 0.19800909 -0.17747626 0.94645023 -0.26969251
-0.14158657 0.92774767 -0.34530792 -0.98789263 -0.15476644 -0.01074953
-0.14628389 0.95102620 -0.27230528 -0.98752791 -0.15658937 -0.01638296
-0.14646098 0.95000374 -0.27575713 -0.98918182 -0.13831666 0.04886618
0.93264771 0.02186233 -0.36012548 -0.11669430 0.96278822 -0.24376470
-0.12775290 0.97708768 -0.17023191 -0.98287541 -0.10174225 0.15363789
-0.12459900 0.98265266 -0.13736410 -0.98166317 -0.10195839 0.16106513
-0.12066978 0.99058443 -0.06466355 -0.99038637 -0.11569602 0.07582386
0.99023509 0.09880647 -0.09834495 -0.10148119 0.99458152 -0.02256490
-0.10562095 0.99067479 -0.08606772 -0.99439597 -0.10562184 0.00455634
0.99212199 0.11051720 0.05899109 -0.11167050 0.99360639 0.01661521
-0.12188812 0.97862142 0.16566047 -0.98967487 -0.13251217 0.05462755
-0.12374046 0.97504228 0.18433914 -0.98399615 -0.14457054 0.10416798
0.96802747 0.14484985 -0.20479599 -0.11815944 0.98348552 0.13709320
0.96167094 0.14753340 -0.23113401 -0.11780011 0.98345572 0.13761559
0.92823958 0.16035357 -0.33564582 -0.11386151 0.98148626 0.15401383
0.94459307 0.14001986 -0.29688099 -0.16052978 0.98597056 -0.04574180
0.95254600 0.13602118 -0.27231318 -0.12423712 0.99042821 0.06014262
0.93469930 0.13301091 -0.32961389 -0.12064691 0.99101222 0.05778537
0.88723451 0.14677055 -0.43734819 -0.10432566 0.98731446 0.11969265
0.85457265 0.14990558 -0.49722627 -0.09526989 0.98643786 0.13365649
0.77599812 0.14615254 -0.61356854 -0.09974150 0.98897773 0.10942930
0.83980155 0.08794447 -0.53572309 -0.10060541 0.99491054 0.00561539
0.85445946 0.08553713 -0.51242793 -0.10128279 0.99485368 -0.00282014
0.89334720 0.09172130 -0.43990681 -0.10313015 0.99466580 -0.00204359
0.86913317 0.08327582 -0.48751691 -0.10857052 0.99380386 -0.02379901
0.90253329 0.03546875 -0.42915696 -0.10188495 0.98589420 -0.13278623
0.87166983 0.00067431 -0.49009311 -0.10002324 0.97919601 -0.17655207
0.91131896 0.00390015 -0.41168267 -0.14604437 0.93798780 -0.31440410
-0.10634828 0.94184887 -0.31876442 -0.98183489 -0.04880859 0.18335220
0.72055495 -0.01305148 -0.69327503 -0.07511604 0.99246961 -0.09675588
0.75094253 -0.00716064 -0.66032881 -0.07721332 0.99213034 -0.09856763
0.68433541 -0.08404675 -0.72430742 -0.10863551 0.97049677 -0.21525419
0.69772601 -0.12159862 -0.70596904 -0.09859169 0.95981044 -0.26276165
0.69775277 -0.12763956 -0.70487535 -0.09536750 0.95868611 -0.26800370
0.78017277 -0.17328724 -0.60108405 -0.12999721 0.89498061 -0.42674398
0.78503042 -0.16942632 -0.59583724 -0.19355868 0.84661841 -0.49575433
-0.15850686 0.79125732 -0.59058231 -0.98036104 -0.05504273 0.18937407
0.85900348 -0.09873927 -0.50235808 -0.10204140 0.92851925 -0.35698685
-0.14749275 0.83531499 -0.52961761 -0.94274253 0.04321929 0.33070916
-0.14494140 0.84374535 -0.51680344 -0.95094961 0.02547677 0.30829495
-0.14536135 0.81224906 -0.56490850 -0.97950226 -0.03767059 0.19787963
-0.13618994 0.86725426 -0.47887617 -0.98282695 -0.05752343 0.17533490
-0.12316123 0.90370744 -0.41005379 -0.99121273 -0.09193071 0.09511072
-0.13428858 0.87941074 -0.45673111 -0.98048276 -0.05112656 0.18984124
-0.13169408 0.85347342 -0.50422204 -0.99112892 -0.10418448 0.08251745
-0.13124423 0.86617517 -0.48219872 -0.99131972 -0.11086118 0.07067580
-0.13214126 0.88356882 -0.44927147 -0.99052858 -0.13476425 0.02630082
-0.12787190 0.86102909 -0.49221712 -0.98854023 -0.15079670 -0.00697626
-0.12667143 0.84823662 -0.51424611 -0.98863292 -0.15028621 -0.00436899
-0.12594107 0.80377126 -0.58145559 -0.99067789 -0.13257879 0.03130766
-0.12691697 0.79490173 -0.59331560 -0.99182135 -0.10984636 0.06499387
-0.14113264 0.91360313 -0.38132784 -0.98555124 -0.16609594 -0.03317970
-0.13172407 0.83561045 -0.53329539 -0.99112099 -0.10119146 0.08625212
-0.12989643 0.92919761 -0.34600386 -0.99019808 -0.10350241 0.09378216
-0.13218786 0.90386873 -0.40687561 -0.98870927 -0.09100769 0.11904455
-0.11537975 0.95649564 -0.26796207 -0.98065746 -0.06674680 0.18399982
-0.11240455 0.95880473 -0.26088062 -0.96891689 -0.04753293 0.24277717
0.93330598 -0.01124717 -0.35890594 -0.10815546 0.94428825 -0.31084105
-0.09818657 0.92975324 -0.35484976 -0.99437028 -0.10593366 -0.00241888
0.98329484 0.07056414 -0.16778539 -0.08993671 0.98976380 -0.11081099
-0.12726778 0.90300447 -0.41034859 -0.96303564 -0.01347114 0.26903689
-0.15347600 0.72351402 -0.67303246 -0.98268867 -0.04022681 0.18084484
-0.13719521 0.87622786 -0.46195495 -0.96405631 -0.01098832 0.26547098
0.58426732 0.07870980 -0.80773544 -0.13589148 0.99072218 -0.00175478
0.58401603 0.09343480 -0.80634689 -0.14085317 0.98994917 0.01269327
0.46822980 0.08454999 -0.87955230 -0.08830661 0.99490571 0.04862869
0.77131730 0.09990826 -0.62856030 -0.10213815 0.99423277 0.03269560
0.72869861 0.10213730 -0.67717528 -0.09617292 0.99427909 0.04647528
0.90222114 0.12939517 -0.41140488 -0.05810743 0.98170328 0.18133453
0.65571862 0.18586984 -0.73176879 -0.04100074 0.97655940 0.21130720
0.88948321 0.11614554 -0.44196150 -0.08816243 0.99260706 0.08341879
0.50755942 0.22296362 -0.83226842 -0.05504482 0.97235578 0.22692372
0.54635644 0.21571797 -0.80929619 -0.08356801 0.97548157 0.20359792
0.55843681 0.21601555 -0.80092806 -0.08248721 0.97517508 0.20549797
0.61929709 0.21462478 -0.75525320 -0.06908599 0.97307843 0.21987589
0.61617243 0.24323663 -0.74911118 -0.12879954 0.96943265 0.20883261
0.72656071 0.23118922 -0.64704031 -0.07989748 0.96373302 0.25462756
0.77878875 0.21974196 -0.58753860 -0.08141221 0.96412069 0.25267258
0.84719551 0.20509070 -0.49009952 -0.09455874 0.96596533 0.24076901
0.84655184 0.21287525 -0.48788744 -0.10140134 0.96426129 0.24478160
0.86779159 0.21487768 -0.44806844 -0.06984092 0.94546509 0.31814787
0.84197652 0.23183568 -0.48716304 -0.07196412 0.94315755 0.32446113
0.74570131 0.25701809 -0.61471236 -0.06949020 0.94757271 0.31189284
0.70317793 0.25214663 -0.66480291 -0.07076126 0.95518243 0.28743595
0.55747545 0.28049144 -0.78137422 -0.06490857 0.95304042 0.29580542
0.55645567 0.28137404 -0.78178376 -0.06625982 0.95294452 0.29581481
0.45652425 0.28866929 -0.84157926 -0.07680406 0.95515734 0.28596437
0.35874981 0.28857413 -0.88770694 -0.11343247 0.95744193 0.26540181
0.26133326 0.28983930 -0.92070526 -0.12019627 0.95620030 0.26689664
-0.06621073 -0.95477903 -0.28985021 0.11096106 0.28164041 -0.95308256
0.19928591 0.29824179 -0.93345433 -0.00918736 0.95308816 0.30255345
0.51242101 0.24763802 -0.82225311 0.09247915 0.93603504 0.33953795
-0.21297467 -0.91853178 -0.33307832 0.32218450 0.25581065 -0.91145933
-0.06315438 -0.95297426 -0.29639772 0.11714292 0.28785917 -0.95048130
0.29944837 0.29563171 -0.90715629 -0.03202061 0.95336378 0.30012032
0.32852304 0.29248551 -0.89806730 -0.04541362 0.95463479 0.29429582
0.20437224 0.29582492 -0.93312359 -0.10602601 0.95432502 0.27932459
0.39144215 0.28797972 -0.87397981 -0.05761430 0.95557535 0.28906119
0.44362745 0.29233074 -0.84719390 -0.01866822 0.94811511 0.31737882
0.54037714 0.28017050 -0.79340851 0.10527152 0.91301638 0.39410540
0.69634700 0.26558992 -0.66675550 0.10208857 0.88290966 0.45831043
0.71193540 0.26435745 -0.65058678 -0.02850409 0.93655336 0.34936434
0.71280670 0.26336426 -0.65003538 -0.02753881 0.93661547 0.34927508
-0.05455474 0.87282497 0.48497465 -0.93425500 -0.21603808 0.28371665
0.72631580 0.23887956 -0.64451689 -0.07611497 0.95985317 0.26997867
0.53099817 0.27417448 -0.80179131 -0.06328169 0.95639670 0.28513294
0.68450099 0.20520000 -0.69953656 -0.10704151 0.97745794 0.18198384
0.53562319 0.14174005 -0.83247679 -0.07791182 0.98990291 0.11841474
0.60081780 0.13956730 -0.78710800 -0.12271146 0.98907298 0.08171050
0.53773534 0.24969921 -0.80528939 0.01654437 0.95182836 0.30618474
0.86394101 0.15363576 -0.47958517 0.00068170 0.95196933 0.30619267
0.85902631 0.14615375 -0.49062499 0.00802241 0.95441937 0.29836109
0.85923034 0.14864866 -0.48951694 -0.01663645 0.96446866 0.26367304
0.91432065 0.12541954 -0.38508150 -0.06228213 0.98307306 0.17230313
0.60760820 0.08005577 -0.79019201 -0.14017735 0.99009818 -0.00747900
0.61756378 0.09637320 -0.78059423 -0.11529675 0.99283594 0.03136031
0.74412739 0.15403019 -0.65003783 -0.09832600 0.98771113 0.12148564
0.86006266 0.16676198 -0.48216462 -0.09662130 0.98120886 0.16701341
0.93013346 0.10972369 -0.35044608 -0.11354565 0.99348551 0.00969134
0.96614534 0.13215987 -0.22157837 -0.14622203 0.98807514 -0.04823503
0.90663391 0.17082363 -0.38579053 -0.10598740 0.97726250 0.18364303
0.93744463 0.16010250 -0.30913571 -0.07235243 0.95818764 0.27684227
-0.09614181 0.96059883 0.26078099 -0.98165196 -0.13484851 0.13481623
0.85345787 0.25322133 -0.45550931 -0.09353985 0.93426067 0.34410369
0.88442206 0.24890630 -0.39476997 -0.06304506 0.90186548 0.42739215
0.91888398 0.22398198 -0.32478347 -0.06139567 0.89437300 0.44308874
-0.09031790 0.89655775 0.43362075 -0.96399534 -0.18804719 0.18801941
-0.08472003 0.88331902 0.46105313 -0.98055303 -0.15611860 0.11892349
-0.08421734 0.88200545 0.46365276 -0.98086113 -0.15535617 0.11737119
-0.04448316 0.76636517 0.64086330 -0.97798431 -0.16432565 0.12862280
-0.08439176 0.83767891 0.53960365 -0.95212597 -0.22747892 0.20422898
-0.02937454 0.70082498 0.71272820 -0.99762571 -0.06498969 0.02278793
-0.03151183 0.70295721 0.71053368 -0.99695069 -0.07288047 0.02788905
-0.03159289 0.76791579 0.63977122 -0.99949706 -0.02251728 -0.02232927
-0.03862799 0.80770874 0.58831501 -0.99912781 -0.02187556 -0.03556804
-0.05664216 0.87713957 0.47688344 -0.99839455 -0.04985242 -0.02689062
-0.04373644 0.76573759 0.64166427 -0.99216062 0.04196955 -0.11771144
-0.02130566 0.83717269 0.54652357 -0.98454177 0.07748711 -0.15707722
-0.07867246 0.86465335 0.49617055 -0.99593925 -0.04631808 -0.07719906
-0.08171980 0.93418604 0.34730160 -0.99497020 -0.05621222 -0.08291376
-0.08353958 0.90563267 0.41575313 -0.99645501 -0.08007453 -0.02579735
-0.08930272 0.91669053 0.38949144 -0.99550778 -0.06980072 -0.06397033
-0.09436815 0.92921013 0.35729998 -0.99507445 -0.07709630 -0.06231371
-0.10451977 0.96287781 0.24888170 -0.99332786 -0.11333659 0.02132286
-0.10230333 0.93424821 0.34163472 -0.98620641 -0.14017870 0.08801652
-0.10490302 0.91543144 0.38856223 -0.99345195 -0.11424693 0.00094996
-0.10388163 0.93330169 0.34373933 -0.99224710 -0.12095726 0.02854884
-0.10454543 0.92994720 0.35251749 -0.99380654 -0.11111234 -0.00161504
-0.11449703 0.97035253 0.21285316 -0.99325591 -0.10788275 -0.04247320
-0.11911692 0.96754837 0.22284839 -0.98645675 -0.08983735 -0.13723102
-0.11582042 0.98354590 0.13864733 -0.98756963 -0.09909488 -0.12201012
0.97086072 0.14417499 0.19142383 -0.14501949 0.98938155 -0.00966613
-0.23174711 0.89978099 0.36971274 -0.96698493 -0.17167211 -0.18833181
0.96867579 0.18472901 0.16595902 -0.19822845 0.97774535 0.06869866
0.96720576 0.17717877 0.18199100 -0.19832158 0.97446436 0.10529873
0.97248989 0.17569263 0.15295625 -0.17819560 0.98399144 0.00270252
0.98065633 0.17470892 0.08826141 -0.17346987 0.98460275 -0.02157876
0.98233795 0.16744260 0.08351704 -0.16578986 0.98580784 -0.02639619
0.98364246 0.15194765 0.09674441 -0.15008587 0.98832363 -0.02628192
-0.14451428 0.98612320 -0.08171098 -0.98941106 -0.14513126 -0.00163106
0.98922271 0.14405651 0.02619456 -0.14440437 0.98944718 0.01190185
-0.11907990 0.99096489 0.06171376 -0.99288249 -0.11898033 -0.00529894
-0.16208541 0.96491963 0.20653930 -0.96260703 -0.10857158 -0.24819349
-0.12259228 0.96160638 0.24552867 -0.97206956 -0.06645410 -0.22508802
-0.06491371 0.93223578 0.35598123 -0.97030550 0.02433159 -0.24065568
0.84501731 0.30837578 0.43686399 -0.41551438 0.89289826 0.17343765
0.02718825 0.90228426 0.43028361 -0.92565840 0.18522611 -0.32992095
0.74660909 0.31443724 0.58626282 -0.47170347 0.87163502 0.13322285
0.72103935 0.30001134 0.62457621 -0.49648902 0.85246927 0.16369133
0.69225514 0.28569609 0.66269189 -0.50670439 0.84628773 0.16446191
0.05959256 0.71815658 0.69332522 -0.83497500 0.41649806 -0.35964727
0.04732639 0.70329529 0.70932084 -0.83858156 0.41379857 -0.35433266
-0.01166184 0.78431547 0.62025267 -0.92150325 0.23238231 -0.31117553
-0.00032000 0.88108790 0.47295251 -0.92118454 0.18377832 -0.34299347
-0.00556059 0.89022791 0.45548141 -0.96477461 0.11502812 -0.23659790
0.00300802 0.89547253 0.44510660 -0.96502650 0.11927858 -0.23344493
-0.02332474 0.85037059 0.52566701 -0.95923400 0.12909773 -0.25140402
-0.03565045 0.82751667 0.56030816 -0.97336024 0.09831528 -0.20713291
-0.04475375 0.80715013 0.58864748 -0.97861475 0.08300106 -0.18821280
-0.04476509 0.91348761 0.40439647 -0.98483253 0.02757365 -0.17130290
-0.00802663 0.78117508 0.62426054 -0.92230719 0.23543033 -0.30646709
0.01851500 0.74421084 0.66768813 -0.92122406 0.27224496 -0.27790102
0.00860648 0.72270596 0.69110209 -0.95956206 0.20043558 -0.19765173
0.00763053 0.70616800 0.70800322 -0.95992178 0.20354149 -0.19266832
-0.00411951 0.65337974 0.75701916 -0.97349960 0.17047633 -0.15243486
-0.00838201 0.71061331 0.70353287 -0.99175459 0.08406451 -0.09672646
-0.01270565 0.49795398 0.86711037 -0.99453342 0.08359120 -0.06257654
-0.00862862 0.53440762 0.84518290 -0.99993622 0.00155092 -0.01118917
-0.00357759 0.45382860 0.89108187 -0.99967664 0.02081063 -0.01461245
-0.00688159 0.30070168 0.95369345 -0.99970686 -0.02420850 0.00041938
-0.00379630 0.32971284 0.94407362 -0.99982888 -0.01834432 0.00238616
-0.98933536 0.14534567 -0.00950026 0.02598173 0.11192142 -0.99337739
-0.98973513 0.14286757 0.00363945 -0.01869030 -0.10414839 -0.99438620
0.00330319 -0.38607761 0.92246038 -0.99987775 0.01282597 0.00894847
0.00030180 0.22844142 0.97355759 -0.99799865 -0.06149373 0.01473863
0.00158169 0.30930176 0.95096266 -0.98942244 -0.13745740 0.04635385
-0.01475585 0.48675093 0.87341619 -0.96697110 -0.22924341 0.11141992
-0.02276040 0.50094789 0.86517817 -0.94055688 -0.30406681 0.15131468
-0.01065726 0.46204707 0.88679141 -0.99416363 0.09031662 -0.05900552
-0.96512032 0.24529897 -0.09149453 0.07199661 -0.08732702 -0.99357462
0.00382623 0.53558612 0.84447193 -0.98245817 0.15946233 -0.09668374
-0.95783883 0.27330571 -0.08859310 0.02959786 -0.21285051 -0.97663641
-0.93203443 0.34351200 -0.11537518 0.10222924 -0.05620247 -0.99317199
-0.88421017 0.44889563 -0.12909332 0.11152931 -0.06548017 -0.99160153
-0.87453914 0.46454498 -0.13920949 -0.06378479 -0.39474747 -0.91657293
-0.87389028 0.46588674 -0.13879941 -0.05927649 -0.38551635 -0.92079502
-0.04657631 0.55350721 0.83154100 -0.89882350 0.33997536 -0.27664629
-0.03194360 0.58131993 0.81304783 -0.88464695 0.36214429 -0.29368570
-0.82932216 0.52798581 -0.18290934 0.08592537 -0.20294541 -0.97541279
-0.76712275 0.61142075 -0.19413252 -0.00223100 -0.30516359 -0.95229733
-0.73120636 0.65014166 -0.20652619 0.06299392 -0.23710680 -0.96943909
-0.68908828 0.69444746 -0.20712344 -0.12819986 -0.39812544 -0.90832865
-0.68790317 0.69818974 -0.19829355 -0.23630434 -0.47376511 -0.84835541
0.55274695 0.18422209 0.81273192 -0.51661068 0.84100050 0.16072224
0.64296705 0.25833887 0.72100931 -0.51364428 0.84375226 0.15572941
0.63499463 0.24873269 0.73137814 -0.51042539 0.84573942 0.15553416
0.70655650 0.28544441 0.64753330 -0.42268819 0.90410566 0.06267044
0.76089233 0.31385154 0.56792611 -0.45744520 0.88020134 0.12644954
-0.04471215 0.50820994 0.86007178 -0.96420592 0.20328291 -0.17024407
0.00107843 0.66330999 0.74834394 -0.95366156 0.22584380 -0.19880696
-0.01330376 0.60914052 0.79295081 -0.88658494 0.35951912 -0.29105532
0.02948398 0.67216855 0.73981094 -0.83636326 0.42190129 -0.34999409
0.58367628 0.20233202 0.78637379 -0.45643398 0.88272309 0.11166000
0.75788623 0.31237188 0.57274103 -0.45157152 0.88479513 0.11498167
0.84177023 0.32413083 0.43169686 -0.41579857 0.89929849 0.13555002
0.00019330 0.88261563 0.47009546 -0.92038828 0.18396696 -0.34502402
-0.03630631 0.92244405 0.38442028 -0.97276181 0.05550643 -0.22506353
0.84954476 0.30970293 0.42703369 -0.40312082 0.90328407 0.14687237
-0.11688475 0.98400038 0.13446684 -0.99224859 -0.10995104 -0.05790904
-0.12016334 0.96489888 0.23351853 -0.98543024 -0.08741057 -0.14589944
-0.09415738 0.94157779 0.32336628 -0.99048185 -0.05584175 -0.12580726
-0.08464733 0.92480010 0.37091723 -0.98932302 -0.03368281 -0.14179359
-0.07631095 0.85691231 0.50978231 -0.99687845 -0.05518576 -0.05646214
-0.01229174 0.84893817 0.52834928 -0.97635329 0.10386190 -0.18959695
-0.03713039 0.77174520 0.63484699 -0.99220800 0.04713628 -0.11533213
-0.01714927 0.68817860 0.72533864 -0.98989820 0.09042767 -0.10919923
-0.02277824 0.61143577 0.79096615 -0.99911982 -0.04179956 0.00353942
-0.04565186 0.68697870 0.72524214 -0.98366088 -0.15747648 0.08724955
-0.06455932 0.84169072 0.53608668 -0.99782443 -0.04725325 -0.04597436
-0.09000884 0.90890706 0.40716884 -0.99159217 -0.11994822 0.04855413
-0.10340142 0.93036020 0.35176447 -0.96714211 -0.17662868 0.18286218
-0.10523317 0.93584776 0.33632573 -0.96185619 -0.18166138 0.20452853
-0.12378348 0.95729429 0.26127633 -0.96563613 -0.17684351 0.19045551
-0.02547346 0.71396744 0.69971544 -0.93440145 -0.26578248 0.23717871
0.74430019 0.41178524 -0.52578521 -0.11080943 0.85251904 0.51081562
0.89272571 0.19336946 -0.40700021 -0.08646248 0.95996588 0.26643923
0.96616584 0.14370577 -0.21417820 -0.11838161 0.98484278 0.12676978
-0.12289592 0.96539551 0.23001772 -0.98017460 -0.15437116 0.12420677
-0.11528671 0.97261792 0.20180038 -0.99323833 -0.11007806 -0.03688436
-0.11616300 0.99124575 0.06275372 -0.99321610 -0.11626586 -0.00202276
-0.13419692 0.98667949 -0.09194976 -0.99091566 -0.13443643 0.00361239
-0.13830096 0.99016225 -0.02125249 -0.99030018 -0.13796718 0.01644929
-0.14687137 0.96138197 -0.23275185 -0.98915392 -0.14318490 0.03275165
-0.14179823 0.98174840 -0.12674156 -0.98989290 -0.14092992 0.01583783
-0.15392378 0.97034162 -0.18639901 -0.98187619 -0.17132172 -0.08104383
-0.14426839 0.98469996 -0.09773812 -0.98928380 -0.14576739 -0.00833596
0.97497076 0.17469454 0.13752766 -0.15228602 0.97539735 -0.15940191
0.96771926 0.21588263 0.13005434 -0.22572596 0.97193599 0.06624387
0.93200594 0.24199137 0.26982450 -0.23000368 0.97024125 -0.07569832
0.94549716 0.18933766 0.26492706 -0.20910782 0.97670120 0.04825679
0.94272345 0.20025232 0.26677987 -0.22118457 0.97392094 0.05055076
0.85298145 0.31493556 0.41621906 -0.35077086 0.93640453 0.01031641
0.68626136 0.27563074 0.67310703 -0.31107247 0.94773519 -0.07093661
0.90622848 0.26331168 0.33078241 -0.27490732 0.96139401 -0.01214525
0.93269414 0.24764957 0.26220492 -0.20326683 0.96147591 -0.18505871
