-0.61494207 -0.02301952 0.78823632 0.27348432 0.93131036 0.24055642
-0.28897151 -0.91258198 -0.28929153 -0.88104117 0.13529290 0.45327950
-0.29562646 -0.90655029 -0.30128327 -0.89959180 0.15805174 0.40712932
-0.31027502 -0.89722371 -0.31419602 -0.89534211 0.16471672 0.41380072
-0.31763825 -0.88777620 -0.33310577 -0.88435608 0.15062895 0.44184315
-0.32048267 -0.88757122 -0.33092016 -0.88417161 0.15493767 0.44072095
-0.79831868 0.09152535 0.59523982 0.34753740 0.87721604 0.33122465
-0.33921134 -0.87651801 -0.34154353 -0.87569880 0.16159303 0.45501590
-0.34799600 -0.86875141 -0.35237744 -0.88505077 0.18048386 0.42908129
-0.32542592 -0.88109481 -0.34317625 -0.90480274 0.18474853 0.38366657
-0.31487545 -0.88626647 -0.33968407 -0.90970349 0.17972234 0.37435204
-0.31206873 -0.88948005 -0.33382383 -0.90715784 0.17458047 0.38286591
-0.26979169 -0.90980023 -0.31539840 -0.92987472 0.16109094 0.33073071
-0.26292402 -0.91266847 -0.31290144 -0.93551338 0.16183782 0.31404352
-0.25852954 -0.91560817 -0.30793533 -0.93492246 0.15694764 0.31825686
-0.26358759 -0.91458571 -0.30668330 -0.93510598 0.16419920 0.31403106
-0.25748056 -0.91979760 -0.29610157 -0.92580366 0.14706117 0.34822491
-0.26201952 -0.91900289 -0.29458362 -0.90470600 0.12765299 0.40646255
-0.25067598 -0.92865956 -0.27341008 -0.94259727 0.16977935 0.28755072
-0.24388310 -0.93644571 -0.25217161 -0.94432366 0.17009296 0.28164044
-0.23704934 -0.94345587 -0.23172964 -0.93127090 0.15274687 0.33076125
-0.25405726 -0.92734933 -0.27473304 -0.91671747 0.14031950 0.37408498
-0.24008740 -0.93606341 -0.25718346 -0.94293576 0.16190882 0.29096007
-0.23060718 -0.94175518 -0.24478059 -0.95991635 0.17899209 0.21569075
-0.22871859 -0.94203311 -0.24548207 -0.96051079 0.17733179 0.21441197
-0.23045422 -0.93777514 -0.25974739 -0.96149158 0.17836802 0.20909050
-0.23522383 -0.93094182 -0.27931553 -0.96070272 0.17912035 0.21205232
-0.22837625 -0.93161654 -0.28272760 -0.96405292 0.17588513 0.19916444
-0.22991006 -0.92917663 -0.28943413 -0.96518707 0.17958419 0.19016698
-0.23575854 -0.92484599 -0.29845899 -0.96417964 0.18418851 0.19087242
-0.24911927 -0.91253710 -0.32436970 -0.95968926 0.18759574 0.20929520
-0.25462848 -0.91200012 -0.32159001 -0.95853484 0.19401875 0.20872900
-0.26058450 -0.90902799 -0.32521346 -0.95531821 0.19410457 0.22291385
-0.27374351 -0.90187162 -0.33420375 -0.95020181 0.19978416 0.23917118
-0.27462742 -0.90308964 -0.33016497 -0.94310844 0.18605611 0.27555338
-0.31368572 -0.88390142 -0.34687105 -0.92110538 0.19455558 0.33721364
-0.32490766 -0.87732649 -0.35317600 -0.92112041 0.20889232 0.32848316
-0.30988434 -0.88538778 -0.34649715 -0.93749768 0.22385293 0.26643559
-0.28691208 -0.89427888 -0.34343392 -0.94697541 0.21064182 0.24262653
-0.26435223 -0.89737827 -0.35331303 -0.95604753 0.19565217 0.21838793
-0.25210923 -0.89230901 -0.37446707 -0.96044993 0.18345118 0.20947945
-0.30029640 -0.87901133 -0.37035277 -0.94452393 0.21988107 0.24398135
-0.30184546 -0.87371612 -0.38145697 -0.94195563 0.21162665 0.26064116
-0.34351501 -0.86062545 -0.37592736 -0.92518711 0.24135336 0.29287779
-0.36480802 -0.85417086 -0.37054998 -0.91309977 0.25036901 0.32181406
-0.36051682 -0.85695952 -0.36830410 -0.91204405 0.24112675 0.33171320
-0.33692399 -0.87078261 -0.35807803 -0.92239738 0.22899036 0.31104106
-0.36552623 -0.85464054 -0.36875495 -0.90435058 0.23230787 0.35802671
-0.36117607 -0.85985273 -0.36083958 -0.90390372 0.22773586 0.36206979
-0.38139725 -0.85063064 -0.36188912 -0.88821673 0.22874227 0.39843196
-0.38891703 -0.84547907 -0.36593550 -0.88802326 0.23829013 0.39323348
-0.41270676 -0.83387738 -0.36649927 -0.87311774 0.24753767 0.41998875
-0.42844519 -0.81308156 -0.39412326 -0.87504035 0.26462880 0.40530986
-0.42113841 -0.82302254 -0.38115135 -0.86880857 0.24540240 0.43005735
-0.40337116 -0.82569283 -0.39436415 -0.89219737 0.25921103 0.36985603
-0.41322964 -0.81533206 -0.40555522 -0.88786221 0.26177821 0.37838203
-0.41196522 -0.81710362 -0.40326962 -0.88761240 0.25981450 0.38031650
-0.38266313 -0.82455039 -0.41675606 -0.90285933 0.23805079 0.35801792
-0.27458072 -0.85189527 -0.44595957 -0.94859612 0.16407149 0.27063996
-0.18639435 -0.86229372 -0.47085753 -0.97006547 0.08559532 0.22725862
-0.19230489 -0.85212797 -0.48672035 -0.96952295 0.08825232 0.22855376
-0.06133426 -0.85301322 -0.51827276 -0.98879308 -0.01888148 0.14809391
-0.05520513 -0.87799847 -0.47546935 -0.98722792 -0.02327600 0.15760501
-0.13383658 -0.83861697 -0.52802396 -0.97906256 0.02942848 0.20142113
-0.18728918 -0.83053064 -0.52453947 -0.96838564 0.06653261 0.24042194
-0.43185768 -0.73316169 -0.52533126 -0.88139647 0.21943887 0.41831437
-0.43249464 -0.75353998 -0.49510193 -0.88046873 0.23468335 0.41194496
-0.42607087 -0.75712579 -0.49520129 -0.88207698 0.22604477 0.41333294
-0.17380257 -0.79438514 -0.58201802 -0.97295111 0.04718531 0.22614092
0.01488031 -0.80532873 -0.59264171 -0.99174720 -0.08737245 0.09382742
0.03378434 -0.81529886 -0.57805407 -0.99197590 -0.09785923 0.08004660
0.02986447 -0.81545174 -0.57805419 -0.99210328 -0.09466168 0.08228192
0.00508677 -0.83345902 -0.55255795 -0.99164408 -0.07543302 0.10465158
0.04193652 -0.85387671 -0.51878309 -0.99363238 -0.08999090 0.06779644
0.04884504 -0.85080236 -0.52321088 -0.99322730 -0.09666441 0.06446365
0.04540129 -0.84942120 -0.52575880 -0.99381894 -0.09177740 0.06245640
0.05550848 -0.84287989 -0.53523111 -0.99196768 -0.10757785 0.06653685
0.09026980 -0.86393237 -0.49545151 -0.99283940 -0.11714691 0.02337986
0.11247972 -0.86684763 -0.48571965 -0.99089098 -0.13428122 0.01018327
0.10224968 -0.83913237 -0.53423017 -0.99259597 -0.12146036 0.00080244
0.07571068 -0.89175159 -0.44614694 -0.99255615 -0.11020453 0.05183937
0.07309050 -0.87020034 -0.48724651 -0.99172407 -0.11512189 0.05683672
0.09691244 -0.88376755 -0.45778039 -0.99113929 -0.12767063 0.03664950
0.11093319 -0.87974501 -0.46232310 -0.98941964 -0.14153042 0.03190669
0.03712099 -0.87804705 -0.47713256 -0.99309033 -0.08560461 0.08027197
0.11575289 -0.88709468 -0.44683823 -0.99086809 -0.13444634 0.01022916
0.12034827 -0.89439636 -0.43078011 -0.99116361 -0.13263653 -0.00152099
0.12366033 -0.88827175 -0.44235897 -0.99128383 -0.13098860 -0.01408139
0.11997372 -0.87907302 -0.46134254 -0.99151444 -0.12952746 -0.01103641
0.12222713 -0.86601120 -0.48485592 -0.99142057 -0.12933415 -0.01892041
0.11610392 -0.85919756 -0.49829659 -0.99150193 -0.12990172 -0.00703602
0.10808405 -0.85319370 -0.51027292 -0.99218035 -0.12480390 -0.00148348
0.11163090 -0.84092414 -0.52951401 -0.99239218 -0.12217702 -0.01518380
0.11392076 -0.81293702 -0.57110023 -0.99149001 -0.12948550 -0.01346126
0.08574518 -0.82152694 -0.56368542 -0.99474329 -0.10237877 -0.00210671
0.08573897 -0.78979987 -0.60734260 -0.99412042 -0.10827907 0.00046752
0.08662298 -0.78227621 -0.61687964 -0.99254036 -0.12108911 0.01418158
0.05692780 -0.75871491 -0.64893061 -0.99268275 -0.11234501 0.04426758
0.03290053 -0.77358133 -0.63284236 -0.99884605 -0.04761499 0.00627565
-0.12506440 -0.71726477 -0.68548536 -0.99023974 0.04740180 0.13106638
-0.12229872 -0.73324233 -0.66887879 -0.98835289 0.02848052 0.14949070
-0.00608145 -0.77971947 -0.62609941 -0.99568826 -0.05323449 0.07596750
-0.14565974 -0.75643599 -0.63764238 -0.98119450 0.02794465 0.19098821
-0.27992916 -0.73329544 -0.61961073 -0.95998245 0.21957256 0.17384385
-0.27864867 -0.76310450 -0.58311790 -0.94614917 0.11394043 0.30301717
-0.28223145 -0.73751056 -0.61353374 -0.94931263 0.12244622 0.28950402
-0.68739754 -0.58114791 -0.43560496 -0.70393360 0.38547096 0.59656489
-0.70156527 -0.57877839 -0.41571847 -0.68170613 0.37518039 0.62810540
-0.72834623 -0.48117185 -0.48783749 -0.59747869 0.09742869 0.79594409
-0.72119617 -0.53293300 -0.44255915 -0.67366582 0.39071143 0.62731093
-0.71584779 -0.50461155 -0.48262733 -0.68833321 0.39385971 0.60915679
-0.48545527 -0.60693455 -0.62925643 -0.86922491 0.25792614 0.42180824
-0.44787037 -0.61404330 -0.64989460 -0.88904256 0.22865486 0.39663631
-0.41043565 -0.66231173 -0.62680602 -0.90562320 0.21560945 0.36518380
-0.43375570 -0.66916233 -0.60338855 -0.89232528 0.22615930 0.39065027
-0.31932634 -0.63468695 -0.70370680 -0.94463587 0.15406109 0.28970385
-0.25222269 -0.67339623 -0.69492543 -0.96623451 0.13616842 0.21874428
-0.73197305 -0.55039918 -0.40159214 -0.65982980 0.42573011 0.61917579
-0.73046803 -0.55308592 -0.40064007 -0.65662611 0.40747952 0.63466740
-0.72417217 -0.56747448 -0.39185125 -0.64595109 0.35918927 0.67359507
-0.69487423 -0.61346436 -0.37524849 -0.64368755 0.29791754 0.70491958
-0.68797338 -0.61753249 -0.38124311 -0.65223694 0.29575443 0.69793719
-0.61421424 -0.68170315 -0.39751950 -0.72323811 0.28475845 0.62915766
-0.60375828 -0.68636078 -0.40544397 -0.73371905 0.27961612 0.61925060
-0.62016141 -0.67393309 -0.40151477 -0.75047576 0.36063755 0.55382919
-0.62934589 -0.65276116 -0.42169502 -0.74835926 0.36279130 0.55528462
-0.57554018 -0.70684576 -0.41124517 -0.76470530 0.28698236 0.57694626
-0.57334286 -0.70745426 -0.41326311 -0.78042299 0.31800228 0.53834432
-0.55722803 -0.72968346 -0.39630684 -0.78383732 0.30472326 0.54105723
-0.49151638 -0.76142043 -0.42267084 -0.83412296 0.27211621 0.47978303
-0.44689628 -0.77717811 -0.44303250 -0.86422861 0.24715161 0.43820661
-0.48175517 -0.78173518 -0.39598247 -0.82976824 0.26164097 0.49297941
-0.43997765 -0.80101788 -0.40594345 -0.86469293 0.25590870 0.43222314
-0.48879287 -0.77932942 -0.39208075 -0.81484169 0.24729696 0.52428734
-0.47651106 -0.78956127 -0.38669121 -0.81565344 0.23288503 0.52959800
-0.46235409 -0.79497749 -0.39273316 -0.82443058 0.22237401 0.52044612
-0.45274070 -0.81166524 -0.36908728 -0.83149689 0.23487681 0.50343406
-0.44736004 -0.81439835 -0.36962748 -0.81689787 0.20384538 0.53955996
-0.45221809 -0.80955631 -0.37432259 -0.81012917 0.19727539 0.55206275
-0.47600806 -0.79301745 -0.38018376 -0.79120713 0.19743618 0.57880068
0.48291373 0.78417063 0.38970602 0.63488656 -0.00703800 -0.77257329
-0.50804287 -0.77911901 -0.36724100 -0.72242486 0.15326379 0.67424971
-0.45537335 -0.81637347 -0.35520348 -0.75874317 0.14713240 0.63455570
-0.43201432 -0.82955241 -0.35384518 -0.79945987 0.17066436 0.57596666
-0.43254811 -0.82899642 -0.35449564 -0.80952871 0.18399037 0.55750412
-0.40916187 -0.83968419 -0.35709539 -0.84173381 0.19626737 0.50295460
-0.40817881 -0.83988732 -0.35774207 -0.84192681 0.19484292 0.50318533
-0.38319167 -0.86336112 -0.32828611 -0.82650369 0.16181697 0.53917253
-0.38846564 -0.85478896 -0.34413704 -0.79134744 0.11813770 0.59984386
-0.42179757 -0.82851636 -0.36830348 -0.81686401 0.17096655 0.55091166
-0.52197319 -0.76804185 -0.37101978 -0.74503732 0.19875586 0.63672251
-0.54990250 -0.74465853 -0.37827370 -0.73595887 0.21785140 0.64101905
-0.56758672 -0.71794355 -0.40299183 -0.67716014 0.12867367 0.72449791
-0.44193375 -0.81974572 -0.36429593 -0.81312227 0.19455741 0.54861611
-0.43914998 -0.81946689 -0.36826807 -0.84578973 0.23886783 0.47705546
-0.47981533 -0.78992122 -0.38183978 -0.79189676 0.20254049 0.57608765
-0.54401135 -0.75045919 -0.37531689 -0.76567286 0.26102889 0.58788514
-0.56147951 -0.72674567 -0.39570391 -0.77582556 0.29600930 0.55720127
-0.56657493 -0.72632128 -0.38916618 -0.77302492 0.30495557 0.55626851
0.58123422 0.70159811 0.41222191 0.62965465 -0.06687692 -0.77399129
-0.69266182 -0.60846865 -0.38727969 -0.68669391 0.39209634 0.61213720
-0.69193017 -0.56076509 -0.45472538 -0.70547837 0.39133388 0.59089595
-0.25023791 -0.71953821 -0.64780074 -0.96117145 0.10423914 0.25550681
-0.21477808 -0.72186762 -0.65785831 -0.97169626 0.09009501 0.21837895
-0.14105535 -0.71768004 -0.68193752 -0.98805052 0.05882775 0.14246221
-0.08955082 -0.71473014 -0.69364363 -0.99500507 0.03335691 0.09408627
0.00387604 -0.72454023 -0.68922168 -0.99984711 -0.01456194 0.00968522
0.04625293 -0.73360294 -0.67800254 -0.99876475 -0.04629856 -0.01803982
0.07107223 -0.75775605 -0.64865589 -0.99741620 -0.06081957 -0.03823627
0.07920108 -0.76810354 -0.63540858 -0.99683481 -0.05661079 -0.05581833
0.07513157 -0.75773609 -0.64822161 -0.99698025 -0.04427819 -0.06379534
0.13422409 -0.74932551 -0.64845598 -0.99026126 -0.07701351 -0.11598123
0.15129118 -0.74381453 -0.65103841 -0.98764306 -0.08649922 -0.13068709
0.20791392 -0.73834050 -0.64158016 -0.97702080 -0.12529229 -0.17243029
0.26280794 -0.74153107 -0.61730361 -0.96230119 -0.15499006 -0.22350502
0.30064511 -0.74299455 -0.59797293 -0.95072001 -0.18364951 -0.24980855
0.44390005 -0.68686688 -0.57547086 -0.89024806 -0.26492035 -0.37050727
0.46253806 -0.66193110 -0.58983535 -0.88054955 -0.26538602 -0.39268667
0.50772691 -0.64888585 -0.56671029 -0.85645431 -0.30895045 -0.41356468
0.52416003 -0.61262614 -0.59156197 -0.83964705 -0.25569406 -0.47917992
0.55771494 -0.60796368 -0.56509668 -0.81523913 -0.27325851 -0.51060253
0.55611688 -0.61292917 -0.56129491 -0.80841172 -0.24219164 -0.53648281
0.57228291 -0.60395443 -0.55473536 -0.79443818 -0.24054754 -0.55767804
0.57200456 -0.60060298 -0.55864733 -0.79425609 -0.23545969 -0.56010354
0.62837720 -0.55886185 -0.54112440 -0.73694742 -0.20491771 -0.64414072
0.62123907 -0.57738411 -0.52980149 -0.72474897 -0.16624463 -0.66865671
0.62226659 -0.56916410 -0.53743523 -0.69992095 -0.09707621 -0.70759243
0.66820830 -0.53706437 -0.51483941 -0.63549900 -0.05222400 -0.77033353
0.74747229 -0.37493134 -0.54837191 -0.53176022 0.15704848 -0.83220595
0.75647420 -0.34979352 -0.55262220 -0.49212074 0.25209740 -0.83322513
0.64789015 -0.43874696 -0.62268728 -0.73538470 -0.14712155 -0.66148669
0.62157786 -0.53562933 -0.57161367 -0.74480522 -0.17801574 -0.64309853
0.64606142 -0.57822275 -0.49826008 -0.62852788 -0.03263185 -0.77710229
0.59525371 -0.61283588 -0.51971644 -0.69338518 -0.06489721 -0.71763879
0.58957201 -0.61913002 -0.51873207 -0.69303405 -0.05789563 -0.71857637
0.59066743 -0.61951071 -0.51702857 -0.68989056 -0.05538025 -0.72179222
0.62101078 -0.62043905 -0.47895822 -0.59917641 0.01816204 -0.80041105
0.60966724 -0.64406669 -0.46204332 -0.56335652 0.05798374 -0.82417679
0.59678972 -0.66368735 -0.45095584 -0.59488440 0.01119098 -0.80373341
0.56341505 -0.68292022 -0.46495545 -0.68045831 -0.06440836 -0.72995079
0.54883814 -0.68651730 -0.47693884 -0.72336799 -0.10410216 -0.68256986
0.55431372 -0.67491424 -0.48705959 -0.73851049 -0.12895365 -0.66179556
0.54516602 -0.69351929 -0.47098309 -0.73387825 -0.12323305 -0.66800928
0.55650276 -0.66935736 -0.49220473 -0.75040209 -0.15062614 -0.64359039
0.55194145 -0.65573335 -0.51514506 -0.78182411 -0.19207337 -0.59317696
0.54586518 -0.67074794 -0.50212395 -0.77125126 -0.16805480 -0.61394554
0.54167372 -0.68589956 -0.48593360 -0.77019835 -0.17340815 -0.61377859
0.56772470 -0.63374484 -0.52541041 -0.75269991 -0.14116050 -0.64305258
0.56576604 -0.63741577 -0.52307737 -0.77105099 -0.18416011 -0.60956168
0.56019270 -0.65032947 -0.51308459 -0.75416708 -0.14418374 -0.64065844
0.54857326 -0.64641190 -0.53030103 -0.79696172 -0.21247414 -0.56542623
0.54936266 -0.64553940 -0.53054649 -0.79697007 -0.21401575 -0.56483269
0.54381984 -0.65190238 -0.52847266 -0.81423062 -0.25739872 -0.52035993
0.53908157 -0.66374826 -0.51848757 -0.81921631 -0.27021709 -0.50583339
0.51752710 -0.69511753 -0.49897626 -0.83096004 -0.26916420 -0.48688415
0.51741946 -0.70132130 -0.49033210 -0.82585686 -0.25916791 -0.50079191
0.49685496 -0.72704136 -0.47386292 -0.83934295 -0.26382077 -0.47529164
0.49232346 -0.73271978 -0.46982899 -0.83513933 -0.24554165 -0.49219069
0.51487392 -0.71726924 -0.46949950 -0.81046361 -0.22878833 -0.53926307
0.51653212 -0.71690434 -0.46823362 -0.80911708 -0.22969353 -0.54089791
0.50768286 -0.73356527 -0.45181870 -0.79486006 -0.19650730 -0.57409275
0.51351714 -0.72725779 -0.45540786 -0.77596343 -0.16701275 -0.60826600
0.51434869 -0.72994912 -0.45013312 -0.75603253 -0.13820031 -0.63977766
0.48642817 -0.75259972 -0.44382575 -0.80994713 -0.19790447 -0.55210471
0.46515670 -0.78545386 -0.40827870 -0.81737685 -0.20400815 -0.53877246
0.47603762 -0.76671576 -0.43073794 -0.82516396 -0.22003742 -0.52027678
0.47491974 -0.77156878 -0.42324102 -0.81710488 -0.20802335 -0.53764856
0.48207590 -0.76825798 -0.42116818 -0.77521241 -0.15004469 -0.61362237
0.50973493 -0.74740207 -0.42609921 -0.74355716 -0.13358210 -0.65519363
0.52576625 -0.72491813 -0.44504339 -0.74827892 -0.14533703 -0.64726806
0.53406525 -0.72333676 -0.43767375 -0.69500107 -0.08084811 -0.71444881
0.52705878 -0.73849595 -0.42051488 -0.69826108 -0.09427804 -0.70960772
0.52950704 -0.73911393 -0.41633272 -0.69221586 -0.09276265 -0.71570408
0.52922499 -0.73940372 -0.41617665 -0.64643711 -0.03366318 -0.76222432
0.55774099 -0.72162694 -0.41009715 -0.55096334 0.04764931 -0.83316809
0.55000097 -0.73378444 -0.39882258 -0.55551797 0.03514785 -0.83076143
0.56591564 -0.70938724 -0.42013013 -0.63622403 -0.05165625 -0.76977319
0.59095341 -0.68318772 -0.42898557 -0.55230641 0.04495443 -0.83242822
0.59747392 -0.68286115 -0.42038751 -0.33657011 0.26228437 -0.90439343
0.53955615 -0.74624878 -0.38986158 -0.46087590 0.12573534 -0.87851244
0.52855915 -0.75421453 -0.38959694 -0.47521150 0.11740987 -0.87200284
0.50926411 -0.76833272 -0.38770467 -0.66999197 -0.07120637 -0.73894554
0.48823115 -0.77784163 -0.39571810 -0.69730490 -0.07503277 -0.71283662
0.49161628 -0.77433574 -0.39839387 -0.70007390 -0.07935643 -0.70964718
0.47676748 -0.79099625 -0.38342887 -0.63794833 -0.01126942 -0.76999670
0.48818195 -0.78700566 -0.37722734 -0.58692080 0.02384159 -0.80929327
0.48121250 -0.79304874 -0.37350821 -0.58498299 0.02681485 -0.81060219
0.49449128 -0.78308153 -0.37717611 -0.38863572 0.18895085 -0.90180928
0.48926908 -0.78789365 -0.37395096 -0.41580430 0.16617198 -0.89414412
0.52766842 -0.75519991 -0.38889489 -0.43760288 0.15072192 -0.88644606
0.45240307 -0.81586730 -0.36012775 -0.43190503 0.15285833 -0.88887143
0.43180686 -0.82920408 -0.35491326 -0.61381269 0.01816702 -0.78924263
0.42379946 -0.83589941 -0.34880698 -0.61673653 0.01572308 -0.78701264
0.41982734 -0.83908683 -0.34594551 -0.51210696 0.09569186 -0.85357463
0.40490299 -0.84813631 -0.34164083 -0.46145964 0.13301852 -0.87713236
0.38229710 -0.86175686 -0.33350286 -0.50373971 0.10821013 -0.85705125
0.34269094 -0.88384062 -0.31841594 -0.48029807 0.12646215 -0.86794072
-0.69978297 0.03013573 -0.71371961 -0.31854391 0.88111317 0.34952748
-0.70990676 0.02268840 -0.70393020 -0.31958672 0.88028020 0.35067242
-0.75145465 -0.02166864 -0.65942895 -0.34562138 0.86428541 0.36545396
-0.72577375 0.00215565 -0.68793011 -0.34787041 0.86157018 0.36970675
-0.67708862 0.03276867 -0.73517168 -0.35016045 0.86432153 0.36102083
-0.71925735 -0.00372567 -0.69473380 -0.35642758 0.86033446 0.36439544
0.42124084 -0.83883196 -0.34484372 -0.73374498 -0.09171357 -0.67320651
0.44041771 -0.82359999 -0.35737288 -0.70958620 -0.07546255 -0.70056611
-0.69918567 -0.03884908 -0.71388394 -0.41193631 0.83800405 0.35785130
0.45406446 -0.81277794 -0.36498985 -0.68810362 -0.05967108 -0.72315478
0.45963132 -0.80931246 -0.36572188 -0.68186367 -0.05773097 -0.72919762
0.43818662 -0.82611406 -0.35429946 -0.72770828 -0.09464470 -0.67932552
0.42659968 -0.83036721 -0.35847330 -0.78191501 -0.13940461 -0.60759801
0.41258946 -0.84430569 -0.34193265 -0.78721249 -0.14161608 -0.60020101
0.40069360 -0.85189515 -0.33722299 -0.82447922 -0.17473613 -0.53823918
0.38505414 -0.86678153 -0.31689617 -0.83026397 -0.17541100 -0.52904892
0.37877113 -0.87099713 -0.31288415 -0.82602572 -0.16568947 -0.53872871
-0.81276810 -0.08737969 -0.57599723 -0.33590162 0.87809211 0.34077021
0.37454346 -0.86542779 -0.33279416 -0.80717164 -0.12770437 -0.57633811
-0.82501543 -0.08164007 -0.55918193 -0.31715599 0.88586998 0.33859482
-0.81902468 -0.06859426 -0.56964320 -0.31037068 0.88799411 0.33931762
-0.79504126 -0.04626084 -0.60478866 -0.31446138 0.88406074 0.34576115
-0.77657467 -0.01948207 -0.62972397 -0.29325083 0.89582372 0.33392191
-0.76783299 -0.01079348 -0.64055914 -0.29149371 0.89625263 0.33430919
-0.75268525 -0.00429778 -0.65836650 -0.29640436 0.89511967 0.33302447
-0.53388721 0.11569726 -0.83760297 -0.26372650 0.91839498 0.29495594
-0.73891038 0.00720257 -0.67376530 -0.27997860 0.90625036 0.31673703
-0.63142133 0.07563786 -0.77174222 -0.28408986 0.90347224 0.32098430
-0.75035113 0.00851650 -0.66098464 -0.24313109 0.92627168 0.28793758
-0.78506380 -0.01046172 -0.61932665 -0.22930570 0.93372935 0.27489725
-0.82549858 -0.03152866 -0.56352293 -0.22851473 0.93161356 0.28262568
-0.81997323 -0.02950023 -0.57164121 -0.22645786 0.93390960 0.27664000
-0.82561058 -0.03650784 -0.56305814 -0.25333133 0.91565472 0.31208935
-0.81134713 -0.03223783 -0.58367515 -0.25721395 0.91631460 0.30693415
-0.84216940 -0.04643366 -0.53721017 -0.23596682 0.92755997 0.28974515
-0.86242139 -0.06194514 -0.50238645 -0.23451437 0.92844015 0.28810060
-0.85410607 -0.05824630 -0.51682711 -0.23526172 0.92950231 0.28403777
-0.86836308 -0.07634617 -0.49001715 -0.25610268 0.91516739 0.31125557
-0.85891759 -0.07497705 -0.50659561 -0.26464632 0.91188258 0.31373963
-0.82267910 -0.05382382 -0.56595236 -0.28103793 0.90386486 0.32256174
-0.87687886 -0.08257225 -0.47356662 -0.25600943 0.91402602 0.31466764
0.32788172 -0.90292907 -0.27787185 -0.86179471 -0.16536696 -0.47954521
0.33540389 -0.90228325 -0.27090433 -0.85581630 -0.17161784 -0.48798135
0.35568258 -0.88719606 -0.29389295 -0.84666681 -0.17270496 -0.50331730
0.35928410 -0.88393408 -0.29929176 -0.83406293 -0.16028094 -0.52787226
0.36065060 -0.88550442 -0.29293883 -0.85795069 -0.19176136 -0.47660077
0.35538080 -0.88906497 -0.28856185 -0.87261146 -0.20490530 -0.44335437
0.34546000 -0.89235353 -0.29045242 -0.87683582 -0.19664863 -0.43873495
0.33450362 -0.89995301 -0.27962828 -0.88805544 -0.20171966 -0.41311833
0.32837322 -0.90575880 -0.26790324 -0.88899362 -0.20053031 -0.41167697
0.32658029 -0.90934962 -0.25773746 -0.88186640 -0.19504264 -0.42926699
0.30838841 -0.92031860 -0.24064559 -0.88781035 -0.18761295 -0.42023104
-0.89781249 -0.08663529 -0.43177202 -0.22135143 0.93638122 0.27238554
-0.89373398 -0.07866317 -0.44164655 -0.21157238 0.94204682 0.26035538
-0.90713745 -0.08787516 -0.41155761 -0.19938624 0.95097148 0.23642856
-0.90418327 -0.08376447 -0.41885108 -0.19564316 0.95289278 0.23177384
-0.87095577 -0.06050384 -0.48762214 -0.19640523 0.95253080 0.23261558
-0.87880474 -0.06276837 -0.47303528 -0.19661717 0.95087999 0.23910041
-0.86878037 -0.05293623 -0.49236006 -0.19507103 0.95046014 0.24201824
-0.83872694 -0.03144805 -0.54364336 -0.19073693 0.95205355 0.23919353
-0.82541007 -0.02613931 -0.56392819 -0.20142360 0.94681650 0.25093251
-0.83742923 -0.03008955 -0.54571700 -0.18699840 0.95399606 0.23435703
-0.78578442 -0.00202955 -0.61849719 -0.15524167 0.96862990 0.19405197
-0.73777688 0.01657624 -0.67484111 -0.20629892 0.94633383 0.24878335
-0.79620337 -0.00441989 -0.60501301 -0.16854391 0.96201020 0.21477757
-0.84596616 -0.02867062 -0.53246534 -0.15157908 0.97028947 0.18857935
-0.82575804 -0.01752076 -0.56375241 -0.13861056 0.97516865 0.17272314
-0.82994390 -0.02260838 -0.55738860 -0.15023878 0.97131860 0.18430558
-0.83057958 -0.02660772 -0.55626392 -0.11826502 0.98450220 0.12949455
-0.84597176 -0.04880374 -0.53098971 -0.12391114 0.98653549 0.10674163
-0.89383417 -0.05292278 -0.44526362 -0.12383980 0.98352361 0.13170052
-0.88622153 -0.05749515 -0.45968011 -0.12438814 0.98536319 0.11656332
-0.89126092 -0.07092392 -0.44791046 -0.14939202 0.97848105 0.14232656
-0.87038571 -0.05691259 -0.48907033 -0.16672041 0.96868706 0.18398289
-0.87636840 -0.06290237 -0.47751626 -0.17266715 0.96656656 0.18956572
-0.91964537 -0.08907628 -0.38251510 -0.16199282 0.97326678 0.16281959
-0.92158455 -0.10270479 -0.37434447 -0.18677294 0.96271783 0.19567887
-0.91904080 -0.09617705 -0.38224864 -0.18634254 0.96057397 0.20633486
-0.95380175 -0.16841152 -0.24879664 -0.21109332 0.96492082 0.15610093
0.26994541 -0.94915789 -0.16195270 -0.93884575 -0.22211675 -0.26312143
0.28702828 -0.93681479 -0.19998202 -0.91757953 -0.20893443 -0.33822224
-0.92946756 -0.10923493 -0.35236052 -0.20102316 0.95085973 0.23549011
0.29248846 -0.93124992 -0.21731097 -0.92700857 -0.22033517 -0.30349234
0.30007547 -0.92390448 -0.23739272 -0.92260259 -0.21785548 -0.31834480
0.30205867 -0.92322999 -0.23750147 -0.92069530 -0.21794140 -0.32376194
0.30402374 -0.92148656 -0.24172746 -0.92274827 -0.22175109 -0.31521758
0.30843323 -0.91666222 -0.25416395 -0.92557758 -0.22754866 -0.30253559
0.31352004 -0.91537356 -0.25257963 -0.92387849 -0.23257712 -0.30390215
0.32849768 -0.90420306 -0.27295819 -0.91181976 -0.22822967 -0.34131503
0.33433947 -0.90088141 -0.27682093 -0.91149485 -0.23442934 -0.33796462
0.34857604 -0.88737464 -0.30176321 -0.90629464 -0.23700657 -0.34993976
0.36264455 -0.87682450 -0.31570202 -0.89210302 -0.22864878 -0.38970757
0.36717993 -0.87565857 -0.31368929 -0.89029342 -0.23319405 -0.39114982
0.37335837 -0.87217075 -0.31610399 -0.88609844 -0.23439822 -0.39985886
0.37747431 -0.87068540 -0.31530976 -0.86844307 -0.21465836 -0.44690996
0.38457856 -0.86550784 -0.32092923 -0.86384296 -0.21489258 -0.45562762
0.38731226 -0.86393833 -0.32186913 -0.86024660 -0.21307975 -0.46322009
0.39355791 -0.85788882 -0.33036190 -0.85576844 -0.21061248 -0.47254935
0.40684107 -0.84359062 -0.35047868 -0.85699201 -0.21962154 -0.46618778
0.40569550 -0.84354126 -0.35192230 -0.86881918 -0.23633738 -0.43508390
0.39520088 -0.84865707 -0.35156423 -0.88236201 -0.24428204 -0.40219840
0.38510379 -0.85871959 -0.33807650 -0.88609695 -0.24167010 -0.39550948
0.38186377 -0.86452049 -0.32677883 -0.88482064 -0.23983833 -0.39946216
0.38087741 -0.86376595 -0.32991028 -0.89059448 -0.24680160 -0.38200852
0.37623844 -0.86721170 -0.32617259 -0.90156984 -0.26151806 -0.34464496
0.38343409 -0.85753173 -0.34295431 -0.90842015 -0.28319973 -0.30752364
0.38453710 -0.85793591 -0.34070110 -0.90805358 -0.28517148 -0.30678320
0.39570999 -0.84509540 -0.35948217 -0.89352858 -0.26384723 -0.36330619
0.39799511 -0.84260601 -0.36278769 -0.89624196 -0.27270934 -0.34982851
0.42325661 -0.81627578 -0.39312556 -0.87843335 -0.26348948 -0.39865804
0.42667639 -0.81732386 -0.38720667 -0.88635516 -0.29279149 -0.35867500
0.44714066 -0.80083424 -0.39840898 -0.85688543 -0.25576723 -0.44758302
0.43993098 -0.81043756 -0.38684851 -0.85357296 -0.24350400 -0.46056378
0.44180623 -0.80999374 -0.38563895 -0.85310918 -0.24636336 -0.45990205
0.43987560 -0.81378222 -0.37982616 -0.83889496 -0.22136460 -0.49724546
0.43087462 -0.82144493 -0.37359786 -0.84438401 -0.22093385 -0.48806137
0.41596073 -0.83069038 -0.37004077 -0.87092698 -0.24681780 -0.42493215
0.44758740 -0.80666411 -0.38595146 -0.82475352 -0.20557392 -0.52680254
0.44921982 -0.80882812 -0.37947154 -0.79987109 -0.17488685 -0.57412624
0.46691781 -0.78651482 -0.40420565 -0.78441495 -0.15734699 -0.59994596
0.47214472 -0.78021199 -0.41030324 -0.76485133 -0.13116595 -0.63071227
0.46918648 -0.78285652 -0.40865603 -0.79684645 -0.17583629 -0.57802892
0.46507916 -0.78699815 -0.40538302 -0.81969398 -0.20986772 -0.53297037
0.46316501 -0.78312981 -0.41495293 -0.82470292 -0.20936944 -0.52538514
0.45109650 -0.80594999 -0.38334918 -0.78289747 -0.15113254 -0.60351515
0.43790162 -0.82018661 -0.36815229 -0.78401172 -0.14799137 -0.60284674
0.43808454 -0.81874824 -0.37112439 -0.78737646 -0.15029387 -0.59787130
0.43848807 -0.81808430 -0.37211061 -0.80728126 -0.17654979 -0.56314051
0.42131233 -0.83409470 -0.35606462 -0.82585829 -0.19060943 -0.53068459
0.41938388 -0.83475816 -0.35678566 -0.82603794 -0.18788655 -0.53137553
0.45590359 -0.79227650 -0.40552416 -0.82574737 -0.20650725 -0.52487719
0.46248057 -0.78753650 -0.40730578 -0.84509784 -0.25259757 -0.47117311
0.42497677 -0.82111233 -0.38101095 -0.86723167 -0.24869321 -0.43134785
0.42388946 -0.81459552 -0.39591897 -0.88313699 -0.27474731 -0.38024068
0.43720692 -0.80201542 -0.40696618 -0.87839371 -0.28365490 -0.38466150
0.46297771 -0.77994609 -0.42111251 -0.84097582 -0.23643348 -0.48668155
0.46714532 -0.77446818 -0.42658442 -0.84665143 -0.25274211 -0.46829778
0.48010513 -0.75402004 -0.44827771 -0.81720269 -0.19868991 -0.54101962
0.47365725 -0.75575405 -0.45219991 -0.84845555 -0.25388852 -0.46439621
0.46464130 -0.77453595 -0.42918819 -0.83442760 -0.22075213 -0.50497442
0.46562633 -0.76278520 -0.44872150 -0.85755348 -0.26364011 -0.44169667
0.46557581 -0.76374120 -0.44714502 -0.85678333 -0.26238674 -0.44393206
0.46291724 -0.76537699 -0.44710815 -0.85508382 -0.25269639 -0.45274282
0.47040620 -0.75665098 -0.45408952 -0.85993737 -0.27756605 -0.42832798
0.47464359 -0.74803513 -0.46385014 -0.85815144 -0.27613029 -0.43281433
0.47850671 -0.73742628 -0.47669056 -0.86434597 -0.29991493 -0.40367943
0.48853064 -0.72302532 -0.48843867 -0.85614395 -0.28917313 -0.42824829
0.48934224 -0.73167837 -0.47454292 -0.85452503 -0.29361767 -0.42845741
0.49377194 -0.70591384 -0.50781393 -0.85902315 -0.30519438 -0.41101784
0.51000190 -0.69546533 -0.50618774 -0.84721184 -0.30435920 -0.43542817
0.47350100 -0.71244311 -0.51790118 -0.86930197 -0.28333113 -0.40501562
0.44815820 -0.73355758 -0.51092815 -0.88587123 -0.28773853 -0.36392137
0.39969814 -0.74601626 -0.53263599 -0.91097385 -0.25873572 -0.32122043
0.38677189 -0.74727690 -0.54035622 -0.91701514 -0.24976137 -0.31097040
0.39264193 -0.73570269 -0.55188209 -0.91467410 -0.24978313 -0.31777316
0.37236676 -0.74345303 -0.55553639 -0.92622191 -0.25977290 -0.27318695
0.31522819 -0.76009107 -0.56823659 -0.94529009 -0.19847777 -0.25890785
0.26655194 -0.78337258 -0.56149572 -0.96104938 -0.17187932 -0.21642913
0.29177362 -0.78015935 -0.55337107 -0.95369053 -0.19307859 -0.23064035
0.25150192 -0.81592739 -0.52058554 -0.96571344 -0.17577603 -0.19105075
0.20942967 -0.82572955 -0.52374607 -0.97624439 -0.14613819 -0.15997046
0.19044431 -0.82827115 -0.52697045 -0.98014784 -0.13027185 -0.14946412
0.14474168 -0.83821535 -0.52578026 -0.98883539 -0.10351644 -0.10718664
0.12772290 -0.83969772 -0.52782059 -0.99120170 -0.08943358 -0.09757478
0.11561224 -0.83384573 -0.53975475 -0.99295366 -0.08278713 -0.08479018
0.11857139 -0.83810830 -0.53246164 -0.99283272 -0.09198781 -0.07629809
0.11862468 -0.82717806 -0.54927647 -0.99293619 -0.09745956 -0.06767144
0.12287127 -0.83148861 -0.54178351 -0.99233848 -0.11004634 -0.05616194
0.12388699 -0.83087295 -0.54249632 -0.99219733 -0.11144634 -0.05589453
0.11790173 -0.82984114 -0.54540169 -0.99289030 -0.10757089 -0.05096561
0.11453821 -0.81442130 -0.56885767 -0.99308270 -0.10876505 -0.04423837
0.10673580 -0.80083174 -0.58930123 -0.99404752 -0.09896765 -0.04555230
0.09980502 -0.78041846 -0.61724067 -0.99449462 -0.09814720 -0.03671122
0.08672355 -0.75447375 -0.65057552 -0.99587870 -0.08305644 -0.03643273
0.08955137 -0.75667638 -0.64762759 -0.99399763 -0.10892738 -0.01017728
0.10859802 -0.79956257 -0.59068280 -0.99407625 -0.08994222 -0.06101459
0.11531380 -0.82353264 -0.55542493 -0.99235439 -0.12027337 -0.02769613
0.12539642 -0.85073787 -0.51041245 -0.99196404 -0.11623918 -0.04995892
0.12227586 -0.86028850 -0.49492651 -0.99180138 -0.12456928 -0.02850490
0.11923102 -0.87548947 -0.46829709 -0.99247193 -0.09179638 -0.08107390
0.11928161 -0.85646820 -0.50222921 -0.99228114 -0.12011286 -0.03083860
0.12730572 -0.87733042 -0.46269280 -0.99173450 -0.12011464 -0.04511252
0.13539571 -0.87565249 -0.46357396 -0.99078989 -0.11878072 -0.06501245
0.13710727 -0.87790686 -0.45878229 -0.99054831 -0.11966158 -0.06704632
0.13978176 -0.89911944 -0.41478357 -0.99018234 -0.12698133 -0.05843542
0.13612312 -0.90135086 -0.41114134 -0.99056756 -0.13040771 -0.04206839
0.12989934 -0.89506394 -0.42659906 -0.99107486 -0.13020362 -0.02859686
0.13105287 -0.90574414 -0.40305424 -0.99088794 -0.13242182 -0.02460818
0.13298085 -0.91768706 -0.37438843 -0.99094242 -0.13022901 -0.03276521
0.13184814 -0.92047602 -0.36788601 -0.99092722 -0.13214765 -0.02449993
0.13142225 -0.91486931 -0.38176221 -0.99069834 -0.13491666 -0.01773012
0.13099520 -0.92094654 -0.36701193 -0.99065173 -0.13581496 -0.01278511
0.12600741 -0.92424774 -0.36040026 -0.99198580 -0.12079517 -0.03705021
0.12705170 -0.92300397 -0.36321017 -0.99125785 -0.13128553 -0.01311620
0.12449383 -0.91823918 -0.37594965 -0.99148512 -0.12971026 -0.01151415
0.13024010 -0.92430753 -0.35873830 -0.99116296 -0.13056278 -0.02344050
0.12657009 -0.93146485 -0.34110591 -0.99182057 -0.12455263 -0.02790457
0.11137336 -0.92780846 -0.35604423 -0.99362612 -0.11024140 -0.02353797
-0.00294125 -0.93679786 -0.34985873 -0.99935192 -0.00979783 0.03463664
-0.02798416 -0.92719460 -0.37353334 -0.99775630 0.00317214 0.06687538
-0.14754742 -0.91947705 -0.36440602 -0.98483032 0.10256439 0.13996363
-0.18028149 -0.91421956 -0.36290652 -0.97988713 0.13483544 0.14710771
-0.15983784 -0.93157274 -0.32653347 -0.98501712 0.12881593 0.11466385
-0.17017142 -0.92965627 -0.32677361 -0.98327726 0.13836604 0.11840864
-0.20278955 -0.92536753 -0.32026777 -0.97687161 0.16852759 0.13160679
-0.23111956 -0.92113936 -0.31318694 -0.96804816 0.18552925 0.16870621
-0.21364100 -0.93108320 -0.29570541 -0.97432715 0.18107383 0.13378671
-0.20744713 -0.93074083 -0.30114314 -0.97554183 0.17395282 0.13438234
-0.15444192 -0.94219518 -0.29734832 -0.98755944 0.13820966 0.07499663
-0.13897894 -0.94261605 -0.30357850 -0.98962468 0.12091749 0.07760178
-0.13619299 -0.94998801 -0.28102368 -0.99018914 0.12158392 0.06886812
-0.13350520 -0.95418167 -0.26779410 -0.99053252 0.11975673 0.06710961
-0.15516765 -0.94833028 -0.27675390 -0.98777020 0.14460659 0.05830143
-0.17924954 -0.94828242 -0.26197341 -0.98182029 0.15552892 0.10881072
-0.17254813 -0.95484412 -0.24186742 -0.98277503 0.15038830 0.10740850
-0.17959221 -0.95376241 -0.24100605 -0.98155153 0.15739502 0.10855143
-0.17557238 -0.95679730 -0.23176141 -0.98014557 0.14785625 0.13211025
-0.19564517 -0.96577418 -0.17030318 -0.98055476 0.18993238 0.04937673
-0.20813827 -0.93380117 -0.29102218 -0.96967649 0.15803677 0.18641834
-0.21188074 -0.94268328 -0.25778827 -0.97335106 0.17987634 0.14224045
-0.21023992 -0.95105672 -0.22647376 -0.96614867 0.16668701 0.19690673
-0.20874809 -0.95731306 -0.19994001 -0.96891397 0.17468971 0.17518345
-0.22164705 -0.94436312 -0.24300386 -0.96607256 0.17878035 0.18639037
-0.21309674 -0.95087385 -0.22456327 -0.96867716 0.17562632 0.17555624
-0.12596394 -0.97077554 -0.20427436 -0.98865408 0.10585912 0.10656896
-0.11917645 -0.97374570 -0.19394933 -0.98929238 0.09988394 0.10641334
-0.13490464 -0.97375351 -0.18331635 -0.98616582 0.11396340 0.12037163
-0.17600334 -0.96921098 -0.17220028 -0.97523052 0.14786978 0.16449910
-0.21608697 -0.95610154 -0.19793004 -0.96389514 0.17658865 0.19930542
-0.22146562 -0.95636189 -0.19059108 -0.96134102 0.18131894 0.20723644
-0.98781937 0.04833243 0.14790843 0.05958658 0.99557763 0.07262667
-0.98822498 0.05392024 0.14319235 0.07029241 0.99123508 0.11185711
-0.09242256 -0.98447776 -0.14920339 -0.99300015 0.08006182 0.08683804
-0.09355571 -0.98250616 -0.16102505 -0.99291992 0.08018404 0.08763872
-0.09157751 -0.98684740 -0.13321364 -0.99532801 0.08660202 0.04268853
-0.09937337 -0.98309898 -0.15375760 -0.99466193 0.09382500 0.04294841
-0.10837553 -0.97973967 -0.16841893 -0.99357289 0.10118249 0.05074544
-0.12227289 -0.96446705 -0.23420635 -0.99165696 0.10901517 0.06879064
-0.12597494 -0.96692163 -0.22179478 -0.99107075 0.11281958 0.07106730
-0.11399238 -0.96808040 -0.22321750 -0.99308228 0.10466333 0.05322744
-0.11167918 -0.97442943 -0.19497453 -0.99361658 0.11263997 0.00618843
-0.10855018 -0.97835523 -0.17617580 -0.99349940 0.11288145 -0.01472179
-0.10980863 -0.97030210 -0.21553625 -0.99234265 0.11936001 -0.03176951
-0.11730456 -0.96191043 -0.24691692 -0.99304861 0.11604401 0.01970370
-0.10361023 -0.95583588 -0.27503234 -0.99434209 0.10605595 0.00600630
-0.10520667 -0.94562620 -0.30777058 -0.99445003 0.09977184 0.03338822
-0.07465239 -0.94805282 -0.30922952 -0.99720955 0.07086702 0.02347255
-0.08890363 -0.93920231 -0.33165517 -0.99534953 0.07137382 0.06469289
-0.07028580 -0.93811828 -0.33910772 -0.99692667 0.05426887 0.05649877
-0.01030474 -0.93746018 -0.34794009 -0.99965876 0.00130523 0.02608962
0.00419257 -0.94664794 -0.32224241 -0.99985927 0.00126779 -0.01673318
0.06169638 -0.94590098 -0.31853563 -0.99809343 -0.05790405 -0.02137047
0.11676668 -0.93997169 -0.32065386 -0.99315357 -0.10940560 -0.04094471
0.11511938 -0.94286436 -0.31265700 -0.99330217 -0.10612071 -0.04570796
0.11658809 -0.94691765 -0.29959014 -0.99290204 -0.10398462 -0.05773112
0.12589884 -0.94411254 -0.30463269 -0.99171239 -0.12770480 -0.01407509
0.12656531 -0.94346696 -0.30635172 -0.99194288 -0.11865699 -0.04438232
0.12862207 -0.94364524 -0.30494273 -0.99168080 -0.12081873 -0.04440841
0.12579678 -0.94309765 -0.30780199 -0.99205166 -0.11866259 -0.04186612
0.13052656 -0.94297904 -0.30619171 -0.99143136 -0.12575370 -0.03535373
0.13222219 -0.93950140 -0.31599736 -0.99119574 -0.12755953 -0.03549306
0.13057013 -0.93592149 -0.32711229 -0.99133825 -0.12795106 -0.02961377
0.12996307 -0.93550587 -0.32853994 -0.99141109 -0.12749237 -0.02915013
0.12927514 -0.93065178 -0.34230873 -0.99132431 -0.12956072 -0.02213695
0.13152139 -0.92118245 -0.36623085 -0.99110687 -0.12973084 -0.02961512
0.13752538 -0.93953222 -0.31363350 -0.99049234 -0.13153969 -0.04027650
0.13677168 -0.94484800 -0.29758334 -0.99059951 -0.13120683 -0.03869655
0.14028706 -0.94555569 -0.29367340 -0.99011087 -0.13390687 -0.04182651
0.13620616 -0.94794905 -0.28782040 -0.99068004 -0.13063033 -0.03858597
0.13255186 -0.95946169 -0.24872354 -0.99114078 -0.12618876 -0.04142872
0.13496493 -0.95487523 -0.26457083 -0.99084651 -0.12931348 -0.03874687
0.13863826 -0.94988000 -0.28019175 -0.99032199 -0.13481797 -0.03296168
0.14233820 -0.94928282 -0.28036040 -0.98979878 -0.13827614 -0.03432367
0.14041895 -0.95251906 -0.27016655 -0.99008560 -0.13608439 -0.03480737
0.13851105 -0.94866174 -0.28435138 -0.99006516 -0.13965574 -0.01634909
0.13426673 -0.95700258 -0.25713527 -0.99075687 -0.13470234 -0.01600407
0.13416627 -0.95165765 -0.27630985 -0.99041539 -0.13800770 -0.00558884
0.13023315 -0.94909877 -0.28679419 -0.99091470 -0.13439037 -0.00523096
0.14081953 -0.94814664 -0.28493497 -0.98925138 -0.14620575 -0.00239153
0.19190116 -0.93540287 -0.29697710 -0.98111433 -0.19033004 -0.03448636
0.21874274 -0.92569643 -0.30860621 -0.97565317 -0.21263777 -0.05372229
0.27751383 -0.90913820 -0.31057027 -0.96055943 -0.25662765 -0.10708863
0.28286299 -0.90576100 -0.31557178 -0.95910692 -0.27057147 -0.08309615
0.28842443 -0.91056275 -0.29611978 -0.95738560 -0.26941511 -0.10405939
0.30046335 -0.90824276 -0.29123351 -0.95300794 -0.27348939 -0.13030514
0.30852398 -0.89969504 -0.30880713 -0.95119673 -0.28970975 -0.10626898
0.30651927 -0.91173977 -0.27345303 -0.95110172 -0.28186467 -0.12632436
0.30772600 -0.91073471 -0.27543983 -0.95062995 -0.28208968 -0.12933747
0.31008342 -0.91135752 -0.27069494 -0.94797635 -0.27481973 -0.16067046
0.31380209 -0.90277010 -0.29416743 -0.94725704 -0.27643257 -0.16213961
0.31994277 -0.89801115 -0.30201432 -0.94396067 -0.27485734 -0.18273425
0.31910497 -0.90118277 -0.29332852 -0.94198436 -0.26760089 -0.20262116
0.31700745 -0.90611893 -0.28009790 -0.94187069 -0.26611963 -0.20508538
0.31491345 -0.90610141 -0.28250635 -0.94241893 -0.26320860 -0.20631990
0.31298152 -0.90984505 -0.27244195 -0.94152331 -0.25953346 -0.21488680
0.30553320 -0.92060888 -0.24316433 -0.94278353 -0.25669548 -0.21275958
0.30506846 -0.91989678 -0.24642071 -0.94471776 -0.25967112 -0.20019813
0.30361104 -0.92057109 -0.24570137 -0.93967724 -0.24665835 -0.23699436
0.29400042 -0.93460077 -0.20021307 -0.93989503 -0.24463187 -0.23822816
0.29746675 -0.92734385 -0.22703961 -0.94194752 -0.24627772 -0.22821543
0.29375967 -0.93344271 -0.20588829 -0.94569594 -0.25245184 -0.20476134
0.27695352 -0.94816637 -0.15581183 -0.94674611 -0.24155395 -0.21289334
0.27380595 -0.94847697 -0.15944199 -0.95594579 -0.25013843 -0.15361796
0.19490664 -0.97309059 -0.12290680 -0.97662646 -0.18096533 -0.11598457
0.16011925 -0.98320621 -0.08756328 -0.98149943 -0.14914924 -0.12005590
-0.98916566 -0.09485165 -0.11204685 -0.10004283 0.99411136 0.04164190
-0.98155940 -0.12110770 -0.14789896 -0.12299825 0.99240011 0.00366998
-0.98149139 -0.12317824 -0.14663492 -0.12724082 0.99169707 0.01861942
-0.98332983 -0.12816037 -0.12898616 -0.13641493 0.98899317 0.05730149
-0.97199440 -0.12913622 -0.19634369 -0.15436491 0.98080969 0.11909613
-0.97283500 -0.12615161 -0.19410801 -0.15128107 0.98111051 0.12056614
-0.97751868 -0.12892281 -0.16684204 -0.14883947 0.98239243 0.11292455
0.25260279 -0.95931667 -0.12610850 -0.95524818 -0.22652446 -0.19023052
0.26428613 -0.95373404 -0.14333268 -0.95218515 -0.23440847 -0.19594955
-0.97585219 -0.19596593 -0.09648731 -0.20213008 0.97759134 0.05881084
-0.97610396 -0.20364651 -0.07582331 -0.20634869 0.97803032 0.02961217
-0.95052332 -0.16098951 -0.26568350 -0.19933309 0.97203630 0.12414428
-0.94519979 -0.10272032 -0.30991289 -0.14803535 0.98087370 0.12638164
0.56027305 -0.82581300 0.06424265 -0.82694238 -0.55321252 0.10060951
-0.99026132 -0.07844065 -0.11502038 -0.08550692 0.99465740 0.05783852
-0.99790990 -0.05092894 -0.03977647 -0.05223645 0.99810404 0.03255387
0.04315202 -0.99562424 -0.08288752 -0.99861205 -0.04047591 -0.03370019
0.03825215 -0.99856144 -0.03757363 -0.99901158 -0.03906728 0.02120492
0.06921127 -0.99474317 -0.07547092 -0.99692172 -0.07175931 0.03158639
0.21422508 -0.96569800 -0.14674816 -0.97612309 -0.20612313 -0.06853473
0.24985737 -0.95582747 -0.15480709 -0.96760803 -0.24050462 -0.07676062
0.28791079 -0.93630254 -0.20110932 -0.95513731 -0.26552564 -0.13118269
0.28861621 -0.93683946 -0.19756666 -0.95482975 -0.26639247 -0.13166347
0.29362959 -0.93201137 -0.21245357 -0.95251179 -0.26651630 -0.14727651
0.29342330 -0.93350762 -0.20607366 -0.95080960 -0.26257971 -0.16435638
0.30003798 -0.92603672 -0.22898306 -0.95121491 -0.27234849 -0.14497092
0.30167943 -0.92547017 -0.22911675 -0.95160192 -0.27749315 -0.13210338
0.30413222 -0.92238092 -0.23815349 -0.95134825 -0.28111547 -0.12613751
0.30781323 -0.91490704 -0.26114389 -0.94799739 -0.27156824 -0.16598697
0.30484742 -0.92063016 -0.24394324 -0.94813395 -0.26913843 -0.16913471
0.29238963 -0.93428439 -0.20401220 -0.95518541 -0.27503219 -0.10944460
0.28984520 -0.93498749 -0.20442156 -0.95595199 -0.27248737 -0.10911664
0.28858501 -0.93569207 -0.20297550 -0.95682704 -0.27416825 -0.09650859
0.27552024 -0.94224274 -0.19043975 -0.96102613 -0.26529670 -0.07775814
0.27505481 -0.94065726 -0.19876839 -0.96142048 -0.26995730 -0.05285551
0.28314874 -0.94575864 -0.15927148 -0.95692927 -0.28969708 0.01902523
-0.93375069 -0.33623853 0.12269190 -0.32523707 0.94018465 0.10135946
-0.93633693 -0.33532241 0.10407688 -0.32318649 0.93898547 0.11771482
-0.88658398 -0.45510218 0.08276966 -0.43566695 0.88167882 0.18120922
0.29281297 -0.93129641 -0.21667410 -0.95593077 -0.28005898 -0.08810981
0.30095056 -0.92328811 -0.23867938 -0.95339626 -0.28564200 -0.09718172
0.29786363 -0.92741281 -0.22623640 -0.94781369 -0.31554437 0.04561887
0.26951307 -0.94742602 -0.17247209 -0.96242613 -0.25883332 -0.08210585
-0.99311608 0.05651480 0.10259919 0.06076048 0.99740046 0.03873629
-0.98829061 0.09058618 0.12278403 0.08943181 0.99588162 -0.01489199
-0.98776174 0.13357578 0.08052541 0.12755427 0.98893076 -0.07580148
0.04681920 -0.99482936 -0.09012513 -0.99878949 -0.04526056 -0.01926205
-0.99304414 -0.07718949 -0.08891105 -0.07753243 0.99698979 0.00040489
-0.99365497 -0.07352438 -0.08511204 -0.07912996 0.99477714 0.06447399
-0.98004311 -0.08934763 -0.17757401 -0.06971673 0.99104536 -0.11388016
-0.00795528 -0.95535541 0.29535195 -0.98812276 -0.03781745 -0.14894058
-0.01227965 -0.94421500 0.32910070 -0.98785961 -0.03951772 -0.15023908
-0.10671707 -0.90660763 0.40825742 -0.98920697 0.05534557 -0.13567060
-0.34958869 -0.85697395 0.37866011 -0.93449682 0.34789196 -0.07541124
-0.35662672 -0.85589474 0.37451524 -0.93202615 0.35356534 -0.07949138
-0.44771916 -0.84007877 0.30629277 -0.88760507 0.45898819 -0.03856292
-0.41314313 -0.79258251 0.44847053 -0.86627132 0.49392879 0.07488853
-0.48576882 -0.68101478 0.54794854 -0.80287999 0.59546840 0.02830324
-0.32333806 -0.44170049 0.83687109 -0.84732020 0.52888805 -0.04822814
-0.36302119 -0.71822560 0.59360564 -0.91403526 0.39823115 -0.07714616
-0.50468892 -0.65355396 0.56405354 -0.78178942 0.62313634 0.02250275
-0.43002319 -0.82161677 0.37420049 -0.87086934 0.48678419 0.06802802
-0.46700713 -0.85897845 0.20990577 -0.87754709 0.47939846 0.00939563
-0.35450470 -0.86500233 0.35510194 -0.93322998 0.35101694 -0.07660893
-0.01078462 -0.93614352 0.35145271 -0.98644555 -0.04759136 -0.15703616
-0.09714627 -0.78614229 0.61036295 -0.94438040 -0.12077988 -0.30587241
-0.06986175 -0.83701038 0.54270899 -0.93984824 -0.12712964 -0.31705439
-0.08044630 -0.84842694 0.52316362 -0.99669790 0.07427967 -0.03280006
-0.06844646 -0.93282080 0.35378036 -0.99148846 0.02423688 -0.12791893
-0.98423028 -0.08980703 -0.15239924 -0.07088830 0.98957896 -0.12533341
-0.99425685 -0.08113784 -0.06978571 -0.07751472 0.99557346 -0.05315030
-0.98893195 0.13652399 0.05809331 0.13775240 0.99030900 0.01767522
-0.48636174 -0.68667543 0.54030460 -0.72669977 0.66123402 0.18621749
-0.61660206 -0.73509121 0.28185594 -0.76256108 0.64665759 0.01829149
-0.51615655 -0.74830979 0.41667116 -0.77043992 0.61817914 0.15581071
-0.40211606 -0.64017630 0.65458155 -0.73430681 0.65253001 0.18707770
-0.37920219 -0.60907835 0.69658405 -0.73075479 0.65892994 0.17835048
-0.98059875 -0.11877999 -0.15594061 -0.13433303 0.98653620 0.09327932
0.18681459 -0.97394830 -0.12854984 -0.98137510 -0.17905432 -0.06958795
0.28647101 -0.94064063 -0.18201545 -0.95317084 -0.26058561 -0.15349469
0.27815175 -0.94487441 -0.17275424 -0.95017225 -0.24431355 -0.19360694
0.28247881 -0.93949473 -0.19379210 -0.93897694 -0.22946388 -0.25625896
0.29475445 -0.93162966 -0.21257009 -0.94933856 -0.26012442 -0.17632839
0.30308813 -0.92258060 -0.23871028 -0.94687474 -0.26328197 -0.18469115
0.31663081 -0.90615213 -0.28041640 -0.94005090 -0.26028547 -0.22035372
0.32284921 -0.90189141 -0.28698498 -0.93526608 -0.25753611 -0.24280146
0.32577777 -0.90387928 -0.27725646 -0.92598134 -0.24584234 -0.28656617
0.33178726 -0.89204228 -0.30688420 -0.93401766 -0.26497930 -0.23957686
0.35510522 -0.88106471 -0.31245038 -0.92209661 -0.27515575 -0.27207932
0.35502601 -0.88230878 -0.30901098 -0.91480726 -0.25979495 -0.30924803
0.36462176 -0.87558585 -0.31686014 -0.90625864 -0.25553143 -0.33674765
0.36185744 -0.87118691 -0.33180213 -0.92245495 -0.28319809 -0.26244181
0.38068157 -0.85901886 -0.34229833 -0.90608561 -0.27260667 -0.32356519
0.36128396 -0.87160677 -0.33132407 -0.92208332 -0.28109965 -0.26598006
0.35526252 -0.87443393 -0.33038452 -0.92824179 -0.28832564 -0.23502254
0.32973969 -0.90159976 -0.27998161 -0.93832779 -0.28032389 -0.20238452
0.33431104 -0.88563734 -0.32230845 -0.93917722 -0.28452745 -0.19232865
0.33228949 -0.88447917 -0.32753670 -0.94054693 -0.28482217 -0.18506187
0.32388109 -0.88753402 -0.32769564 -0.94529724 -0.28932947 -0.15067063
0.32479218 -0.88530427 -0.33278584 -0.94505417 -0.28995338 -0.15099569
0.32741815 -0.88406175 -0.33351487 -0.94413954 -0.29213643 -0.15250222
0.34141341 -0.87915093 -0.33246139 -0.93906212 -0.30400363 -0.16044982
0.34930480 -0.87421328 -0.33724967 -0.93573898 -0.30671942 -0.17411420
0.34886461 -0.87409699 -0.33800593 -0.93609303 -0.30769864 -0.17044465
0.31330052 -0.89110297 -0.32829598 -0.94915283 -0.28259873 -0.13873303
0.30350831 -0.89449054 -0.32828254 -0.95234960 -0.27385622 -0.13428736
0.30766430 -0.89032304 -0.33565992 -0.95115876 -0.27840495 -0.13337085
0.26913661 -0.90592730 -0.32689631 -0.96306646 -0.25023413 -0.09942755
0.25523600 -0.90986156 -0.32711846 -0.96673417 -0.23429686 -0.10261619
0.19776955 -0.92921782 -0.31215632 -0.98022932 -0.18946658 -0.05703496
0.18320315 -0.93514663 -0.30321178 -0.98304355 -0.17673633 -0.04888429
0.18496074 -0.93407428 -0.30544183 -0.98274547 -0.17609341 -0.05659019
0.16585694 -0.93763906 -0.30549067 -0.98611259 -0.15499887 -0.05964382
0.16240601 -0.93552637 -0.31371140 -0.98670995 -0.15227754 -0.05670171
0.14527193 -0.93802756 -0.31464326 -0.98937720 -0.13600168 -0.05134518
0.14450327 -0.93854398 -0.31345484 -0.98948556 -0.13510859 -0.05161369
0.14270051 -0.92683333 -0.34729913 -0.98973399 -0.13080427 -0.05759243
0.14141545 -0.92683053 -0.34783173 -0.98991919 -0.12960665 -0.05711520
0.14107315 -0.92551833 -0.35144600 -0.98999918 -0.13200052 -0.04977560
0.13870454 -0.92046565 -0.36538213 -0.99030840 -0.13155922 -0.04451366
0.14277540 -0.91427225 -0.37910622 -0.98975015 -0.13066836 -0.05762377
0.14356656 -0.91520065 -0.37655869 -0.98948705 -0.12604307 -0.07091208
0.14608987 -0.90712959 -0.39468184 -0.98904461 -0.12538768 -0.07790197
0.18753907 -0.89341062 -0.40822363 -0.98165703 -0.15594579 -0.10968353
0.26323831 -0.87889808 -0.39779869 -0.96409690 -0.22471417 -0.14149454
0.29293135 -0.86547327 -0.40638325 -0.95408183 -0.23675783 -0.18350382
0.28753701 -0.85391212 -0.43377027 -0.95612037 -0.22934990 -0.18229771
0.21960832 -0.86755913 -0.44622123 -0.97407949 -0.16956142 -0.14972699
0.17837441 -0.87551677 -0.44905785 -0.98286629 -0.13699967 -0.12330862
0.13519672 -0.86826456 -0.47732440 -0.99030167 -0.10285009 -0.09340488
0.13475402 -0.86980933 -0.47462946 -0.99037868 -0.10300773 -0.09240980
0.12684575 -0.84426349 -0.52070075 -0.99178946 -0.09935127 -0.08051769
0.12796800 -0.85197097 -0.50771028 -0.99177831 -0.10995176 -0.06547078
0.13462836 -0.85033733 -0.50872558 -0.98864216 -0.08065954 -0.12680991
0.22270024 -0.85418642 -0.46986184 -0.97283930 -0.16349591 -0.16386846
0.28800881 -0.84122545 -0.45759228 -0.95549363 -0.22055271 -0.19592986
0.31176341 -0.82921988 -0.46389437 -0.94712353 -0.23221184 -0.22143792
0.34881142 -0.81462955 -0.46336743 -0.93218726 -0.25054282 -0.26125693
0.37769887 -0.80157572 -0.46348676 -0.92245114 -0.28240439 -0.26330906
0.34238300 -0.88835549 -0.30593866 -0.91483355 -0.24099249 -0.32404035
-0.89262420 -0.18487979 -0.41114658 -0.26712400 0.95159250 0.15204096
0.38223776 -0.82179511 -0.42254835 -0.91965485 -0.29369569 -0.26072550
0.38303271 -0.83704126 -0.39070177 -0.91965592 -0.30584866 -0.24635252
0.37128222 -0.84340250 -0.38835770 -0.92507392 -0.29999354 -0.23289925
0.37127793 -0.85096300 -0.37150332 -0.92458344 -0.30201021 -0.23223992
0.37178701 -0.85300511 -0.36627415 -0.92368758 -0.30056128 -0.23762190
0.36634725 -0.86307132 -0.34770328 -0.92788923 -0.31100586 -0.20566216
0.36073983 -0.86549008 -0.34755394 -0.93011504 -0.30629614 -0.20265409
0.35932526 -0.86834782 -0.34184417 -0.93020684 -0.30389744 -0.20581934
0.35842624 -0.86823899 -0.34306231 -0.93098044 -0.30513877 -0.20041408
0.36453906 -0.86445475 -0.34616369 -0.92401624 -0.28975919 -0.24946672
0.36595958 -0.86410874 -0.34552819 -0.92283094 -0.28898346 -0.25469905
0.36288005 -0.86307073 -0.35132173 -0.92609876 -0.29225966 -0.23859046
0.37270299 -0.84894520 -0.37467933 -0.92129403 -0.29024869 -0.25879142
0.38240328 -0.84962183 -0.36319491 -0.91104400 -0.28111264 -0.30161992
0.38109958 -0.85717392 -0.34643319 -0.90674824 -0.27339056 -0.32103786
0.38397357 -0.84917539 -0.36258167 -0.90905845 -0.27885890 -0.30959719
0.39335695 -0.84100318 -0.37146205 -0.90479439 -0.28241327 -0.31873170
0.37033543 -0.84938353 -0.37603107 -0.92239416 -0.28844267 -0.25688493
0.37818742 -0.85107607 -0.36420298 -0.91760457 -0.29262939 -0.26901665
0.39413777 -0.83189356 -0.39065126 -0.90893888 -0.28995273 -0.29959559
0.40869907 -0.82304233 -0.39441910 -0.89849889 -0.28698328 -0.33217520
0.42620239 -0.80806184 -0.40667871 -0.89009893 -0.29434538 -0.34797236
0.42173278 -0.81047714 -0.40653205 -0.89187920 -0.29001015 -0.34705287
0.42969191 -0.79922438 -0.42024440 -0.89006543 -0.29646599 -0.34625351
0.43332493 -0.80818009 -0.39884129 -0.88919646 -0.31128982 -0.33530328
0.44146311 -0.79013562 -0.42520115 -0.88299936 -0.29835436 -0.36234906
0.45435816 -0.77234012 -0.44390252 -0.87306923 -0.28710052 -0.39411104
0.45605284 -0.76477915 -0.45511395 -0.87960666 -0.30960071 -0.36116421
0.43888539 -0.77824312 -0.44912958 -0.88931870 -0.30478537 -0.34090796
0.43652239 -0.79389071 -0.42330334 -0.88754588 -0.30293289 -0.34712246
0.42139500 -0.81019354 -0.40744656 -0.90161562 -0.32595825 -0.28432459
0.41234961 -0.81105429 -0.41492015 -0.90331560 -0.30486566 -0.30179113
0.39844948 -0.82971352 -0.39091367 -0.91061866 -0.30693629 -0.27670151
0.35382536 -0.87392622 -0.33325750 -0.93142611 -0.29678649 -0.21062589
0.37731546 -0.85041738 -0.36663780 -0.92096561 -0.30300131 -0.24497458
0.36365229 -0.86390388 -0.34846395 -0.92895937 -0.30852124 -0.20457077
0.36088249 -0.86316597 -0.35314071 -0.93074948 -0.30942863 -0.19483151
0.35511842 -0.86063910 -0.36495385 -0.93324989 -0.30376148 -0.19176453
0.34170380 -0.86255050 -0.37315571 -0.93824106 -0.29017472 -0.18842056
0.30682805 -0.87308866 -0.37891009 -0.95037198 -0.25952062 -0.17158747
0.28963566 -0.88388562 -0.36722940 -0.95642453 -0.25246936 -0.14666741
0.26662436 -0.89542711 -0.35654148 -0.96322429 -0.23477109 -0.13069639
0.18319502 -0.91582739 -0.35735109 -0.98292208 -0.16419075 -0.08310051
0.35640779 -0.86599147 -0.35075957 -0.93296129 -0.30953813 -0.18376486
0.34121263 -0.85525072 -0.39002582 -0.93789524 -0.28210342 -0.20191623
0.38943303 -0.83395338 -0.39097792 -0.91506791 -0.30199304 -0.26730302
0.40143391 -0.81549525 -0.41691533 -0.90850741 -0.29687905 -0.29407007
0.33547035 -0.88408107 -0.32536176 -0.92438889 -0.24235989 -0.29456222
0.41669115 -0.78978217 -0.45012522 -0.90126634 -0.29427132 -0.31799909
0.33382821 -0.79662180 -0.50393695 -0.93835998 -0.22998850 -0.25804248
0.33435032 -0.80230218 -0.49449074 -0.93817848 -0.23344947 -0.25558278
0.33914354 -0.84081703 -0.42191046 -0.93967724 -0.28152317 -0.19429711
0.27545464 -0.88010240 -0.38670990 -0.96057647 -0.23623490 -0.14658102
0.17513491 -0.89063615 -0.41963691 -0.98398858 -0.14401959 -0.10499957
0.14356430 -0.89055073 -0.43163499 -0.98939025 -0.11933895 -0.08285638
0.14404933 -0.90027946 -0.41078797 -0.98953176 -0.12736996 -0.06785209
0.13724431 -0.92371112 -0.35766152 -0.99053085 -0.12668562 -0.05290980
0.13691224 -0.92415673 -0.35663632 -0.99049914 -0.13241114 -0.03713254
0.14569050 -0.92162949 -0.35968509 -0.98914903 -0.12873845 -0.07078545
0.15356925 -0.92108494 -0.35779753 -0.98793846 -0.13584474 -0.07432260
0.18453164 -0.92705595 -0.32636684 -0.98264843 -0.16770634 -0.07922554
0.21541075 -0.92070603 -0.32542077 -0.97640318 -0.19783968 -0.08658186
0.26409611 -0.90912604 -0.32209185 -0.96446419 -0.24619655 -0.09589665
0.25310054 -0.91222674 -0.32215300 -0.96729493 -0.23285255 -0.10059985
0.30949941 -0.88238126 -0.35441977 -0.95037389 -0.27464622 -0.14614727
0.34641400 -0.87177151 -0.34642732 -0.93693531 -0.30328143 -0.17370272
0.35706031 -0.87090671 -0.33768243 -0.93256164 -0.31175622 -0.18203551
0.31349996 -0.88853776 -0.33499005 -0.94907004 -0.28153232 -0.14144105
0.31718862 -0.89121538 -0.32423225 -0.94779128 -0.28603148 -0.14098832
0.33946964 -0.88162667 -0.32786399 -0.93792683 -0.29092631 -0.18882605
0.34225267 -0.88006794 -0.32915586 -0.93633217 -0.29022095 -0.19762073
0.35581800 -0.87282777 -0.33401391 -0.92971969 -0.29428592 -0.22139814
0.36516529 -0.86216211 -0.35118490 -0.92382807 -0.28905219 -0.25097919
0.33169207 -0.89207882 -0.30688068 -0.93518335 -0.26811627 -0.23139957
0.33141759 -0.88810122 -0.31849444 -0.93910235 -0.27801767 -0.20197272
0.31026524 -0.91378635 -0.26216406 -0.94721645 -0.27373937 -0.16687670
0.30602953 -0.92010254 -0.24445312 -0.95138097 -0.28614789 -0.11399024
0.31097290 -0.90335894 -0.29536167 -0.94971812 -0.28342625 -0.13306049
0.28762180 -0.91336995 -0.28814778 -0.95772398 -0.27624118 -0.08034716
0.30511019 -0.89748418 -0.31848082 -0.95192605 -0.27784178 -0.12899911
0.27691978 -0.90520811 -0.32235658 -0.96089065 -0.26011774 -0.09501582
0.21030730 -0.92815828 -0.30707186 -0.97750288 -0.20480783 -0.05041774
0.24652767 -0.92627442 -0.28502613 -0.96886277 -0.24253874 -0.04979915
0.21909149 -0.93901163 -0.26505876 -0.97511947 -0.22013102 -0.02616310
0.17977314 -0.94590926 -0.27006903 -0.98147857 -0.19094737 0.01546044
0.12559807 -0.96671712 -0.22289728 -0.99068719 -0.13412140 0.02345953
0.12334372 -0.95641261 -0.26469100 -0.99102193 -0.13258187 0.01725272
0.12331692 -0.96189046 -0.24404858 -0.99120778 -0.13127522 0.01655283
0.12129307 -0.96275544 -0.24164024 -0.99217004 -0.12489418 -0.00041712
0.11324614 -0.96879190 -0.22049415 -0.99221867 -0.12183002 0.02568326
0.11115166 -0.96540481 -0.23587891 -0.99274933 -0.11879001 0.01837688
0.10862154 -0.97785544 -0.17888582 -0.99274546 -0.11603706 0.03149458
0.10884985 -0.97694355 -0.18366545 -0.99264860 -0.11666017 0.03223656
0.10952521 -0.97611463 -0.18762858 -0.99212331 -0.11889962 0.03942446
0.11079475 -0.97569811 -0.18904421 -0.99209332 -0.11986344 0.03719661
0.11014777 -0.97410274 -0.19746245 -0.99328995 -0.11493044 0.01289052
0.11182448 -0.96942806 -0.21841380 -0.99331665 -0.11536834 0.00349881
0.11408319 -0.97355086 -0.19794911 -0.99303329 -0.11766175 0.00637180
0.11512562 -0.96852386 -0.22069821 -0.99332649 -0.11380611 -0.01872863
0.11445209 -0.97364849 -0.19725475 -0.99334759 -0.10962485 -0.03525712
0.11976021 -0.96635973 -0.22761032 -0.99277365 -0.11480898 -0.03491938
0.12709984 -0.96100408 -0.24559498 -0.99182129 -0.12022102 -0.04286511
0.12784807 -0.96135587 -0.24382316 -0.99168169 -0.12760665 -0.01685326
0.12809315 -0.95535016 -0.26626727 -0.99174541 -0.12182738 -0.03998982
0.12440874 -0.95595050 -0.26585919 -0.99207050 -0.11501978 -0.05066225
0.11929540 -0.95659012 -0.26590237 -0.99269795 -0.11009837 -0.04928608
0.11784090 -0.95798248 -0.26150176 -0.99275643 -0.10744087 -0.05376957
0.11452681 -0.95318031 -0.27987662 -0.99286002 -0.10036591 -0.06446511
0.11171892 -0.96186310 -0.24967639 -0.99284875 -0.09740072 -0.06902470
0.11188605 -0.96110213 -0.25251567 -0.99204677 -0.09328631 -0.08450375
0.11036561 -0.96626002 -0.23272517 -0.99277771 -0.09609707 -0.07181759
0.10583431 -0.97672719 -0.18655583 -0.99292362 -0.09363918 -0.07303687
0.09713061 -0.97396004 -0.20485978 -0.99357039 -0.08285852 -0.07715141
0.07622226 -0.97436684 -0.21165870 -0.99518442 -0.06122210 -0.07654979
0.06362895 -0.96983016 -0.23533125 -0.99640661 -0.04852811 -0.06941824
0.09113778 -0.96872383 -0.23079874 -0.99430060 -0.07564481 -0.07512792
0.09130197 -0.96206146 -0.25710252 -0.99445599 -0.07456060 -0.07414906
0.10773753 -0.96179062 -0.25169715 -0.99296391 -0.09158511 -0.07506552
0.09152927 -0.97366035 -0.20882489 -0.99293196 -0.07332506 -0.09332525
0.08560608 -0.95408529 -0.28704157 -0.99576813 -0.07226424 -0.05677773
-0.00705610 -0.95161635 -0.30720764 -0.99930644 0.01794337 -0.03262941
-0.00882778 -0.96797156 -0.25090480 -0.99755508 0.02592022 -0.06490049
0.10853044 -0.97553146 -0.19120540 -0.99285334 -0.09676798 -0.06984427
0.10780469 -0.98044175 -0.16465770 -0.99322784 -0.09899782 -0.06081118
0.11454432 -0.97186303 -0.20582019 -0.99278104 -0.10456784 -0.05874939
0.11091644 -0.98104024 -0.15892658 -0.99251997 -0.10113749 -0.06837650
0.10886620 -0.96669453 -0.23162469 -0.99291921 -0.09460603 -0.07184133
0.11534727 -0.96680230 -0.22800958 -0.99311167 -0.10748336 -0.04665409
0.10846286 -0.96109903 -0.25401679 -0.99310642 -0.09333290 -0.07091266
0.12193840 -0.95833337 -0.25831798 -0.99226582 -0.11161256 -0.05432552
0.12418447 -0.94805032 -0.29288033 -0.99218076 -0.11493183 -0.04866249
0.12787850 -0.95285380 -0.27516666 -0.99177766 -0.12147851 -0.04025110
0.12909171 -0.95036364 -0.28309771 -0.99161887 -0.12221158 -0.04190895
0.12055389 -0.96050727 -0.25078404 -0.99243617 -0.11071317 -0.05303863
0.11332663 -0.97182095 -0.20669095 -0.99307275 -0.10429334 -0.05412493
0.12355859 -0.96559757 -0.22881162 -0.99216610 -0.12449177 -0.01040901
0.11420257 -0.97411120 -0.19510290 -0.99189937 -0.12279777 0.03250189
0.13178650 -0.95344949 -0.27123144 -0.99005556 -0.14018634 0.01174143
0.12688719 -0.95549637 -0.26631999 -0.99116600 -0.13258281 0.00343988
0.12783054 -0.95713282 -0.25991580 -0.99164057 -0.12798360 -0.01640783
0.14000757 -0.95033741 -0.27795103 -0.98964006 -0.14332043 -0.00847031
0.14442389 -0.94356740 -0.29803073 -0.98951441 -0.13824415 -0.04183067
0.14019494 -0.95257157 -0.27009785 -0.99010968 -0.13633937 -0.03308189
0.12926860 -0.95008153 -0.28396261 -0.99159318 -0.12220376 -0.04253491
0.12928052 -0.95198399 -0.27751234 -0.99157703 -0.12189637 -0.04377537
0.14367180 -0.94456106 -0.29523358 -0.98962379 -0.13659266 -0.04457795
0.14111850 -0.93814898 -0.31616789 -0.98999274 -0.13376702 -0.04495359
0.13041148 -0.94481164 -0.30053923 -0.99145979 -0.12447275 -0.03891147
0.12529302 -0.94842678 -0.29118446 -0.99201876 -0.11557479 -0.05041063
0.11127323 -0.95365888 -0.27955872 -0.99315399 -0.09665007 -0.06560428
-0.03119072 -0.94862133 -0.31487268 -0.99946970 0.03254952 0.00094327
-0.05840365 -0.96368498 -0.26057681 -0.99585658 0.07446676 -0.05219513
-0.09756591 -0.97554857 -0.19694138 -0.99015832 0.11509965 -0.07961559
-0.11583577 -0.96599215 -0.23117384 -0.99321485 0.11023206 0.03705655
-0.09910466 -0.98429519 -0.14608674 -0.99372888 0.10553753 -0.03694327
-0.11841945 -0.97095478 -0.20790289 -0.99096042 0.10226800 0.08682600
-0.19340935 -0.94236141 -0.27303448 -0.97630304 0.15732005 0.14860316
-0.14981763 -0.95990467 -0.23693419 -0.98732084 0.13253205 0.08736587
-0.12243885 -0.96098775 -0.24801472 -0.99246269 0.11725296 0.03563223
-0.12984569 -0.94103414 -0.31240189 -0.99129206 0.13016534 0.01992613
-0.13188466 -0.93627560 -0.32556790 -0.99040091 0.11074847 0.08270960
-0.07657336 -0.93016028 -0.35908008 -0.99588633 0.05385248 0.07287215
-0.11268356 -0.91869819 -0.37854478 -0.98946583 0.06890289 0.12731802
0.02289637 -0.92482203 -0.37971050 -0.99788374 -0.04426233 0.04763330
-0.01302161 -0.89706951 -0.44169760 -0.99865907 -0.01046769 0.05070075
0.12072398 -0.93376261 -0.33691716 -0.99267578 -0.11510794 -0.03667457
0.12617104 -0.93449682 -0.33286121 -0.99196804 -0.12188280 -0.03382358
0.06779595 -0.92187959 -0.38149944 -0.99584419 -0.08583397 0.03044407
0.08818439 -0.91293865 -0.39845517 -0.99391139 -0.10717130 0.02558217
0.04744498 -0.91057986 -0.41060123 -0.99494416 -0.07950792 0.06135686
0.11750793 -0.89725649 -0.42558518 -0.98960155 -0.14159578 0.02528681
0.12258065 -0.90455967 -0.40834519 -0.99013072 -0.13962628 0.01207171
0.12531313 -0.90327597 -0.41035250 -0.98982453 -0.14193100 0.01014945
0.11960720 -0.89351523 -0.43281025 -0.98908585 -0.14501910 0.02605063
0.12232389 -0.90869349 -0.39914039 -0.99039018 -0.13790713 0.01043974
0.12682013 -0.91884530 -0.37368441 -0.99102038 -0.13346176 -0.00816372
0.13024373 -0.93059713 -0.34209019 -0.99122578 -0.13005832 -0.02358753
0.13270138 -0.93017578 -0.34229130 -0.99097258 -0.13115875 -0.02776212
0.13487858 -0.91752779 -0.37409961 -0.99069369 -0.13183551 -0.03384285
0.12880717 -0.91038102 -0.39321128 -0.99094111 -0.13335830 -0.01585273
0.13479309 -0.91555476 -0.37893298 -0.99080706 -0.12897697 -0.04082111
0.14297111 -0.90049988 -0.41068146 -0.98971814 -0.12834196 -0.06313695
0.13874321 -0.88381189 -0.44679612 -0.99018204 -0.11604461 -0.07793136
0.13048254 -0.87242615 -0.47100633 -0.99144590 -0.11335111 -0.06470381
0.12559763 -0.84937823 -0.51262254 -0.99207097 -0.10988726 -0.06099207
0.11025459 -0.82078552 -0.56049544 -0.99388897 -0.08801629 -0.06661667
0.11123911 -0.81901556 -0.56288493 -0.99347901 -0.07739414 -0.08372354
0.10872835 -0.79585022 -0.59565145 -0.99327892 -0.06305531 -0.09706178
0.12248243 -0.84825861 -0.51522368 -0.99237627 -0.09751367 -0.07536887
0.14996573 -0.85759813 -0.49197131 -0.98781943 -0.10907540 -0.11097437
0.19619910 -0.84994704 -0.48897442 -0.97917879 -0.14332631 -0.14375855
0.29282221 -0.81523347 -0.49964949 -0.95117086 -0.19500856 -0.23926067
0.19446775 -0.79742819 -0.57121855 -0.97909749 -0.12242620 -0.16241907
0.17052510 -0.78968292 -0.58934039 -0.98458451 -0.11293349 -0.13356414
0.39390743 -0.77718657 -0.49073216 -0.91345304 -0.27165213 -0.30299959
0.44896567 -0.75327402 -0.48063308 -0.88479531 -0.29966900 -0.35684144
0.46686396 -0.74935097 -0.46958622 -0.87430900 -0.31141230 -0.37229857
0.46476537 -0.76398057 -0.44757903 -0.86391968 -0.28051659 -0.41827416
0.43515354 -0.80624503 -0.40076229 -0.87418079 -0.27179104 -0.40241474
0.40828711 -0.82330793 -0.39429143 -0.89845675 -0.28601983 -0.33311892
0.38737199 -0.84768724 -0.36244905 -0.90879595 -0.28499892 -0.30473831
0.38337141 -0.85786748 -0.34218386 -0.90789527 -0.28201643 -0.31015006
0.37006345 -0.87229139 -0.31962597 -0.90356570 -0.25799081 -0.34206700
0.39823562 -0.84413296 -0.35895392 -0.88659781 -0.25384873 -0.38665903
0.41466480 -0.83017021 -0.37265351 -0.87114263 -0.24380079 -0.42622975
0.42108110 -0.83418727 -0.35612124 -0.83710617 -0.20625378 -0.50666827
0.39052540 -0.86161798 -0.32419807 -0.85303700 -0.20627119 -0.47935390
0.37911069 -0.86735862 -0.32243457 -0.88291234 -0.23474039 -0.40664819
0.36615574 -0.87478524 -0.31730235 -0.90312684 -0.25189176 -0.34772471
0.34937531 -0.88291037 -0.31369758 -0.91749066 -0.25443029 -0.30573866
0.32761362 -0.89871502 -0.29151440 -0.92963761 -0.25154915 -0.26925251
0.31449881 -0.91358423 -0.25778756 -0.92944264 -0.24116361 -0.27924287
0.29444641 -0.93007100 -0.21970275 -0.93641049 -0.23486650 -0.26071677
0.28707817 -0.93454856 -0.21025026 -0.93593127 -0.22690734 -0.26934332
0.27229261 -0.94829828 -0.16305555 -0.93869680 -0.22455892 -0.26157540
-0.95537984 -0.17188106 -0.24022131 -0.21078785 0.96644324 0.14681953
-0.92179286 -0.08712927 -0.37776506 -0.15553322 0.97567588 0.15448625
-0.96329379 -0.09766077 -0.25005504 -0.12102549 0.98943675 0.07979819
-0.88677436 -0.05717867 -0.45865226 -0.06943902 0.99753714 0.00989617
-0.88381988 -0.05796651 -0.46422237 -0.08394716 0.99583852 0.03547627
-0.97773325 -0.08449892 -0.19208762 -0.04420945 0.97774613 -0.20508060
-0.98080778 -0.15536976 -0.11779790 -0.13625669 0.97833377 -0.15587562
-0.96487182 -0.14514376 -0.21898782 -0.15707584 0.98685509 0.03800283
-0.91700035 -0.11772837 -0.38111740 -0.20083931 0.96177721 0.18614019
-0.83500659 -0.04750164 -0.54818583 -0.10849606 0.99092114 0.07939743
-0.76571888 0.00962685 -0.64310348 -0.15951185 0.96580738 0.20438221
-0.86205196 -0.03993427 -0.50524420 -0.15677989 0.96900654 0.19090936
-0.88213116 -0.06640167 -0.46629980 -0.18080591 0.96190274 0.20506674
-0.92022938 -0.09724157 -0.37910694 -0.17851946 0.96629709 0.18547434
-0.92959648 -0.10835918 -0.35229066 -0.20019424 0.95096934 0.23575309
0.30393565 -0.92359048 -0.23367463 -0.89693779 -0.19472934 -0.39696738
0.32333678 -0.90590799 -0.27346674 -0.92451108 -0.24078271 -0.29547083
0.36358240 -0.88121688 -0.30210033 -0.87800795 -0.21579026 -0.42724299
0.37181571 -0.87601030 -0.30717921 -0.86881381 -0.21182838 -0.44753918
0.33388358 -0.90320212 -0.26971802 -0.86625177 -0.18118599 -0.46559605
-0.87906504 -0.07315264 -0.47105563 -0.23009384 0.93053633 0.28488412
-0.88336021 -0.06908176 -0.46357587 -0.20839430 0.94382352 0.25645480
-0.83317602 -0.03286227 -0.55203062 -0.20978782 0.94239742 0.26053056
-0.77624255 -0.00634368 -0.63040257 -0.21547288 0.94240034 0.25583801
-0.76315391 -0.00385787 -0.64620537 -0.27039951 0.91013712 0.31390217
-0.82380742 -0.04702218 -0.56491619 -0.27526444 0.90435851 0.32613683
-0.82708609 -0.06728493 -0.55803347 -0.29411784 0.89784688 0.32766712
0.36430082 -0.88461846 -0.29109293 -0.83466637 -0.17150921 -0.52337050
0.38987011 -0.86196440 -0.32406595 -0.85660130 -0.21029939 -0.47117776
0.40459940 -0.85059059 -0.33584958 -0.82509190 -0.18116388 -0.53516638
0.42712024 -0.82883227 -0.36139378 -0.78684914 -0.14379947 -0.60015857
0.40919712 -0.84914625 -0.33392888 -0.77137548 -0.12645227 -0.62369037
-0.79131228 -0.06602063 -0.60783738 -0.34917521 0.86488152 0.36063361
-0.79095858 -0.06397457 -0.60851616 -0.34979638 0.86325455 0.36391497
-0.78456324 -0.04120213 -0.61867839 -0.32378811 0.87816381 0.35212159
-0.71414870 0.02140351 -0.69966668 -0.31435856 0.88326359 0.34788525
-0.67266893 0.03900260 -0.73891497 -0.36691436 0.84960902 0.37886474
-0.68210727 0.02729692 -0.73074257 -0.36936271 0.84959221 0.37651595
0.42327452 -0.83588862 -0.34946942 -0.58086002 0.04565006 -0.81272238
0.45127752 -0.81780601 -0.35713011 -0.38186339 0.18473707 -0.90556759
0.46658051 -0.80164856 -0.37371415 -0.62240028 0.00262496 -0.78269476
0.46505979 -0.80272818 -0.37329182 -0.64610964 -0.01950812 -0.76299536
0.46546668 -0.80151659 -0.37538239 -0.70203149 -0.07607442 -0.70807099
0.48193121 -0.77951497 -0.40012351 -0.71778917 -0.08933434 -0.69050574
0.53613800 -0.74633914 -0.39437807 -0.48561263 0.10944998 -0.86729527
0.46713161 -0.81419146 -0.34479028 -0.67539513 -0.07690719 -0.73343492
0.48321766 -0.76332825 -0.42875487 -0.77523345 -0.14548682 -0.61469233
0.46145910 -0.79411894 -0.39551315 -0.81510276 -0.20351239 -0.54239303
0.46635321 -0.78240496 -0.41274360 -0.83260804 -0.23063286 -0.50355983
0.46832082 -0.77523220 -0.42389941 -0.84499151 -0.25277007 -0.47127128
0.48646185 -0.75183976 -0.44507515 -0.81111127 -0.19928485 -0.54989457
0.47963610 -0.74441385 -0.46453983 -0.84187067 -0.24113855 -0.48281053
0.48748299 -0.73189425 -0.47612104 -0.84902442 -0.27008986 -0.45410258
0.50517005 -0.70639235 -0.49579543 -0.84515274 -0.28863439 -0.44989681
0.53699839 -0.67070395 -0.51165313 -0.82883483 -0.30656600 -0.46802795
0.55070984 -0.62465447 -0.55364740 -0.81523299 -0.26011550 -0.51743132
0.53368926 -0.69184947 -0.48633334 -0.80066144 -0.22823577 -0.55394024
0.53682798 -0.68887198 -0.48710492 -0.80227309 -0.23812553 -0.54740685
0.53339601 -0.69502455 -0.48210955 -0.80252928 -0.23572829 -0.54806840
0.52288783 -0.71064198 -0.47071895 -0.77718878 -0.17065576 -0.60568500
0.52262920 -0.72800612 -0.44369578 -0.74177301 -0.13173562 -0.65758538
0.54863548 -0.70978689 -0.44181633 -0.64617115 -0.02465153 -0.76279438
0.58241028 -0.69225174 -0.42612898 -0.56752884 0.02903840 -0.82284135
0.58038646 -0.63501197 -0.50981516 -0.71369165 -0.09515060 -0.69396740
0.57175195 -0.65213776 -0.49781141 -0.71051991 -0.09021637 -0.69787002
0.64714664 -0.58277696 -0.49149993 -0.54290247 0.10032339 -0.83378178
0.59460026 -0.61154366 -0.52198166 -0.70775938 -0.09008048 -0.70068705
0.58508354 -0.60780144 -0.53689361 -0.76023257 -0.18056849 -0.62405252
0.63945812 -0.52559030 -0.56111330 -0.73200041 -0.19304287 -0.65338337
0.50061244 -0.77766031 -0.38030475 -0.80970347 -0.26524043 -0.52347666
-0.92486227 -0.13760063 -0.35453618 -0.21901385 0.95484871 0.20074084
0.57325858 -0.62123233 -0.53427058 -0.78083056 -0.21655270 -0.58601075
0.54530072 -0.64727235 -0.53262144 -0.81815875 -0.27273268 -0.50619483
0.54223317 -0.65563399 -0.52547818 -0.82655555 -0.30385876 -0.47378877
0.38637602 -0.68956184 -0.61255038 -0.91525966 -0.20450522 -0.34709859
0.38454878 -0.67270482 -0.63213170 -0.91648442 -0.19636117 -0.34856644
0.40881357 -0.65576422 -0.63470054 -0.90595281 -0.20770901 -0.36892617
0.41617993 -0.61604035 -0.66879630 -0.89937341 -0.17060032 -0.40252084
0.27068299 -0.73874509 -0.61724097 -0.96109104 -0.17068842 -0.21718542
0.44802490 -0.70344770 -0.55175638 -0.88710195 -0.27315903 -0.37206760
0.27203125 -0.75490844 -0.59675145 -0.95923203 -0.16334209 -0.23063670
0.26684457 -0.72774678 -0.63180590 -0.96124834 -0.15387377 -0.22874554
0.13543268 -0.68498635 -0.71585739 -0.99076700 -0.08908996 -0.10219467
0.09624644 -0.68359071 -0.72349185 -0.99535435 -0.06425131 -0.07170466
0.04842287 -0.69869959 -0.71377456 -0.99881393 -0.03752610 -0.03102655
0.03734360 -0.79732424 -0.60239482 -0.99903053 -0.04385006 -0.00389227
0.13605958 -0.79329914 -0.59343433 -0.98986191 -0.08421297 -0.11437514
0.09341516 -0.77893507 -0.62010783 -0.99559242 -0.06786870 -0.06472761
0.07349088 -0.75311685 -0.65376914 -0.99703372 -0.07051331 -0.03084901
0.04633371 -0.71220547 -0.70044029 -0.99887919 -0.03982588 -0.02558043
0.05350306 -0.76613742 -0.64044577 -0.99379009 -0.10351691 0.04081121
0.08817880 -0.76210403 -0.64142179 -0.99513155 -0.09585457 -0.02291528
0.08130871 -0.81527704 -0.57333434 -0.99365753 -0.11113788 0.01711941
0.06960565 -0.81855822 -0.57019079 -0.99413323 -0.10435379 0.02845078
0.06924357 -0.82566524 -0.55989486 -0.99398535 -0.10483453 0.03166867
0.11536903 -0.82248294 -0.55696654 -0.99271572 -0.11506896 -0.03570481
0.11297204 -0.84224445 -0.52712584 -0.99261391 -0.11927675 -0.02215306
0.12042596 -0.86579734 -0.48568782 -0.99172699 -0.12682688 -0.01981378
0.12822023 -0.89527798 -0.42665789 -0.99129331 -0.12868872 -0.02787172
0.12497799 -0.89532542 -0.42751935 -0.99063337 -0.13649787 -0.00373633
0.11536424 -0.86880261 -0.48153216 -0.99134481 -0.13128228 -0.00063829
0.08621150 -0.85278308 -0.51510066 -0.99401879 -0.10841772 0.01312548
-0.00587815 -0.85468185 -0.51911896 -0.98370969 -0.08833020 0.15656647
0.03582704 -0.83838719 -0.54389656 -0.99416929 -0.08528842 0.06598054
0.03790052 -0.82851177 -0.55868763 -0.99539733 -0.08054880 0.05192448
0.05388860 -0.79475260 -0.60453653 -0.99301749 -0.10627750 0.05119957
-0.28117675 -0.76005405 -0.58588183 -0.94633716 0.11824171 0.30077389
-0.43200433 -0.73135889 -0.52771819 -0.88433284 0.22867873 0.40701535
-0.57089275 -0.70220810 -0.42542356 -0.79127723 0.33236763 0.51323706
-0.41087189 -0.78574586 -0.46237195 -0.88613421 0.22493939 0.40517700
-0.35768136 -0.80252033 -0.47751990 -0.91198653 0.19020160 0.36346117
-0.02118615 -0.84474188 -0.53475434 -0.99257833 -0.04629217 0.11245137
-0.02043368 -0.86708170 -0.49774674 -0.99141920 -0.04672016 0.12208728
-0.27652282 -0.85381979 -0.44105214 -0.94882417 0.16971818 0.26632404
-0.35216960 -0.82056332 -0.45016927 -0.91758376 0.20792067 0.33883482
-0.43622792 -0.80205011 -0.40794715 -0.86708939 0.25348130 0.42883950
-0.42819986 -0.80849349 -0.40371174 -0.87219322 0.25283918 0.41874981
-0.44702300 -0.81099653 -0.37743220 -0.84940177 0.25252473 0.46340904
-0.42324606 -0.82695043 -0.37015647 -0.85561830 0.23046191 0.46347010
-0.38244671 -0.83800805 -0.38920063 -0.90393960 0.25209245 0.34546000
-0.34956846 -0.85201573 -0.38970649 -0.92211807 0.23925203 0.30406696
0.10706986 -0.89031732 -0.44257340 -0.99008101 -0.13620321 0.03447163
-0.13176583 -0.91033220 -0.39234313 -0.98566204 0.07823800 0.14949672
-0.23166277 -0.90662366 -0.35265553 -0.96753430 0.17708209 0.18033135
-0.25325325 -0.90727335 -0.33573490 -0.95991254 0.19257927 0.20366934
-0.32113606 -0.87705970 -0.35726458 -0.93210930 0.22601345 0.28300214
-0.33009911 -0.87778640 -0.34716806 -0.91861951 0.21410333 0.33211145
-0.27299595 -0.90120292 -0.33661044 -0.95076448 0.19939171 0.23725496
-0.25736916 -0.91260058 -0.31768119 -0.94863641 0.17602247 0.26287848
-0.24924737 -0.91231441 -0.32489723 -0.96072048 0.19065641 0.20165913
-0.24429215 -0.91389978 -0.32420456 -0.96209437 0.18663152 0.19885463
-0.23908877 -0.91936010 -0.31243178 -0.96578747 0.19187121 0.17447074
-0.21906285 -0.93575698 -0.27635196 -0.97170299 0.18358470 0.14862686
-0.22219247 -0.94104832 -0.25506574 -0.96918046 0.18462706 0.16310163
-0.24998789 -0.92299241 -0.29255965 -0.94846869 0.17267254 0.26569036
-0.22572817 -0.94693923 -0.22880769 -0.96979183 0.19612950 0.14504163
-0.21337228 -0.95901269 -0.18645906 -0.96359235 0.17510515 0.20205939
-0.22724675 -0.94870991 -0.21979192 -0.93691248 0.15142894 0.31506246
-0.25336310 -0.92243046 -0.29142609 -0.94714803 0.17526518 0.26868701
-0.26620233 -0.90796953 -0.32361665 -0.94426590 0.17819318 0.27678370
-0.26895428 -0.91229278 -0.30884546 -0.92956930 0.16193114 0.33117867
-0.31727046 -0.88412774 -0.34301275 -0.91383791 0.18836045 0.35975081
-0.36963874 -0.85818160 -0.35621840 -0.87623209 0.19438395 0.44094473
-0.31778702 -0.88808548 -0.33213791 -0.90641004 0.18173961 0.38130257
-0.26668683 -0.91699010 -0.29666027 -0.92409271 0.15586516 0.34893954
-0.71812791 0.00661330 0.69587982 0.20863330 0.95600539 0.20621818
-0.36540121 -0.87547398 -0.31627089 -0.84539914 0.16991208 0.50638944
