-0.34150106 0.13771355 0.92973763 0.13881573 0.98574901 -0.09502174
-0.45462361 0.14494002 0.87881160 0.14032379 0.98600423 -0.09002720
-0.53480017 0.15092710 0.83139026 0.09073870 0.98848712 -0.12107721
-0.37893024 0.14746046 0.91360134 0.00689059 0.98764545 -0.15655363
-0.50071996 0.15658681 0.85132843 -0.11352649 0.96312708 -0.24392228
-0.55802041 0.21780606 0.80073327 -0.04968645 0.95443887 -0.29424107
-0.79031163 0.22255167 0.57085758 -0.05287610 0.90345097 -0.42541805
-0.80697954 0.21340466 0.55067468 -0.04292068 0.90877324 -0.41507721
-0.80731308 0.20719489 0.55255407 -0.05670667 0.90476567 -0.42211771
-0.69724977 0.22572327 0.68036157 0.06544080 0.96520823 -0.25316149
-0.63844436 0.22036350 0.73744744 0.07321849 0.97118092 -0.22681873
-0.75360328 0.18776356 0.62994212 0.06257600 0.97447544 -0.21559677
-0.55134398 0.20405422 0.80893868 0.13221468 0.97874457 -0.15677480
-0.72407424 0.21265393 0.65612108 0.15903959 0.97712529 -0.14118291
-0.68378383 0.20934737 0.69900888 0.20781487 0.97415972 -0.08846428
-0.60225999 0.18594292 0.77634281 0.17600922 0.97949249 -0.09805766
-0.51674461 0.17918651 0.83717817 0.24219517 0.96850425 -0.05780113
-0.66326636 0.21816275 0.71587908 0.33365402 0.94244063 0.02192553
-0.74074501 0.21839009 0.63529730 0.23620765 0.96996874 -0.05802314
-0.77443612 0.22197466 0.59243220 0.24707466 0.96817952 -0.03978138
-0.84031260 0.23055233 0.49063271 0.24920827 0.96804303 -0.02806931
-0.90768397 0.23361158 0.34861946 0.21959387 0.97232139 -0.07981107
-0.87327206 0.24448091 0.42145571 0.28965315 0.95604569 0.04558271
-0.83022362 0.23735613 0.50437170 0.29352236 0.95536286 0.03356242
-0.88862193 0.25490990 0.38127697 0.31510898 0.94337326 0.10369775
-0.92710203 0.26854590 0.26146689 0.30986127 0.94163460 0.13156874
-0.94062269 0.25319108 0.22610456 0.27031967 0.96158409 0.04778450
-0.93449241 0.24018209 0.26274812 0.23497960 0.97063291 -0.05153978
-0.96145898 0.24220897 0.13012135 0.22711655 0.96636522 -0.12064968
-0.18983679 -0.95548058 0.22587362 -0.97807360 0.20410754 0.04137907
-0.18823908 -0.94994754 0.24933067 -0.98183584 0.18816060 -0.02437395
-0.20090197 -0.96223837 0.18367310 -0.97940755 0.19347353 -0.05769630
-0.90227687 0.42687139 -0.06064105 0.41558376 0.89850128 0.14137042
-0.31705725 -0.92364961 -0.21528158 -0.94283396 0.33153722 -0.03387146
-0.87220889 0.44802862 -0.19627069 0.42573676 0.89293081 0.14636534
-0.84589261 0.48080730 -0.23084624 0.42269382 0.86829454 0.25960463
-0.78961146 0.49387261 -0.36414781 0.44259289 0.86944968 0.21947390
-0.79232132 0.49375081 -0.35838121 0.45716810 0.86946446 0.18716028
-0.23956366 -0.95289165 0.18602931 -0.95530039 0.19716264 -0.22029117
-0.24009171 -0.94410414 0.22588360 -0.95744753 0.19191191 -0.21555534
-0.23156092 -0.84598428 0.48030216 -0.96568286 0.25959033 -0.00833867
-0.22854300 -0.81473732 0.53288949 -0.96059090 0.27768165 0.01257531
-0.21694435 -0.76764500 0.60303921 -0.95556784 0.29328430 0.02957219
-0.15833406 -0.55647278 0.81563991 -0.88715857 0.44280756 0.12988934
-0.13922346 -0.51609224 0.84514236 -0.88345200 0.45028731 0.12943687
-0.19430120 -0.68971634 0.69752312 -0.97442299 0.21754993 -0.05631904
-0.20744774 -0.73748958 0.64270884 -0.97500753 0.20929185 -0.07454783
-0.18841282 -0.82040489 0.53984863 -0.97466671 0.08874576 -0.20530239
-0.13975565 -0.96935284 0.20204803 -0.96456808 0.08716087 -0.24902096
-0.23233846 -0.84610671 0.47971073 -0.96116424 0.27525380 0.01996758
-0.21048664 -0.81327569 0.54247397 -0.97144681 0.23615012 -0.02289768
-0.20393553 -0.82500231 0.52704978 -0.95711094 0.28118673 0.06980509
-0.21690485 -0.92236394 0.31968281 -0.97605890 0.21033973 -0.05537403
-0.76316863 0.48506385 -0.42695054 0.56093711 0.82530010 -0.06503408
-0.75514746 0.49107125 -0.43428263 0.36092556 0.86446208 0.34991151
-0.23661456 -0.95409340 0.18362813 -0.95769668 0.19716235 -0.20962858
-0.20788606 -0.93069428 0.30098435 -0.97340363 0.16655318 -0.15730698
-0.18028964 -0.87645358 0.44645801 -0.97593224 0.10277875 -0.19233534
-0.21835852 -0.69501972 0.68503076 -0.97021121 0.07913762 -0.22897029
-0.22421139 -0.65243053 0.72392249 -0.96636999 0.05285639 -0.25166515
-0.22237046 -0.69315439 0.68562996 -0.96276397 0.04522293 -0.26653421
-0.19004431 -0.76225656 0.61874712 -0.80592340 -0.23880042 -0.54172117
-0.14174080 -0.81728709 0.55852610 -0.90571761 -0.12062304 -0.40635669
-0.55045247 0.59161830 -0.58905852 0.68456644 0.72372043 0.08716454
-0.07264754 -0.92292851 0.37805462 -0.96405780 -0.03214971 -0.26374048
-0.06657892 -0.93294096 0.35381985 -0.97148347 -0.02026491 -0.23623967
-0.03328978 -0.93744671 0.34653354 -0.99534684 -0.00027310 -0.09635692
-0.03095508 -0.94006395 0.33959034 -0.99702239 0.00503371 -0.07694831
-0.01059628 -0.94271183 0.33343992 -0.99002343 -0.03696417 -0.13596790
-0.01639081 -0.91419822 0.40493581 -0.98784983 -0.04779123 -0.14788103
0.04029632 -0.91364491 0.40451109 -0.94882017 -0.16190241 -0.27116030
-0.02944253 -0.82578665 0.56321371 -0.92473370 -0.19140781 -0.32898438
-0.23922785 0.55871558 -0.79410768 0.57735133 0.73941660 0.34630704
-0.25846046 0.53733271 -0.80278999 0.70591271 0.67235798 0.22275990
-0.41380596 0.55719459 -0.71992970 0.46839237 0.80842203 0.35645828
-0.60774368 0.57393277 -0.54886150 0.43884620 0.81874877 0.37022218
-0.65442926 0.56465536 -0.50287849 0.45061189 0.82531756 0.34029379
-0.71214724 0.56470186 -0.41708285 0.50618249 0.82469577 0.25230178
-0.66563809 0.56995076 -0.48174903 0.41298416 0.81900847 0.39833301
-0.70909685 0.57224357 -0.41196954 0.53114265 0.81776583 0.22169036
-0.71753526 0.56952477 -0.40097967 0.50241405 0.82192600 0.26836127
-0.63664407 0.55826682 -0.53199875 0.53220803 0.81731910 0.22078067
-0.62024879 0.55680388 -0.55250424 0.57197112 0.80305260 0.16719952
-0.43669653 0.48628256 -0.75685227 0.62413156 0.76967263 0.13440172
-0.68029505 0.55924314 -0.47375715 0.32457149 0.80941182 0.48939335
-0.04597355 -0.81804937 0.57330763 -0.93939412 -0.15978551 -0.30332705
-0.15930040 -0.61425370 0.77286214 -0.96088314 -0.08318331 -0.26416704
-0.27771741 -0.47379643 0.83569735 -0.84903008 -0.28595713 -0.44427079
-0.07344687 -0.60725939 0.79110157 -0.99660134 0.07436116 -0.03544518
-0.07173418 -0.76522535 0.63975346 -0.99368906 0.11028247 0.02049145
-0.06700366 -0.75731921 0.64959848 -0.98467332 0.15526408 0.07944564
-0.05575183 -0.64539897 0.76180840 -0.95331448 0.26121002 0.15152842
-0.00749779 -0.59668666 0.80243933 -0.88438320 0.37847748 0.27316901
-0.05432171 -0.78761363 0.61377031 -0.93954927 0.24843317 0.23564421
-0.08298775 -0.84970903 0.52068001 -0.90962929 0.27799895 0.30869275
-0.07755503 -0.84711814 0.52571476 -0.91638315 0.26827589 0.29710269
-0.12294144 -0.90351409 0.41054559 -0.93717927 0.24178514 0.25146568
-0.88912940 0.20203233 0.41064820 0.07039847 0.94698340 -0.31347495
-0.89992207 0.19739132 0.38881478 0.10782550 0.96471709 -0.24019718
-0.89492148 0.19896346 0.39941096 0.11916988 0.96914703 -0.21576062
-0.80896932 0.20798458 0.54982817 0.15680058 0.97777677 -0.13916279
-0.80210871 0.20731294 0.56003845 0.15690792 0.97802132 -0.13731071
-0.88039398 0.20930392 0.42555660 0.17793225 0.97756839 -0.11269569
-0.18871807 -0.92400134 0.33257648 -0.95679307 0.24928810 0.14967510
-0.90009207 0.22751111 0.37158188 0.21942222 0.97349328 -0.06453580
-0.92801785 0.19364303 0.31825352 0.15050180 0.97635043 -0.15520674
-0.18416390 -0.95288837 0.24101350 -0.96187812 0.22516094 0.15521964
-0.96024626 0.18795273 0.20639995 0.14161272 0.96515292 -0.22005844
-0.13334273 -0.92175287 0.36413088 -0.98425525 0.16617621 0.06022591
-0.13109322 -0.91407257 0.38377857 -0.98880213 0.09271345 -0.11693839
-0.09960172 -0.92939395 0.35539606 -0.99476755 0.10117035 -0.01421918
-0.08397081 -0.85345113 0.51436383 -0.98280436 0.15612181 0.09859844
-0.04725405 -0.79707694 0.60202616 -0.90839416 0.28495449 0.30597565
-0.09607475 -0.86716777 0.48866117 -0.98095286 0.16575319 0.10127884
-0.06393705 -0.73465508 0.67542136 -0.95265639 0.24652505 0.17796423
-0.08170539 -0.82616347 0.55747485 -0.97992462 0.16865352 0.10631914
-0.04785569 -0.51413691 0.85637206 -0.97803032 0.19827181 0.06438152
-0.69703025 0.57326609 -0.43071440 0.45425978 0.81780362 0.35333464
-0.02923859 -0.87187082 0.48886243 -0.99112242 -0.03817102 -0.12735529
-0.06066776 -0.76292390 0.64363545 -0.96182328 0.21707880 0.16665176
-0.09027690 -0.90727383 0.41073629 -0.99494261 0.10039758 0.00308657
-0.09027053 -0.91667926 0.38929471 -0.93167865 -0.06038511 -0.35822967
-0.08745354 -0.91487265 0.39415726 -0.95592159 -0.03426047 -0.29161635
-0.09759482 -0.90037936 0.42401925 -0.94560069 -0.04896689 -0.32162336
-0.50790215 0.55908030 -0.65533555 0.65805119 0.74275130 0.12364964
-0.08160219 -0.92332715 0.37524402 -0.95097601 -0.04055531 -0.30659398
-0.18018621 -0.95554107 0.23339704 -0.97884047 0.19758081 0.05322706
-0.95707387 0.27063018 0.10377355 0.27728993 0.95915306 0.05599837
-0.89878809 0.23219576 0.37184027 0.22565022 0.97225279 -0.06169655
-0.81914401 0.23133826 0.52486742 0.26928121 0.96305239 -0.00421204
-0.75459927 0.24470143 0.60885245 0.46015969 0.85881335 0.22515032
-0.55751431 -0.66678596 -0.49454457 -0.80238265 0.27997476 0.52706385
-0.74535018 0.21969204 0.62943518 0.24582820 0.96818173 -0.04682565
-0.82979721 0.19867370 0.52150309 0.16417058 0.98003751 -0.11213623
-0.76597065 0.22048065 0.60388517 0.07827443 0.96434635 -0.25280273
-0.86448997 0.18672450 0.46668097 0.03935832 0.95073622 -0.30749243
-0.87237734 0.16668983 0.45953494 -0.07690813 0.88155556 -0.46577364
-0.70352250 0.32060283 0.63424754 -0.23047395 0.74129909 -0.63036299
-0.72669077 0.30480841 0.61563987 -0.20902121 0.75557667 -0.62081730
-0.60259974 0.43472040 0.66924721 -0.26321733 0.68341398 -0.68092734
-0.61644673 0.20227157 0.76097286 0.01609668 0.96947694 -0.24465376
-0.44181225 0.20053023 0.87440813 -0.23522493 0.91470021 -0.32862264
-0.56516272 0.18311656 0.80440009 0.11210454 0.98305690 -0.14502321
-0.52951145 0.18033606 0.82891291 0.24376850 0.96827632 -0.05493571
-0.10713360 0.13692002 0.98477167 0.03020542 0.99046332 -0.13442531
-0.43233019 0.14994910 0.88916022 0.23668662 0.97037166 -0.04856221
