0.09507167 -0.47494757 0.87486356 0.04520474 0.87999749 0.47282231
0.05463109 0.84637725 0.52977437 0.02446149 0.52927309 -0.84809893
0.12277797 0.81467634 0.56676996 0.10110544 0.55785161 -0.82375932
0.10345504 0.80341613 0.58636141 0.04043325 0.58564037 -0.80956197
0.02746342 -0.57072532 0.82068169 0.11996263 0.81693971 0.56410861
0.10385174 0.84469908 0.52506989 -0.01708211 0.52936149 -0.84822440
0.01630037 -0.40904528 0.91236854 -0.00253297 0.91246992 0.40913600
0.02481633 0.89619941 0.44295692 0.00562496 0.44296122 -0.89652318
-0.04843768 0.90841758 0.41524845 0.01126451 0.41620684 -0.90920019
-0.06893746 -0.42175269 0.90408641 -0.09010103 0.90517092 0.41538835
-0.05281316 -0.44828612 0.89232856 -0.12564334 0.88945764 0.43940753
-0.07879195 -0.44320887 0.89294893 -0.01052317 0.89605355 0.44382125
0.01850333 0.81382167 0.58082014 0.07700042 0.57803434 -0.81237137
0.07087008 0.80553454 0.58829552 0.04164844 0.58687449 -0.80860609
0.12134640 0.79679966 0.59193361 0.08125816 0.58636469 -0.80596131
0.10901885 0.79668951 0.59447521 0.13305409 0.58096284 -0.80298114
0.11571151 0.78122127 0.61343634 0.13923056 0.59873074 -0.78875625
0.14454053 0.77470893 0.61557621 0.10407932 0.60675490 -0.78804570
0.15856893 0.77569997 0.61085635 0.12960453 0.59697795 -0.79171968
0.16010496 0.77313429 0.61370170 0.19282484 0.58524799 -0.78759342
0.16449691 0.77944911 0.60448319 0.02288292 0.60965091 -0.79233968
0.13329069 0.77975339 0.61173373 0.08774333 0.60553312 -0.79096818
0.23534968 0.74547571 0.62359965 0.07348920 0.62613600 -0.77624297
0.24252397 0.73051769 0.63837773 0.11537834 0.63163376 -0.76663333
0.28069812 0.71109563 0.64463294 0.14802384 0.63152659 -0.76109338
0.23293731 0.71951157 0.65425020 0.16085693 0.63498300 -0.75559354
0.21313934 0.71783048 0.66279042 0.19232677 0.63427895 -0.74879950
0.25226295 0.70596683 0.66179621 0.17961359 0.63786888 -0.74890745
0.22125527 0.72306758 0.65438473 0.18463869 0.62781936 -0.75614238
0.15871236 0.74417907 0.64885122 0.15058811 0.63124651 -0.76082265
0.16957906 0.74807906 0.64157677 0.17834865 0.61696160 -0.76651824
0.19320010 0.74379450 0.63987780 0.21052830 0.60554880 -0.76745588
0.15360691 0.74261832 0.65186113 0.21707381 0.61821496 -0.75543982
0.17789464 0.73790598 0.65103632 0.18908167 0.62362927 -0.75850821
0.17008397 0.73558265 0.65573603 0.24832931 0.61196190 -0.75088966
0.17402908 0.72823244 0.66286606 0.26257396 0.61445081 -0.74397922
0.20375782 0.71406323 0.66977352 0.28600460 0.61086738 -0.73826998
0.20272152 0.71311468 0.67109722 0.28704551 0.61194718 -0.73697054
0.20321853 0.71243972 0.67166364 0.30295891 0.60656250 -0.73504961
0.20783557 0.70426917 0.67882949 0.36558464 0.58776397 -0.72172111
0.25471115 0.64828998 0.71752512 0.37092075 0.61974537 -0.69161665
0.23692022 0.64239627 0.72883195 0.35879087 0.63930392 -0.68011737
0.20559184 0.65901864 0.72348225 0.43274397 0.60185164 -0.67119837
0.30475521 0.61295950 0.72897524 0.50946122 0.54176909 -0.66853231
0.23004436 0.66100973 0.71424490 0.41962558 0.59482098 -0.68564016
0.15542229 0.69520462 0.70180804 0.41299948 0.59964281 -0.68546337
0.20362374 0.69588298 0.68868303 0.42363507 0.57153493 -0.70276684
0.19682798 0.69808745 0.68842769 0.43102375 0.56905961 -0.70027828
0.12805787 0.74769717 0.65157515 0.40942931 0.55853134 -0.72139478
0.11968848 0.75238425 0.64775968 0.36583149 0.57311809 -0.73328239
0.16526617 0.72567528 0.66789407 0.35757643 0.58704084 -0.72630727
0.15373260 0.73029107 0.66561347 0.38226157 0.57721674 -0.72159338
0.08688226 0.75831616 0.64607126 0.30996954 0.59575480 -0.74094200
0.10214476 0.75281757 0.65025550 0.29600972 0.60106176 -0.74236315
0.14977866 0.76001900 0.63240612 0.28140914 0.58039767 -0.76416451
0.15162691 0.76095629 0.63083667 0.31529701 0.56763971 -0.76050842
0.11885465 0.77691776 0.61828190 0.34757739 0.55074120 -0.75886375
0.08010813 0.79737359 0.59814554 0.20620504 0.57383686 -0.79258484
0.06770106 0.79757190 0.59941274 0.32636675 0.55003411 -0.76873094
0.06997650 0.80948812 0.58295143 0.31863296 0.53563297 -0.78202963
0.04930729 0.81702793 0.57448602 0.24188304 0.54829538 -0.80054033
0.04849727 0.81472564 0.57781494 0.25720567 0.54879981 -0.79540181
0.05418923 0.80492485 0.59089720 0.25246888 0.56149435 -0.78802514
0.09336407 0.79652029 0.59735972 0.23998529 0.56428665 -0.78992897
0.04531717 0.80663693 0.58930737 0.19495535 0.57142955 -0.79715794
0.05171571 0.80357361 0.59295446 0.19303915 0.57450730 -0.79541016
0.05802116 0.81077379 0.58247703 0.19512880 0.56299597 -0.80309421
-0.18587533 -0.49834740 0.84681773 0.04536568 0.85656494 0.51404130
-0.18488179 -0.48279712 0.85599399 0.04934424 0.86535054 0.49873200
-0.18598990 -0.47736749 0.85879457 0.04745183 0.86866134 0.49312869
-0.15559098 -0.47379208 0.86678290 -0.07165857 0.88057083 0.46846572
0.08225089 0.86417955 0.49641564 0.06933156 0.49193501 -0.86786699
-0.15835780 -0.45203725 0.87782985 0.00455645 0.88870400 0.45845884
-0.15228662 -0.45652792 0.87657923 -0.22651663 0.87943763 0.41866422
0.07423606 0.82316571 0.56292742 0.13508280 0.55098194 -0.82351178
0.04000810 0.81006497 0.58497357 0.14341696 0.57472503 -0.80568159
-0.10251230 -0.47748178 0.87264109 -0.02334747 0.87817603 0.47776759
0.21247733 0.76063585 0.61342198 0.25032634 0.56443799 -0.78660446
0.10838830 0.78593254 0.60873812 0.23105639 0.57565933 -0.78436559
0.18317835 0.76440537 0.61816674 0.23153698 0.57757133 -0.78281671
-0.23582175 -0.46527278 0.85317606 0.05748252 0.86972141 0.49018410
-0.22123934 -0.43123457 0.87469423 0.03431737 0.89292222 0.44890115
-0.18076892 -0.42891857 0.88507152 0.03309417 0.89673454 0.44132984
-0.17212707 -0.41990057 0.89109814 -0.21644431 0.89861447 0.38163340
-0.24508126 -0.42827380 0.86977971 -0.02215951 0.89938039 0.43660498
-0.24448037 -0.43014872 0.86902326 -0.02302642 0.89854246 0.43828219
-0.30029622 -0.47453550 0.82742870 0.04438710 0.85957384 0.50908017
-0.33462620 -0.43671483 0.83504820 -0.03545613 0.89134026 0.45194632
-0.30553326 -0.47394282 0.82584971 0.04014367 0.86014122 0.50847387
-0.37226921 -0.47691825 0.79621893 0.05583504 0.84481758 0.53213328
0.12325817 0.78418583 0.60816127 0.37868935 0.52929217 -0.75923932
0.10848996 0.78816903 0.60582137 0.40447658 0.52169490 -0.75115454
0.07726993 0.82079941 0.56596625 0.34148809 0.51153898 -0.78848821
-0.32974344 -0.48578310 0.80949616 0.03678504 0.85019070 0.52518827
-0.34850883 -0.46990091 0.81100851 0.02391707 0.86051524 0.50886303
-0.48654252 -0.43010873 0.76044917 0.03725174 0.85941595 0.50991821
-0.40333718 -0.45077074 0.79631960 0.02700178 0.86400366 0.50276095
-0.43551445 -0.46325564 0.77182990 0.05900548 0.84088051 0.53799468
0.09309444 0.79326552 0.60171700 0.41073853 0.51992357 -0.74898160
0.08849354 0.78870314 0.60837185 0.42343122 0.52304816 -0.73968011
0.10648452 0.76892883 0.63040423 0.47643760 0.51702887 -0.71111780
0.10590513 0.77044368 0.62864989 0.49933505 0.50551069 -0.70365018
0.09961028 0.77269006 0.62691933 0.47460687 0.51686710 -0.71245825
0.07762298 0.77912134 0.62204874 0.53594738 0.49350166 -0.68499380
-0.55362058 -0.41282985 0.72323972 0.10521466 0.82684195 0.55250555
-0.55271071 -0.40951028 0.72581840 0.10923746 0.82782537 0.55024749
-0.54562533 -0.41226643 0.72960907 0.07964829 0.84117252 0.53486907
-0.50764966 -0.42642111 0.74863672 0.05046825 0.85271800 0.51992798
-0.42861766 -0.45440486 0.78089893 0.09131794 0.83810312 0.53781426
-0.47781017 -0.44348219 0.75830144 0.04072693 0.85110235 0.52341777
0.09465058 0.81888658 0.56609726 0.45086810 0.47172433 -0.75775599
-0.45232296 -0.48182186 0.75050098 0.05411707 0.82512772 0.56234837
-0.59174740 -0.39172626 0.70454633 0.12563415 0.81849855 0.56060338
-0.60357529 -0.38197389 0.69985205 0.12969299 0.81904417 0.55887955
-0.59817326 -0.38150474 0.70472902 0.13406000 0.81937689 0.55735934
-0.60293412 -0.36779454 0.70795316 0.12952806 0.83048820 0.54176742
-0.57428634 -0.37942791 0.72541690 0.08382256 0.85419840 0.51314616
-0.63372225 -0.34892333 0.69039750 0.11816320 0.83835530 0.53216350
0.10905549 0.75319272 0.64869690 0.63394940 0.44995156 -0.62900859
0.12211905 0.73599374 0.66588312 0.60247302 0.47819138 -0.63902998
0.11611933 0.72501534 0.67887342 0.60081619 0.49299243 -0.62926817
0.11090490 0.71268713 0.69265956 0.59176236 0.51258337 -0.62215406
0.13251564 0.69543952 0.70626020 0.60559148 0.50727618 -0.61313123
0.13290896 0.69709104 0.70455617 0.61515200 0.49935555 -0.61010826
0.11801212 0.71082675 0.69339633 0.62815487 0.48737603 -0.60653609
0.21650253 0.63749903 0.73940635 0.70571411 0.42114624 -0.56973988
0.11230485 0.69438803 0.71078330 0.60974574 0.51664710 -0.60107064
0.15633819 0.66894501 0.72668493 0.59283268 0.52491504 -0.61074841
0.15821402 0.66931611 0.72593677 0.55670661 0.54673731 -0.62542480
0.18307550 0.65542865 0.73273236 0.55143225 0.54857701 -0.62847894
0.18475227 0.65570974 0.73205966 0.54685539 0.55032736 -0.63094294
0.19301075 0.64668375 0.73793429 0.54114431 0.55719799 -0.62983590
0.24331328 0.61459410 0.75038183 0.55742598 0.54451150 -0.62672442
0.20313944 0.64955044 0.73267913 0.43614823 0.60991991 -0.66164380
0.18794124 0.65374684 0.73300290 0.49427742 0.58195841 -0.64576638
0.17961363 0.66178364 0.72786081 0.52149874 0.56331795 -0.64086813
0.12803108 0.69183254 0.71061647 0.55558461 0.54349995 -0.62923259
0.11774798 0.71264595 0.69157153 0.55066943 0.53267592 -0.64266604
0.11818220 0.73564661 0.66697609 0.53371710 0.51935428 -0.66739589
0.12187019 0.69543552 0.70817882 0.53368920 0.55566305 -0.63750643
0.10830672 0.71474105 0.69095212 0.53681803 0.54294485 -0.64578426
0.09025520 0.75738537 0.64670044 0.52193648 0.51706219 -0.67840189
0.06088927 0.77159238 0.63319635 0.41063532 0.55883908 -0.72047043
-0.46157265 -0.48858243 0.74043095 0.08344845 0.80704743 0.58456051
0.23143500 0.75487310 0.61368114 0.26128206 0.55940056 -0.78664017
0.11291334 0.78856516 0.60449618 0.35827512 0.53514677 -0.76502091
0.06511918 0.82759041 0.55754256 0.14240840 0.54530215 -0.82605416
-0.30570090 -0.49885714 0.81098002 0.02888395 0.84650463 0.53159738
-0.28877398 -0.47675881 0.83024734 0.04492985 0.85948813 0.50917733
0.12002882 0.77500260 0.62045479 0.37802398 0.54221314 -0.75040174
0.15777707 0.77051198 0.61759031 0.27839872 0.56534487 -0.77645308
0.18563867 0.74738312 0.63793170 0.38196349 0.54327297 -0.74763519
0.14125508 0.75628114 0.63881600 0.40289330 0.54551327 -0.73490971
0.20149036 0.65543634 0.72787696 0.50615138 0.56653738 -0.65026629
0.19638814 0.70289326 0.68364668 0.39117739 0.58317250 -0.71196216
0.21985176 0.64266974 0.73392153 0.46429667 0.59272236 -0.65811008
0.21238293 0.59980947 0.77144164 0.47927728 0.62403685 -0.61714780
0.17846303 0.60779148 0.77378327 0.45186847 0.64794952 -0.61316913
0.21002263 0.58694088 0.78191489 0.51583308 0.61286217 -0.59859526
0.26034695 0.55844420 0.78762907 0.51250172 0.61142141 -0.60291445
0.24035934 0.58275473 0.77628887 0.46426454 0.63331246 -0.61917192
0.24423209 0.56336737 0.78928322 0.48691508 0.63264048 -0.60222906
0.26726583 0.54717016 0.79320478 0.48617601 0.63413435 -0.60125411
0.29044935 0.53802264 0.79130960 0.45028886 0.65282696 -0.60914445
0.29380411 0.53528118 0.79193008 0.47287998 0.63861376 -0.60708892
0.30896077 0.51137376 0.80189788 0.44807318 0.66545057 -0.59699744
0.37372312 0.47152102 0.79874831 0.47233418 0.64438123 -0.60139287
0.36518881 0.48522365 0.79447794 0.42565539 0.67195398 -0.60604900
0.39493418 0.47119153 0.78867334 0.40476283 0.68140864 -0.60979450
0.38363177 0.47585237 0.79144883 0.34653029 0.72022116 -0.60099769
0.33112383 0.50484127 0.79717773 0.36681455 0.70951748 -0.60169101
0.31933048 0.57916802 0.75006169 0.30943954 0.68438762 -0.66019756
0.32601902 0.57667989 0.74910069 0.28932434 0.69350845 -0.65980119
0.30715409 0.57670915 0.75700927 0.42250553 0.63012987 -0.65147942
0.27950349 0.58072758 0.76461321 0.35192004 0.67896891 -0.64432412
0.27278048 0.54709685 0.79137594 0.37154907 0.69884688 -0.61119914
0.28355947 0.60598552 0.74321973 0.36184478 0.65012580 -0.66813529
0.27279001 0.61431432 0.74040771 0.37130597 0.64274377 -0.67008382
0.35129753 0.58978415 0.72714841 0.38238570 0.61854160 -0.68643099
0.29678249 0.63252413 0.71542537 0.28641921 0.65572727 -0.69855988
0.28933915 0.63940948 0.71234709 0.27898818 0.65553904 -0.70173663
0.34594765 0.60412043 0.71788490 0.29881108 0.65434951 -0.69465011
0.27888092 0.67205346 0.68598074 0.25751141 0.63582677 -0.72760725
0.24479359 0.69599485 0.67503142 0.28751236 0.61279196 -0.73608613
0.28109220 0.67790335 0.67928952 0.25466785 0.62976003 -0.73385739
0.30489555 0.67006606 0.67679405 0.17811659 0.65797293 -0.73167348
0.28175870 0.66082925 0.69564134 0.20839733 0.66555882 -0.71666032
0.31839350 0.64537686 0.69434452 0.19459487 0.67236722 -0.71418148
0.31320259 0.65877467 0.68404680 0.16985694 0.66981429 -0.72283983
0.31648529 0.66074014 0.68063176 0.16572577 0.66796565 -0.72550458
0.37314388 0.63139123 0.67978585 0.14968050 0.68213916 -0.71573871
0.37856987 0.58242744 0.71934915 0.19198602 0.71087801 -0.67660469
0.37759358 0.57134551 0.72868884 0.23069450 0.70408624 -0.67159706
0.39704323 0.49566227 0.77244782 0.29574078 0.72764540 -0.61892623
0.39089471 0.49193883 0.77794451 0.27397865 0.74469316 -0.60857856
0.41647553 0.43713629 0.79715747 0.29252765 0.76575845 -0.57274926
0.46993279 0.40449649 0.78456730 0.33687896 0.73936272 -0.58297116
0.44905242 0.42206249 0.78753746 0.38165873 0.70634222 -0.59616888
0.38547900 0.48358628 0.78584367 0.36541393 0.70202672 -0.61125374
0.37477988 0.50005460 0.78069556 0.31375480 0.72397453 -0.61434430
0.44451356 0.37631857 0.81289119 0.35811219 0.75714594 -0.54633856
0.41779405 0.38936034 0.82088172 0.37614292 0.74831927 -0.54638344
0.40267992 0.34639630 0.84726536 0.39996648 0.76599813 -0.50326318
0.42826861 0.37958434 0.82006210 0.34481952 0.77018535 -0.53657609
0.36051366 0.41114476 0.83725142 0.19588828 0.84422207 -0.49891567
0.45903218 0.39478034 0.79588813 0.26220116 0.79574275 -0.54593402
0.44017911 0.44375208 0.78059369 0.24165627 0.77872252 -0.57895905
0.55223620 0.39404812 0.73468453 0.40372452 0.64462078 -0.64920771
0.56386453 0.40464270 0.71994525 0.19092913 0.78425831 -0.59032625
0.49494833 0.42914158 0.75555521 0.18698446 0.79655761 -0.57491982
0.49066573 0.38621452 0.78107971 0.16264205 0.84005594 -0.51754588
0.37040228 0.01174677 0.92879719 0.29593158 0.94632357 -0.12998532
0.41067553 -0.00894784 0.91173768 0.34674424 0.92635417 -0.14709328
0.41124740 -0.03378503 0.91089749 0.31872961 0.94156021 -0.10897613
0.48996469 -0.08111198 0.86796051 0.32663742 0.94020808 -0.09652358
0.47336045 -0.05656278 0.87905097 0.20455019 0.97771567 -0.04723692
0.55785960 -0.09577277 0.82439089 0.32925713 0.93734419 -0.11391104
0.58555764 -0.09646630 0.80487055 0.32662994 0.93680316 -0.12535024
0.58611971 -0.09656756 0.80444920 0.32595596 0.93708456 -0.12500136
0.60195976 -0.09716554 0.79259282 0.34314063 0.92772937 -0.14687684
0.61912549 -0.11167519 0.77731097 0.32342142 0.93825215 -0.12280665
0.52514815 0.00134695 0.85100979 0.49018678 0.81696618 -0.30378163
0.56422764 -0.13121128 0.81512624 0.38473260 0.91532898 -0.11896962
0.43423265 -0.06943353 0.89812088 0.29999843 0.95125604 -0.07150493
0.46390450 -0.07021521 0.88309824 0.48194426 0.85643220 -0.18507741
0.52124506 -0.10211688 0.84727550 0.28994262 0.95494980 -0.06327891
0.46739978 0.45271465 0.75933319 0.12491473 0.81649154 -0.56368250
0.41219488 -0.05858134 0.90921044 0.32469633 0.94185293 -0.08651812
0.44685149 0.46261117 0.76571190 0.14852622 0.80567670 -0.57343268
0.62511486 0.40148318 0.66935998 0.12477604 0.79513794 -0.59345323
0.40364319 0.55038184 0.73085707 0.17403349 0.73805058 -0.65191549
0.39822295 0.60149300 0.69254941 0.13784045 0.70718384 -0.69346309
0.36505920 0.61385638 0.69993722 0.09043016 0.72488910 -0.68290424
0.37641990 0.64483351 0.66520506 0.07205030 0.69546539 -0.71493822
0.32458058 0.69327390 0.64344293 0.03258261 0.67167532 -0.74012887
0.37395525 0.68490946 0.62534517 0.04101737 0.66139203 -0.74891812
0.36259225 0.71824890 0.59383953 -0.02020571 0.64311159 -0.76550591
0.36114132 0.71956986 0.59312415 -0.00817277 0.63846838 -0.76960462
0.06902137 -0.55153906 0.83128858 0.27765355 0.81097269 0.51500660
0.13905001 -0.56843150 0.81089503 0.31924593 0.80086321 0.50665587
0.23535526 -0.58715183 0.77450675 0.30323797 0.80147362 0.51544821
0.51707518 0.41630360 0.74788010 0.22913826 0.77453732 -0.58956563
0.15639022 -0.58068192 0.79896849 0.29055905 0.80017555 0.52468514
0.15513977 -0.57379752 0.80416924 0.25882688 0.80919826 0.52745318
0.17064925 -0.56608707 0.80648887 0.26585937 0.81459099 0.51551950
0.16259348 -0.56028938 0.81218177 0.19903874 0.82483828 0.52917427
0.21887963 -0.56112427 0.79826766 0.17432989 0.82743061 0.53382367
0.19315095 -0.53583163 0.82193506 0.20389166 0.84134281 0.50057018
0.24386327 -0.53264368 0.81044519 0.20143285 0.84526891 0.49491948
-0.02549774 0.80475396 0.59306067 -0.09319265 0.58875656 -0.80292022
0.28471559 -0.60308313 0.74513608 0.25376925 0.79699361 0.54808968
0.34354398 -0.61257851 0.71184635 0.25837716 0.79037976 0.55546486
0.34369427 -0.61175132 0.71248484 0.32790393 0.78912759 0.51938111
0.43587837 -0.52205062 0.73312569 0.29825985 0.85233617 0.42960927
0.36915603 -0.52881444 0.76425070 0.34038031 0.84212703 0.41828620
0.42251417 -0.52759057 0.73697352 0.26539057 0.84949374 0.45599145
0.38024741 -0.57711154 0.72274077 0.28652835 0.81649876 0.50122976
0.31065470 -0.57697958 0.75537288 0.24712200 0.81639040 0.52195543
0.32915685 -0.49151853 0.80626625 0.16270079 0.87059790 0.46431428
0.33728954 -0.45637864 0.82337981 0.14584202 0.88940454 0.43323174
0.33433959 -0.43842292 0.83426756 0.14316911 0.89856255 0.41483486
0.42438146 -0.45047602 0.78547549 0.14417341 0.89001524 0.43253547
0.33129811 -0.42599505 0.84188467 0.08093661 0.90181696 0.42447078
0.27050206 -0.41681331 0.86781067 0.03508847 0.90508562 0.42377934
0.27095923 -0.38309306 0.88307470 0.00579032 0.91802567 0.39647868
0.23797260 -0.42656609 0.87258840 0.04214319 0.90208638 0.42949295
0.19889459 -0.46481660 0.86277843 0.08466603 0.88522559 0.45739201
0.20016541 -0.45437491 0.86803073 -0.00455553 0.88551950 0.46458000
0.17097053 -0.46462840 0.86884373 0.04588325 0.88462561 0.46403918
0.13541543 -0.48662779 0.86305046 0.06129533 0.87352008 0.48291364
0.12857863 -0.52752876 0.83975053 0.11732381 0.84892440 0.51532763
0.04039044 -0.52343529 0.85110754 0.00510278 0.85189962 0.52368021
0.10872805 -0.53734964 0.83632147 0.21933010 0.83354336 0.50705004
0.13622387 -0.56018984 0.81708658 0.21266052 0.82208353 0.52816117
0.17400073 0.78567904 0.59366000 -0.01640455 0.60508525 -0.79599166
0.03954045 -0.58743954 0.80830157 0.18916783 0.79870641 0.57121247
0.08209796 -0.55913007 0.82500511 0.26803026 0.80968833 0.52207720
0.14926580 -0.52397448 0.83855259 0.07937627 0.85166597 0.51803911
0.04675834 -0.56975913 0.82048053 0.12408458 0.81833005 0.56119430
0.04010335 -0.58391315 0.81082499 0.13089098 0.80755526 0.57508451
-0.03902280 0.86836678 0.49438494 0.00098564 0.49479502 -0.86900920
0.09143872 -0.47730231 0.87396884 0.01006532 0.87804371 0.47847462
0.07799972 -0.47576255 0.87610853 -0.01612098 0.87806898 0.47826245
-0.11708333 0.90442628 0.41024947 -0.07548595 0.40379113 -0.91173166
-0.15742058 0.89503354 0.41729337 -0.16689792 0.39237061 -0.90453881
0.38512114 -0.38122201 0.84044725 0.02118429 0.91410446 0.40492508
0.42390049 -0.49839553 0.75624758 0.25326326 0.86689746 0.42935598
0.63951999 -0.50542086 0.57927883 0.28330800 0.85541928 0.43358332
0.42501131 -0.53998929 0.72648269 0.36145949 0.83705509 0.41071373
0.49494800 -0.37256470 0.78499818 0.28181216 0.92340940 0.26057056
0.27035397 -0.61502200 0.74071366 0.36958969 0.77671486 0.51001716
0.17865118 -0.60287648 0.77757549 0.38215306 0.77076054 0.50979149
0.29632637 -0.61231107 0.73298424 0.31597629 0.78708756 0.52976626
0.40103087 -0.61167890 0.68192613 0.29597384 0.79100102 0.53545964
0.20535906 -0.59890795 0.77403945 0.27190837 0.79467350 0.54273379
0.18208495 -0.60147500 0.77786440 0.37667322 0.77340978 0.50985754
0.24905303 -0.49951434 0.82973379 0.19579908 0.86500770 0.46197882
0.23283780 -0.55386245 0.79938912 0.40534520 0.80244857 0.43791741
0.20624088 -0.58197492 0.78661931 0.23590413 0.80976266 0.53724641
0.30767903 -0.59720719 0.74072754 0.31779355 0.79828674 0.51161081
0.22612348 -0.60581183 0.76279765 0.37340423 0.77716959 0.50653410
0.24079131 -0.58859235 0.77173746 0.28342348 0.80311710 0.52409357
0.20144069 -0.58548981 0.78525364 0.32764095 0.79578447 0.50929213
0.14047931 -0.56530619 0.81283116 0.31481585 0.80386871 0.50466430
0.31406918 0.16056481 0.93572408 0.18396737 0.95662218 -0.22589818
0.07543588 -0.55774933 0.82657439 0.29027659 0.80531877 0.51691502
0.29709038 0.73408109 0.61062449 0.02844007 0.63241166 -0.77411032
0.28999102 0.73316395 0.61512262 0.06010497 0.62752050 -0.77627665
0.24797943 0.74525005 0.61895764 0.07453825 0.62234217 -0.77918828
0.28630316 0.72541088 0.62594694 0.03073578 0.64600486 -0.76271433
0.28684908 0.72451025 0.62673968 0.02906644 0.64734977 -0.76163870
0.33641788 0.69452852 0.63596630 0.09796633 0.64585388 -0.75714946
0.29108188 0.70351374 0.64833623 0.15124224 0.63532078 -0.75729340
0.36475152 0.68966556 0.62555397 0.04356848 0.65846276 -0.75135118
0.33095545 0.69748485 0.63559693 0.03594105 0.66374844 -0.74709195
0.47476244 0.39354444 0.78722519 0.21162590 0.81716961 -0.53614217
0.37660781 0.50208074 0.77851236 0.31840593 0.71902984 -0.61774904
0.35244718 0.57603180 0.73754215 0.26540542 0.69422990 -0.66903281
0.42422664 0.45874012 0.78076202 0.27940500 0.75381577 -0.59472233
0.40034825 0.54173529 0.73908335 0.16985185 0.74869472 -0.64078593
0.37923753 0.63312382 0.67478377 0.13537280 0.68344963 -0.71733600
0.29541174 0.70284253 0.64710462 0.09548175 0.65222269 -0.75198996
0.35720032 0.58921599 0.72472930 0.24891831 0.68780577 -0.68188196
0.33533013 0.50096273 0.79786593 0.38992125 0.69715798 -0.60160798
0.31075650 0.51455796 0.79916245 0.39891529 0.69255048 -0.60103285
0.30112094 0.52024031 0.79917222 0.41534081 0.68284518 -0.60101122
0.25396451 0.57619238 0.77685547 0.42057833 0.65749264 -0.62515390
0.25847951 0.59054965 0.76448643 0.40361795 0.65297246 -0.64087415
0.26091832 0.64859164 0.71501786 0.36091113 0.62142533 -0.69539469
0.27059484 0.68075061 0.68070334 0.28538260 0.61857653 -0.73206556
0.20089458 0.71866059 0.66570896 0.28588641 0.60697013 -0.74152297
0.24919893 0.69306618 0.67643124 0.28288016 0.61591423 -0.73527455
0.17093787 0.72960120 0.66216493 0.27150208 0.61115754 -0.74348718
0.07664695 0.76158434 0.64351737 0.19898099 0.62074900 -0.75833845
0.45041865 0.65189266 0.61004829 0.12157147 0.63213897 -0.76525867
0.15275966 0.75332487 0.63966101 0.21767664 0.60571331 -0.76532888
0.14239906 0.75748682 0.63713127 0.18399645 0.61221409 -0.76898587
0.32510233 0.67457461 0.66276515 0.17956637 0.64405119 -0.74360883
0.22754480 0.70712072 0.66948014 0.23939560 0.62579256 -0.74234325
0.29008523 0.70117170 0.65131319 0.15237057 0.63805610 -0.75476336
0.22575907 0.73474586 0.63967288 0.14848915 0.62299877 -0.76799971
0.24269778 0.74425924 0.62223464 0.05646797 0.62948585 -0.77495736
0.11852787 0.78492647 0.60814607 0.04508714 0.60757732 -0.79297984
0.18361491 0.74996120 0.63548702 0.13963348 0.62002385 -0.77205765
0.15791610 0.77000636 0.61818510 0.18535364 0.59179753 -0.78448695
0.05483020 0.80426180 0.59174037 0.14676282 0.57970381 -0.80150121
0.02473180 0.81307364 0.58163536 0.06630488 0.57919806 -0.81248593
-0.09746227 -0.46761176 0.87854451 0.01310135 0.88206774 0.47094041
-0.15196672 -0.46679488 0.87121105 -0.06705259 0.88428682 0.46210477
-0.21655343 0.89220685 0.39632270 -0.04180479 0.39710885 -0.91681892
0.04408044 0.80544341 0.59103125 0.18068266 0.57542270 -0.79764807
-0.20916238 -0.51667976 0.83023679 0.04001681 0.84378260 0.53519118
0.19425687 0.76754671 0.61084884 0.20443815 0.57736021 -0.79048103
0.18847382 0.78382659 0.59168708 0.00434668 0.60181308 -0.79862523
0.13354710 0.81424767 0.56494778 0.01413935 0.56843060 -0.82260972
-0.03323165 -0.46442181 0.88499045 -0.00129125 0.88549870 0.46464008
0.05336163 -0.47645235 0.87757945 0.03922305 0.87915343 0.47492188
