0.61796039 0.77747470 0.11686815 0.28773767 -0.08531436 -0.95390177
0.57694989 0.81048357 0.10121896 0.05679049 0.08381857 -0.99486148
0.57879573 0.80976433 0.09631919 0.01112573 0.11026216 -0.99384028
0.56087303 0.82329708 0.08719754 -0.05743013 0.14376020 -0.98794478
0.57029921 0.81833118 0.07136480 -0.04854520 0.12030218 -0.99154967
0.57180607 0.81846845 0.05610055 -0.20192978 0.20669343 -0.95734125
0.69082266 0.72295761 0.00982137 -0.21378224 0.21721846 -0.95242500
0.57027215 0.81954581 0.05598528 -0.19966698 0.20440060 -0.95830768
0.63277060 0.77301872 0.04520453 -0.20740095 0.22543900 -0.95192552
0.63178593 0.77380192 0.04557593 -0.20499034 0.22349337 -0.95290595
0.70176411 0.71240914 0.00060329 -0.29312897 0.28952056 -0.91118234
0.69430554 0.71953911 0.01426187 -0.28128815 0.28955767 -0.91489530
0.31716782 -0.36930805 0.87350798 0.47295916 0.85994512 0.19184388
0.77039987 0.62951112 0.10099398 -0.11076882 0.28815579 -0.95115536
0.67369944 0.72698098 0.13276975 0.02322387 0.15874422 -0.98704660
0.67791533 0.71824306 0.15670927 0.05021062 0.16743360 -0.98460394
0.62662375 0.76234072 0.16180001 0.13943963 0.09459088 -0.98570240
0.74616665 0.63569123 0.19781807 0.23283079 0.02920317 -0.97207874
0.65920079 0.72902459 0.18432978 0.42260996 -0.15641645 -0.89271206
0.65164989 0.73560590 0.18503107 0.33697298 -0.06220676 -0.93945706
0.73282123 0.63953483 0.23231091 0.38545445 -0.10883862 -0.91628551
0.63931000 0.74788958 0.17872854 0.39397040 -0.11897168 -0.91139078
0.61427653 0.77068049 0.16945791 0.42333093 -0.14062680 -0.89499450
0.62035137 0.76527017 0.17183080 0.43032998 -0.14893399 -0.89030039
0.56828552 0.80941933 0.14795913 0.38565987 -0.10317014 -0.91685468
0.55506974 0.81935394 0.14337623 0.50770301 -0.19718745 -0.83866256
-0.49722773 0.23328708 0.83566844 0.55350274 0.82700586 0.09846864
-0.55612999 0.29729590 0.77610219 0.54512590 0.83537471 0.07061881
-0.61558288 -0.76666802 -0.18242253 -0.65372407 0.36749613 0.66150701
-0.57099533 0.28184274 0.77105713 0.59218067 0.79189646 0.14907090
-0.65550250 0.37919229 0.65309244 0.57848573 0.80804104 0.11146342
-0.72535723 0.43254027 0.53550524 0.51961344 0.85429007 0.01380107
-0.67822719 0.40808600 0.61112499 0.53189850 0.84643656 0.02508338
-0.71709371 0.43761358 0.54246765 0.54753029 0.83529389 0.04994698
-0.59631151 -0.79990274 -0.06758886 -0.80037570 0.58595920 0.12669089
-0.77809745 0.51146555 0.36464694 0.56411272 0.82433087 0.04749221
-0.58061743 0.33533710 0.74191135 0.58532411 0.80532348 0.09407391
-0.76911271 0.49238721 0.40745625 0.56032825 0.82614315 0.05932719
-0.80625045 0.51348758 0.29375279 0.54717940 0.83603978 0.04040013
-0.81040168 0.50083643 0.30399343 0.53808826 0.84151822 0.04804256
-0.80401373 0.48568386 0.34303525 0.51530081 0.85699117 -0.00559087
-0.81532437 0.47748780 0.32749298 0.48705190 0.87144428 -0.05801256
-0.82646406 0.46744457 0.31377187 0.47123128 0.87932432 -0.06877479
-0.82837993 0.46128553 0.31780872 0.48368239 0.87519133 -0.00956646
-0.50023586 -0.86580962 -0.01173853 -0.86544436 0.49949840 0.03882719
-0.85028565 0.52464592 0.04196513 0.52503806 0.85107660 -0.00194396
-0.84640604 0.53066629 -0.04461090 0.53085250 0.84742123 0.00854217
-0.84684837 0.52944046 -0.05040544 0.52973175 0.84812278 0.00848887
-0.83307123 0.51135081 -0.21098040 0.52421975 0.85156190 -0.00599831
-0.83157629 0.51172733 -0.21590756 0.52374190 0.85187501 0.00183564
-0.83124298 0.51674980 -0.20495068 0.51956320 0.85328931 0.04417540
-0.84316885 0.52033079 -0.13535900 0.52202260 0.85254979 0.02552199
-0.81076419 0.51172203 -0.28425696 0.52450293 0.85067284 0.03538982
-0.80025423 0.52232099 -0.29457435 0.50687921 0.85167533 0.13312656
-0.77221835 0.52551216 -0.35709366 0.50227678 0.84912360 0.16342342
-0.80002546 0.51968974 -0.29980314 0.51409757 0.85140508 0.10398617
-0.84141570 0.52330130 -0.13481659 0.51174414 0.85176599 0.11230585
-0.83797067 0.53933644 -0.08319487 0.51723033 0.83355725 0.19404945
-0.55150908 -0.82200390 -0.14194135 -0.83140939 0.55549771 0.01344601
-0.84558517 0.53205621 0.04361124 0.53238118 0.84649146 -0.00475502
-0.57442224 -0.81789988 -0.03284683 -0.80877304 0.56091124 0.17681849
-0.58218592 -0.79907078 -0.15015188 -0.81095558 0.58395922 0.03664374
-0.58176386 -0.80138743 -0.13902898 -0.80530941 0.54354310 0.23672289
-0.59484714 -0.78033668 -0.19295491 -0.79633957 0.53935564 0.27374977
-0.58388555 -0.80245924 -0.12303223 -0.79061389 0.52762991 0.31070304
-0.58451968 -0.80168742 -0.12503642 -0.77933460 0.51184702 0.36145574
-0.59760857 -0.78296119 -0.17273052 -0.74232244 0.45887622 0.48825204
-0.61026138 -0.77495319 -0.16440421 -0.73199272 0.47224748 0.49108970
-0.58378369 -0.80436760 -0.11040577 -0.74523389 0.47689849 0.46604109
-0.58131284 -0.80599576 -0.11156290 -0.79707849 0.53651905 0.27715179
-0.58197802 -0.80577898 -0.10964400 -0.80594051 0.55353159 0.20991111
-0.58169192 -0.80440414 -0.12070003 -0.81129736 0.56307280 0.15730764
-0.57668734 -0.81398869 -0.06967188 -0.81696302 0.57439733 0.05137310
-0.57650584 -0.81386340 -0.07257602 -0.81706429 0.57346165 0.05956351
-0.57388818 -0.81496531 -0.08052244 -0.81889677 0.57014769 0.06587629
-0.58407921 -0.79568362 -0.16043417 -0.81154978 0.56869334 0.13407002
-0.58123559 -0.79344440 -0.18058598 -0.81274629 0.57699180 0.08077136
-0.83963668 0.52486807 -0.13972768 0.50920570 0.85018826 0.13375187
-0.77829558 0.49812335 -0.38226843 0.53129709 0.84690356 0.02185971
-0.77630770 0.48898998 -0.39778787 0.53952032 0.84177732 -0.01813290
-0.81758195 0.50798303 -0.27113262 0.53210187 0.84647620 -0.01859348
-0.84510660 0.52715611 -0.08888957 0.51833576 0.84869182 0.10512056
-0.84804577 0.52731824 -0.05247695 0.52534616 0.84957594 0.04724569
-0.82500398 0.50920296 -0.24511391 0.52795368 0.84917527 -0.01289745
-0.84799659 0.52790916 -0.04704906 0.52809054 0.84913492 0.00950470
-0.79786813 0.47521293 0.37091652 0.50297076 0.86394340 -0.02494569
-0.56831580 -0.82234585 -0.02765104 -0.81603986 0.55901867 0.14689101
-0.57303095 -0.81602615 -0.07574271 -0.79203606 0.52769375 0.30694985
-0.58132720 -0.80783635 -0.09725855 -0.73525882 0.47034425 0.48802742
-0.68307537 0.41094425 0.60376561 0.52414560 0.85152298 0.01341993
-0.54649055 0.29954293 0.78206271 0.52720356 0.84863204 0.04335976
-0.70159751 0.43406174 0.56511188 0.57718253 0.81124884 0.09346423
-0.55860740 0.27240524 0.78342402 0.57226324 0.81028634 0.12629727
-0.57601655 0.31342381 0.75496393 0.50336677 0.86369687 0.02549045
0.50418156 0.85643595 0.11098829 0.46513098 -0.16101366 -0.87047559
0.50137633 0.85829651 0.10931140 0.43261474 -0.13926753 -0.89075762
0.54968733 0.82431525 0.13545536 0.35743290 -0.08552658 -0.93001449
0.55566376 0.81887561 0.14380741 0.50893587 -0.19824076 -0.83766639
0.60244280 0.78053111 0.16683510 0.46848327 -0.17656402 -0.86564922
0.57115191 0.80733049 0.14833371 0.39944571 -0.11549382 -0.90945280
0.59062612 0.79112440 0.15900631 0.34963927 -0.07330353 -0.93401235
0.61152232 0.77257705 0.17077847 0.45386118 -0.16571145 -0.87552828
0.59427166 0.78781629 0.16182338 0.31977278 -0.04682888 -0.94633639
0.56820691 0.81111091 0.13870879 -0.09649175 0.23307557 -0.96765965
0.57023531 0.80864006 0.14468241 0.30985233 -0.04860851 -0.94954139
0.61748040 0.77043408 0.15858543 0.13992558 0.09080879 -0.98598915
0.66529852 0.73558962 0.12761632 0.01587099 0.15696152 -0.98747718
0.59341848 0.79574054 0.12104362 -0.11765149 0.23452294 -0.96496487
0.63681459 0.76028770 0.12817879 0.07167001 0.10715513 -0.99165583
0.41425812 -0.36283669 0.83470935 0.64563018 0.76356387 0.01149082
0.40747106 -0.35367793 0.84194976 0.63584626 0.77164119 0.01641849
0.63519382 0.77216446 0.01705791 -0.32408169 0.28651166 -0.90159976
0.59011281 0.80608642 0.04462799 -0.32705867 0.28923848 -0.89965206
0.42961398 -0.37660435 0.82073200 0.62566483 0.77950788 0.03018242
0.47148857 -0.41044784 0.78053266 0.62624031 0.77899939 0.03135485
0.50345951 -0.43891290 0.74423385 0.64944595 0.76035357 0.00908214
0.57594687 -0.49492082 0.65064472 0.64597750 0.76330572 0.00880229
0.64327008 -0.54987681 0.53276563 0.66196191 0.74908221 -0.02612278
0.65215647 -0.55605495 0.51526201 0.65906131 0.75174040 -0.02290514
0.71455431 -0.58130634 0.38922375 0.62544668 0.78008527 0.01683573
0.72222972 -0.57201493 0.38882285 0.60198838 0.79668629 0.05386139
0.76578271 -0.57886559 0.28016323 0.60237980 0.79820496 0.00271720
0.69603747 -0.54158241 0.47140253 0.58859599 0.80638957 0.05736400
0.57497752 -0.47691718 0.66479391 0.58744848 0.80620390 0.07028165
0.74303567 -0.61565650 0.26242152 0.63937777 0.76886475 -0.00656912
-0.64674586 0.53196830 -0.54656154 -0.67703015 -0.73040342 0.09022767
0.48399022 -0.44532675 0.75328457 0.65662485 0.75384271 0.02377105
0.55242151 -0.47748002 0.68325931 0.60678744 0.79235369 0.06312487
0.48943117 -0.44540021 0.74971718 0.65889001 0.75205505 0.01665172
0.64159191 0.76619345 0.03615998 -0.31208375 0.30381423 -0.90016705
0.57208532 0.81835639 0.05487482 -0.29091436 0.26501286 -0.91931337
0.63135040 0.77148330 0.07880589 -0.07930797 0.16531916 -0.98304623
0.63798457 0.76406986 0.09577517 -0.01599418 0.13749684 -0.99037308
0.63458097 0.76293123 0.12346295 0.31893378 -0.11299650 -0.94101703
0.53978068 0.83691609 0.09060016 0.18748668 -0.01459876 -0.98215866
