-0.29863167 0.81353074 0.49898586 -0.92295128 -0.37923026 0.06591973
-0.31523862 0.87274045 0.37275824 -0.94044769 -0.33993801 0.00056937
-0.28767660 0.78747135 0.54509717 -0.95348185 -0.28902066 -0.08567087
-0.29945078 0.84351468 0.44588363 -0.94810098 -0.21069749 -0.23814097
-0.31154713 0.61795545 0.72185147 -0.94906461 -0.23998043 -0.20417106
-0.15566273 0.89919925 0.40891308 -0.93914300 -0.00638494 -0.34346718
-0.10813175 0.93078995 0.34919566 -0.95000660 0.00674484 -0.31215703
-0.13142070 0.89313203 0.43016717 -0.92523313 0.04528289 -0.37668705
-0.14260824 0.86619854 0.47891852 -0.88190228 0.10846701 -0.45878467
0.80030620 -0.18397427 0.57066935 -0.11604565 0.88624173 0.44845185
-0.28625017 0.66095656 0.69368386 -0.91668957 0.02175975 -0.39900717
0.71707004 -0.21871322 0.66179693 -0.17665426 0.86146104 0.47610742
-0.81241524 0.19595014 -0.54916757 0.36738947 -0.55933738 -0.74307919
-0.34815285 0.61042988 0.71145278 -0.83176118 0.14890741 -0.53478962
-0.81672019 0.23996952 -0.52476925 0.31861901 -0.57067662 -0.75684232
-0.33000508 0.52870876 0.78202540 -0.90071923 0.07155371 -0.42846823
-0.33459318 0.48043755 0.81069547 -0.93342632 -0.05077204 -0.35515839
-0.32900524 0.58554059 0.74087638 -0.94432509 -0.20599192 -0.25654924
-0.28864911 0.44520372 0.84762931 -0.91452307 -0.39027926 -0.10644102
-0.33734313 0.61944956 0.70885956 -0.90653664 -0.41673687 -0.06724393
-0.30291006 0.80367148 0.51220864 -0.89917022 -0.41911227 0.12584893
-0.30951947 0.81608224 0.48806503 -0.93593174 -0.17076723 -0.30801022
-0.28721428 0.87591338 0.38766447 -0.92421019 -0.14707239 -0.35242766
-0.29699355 0.70330542 0.64587635 -0.94962621 -0.28839672 -0.12262699
-0.23493041 0.89991957 0.36735880 -0.93643647 -0.10823245 -0.33372530
-0.26279593 0.86440045 0.42866102 -0.86164892 -0.01033708 -0.50739956
-0.26339826 0.86450881 0.42807233 -0.85374928 -0.00229920 -0.52067930
-0.26066187 0.87083310 0.41677937 -0.84809202 -0.00026996 -0.52984893
-0.66699719 0.19675630 -0.71861094 0.38845950 -0.73119551 -0.56076062
-0.62024415 0.23634441 -0.74795622 0.28412440 -0.82108778 -0.49506381
-0.40192237 0.89255762 0.20444879 -0.34585008 0.05876453 -0.93644786
0.57331723 -0.19096807 0.79676759 -0.22563267 0.89805800 0.37760004
-0.62854075 0.25519961 -0.73471749 0.48846301 -0.60559165 -0.62822187
-0.73075122 0.67200351 -0.12005789 0.04430570 -0.12881234 -0.99067879
-0.79922259 0.58474523 -0.13898335 0.19458096 0.03294347 -0.98033315
-0.48068669 0.87567151 0.04625738 0.16184302 0.14043932 -0.97677207
-0.51485366 0.85626817 0.04160025 0.11139182 0.11493412 -0.98710793
-0.38723326 0.92065138 0.04951188 -0.28331223 -0.06771637 -0.95663404
-0.22294289 0.97048801 0.09192130 -0.04579595 0.08376363 -0.99543279
0.36621603 -0.03575571 0.92984271 -0.21348445 0.96937978 0.12135631
-0.57458115 0.79497284 -0.19461432 -0.11678517 -0.31498757 -0.94188327
0.34312579 -0.04830656 0.93804646 -0.20907415 0.96969467 0.12641309
0.31538069 -0.06699330 0.94659758 -0.16485213 0.97847068 0.12417330
0.24231973 -0.08517808 0.96645015 -0.18916503 0.97287273 0.13317382
0.15723841 -0.09541725 0.98294032 0.12175656 0.98960084 0.07658671
0.21973807 -0.10012180 0.97040761 0.14792404 0.98663747 0.06830055
0.18414040 0.98100179 0.06105663 0.04696761 0.05326580 -0.99747527
-0.17226785 -0.13025151 0.97640073 -0.01610331 0.99145919 0.12941919
-0.17319360 0.97845411 0.11239004 0.06564616 0.12532935 -0.98994100
0.22568043 -0.24345197 0.94329184 -0.09633218 0.95794970 0.27028221
-0.21278951 0.97147620 0.10466488 0.12669106 0.13364550 -0.98289794
-0.33826101 0.93787533 0.07726209 0.21284154 0.15622182 -0.96451712
-0.28018776 -0.14728808 0.94857848 -0.18756166 0.97751296 0.09637950
-0.31235558 -0.14957128 0.93811643 -0.14566725 0.98338944 0.10828809
-0.66525966 -0.19906682 0.71958464 -0.12241697 0.97983938 0.15788890
0.38637829 -0.09031019 0.91790843 0.00625816 0.99542862 0.09530289
-0.23081167 0.96874619 0.09086738 0.01541481 0.09701799 -0.99516326
-0.22193864 -0.12653090 0.96681601 -0.26969323 0.96082795 0.06383745
0.79845840 -0.06204880 0.59884411 -0.20273565 0.90887189 0.36448610
0.65664154 0.15627813 0.73783404 -0.20154977 0.97907794 -0.02800427
0.75616807 0.16052455 0.63438296 -0.19107403 0.98136014 -0.02056851
0.81818306 0.15911952 0.55250120 -0.22151574 0.97399801 0.04752627
0.87421322 0.15758155 0.45925957 -0.15612745 0.98686802 -0.04142215
0.85245740 0.15823089 0.49827641 -0.08338360 0.98204780 -0.16920191
0.81682342 0.15912515 0.55450761 0.15763390 0.86306012 -0.47987375
0.88212770 0.11834904 0.45589945 0.04802217 0.94027579 -0.33700946
0.87565637 0.17837310 0.44878617 0.06350070 0.87869400 -0.47314322
0.01873842 0.74550176 -0.66624027 -0.90794671 -0.26634237 -0.32356524
0.13920112 0.60556793 -0.78352451 -0.86992830 -0.30325028 -0.38892677
0.03697000 0.75030267 -0.66005999 -0.91142184 -0.24555255 -0.33017302
-0.02944039 0.82951427 -0.55770910 -0.89242381 -0.27313188 -0.35913610
0.87699038 0.11767878 0.46587512 0.02855400 0.95507056 -0.29499990
0.87929064 0.11269210 0.46276182 0.02016219 0.96192765 -0.27255940
0.65375042 0.15917760 0.73977894 -0.10431223 0.98724890 -0.12024368
0.74270016 0.17026381 0.64761627 0.01317507 0.96323109 -0.26835114
0.56503212 0.42380971 0.70790124 0.15179078 0.78994942 -0.59408706
0.69640684 0.09115903 0.71183395 -0.22776201 0.96869421 0.09877273
0.89708120 0.14385244 0.41779405 -0.21254085 0.96943378 0.12257473
0.91976041 0.12274797 0.37279195 -0.17520192 0.97835439 0.11012243
0.89425719 0.09289852 0.43780592 -0.07834179 0.99560893 -0.05123933
0.90678835 0.08412078 0.41310850 -0.11617584 0.99181098 0.05304899
0.06848660 0.90550113 -0.41878086 -0.92068177 -0.10431366 -0.37611672
0.89737177 0.11797340 0.42521313 -0.05972311 0.98720413 -0.14785528
0.89049482 0.04815488 0.45243788 0.05967831 0.97343123 -0.22106615
0.92446697 0.04621371 0.37845111 -0.05696142 0.99822736 0.01724708
0.94673765 0.05050190 0.31802112 -0.08774702 0.99071002 0.10389457
0.92341733 0.04543796 0.38109830 -0.09221945 0.99014491 0.10539766
0.94112647 0.04520272 0.33501896 -0.06313730 0.99708539 0.04283105
0.96727699 0.06978299 0.24393766 -0.03292565 0.98782760 -0.15202798
-0.13749643 0.92298126 -0.35944456 -0.99049979 -0.12893580 0.04780949
-0.14454000 0.92974859 -0.33863804 -0.97631294 -0.18968654 -0.10407726
-0.11001641 0.87865049 -0.46461782 -0.94413882 -0.23848233 -0.22743820
0.00954305 0.57484633 -0.81820571 -0.97321934 -0.18260363 -0.13964275
-0.08590367 0.81118053 -0.57845205 -0.98901635 0.00066320 0.14780504
-0.07978591 0.82139832 -0.56474686 -0.98535389 0.02066571 0.16926543
-0.08473703 0.79233950 -0.60416698 -0.99590337 -0.08655529 0.02616614
-0.07580976 0.84194916 -0.53420460 -0.98312598 0.02633583 0.18102424
0.88839126 0.11592776 -0.44420907 -0.22660348 0.95223737 -0.20468244
0.90339029 0.11640205 -0.41271850 -0.11774548 0.99279398 0.02227460
0.98923141 0.11339897 -0.09253058 -0.10635619 0.99127948 0.07780324
0.99162382 0.12163288 0.04344793 -0.12157862 0.99257416 -0.00389935
0.89410150 0.14781526 0.42276859 -0.11896674 0.98843914 -0.09399476
-0.31400943 0.82588291 0.46831140 -0.89925396 -0.41693491 0.13231623
0.86839050 0.12133955 -0.48080635 -0.04849768 0.98573369 0.16117416
0.98878467 0.09695918 -0.11359517 -0.09301499 0.99487954 0.03953431
0.98412836 0.09926748 -0.14709648 -0.09693189 0.99502569 0.02297990
0.79397988 0.47077590 0.38466349 0.04921961 0.58087373 -0.81250429
0.79747081 0.41858989 0.43453747 -0.04376805 0.75843549 -0.65027684
-0.08974980 0.77955902 -0.61986512 -0.97765148 0.04984383 0.20423836
-0.12868293 0.97403061 -0.18629287 -0.99068499 -0.13470194 -0.01996626
0.96544582 0.06547983 0.25224349 -0.07378841 0.99699438 0.02361088
-0.08484290 0.96223521 0.25866023 -0.99601084 -0.08910455 0.00477497
-0.08090735 0.99188203 0.09810241 -0.99544793 -0.07543725 -0.05824731
-0.08443486 0.96260214 0.25742549 -0.98934197 -0.05023053 -0.13667229
-0.09409789 0.95299590 0.28800079 -0.98113757 -0.03970227 -0.18919007
-0.16561417 0.92661715 0.33756882 -0.98578423 -0.16537146 -0.02969412
-0.06154510 0.97832680 0.19770911 -0.97762716 -0.01916952 -0.20946997
-0.09182405 0.93281120 0.34847036 -0.98083138 -0.02432732 -0.19333379
0.84812617 -0.15675274 0.50607371 0.05605344 0.97641522 0.20849802
0.76131177 -0.16801380 0.62623942 0.03797881 0.97574049 0.21561103
0.86448318 -0.10541933 0.49148315 -0.01661813 0.97123271 0.23755196
0.85199630 -0.10482975 0.51294559 -0.02936575 0.96863800 0.24673495
0.86121643 -0.06624036 0.50390333 -0.07089406 0.96612012 0.24816526
0.78997386 -0.07848635 0.60809642 -0.08206321 0.96931583 0.23171633
0.48570859 -0.15136461 0.86091572 -0.27074799 0.91040748 0.31281587
0.57848370 -0.08824611 0.81090647 -0.32928512 0.88426322 0.33113423
-0.57261848 0.81039053 -0.12399715 -0.10113165 -0.21991813 -0.97026205
-0.55123854 0.82557070 -0.12070259 -0.03250745 -0.16580833 -0.98562211
-0.33291119 0.93689406 -0.10676946 0.03609829 -0.10048267 -0.99428374
-0.59908426 0.79018414 -0.12925598 0.22156149 0.00847302 -0.97510964
-0.60387051 0.78576392 -0.13384904 0.10742749 -0.08616009 -0.99047250
-0.45280731 0.88212299 -0.12970977 0.43179497 0.08967577 -0.89750278
-0.64417756 0.75279671 -0.13539703 0.09218427 -0.09931654 -0.99077660
-0.68818951 0.71168381 -0.14107230 0.09666907 -0.10276275 -0.98999745
-0.73886317 0.65717435 -0.14900698 0.06892915 -0.14625823 -0.98684216
0.80757540 -0.17486526 0.56324428 0.10001279 0.98180592 0.16141464
0.63183743 -0.17976952 0.75396585 0.20187055 0.97732842 0.06385502
0.67436600 -0.19441880 0.71234250 0.31081238 0.94982642 -0.03500733
0.89380002 -0.16271831 0.41790470 0.09833770 0.98028672 0.17137001
0.88679373 -0.15447885 0.43558389 0.07034617 0.97661948 0.20314004
-0.09545328 0.91859698 0.38349485 -0.96894276 0.00254601 -0.24727197
-0.08822714 0.92534453 0.36871874 -0.95596343 0.02536036 -0.29238814
-0.10786277 0.89692432 0.42882687 -0.95352542 0.02873401 -0.29993951
-0.10605391 0.90257907 0.41725734 -0.97101319 -0.00360717 -0.23899877
0.95606405 -0.06072548 0.28679970 -0.01230003 0.96914011 0.24620363
0.97678477 0.00425942 0.21418096 -0.04587342 0.98076916 0.18970384
0.70670378 -0.07087546 0.70395064 -0.25192961 0.90454662 0.34398687
-0.41187119 0.60415220 0.68217468 -0.83480209 0.04997113 -0.54827762
0.87327027 0.06843004 0.48240682 -0.11631077 0.99074227 0.07001188
0.89437395 0.06351646 0.44278768 -0.18732117 0.95207518 0.24179246
0.86066407 0.03048712 0.50825965 -0.18889338 0.94609219 0.26311383
-0.23655745 0.89459538 0.37913018 -0.87017661 -0.02147527 -0.49227181
0.84409732 0.05203986 0.53365874 -0.24163671 0.92540324 0.29196006
-0.22182338 0.69471592 0.68422526 -0.91809493 0.08757819 -0.38656402
-0.09354863 0.91251045 0.39821267 -0.94877195 0.03953368 -0.31347877
-0.74881428 0.18856588 -0.63538980 0.28801152 -0.77084887 -0.56819141
-0.75511527 0.53464562 -0.37941399 0.21865240 -0.34021467 -0.91457379
-0.87509996 0.35087177 -0.33330029 0.21087794 -0.34342250 -0.91520029
-0.88302672 0.33320618 -0.33051091 0.20523518 -0.35916966 -0.91042608
-0.82425052 0.44945344 -0.34438753 0.35437959 -0.06488658 -0.93284774
-0.82161891 0.45283505 -0.34624103 0.37643009 -0.02511583 -0.92610455
-0.69863391 0.64770174 -0.30396244 0.24978752 -0.17730489 -0.95192921
-0.67283654 0.67043620 -0.31273991 0.40628225 -0.01841445 -0.91356200
-0.56266707 -0.33428451 0.75608176 -0.74213117 0.60719246 -0.28382871
-0.67422259 0.61058187 -0.41546807 0.56997681 0.07246810 -0.81845886
-0.84842038 -0.18932284 0.49430731 -0.43445128 0.78253752 -0.44596764
-0.76986390 -0.08822655 0.63208050 -0.36870283 0.86988556 -0.32765445
-0.78760326 -0.11352126 0.60563534 -0.37804756 0.86517811 -0.32946455
-0.83547360 -0.14164862 0.53096098 -0.25880930 0.95376688 -0.15279572
-0.89124727 -0.17125897 0.41993892 -0.25562418 0.95455551 -0.15323216
-0.93883151 -0.16833887 0.30042896 -0.20259677 0.97543019 -0.08654767
-0.90414166 -0.15346646 0.39871779 -0.16311629 0.98655778 0.00983980
-0.88524795 -0.14988625 0.44030708 -0.16857678 0.98568273 -0.00338842
-0.75648040 -0.12246591 0.64244807 -0.15831149 0.98738760 0.00180836
-0.77446389 -0.11765221 0.62158161 -0.25276908 0.95826375 -0.13356039
-0.61323255 -0.03351988 0.78919089 -0.32115772 0.92337298 -0.21033320
-0.38146302 0.90179741 -0.20309469 0.33358896 -0.07060517 -0.94007093
-0.50072616 -0.08649263 0.86127365 -0.41053271 0.89970165 -0.14832322
-0.29424298 -0.02428889 0.95542198 -0.16011824 0.98680055 -0.02422529
-0.23643456 -0.02018246 0.97143781 -0.14032573 0.99001223 -0.01358498
-0.80698138 -0.18530582 0.56075209 -0.42911628 0.83633971 -0.34116733
-0.77692294 -0.12528706 0.61700398 -0.17062108 0.98522580 -0.01478657
-0.74319297 -0.12092611 0.65805858 -0.12215193 0.99152458 0.04424946
-0.74299729 -0.13188341 0.65617204 -0.03166286 0.98622227 0.16236739
-0.89798528 -0.13822874 0.41775036 -0.07538788 0.98366982 0.16343307
-0.91042566 -0.14318717 0.38810122 -0.12460584 0.98953384 0.07277528
-0.87573814 -0.14517947 0.46044078 -0.18387496 0.98213339 -0.04005012
-0.91138029 -0.19044934 0.36484942 -0.28094569 0.93570721 -0.21335801
-0.82842004 -0.13794249 0.54285562 -0.25448090 0.95608461 -0.14540225
-0.89569908 -0.15374725 0.41723496 -0.31460097 0.88223213 -0.35027516
-0.75116873 -0.10203025 0.65217751 -0.39679682 0.85935605 -0.32258248
-0.52267891 -0.21604262 0.82470143 -0.81344098 0.41593978 -0.40658078
-0.76509315 0.52877074 -0.36746967 0.19037019 -0.35942122 -0.91355109
0.02495179 0.67400879 0.73830187 -0.88970256 0.35174280 -0.29104367
0.84832966 -0.01200257 0.52933240 -0.13916905 0.95953488 0.24479538
0.90382230 0.10503987 0.41481560 -0.16696663 0.97913164 0.11585942
0.82843387 0.13547699 0.54345500 -0.08719882 0.98967087 -0.11378892
0.88708323 0.11770421 0.44635084 0.07858219 0.91432434 -0.39728558
0.00206834 0.67915773 -0.73398942 -0.83432585 -0.40345442 -0.37566602
0.87503803 0.33348277 0.35085279 0.18987553 0.43025693 -0.88251138
0.77588081 0.27662209 0.56700015 0.13343297 0.80646002 -0.57603639
0.76157618 0.20343862 0.61531663 0.01391473 0.94410032 -0.32936472
0.67186064 0.16376045 0.72234750 -0.03659314 0.98140013 -0.18845372
0.82169276 0.02319501 0.56945860 -0.25536859 0.90824205 0.33148643
0.84995025 0.15711743 0.50289035 -0.12989078 0.98752594 -0.08899919
-0.33057702 0.57738769 0.74655360 -0.94371188 -0.21166520 -0.25417674
0.65851265 -0.26090896 0.70589495 -0.17261069 0.86061084 0.47911859
0.65110505 -0.27006918 0.70931304 -0.13736413 0.87718797 0.46007884
0.77858943 -0.20116910 0.59441531 -0.14521025 0.86376053 0.48252642
0.77824503 -0.20548066 0.59339064 -0.15071730 0.85620767 0.49415863
-0.12068367 0.84500420 0.52096385 -0.87761426 0.15444130 -0.45380741
-0.10928500 0.86520088 0.48937133 -0.88598269 0.13841896 -0.44257757
-0.12558185 0.89794046 0.42182016 -0.95086920 0.01233596 -0.30934712
-0.32460305 0.52769256 0.78496718 -0.92465580 -0.00233658 -0.38079691
-0.16252546 0.92650378 0.33937627 -0.97278702 -0.09289209 -0.21226524
-0.17155409 0.94222516 0.28771690 -0.98505604 -0.15952222 -0.06494065
-0.29737696 0.79624557 0.52683961 -0.90827322 -0.40601444 0.10095613
