0.45576975 0.87568456 -0.15953210 -0.35863918 0.01662825 -0.93332815
0.52769154 0.83045942 -0.17854646 -0.22399777 -0.06670967 -0.97230393
0.70190382 0.68312782 -0.20166185 -0.21768692 -0.06383727 -0.97392875
0.69151187 0.69172645 -0.20814887 -0.23210403 -0.06010316 -0.97083229
0.72451836 0.67867106 -0.12032760 -0.09799834 -0.07137251 -0.99262393
0.67853558 0.72920585 -0.08859062 -0.06305818 -0.06233423 -0.99606133
0.75213188 0.65328735 -0.08667873 -0.00230694 -0.12891735 -0.99165267
0.69411701 0.70584899 0.14134625 0.21777269 -0.01874522 -0.97581953
0.49714091 0.85911840 0.12151756 0.23528919 0.00131995 -0.97192454
0.35720930 0.90017360 0.24917674 0.35283548 0.11696213 -0.92834640
0.35673752 0.89539999 0.26645318 0.37200585 0.12547615 -0.91971058
0.62118602 0.70873493 0.33439913 0.45013234 0.02660680 -0.89256537
0.60679895 0.71340573 0.35049602 0.44549039 0.05994776 -0.89327747
0.50378990 0.70762932 0.49543574 0.63459074 0.08595040 -0.76805413
0.42089227 0.74771595 0.51358598 0.55412328 0.23633166 -0.79818219
-0.42334074 0.00516151 0.90595585 0.16595061 0.98350626 0.07194310
-0.42228976 0.01121743 0.90639150 0.10951103 0.99323076 0.03872929
-0.52540553 0.00416396 0.85084176 0.12984662 0.98866743 0.07534345
-0.72216004 0.04063405 0.69053161 0.13022883 0.98840863 0.07803120
-0.46394759 -0.04810534 0.88455558 0.15113991 0.97958577 0.13254602
-0.60729671 -0.01520201 0.79432970 0.03219782 0.99852461 0.04372644
-0.62950367 -0.01486562 0.77685535 0.03128046 0.99852163 0.04445461
-0.63624024 -0.04009869 0.77044827 0.01040835 0.99811137 0.06054290
-0.58843100 -0.01741011 0.80836004 -0.13227889 0.98837084 -0.07500292
-0.77007729 -0.07469121 0.63356316 -0.03132154 0.99635142 0.07939016
-0.78102356 -0.07567617 0.61989945 -0.09213180 0.99573177 0.00547842
-0.58787870 -0.00866946 0.80890268 -0.06276178 0.99741733 -0.03492292
-0.70004791 0.01316987 0.71397448 0.25231040 0.93990201 0.23005159
-0.69533563 0.01227907 0.71858031 0.24927606 0.94190425 0.22511722
-0.64698386 -0.00453155 0.76249027 0.30826953 0.91306198 0.26699752
-0.52469385 -0.05933781 0.84922045 0.33886570 0.90056950 0.27229506
0.36139181 0.84170723 0.40115449 0.52714992 0.17043412 -0.83250540
0.46658632 0.76377791 0.44602758 0.64269418 0.05368033 -0.76423997
0.40264428 0.82095706 0.40485442 0.48760790 0.18194619 -0.85389352
0.27708888 0.88429022 0.37583590 0.38782543 0.25494292 -0.88577402
-0.35196874 0.05775137 0.93422842 0.20740025 0.97809649 0.01767447
-0.34403256 0.04349141 0.93794996 0.21266896 0.97657627 0.03272282
-0.23160253 0.03039421 0.97233558 0.13909139 0.99027717 0.00217540
0.22761013 0.96715325 -0.11317343 0.11287592 -0.14164595 -0.98346096
0.27337852 0.95767784 -0.09009675 0.11771952 -0.12627009 -0.98498631
0.12180530 0.99239504 0.01776569 0.08924131 0.00687662 -0.99598634
0.40075466 0.91366833 0.06786725 0.10921349 0.02590717 -0.99368066
-0.18312226 -0.07289861 0.98038363 0.02447376 0.99659985 0.07867577
0.27448213 0.88860047 0.36748976 0.27424759 0.29395509 -0.91563022
0.14023751 0.98293531 -0.11904462 -0.04648605 -0.11356381 -0.99244261
0.13659310 0.98063219 -0.14036727 -0.05337271 -0.13420449 -0.98951530
0.15781115 0.97428906 -0.16079961 -0.05373062 -0.15412660 -0.98658913
0.28088397 0.94470412 -0.16922897 -0.18464182 -0.11984196 -0.97547185
0.18871014 -0.04220994 0.98112530 0.16899896 0.98556656 0.00989566
0.30587205 0.05458783 0.95050645 0.12991232 0.98662400 -0.09846772
0.13639279 0.97997892 -0.14504613 -0.05407999 -0.13883062 -0.98883843
-0.23175943 0.02834849 0.97236001 0.10515500 0.99444813 -0.00392904
-0.23232540 0.01948503 0.97244292 0.21874698 0.97523290 0.03271970
0.29765254 0.87641245 0.37855545 0.36046305 0.26400310 -0.89463335
0.43517447 0.79812682 0.41667360 0.68522501 0.00660500 -0.72830153
-0.48641223 -0.03209870 0.87313968 0.25659418 0.95001155 0.17786926
-0.47824770 -0.03143609 0.87766218 0.25188214 0.95246428 0.17136864
-0.28545380 -0.01307721 0.95830327 0.22182181 0.97185427 0.07933713
0.25784096 0.77146763 0.58168358 0.76983821 0.19975621 -0.60617369
0.25541642 0.76977843 0.58498174 0.74090844 0.23287588 -0.62993938
-0.32253116 -0.66950274 -0.66913360 -0.92094892 0.05862968 0.38524747
-0.30034763 -0.70124495 -0.64656550 -0.82982731 -0.14212163 0.53961849
-0.28973362 -0.71613640 -0.63498282 -0.80275464 -0.17944832 0.56866807
-0.26175717 -0.79575390 -0.54613096 -0.93077821 0.05850281 0.36087319
-0.27072126 -0.77481163 -0.57129419 -0.85492522 -0.07928543 0.51265657
-0.28554749 -0.74017680 -0.60877007 -0.84254003 -0.10883310 0.52752417
-0.25980228 -0.76906288 -0.58399075 -0.86787760 -0.07921948 0.49042109
-0.85469425 -0.06357913 0.51522368 0.09013584 0.95922291 0.26789361
-0.87182558 -0.03655117 0.48845080 0.14820765 0.93078226 0.33418396
-0.75430620 -0.11421012 0.64651245 0.12676874 0.94088256 0.31411731
-0.79026669 -0.10383366 0.60390168 0.03586356 0.97601157 0.21474463
-0.66286767 -0.12296204 0.73857081 -0.01001421 0.98779052 0.15546599
-0.66849971 -0.13755177 0.73088145 0.22107041 0.90157360 0.37187767
-0.11764724 -0.92669004 -0.35693794 -0.97220814 0.03421785 0.23160404
-0.92813408 -0.03039062 0.37100363 0.05443746 0.97486556 0.21604110
-0.22956762 -0.76657802 -0.59971398 -0.93634963 0.00579627 0.35102114
-0.22323081 -0.75275892 -0.61929160 -0.96400648 0.07635196 0.25468022
-0.17590657 -0.93866271 -0.29659611 -0.97349012 0.12112589 0.19402465
-0.14949122 -0.97057915 -0.18875523 -0.96502858 0.10164350 0.24163693
-0.16912110 -0.93845546 -0.30116341 -0.96976000 0.10389043 0.22084478
-0.18923548 -0.78951710 -0.58382589 -0.98175126 0.14072685 0.12790792
-0.18793052 -0.78950280 -0.58426660 -0.98217261 0.15370713 0.10821773
-0.14053801 -0.75404084 -0.64161628 -0.98752970 0.15319991 0.03626228
-0.13268074 -0.76056349 -0.63556200 -0.98112589 0.19178772 -0.02468722
-0.10400861 -0.68195635 -0.72395986 -0.96042007 0.25799087 -0.10504250
-0.13646002 -0.78336579 -0.60639650 -0.97463357 0.21577471 -0.05941984
-0.12763795 -0.74864465 -0.65056884 -0.98843515 0.15016609 0.02112120
-0.10542147 -0.73669702 -0.66795498 -0.94842857 0.27641389 -0.15517293
-0.11019775 -0.72469920 -0.68019670 -0.95141500 0.27488643 -0.13873369
-0.75899613 -0.23507912 -0.60717601 -0.44663239 0.86652869 0.22281751
-0.83809054 -0.28000084 -0.46819204 -0.35451221 0.93185019 0.07730691
-0.20769551 -0.92986703 -0.30366093 -0.96229875 0.24996074 -0.10724151
-0.21082319 -0.94002450 -0.26815578 -0.95770752 0.25358155 -0.13598782
-0.22294277 -0.97357184 -0.04954291 -0.97444534 0.22399689 -0.01678371
-0.18029061 -0.83862311 -0.51401025 -0.98355597 0.14805791 0.10342421
-0.09079202 -0.75027126 -0.65486634 -0.89444911 0.35055533 -0.27761808
-0.06638043 -0.72062933 -0.69013554 -0.87477696 0.37473232 -0.30714983
-0.09572817 -0.75141478 -0.65284920 -0.85828376 0.39449835 -0.32820743
-0.86726344 -0.12886572 -0.48088235 -0.14668055 0.98918378 -0.00054317
-0.76897103 -0.11342353 -0.62914127 -0.03934575 0.99066603 -0.13050979
-0.69208324 -0.11996847 -0.71177840 -0.08216250 0.99277562 -0.08744084
-0.73075265 -0.10343773 -0.67476010 0.00728148 0.98721606 -0.15922154
-0.73482269 -0.09997351 -0.67085099 -0.00418510 0.98972690 -0.14290980
-0.82149571 -0.10864291 -0.55976927 -0.12266450 0.99236840 -0.01258631
-0.69470054 -0.09371462 -0.71316814 -0.18908146 0.98039997 0.05535465
-0.68379468 -0.08184700 -0.72506964 -0.29629126 0.93922454 0.17340361
-0.78136927 -0.10550772 -0.61508548 -0.26924255 0.94615239 0.17973354
-0.79719400 -0.11884544 -0.59191012 -0.31872112 0.91552013 0.24543788
-0.79337245 -0.11390931 -0.59798396 -0.33882686 0.89873487 0.27833799
0.09446006 -0.78007179 -0.61851865 -0.85279280 0.25714928 -0.45455337
0.14017534 -0.73928618 -0.65864015 -0.89234596 0.19391525 -0.40757275
0.08707279 -0.85958385 -0.50352156 -0.94721013 0.08511841 -0.30910826
0.08132929 -0.87156504 -0.48348722 -0.94677877 0.08402228 -0.31072533
-0.88437343 -0.10272445 -0.45533660 -0.25858179 0.91994268 0.29468802
-0.87465787 -0.09983251 -0.47434908 -0.25689772 0.92530406 0.27895519
-0.85367012 -0.11599401 -0.50773305 -0.21894526 0.96448117 0.14778045
-0.88491112 -0.12756842 -0.44794947 -0.18488744 0.97894984 0.08645146
-0.87271112 -0.12956503 -0.47073156 -0.06605808 0.98661476 -0.14908952
-0.89466065 -0.12903698 -0.42770529 -0.14780375 0.98895764 0.01080670
-0.87144458 -0.12472752 -0.47437063 -0.11497939 0.99212688 -0.04963920
-0.80958867 -0.11451164 -0.57571989 -0.15426046 0.98781872 0.02044534
-0.74216062 -0.10169514 -0.66246194 -0.08211016 0.99477190 -0.06071978
-0.80790555 -0.10796022 -0.57933867 -0.19864130 0.97543389 0.09523854
-0.86284244 -0.13160208 -0.48804083 -0.07027906 0.98736918 -0.14199647
-0.95631915 -0.12268214 -0.26533523 -0.09172036 0.98776430 -0.12613139
-0.95802438 -0.12434535 -0.25831670 -0.06633639 0.97273701 -0.22222115
-0.97224230 -0.12603350 -0.19713077 -0.12572119 0.99196476 -0.01414962
-0.93827170 -0.12875271 -0.32104349 -0.06558073 0.97752368 -0.20036623
-0.97991055 -0.11196888 -0.16504027 -0.09580230 0.99006957 -0.10287981
-0.98903322 -0.11357694 -0.09441176 -0.10605305 0.99103713 -0.08122905
-0.19689259 -0.97678000 0.08446389 -0.98008764 0.19383277 -0.04309536
-0.19491652 -0.97739083 0.08194402 -0.98063529 0.19257766 -0.03561423
-0.99700302 -0.07585719 0.01518779 -0.07589017 0.99711490 -0.00160689
0.02896956 -0.99511242 -0.09440377 -0.99957091 -0.02924974 0.00158522
0.01733298 -0.97756428 -0.20992319 -0.99960434 -0.01229040 -0.02530195
0.02302007 -0.98608339 -0.16465001 -0.99003011 0.00040695 -0.14085548
-0.94648379 -0.12489711 -0.29760581 -0.18049815 0.96924669 0.16727647
-0.98103094 -0.15137984 -0.12108852 -0.15699829 0.98685855 0.03823399
0.00261373 -0.95669127 -0.29109290 -0.96571124 0.07315504 -0.24909882
0.00318705 -0.97936416 0.20207852 -0.98436391 -0.03866258 -0.17185162
0.02017738 -0.99309802 -0.11553884 -0.99595094 -0.00983917 -0.08935890
0.01842024 -0.96952415 -0.24430245 -0.99936092 -0.01036687 -0.03420978
0.00835524 -0.95251566 -0.30437490 -0.99963564 -0.00014294 -0.02699317
0.01957007 -0.92414373 -0.38154349 -0.98697197 0.04309829 -0.15501277
-0.00206892 -0.83595186 -0.54879898 -0.99818683 0.03474053 -0.04915505
0.00201927 -0.77830160 -0.62788749 -0.99810028 0.03709517 -0.04919140
-0.00486164 -0.81055188 -0.58564681 -0.99753171 0.04495605 -0.05393963
-0.05390837 -0.70993447 -0.70220149 -0.99786085 0.01225623 0.06421509
-0.08736262 -0.77132446 -0.63041770 -0.98087829 -0.04387601 0.18961194
-0.10920382 -0.75668454 -0.64459527 -0.97750491 -0.03596573 0.20782340
-0.14301917 -0.77062118 -0.62103826 -0.94259506 -0.08526273 0.32286969
-0.89369529 -0.08015046 0.44145754 0.12270391 0.90274477 0.41230536
-0.10226633 -0.84568465 -0.52379292 -0.86490655 -0.18452252 0.46678498
-0.72095162 -0.12978426 0.68072379 0.16792345 0.92031175 0.35331020
-0.71982729 -0.11216089 0.68503195 0.18076056 0.92252523 0.34098798
-0.56539023 -0.14480422 0.81201339 0.07670185 0.97097307 0.22655721
-0.75752425 -0.09805295 0.64540112 -0.05913649 0.99489772 0.08174036
-0.78810197 -0.09764212 0.60775101 -0.05315377 0.99444580 0.09084181
-0.83505911 -0.09560782 0.54178911 0.03474419 0.97365385 0.22536884
-0.88854718 -0.09856103 0.44807324 -0.02539861 0.98572123 0.16645902
-0.88863248 -0.11268312 0.44456157 -0.04475055 0.98602480 0.16047621
-0.96803105 -0.08109543 0.23735933 -0.05471286 0.99177510 0.11570930
-0.96432477 -0.08463987 0.25082630 -0.03278165 0.97839648 0.20412207
-0.01218548 -0.93931216 -0.34284714 -0.97179639 -0.06962992 0.22530749
-0.02161679 -0.92447019 -0.38064119 -0.96699721 -0.07734434 0.24276380
-0.93002033 -0.06222736 0.36220151 0.07173342 0.93586719 0.34497392
-0.02889657 -0.92704105 -0.37384477 -0.99920779 0.03702873 -0.01458754
-0.96334976 -0.10828453 0.24542144 -0.07384758 0.98660767 0.14543672
-0.98112571 -0.09121067 0.17050816 -0.07191604 0.99062967 0.11610781
-0.99068916 -0.07202109 0.11553337 -0.07354985 0.99725080 -0.00901870
0.09155980 -0.97228104 0.21514264 -0.98494887 -0.05661600 0.16331056
-0.95765430 -0.11928551 0.26204818 -0.09916534 0.99110472 0.08875597
-0.94543642 -0.11665007 0.30420831 -0.11197502 0.99316853 0.03283244
-0.83738899 -0.12365023 0.53243822 -0.08189850 0.99146426 0.10144629
-0.84247524 -0.12278216 0.52455705 -0.08625388 0.99186337 0.09363400
-0.95830864 -0.12076047 0.25896224 -0.13175312 0.99095571 -0.02545498
-0.95915157 -0.11987081 0.25624096 -0.13055202 0.99112564 -0.02502377
-0.93011367 -0.07015041 0.36050996 0.03565732 0.95970404 0.27874130
-0.85397285 -0.10921723 0.50872588 -0.10977968 0.99353230 0.02901759
-0.61037570 -0.19643931 0.76736772 0.26442277 0.86266011 0.43115911
0.32075262 0.75365961 0.57368541 0.77274328 0.14202301 -0.61862540
-0.29360169 -0.76260006 -0.57640189 -0.84676671 -0.07233803 0.52702308
-0.90432441 -0.04469345 0.42449945 0.13049291 0.91794199 0.37463868
-0.83215266 -0.09739304 0.54592729 0.07820553 0.95400751 0.28940234
-0.89381093 -0.07566172 0.44201523 0.11843113 0.91084361 0.39539593
-0.20911966 -0.64865345 -0.73179072 -0.91734350 -0.12910400 0.37658074
-0.05012947 -0.85872388 -0.50998080 -0.98183805 -0.05117853 0.18268774
0.02065726 -0.72969037 -0.68346566 -0.98482203 0.10298332 -0.13971391
0.02355666 -0.81799686 -0.57474017 -0.93559289 0.18455176 -0.30100945
0.02268136 -0.91820461 -0.39545655 -0.99248040 0.02691162 -0.11940926
0.00564453 -0.95753276 -0.28826940 -0.97844034 0.05422741 -0.19928356
-0.02421118 -0.92244411 -0.38537091 -0.99940079 0.01279504 0.03216114
0.02455599 -0.98691988 -0.15933044 -0.99848562 -0.03206117 0.04470582
-0.99621254 -0.07178845 0.04906144 -0.07142852 0.99740463 0.00905277
-0.98342478 0.03504914 0.17789683 0.01118244 0.99099541 -0.13342813
-0.96991462 -0.11795277 -0.21296208 -0.12755261 0.99131978 0.03186582
-0.97331840 -0.11879366 -0.19631466 -0.12258863 0.99243110 0.00724980
-0.91540277 -0.12729686 -0.38188130 -0.16150978 0.98511952 0.05877189
-0.91186070 -0.12700641 -0.39035818 -0.17669445 0.97976929 0.09397460
-0.95921403 -0.11105079 -0.25995427 -0.12687558 0.99090397 0.04485467
0.05808827 -0.89837790 -0.43536523 -0.96497518 0.06122843 -0.25509617
0.13196877 -0.74738127 -0.65115708 -0.82428795 0.28212434 -0.49087191
0.26409891 -0.94270778 -0.20384756 -0.95881057 -0.23369758 -0.16145532
-0.81188428 -0.11115193 -0.57313979 -0.21698934 0.96883363 0.11948662
-0.68541765 -0.08235765 -0.72347766 -0.29471657 0.93993860 0.17221373
-0.56437427 -0.10122968 -0.81928891 -0.04928403 0.99481452 -0.08896753
-0.56942040 -0.07797104 -0.81834042 -0.14854488 0.98886341 0.00914264
-0.85513306 -0.13447009 -0.50066495 -0.09577358 0.99012721 -0.10235053
-0.21535787 -0.88065612 -0.42197847 -0.91890723 0.32899919 -0.21764439
-0.95192391 -0.14237460 -0.27123860 -0.11169422 0.98579222 -0.12545182
-0.09708433 -0.70404953 -0.70348340 -0.96641946 0.23565403 -0.10247281
-0.08249886 -0.73694694 -0.67089725 -0.90476418 0.33763728 -0.25962058
-0.02598900 -0.65928966 -0.75143975 -0.87709171 0.37568715 -0.29928133
-0.06256336 -0.70341229 -0.70802337 -0.86439401 0.39281601 -0.31387690
-0.05263395 -0.69281721 -0.71918988 -0.86493534 0.39158422 -0.31392455
-0.54871780 -0.21714605 -0.80731428 -0.54094410 0.82849538 0.14482723
-0.51354891 -0.19676194 -0.83519596 -0.62527871 0.75238687 0.20722099
-0.52349102 -0.20651670 -0.82662451 -0.65049887 0.72345924 0.23121008
-0.55412942 -0.16506888 -0.81590003 -0.36730331 0.92805248 0.06169993
-0.55140144 -0.16077110 -0.81860197 -0.39710772 0.91353649 0.08807150
-0.61705232 -0.17608136 -0.76696920 -0.23784529 0.97079152 -0.03152056
-0.61916924 -0.16264424 -0.76822937 -0.23152216 0.97263777 -0.01932044
-0.73780406 -0.14866622 -0.65844023 -0.23100144 0.97215754 0.03934573
-0.47637784 -0.12025236 -0.87097853 -0.44874978 0.88511944 0.12323696
-0.47719267 -0.16180094 -0.86377525 -0.60534525 0.77304757 0.18961699
-0.45687401 -0.14451900 -0.87771320 -0.61941469 0.75986522 0.19730765
-0.05642054 -0.65754336 -0.75130117 -0.84477979 0.43250823 -0.31509328
-0.75113493 -0.14021941 -0.64508522 -0.20962481 0.97726917 0.03166159
-0.74774665 -0.13870597 -0.64933485 -0.21908891 0.97470850 0.04408377
-0.85388267 -0.15884139 -0.49563482 -0.18773450 0.98218167 0.00865989
-0.84597105 -0.15810683 -0.50924975 -0.13637489 0.98742044 -0.08001715
-0.16522220 -0.87169284 -0.46136025 -0.96716613 0.23479700 -0.09726359
-0.18121468 -0.90114188 -0.39383310 -0.97443795 0.21859956 -0.05181572
-0.18281195 -0.84703660 -0.49910814 -0.96993202 0.07242601 0.23234984
-0.21501616 -0.71989214 -0.65994203 -0.97141457 0.08803902 0.22046064
-0.22912280 -0.78693789 -0.57291502 -0.94665098 0.04311839 0.31936300
-0.92211521 -0.03595287 0.38524148 0.05722804 0.97204858 0.22769822
-0.24359989 -0.76512790 -0.59601879 -0.89498025 -0.05946416 0.44212490
-0.66896707 -0.13278595 0.73133504 0.21994627 0.90448684 0.36541381
-0.67942852 -0.12568088 0.72289789 0.21074784 0.91028094 0.35633394
-0.58255148 -0.10907663 0.80544156 0.19220220 0.94436258 0.26690397
0.28456479 0.74039674 0.60896277 0.76506203 0.20738122 -0.60964990
-0.55684680 -0.12243447 0.82154214 0.22921054 0.92802167 0.29366359
-0.48793498 -0.14274682 0.86112887 0.21583666 0.93617147 0.27748430
-0.44444275 -0.14789580 0.88351434 0.18570790 0.94963956 0.25238326
0.43476254 0.85403103 0.28567928 0.48726016 0.04369450 -0.87216306
-0.43426022 -0.16329730 0.88586235 0.24828751 0.92363662 0.29197398
0.32315719 0.94317758 -0.07736675 -0.01799800 -0.07561304 -0.99697477
0.73719001 0.65843862 0.15168869 0.26215631 -0.07180837 -0.96235007
0.74147606 0.65751535 -0.13374180 -0.02580969 -0.17122667 -0.98489356
0.38989905 0.91603935 -0.09407819 -0.06209321 -0.07577790 -0.99518955
0.74344784 0.65781522 -0.12068319 -0.08505236 -0.08598958 -0.99265903
0.64141339 0.73852414 -0.20777628 -0.23245136 -0.07101739 -0.97001183
0.69183254 0.68984514 -0.21326375 -0.20713779 -0.09332849 -0.97385001
0.30551952 0.94647491 -0.10412980 -0.17030533 -0.05327865 -0.98394996
0.25805518 0.95905292 -0.11672637 -0.18287838 -0.07014488 -0.98062998
0.30890414 0.04833811 0.94986409 0.15216781 0.98333073 -0.09952751
0.33383387 0.93133098 -0.14552559 -0.39038366 -0.00392337 -0.92064393
0.67940378 0.70125329 -0.21599618 -0.32105377 0.01940319 -0.94686222
0.38082045 0.91137284 -0.15612637 -0.39271221 0.00655396 -0.91963810
