0.31227562 0.94947255 -0.03139909 -0.12530077 0.00840241 -0.99208325
0.33632058 0.94105035 -0.03623227 -0.11694206 0.00355622 -0.99313241
-0.07123785 0.99745095 -0.00410166 -0.04824138 -0.00755263 -0.99880719
0.14901701 0.98882961 -0.00315387 -0.02389969 0.00041310 -0.99971431
-0.08898976 0.99603093 0.00180509 -0.08118455 -0.00544711 -0.99668425
0.03712968 0.99926156 -0.00989000 -0.01408436 -0.00937256 -0.99985689
0.04108414 0.99909252 -0.01124009 0.00601254 -0.01149660 -0.99991584
-0.07358959 0.99716085 -0.01596284 0.06844293 -0.01091877 -0.99759531
-0.27302724 0.96074831 -0.04918180 0.10313523 -0.02159700 -0.99443287
-0.25153953 0.96585065 -0.06213287 0.15458259 -0.02328035 -0.98770559
-0.17173856 -0.00034460 0.98514253 0.05005828 0.99870509 0.00907593
-0.19872248 0.00343607 0.98004979 -0.18874907 0.98113912 -0.04171211
-0.16359378 -0.01448661 0.98642147 -0.07215090 0.99739015 0.00268178
-0.18523140 -0.04868150 0.98148841 0.11294930 0.99109834 0.07047451
-0.20094463 -0.05454364 0.97808295 0.11843807 0.98977154 0.07952826
-0.20555995 -0.07021039 0.97612280 0.11883144 0.98825228 0.09610733
-0.20740896 -0.05546901 0.97668052 0.12283663 0.98901224 0.08225510
-0.55604321 -0.09651591 0.82553059 -0.09483134 0.99411589 0.05235140
-0.33596557 -0.01140193 0.94180530 0.10226470 0.99357378 0.04850904
-0.12131545 -0.02113443 0.99238896 0.08429194 0.99594265 0.03151446
0.16689758 0.98597115 0.00247561 0.08614810 -0.01208117 -0.99620908
0.14155968 0.98992968 -0.00044621 0.10919865 -0.01606337 -0.99389017
0.15167524 0.98842007 -0.00452018 0.03936845 -0.01061051 -0.99916846
0.22169296 0.97509700 -0.00617322 -0.00625689 -0.00490815 -0.99996841
0.16614944 0.98608106 -0.00621052 0.01233784 -0.00837635 -0.99988884
0.24447000 0.96938652 -0.02289665 -0.04934907 -0.01114412 -0.99871945
-0.25965115 0.96487623 -0.03993957 -0.00192419 -0.04187488 -0.99912101
-0.28293273 0.95822001 -0.04199472 0.08609346 -0.01823498 -0.99612015
0.26325017 0.96469581 0.00783695 0.06928931 -0.01080420 -0.99753809
-0.21878910 0.01412483 0.97566998 -0.19006643 0.98012614 -0.05681079
-0.25687093 0.00799816 0.96641266 -0.15039574 0.98745281 -0.04814722
-0.29873386 0.00143240 0.95433545 -0.00404541 0.99998802 -0.00276725
0.16444291 0.98612416 0.02275224 0.14859027 -0.00196222 -0.98889691
-0.10504562 -0.01904016 0.99428511 -0.06459236 0.99783617 0.01228402
-0.10967813 -0.01634272 0.99383283 -0.01122452 0.99982142 0.01520248
0.12807430 0.99173796 -0.00727369 0.01369650 -0.00910208 -0.99986482
0.20966475 0.97761261 -0.01773169 -0.06837405 -0.00343128 -0.99765390
0.20310347 0.97899997 -0.01755315 -0.09377032 0.00160296 -0.99559259
0.20442365 0.97884977 -0.00801320 -0.09227900 0.01112071 -0.99567109
0.28487334 0.95846331 -0.01397255 -0.13051176 0.02434153 -0.99114788
0.63666368 0.76915532 -0.05531172 -0.13039586 0.03668492 -0.99078315
0.37620279 0.92631745 -0.02018425 -0.15957490 0.04331789 -0.98623502
0.23919961 -0.09123202 0.96667486 0.18393868 0.98180646 0.04714525
0.35798782 0.93279433 0.04170780 -0.01018333 0.04856582 -0.99876809
0.39994264 -0.25417331 0.88059181 0.47405994 0.87964636 0.03859431
0.33189118 0.94313890 -0.01836424 -0.18980913 0.04769908 -0.98066169
0.32098681 0.94695961 -0.01532923 -0.27717796 0.07845215 -0.95761043
0.52079070 0.84939420 -0.08547906 -0.32673082 0.10581484 -0.93917531
0.38645020 0.92226243 0.00939821 -0.28863817 0.13061181 -0.94848752
0.39144528 0.92017651 0.00677051 -0.28713462 0.12913144 -0.94914639
0.50852555 0.86052662 -0.02992963 -0.22011001 0.09631148 -0.97070891
0.50542396 0.86220992 -0.03377433 -0.23147359 0.09777390 -0.96791542
0.59541571 0.80213022 -0.04546840 -0.20357986 0.09588520 -0.97435176
0.40811616 0.91244274 0.02982404 -0.05948363 0.05917643 -0.99647373
0.60862517 0.79344147 -0.00509356 -0.24719702 0.18350965 -0.95142943
0.60380751 0.79632860 -0.03573859 -0.26436865 0.15775511 -0.95143187
0.59314150 0.80327183 -0.05419976 -0.27758643 0.14085013 -0.95031947
0.66795021 0.74121869 -0.06661356 -0.31993896 0.20518762 -0.92495257
0.67290246 0.73665416 -0.06740182 -0.30590692 0.19415262 -0.93205458
0.57485825 0.81588483 -0.06220900 -0.41562766 0.22566289 -0.88109589
0.47936645 0.87731755 -0.02284319 -0.33204314 0.15721166 -0.93007094
0.44643414 -0.12939663 0.88541126 0.39825621 0.91481590 -0.06711128
0.47429591 -0.12669618 0.87120116 0.30348521 0.95246178 -0.02670858
0.38037068 -0.09571524 0.91986781 0.22028629 0.97537982 0.01040179
0.34614947 -0.08783374 0.93405879 0.24645184 0.96915501 -0.00019770
0.25874135 -0.06797954 0.96355164 0.15694527 0.98722422 0.02750534
0.28339583 -0.07126145 0.95635170 0.21695575 0.97614491 0.00844578
0.17317137 -0.05607318 0.98329419 0.14630416 0.98876572 0.03061907
0.18007396 -0.05728838 0.98198342 0.14362267 0.98913527 0.03136841
0.32125917 0.94557965 -0.05168814 -0.27244514 0.04001320 -0.96133894
0.40786263 -0.10748523 0.90669459 0.25196609 0.96773505 0.00137828
0.23343478 -0.05977989 0.97053313 0.01715125 0.99820626 0.05735916
0.26225281 -0.06477913 0.96282250 0.11066522 0.99318075 0.03667875
0.25526789 -0.06684638 0.96455681 0.04970591 0.99719530 0.05595375
-0.19481194 -0.12062948 0.97339451 -0.12395453 0.98747957 0.09756714
0.26363921 -0.05768256 0.96289521 -0.09219188 0.99213439 0.08467614
0.25458521 -0.06751224 0.96469092 0.05364296 0.99701017 0.05561748
0.58211243 0.80174130 -0.13548441 -0.29833895 0.05559385 -0.95283961
0.50884473 -0.11546712 0.85307938 0.28386879 0.95804310 -0.03964770
0.54089934 -0.09430921 0.83578336 0.17413789 0.98472005 -0.00158282
0.57918245 -0.09944522 0.80910963 0.22263029 0.97409666 -0.03964145
0.80093044 -0.21030259 0.56060976 0.36095184 0.91661757 -0.17183119
0.56275117 -0.22667046 0.79494125 0.51451623 0.84872460 -0.12222765
0.53545916 0.84444076 -0.01425939 -0.32286566 0.18906909 -0.92736763
0.60063285 0.79742074 -0.05796863 -0.43384543 0.26416180 -0.86139232
0.69885659 0.70357102 -0.12879142 -0.42870626 0.26789254 -0.86281198
-0.51381516 0.29373682 -0.80604756 -0.70828128 -0.67539728 0.20536833
-0.51711345 0.28261375 -0.80791277 -0.70357716 -0.67788136 0.21320450
-0.15131843 0.57634711 -0.80307329 -0.90570486 -0.40629360 -0.12093084
-0.15953177 0.61008275 -0.77611125 -0.91790980 -0.38100046 -0.11081662
-0.17589369 0.65777302 -0.73239064 -0.91646999 -0.38101858 -0.12209657
0.77771097 -0.15140405 0.61011678 0.37239021 0.89289600 -0.25310543
-0.12576909 0.54353505 -0.82991070 -0.93247038 -0.35033113 -0.08813151
-0.10084952 0.48730239 -0.86739022 -0.93570238 -0.34270748 -0.08374206
0.65677720 -0.24320079 0.71379066 0.53461838 0.81773227 -0.21330070
0.76902533 0.61046207 -0.18956833 -0.42278093 0.26332271 -0.86713177
0.52688515 -0.22737117 0.81895936 0.51779532 0.84997082 -0.09714741
-0.57906157 0.23711017 -0.78004265 -0.63751686 -0.72807741 0.25194383
0.74385726 0.64836347 -0.16217630 -0.39269221 0.22764993 -0.89104903
0.56015950 -0.14471759 0.81564587 0.49186063 0.85037404 -0.18691483
0.55539554 -0.13523360 0.82051671 0.50272793 0.84057218 -0.20175001
0.55579054 -0.13322449 0.82057798 0.45523795 0.87469596 -0.16632915
0.38998649 -0.02826458 0.92038673 0.29096347 0.95210040 -0.09404862
0.55223769 -0.08349252 0.82949537 0.26724553 0.96019524 -0.08127104
0.59206903 -0.09262513 0.80054659 0.19582745 0.98013467 -0.03142634
0.60710913 -0.09080660 0.78941292 0.18944687 0.98134261 -0.03281244
0.56803346 -0.08092780 0.81901693 0.13473624 0.99087149 0.00446188
0.70145679 -0.10442878 0.70501989 0.19411825 0.97980279 -0.04800708
0.67890465 -0.09893036 0.72753102 0.29566243 0.94382745 -0.14755850
0.72210789 -0.11804387 0.68163472 0.33843628 0.91964811 -0.19926903
0.73650163 -0.13233668 0.66336453 0.40563405 0.87119240 -0.27655894
0.76691121 -0.15900598 0.62174296 0.40818855 0.86844581 -0.28139657
-0.14300740 0.71181780 -0.68765128 -0.88988537 -0.39657971 -0.22545192
-0.11758891 0.75079912 -0.64997965 -0.93537915 -0.30356225 -0.18142729
-0.15179941 0.84320563 -0.51571435 -0.93789238 -0.28755328 -0.19409008
0.85234308 -0.11065056 0.51114351 0.27829015 0.92346138 -0.26414731
0.93425685 -0.15949629 0.31894365 0.23067461 0.95237273 -0.19943780
0.89046627 -0.13202254 0.43547660 0.18267418 0.98020315 -0.07636752
0.79410857 -0.10874788 0.59796792 0.19101433 0.97866493 -0.07568698
0.79485404 -0.10925914 0.59688324 0.19026454 0.97892642 -0.07417848
0.86010522 -0.13501470 0.49192494 0.29446292 0.91885835 -0.26266143
0.85736281 -0.12537053 0.49921066 0.16933462 0.98459589 -0.04355257
0.68592536 -0.09313898 0.72168666 0.19927953 0.97790271 -0.06319922
0.61969852 -0.10164254 0.77823043 0.33434051 0.93129355 -0.14459892
-0.68554133 0.13948022 -0.71454769 -0.48226288 -0.82225883 0.30218044
0.65495032 0.75367290 -0.05492897 -0.31508094 0.20629326 -0.92637312
0.76900661 0.63920110 -0.00713540 -0.22262326 0.25733551 -0.94032836
0.77693778 0.62956524 -0.00391684 -0.22540368 0.27234787 -0.93542492
0.87817979 0.47701991 -0.03538697 -0.16217110 0.22731975 -0.96022201
0.46449172 0.87940556 0.10437097 -0.10983402 0.17415370 -0.97857398
0.52184796 0.84733963 0.09843953 -0.08097823 0.16408519 -0.98311681
0.73702317 0.67248034 0.06758025 -0.05404924 0.15831460 -0.98590827
0.64299333 0.76534730 0.02834021 -0.22100891 0.22085221 -0.94993651
0.71389413 0.69682467 0.06921449 0.10239425 -0.00609802 -0.99472523
0.53060824 0.84649783 -0.04354716 -0.26184967 0.11483838 -0.95825201
0.48286337 0.87539512 -0.02294278 -0.37197140 0.18131822 -0.91036320
0.34438863 -0.08729897 0.93475956 0.25113878 0.96794879 -0.00212716
0.33831573 0.94082576 -0.01973270 -0.27243736 0.07785268 -0.95901865
0.28428534 0.95859188 -0.01683763 -0.17333548 0.03411663 -0.98427176
0.19062842 0.98165077 -0.00474801 -0.16863927 0.02798278 -0.98528057
0.13755623 0.99049318 0.00128802 -0.03012630 0.00548361 -0.99953109
-0.05880108 0.99826336 -0.00356832 0.05433908 -0.00036849 -0.99852252
-0.10410000 -0.02613668 0.99422336 -0.06614704 0.99762326 0.01930014
