0.03346128 0.67791462 0.73437876 -0.99942863 0.02620874 0.02134439
0.03389765 0.72715282 0.68563825 -0.99939770 0.01956150 0.02866384
0.03412960 0.92348713 0.38210827 -0.98235172 -0.03935475 0.18285622
0.04624810 0.90892249 0.41439238 -0.98191124 -0.03488434 0.18610066
0.03835074 0.92021447 0.38953128 -0.98421007 -0.03262523 0.17397165
0.01742659 0.96392190 0.26561430 -0.98906547 -0.02229014 0.14578278
0.97705716 -0.00859547 -0.21280366 0.01642408 0.99925071 0.03504748
0.00584638 0.93295848 0.35993659 -0.99541843 0.03978169 -0.08694609
0.02658904 0.97092980 0.23788311 -0.99229175 -0.00317803 0.12388323
0.99462157 0.00146218 -0.10356579 -0.00549594 0.99923676 -0.03867418
-0.01870046 0.94850582 -0.31620732 -0.99974120 -0.02183755 -0.00638005
-0.21573843 0.82135558 -0.52804548 -0.97456074 -0.21475461 0.06412383
-0.23610094 0.65584368 -0.71702540 -0.91694087 -0.39463252 -0.05903086
-0.26124427 0.69767827 -0.66708058 -0.90656209 -0.41467679 -0.07866648
-0.24968806 0.60357678 -0.75719941 -0.80978894 -0.55891263 -0.17848937
0.69270784 0.02432271 0.72080815 0.19124575 0.95745844 -0.21609829
0.98933977 -0.00191863 -0.14561298 -0.00084265 0.99982107 -0.01889909
0.96184158 -0.00405866 -0.27357700 0.03919685 0.99162030 0.12309702
0.95703930 -0.00475730 -0.28991935 0.04103857 0.99202269 0.11919235
0.95435983 -0.00645612 -0.29858950 0.04443479 0.99170858 0.12058084
0.94460875 -0.01608541 -0.32780421 0.03017408 0.99882448 0.03793788
0.97973686 -0.01985690 -0.19930257 0.00647741 0.99769419 -0.06756037
0.98024541 -0.02044273 -0.19672620 0.00720322 0.99767423 -0.06778086
0.97844714 -0.02464920 -0.20502120 0.03191893 0.99897081 0.03222672
0.95325422 -0.02462800 -0.30116418 0.02774099 0.99959677 0.00606363
0.95023072 -0.02190486 -0.31077608 0.02150789 0.99975765 -0.00470466
0.96879178 -0.01893301 -0.24715199 0.00575738 0.99852848 -0.05392409
0.97151345 -0.01967499 -0.23616634 0.00597017 0.99826336 -0.05860585
0.97004855 -0.01842954 -0.24221098 -0.00372918 0.99587041 -0.09070985
0.98108870 -0.01146423 -0.19321911 -0.00667107 0.99564868 -0.09294761
0.98075908 -0.00976639 -0.19497763 -0.01180086 0.99395561 -0.10914665
-0.01308556 0.98846549 -0.15087996 -0.99090064 0.00739588 0.13439202
-0.01550366 0.98728514 -0.15820149 -0.99399233 0.00192644 0.10943306
0.96504623 -0.02150478 -0.26119608 -0.01557140 0.99016237 -0.13905394
0.97242725 -0.01782519 -0.23252435 -0.02030800 0.98681432 -0.16057760
0.96947706 -0.02076268 -0.24430159 -0.03408640 0.97531819 -0.21815741
0.96775264 -0.02011489 -0.25109819 -0.03457841 0.97676307 -0.21151422
0.98275965 -0.01040896 -0.18459444 -0.02124148 0.98544627 -0.16865483
0.96792859 -0.01881398 -0.25052017 -0.03728689 0.97538894 -0.21731584
-0.03038175 0.96393901 -0.26438349 -0.99810404 -0.04342293 -0.04362189
-0.04014549 0.98308331 -0.17870532 -0.98821700 -0.06550182 -0.13833560
-0.04108700 0.98285002 -0.17977132 -0.98469329 -0.07033341 -0.15947537
0.95806164 -0.00611521 -0.28649715 -0.06763489 0.96670109 -0.24680860
0.76353931 -0.06678884 -0.64229828 0.04062679 0.99763507 -0.05544268
0.77288443 -0.06305883 -0.63140577 -0.06179801 0.98283976 -0.17380181
0.72444379 -0.07919407 -0.68476969 -0.07682849 0.97791374 -0.19437616
0.71125567 -0.07637702 -0.69877177 -0.10290696 0.97205567 -0.21099286
-0.02908752 0.98606050 -0.16382495 -0.99909168 -0.02357431 0.03549765
-0.02866388 0.98688388 -0.15886666 -0.99854010 -0.02099047 0.04977050
-0.04030077 0.95925403 -0.27965635 -0.98411018 0.01033199 0.17725827
-0.03174601 0.97832406 -0.20463198 -0.99620485 -0.04757214 -0.07288906
0.97896779 -0.00050827 -0.20401438 -0.01926601 0.99529773 -0.09492800
-0.03265929 0.97010565 -0.24047548 -0.98285204 0.01251538 0.18397090
0.93150473 -0.02488974 -0.36287674 -0.02294968 0.99164629 -0.12692896
0.91611379 -0.03264735 -0.39958692 -0.07580767 0.96459377 -0.25261056
0.76964539 -0.08324692 -0.63302135 -0.02184438 0.98744971 -0.15641584
0.74239433 -0.08998867 -0.66389209 -0.01238550 0.98892534 -0.14789607
0.94896686 -0.00888747 -0.31525075 -0.06688848 0.97118998 -0.22872706
-0.03226083 0.97436744 -0.22263734 -0.99828011 -0.04232191 -0.04056709
-0.03487526 0.97847331 -0.20340519 -0.99868035 -0.04179879 -0.02984077
0.94137424 0.11962084 0.31544489 -0.10598887 0.99255013 -0.06008816
0.87498069 0.16837315 0.45393762 -0.03108270 0.95518273 -0.29438046
0.86021096 0.17782182 0.47792947 -0.02671310 0.95165670 -0.30599996
0.92406642 0.14437975 0.35391480 -0.02052696 0.94332528 -0.33123440
0.92292804 0.14267090 0.35755962 -0.02100057 0.94606793 -0.32328698
-0.02547268 0.96350020 -0.26649317 -0.99966097 -0.02599070 0.00158353
-0.02549657 0.98204482 -0.18691699 -0.99878955 -0.03289223 -0.03657201
-0.03147861 0.96182376 -0.27185312 -0.97098267 0.03508446 0.23656245
-0.03617418 0.95789647 -0.28482607 -0.97563988 0.02785885 0.21760248
-0.03570092 0.95315826 -0.30035776 -0.99063486 0.00588108 0.13641125
0.92544746 0.12723073 0.35687453 -0.01769426 0.95541549 -0.29473412
-0.02706431 0.96087581 -0.27565411 -0.97138584 -0.09037087 -0.21964230
0.93715316 0.11697343 0.32872677 -0.00927901 0.95015264 -0.31164718
0.91501373 0.13156497 0.38136673 -0.02185337 0.96010435 -0.27878672
0.93544453 0.12225775 0.33165741 -0.03853236 0.96795899 -0.24813437
-0.04418400 0.94244218 -0.33143723 -0.97369045 0.03361318 0.22538207
-0.05202386 0.93348449 -0.35482413 -0.96778315 0.04052237 0.24850291
-0.06714569 0.90312386 -0.42409763 -0.98209405 0.01516263 0.18778016
-0.06280858 0.91010815 -0.40958303 -0.98421884 0.01154392 0.17657863
-0.06204182 0.91217530 -0.40507659 -0.99652719 -0.07919837 -0.02571472
-0.06381514 0.90259326 -0.42573833 -0.99629790 -0.03299613 0.07938399
-0.05790787 0.90677315 -0.41762325 -0.99043548 0.00029582 0.13797665
-0.07568957 0.87595421 -0.47641930 -0.99442106 -0.10151489 -0.02866193
-0.07703208 0.84475404 -0.52958167 -0.99652559 -0.04836322 0.06780712
-0.07736102 0.83406848 -0.54620981 -0.99651527 -0.08182336 0.01619369
-0.07263148 0.90477020 -0.41966134 -0.95672637 -0.18208340 -0.22698110
0.86829215 0.23763295 0.43543008 -0.01415268 0.88929921 -0.45710692
0.82104224 0.27142900 0.50221103 -0.05745557 0.91455632 -0.40035692
0.81649089 0.28400007 0.50267953 -0.05092880 0.90268797 -0.42727134
0.70463693 0.34035268 0.62261295 -0.01671973 0.88517398 -0.46495974
0.80244309 0.29389545 0.51933670 -0.02315618 0.88498700 -0.46503961
0.80761015 0.29431042 0.51102579 -0.01907328 0.87914395 -0.47617456
0.82259607 0.30658704 0.47889456 -0.03160794 0.86554760 -0.49982840
-0.07472239 0.92392093 -0.37521538 -0.97728908 -0.14267144 -0.15668797
-0.06205402 0.93678182 -0.34436780 -0.99514902 -0.03168200 0.09313844
-0.07157329 0.88886726 -0.45253986 -0.98835939 -0.12426864 -0.08776728
-0.06322282 0.91282916 -0.40341768 -0.97533327 -0.14217511 -0.16885293
0.83216178 0.31750613 0.45463911 -0.02017695 0.83665299 -0.54736161
0.83393228 0.33081421 0.44172278 -0.04103841 0.83537310 -0.54814935
-0.09103892 0.73772943 -0.66892987 -0.85482806 -0.40247929 -0.32753533
-0.09223484 0.73053849 -0.67661381 -0.85292947 -0.40860057 -0.32489526
-0.10469914 0.73416156 -0.67085391 -0.84917086 -0.41710272 -0.32393539
-0.06287814 0.69119745 -0.71992534 -0.87983131 -0.37889946 -0.28693557
-0.08211377 0.73614931 -0.67181963 -0.98217303 -0.17414667 -0.07077497
-0.10045192 0.81646103 -0.56859553 -0.97195083 0.04161839 0.23147236
-0.10900812 0.77294099 -0.62504357 -0.99074101 -0.03328827 0.13162117
-0.10995026 0.62894648 -0.76963454 -0.99376822 -0.08383730 0.07345809
-0.09904504 0.62075722 -0.77772146 -0.99504656 -0.06847176 0.07206962
-0.10481650 0.57755482 -0.80959493 -0.98230869 -0.18716148 -0.00634126
-0.15354069 0.73191071 -0.66387659 -0.93644267 0.10669075 0.33420396
-0.13707113 0.74573672 -0.65198797 -0.93508387 0.11976806 0.33357739
-0.13557324 0.75802749 -0.63797671 -0.93110383 0.12259917 0.34353340
-0.16097200 0.70542318 -0.69026530 -0.95300674 0.07076920 0.29456744
-0.17107095 0.75285149 -0.63557017 -0.91093719 0.12493123 0.39317381
0.90880644 -0.05201790 -0.41396275 -0.10600944 0.93084484 -0.34969971
-0.14202794 0.78113854 -0.60798901 -0.98798168 -0.07401929 0.13569601
-0.15061624 0.77974468 -0.60771132 -0.98856300 -0.11405774 0.09866154
-0.15595697 0.79718280 -0.58324707 -0.98718673 -0.14597559 0.06444855
-0.20024388 0.81951755 -0.53692967 -0.90547436 -0.36410517 -0.21804507
-0.19563866 0.81082690 -0.55162054 -0.89434868 -0.37827933 -0.23884159
0.86629212 0.38904145 0.31334451 -0.18748885 0.83463192 -0.51791650
0.87408662 0.37498790 0.30879888 -0.17799467 0.83871639 -0.51465786
-0.09484212 0.87221736 -0.47983521 -0.99110770 -0.12792096 -0.03662949
-0.09575050 0.83439207 -0.54279065 -0.97991502 0.01681246 0.19870558
-0.12157320 0.78628057 -0.60579115 -0.95277172 0.07867314 0.29332006
-0.07671773 0.88736367 -0.45464283 -0.99174649 -0.02093265 0.12649418
-0.04284620 0.77688992 -0.62817699 -0.94989842 -0.22652361 -0.21536027
-0.07880598 0.88933140 -0.45042118 -0.98583382 -0.13662899 -0.09728417
-0.07944691 0.88631773 -0.45621166 -0.95492613 0.06364356 0.28994071
-0.08882514 0.84990227 -0.51939994 -0.95503080 0.07542989 0.28675166
-0.09331600 0.84028119 -0.53405970 -0.95022094 0.08499414 0.29976013
-0.10565376 0.84729320 -0.52051079 -0.97052991 0.02614500 0.23955815
0.85393226 -0.02430601 -0.51981634 -0.09972592 0.97275078 -0.20931022
-0.05961916 0.94007427 -0.33571705 -0.95676154 0.04210456 0.28781003
-0.08382942 0.90291888 -0.42155692 -0.97672260 -0.15827700 -0.14478052
-0.08028673 0.88665080 -0.45541677 -0.99395567 -0.03689478 0.10339686
-0.11622908 0.80695862 -0.57905847 -0.99235189 -0.06994446 0.10171313
-0.11541424 0.80242741 -0.58548266 -0.94987553 0.08324815 0.30134073
-0.12560795 0.77539474 -0.61885840 -0.95998108 0.06239766 0.27302542
-0.10287160 0.81872618 -0.56489378 -0.94819748 0.09088816 0.30440250
-0.08908124 0.84500647 -0.52728415 -0.98525745 0.00287131 0.17105433
-0.04304211 0.66791630 -0.74299067 -0.92357564 -0.31020021 -0.22535294
-0.04379217 0.63971245 -0.76736581 -0.93089712 -0.30494621 -0.20109299
-0.03343740 0.66174453 -0.74898338 -0.98567545 -0.14578404 -0.08479942
-0.09708288 0.73629409 -0.66966110 -0.86493170 -0.39530063 -0.30924213
0.73380071 0.33038360 0.59361881 -0.02569658 0.88665754 -0.46171212
0.80109084 0.29057103 0.52328002 -0.06857276 0.91305506 -0.40203014
0.91001016 0.19915445 0.36361942 -0.07810860 0.94371790 -0.32139647
-0.07193124 0.88503081 -0.45994180 -0.99018514 -0.00796267 0.13953510
-0.02787800 0.98131764 -0.19036429 -0.99660653 -0.04204049 -0.07076791
-0.03021000 0.95667464 -0.28958771 -0.98134595 0.02664394 0.19039498
-0.02646814 0.98502761 -0.17035291 -0.99477834 -0.00915082 0.10164852
0.98303479 -0.01050334 -0.18311828 -0.02105295 0.98529953 -0.16953368
0.93097067 -0.02704190 -0.36409119 -0.06833769 0.96672076 -0.24653812
0.87182963 -0.05262075 -0.48697460 -0.03588542 0.98467869 -0.17064647
0.88698173 -0.03213185 -0.46068528 -0.01313271 0.99541795 -0.09471345
0.97632450 -0.01538207 -0.21576351 -0.00910999 0.99365956 -0.11206182
0.96952599 -0.01682205 -0.24441034 0.00215404 0.99818659 -0.06015766
0.86950439 -0.02334523 -0.49337327 0.03320425 0.99938554 0.01122953
0.86093616 -0.02244640 -0.50821757 0.03415024 0.99932259 0.01371457
0.94767171 -0.02618703 -0.31817076 0.04266430 0.99807876 0.04492882
0.86668831 -0.00872036 -0.49877390 0.09328468 0.98504305 0.14487290
0.73980558 0.03223213 -0.67204821 0.13211516 0.97244686 0.19207487
0.62119192 0.10175612 -0.77702403 0.27576265 0.89973271 0.33828405
0.73937410 0.03618243 -0.67232192 0.20535442 0.93885773 0.27636150
0.69787031 0.05863006 -0.71382046 0.25807798 0.90910888 0.32698148
-0.36501986 -0.80132169 -0.47396630 0.65587938 0.13997731 -0.74177396
-0.39041248 -0.77414507 -0.49827456 0.71117526 0.09010401 -0.69721657
-0.35865739 -0.79889393 -0.48283899 0.69593859 0.11588427 -0.70868921
-0.37661782 -0.78573591 -0.49069154 0.68778193 0.11767241 -0.71631646
-0.40739828 -0.75729978 -0.51041508 0.68086171 0.12062261 -0.72241098
0.10675437 0.68050122 0.72492868 -0.88361013 -0.26936719 0.38298103
0.12557858 0.65060049 0.74896538 -0.85896945 -0.30643120 0.41020906
0.12277436 0.64019161 0.75834113 -0.91620624 -0.22056951 0.33453730
0.12673558 0.63570273 0.76145929 -0.91443646 -0.22258845 0.33802426
0.11639399 0.65069836 0.75036269 -0.92746729 -0.19907674 0.31650099
0.11290729 0.63913679 0.76076025 -0.97138661 -0.09000976 0.21978693
0.09265912 0.71989357 0.68787181 -0.97295243 -0.08135714 0.21620511
0.06881615 0.81894612 0.56972945 -0.99114227 -0.00889697 0.13250630
0.06513403 0.79622817 0.60148001 -0.99747086 0.06913716 0.01649322
0.05347821 0.58863485 0.80662829 -0.98296148 0.17329220 -0.06129067
0.04102701 0.51084840 0.85869133 -0.98721153 0.15322679 -0.04398942
0.02662188 0.44549382 0.89488918 -0.99957377 0.02259280 0.01848897
0.02616413 0.42132539 0.90653205 -0.99884701 0.04753260 0.00673697
0.03955605 0.87157750 0.48865932 -0.95384711 -0.11275362 0.27832064
0.16833077 0.74764299 0.64241326 -0.87885904 -0.18130398 0.44128868
0.13184263 0.83106309 0.54032558 -0.89173824 -0.13862045 0.43079850
0.10465301 0.87680066 0.46932763 -0.91659647 -0.09806859 0.38759956
0.05473771 0.94023466 0.33609915 -0.94724816 -0.05755863 0.31529033
0.95513082 0.00283025 -0.29617071 0.04512792 0.98688865 0.15496540
0.07530186 0.94284421 0.32461423 -0.94132185 -0.04019500 0.33510831
0.70719373 0.05181045 -0.70511895 0.21835986 0.93254977 0.28752390
0.58261329 0.02145265 -0.81246632 0.21596080 0.95962918 0.18020220
0.56992978 0.02130754 -0.82141715 0.24842110 0.94841528 0.19696571
0.58743876 0.01346079 -0.80915666 0.23372604 0.95443159 0.18556005
0.50613910 0.03814701 -0.86160779 0.19256327 0.96880329 0.15601154
0.55836624 0.01837710 -0.82939100 0.10435310 0.99025792 0.09219453
0.59874082 0.00647353 -0.80091673 0.18621644 0.97144037 0.14706154
0.88389611 -0.00730479 -0.46762627 0.11761706 0.97121418 0.20714565
0.99921668 -0.01109149 -0.03798726 0.00971174 0.99929321 -0.03631521
0.90720963 0.04899738 0.41781569 -0.00298613 0.99391901 -0.11007336
0.93249327 0.05399251 0.35712898 -0.00750822 0.99144787 -0.13028741
0.87358427 0.08091649 0.47989911 -0.01089424 0.98908544 -0.14693984
0.86954880 0.09219611 0.48516476 -0.02056829 0.98832762 -0.15094841
0.86917323 0.09647880 0.48500496 -0.02440103 0.98795605 -0.15279861
0.91329157 0.08986136 0.39726999 -0.02077238 0.98436588 -0.17490682
0.90322876 0.09731444 0.41798055 -0.01802565 0.98169470 -0.18960641
0.82586408 0.12781484 0.54919213 -0.02111281 0.98029697 -0.19639793
0.94889128 -0.02337850 -0.31473595 0.03956635 0.99819672 0.04514203
0.92588741 0.00389039 -0.37777960 0.08356278 0.97307181 0.21482196
0.96230465 0.01118459 -0.27174395 0.05843020 0.96732181 0.24672766
-0.01111295 0.95008218 -0.31180182 -0.99677259 0.01426709 0.07899886
-0.00567239 0.98514825 -0.17161232 -0.99996477 -0.00664952 -0.00511950
0.01396450 0.97023398 0.24176648 -0.99903888 0.00349140 0.04369341
0.01597708 0.95357805 0.30072194 -0.99981213 0.01853708 -0.00566129
0.01891241 0.84675491 0.53164691 -0.96475875 0.15503895 -0.21261115
0.01950697 0.81134403 0.58424348 -0.99110651 -0.06124334 0.11814066
-0.02724880 0.92757130 0.37265140 -0.98847514 0.03053057 -0.14827272
-0.01311856 0.96235013 0.27149624 -0.99410957 0.01666090 -0.10709139
-0.00296919 0.98440313 0.17590258 -0.99998230 -0.00383064 0.00455792
0.99887550 -0.00420223 -0.04722490 0.00346200 0.99987006 -0.01574532
-0.02303992 0.75308090 0.65752441 -0.96544975 0.15400319 -0.21021387
0.00586970 0.83564031 0.54924577 -0.99370390 0.06632838 -0.09029459
0.00291411 0.97733140 0.21169545 -0.99162334 -0.02451245 0.12681656
0.01983260 0.95973808 0.28019565 -0.99708909 -0.00165018 0.07622749
0.02644898 0.94552112 0.32448468 -0.99677396 0.00033908 0.08025972
0.06126992 0.91794443 0.39194897 -0.96221912 -0.05005169 0.26763624
0.08218522 0.78450447 0.61465311 -0.97390908 -0.06768470 0.21660978
0.03312127 0.86749947 0.49633425 -0.99943763 0.02614523 0.02099728
