-0.00313372 -0.99567437 -0.09285893 -0.99917072 0.00688733 -0.04012990
-0.99657333 -0.03039828 -0.07692574 -0.02574363 0.99781835 -0.06079306
-0.99197435 -0.03483662 -0.12154520 -0.03035950 0.99879754 -0.03849500
-0.98641527 -0.04114423 -0.15903483 -0.01872326 0.98997623 -0.13998757
0.00971294 -0.95842850 0.28516760 -0.99027193 -0.04880628 -0.13030541
0.01837212 -0.97710592 0.21195860 -0.98933905 -0.04839753 -0.13735349
0.01635621 -0.96331334 0.26788026 -0.98857588 -0.05572867 -0.14004321
0.00900177 -0.95059705 0.31029719 -0.97543347 -0.07665276 -0.20652866
0.01658688 -0.96312445 0.26854447 -0.98857969 -0.05603175 -0.13989526
0.01246300 -0.95545542 0.29487237 -0.99496579 -0.04117566 -0.09136577
0.01842402 -0.98280811 0.18370847 -0.99629533 -0.03348330 -0.07921189
0.02062946 -0.99522090 0.09544581 -0.99800187 -0.02620123 -0.05749623
0.01478478 -0.99381077 0.11009789 -0.99966091 -0.01705217 -0.01968126
0.01176165 -0.98794073 0.15438558 -0.99983907 -0.01371188 -0.01157341
0.01378974 -0.96673435 0.25541049 -0.99957246 -0.01991482 -0.02141064
0.01318514 -0.95201772 0.30575892 -0.99967694 -0.01919605 -0.01666049
0.01264575 -0.96912044 0.24626359 -0.99888694 -0.00105128 0.04715620
0.01106413 -0.97865218 0.20522568 -0.99816245 0.00141857 0.06057764
0.00963851 -0.98483622 0.17321864 -0.99542731 0.00701346 0.09526429
0.01144453 -0.98459315 0.17448626 -0.99060637 0.01261561 0.13616124
0.01445137 -0.97937971 0.20151065 -0.98741490 0.01776434 0.15715067
-0.97949111 0.01584174 0.20086384 -0.02076201 0.98366213 -0.17882326
-0.95349282 0.02125901 0.30066517 -0.06320002 0.96123481 -0.26839051
-0.95251685 0.02151421 0.30372486 -0.06314176 0.96186066 -0.26615292
-0.93577456 0.02890303 0.35141239 -0.02861411 0.98712265 -0.15738545
-0.89266443 0.04359723 0.44860840 -0.07324782 0.96804762 -0.23983037
-0.89590788 0.03992767 0.44244209 -0.06561515 0.97313565 -0.22068463
-0.78870219 0.08385786 0.60902935 -0.06595644 0.97339350 -0.21944213
-0.75171399 0.08881481 0.65348148 -0.11291610 0.95892483 -0.26021752
-0.71419442 0.04591033 0.69844013 -0.08563401 0.98461944 -0.15228724
-0.62221658 0.05183775 0.78112704 -0.08427638 0.98757094 -0.13266937
-0.44450498 0.13647266 0.88531947 -0.31971413 0.89906251 -0.29911458
-0.54600394 0.11474991 0.82988685 -0.13765740 0.96482390 -0.22397622
-0.45215285 0.13041572 0.88235456 -0.16417938 0.96018034 -0.22605063
-0.42798063 0.00830889 0.90374970 -0.08874334 0.99473929 -0.05117082
-0.44341299 0.00524573 0.89630204 -0.09538276 0.99402851 -0.05300486
-0.42172280 -0.09306348 0.90193629 -0.05045392 0.99558628 0.07913546
-0.45089513 -0.13006441 0.88304979 -0.01264425 0.99015766 0.13938405
-0.39193478 -0.14599739 0.90833473 -0.00632059 0.98773181 0.15603171
-0.34096459 -0.15216641 0.92767912 0.06556409 0.98056066 0.18493831
-0.40947384 -0.16707931 0.89689231 0.11974946 0.96473914 0.23438959
0.16354968 0.95908171 0.23111430 0.20727389 0.19563365 -0.95852238
0.20778376 0.94960231 0.23469435 0.29741108 0.16724119 -0.93998778
0.28393799 0.92534518 0.25122809 0.35755259 0.14093174 -0.92319793
0.29185945 0.92345327 0.24910261 0.35038280 0.13910925 -0.92621839
0.33142790 0.90921891 0.25194544 0.08045771 0.23882852 -0.96772283
0.34124249 0.90809208 0.24273919 0.31099778 0.13462305 -0.94082791
0.31489244 0.91958249 0.23496993 0.31020099 0.13425702 -0.94114316
-0.66143185 -0.05660281 0.74786639 0.19390498 0.95034039 0.24342164
0.32820818 0.91041803 0.25183004 0.40249875 0.10639581 -0.90921652
-0.42527509 -0.14904316 0.89270782 0.24993369 0.92865330 0.27410987
-0.42887574 -0.14780353 0.89119011 0.25196192 0.92780322 0.27512980
-0.40892163 -0.15183355 0.89984983 0.11438118 0.96975780 0.21560788
-0.40326324 -0.15124027 0.90249938 0.10924643 0.97123724 0.21157385
-0.51848400 -0.11259131 0.84764236 0.10516381 0.97537160 0.19388379
-0.54581088 -0.10504480 0.83129787 0.13279848 0.96872658 0.20960301
-0.52516019 -0.09843178 0.84529173 0.01441448 0.99211687 0.12448451
-0.66519159 -0.07173549 0.74321890 -0.00820129 0.99601614 0.08879521
-0.62795419 -0.00358614 0.77824205 -0.08577507 0.99421614 -0.06462953
-0.74713433 -0.01716513 0.66445148 -0.09248038 0.99262750 -0.07834536
-0.77534765 -0.01710064 0.63130313 -0.04897740 0.99825090 -0.03311211
-0.82887167 -0.02275589 0.55897588 -0.12159755 0.98261279 -0.14030756
-0.86672682 -0.02159228 0.49831554 -0.08426345 0.99104136 -0.10361819
-0.86933261 -0.01965010 0.49383667 -0.06891096 0.99426806 -0.08174580
0.10962259 -0.93025964 0.35014263 -0.93875200 0.01888413 0.34407574
0.08444254 -0.95333844 0.28985390 -0.95080924 0.00991816 0.30961841
-0.88275015 -0.01020074 0.46973199 -0.04315014 0.99729925 -0.05943305
-0.95450377 -0.02532258 0.29712188 -0.00658591 0.99793500 0.06389303
-0.97655892 -0.01772870 0.21451908 -0.01891905 0.99981493 -0.00349688
-0.92104793 -0.03067845 0.38823903 0.07243166 0.96600533 0.24816822
-0.95272601 -0.02387219 0.30289167 -0.02555130 0.99967229 -0.00158149
-0.94685745 -0.02530966 0.32065621 -0.01875272 0.99954748 0.02352068
-0.88660586 -0.03509298 0.46119264 0.00337459 0.99660021 0.08232050
-0.87016106 -0.03624026 0.49143308 0.03460842 0.99033469 0.13431104
-0.84357101 -0.04313838 0.53528219 0.05113192 0.98578775 0.16002530
-0.89547795 -0.03450178 0.44376677 -0.08849112 0.99088925 -0.10152721
-0.94176942 -0.02518886 0.33531460 -0.01973891 0.99961203 0.01965195
-0.95113540 -0.02544266 0.30772430 -0.00737593 0.99818724 0.05973215
-0.95457882 -0.02428653 0.29696706 -0.03382574 0.99906230 -0.02702515
-0.88447803 -0.04283807 0.46461114 0.05311052 0.98006052 0.19146977
-0.90101361 -0.03894953 0.43203878 0.10295625 0.94830167 0.30020657
-0.13833740 -0.94102609 -0.30875996 -0.96021265 0.05107203 0.27456021
-0.78439224 -0.03137555 0.61947113 0.19994920 0.93261451 0.30041739
-0.77660906 -0.03498719 0.62901068 0.21835938 0.92161161 0.32086015
-0.77486885 -0.03243021 0.63128972 0.21971543 0.92259645 0.31708211
-0.68595582 -0.07571220 0.72369349 0.18002626 0.94599277 0.26960757
-0.63662487 -0.09648946 0.76511341 0.22735623 0.92456049 0.30577290
-0.64414907 -0.09246822 0.75929028 0.23388077 0.92131352 0.31061420
-0.60816413 -0.11701529 0.78513944 0.30179983 0.88072014 0.36503270
-0.60570931 -0.11873077 0.78677779 0.30095199 0.88116241 0.36466527
-0.60538012 -0.11893173 0.78700078 0.30094200 0.88117027 0.36465457
0.35751593 0.88593769 0.29546022 0.51450557 0.07718486 -0.85400623
0.35685244 0.88694042 0.29324582 0.49937040 0.08417843 -0.86228955
0.35145420 0.89294863 0.28128770 0.44725633 0.10380776 -0.88836128
-0.51518250 -0.14927812 0.84398049 0.25603887 0.91294473 0.31776735
0.36318648 0.88298821 0.29736736 0.51252055 0.07720064 -0.85519749
-0.53143972 -0.14230658 0.83505726 0.25345001 0.91391802 0.31704405
-0.54890829 -0.13408737 0.82505774 0.24374582 0.91847569 0.31143284
-0.55211729 -0.13304935 0.82308227 0.17599462 0.94634479 0.27103034
-0.47504064 -0.15547542 0.86611998 0.14501277 0.95697927 0.25132051
-0.53419220 -0.12301029 0.83636552 0.09975822 0.97327095 0.20686220
-0.60534370 -0.09705495 0.79002488 0.08611930 0.97872567 0.18622443
-0.60297441 -0.09689313 0.79185456 0.07465301 0.98138797 0.17693098
-0.52959925 -0.11563729 0.84032893 0.00227549 0.99046701 0.13773178
-0.60918546 -0.03609647 0.79220593 0.00664253 0.99869627 0.05061303
-0.63270444 -0.03364988 0.77366203 0.01966302 0.99803525 0.05948935
-0.70861888 -0.00605951 0.70556551 0.01682990 0.99953353 0.02548688
-0.70808077 0.00142975 0.70613003 0.01526116 0.99979538 0.01327896
-0.76529860 0.02909428 0.64301759 -0.05972583 0.99145848 -0.11594374
-0.83035582 0.00576844 0.55720377 0.05411945 0.99605405 0.07033822
-0.83444756 0.00544158 0.55106056 0.04851547 0.99679416 0.06362183
-0.84510726 0.00508275 0.53457278 0.07756461 0.99053955 0.11320394
-0.83319807 -0.00285991 0.55296737 0.08627281 0.98706907 0.13509889
-0.84044260 0.00058486 0.54190022 0.08504091 0.98775136 0.13082539
-0.75431132 -0.01903656 0.65624094 0.07317648 0.99091303 0.11285705
-0.72755706 -0.05016647 0.68421060 0.07894267 0.98457628 0.15613325
-0.70996773 -0.05571358 0.70202696 0.07498221 0.98521876 0.15401831
-0.61478311 -0.09726195 0.78267616 0.09965888 0.97483289 0.19942188
-0.72031206 -0.06208617 0.69086605 0.16359533 0.95268399 0.25618309
-0.72163129 -0.06188380 0.68950617 0.15950026 0.95433795 0.25258428
-0.65676129 -0.08819186 0.74892378 0.18145803 0.94547433 0.27046508
-0.59947467 -0.11485145 0.79211068 0.17264873 0.94779843 0.26808700
-0.65293986 -0.09154026 0.75185764 0.23994584 0.91654044 0.31996822
-0.67122257 -0.08547512 0.73631126 0.24629016 0.91117918 0.33029333
-0.75704259 -0.04314340 0.65193963 0.22367258 0.92041248 0.32064223
-0.73479271 -0.05690790 0.67590028 0.22061233 0.92224419 0.31748366
-0.77910602 -0.03245019 0.62605178 0.23616989 0.90988749 0.34106985
-0.77991897 -0.02954907 0.62518269 0.24159771 0.90725130 0.34427550
-0.72882408 -0.05126661 0.68277913 0.28866908 0.88123047 0.37430349
-0.72527909 -0.05209394 0.68648124 0.28076890 0.88806105 0.36402801
-0.72198534 -0.05832914 0.68944538 0.27714494 0.88863313 0.36540645
-0.80755109 -0.00860514 0.58973497 0.26911700 0.88436198 0.38141844
-0.82761180 0.00544907 0.56127447 0.25585145 0.89369297 0.36858243
-0.85021317 -0.01189782 0.52630413 0.22415665 0.89640516 0.38237625
-0.87906128 0.01085298 0.47658524 0.19356947 0.92173868 0.33604863
-0.87899703 0.01113897 0.47669712 0.19383535 0.92174399 0.33588079
-0.84802586 -0.00776459 0.52989799 0.18396299 0.93340361 0.30808359
-0.78880286 -0.03870213 0.61342669 0.20496337 0.92432892 0.32187903
-0.91517466 0.04614983 0.40040669 0.12716027 0.97574753 0.17817703
-0.86323529 -0.00745689 0.50474668 0.18262845 0.92754745 0.32604069
-0.85049862 -0.01024793 0.52587748 0.14506975 0.95645940 0.25325930
-0.75391924 -0.05066274 0.65501076 0.13948409 0.96194744 0.23494978
-0.77176243 -0.04535796 0.63429135 0.14733081 0.95755947 0.24773684
-0.77036804 -0.04461278 0.63603681 0.13911414 0.96175510 0.23595431
-0.89112800 0.01645101 0.45345366 0.12157128 0.97146273 0.20366807
-0.90976048 0.02739673 0.41422862 0.13765620 0.96127403 0.23875320
-0.92227566 0.03399328 0.38503531 0.14289941 0.95553851 0.25792634
-0.90929186 0.02210503 0.41557151 0.16057479 0.93989533 0.30135119
-0.12433082 -0.92663378 -0.35481229 -0.94193149 -0.00219516 0.33579797
-0.11750714 -0.93557459 -0.33300501 -0.94432455 0.00149878 0.32901204
-0.13050151 -0.91653281 -0.37807006 -0.92892861 -0.02023712 0.36970544
-0.13822962 -0.91096681 -0.38862848 -0.91174036 -0.03620856 0.40916798
-0.15238717 -0.89650911 -0.41599232 -0.90649402 -0.04090904 0.42023224
-0.14964823 -0.89794540 -0.41388351 -0.90310931 -0.04626428 0.42691118
-0.90275288 -0.04386761 0.42791694 0.12441839 0.92563862 0.35736984
-0.94587767 -0.00077331 0.32452253 0.08881144 0.96120489 0.26114696
-0.13089560 -0.90471846 -0.40540221 -0.93880403 -0.01830287 0.34396523
-0.11213616 -0.92486721 -0.36338159 -0.96887743 0.02054872 0.24668659
-0.09407429 -0.92678523 -0.36361954 -0.96681285 -0.00209779 0.25547701
-0.06790325 -0.94604528 -0.31683990 -0.97781229 0.00002536 0.20948322
-0.04711752 -0.94150937 -0.33367667 -0.98472506 -0.01227423 0.17368339
-0.02814664 -0.95461053 -0.29652399 -0.97433865 -0.04007204 0.22149156
-0.02494725 -0.91624385 -0.39984357 -0.99966896 0.02538413 0.00420398
-0.02842510 -0.94146627 -0.33590674 -0.99332732 0.06417930 -0.09582191
-0.02911505 -0.94630092 -0.32197350 -0.99469990 -0.00434879 0.10272896
-0.04507388 -0.94319320 -0.32917312 -0.99236840 0.00441702 0.12322937
-0.06080331 -0.94476342 -0.32206371 -0.98973781 0.01526437 0.14207785
-0.05299906 -0.96581781 -0.25374609 -0.98973984 0.01704097 0.14186156
-0.06780770 -0.96117282 -0.26748636 -0.98211277 0.01710086 0.18751581
-0.06370898 -0.96747804 -0.24480072 -0.97671974 0.01009794 0.21428153
-0.04303716 -0.98066545 -0.19090077 -0.98506665 0.00976820 0.17189634
-0.03975186 -0.98500216 -0.16790037 -0.98538977 0.01079459 0.16997212
-0.03261217 -0.98783898 -0.15202175 -0.98741281 0.00829113 0.15794699
-0.98081279 0.01845114 0.19407676 0.03650862 0.99528307 0.08988203
-0.99473029 0.01965880 0.10062392 0.01945633 0.99980628 -0.00299323
-0.98012847 0.01987713 0.19736539 0.01626169 0.99966925 -0.01992246
-0.98228216 0.01051264 0.18711291 0.01665182 0.99937236 0.03126855
-0.99320745 0.00856240 0.11604168 0.01421115 0.99874920 0.04793904
-0.99608952 0.00871779 0.08791876 0.00832178 0.99995351 -0.00486989
-0.99616373 0.00456052 0.08739036 -0.00115097 0.99787194 -0.06519458
0.00616575 -0.99259663 0.12130114 -0.99787688 0.00175775 0.06510571
-0.99912733 0.00907561 0.04077128 0.00951150 0.99989957 0.01050974
0.00558198 -0.99928200 0.03747433 -0.99973226 -0.00473508 0.02265016
0.00510723 -0.99948770 0.03159596 -0.99986219 -0.00560315 -0.01562717
-0.00498029 -0.99979353 -0.01970015 -0.99998742 0.00499191 -0.00054043
-0.00627251 -0.99938399 -0.03452990 -0.99997497 0.00638240 -0.00307322
-0.00612492 -0.99620348 -0.08683959 -0.99719399 0.01256414 -0.07379948
-0.00738483 -0.99325043 -0.11575457 -0.99937898 0.01131945 -0.03337067
-0.00799981 -0.99108118 -0.13301897 -0.99974191 0.01075569 -0.02001228
-0.01212160 -0.98766512 -0.15611126 -0.99980843 0.00957207 0.01707294
-0.01118366 -0.98962581 -0.14323296 -0.99939352 0.00633811 0.03424158
-0.00838155 -0.99574429 -0.09177766 -0.99987781 0.00713422 0.01391047
-0.01554578 -0.98781419 -0.15485981 -0.99853069 0.00729653 0.05369582
-0.01605821 -0.99033278 -0.13777953 -0.99800718 0.00746546 0.06265751
-0.01750516 -0.99043578 -0.13685957 -0.99500453 0.00380124 0.09975794
-0.02012506 -0.99133712 -0.12979111 -0.99349242 0.00527260 0.11377645
-0.99478686 0.01280394 0.10116962 0.02135699 0.99624395 0.08391654
-0.02402791 -0.97841001 -0.20527191 -0.99636883 0.00666075 0.08488114
-0.03128060 -0.97046697 -0.23919751 -0.99448758 0.00625658 0.10466814
-0.02343757 -0.97055918 -0.23972003 -0.99490345 -0.00087834 0.10082845
-0.02408165 -0.96418345 -0.26414090 -0.99694091 0.00350946 0.07808038
-0.01902729 -0.97663325 -0.21406884 -0.99839586 0.00713984 0.05616771
-0.02227427 -0.97925544 -0.20140173 -0.99768901 0.00883791 0.06736897
-0.01090386 -0.99732149 -0.07232573 -0.99865788 0.00719894 0.05128976
-0.01942071 -0.97960544 -0.19999024 -0.99787414 0.00654542 0.06484061
-0.01583136 -0.97726959 -0.21140875 -0.99950916 0.00975071 0.02977412
-0.01170083 -0.98083246 -0.19450159 -0.99893630 0.00278954 0.04602691
-0.01608686 -0.96643615 -0.25640276 -0.99953568 0.00890710 0.02913870
-0.01368815 -0.95149517 -0.30735901 -0.99724418 0.03540620 -0.06519542
-0.01666772 -0.96755069 -0.25212672 -0.99972731 0.02025161 -0.01162624
-0.01825609 -0.94992536 -0.31194329 -0.99802744 -0.00143024 0.06276365
-0.01816920 -0.95603210 -0.29269871 -0.99762774 -0.00210654 0.06880803
-0.01267247 -0.97988153 -0.19917738 -0.99989045 0.01394201 -0.00497262
-0.00686036 -0.99634063 -0.08519537 -0.99995619 0.00629235 0.00693389
-0.00814797 -0.99893630 -0.04538640 -0.99968684 0.00706331 0.02400769
-0.00846528 -0.99877650 -0.04872286 -0.99929142 0.00666249 0.03704517
-0.99337000 0.00977443 0.11454522 0.01603087 0.99842161 0.05382663
-0.97653067 0.01920139 0.21452090 0.03885304 0.99538279 0.08776978
-0.96934521 0.02143390 0.24476610 0.04691327 0.99400622 0.09874623
-0.96635115 0.02459272 0.25604823 0.04992186 0.99442333 0.09289841
-0.95842057 0.02346428 0.28439319 0.01122088 0.99894178 -0.04460416
-0.94427747 0.02584888 0.32813406 0.05770745 0.99447173 0.08772593
-0.92280108 0.02251850 0.38461825 0.04842115 0.99715358 0.05779417
-0.92559254 0.02500590 0.37769446 0.05281740 0.99658602 0.06345569
-0.92437643 0.02713044 0.38051561 0.01339477 0.99916112 -0.03869977
-0.90104550 0.03004429 0.43268284 -0.00158549 0.99736309 -0.07255584
-0.88792121 0.03086579 0.45895877 0.00076271 0.99784368 -0.06563117
-0.87966084 0.03421369 0.47436935 -0.00349186 0.99691767 -0.07837749
-0.90130597 0.02143455 0.43265235 0.05154987 0.99698502 0.05799641
-0.93505812 0.02100671 0.35387164 0.08585221 0.98194510 0.16856219
-0.93502313 0.02225471 0.35388780 0.07895943 0.98603743 0.14661403
-0.90035337 0.02064925 0.43466926 0.11591141 0.97416645 0.19381501
-0.96497530 0.02452699 0.26119187 0.07703939 0.97821623 0.19276407
-0.11547945 -0.94915611 -0.29286048 -0.96557057 0.03807477 0.25733984
-0.95949960 0.01830295 0.28111503 0.07471855 0.97868192 0.19130836
-0.94889045 0.00382446 0.31558254 0.08675534 0.96456724 0.24916576
-0.08890850 -0.95924038 -0.26824087 -0.96463096 0.01582718 0.26312855
-0.10164740 -0.94204098 -0.31972894 -0.96043760 0.00916219 0.27834460
-0.10646992 -0.93797874 -0.32993942 -0.95625621 0.00566461 0.29247561
-0.10553696 -0.93778998 -0.33077481 -0.97389680 0.03025073 0.22496656
-0.09078986 -0.93861246 -0.33281210 -0.97109991 0.00936905 0.23848934
-0.08116954 -0.95481819 -0.28589135 -0.97757763 0.02034896 0.20959000
-0.07212708 -0.95179248 -0.29814243 -0.97269481 0.00101174 0.23208596
-0.07066634 -0.95334047 -0.29351029 -0.97901678 0.00990502 0.20353855
-0.07885085 -0.93384171 -0.34888721 -0.98633748 0.02230359 0.16322049
-0.09390385 -0.92652905 -0.36431575 -0.97623962 0.01391280 0.21624662
-0.09014607 -0.93593591 -0.34043756 -0.98097068 0.02442219 0.19261400
-0.10537501 -0.91844147 -0.38126284 -0.96836996 0.00757102 0.24940392
-0.07648480 -0.96343827 -0.25678185 -0.97225744 0.01496856 0.23343410
-0.02565460 -0.99059463 -0.13440317 -0.99171627 0.00829229 0.12817985
-0.97203755 0.02628292 0.23335001 0.06504102 0.98497307 0.15999290
-0.07354003 -0.96597958 -0.24794230 -0.97311598 0.01509427 0.22982047
-0.06933078 -0.95703715 -0.28155485 -0.97958958 0.01193338 0.20065378
-0.05100984 -0.96693307 -0.24987693 -0.99029660 0.01658613 0.13797675
-0.07097242 -0.93167311 -0.35629800 -0.98223937 0.00307821 0.18760705
-0.02513510 -0.95763600 -0.28688246 -0.99701583 0.00306043 0.07713723
-0.02129267 -0.93744683 -0.34747687 -0.99812937 0.00000948 0.06113775
-0.05251297 -0.93194449 -0.35877836 -0.98910606 -0.00093565 0.14720194
-0.09803577 -0.91740829 -0.38568261 -0.97334635 0.00765140 0.22921257
-0.11485735 -0.91642851 -0.38336226 -0.96455687 0.01059357 0.26366234
-0.12316693 -0.92065704 -0.37043303 -0.94128579 -0.00985562 0.33746701
-0.10628722 -0.90776682 -0.40578622 -0.96465659 -0.00482533 0.26346621
-0.13479452 -0.90481019 -0.40391719 -0.93819916 -0.01459493 0.34578806
-0.13420178 -0.91068733 -0.39068970 -0.94843209 0.00378738 0.31695777
-0.11518846 -0.93639719 -0.33149955 -0.95189703 0.00866153 0.30629575
-0.92281634 0.02537520 0.38440374 0.13502707 0.95583349 0.26105553
-0.89973444 0.01640567 0.43612933 0.16454528 0.93830210 0.30416110
-0.89317197 0.00753392 0.44965219 0.18913759 0.91342497 0.36039120
-0.15898971 -0.89704937 -0.41234061 -0.88723266 -0.05337879 0.45822376
-0.83370578 -0.00331266 0.55219901 0.17486303 0.94693798 0.26968756
-0.68057662 -0.07584815 0.72874045 0.11326753 0.97177798 0.20692524
-0.73298913 -0.05750016 0.67780584 0.15418585 0.95644343 0.24787657
-0.72544563 -0.05072809 0.68640757 0.07286012 0.98601687 0.14987423
-0.89383727 0.01282859 0.44820803 0.18450034 0.92157209 0.34156197
-0.89033192 0.01808636 0.45495275 0.10689668 0.97958541 0.17025149
-0.87737316 0.01375074 0.47961169 0.07732094 0.99057668 0.11304592
-0.88446701 0.01706532 0.46629062 0.06103413 0.99497610 0.07935626
-0.74831486 -0.00899758 0.66328269 0.05621908 0.99545032 0.07692980
-0.58232957 0.00350274 0.81294531 -0.06542256 0.99654543 -0.05115735
-0.65679574 -0.06529625 0.75123620 0.04809975 0.99058735 0.12815323
-0.63775140 -0.08881496 0.76510465 0.10619612 0.97370446 0.20154922
-0.57105744 -0.12695064 0.81103456 0.17696632 0.94570279 0.27263391
-0.58128756 -0.12019413 0.80477220 0.23733221 0.92098188 0.30897552
-0.67374152 -0.08296375 0.73429519 0.27136555 0.89647543 0.35027492
-0.71159679 -0.05916951 0.70009208 0.28826022 0.88413078 0.36772114
0.33729243 0.89713430 0.28527880 0.49607840 0.08816677 -0.86378986
-0.61745465 -0.09321920 0.78106344 0.31418896 0.88107914 0.35353202
-0.57266396 -0.09582780 0.81417018 0.03360785 0.98956537 0.14011060
-0.71134812 -0.06095760 0.70019150 0.28669837 0.88441336 0.36826220
-0.76439631 -0.04082438 0.64345294 0.04430502 0.99230838 0.11559038
-0.76609480 -0.03975428 0.64149696 0.04227599 0.99280709 0.11201262
-0.76259702 -0.04078359 0.64558685 0.04068904 0.99301004 0.11079508
-0.78483725 -0.02737772 0.61909699 0.20424338 0.93177706 0.30012709
-0.89939791 -0.04626339 0.43467596 0.13400647 0.91732544 0.37490854
-0.96288443 -0.02155243 0.26905227 0.01234970 0.99224520 0.12368094
-0.97765094 -0.01841364 0.20942685 -0.01930093 0.99981129 -0.00219360
-0.94691104 -0.03086610 0.32001069 -0.09166053 0.97998744 -0.17670029
-0.88997000 -0.02631536 0.45525920 -0.13622548 0.96808994 -0.21034376
-0.81929475 -0.02856951 0.57266033 -0.01486910 0.99948066 0.02859022
-0.74203211 -0.04361459 0.66894412 0.01198323 0.99685889 0.07828684
-0.65757138 -0.07449701 0.74970007 0.09828885 0.97811157 0.18340443
-0.54694664 -0.10345300 0.83075076 0.09084886 0.97914016 0.18174462
-0.54062772 -0.11993141 0.83266926 0.18731444 0.94777793 0.25812855
0.37028655 0.89025849 0.26519379 0.37546989 0.11768477 -0.91933274
0.35324234 0.89346194 0.27739081 0.43593371 0.10514811 -0.89381528
-0.45872235 -0.17103021 0.87196469 0.24716137 0.91801727 0.31008956
-0.42171624 -0.18253240 0.88816518 0.19292375 0.93903601 0.28459072
-0.50049353 -0.14918059 0.85279036 0.14473639 0.95676005 0.25231248
-0.45562831 -0.12929857 0.88072968 -0.01094889 0.99013394 0.13969588
-0.58112627 0.00574487 0.81379318 -0.06639846 0.99630654 -0.05444816
-0.59577239 0.15241587 0.78855866 -0.39072806 0.80280519 -0.45037270
-0.57841253 0.01389283 0.81562614 -0.02433470 0.99911612 -0.03427557
-0.75818890 0.03954465 0.65083474 0.01469482 0.99894208 -0.04357691
-0.76640302 0.08741815 0.63638395 -0.04650072 0.98054719 -0.19069608
-0.81257075 0.05524681 0.58023846 -0.02460496 0.99135906 -0.12884822
-0.89451301 0.03723249 0.44548881 -0.02429517 0.99100411 -0.13160801
-0.94173777 0.02514620 0.33540663 0.00235730 0.99767035 -0.06817891
-0.89720356 0.05238831 0.43849888 -0.10218545 0.94136405 -0.32154617
-0.97341734 0.02096687 0.22807701 0.00911723 0.99855906 -0.05288468
-0.99159145 0.00916176 0.12908314 -0.00118854 0.99680388 -0.07987895
0.00604837 -0.99159974 0.12920332 -0.99781758 0.00251117 0.06598318
0.01086536 -0.97327882 0.22936964 -0.99902374 -0.00074289 0.04417200
-0.00369775 -0.96337420 0.26813513 -0.98928642 0.04265659 0.13961665
-0.97537518 0.01415040 0.22009791 -0.01265970 0.99270236 -0.11992433
0.00786628 -0.99487156 0.10084095 -0.99970752 -0.00551770 0.02354769
0.00550845 -0.99962425 0.02685357 -0.99989468 -0.00586656 -0.01327509
0.00578077 -0.99891907 0.04612280 -0.99921101 -0.00758250 -0.03898504
0.02026697 -0.99534446 0.09422696 -0.99799699 -0.02578964 -0.05776689
0.00922171 -0.94049293 0.33968809 -0.99485642 -0.04289795 -0.09176341
0.02397315 -0.99032754 0.13666263 -0.99650544 -0.03461317 -0.07601935
0.01951666 -0.98358434 0.17939040 -0.99581730 -0.03514148 -0.08433887
-0.98313802 -0.04342240 -0.17763476 -0.01840912 0.98996520 -0.14010750
-0.99226636 -0.03254324 -0.11978526 -0.02515571 0.99771684 -0.06267694
0.02229314 -0.99441904 0.10312012 -0.99724340 -0.02942024 -0.06811823
-0.00342462 -0.99627519 -0.08616282 -0.99942142 0.00632572 -0.03341959
-0.00325800 -0.99548674 -0.09484514 -0.99846917 0.00847532 -0.05465816
