-0.81728607 -0.04083984 0.57478321 -0.04745079 0.99886751 0.00350171
-0.43063506 -0.05204692 0.90102422 -0.05222023 0.99810022 0.03269633
-0.89299989 -0.02876312 0.44913679 -0.00368258 0.99838924 0.05661581
-0.55315238 -0.04490029 0.83186930 0.00476657 0.99835962 0.05705617
-0.62796450 -0.06920429 0.77515900 -0.03512540 0.99754375 0.06060279
-0.56043029 -0.03826682 0.82731712 0.00867540 0.99860597 0.05206641
-0.28203645 -0.03976659 0.95857924 0.06097150 0.99637806 0.05927391
-0.44860357 -0.07818537 0.89030445 -0.07439114 0.99597579 0.04998133
-0.75172263 0.04148760 0.65817314 0.11849994 0.99027282 0.07292162
-0.16647334 -0.04800786 0.98487663 0.05102535 0.99705648 0.05722635
-0.30080211 0.00364938 0.95367962 0.14951472 0.98780751 0.04337879
-0.20772195 -0.07339921 0.97543025 -0.02114587 0.99728477 0.07054062
-0.43291157 -0.08195999 0.89770269 -0.08531111 0.99511337 0.04971279
-0.11205040 -0.04965046 0.99246138 0.07415778 0.99554813 0.05817740
-0.12844101 -0.06911119 0.98930609 0.00480098 0.99751377 0.07030787
-0.26471636 0.00831115 0.96429050 0.15362632 0.98755550 0.03366172
-0.22017421 -0.00398711 0.97545248 0.14151841 0.98928130 0.03598645
-0.12714441 -0.07418268 0.98910630 -0.04351293 0.99665648 0.06915557
-0.19297060 -0.06696454 0.97891682 0.03461479 0.99658287 0.07499652
-0.33056569 -0.08847914 0.93962646 -0.10626308 0.99275434 0.05609795
0.09484955 0.99548608 0.00331473 -0.03541396 0.00670183 -0.99935025
0.14107713 0.98999840 -0.00069427 0.11860441 -0.01759763 -0.99278569
0.28647280 0.95390958 -0.08938621 -0.20925598 -0.02874838 -0.97743821
-0.54960072 0.17319438 0.81727773 0.26344845 0.96429038 -0.02718564
-0.01745434 0.99896771 0.04193944 -0.00976485 0.04177351 -0.99907941
-0.18575060 -0.08070109 0.97927731 -0.11202327 0.99186283 0.06048953
-0.03499061 -0.07567902 0.99651814 0.01925211 0.99689263 0.07638346
-0.14777686 -0.07836650 0.98591113 -0.10788500 0.99218458 0.06269442
-0.27419180 -0.09391554 0.95707828 -0.14764114 0.98753238 0.05460646
0.08856844 0.99606979 0.00081467 -0.06268022 0.00638966 -0.99801326
0.14256725 0.98978496 0.00061166 0.02221812 -0.00258245 -0.99974984
0.28383040 0.95490843 -0.08712246 0.05951027 -0.10822633 -0.99234354
0.30685928 0.94705552 -0.09446314 0.09980650 -0.13072444 -0.98638219
-0.76132900 0.23868822 0.60283178 0.23027372 0.96869737 -0.09273331
0.02821197 -0.05634724 0.99801260 -0.02102365 0.99815571 0.05694962
-0.12427779 0.98970860 0.07093602 0.06464180 0.07941397 -0.99474365
-0.30945680 -0.10281998 0.94533831 -0.18963143 0.98084164 0.04460560
0.08850887 0.99607521 -0.00072337 -0.03852218 0.00269731 -0.99925417
0.18675491 0.97943348 -0.07637261 -0.08233146 -0.06186305 -0.99468315
0.18274191 0.98014140 -0.07699556 -0.08102110 -0.06303463 -0.99471718
0.36570945 0.92719674 -0.08101109 0.21671915 -0.16947980 -0.96141011
-0.51842606 0.26199785 0.81399727 0.35915449 0.93059003 -0.07078346
0.08793731 -0.04784190 0.99497652 -0.01669860 0.99863487 0.04949365
-0.10080790 0.99183911 0.07805755 -0.03676360 0.07469008 -0.99652892
-0.20179293 0.97461134 0.09701753 0.03538930 0.10624604 -0.99370992
-0.27281046 -0.09557529 0.95730865 -0.24019630 0.97030813 0.02842284
-0.37963775 -0.11847784 0.91751742 -0.20994762 0.97692335 0.03927962
0.17700750 -0.04472268 0.98319292 0.02072347 0.99891502 0.04170692
0.12011921 -0.01025957 0.99270648 0.10042688 0.99494272 -0.00186914
0.16467454 0.00152164 0.98634678 0.14936246 0.98842835 -0.02646150
0.38008228 0.92189676 -0.07512537 0.14366403 -0.13907458 -0.97980559
-0.59473872 0.34933597 0.72405124 0.42410135 0.90146691 -0.08657571
0.19230001 -0.05006038 0.98005855 -0.04623904 0.99712658 0.06000489
-0.10622212 0.99114978 0.07961813 -0.11215138 0.06761793 -0.99138784
0.28586894 -0.08487332 0.95450276 -0.19713075 0.96955734 0.14525166
-0.23215996 0.96767461 0.09852757 0.12818040 0.13084868 -0.98308110
-0.31645104 -0.10873496 0.94235635 -0.20799835 0.97718769 0.04290645
-0.54560769 -0.15578835 0.82343322 -0.22842793 0.97301048 0.03273087
0.20166692 -0.04421619 0.97845560 0.02286580 0.99892080 0.04042820
0.25050056 -0.03865909 0.96734428 0.06690572 0.99750471 0.02253872
0.14345983 -0.00295803 0.98965174 0.11026200 0.99381739 -0.01301309
0.17069514 0.00030221 0.98532385 0.15007217 0.98832518 -0.02630127
0.43954504 0.89637929 -0.05748339 0.31435934 -0.21346629 -0.92499208
-0.46853131 0.30370110 0.82960474 0.46926212 0.88118100 -0.05755952
0.16196188 -0.05342382 0.98534983 -0.09263941 0.99330038 0.06908201
0.56510115 -0.04433886 0.82382935 0.06663718 0.99774534 0.00798970
-0.17326695 0.97748476 0.12042485 -0.11079348 0.10215271 -0.98857963
-0.30475098 0.94809574 0.09078210 0.13728769 0.13804881 -0.98086429
-0.46818864 -0.14044625 0.87239575 -0.25320676 0.96720910 0.01982168
-0.72064483 -0.19269621 0.66598743 -0.21747251 0.97494531 0.04676939
0.33256653 -0.04947488 0.94178116 -0.01513086 0.99821454 0.05778261
0.23879437 -0.01783776 0.97090638 0.11906040 0.99282563 -0.01104244
0.29161671 0.95117694 -0.10110459 -0.25722957 -0.02382345 -0.96605664
0.45862609 0.88758558 -0.04305872 0.23594202 -0.16834383 -0.95707458
-0.51881832 0.32857656 0.78921801 0.47614551 0.87780112 -0.05244666
-0.45803133 0.30178171 0.83614302 0.47140160 0.87991929 -0.05935212
-0.68691641 0.41268283 0.59819633 0.49867353 0.86642659 -0.02509589
0.21673809 -0.04679802 0.97510749 -0.12425585 0.98940390 0.07510261
-0.28193727 0.95035368 0.13167897 -0.04330557 0.12450153 -0.99127400
-0.28839552 0.94903094 0.12715518 0.16169085 0.17915927 -0.97044218
-0.39454597 -0.13169953 0.90938926 -0.25995073 0.96524417 0.02700678
-0.45714107 -0.14428844 0.87761205 -0.22169821 0.97409165 0.04466987
-0.79473758 -0.14517452 0.58933574 -0.15740326 0.98705143 0.03088296
-0.73049515 -0.19749133 0.65373850 -0.26257753 0.96490902 -0.00191279
0.33706123 -0.03650098 0.94077492 0.10386749 0.99459022 0.00137527
-0.15657698 0.12124889 0.98019505 0.12869518 0.98647946 -0.10146843
-0.27156603 0.95295340 0.13465437 -0.05922712 0.12309936 -0.99062544
-0.35399044 0.92660874 0.12683451 0.14974304 0.19002011 -0.97029346
-0.55374110 -0.17022282 0.81510431 -0.27735749 0.96068931 0.01220335
-0.57765108 -0.17506012 0.79729110 -0.28360844 0.95892686 0.00507109
0.26047948 -0.03196584 0.96495008 0.10193774 0.99477595 0.00543671
-0.33140472 0.13859411 0.93325377 -0.06873464 0.98297709 -0.17038646
0.25691813 0.01013426 0.96638006 0.22035117 0.97299224 -0.06878532
-0.29454115 0.94565713 0.13776088 -0.06779926 0.12311415 -0.99007386
-0.35286254 0.92581636 0.13546978 0.15503024 0.20063084 -0.96732259
-0.41508079 -0.18456785 0.89086622 -0.34774777 0.93703818 0.03210774
-0.52289915 -0.21323034 0.82529348 -0.33579540 0.94144166 0.03048223
0.35572705 -0.04563070 0.93347532 0.12165750 0.99256980 0.00215837
0.53575343 -0.10201914 0.83818883 -0.21256393 0.94440925 0.25081423
0.31715083 0.94279325 -0.10274409 0.19067647 -0.16951446 -0.96690607
0.23593636 0.96832389 -0.08174929 -0.26109597 -0.01786396 -0.96514755
0.32931694 -0.02562429 0.94387168 0.20713839 0.97724175 -0.04574039
-0.33211541 0.93275589 0.14023495 -0.01873430 0.14212148 -0.98967195
-0.35402843 0.92531043 0.13588412 0.18058017 0.21019235 -0.96083820
-0.44129029 0.88990748 0.11544508 0.10863580 0.18068194 -0.97752362
-0.55382240 -0.23370281 0.79916447 -0.38296565 0.92375040 0.00474009
0.39343256 -0.05243159 0.91785717 0.16753826 0.98574364 -0.01550449
0.50008583 -0.11997636 0.85762453 0.12491670 0.98999262 0.06565419
0.34282234 0.93536818 -0.08694351 -0.04874371 -0.07471542 -0.99601287
-0.37858841 0.19241288 0.90534425 0.30952397 0.94815600 -0.07207778
0.27407828 0.95666361 -0.09836646 -0.09899641 -0.07367466 -0.99235666
0.29244781 -0.08994778 0.95204186 0.31564263 0.94885004 -0.00731274
0.36151806 -0.04785132 0.93113637 0.09027233 0.99578661 0.01612506
0.55511355 -0.11413459 0.82390672 0.22072433 0.97524124 -0.01361601
-0.47928661 -0.22403599 0.84858251 -0.43244869 0.90163720 -0.00620762
-0.54986590 -0.23513956 0.80147177 -0.38275945 0.92380959 0.00843178
0.23471235 -0.03434119 0.97145808 0.07137384 0.99728703 0.01800974
0.68229771 -0.18237141 0.70796233 0.19912943 0.97813123 0.06005634
0.29994291 0.95116770 -0.07289865 0.04273393 -0.08973751 -0.99504828
0.43048927 0.90256536 -0.00740427 0.18608566 -0.09677686 -0.97775584
0.28684983 -0.10170842 0.95256108 0.31291875 0.94975281 0.00717764
0.50384289 -0.16246133 0.84837997 0.28526008 0.95834637 0.01410685
0.48092398 -0.15334013 0.86324912 0.23976490 0.97005790 0.03873750
-0.49670771 -0.22709577 0.83768070 -0.42643541 0.90448570 -0.00765075
0.63945764 -0.19682613 0.74320483 0.22813764 0.97171289 0.06105196
0.38509148 0.92284971 0.00727755 0.02267190 -0.00157673 -0.99974173
0.36946100 0.92874491 0.03051950 -0.11203041 0.07712211 -0.99070752
0.42662242 0.90396714 0.02892691 0.10658951 -0.01849220 -0.99413115
0.35515639 0.93395090 0.03999569 -0.22945815 0.12857307 -0.96478903
0.45259103 -0.24196675 0.85826188 0.38100615 0.92267478 0.05920880
0.52533746 -0.22823860 0.81971204 0.34006470 0.93938982 0.04362056
0.63593829 -0.26131755 0.72615123 0.29834574 0.95101815 0.08095866
0.42950392 0.90261012 0.02865947 0.13727976 -0.03389137 -0.98995239
0.41116160 0.90753782 0.08556453 -0.05744014 0.11947332 -0.99117446
0.40812331 0.90888739 0.08578520 -0.06728388 0.12365778 -0.99004126
0.51402128 0.85654461 0.04597257 0.02123161 0.04087386 -0.99893874
0.44855005 0.89109915 0.06888521 -0.30681014 0.22591084 -0.92457122
0.42096171 -0.29413328 0.85806578 0.43325391 0.89628476 0.09468254
0.60221118 -0.25030342 0.75808311 0.34155166 0.93906444 0.03873560
0.68607503 -0.28008121 0.67145789 0.28598270 0.95245546 0.10508373
0.44353887 0.89213318 0.08585923 -0.02152814 0.10637498 -0.99409300
0.46247676 0.88225162 0.08801931 -0.28635752 0.24258299 -0.92690510
0.51980621 0.85366595 0.03249532 0.02704659 0.02157388 -0.99940139
0.50777525 0.85907286 0.06448452 0.00314602 0.07300273 -0.99732679
0.49630821 -0.37095860 0.78489989 0.48164785 0.86986256 0.10655780
0.60116285 -0.37230238 0.70710272 0.43748772 0.89379597 0.09865752
0.75703442 -0.36474499 0.54208857 0.38400477 0.91963702 0.08251090
0.45850834 0.88390619 0.09208715 -0.02777484 0.11782353 -0.99264610
0.48109776 0.87135762 0.09633747 -0.27694556 0.25532502 -0.92634243
-0.39469770 0.25754753 0.88197678 0.53199971 0.84669489 -0.00916705
0.55830568 0.82902277 0.03187645 0.01709225 0.02692029 -0.99949151
0.49985078 0.86316311 0.07140476 -0.00401677 0.08475231 -0.99639398
0.53417480 0.84259576 0.06848134 -0.14487363 0.17105064 -0.97455293
0.53798771 -0.39253366 0.74598032 0.48167193 0.86940700 0.11010741
0.43940943 -0.40915576 0.79969430 0.55311710 0.82470047 0.11802776
0.62944096 -0.38242865 0.67642617 0.44246241 0.89199597 0.09257599
0.73320806 -0.38389060 0.56127882 0.38116294 0.91556394 0.12828675
0.76286799 -0.36567450 0.53321171 0.36520848 0.92424387 0.11133765
0.48666006 0.86844355 0.09469897 -0.26410872 0.24959180 -0.93163866
0.39877158 -0.38564602 0.83202070 0.55601585 0.82316983 0.11505584
0.60821009 0.79377574 -0.00081405 0.20607923 -0.15889308 -0.96554875
0.60441560 0.79653418 0.01467082 0.06410301 -0.03026983 -0.99748415
0.60089964 0.79850751 0.03613140 -0.07326980 0.10003705 -0.99228227
0.58388597 0.81002790 0.05414893 -0.11412897 0.14793766 -0.98238951
0.55648637 0.82846022 0.06306079 -0.18101874 0.19496718 -0.96396065
0.60826093 -0.45290759 0.65183854 0.54380924 0.83599228 0.07340667
0.55412811 -0.50086373 0.66488922 0.61137223 0.78694832 0.08328502
0.68450934 -0.42634732 0.59133321 0.48871064 0.87025905 0.06173447
0.71788216 -0.41736850 0.55717939 0.44532105 0.89049798 0.09328740
0.74439383 -0.38903385 0.54270673 0.41212046 0.90715516 0.08500750
0.76984537 -0.39997339 0.49735245 0.41269627 0.90639919 0.09012363
0.78322327 -0.37054235 0.49925914 0.36192301 0.92464757 0.11848462
0.52736187 0.84582990 0.08038236 -0.24378635 0.24126594 -0.93933964
0.39345831 -0.39948902 0.82800913 0.55613178 0.82060105 0.13164887
0.63976830 0.76852626 0.00799177 0.33322161 -0.26799393 -0.90395939
0.63412082 0.77298999 0.01942405 -0.01755515 0.03950631 -0.99906510
0.63418829 0.77288938 0.02114883 -0.01566004 0.04018759 -0.99906945
0.60039222 0.79850072 0.04388420 -0.16100861 0.17444946 -0.97141325
0.58274305 0.81087208 0.05382472 -0.18559952 0.19728075 -0.96261787
0.54301912 0.83642638 0.07430475 -0.24525559 0.24260570 -0.93861187
0.51287299 -0.45143950 0.73018056 0.60924894 0.79063815 0.06088620
0.64898491 -0.46638641 0.60108429 0.53637910 0.84079206 0.07325429
0.44808948 -0.43099689 0.78323531 0.60797966 0.78922987 0.08646998
0.53675169 -0.50669187 0.67465615 0.61767924 0.78068322 0.09490085
0.70984006 -0.44291624 0.54767913 0.48766148 0.87009150 0.07160388
0.72823119 -0.41744086 0.54352790 0.43978828 0.89289916 0.09652685
0.82150477 -0.42539400 0.37969708 0.42992002 0.89952457 0.07761725
0.81310397 -0.37977758 0.44116998 0.37174234 0.92197055 0.10852643
0.35642368 -0.37058029 0.85769016 0.57245660 0.81211174 0.11299591
0.67633444 0.73644167 0.01501450 0.05753541 -0.03249613 -0.99781448
0.67186791 0.74042797 0.01897425 0.02932192 -0.00099183 -0.99956954
0.65644103 0.75405967 0.02189170 -0.10552307 0.12051921 -0.98708665
0.64077181 0.76712024 0.03063001 -0.17994864 0.18885635 -0.96537650
0.58389837 0.80968076 0.05899029 -0.32288700 0.29828843 -0.89820266
0.63219237 -0.53815794 0.55742162 0.61151016 0.78834653 0.06756613
0.57930988 -0.44168577 0.68506485 0.50923204 0.85237175 0.11893374
0.39678138 -0.40160030 0.82539797 0.61847341 0.78142130 0.08289373
0.54636115 -0.53639781 0.64324725 0.67122346 0.73977816 0.04677048
0.61367184 -0.42121619 0.66782022 0.47732490 0.87166679 0.11116660
0.75150943 -0.47910360 0.45353433 0.50109845 0.86168963 0.07994626
0.75433487 -0.48588568 0.44146809 0.50673258 0.85847616 0.07899840
0.82934082 -0.38981304 0.40029949 0.40062568 0.91425616 0.06028909
0.59256810 0.80354661 0.05635526 -0.18507549 0.20390387 -0.96133775
0.70167589 0.71238840 0.01240054 -0.06437726 0.08072317 -0.99465543
0.69777960 0.71619231 0.01312270 -0.07333271 0.08964694 -0.99327028
0.65907407 0.75157464 0.02751435 -0.26268414 0.26432613 -0.92797023
0.66674566 0.74506319 0.01819678 -0.13910353 0.14839421 -0.97909623
0.64617771 0.76249564 0.03247751 -0.25472048 0.25558716 -0.93262678
0.58167940 0.81087315 0.06429499 -0.30445486 0.29033345 -0.90720105
0.64701039 -0.55832714 0.51927686 0.62351364 0.77941787 0.06114341
0.43108517 -0.44191158 0.78668916 0.61026907 0.78499615 0.10654908
0.53652263 -0.54312611 0.64587736 0.67800891 0.73312044 0.05327585
0.53451663 -0.56807303 0.62576765 0.69012856 0.72077715 0.06483051
0.69288653 -0.59638315 0.40525973 0.61066675 0.78421378 0.10997677
0.68242204 0.73080063 0.01518712 -0.17266545 0.18135451 -0.96814108
0.62392503 0.78025782 0.04376538 -0.30934772 0.29801929 -0.90304404
0.66650724 0.74515885 0.02250394 -0.28947553 0.28650329 -0.91330159
0.64766920 -0.54868305 0.52865076 0.65133309 0.75871927 -0.01050213
0.65952724 -0.57089841 0.48897731 0.62736171 0.77639103 0.06028555
0.39872992 -0.41887280 0.81581873 0.66245276 0.74672699 0.05962589
-0.40691975 0.57672971 -0.70837790 -0.77296710 -0.63063747 -0.06941456
0.59501451 -0.61692071 0.51513755 0.68849319 0.72192305 0.06931325
0.53985786 -0.63631219 0.55105394 0.74529505 0.66562492 0.03845695
0.70928586 -0.61147302 0.35073391 0.62296236 0.77657419 0.09407663
0.67154199 -0.57962376 0.46159267 0.62780869 0.77597135 0.06103116
0.80458772 0.58967233 -0.07017934 -0.29663816 0.29672065 -0.90772390
0.69201583 0.72184837 0.00700882 -0.26379070 0.26190257 -0.92834347
0.65448290 0.75532526 0.03370438 -0.37135556 0.35996747 -0.85587293
0.61912310 -0.59174806 0.51625669 0.66700739 0.74323398 0.05200444
0.67615259 0.73665005 0.01282409 -0.29597896 0.28752908 -0.91089165
-0.34563291 0.51345766 -0.78542924 -0.77020901 -0.63335383 -0.07510644
-0.41407251 0.61490840 -0.67114210 -0.80323100 -0.59369922 -0.04838726
0.61222017 -0.63614625 0.46957898 0.70545447 0.70768338 0.03896415
-0.43603235 0.64591920 -0.62662923 -0.81219810 -0.58232528 -0.03509316
0.56503212 -0.66270244 0.49149185 0.74516445 0.66562915 0.04083943
0.68329841 -0.63390625 0.36230671 0.65735292 0.75007600 0.07261706
0.66672134 -0.63852078 0.38441381 0.67406142 0.73666000 0.05452855
0.71168089 0.70246059 0.00771714 -0.23597316 0.24938856 -0.93921351
0.39210826 -0.41079536 0.82310283 0.66738260 0.74284011 0.05281121
0.67012310 0.74195319 0.02099018 -0.30972847 0.30521867 -0.90050536
-0.30402505 0.47380513 -0.82648504 -0.77668399 -0.62565017 -0.07296541
-0.35569268 0.56754267 -0.74254841 -0.81467652 -0.57764560 -0.05126131
-0.36734563 0.56866211 -0.73598957 -0.79581469 -0.60174060 -0.06772923
0.62908590 -0.65881276 0.41257334 0.70668638 0.70579374 0.04949297
-0.47729582 0.69668239 -0.53555799 -0.80869371 -0.58669376 -0.04248498
-0.49602211 0.72431850 -0.47887862 -0.81899625 -0.57348120 -0.01909192
-0.52533138 0.71460068 -0.46192306 -0.79460835 -0.60616612 -0.03406201
0.60643178 -0.56279224 0.56169868 0.66753393 0.74416244 0.02491543
0.62351906 -0.65040976 0.43381000 0.69041568 0.71842629 0.08479313
0.74438792 0.66774744 -0.00004847 -0.15445173 0.17210823 -0.97289437
0.72802687 0.68554538 -0.00211771 -0.27089071 0.28483674 -0.91950333
0.41743550 -0.43016145 0.80044287 0.69146627 0.72189116 0.02734384
0.74148369 0.67088914 -0.01047701 -0.37745795 0.40416473 -0.83317250
-0.31739360 0.52162862 -0.79193747 -0.81096768 -0.58216548 -0.05843664
-0.30330065 0.63365531 -0.71168095 -0.87407774 -0.48242742 -0.05702606
-0.41191640 0.64683890 -0.64181340 -0.83348030 -0.55212986 -0.02152479
0.63754082 -0.68273568 0.35695073 0.71919018 0.69354260 0.04200353
-0.51881415 0.71045077 -0.47549105 -0.80508167 -0.59311330 -0.00776036
-0.43004680 0.76864803 -0.47353980 -0.87054986 -0.49201453 -0.00804333
-0.54330194 0.74156219 -0.39358431 -0.80205303 -0.59699184 -0.01765715
0.66575092 -0.68303204 0.30040461 0.69635850 0.71336353 0.07872321
0.77050948 0.63740301 -0.00571169 -0.15035905 0.17303573 -0.97337085
0.76961654 0.63793778 -0.02694227 -0.26124075 0.27610075 -0.92494416
0.73508775 0.67791867 -0.00850296 -0.36701214 0.38735458 -0.84572965
-0.29432753 0.49630874 -0.81673068 -0.81822890 -0.57244492 -0.05299437
-0.32247293 0.67194033 -0.66671395 -0.87691224 -0.47727379 -0.05687464
-0.24922280 0.57798684 -0.77705812 -0.88510114 -0.46158493 -0.05945835
0.57764643 -0.75061935 0.32077292 0.77950060 0.62387764 0.05617338
-0.34579840 0.76538885 -0.54277384 -0.90807885 -0.41863304 -0.01180022
-0.45485923 0.81341553 -0.36257178 -0.87641823 -0.48113117 0.02009925
-0.53240418 0.72704113 -0.43354017 -0.80176079 -0.59739673 -0.01723298
0.78410053 0.62061316 -0.00507406 -0.08109222 0.09434188 -0.99223173
0.77701706 0.62939668 -0.01021398 -0.24294864 0.28488266 -0.92726368
0.78960639 0.61355913 0.00818546 -0.22734781 0.30491859 -0.92484468
-0.20374845 0.48487419 -0.85051960 -0.87176478 -0.48521364 -0.06777841
-0.30319458 0.68712783 -0.66024876 -0.88689667 -0.45690179 -0.06822835
-0.20457844 0.49605757 -0.84384507 -0.87746066 -0.47501490 -0.06651125
-0.23055539 0.56327587 -0.79345101 -0.91976303 -0.39231309 -0.01124728
0.59913862 -0.78825647 0.14030249 0.79435927 0.60715222 0.01896125
-0.34856793 0.78066075 -0.51871890 -0.90887767 -0.41673881 -0.01643671
-0.36300454 0.82257718 -0.43771514 -0.91589135 -0.40139198 0.00524724
-0.43470898 0.78582805 -0.43988910 -0.88023067 -0.47398192 0.02313283
-0.54586548 0.75527138 -0.36276165 -0.80933219 -0.58733016 -0.00498153
0.78391236 0.62086165 -0.00350557 -0.07825474 0.09320167 -0.99256724
0.78462136 0.61996800 -0.00302424 -0.07886856 0.09497403 -0.99235058
0.84294254 0.53605908 0.04569915 -0.15209143 0.31891254 -0.93550152
-0.26351047 0.67776769 -0.68643510 -0.92433465 -0.38098562 -0.02133912
-0.17069940 0.44922248 -0.87696117 -0.90287828 -0.42770538 -0.04334748
-0.17996630 0.48117137 -0.85795474 -0.90399861 -0.42476445 -0.04859837
-0.22214796 0.54762018 -0.80669856 -0.91903764 -0.39390975 -0.01431833
-0.30663383 0.77053827 -0.55879027 -0.92375469 -0.38243821 -0.02045286
-0.29970339 0.82731694 -0.47510481 -0.94744599 -0.31651866 0.04649827
-0.51567388 0.78014010 -0.35420603 -0.83944917 -0.54278535 0.02663243
-0.42252865 0.81208616 -0.40247440 -0.89164203 -0.45211375 0.02382499
0.85320812 0.51800811 0.06085751 -0.10814849 0.28985089 -0.95094180
-0.26684141 0.70295483 -0.65928012 -0.92897207 -0.36970243 -0.01819544
-0.22469743 0.60114074 -0.76690352 -0.92580789 -0.37720495 -0.02441850
-0.13959365 0.42660448 -0.89360076 -0.90811771 -0.41492325 -0.05622271
-0.23560098 0.62252587 -0.74629331 -0.92624897 -0.37629962 -0.02148092
-0.21270198 0.55996370 -0.80074871 -0.93345171 -0.35869154 -0.00288126
-0.13782217 0.41923612 -0.89735514 -0.92431891 -0.37996152 -0.03555107
-0.28717265 0.76766670 -0.57290465 -0.94035840 -0.33980733 0.01603480
-0.31286198 0.86498570 -0.39232278 -0.94645274 -0.31856152 0.05240052
-0.31403899 0.87358940 -0.37178099 -0.94332081 -0.33138618 0.01813996
-0.42588681 0.83300579 -0.35315982 -0.89839226 -0.43562409 0.05588420
-0.25735250 0.69825977 -0.66798437 -0.93818873 -0.34612411 -0.00035836
-0.23987247 0.67063737 -0.70193070 -0.94491482 -0.32715300 0.01034014
0.89874291 0.41250238 0.14867078 0.01647379 0.30705705 -0.95154858
-0.18918981 0.55788183 -0.80806875 -0.94455117 -0.32831785 -0.00552319
0.00778548 0.38534719 -0.92273885 -0.94218880 -0.30630219 -0.13586518
-0.27883074 0.78677440 -0.55067194 -0.94846886 -0.31549543 0.02948847
-0.32239941 0.87417102 -0.36315796 -0.94351536 -0.32772347 0.04874571
-0.30536875 0.85336536 -0.42251340 -0.95223361 -0.27315828 0.13651302
-0.28498834 0.83155000 -0.47676656 -0.95351189 -0.29677448 0.05234621
-0.36124420 0.84498751 -0.39433333 -0.92961514 -0.35942364 0.08142756
-0.22768679 0.67060030 -0.70601273 -0.94870067 -0.31612462 0.00568451
0.89204431 0.42324263 0.15850125 -0.00180022 0.35403162 -0.93523180
-0.20062312 0.59293824 -0.77985549 -0.95124233 -0.30827153 0.01032913
0.96342754 0.24889852 0.09928230 0.06158671 0.15491699 -0.98600596
0.93714160 0.31307852 0.15410198 0.04757217 0.32286707 -0.94524795
-0.00162998 0.44594210 -0.89506036 -0.96144646 -0.24682991 -0.12122614
-0.26895455 0.78678656 -0.55554515 -0.95299888 -0.30092308 0.03519275
-0.31557128 0.87630987 -0.36399978 -0.94889414 -0.28987351 0.12479320
-0.30597356 0.85926616 -0.40992913 -0.95198125 -0.27135435 0.14176953
-0.28599742 0.82534420 -0.48683926 -0.95813084 -0.25363359 0.13287322
-0.27507460 0.80942261 -0.51881504 -0.95922202 -0.26754791 0.09116597
-0.36373466 0.87700337 -0.31394613 -0.92925501 -0.36502603 0.05693074
-0.24482007 0.70743322 -0.66302443 -0.96023965 -0.27154452 0.06483369
0.89422280 0.42193127 0.14946452 0.09230170 0.15292206 -0.98391831
-0.15356238 0.58049899 -0.79964966 -0.96810728 -0.25050288 0.00406201
-0.03020198 0.55022228 -0.83447188 -0.96861100 -0.22219644 -0.11145191
0.93680352 0.31237924 0.15753846 0.04310155 0.34381565 -0.93804747
0.08063795 0.26400587 -0.96114433 -0.98384917 -0.13352102 -0.11921822
-0.25191429 0.73759788 -0.62648916 -0.96069306 -0.26863819 0.07001774
-0.32023686 0.89503729 -0.31041363 -0.94718176 -0.29656529 0.12204840
-0.28841537 0.78847557 -0.54325223 -0.95736384 -0.22770910 0.17777260
-0.26105887 0.74281156 -0.61650568 -0.96176273 -0.25494230 0.10008440
-0.35698724 0.89911342 -0.25328895 -0.93398523 -0.34798697 0.08109717
-0.16765791 0.62356454 -0.76358241 -0.98051292 -0.18592365 0.06345796
0.09543472 0.31662622 -0.94373733 -0.96690303 -0.19587752 -0.16349475
0.93356234 0.31625253 0.16865873 0.08526740 0.26108864 -0.96154165
0.05493869 0.43106842 -0.90064520 -0.97057730 -0.18873024 -0.14953491
-0.32976916 0.90197122 -0.27874753 -0.94399804 -0.31161869 0.10845075
-0.34018430 0.70527279 -0.62198472 -0.88048834 -0.47113463 -0.05265428
-0.20490713 0.83284301 -0.51418453 -0.97789007 -0.19661136 0.07123951
-0.15593225 0.65966505 -0.73520553 -0.97209018 -0.23456830 -0.00429309
0.96695358 0.18909429 0.17100935 0.13193120 0.20284136 -0.97028327
0.92548752 0.33711222 0.17270841 0.09788349 0.22761886 -0.96881813
0.94356370 0.27957657 0.17755169 0.12447124 0.19744533 -0.97237974
0.05859717 0.43005976 -0.90089673 -0.98255128 -0.13472851 -0.12822340
-0.20489731 0.89471680 -0.39686146 -0.97872239 -0.18275708 0.09328635
-0.16347332 0.82216239 -0.54527569 -0.98619509 -0.15096246 0.06804065
0.02921225 0.51864499 -0.85449052 -0.99169528 -0.09207729 -0.08979043
0.08190059 0.34222320 -0.93604255 -0.98856407 -0.09143002 -0.11992346
0.96488017 0.19538158 0.17559136 0.15160094 0.13172683 -0.97962505
0.29797077 -0.16688198 -0.93987441 -0.92301804 -0.30144227 -0.23910332
-0.21372414 0.88048321 -0.42316830 -0.97650230 -0.18028699 0.11806753
-0.08309349 0.89532697 -0.43759003 -0.99542707 -0.05380714 0.07892897
-0.11963651 0.77494407 -0.62060356 -0.99244630 -0.11044525 0.05340594
-0.13426103 0.73254824 -0.66734326 -0.98383176 -0.01798739 0.17818961
-0.27919438 0.92139393 -0.27034003 -0.95921618 -0.25465378 0.12270233
-0.00619903 0.90007967 -0.43568134 -0.99593848 0.03357844 0.08354069
-0.01180804 0.87138528 -0.49045718 -0.99751973 0.02377276 0.06625245
-0.11825206 0.71422666 -0.68985271 -0.98923475 -0.14504589 0.01940035
0.00114601 0.78880483 -0.61464274 -0.99973971 0.01491007 0.01727089
-0.30954626 0.90212584 -0.30058306 -0.95060056 -0.28586254 0.12100112
0.00240940 0.91969013 -0.39263755 -0.99149323 0.05329362 0.11874747
0.00951246 0.87411928 -0.48561823 -0.99758810 0.04168827 0.05549832
-0.07224814 0.62660682 -0.77597946 -0.99413580 -0.10800686 0.00534373
0.00906230 0.74061525 -0.67186826 -0.99921840 0.03256102 0.02241507
-0.00021554 0.81929934 -0.57336605 -0.99825925 0.03364001 0.04844446
-0.28222907 0.92273253 -0.26250988 -0.95565826 -0.24644051 0.16119708
-0.44781512 0.86678320 -0.21942765 -0.89412403 -0.43358088 0.11202617
-0.03929064 0.89506030 -0.44421086 -0.99168193 0.01960191 0.12721145
0.05910236 0.84750974 -0.52747899 -0.98111832 0.14679576 0.12592809
0.03566685 0.81969947 -0.57168239 -0.99438041 0.08616494 0.06150783
-0.03719963 0.60022211 -0.79896778 -0.99708706 -0.07556716 -0.01034561
-0.13047260 0.65258265 -0.74639994 -0.94182223 -0.31678414 -0.11233366
0.02659933 0.70903438 -0.70467204 -0.99215287 0.10487480 0.06807313
0.03349332 0.61329186 -0.78914595 -0.99931848 0.03280881 -0.01691590
0.03421720 0.80362552 -0.59415084 -0.99502486 0.08305105 0.05502805
-0.29039168 0.91653359 -0.27502513 -0.95373207 -0.25381976 0.16115452
-0.45297727 0.85767114 -0.24333462 -0.89134765 -0.44109160 0.10458291
-0.47776085 0.85146469 -0.21622331 -0.87848830 -0.46259430 0.11943486
-0.01842034 0.92521608 -0.37899336 -0.98609018 0.04581479 0.15977246
0.12371239 0.81523973 -0.56575572 -0.96645790 0.22829834 0.11763917
0.05422125 0.81926423 -0.57084692 -0.98584163 0.13476552 0.09977280
-0.00294253 0.59501964 -0.80370581 -0.99857038 -0.04464411 -0.02939608
0.05520306 0.72410864 -0.68747324 -0.99249572 0.11503363 0.04146785
0.04983059 0.56382817 -0.82438743 -0.99449795 0.10416315 0.01112789
0.00722936 0.60765880 -0.79416525 -0.99990904 0.01343930 0.00118088
-0.28836763 0.92008138 -0.26513103 -0.94982952 -0.23984438 0.20074503
-0.37147298 0.90965211 -0.18585169 -0.92588264 -0.34809232 0.14687766
-0.47489786 0.84934437 -0.23040438 -0.87788165 -0.47553748 0.05646189
-0.47422433 0.86336458 -0.17237467 -0.88008171 -0.45957822 0.11934808
-0.49400750 0.86144590 -0.11776069 -0.86944115 -0.48861125 0.07301515
-0.13548456 0.93660527 -0.32313240 -0.97747183 -0.07308203 0.19800958
0.15630537 0.85826707 -0.48882136 -0.95928162 0.24979241 0.13184315
0.08406603 0.71339124 -0.69570535 -0.97709054 0.19600576 0.08292112
0.13448328 0.81289876 -0.56666553 -0.96152204 0.24530235 0.12370142
0.07589852 0.71908218 -0.69076794 -0.97927409 0.18422040 0.08417317
0.02476835 0.34246022 -0.93920583 -0.99908739 -0.02422353 -0.03518008
0.06659184 0.73311812 -0.67683339 -0.99349278 0.11153619 0.02306432
0.05213102 0.53374732 -0.84403569 -0.99338788 0.11428620 0.01091616
0.01431511 0.52283871 -0.85231143 -0.99971688 0.02368794 -0.00225984
-0.29599366 0.93536365 -0.19360425 -0.94743270 -0.26171705 0.18405305
-0.35333687 0.91893798 -0.17523143 -0.93226182 -0.33032030 0.14756826
-0.45327145 0.87483686 -0.17089634 -0.89073068 -0.43726790 0.12407933
-0.47492421 0.83317304 -0.28331915 -0.87744701 -0.47295347 0.08001122
-0.49847254 0.82332194 -0.27141526 -0.86614174 -0.48613411 0.11606945
-0.49447066 0.86117238 -0.11781735 -0.86917627 -0.48902330 0.07340847
-0.49689457 0.86238009 -0.09693544 -0.86773312 -0.49523661 0.04219020
-0.13525099 0.94423926 -0.30019894 -0.97417432 -0.07143950 0.21419814
0.17573695 0.86861557 -0.46327475 -0.94457418 0.28134298 0.16919182
0.02396674 0.54054183 -0.84097576 -0.95818293 0.25236320 0.13490085
0.08244947 0.71663117 -0.69256181 -0.97847509 0.19012465 0.08024479
0.13624571 0.75419128 -0.64236492 -0.94398409 0.29554939 0.14678106
0.06296591 0.22522324 -0.97227049 -0.99711657 -0.02714638 -0.07086337
0.06176240 0.58493805 -0.80872303 -0.98094666 0.18511046 0.05897263
0.05323280 0.54541820 -0.83647192 -0.97887659 0.19409069 0.06426071
0.05261759 0.51874441 -0.85330868 -0.99349177 0.11363536 0.00781964
0.04679996 0.40486172 -0.91317946 -0.99688268 0.07706232 -0.01692382
-0.29600555 0.93855643 -0.17746171 -0.94406664 -0.25920019 0.20384680
-0.35586405 0.91367733 -0.19635332 -0.93134654 -0.32938367 0.15524215
-0.49140534 0.86278826 -0.11881603 -0.87031376 -0.48133057 0.10428303
-0.47620034 0.80000460 -0.36500114 -0.87261051 -0.48116720 0.08383927
-0.53527403 0.80007744 -0.27084649 -0.83719891 -0.54509789 0.04434329
-0.50350636 0.84129936 -0.19671500 -0.86226070 -0.50370437 0.05280538
-0.49432072 0.86744881 -0.05638819 -0.86918074 -0.49224487 0.04711621
-0.49593222 0.85438919 -0.15514643 -0.86737323 -0.49591789 0.04158304
0.01274515 0.94382805 -0.33019122 -0.97775489 0.08090474 0.19351979
-0.24093275 0.95176816 -0.18997067 -0.95917064 -0.20362908 0.19628264
0.16861120 0.86659861 -0.46965644 -0.94562721 0.27666721 0.17101026
0.15518402 0.79418439 -0.58752799 -0.92828274 0.32068276 0.18829161
0.11379543 0.71094137 -0.69398344 -0.94238871 0.29841152 0.15117589
0.03152576 0.40326956 -0.91453809 -0.99943590 0.00211796 -0.03351842
0.05438944 0.40171283 -0.91414911 -0.99627531 0.08318248 -0.02272210
-0.31772968 0.93899536 -0.13166475 -0.93826675 -0.29133293 0.18649581
-0.36749992 0.91897488 -0.14292993 -0.92473990 -0.34471229 0.16133672
-0.52503884 0.78294969 -0.33365265 -0.83805162 -0.54394525 0.04234320
-0.53378874 0.79072398 -0.29970828 -0.83491212 -0.54903722 0.03847004
-0.54162806 0.81011742 -0.22438550 -0.83544433 -0.54833323 0.03692659
-0.56935811 0.81495619 -0.10806356 -0.82066453 -0.57117587 0.01636682
0.14504676 0.87215382 -0.46723577 -0.94927812 0.25582036 0.18283059
0.01352830 0.94539738 -0.32563910 -0.97718543 0.08153410 0.19611423
-0.23566258 0.95683932 -0.17006418 -0.95428616 -0.19473141 0.22675478
0.16910310 0.87131679 -0.46066388 -0.92648244 0.29996589 0.22726811
0.18758608 0.74123305 -0.64450371 -0.89699101 0.39665744 0.19511539
0.07221752 0.63291883 -0.77084273 -0.93050355 0.32100973 0.17639713
0.01075968 0.33305949 -0.94284445 -0.95675886 -0.27067176 -0.10653316
-0.31217769 0.94636238 -0.08332669 -0.94495171 -0.30026308 0.13003224
-0.31745189 0.93934989 -0.12979257 -0.93669367 -0.28929830 0.19725999
0.92704040 0.31699619 -0.20027384 -0.33948034 0.93636268 -0.08932026
-0.51839530 0.77267665 -0.36638400 -0.83795947 -0.54444766 0.03742573
-0.54895514 0.79265487 -0.26522928 -0.82375038 -0.56684828 0.01088464
-0.55240011 0.80620277 -0.21187563 -0.82690775 -0.56207556 0.01716630
-0.56453812 0.80066717 -0.20057148 -0.82086450 -0.57006204 0.03479677
-0.56904852 0.79728758 -0.20128655 -0.81592131 -0.57789373 0.01764316
0.16681504 0.91471434 -0.36806318 -0.95373797 0.24438718 0.17509668
-0.18554269 0.96556294 -0.18237908 -0.96473444 -0.14373092 0.22051962
0.18517756 0.89065087 -0.41527140 -0.92721015 0.29835069 0.22642478
0.23636432 0.78015321 -0.57921749 -0.88464367 0.41935462 0.20383134
0.12973584 0.67881376 -0.72275901 -0.88657808 0.40582317 0.22200677
0.06517178 0.61325037 -0.78719544 -0.98117977 0.18307726 0.06139132
0.07420459 0.60987180 -0.78901845 -0.92173660 0.34394827 0.17916849
0.92815667 0.37095314 0.03031545 -0.00375856 0.09078927 -0.99586308
-0.32488507 0.94008851 -0.10336009 -0.93832320 -0.30672926 0.15958308
-0.56068152 0.76497853 -0.31692919 -0.80581051 -0.59216172 -0.00374825
-0.56869060 0.77461767 -0.27669203 -0.80732930 -0.59005457 0.00742266
-0.52586234 0.78779578 -0.32069701 -0.82938492 -0.55854666 -0.01209351
0.56274205 -0.82302481 0.07714713 0.82411236 0.56585979 0.02532814
-0.58963931 0.78133476 -0.20455217 -0.79455274 -0.60660738 -0.02671172
0.16768931 0.91967428 -0.35507688 -0.95167613 0.24501078 0.18515483
-0.18893592 0.96504748 -0.18162234 -0.96408778 -0.14713676 0.22110076
0.76110810 0.40134296 -0.50954723 -0.51659632 0.85012746 -0.10203756
0.19087547 0.90822208 -0.37242353 -0.93745816 0.28117150 0.20521900
0.27589053 0.76074350 -0.58749789 -0.87416595 0.45272318 0.17571476
0.72761673 -0.68140113 -0.07916088 0.30878147 0.42837939 -0.84920263
0.13546561 0.67690754 -0.72349519 -0.88578910 0.40988952 0.21764264
0.00090008 0.46931255 -0.88303173 -0.95702803 0.25647843 0.13533732
0.04232525 0.55968863 -0.82762140 -0.91237164 0.35923842 0.19627975
-0.33321550 0.93276632 -0.13753010 -0.93602157 -0.30973926 0.16710892
-0.56508505 0.75399649 -0.33491543 -0.79688370 -0.60394347 -0.01512115
0.58931655 -0.78857678 0.17564918 0.79698509 0.60306793 0.03352602
-0.59333086 0.77847016 -0.20479947 -0.79178798 -0.61025345 -0.02574130
-0.59763592 0.76681286 -0.23415658 -0.78449506 -0.61956137 -0.02667076
-0.23044217 0.93366778 -0.27415505 -0.96500260 -0.18303131 0.18780202
0.76221895 0.40428898 -0.50554198 -0.52401626 0.84388006 -0.11521046
0.89831990 0.31402424 -0.30726239 -0.35348269 0.93192619 -0.08101601
0.48682758 0.38728350 -0.78294986 -0.67303395 0.73766690 -0.05359888
0.79057419 -0.61206019 -0.01935864 0.28001636 0.38943896 -0.87745553
0.75619954 -0.65429676 -0.00761839 0.34787613 0.41186237 -0.84223014
0.07769310 0.60515767 -0.79230553 -0.87402999 0.42365676 0.23787928
0.90402347 -0.42257908 -0.06456428 0.11279444 0.38147804 -0.91747040
-0.02046021 0.29087844 -0.95654124 -0.96977544 0.22689690 0.08974127
0.89454061 -0.44364995 -0.05451430 0.14041133 0.39468920 -0.90802270
0.04425919 0.55681199 -0.82945865 -0.87452716 0.42296970 0.23727374
0.93876123 0.29508474 -0.17791130 -0.31208196 0.94701010 -0.07600511
0.57149142 -0.76769978 0.28988728 0.79320180 0.60732234 0.04461443
-0.62979203 0.73449802 0.25273442 -0.77414143 -0.62022609 -0.12658875
0.62218410 -0.75147635 0.21947737 0.75381339 0.65073735 0.09113938
0.92440915 0.29635978 -0.24008045 -0.32995266 0.93713242 -0.11364083
0.75109553 0.39931515 -0.52574044 -0.52147967 0.84720117 -0.10153444
0.78148568 0.42196295 -0.45959482 -0.50961792 0.85667205 -0.08001688
0.88898212 0.31410393 -0.33324099 -0.37653357 0.91552973 -0.14151965
0.46815318 0.37278873 -0.80116248 -0.67644942 0.73454434 -0.05348736
0.56249297 0.39734197 -0.72506630 -0.60514098 0.79541045 -0.03356597
0.81053299 -0.58540320 -0.01842421 0.21827118 0.33110422 -0.91800207
0.74010497 -0.67239308 -0.01150174 0.25378132 0.29509470 -0.92114830
0.73073000 -0.68266541 0.00129227 0.38205436 0.40738356 -0.82950175
0.90335321 -0.42387438 -0.06544893 0.06007664 0.27614641 -0.95923615
0.89544654 -0.43976578 -0.06914916 0.13146618 0.40963560 -0.90272659
0.93512523 -0.35084063 -0.04951565 0.03047635 0.21887621 -0.97527659
0.85488123 -0.51457334 -0.06627521 0.14763017 0.36372238 -0.91973442
0.84424621 -0.53237355 -0.06186096 0.17846173 0.38807228 -0.90418547
0.92604631 0.30012777 -0.22882649 -0.32920852 0.93885165 -0.10089247
0.93939364 0.29788110 -0.16972484 -0.31196621 0.94801348 -0.06283012
0.61960584 -0.70290899 0.34929603 0.73634762 0.67464501 0.05144268
0.63909149 -0.72980970 0.24277554 0.73478305 0.67261219 0.08767451
0.92262602 0.29956582 -0.24294358 -0.33353221 0.93600214 -0.11250039
0.92455399 0.29810405 -0.23734771 -0.33044952 0.93740910 -0.10985135
0.73225117 0.38647294 -0.56075573 -0.51571870 0.85243678 -0.08594093
0.76292092 0.40745458 -0.50192881 -0.51017582 0.85631132 -0.08032168
0.84535563 0.37019631 -0.38513446 -0.43293971 0.89712095 -0.08796183
0.85956705 0.32903323 -0.39100084 -0.39734724 0.91146684 -0.10650545
0.91704297 0.29258618 -0.27097154 -0.33282581 0.93584067 -0.11588501
0.44971135 0.35527584 -0.81947476 -0.64915794 0.76018590 -0.02667323
0.71767253 0.41099867 -0.56216222 -0.53014386 0.84589702 -0.05835870
0.53510696 0.37640899 -0.75629157 -0.59992123 0.79962027 -0.02649474
0.80108315 -0.59830070 -0.01737989 0.17073502 0.25623980 -0.95141518
0.77292657 -0.63442898 0.00919065 0.17882138 0.20391506 -0.96251839
0.70423484 -0.70992959 -0.00730243 0.25528359 0.26280671 -0.93046385
0.91013646 -0.41016147 -0.05847486 0.04765168 0.24383317 -0.96864581
0.88833189 -0.45287883 -0.07594261 0.05808662 0.27487299 -0.95972437
0.92151070 -0.38362145 -0.06043730 -0.04228427 0.05558686 -0.99755818
0.85863638 -0.50875044 -0.06258251 0.09331176 0.27518991 -0.95685077
0.91789734 0.29972026 -0.26006201 -0.33039135 0.94023013 -0.08251612
0.94027644 0.29611644 -0.16791457 -0.30957678 0.94897771 -0.06002969
0.63266367 -0.70915776 0.31117848 0.73559290 0.67593628 0.04486995
0.66618091 -0.69725740 0.26464146 0.70198178 0.70606989 0.09320386
0.69367898 0.37489048 -0.61503386 -0.52384067 0.84863555 -0.07354365
0.74962431 0.39600393 -0.53032470 -0.50723505 0.85845351 -0.07596231
0.80468917 0.34090337 -0.48606613 -0.41805357 0.90668297 -0.05618961
0.89949805 0.28967196 -0.32709852 -0.33203512 0.93979955 -0.08080562
0.63759613 -0.76963592 0.03364180 0.38022301 0.27641070 -0.88262540
0.55514961 0.38648680 -0.73650318 -0.59359032 0.80436879 -0.02532706
0.62192035 0.34087071 -0.70499808 -0.52696520 0.84811854 -0.05479681
0.59842378 0.35493478 -0.71826905 -0.54581821 0.83689040 -0.04119501
0.82768339 -0.56099361 -0.01504755 0.10627087 0.18300632 -0.97735107
0.76406640 -0.64498585 0.01399552 0.11167777 0.11086766 -0.98754066
0.68121773 -0.73119801 0.03594333 0.27757442 0.21254623 -0.93689728
0.90797949 -0.41465971 -0.06025413 -0.01107100 0.12000857 -0.99271119
0.87696254 -0.47753164 -0.05385405 0.07036111 0.23844962 -0.96860272
0.84230775 -0.53800255 -0.03272722 0.09329072 0.20532168 -0.97423810
0.91643566 0.30282637 -0.26161426 -0.33126414 0.94083458 -0.07137483
-0.33905798 0.93352419 -0.11650030 -0.93008941 -0.31402665 0.19058074
0.64019090 -0.67249739 0.37135288 0.69780153 0.71122754 0.08502015
0.69044143 0.36404592 -0.62510896 -0.44823542 0.89355749 0.02530065
0.77885580 0.36770099 -0.50811386 -0.45148560 0.89102620 -0.04725513
0.82414323 0.31143692 -0.47306979 -0.37806404 0.92442542 -0.05005327
0.89934111 0.27768952 -0.33774877 -0.31598577 0.94666570 -0.06306391
0.61175823 -0.78927833 0.05283543 0.38644993 0.23991641 -0.89055967
0.49066573 0.29585773 -0.81958240 -0.54011786 0.84136027 -0.01963732
0.81413716 -0.58024520 -0.02227779 0.00596183 0.04671615 -0.99889046
0.76063424 -0.64911491 0.00924400 0.12294853 0.13006037 -0.98385370
0.72198582 -0.69061655 0.04225240 0.13681588 0.08263621 -0.98714370
0.68375772 -0.72889680 0.03442167 0.38265488 0.31799349 -0.86744189
0.86621773 -0.49799052 -0.04089480 -0.04624414 0.00159341 -0.99892890
0.86724895 -0.49697521 -0.02991617 0.02878022 0.11002897 -0.99351162
0.93181872 0.26746848 -0.24530515 -0.29186141 0.95400697 -0.06846615
0.93520916 0.23912245 -0.26115954 -0.21649902 0.96976179 0.11265137
0.69467682 0.30759040 -0.65024012 -0.45895684 0.88558465 -0.07140334
0.72610372 0.32962781 -0.60342270 -0.45015389 0.89126748 -0.05480713
0.78553641 0.29538128 -0.54376686 -0.37565267 0.92590940 -0.03970928
0.86773711 0.26627356 -0.41967922 -0.31795564 0.94639343 -0.05695381
0.89922935 0.27499866 -0.34023866 -0.31358349 0.94746929 -0.06298726
0.91043347 0.24254584 -0.33508581 -0.28240493 0.95635432 -0.07505889
0.58063716 -0.81195557 0.05990553 0.26569247 0.11941952 -0.95663291
0.46319291 0.23896043 -0.85343444 -0.52619076 0.84901863 -0.04786073
0.49282014 0.26154125 -0.82989430 -0.52256775 0.85156524 -0.04194812
0.81858206 -0.57431090 -0.00950545 0.02676179 0.05466473 -0.99814606
0.86979049 -0.49201858 -0.03717860 -0.07069235 -0.04968916 -0.99625981
0.68023396 -0.73209238 0.03636690 0.05046322 -0.00272319 -0.99872226
0.65294927 -0.75576210 0.04980849 0.17716807 0.08846654 -0.98019648
0.92468613 0.25438035 -0.28327790 -0.27922204 0.95890504 -0.05036091
0.95108390 0.23553942 -0.19990176 -0.25121763 0.96626842 -0.05670164
0.95754826 0.23808865 -0.16252765 -0.25051883 0.96621740 -0.06053368
0.73102009 0.33124986 -0.59655946 -0.47278684 0.87627864 -0.09278116
0.79522341 0.26832658 -0.54371011 -0.35239986 0.93427044 -0.05434333
0.85374451 0.25984508 -0.45122162 -0.29549801 0.95530123 -0.00897452
0.85302341 0.24965100 -0.45828542 -0.31243837 0.94769114 -0.06529821
0.89337379 0.27087957 -0.35847959 -0.31133628 0.94845390 -0.05920253
0.59047526 -0.80515444 0.05536531 0.17951404 0.06414744 -0.98166180
0.52558219 -0.84939170 0.04792884 0.31608012 0.14265671 -0.93794590
0.48905712 -0.86883014 0.07718384 0.37432772 0.12913072 -0.91826141
0.52859432 0.23518948 -0.81564331 -0.46248600 0.88551486 -0.04438664
0.93602532 0.21780109 -0.27644038 -0.23863997 0.97012466 -0.04369425
0.96422333 0.18290059 -0.19188739 -0.19797049 0.97822088 -0.06238348
0.96273220 0.22325280 -0.15265958 -0.23294243 0.97127467 -0.04861405
0.58747011 0.22813363 -0.77642375 -0.42777693 0.90197986 -0.05864610
0.67667526 0.26911262 -0.68533862 -0.41540140 0.90805876 -0.05358194
0.77342123 0.26089731 -0.57771289 -0.34663862 0.93710816 -0.04086571
0.85162884 0.28329840 -0.44098783 -0.31635383 0.94864005 -0.00151431
0.92303056 0.16486746 -0.34761086 -0.19099683 0.98069018 -0.04203557
0.89229023 0.26547861 -0.36515650 -0.30162168 0.95238256 -0.04462998
0.48332742 -0.87337130 0.06014331 0.41427594 0.16765852 -0.89457595
0.48911765 -0.86883223 0.07677522 0.37992033 0.13298881 -0.91540956
0.57002443 0.21944056 -0.79178160 -0.42737973 0.90223354 -0.05762987
0.96843147 0.16684650 -0.18521002 -0.17020969 0.98540521 -0.00229478
0.91897589 0.20219381 -0.33852777 -0.22993107 0.97223490 -0.04348613
0.96984327 0.16425231 -0.18006983 -0.17320471 0.98426145 -0.03506526
0.97300553 0.18329495 -0.14022569 -0.19226639 0.97989738 -0.05324279
0.93556404 0.08023558 -0.34392190 -0.14549674 0.97493118 -0.16834450
0.74847370 0.24465246 -0.61638653 -0.34077570 0.93925023 -0.04099985
0.82131320 0.26221344 -0.50664461 -0.30678767 0.95176619 -0.00474274
0.85753936 0.25707981 -0.44557413 -0.29242000 0.95622587 -0.01107609
0.93701297 0.10027415 -0.33459222 -0.11608207 0.99285799 -0.02753326
0.91962010 0.16257057 -0.35758877 -0.18797059 0.98146981 -0.03720311
0.44566444 -0.89173120 0.07873223 0.34204048 0.08834440 -0.93552315
0.57671493 0.20834781 -0.78993112 -0.42082873 0.90453768 -0.06866390
0.97125524 0.14485981 -0.18888886 -0.15045059 0.98849565 -0.01552563
0.97749031 0.16546772 -0.13089374 -0.17664792 0.98110491 -0.07892217
0.73833060 0.22998305 -0.63401562 -0.32753778 0.94403338 -0.03898881
0.80482638 0.25474137 -0.53606099 -0.29907560 0.95421916 0.00443077
0.85690671 0.25443020 -0.44830370 -0.25825718 0.96457744 0.05379232
0.93641156 0.10070799 -0.33614174 -0.11620322 0.99287856 -0.02624856
0.97631323 0.11990375 -0.18009903 -0.12265734 0.99244028 -0.00419037
0.40558216 -0.90987140 0.08739077 0.38839826 0.08500200 -0.91756278
0.59781128 0.17390169 -0.78254712 -0.33578634 0.94074172 -0.04746078
0.74567592 0.23360543 -0.62401593 -0.30871379 0.95106804 -0.01286158
0.77464736 0.25107375 -0.58041662 -0.30462503 0.95245683 0.00544420
0.82519883 0.18658751 -0.53313416 -0.30829433 0.93965685 -0.14832266
0.90100241 0.12827826 -0.41441455 -0.15362884 0.98772413 -0.02827220
0.44726276 -0.88811588 0.10585948 0.43542528 0.11282718 -0.89312649
0.61386865 0.17872989 -0.76890886 -0.34091341 0.93854183 -0.05401239
0.68438607 0.20341347 -0.70017052 -0.27576900 0.96117514 0.00968841
0.68542075 0.20476002 -0.69876450 -0.23761399 0.97001112 0.05116737
0.85300565 0.21110477 -0.47730103 -0.21914236 0.97489125 0.03954424
0.89173508 0.16569117 -0.42113540 -0.18984509 0.98168766 -0.01575398
0.36682299 0.07578291 -0.92719895 -0.36191574 0.92978638 -0.06718849
0.49721429 0.13357323 -0.85728419 -0.33577549 0.94070941 -0.04817398
0.59597820 0.16930157 -0.78495032 -0.30551276 0.95181441 -0.02667080
0.71259475 0.18977506 -0.67542148 -0.26187930 0.96508706 -0.00512916
0.77752090 0.19070213 -0.59924448 -0.21384075 0.97630298 0.03323749
0.41407412 0.09664336 -0.90509826 -0.34661612 0.93617409 -0.05861213
0.45404899 0.11644624 -0.88333452 -0.32939953 0.94311821 -0.04498970
0.53626066 0.14482959 -0.83153403 -0.29167306 0.95627540 -0.02154550
0.61339146 0.16310473 -0.77275342 -0.23059814 0.97279388 0.02228441
0.73322874 0.18569070 -0.65413654 -0.22557899 0.97393858 0.02361944
0.67165720 0.15737522 -0.72395426 -0.24062289 0.97054124 -0.01226178
0.76670212 0.18252541 -0.61550981 -0.18579331 0.98079085 0.05941597
0.44894880 0.11382218 -0.88627845 -0.32321909 0.94537759 -0.04231614
0.48074853 0.12586658 -0.86777794 -0.30145854 0.95304501 -0.02877378
0.51601374 0.13523516 -0.84583765 -0.26754937 0.96350050 -0.00917433
0.53947163 0.14104629 -0.83010626 -0.24515797 0.96946812 0.00540182
0.63606852 0.15805055 -0.75527275 -0.20183119 0.97880012 0.03485022
0.79088581 0.17913993 -0.58515686 -0.10520203 0.98175985 0.15836710
