-0.34418556 -0.84085315 -0.41773480 0.25225341 0.34574503 -0.90378571
-0.42673227 -0.78709859 -0.44539350 0.19258504 0.40210283 -0.89511132
-0.33945194 -0.84113812 -0.42102146 0.32417893 0.31555957 -0.89181286
-0.44109014 -0.77446681 -0.45347622 0.16525599 0.42655706 -0.88923538
-0.32358623 -0.83540136 -0.44429332 0.14093560 0.42176399 -0.89568537
-0.38229778 -0.81549072 -0.43453813 0.12470254 0.42042559 -0.89871669
-0.33805642 -0.84161741 -0.42118648 0.31825018 0.31894025 -0.89274520
-0.34772831 -0.81218219 -0.46844977 -0.00232390 0.50037396 -0.86580628
-0.42617756 -0.77787149 -0.46183181 0.09248465 0.47037560 -0.87760663
-0.33677182 -0.83501774 -0.43512085 0.06319373 0.44102871 -0.89526546
-0.26793426 -0.86721480 -0.41970196 0.10337521 0.40723726 -0.90745324
-0.30991730 -0.84998918 -0.42599273 0.09496273 0.41813904 -0.90340573
-0.42488414 -0.77689135 -0.46466485 0.09358858 0.47285271 -0.87615728
-0.40643257 -0.78809500 -0.46229729 0.03095518 0.49380481 -0.86902165
-0.33701605 -0.83154428 -0.44153631 0.05196411 0.45182818 -0.89059025
-0.27907279 -0.86404234 -0.41898608 0.10691330 0.40565097 -0.90775377
-0.40115696 -0.78282613 -0.47566399 -0.02777165 0.52943385 -0.84789658
-0.42893073 -0.77314311 -0.46719185 0.02655541 0.50616878 -0.86202556
-0.38540205 -0.79855120 -0.46236482 0.00786711 0.49821159 -0.86701983
-0.33145723 -0.83449900 -0.44016773 -0.00175785 0.46708655 -0.88420987
-0.37151739 -0.81355602 -0.44732702 0.00383854 0.48046213 -0.87700713
-0.21395262 -0.87704825 -0.43012863 0.02205325 0.43587586 -0.89973658
-0.19612008 -0.88882154 -0.41416565 0.15735886 0.38836676 -0.90797001
-0.42075580 -0.77363807 -0.47376019 -0.00534123 0.52434105 -0.85149163
-0.38273239 -0.79634142 -0.46835479 -0.05785960 0.52662086 -0.84812897
-0.33326566 -0.82724380 -0.45232919 -0.00040287 0.47988027 -0.87733388
-0.24617057 -0.86137277 -0.44433883 -0.04879576 0.46887982 -0.88191313
-0.21568444 -0.87630874 -0.43077055 0.03498722 0.43393520 -0.90026450
-0.25069064 -0.87118953 -0.42211732 0.02700641 0.42957792 -0.90262592
-0.38048691 -0.78974700 -0.48117509 -0.04409760 0.53521150 -0.84356630
-0.42336637 -0.77981967 -0.46113130 -0.03490484 0.52266079 -0.85182595
-0.32432392 -0.81830198 -0.47454807 -0.03689326 0.51222557 -0.85805815
-0.08028390 0.57174027 -0.81649715 0.27077419 0.80084777 0.53415745
-0.24803975 -0.86596376 -0.43426156 -0.05477817 0.46009016 -0.88618082
-0.21975762 -0.87291002 -0.43558553 0.01369701 0.44369563 -0.89607286
-0.06488276 0.46165690 -0.88468260 0.00521991 0.88669550 0.46232450
-0.14485578 -0.89787090 -0.41574603 0.15640977 0.39411578 -0.90565377
-0.37692815 -0.78966069 -0.48410872 -0.06869151 0.54505098 -0.83558422
-0.42386910 -0.77827626 -0.46327209 -0.08098327 0.54201162 -0.83645988
-0.12018143 0.58041805 -0.80540133 0.26869226 0.80001932 0.53644538
-0.18964228 -0.87736195 -0.44076276 -0.03382204 0.45447999 -0.89011461
-0.13905789 -0.89273387 -0.42858982 -0.02716373 0.43607050 -0.89950246
-0.13607064 -0.89975154 -0.41464680 0.15214157 0.39459679 -0.90617126
-0.41908687 -0.77871567 -0.46687055 -0.08221501 0.54463995 -0.83463049
-0.11127906 0.58015871 -0.80686611 0.35097477 0.78253210 0.51425713
-0.41492426 -0.78365654 -0.46229899 -0.07479317 0.53575891 -0.84105194
-0.11153072 0.57840461 -0.80808973 0.27107042 0.80003381 0.53522593
-0.09604114 0.50801057 -0.85597980 0.10494287 0.86033010 0.49881777
-0.08309120 -0.90423280 -0.41887820 0.05748850 0.41528234 -0.90787429
-0.08948863 -0.90339261 -0.41937292 0.04323970 0.41714144 -0.90781242
-0.14610733 0.57762545 -0.80311984 0.37002206 0.78481364 0.49714306
-0.10482676 0.57893658 -0.80860615 0.35270011 0.78187573 0.51407486
-0.11414848 0.53098869 -0.83965540 0.42651105 0.78952008 0.44130081
-0.14170879 0.58294374 -0.80005950 0.31792629 0.79219991 0.52090514
-0.09080750 0.57296205 -0.81453580 0.27944186 0.79971492 0.53138351
-0.10243529 0.51116264 -0.85335791 0.10531761 0.85862195 0.50167370
-0.03646659 0.50089067 -0.86474198 0.05755074 0.86493403 0.49857500
-0.08973727 -0.90287375 -0.42043570 0.03088689 0.41941294 -0.90727001
-0.16074151 0.57739353 -0.80048668 0.36825883 0.78755069 0.49411467
-0.14613669 0.56557590 -0.81164533 0.42360526 0.77720517 0.46530700
-0.20052585 0.55427480 -0.80781740 0.23814803 0.82741094 0.50860280
-0.27270657 0.60065573 -0.75156093 0.23287775 0.79915082 0.55418950
-0.19221587 0.53370816 -0.82353425 0.16004802 0.84499609 0.51026106
-0.20045839 0.51413184 -0.83395737 0.07678464 0.85686195 0.50979573
0.01939525 -0.86991638 -0.49281773 -0.02664598 0.49228564 -0.87002581
0.09640297 0.43106046 -0.89715850 -0.03479907 0.90226531 0.42977485
-0.18226269 0.57961166 -0.79424852 0.38117623 0.78626096 0.48631105
-0.20230414 0.58788961 -0.78323621 0.32525507 0.79470932 0.51249027
-0.29027662 0.34855568 -0.89120620 0.39037225 0.89342260 0.22227362
-0.48880404 -0.73759770 -0.46585438 -0.09021001 0.57386804 -0.81396419
-0.11342541 0.57279849 -0.81181073 0.29774731 0.79912674 0.52224803
-0.22969006 0.53837812 -0.81079674 0.16025864 0.84262007 0.51410955
-0.21299928 0.50593823 -0.83585757 0.05861931 0.86056525 0.50595576
0.05338612 -0.86203611 -0.50402749 -0.10619389 0.49698383 -0.86123747
-0.20395207 0.56745696 -0.79774445 0.37226442 0.79861349 0.47290149
-0.13704252 0.57544756 -0.80627513 0.29230678 0.80120122 0.52214295
-0.27526143 0.58532774 -0.76264191 0.30400151 0.80557650 0.50855643
-0.32955021 0.34748033 -0.87786913 0.39378631 0.89566123 0.20669633
-0.21041557 0.56334668 -0.79897797 0.17609575 0.82574785 0.53584588
-0.19421571 0.53905469 -0.81957328 0.13925774 0.84217095 0.52091771
-0.29804859 0.48658788 -0.82121819 0.00414777 0.86097109 0.50863689
-0.15500411 0.50844127 -0.84703082 -0.02101208 0.85550272 0.51737183
0.12010247 -0.85203809 -0.50951600 -0.11657982 0.49757561 -0.85955089
-0.32661426 0.40871134 -0.85221958 0.35466680 0.88877845 0.29031786
-0.25411999 0.58203280 -0.77243835 0.22371183 0.81237018 0.53852367
-0.24818879 0.56946981 -0.78364950 0.31942457 0.81182593 0.48878074
-0.30920190 0.34222844 -0.88728458 0.39257801 0.89573151 0.20868048
-0.22704214 0.57366759 -0.78699261 0.18245120 0.81884348 0.54424894
-0.29011533 0.52930009 -0.79729205 0.11437376 0.84632891 0.52023661
-0.25584292 0.48942333 -0.83367217 0.01863880 0.86471033 0.50192493
0.16365272 -0.84835476 -0.50349969 -0.00259399 0.51000881 -0.86016524
0.14040603 -0.84864360 -0.50999045 -0.14148563 0.49260882 -0.85867250
-0.29549927 0.38398799 -0.87477630 0.40476400 0.87974221 0.24943863
-0.33490351 0.36377907 -0.86919755 0.34184504 0.90652752 0.24768895
-0.24742097 0.57174939 -0.78223115 0.22442532 0.81919503 0.52778107
-0.23880270 0.49811172 -0.83358145 0.30741301 0.85304564 0.42167562
-0.26990154 0.57601261 -0.77159745 0.25498214 0.81548542 0.51958424
-0.32952851 0.33805394 -0.88155001 0.35521942 0.90948880 0.21598475
-0.24083707 0.57024473 -0.78537798 0.18129960 0.82138515 0.54079288
-0.29023716 0.52728492 -0.79858196 0.06767236 0.84372318 0.53249568
-0.34162447 0.47319135 -0.81202388 -0.02253160 0.85963345 0.51041418
-0.34244242 0.46786234 -0.81476259 0.00989695 0.86894238 0.49481440
0.18298744 -0.83011925 -0.52670443 -0.41943273 0.41862547 -0.80549914
0.49587074 -0.71267515 -0.49619192 -0.15467899 0.48976532 -0.85802352
0.19054246 -0.83570558 -0.51506293 -0.52953613 0.35429785 -0.77075583
0.27083996 -0.81017125 -0.51987344 -0.17768912 0.48870182 -0.85416460
-0.36842060 0.30559951 -0.87799507 0.37466452 0.91314209 0.16061784
-0.40081322 0.32917976 -0.85497928 0.36695135 0.91277611 0.17940611
-0.36644465 0.36682528 -0.85507756 0.29427934 0.91752052 0.26749930
-0.23152702 0.57415193 -0.78533107 0.21910770 0.81730008 0.53292817
-0.32899520 0.40249273 -0.85426098 0.27158210 0.90672964 0.32262143
-0.33237460 0.50937611 -0.79376519 0.25515091 0.85879314 0.44426617
-0.28273386 0.57516026 -0.76762772 0.24032275 0.81723154 0.52381074
-0.18653709 0.52251965 -0.83197188 0.11699128 0.85262412 0.50925952
-0.35595900 0.46364537 -0.81137305 -0.02944772 0.86224520 0.50563443
-0.37444842 0.45663494 -0.80701482 -0.03131738 0.86360890 0.50318873
-0.34676820 0.43558666 -0.83067214 -0.03204121 0.87960619 0.47462240
0.18398009 -0.84225821 -0.50670743 -0.32677990 0.43377316 -0.83967596
-0.40872881 0.19952287 -0.89057928 0.33161837 0.94158232 0.05875414
-0.37327594 0.26743594 -0.88833725 0.34751138 0.92813879 0.13339533
-0.42692846 0.28524047 -0.85812002 0.24003847 0.95065224 0.19657537
-0.20516661 0.57204741 -0.79414630 0.21139674 0.81815511 0.53472757
-0.35992345 0.40350711 -0.84121174 0.24245134 0.91111350 0.33330104
-0.34670568 0.52338713 -0.77837080 0.21322559 0.85209501 0.47798428
-0.32976663 0.40338606 -0.85354185 0.16040947 0.91491073 0.37041482
-0.32990530 0.57479459 -0.74884832 0.21360032 0.81813794 0.53387761
-0.22318242 0.52581728 -0.82079589 0.12463991 0.85051668 0.51096618
-0.08820023 0.50211138 -0.86029351 0.01405475 0.86420071 0.50295091
-0.48657253 0.15629305 -0.85954624 -0.09052054 0.96955281 0.22753769
-0.41047996 0.20287834 -0.88901436 0.32694623 0.94285929 0.06420687
-0.43211001 0.26385328 -0.86235869 0.30869964 0.94174975 0.13346137
-0.40420598 0.27438203 -0.87254345 0.12544504 0.96156102 0.24426222
-0.43703705 0.26201639 -0.86043364 0.23037754 0.95732623 0.17450693
-0.65092427 0.50986791 -0.56243438 0.27920711 0.84974420 0.44718927
-0.39299667 0.35584676 -0.84789550 0.21673019 0.93195409 0.29067090
-0.31423634 0.56899685 -0.75993299 0.21342853 0.82233202 0.52746403
-0.37602195 0.48156157 -0.79164767 0.17803076 0.87597656 0.44829687
-0.39116645 0.35719052 -0.84817672 0.20545794 0.93224394 0.29783943
-0.34433132 0.56770784 -0.74775916 0.21966144 0.82307303 0.52373636
-0.47496003 0.48722443 -0.73282015 0.12349395 0.86140549 0.49267629
-0.04247028 0.49328780 -0.86882883 0.06119974 0.86926490 0.49054378
-0.50333548 0.14657526 -0.85156870 -0.17084509 0.94917214 0.26435629
0.34253258 -0.83403629 -0.43249846 -0.62979168 0.13776304 -0.76445007
-0.46203774 0.22128953 -0.85880858 0.33093679 0.94144338 0.06453855
-0.46615425 0.22039205 -0.85681248 0.29332581 0.95219582 0.08534113
-0.42679024 0.28703377 -0.85759068 0.19096479 0.95551538 0.22477305
-0.45728612 0.24551828 -0.85475743 0.18708560 0.96618605 0.17743596
-0.32735643 0.23329358 -0.91564834 0.30559364 0.94310260 0.13103478
-0.38597396 0.56801558 -0.72689915 0.17209424 0.81846064 0.54818404
-0.42478806 0.28601241 -0.85892493 0.08937801 0.95739579 0.27459952
-0.37294498 0.51421452 -0.77233124 0.14826243 0.85471594 0.49747264
-0.43229333 0.28575239 -0.85525906 0.16476762 0.95752496 0.23663834
-0.39188111 0.56109881 -0.72910726 0.21277609 0.82628322 0.52151942
-0.45932564 0.52771407 -0.71451926 0.16469423 0.84104407 0.51528704
0.07652824 0.50395596 -0.86033237 -0.06427567 0.86356163 0.50013006
-0.27995709 0.46237221 -0.84132987 0.03819198 0.88104421 0.47148961
0.30971876 -0.90403295 -0.29461628 -0.47450781 0.12155299 -0.87181842
-0.46144068 0.21774627 -0.86003435 0.33201143 0.94135255 0.06019813
-0.45657647 0.19666052 -0.86767656 0.26597387 0.96083415 0.07781789
-0.48681572 0.22190042 -0.84484947 0.28249571 0.95521361 0.08810913
-0.46968448 0.22242177 -0.85435653 0.17653257 0.97185999 0.15596321
-0.53023702 0.23751579 -0.81390107 0.19985384 0.96792275 0.15226302
-0.37773117 0.55360258 -0.74218827 0.16907302 0.82933521 0.53255749
-0.44535959 0.27549657 -0.85191345 0.11461005 0.96119845 0.25092244
-0.48393360 0.26677406 -0.83345062 -0.01462416 0.94980264 0.31250778
-0.38614362 0.51329321 -0.76643544 0.13478844 0.85335869 0.50359815
-0.44623870 0.27854240 -0.85046172 0.12752034 0.96042174 0.24764623
-0.40245807 0.53989118 -0.73928684 0.13758142 0.83407640 0.53421724
0.22374871 -0.84375864 -0.48786056 -0.03726598 0.49277884 -0.86935633
-0.48524773 0.43084192 -0.76086128 0.07805440 0.88804585 0.45308080
-0.25917152 0.43276748 -0.86344802 0.03569277 0.89767557 0.43920916
-0.51652318 0.22864594 -0.82518172 0.30823952 0.94873452 0.06993780
-0.55620927 0.22710538 -0.79940885 0.30785081 0.94980651 0.05563697
-0.49937007 0.22248746 -0.83733439 0.21705931 0.96777022 0.12769546
-0.50285327 0.21869875 -0.83624727 0.14661083 0.97502428 0.16683207
-0.48642913 0.21897319 -0.84583539 0.25239858 0.96202868 0.10390257
-0.48396370 0.26362595 -0.83443427 0.00648192 0.95459694 0.29782996
-0.50758415 0.25973120 -0.82152182 -0.09582400 0.93054903 0.35340676
-0.60595620 0.24166010 -0.75790346 0.09012876 0.96746206 0.23641917
0.17437224 -0.85901964 -0.48133111 -0.44318900 0.36804271 -0.81739104
0.18965653 0.48297587 -0.85484779 -0.04929220 0.87423539 0.48299360
-0.54459643 0.31011182 -0.77925950 -0.01114799 0.92637116 0.37644693
-0.52032679 0.32086903 -0.79139322 -0.02046216 0.92177480 0.38718545
-0.21458898 0.43736893 -0.87330407 -0.03546434 0.89005464 0.45447233
-0.52834153 0.22069640 -0.81984657 0.30442446 0.95066208 0.05972777
-0.53868008 0.22244109 -0.81261539 0.32596338 0.94442916 0.04244307
-0.55908483 0.22572477 -0.79779232 0.31710500 0.94728404 0.04579745
-0.49871770 0.21274479 -0.84025013 0.21420506 0.96959186 0.11835499
-0.51117784 0.20864353 -0.83376563 0.16309381 0.97600889 0.14424677
-0.52609915 0.21287908 -0.82334816 0.06339148 0.97528595 0.21165745
-0.54248750 0.22247207 -0.81007004 0.25297931 0.96279615 0.09500062
0.20774595 -0.84035820 -0.50063932 -0.44012782 0.37676758 -0.81506675
-0.42286950 0.37518862 -0.82487261 -0.13141009 0.87525314 0.46547112
0.14842343 0.47844690 -0.86548197 -0.09109099 0.87806928 0.46978384
0.14235292 0.47920248 -0.86608344 -0.07390407 0.87769789 0.47348157
-0.51508343 0.29083923 -0.80628884 -0.02116328 0.93607134 0.35117331
-0.56388706 0.29811215 -0.77016920 -0.06925116 0.91222245 0.40380007
-0.24542525 0.41400477 -0.87656522 -0.05323372 0.89710033 0.43860820
-0.55676991 0.21583183 -0.80213714 0.27170128 0.95985585 0.06967928
-0.55050683 0.22194761 -0.80478662 0.33060828 0.94315702 0.03395845
-0.52387840 0.21456419 -0.82432622 0.20660208 0.97086364 0.12140606
-0.54486275 0.21055196 -0.81166035 0.19861029 0.97282326 0.11903315
-0.61504585 0.18581581 -0.76628393 -0.03582636 0.96424627 0.26257503
-0.55204976 0.21632069 -0.80526179 0.21665058 0.96980375 0.11199678
0.20262933 -0.84351212 -0.49742216 -0.44679415 0.37237036 -0.81345886
-0.39746517 0.38090053 -0.83482713 -0.12837481 0.87774825 0.46160370
0.12532504 0.47577336 -0.87059373 -0.13784796 0.87735116 0.45962253
-0.58865124 0.24978003 -0.76883012 -0.09032880 0.92478698 0.36960760
-0.51500577 0.27652696 -0.81135809 -0.03215483 0.93963754 0.34065729
-0.60707915 0.24642952 -0.75546503 -0.10084594 0.91912043 0.38085136
-0.41547614 0.36004350 -0.83531332 -0.06644108 0.90386069 0.42263639
-0.58155876 0.22195399 -0.78264028 0.27045214 0.96008873 0.07131203
-0.58112192 0.22069229 -0.78332132 0.32136971 0.94653201 0.02826087
-0.55207187 0.21774863 -0.80486166 0.21813579 0.96939647 0.11263813
-0.55658811 0.21015246 -0.80376971 0.15846057 0.97657055 0.14560315
-0.56587535 0.20800743 -0.79782081 0.17352006 0.97602564 0.13139524
-0.59553409 0.22203824 -0.77203512 0.23669522 0.96687973 0.09549332
0.24981767 -0.82711864 -0.50345403 -0.52676368 0.32018000 -0.78740394
0.20466939 -0.84146810 -0.50004202 -0.43237811 0.38059288 -0.81743395
0.17239803 -0.85323644 -0.49220574 -0.32839680 0.42131436 -0.84536964
0.14375263 0.48052189 -0.86512077 -0.22241795 0.86752290 0.44489813
-0.58176428 0.25612995 -0.77197653 -0.12034754 0.91156912 0.39313900
-0.47365144 0.27323741 -0.83725482 -0.07117932 0.93567008 0.34562272
-0.44570008 0.29913014 -0.84372544 -0.02982877 0.93703192 0.34796771
-0.61442745 0.23653200 -0.75268298 -0.11314891 0.91772425 0.38076183
0.15301076 -0.88859731 -0.43241474 -0.13217659 0.41523346 -0.90006143
-0.61239421 0.22302939 -0.75844002 0.28502470 0.95714533 0.05132116
-0.58870316 0.22059183 -0.77766824 0.31691498 0.94801044 0.02900277
-0.58674574 0.22222003 -0.77868336 0.32093221 0.94667816 0.02833657
-0.67519379 0.21076585 -0.70688832 0.15980598 0.97734660 0.13876489
-0.63560802 0.22006387 -0.73998272 0.21847883 0.97060239 0.10098565
0.32821527 -0.78742558 -0.52176219 -0.47009087 0.34294233 -0.81326824
0.24172698 -0.82635027 -0.50863880 -0.40622243 0.38986030 -0.82643348
0.10110769 -0.87536579 -0.47277057 -0.28372857 0.43009982 -0.85703689
0.19220459 0.47698474 -0.85763806 -0.15402623 0.87776381 0.45365918
-0.61385864 0.23166199 -0.75465900 -0.13559565 0.91082072 0.38989675
-0.44035697 0.29404050 -0.84830773 -0.07572611 0.92931902 0.36143014
-0.53458720 0.25145850 -0.80683649 -0.11587855 0.92388076 0.36471432
-0.41016364 0.29655695 -0.86244994 0.01204211 0.94733495 0.32001805
-0.69666612 0.19285126 -0.69098824 -0.16609931 0.89365697 0.41687921
-0.55521315 0.27020049 -0.78659397 -0.20888238 0.87014353 0.44633889
0.20965591 -0.87982154 -0.42656600 -0.28734040 0.36155906 -0.88696706
-0.60026789 0.21373737 -0.77071059 0.28263456 0.95814383 0.04558738
-0.63889325 0.18760170 -0.74607038 0.30935571 0.95059407 -0.02588521
-0.64457828 0.21921684 -0.73243630 0.20985413 0.97194576 0.10622007
-0.61857444 0.21699469 -0.75516826 0.26958507 0.96138018 0.05542605
0.30678570 -0.79775673 -0.51910192 -0.38249940 0.39608175 -0.83475357
0.20011930 -0.84494281 -0.49600807 -0.29250053 0.43164033 -0.85330540
0.33195043 -0.78665197 -0.52056473 -0.40522817 0.37941968 -0.83176374
0.19563907 0.47879738 -0.85584956 -0.19635408 0.87416649 0.44415998
-0.59361702 0.24238187 -0.76737863 -0.14755110 0.90461743 0.39987004
-0.50480622 0.27527446 -0.81816542 -0.17114361 0.89706337 0.40741521
-0.44235072 0.27752995 -0.85282063 -0.07852235 0.93527824 0.34509268
-0.43860382 0.29909813 -0.84744740 -0.11476061 0.91662937 0.38291064
-0.53116941 0.25480023 -0.80804455 -0.15507568 0.90836048 0.38837203
-0.44440511 0.25075579 -0.86001498 -0.01049273 0.95850170 0.28489372
-0.57205516 0.25983232 -0.77797180 -0.20131777 0.87500393 0.44027194
0.21555638 -0.87818062 -0.42700621 -0.32552239 0.34765011 -0.87930346
-0.64026827 0.22184940 -0.73541784 0.30053914 0.95341623 0.02595690
-0.64732927 0.19048387 -0.73802495 0.30318162 0.95272237 -0.02002654
-0.71904743 0.23927335 -0.65247154 0.27401894 0.96041209 0.05022195
-0.66588682 0.23198470 -0.70906836 0.28830773 0.95660657 0.04222133
0.24336754 -0.82634723 -0.50786072 -0.25539893 0.45052934 -0.85545003
0.32023868 -0.79658443 -0.51273823 -0.30467176 0.42588484 -0.85193735
0.23637743 0.47797853 -0.84596825 -0.24585114 0.87173194 0.42384037
-0.65797752 0.20443308 -0.72475702 -0.21712394 0.87006706 0.44253886
-0.48014721 0.28886873 -0.82825935 -0.16842321 0.89629388 0.41023284
-0.42106420 0.26898158 -0.86622971 -0.06924083 0.94269800 0.32638368
-0.47639796 0.28600332 -0.83141273 -0.15150836 0.90476573 0.39805052
-0.48056406 0.28315419 -0.82998902 -0.14492120 0.90778506 0.39360410
-0.44816634 0.25351813 -0.85724884 -0.06705026 0.94671071 0.31502873
-0.45183760 0.24233973 -0.85855359 -0.00365023 0.96188563 0.27342778
-0.59326965 0.24826266 -0.76576549 -0.22025543 0.86489791 0.45104235
0.13568528 0.45219225 -0.88153940 -0.34180051 0.85650635 0.38674188
-0.69212955 0.20582956 -0.69180262 0.30055085 0.95361489 -0.01696725
-0.66056192 0.21646939 -0.71888739 0.26900104 0.96219915 0.04255861
0.23059541 -0.82934642 -0.50893056 -0.14310014 0.48843551 -0.86078638
0.35694057 -0.78043252 -0.51334065 -0.25797650 0.44581157 -0.85714662
0.31920904 0.48151609 -0.81624007 -0.30933940 0.86706418 0.39052400
0.22878632 0.47167501 -0.85157478 -0.30509198 0.86544710 0.39739186
-0.61887825 0.23677246 -0.74895161 -0.19979276 0.87467754 0.44161320
-0.65884936 0.20259088 -0.72448224 -0.21426566 0.87262887 0.43887264
0.18157624 -0.85713500 -0.48202658 -0.52382690 0.33053717 -0.78508008
-0.44859710 0.26168659 -0.85456473 -0.11758462 0.93058062 0.34668943
-0.43830431 0.26112008 -0.86006141 -0.07516052 0.94287241 0.32456526
-0.44568580 0.26678246 -0.85451233 -0.17288579 0.91093779 0.37457037
-0.48743352 0.24124479 -0.83917201 -0.09488565 0.94074821 0.32556024
-0.46776801 0.23560137 -0.85187155 -0.01791861 0.96109176 0.27564752
-0.44682708 0.23543221 -0.86308581 0.04464666 0.96941721 0.24132329
0.20380586 -0.87194127 -0.44517601 -0.49089244 0.30241108 -0.81705093
0.33652273 -0.81070894 -0.47906521 -0.27061203 0.40402031 -0.87380588
0.14929274 0.45351186 -0.87865734 -0.25543216 0.87614268 0.40881345
-0.71496087 0.20183942 -0.66939664 0.29844189 0.95392019 -0.03112596
-0.80733347 0.23202911 -0.54256350 0.20515661 0.97245967 0.11060302
0.31949738 -0.80145484 -0.50556076 -0.13720019 0.48877645 -0.86155301
0.26196480 -0.81616521 -0.51502311 -0.17498143 0.48464587 -0.85702968
0.35104480 -0.78689462 -0.50750810 -0.18364352 0.47361651 -0.86137241
0.34191167 0.47834197 -0.80887908 -0.31683147 0.86903596 0.37999254
0.18967192 -0.85248786 -0.48712319 -0.51857406 0.33430612 -0.78696913
0.23294799 -0.84800017 -0.47605789 -0.61408246 0.25131810 -0.74815905
-0.67753178 0.18630646 -0.71150589 -0.24399783 0.85566521 0.45640135
0.19490716 -0.84891355 -0.49128094 -0.54977059 0.32024822 -0.77148777
-0.44747925 0.26290774 -0.85477591 -0.16022535 0.91677552 0.36585599
-0.45049942 0.25819680 -0.85462546 -0.11351851 0.93293053 0.34169322
-0.45384052 0.26254877 -0.85152626 -0.18224452 0.90806061 0.37711126
-0.45674363 0.24837680 -0.85422146 -0.09560509 0.94096649 0.32471815
-0.47140664 0.23309442 -0.85055441 -0.05688282 0.95439488 0.29307830
-0.47907248 0.21940428 -0.84991258 -0.00962799 0.96688581 0.25502792
-0.49723154 0.22360745 -0.83830816 0.04249419 0.97133505 0.23388568
0.25139356 -0.85370946 -0.45604992 -0.61547220 0.22264512 -0.75605762
0.35161015 -0.79172367 -0.49954382 -0.38824335 0.36223811 -0.84737873
0.34622437 -0.81396490 -0.46646518 -0.20362364 0.42016441 -0.88430727
0.27967241 0.46049544 -0.84245312 -0.39455956 0.85507357 0.33641049
-0.78127038 0.17574690 -0.59894055 0.01780832 0.96542931 0.26005611
-0.72979081 0.20165844 -0.65325290 0.28661776 0.95773047 -0.02454880
0.35366455 -0.79133940 -0.49870175 -0.08239026 0.50473136 -0.85933584
0.23165864 -0.82591683 -0.51399976 -0.00450590 0.52745640 -0.84957021
0.36510944 0.47543660 -0.80040944 -0.33721381 0.86891830 0.36230913
0.19372728 -0.84744650 -0.49427131 -0.54847115 0.32417107 -0.77077401
0.25209507 -0.84006143 -0.48035923 -0.64457464 0.22447632 -0.73084462
-0.67904890 0.18357317 -0.71076965 -0.24229909 0.85791880 0.45306352
0.17780399 -0.85598791 -0.48545912 -0.49274242 0.34957916 -0.79686850
-0.44484437 0.25872472 -0.85742354 -0.17425977 0.91406411 0.36622450
-0.47651842 0.24451196 -0.84447861 -0.16180351 0.91974819 0.35760736
-0.45493379 0.24137777 -0.85718846 -0.10059553 0.94247460 0.31878251
-0.47833228 0.23107265 -0.84723300 -0.07754450 0.94987881 0.30284828
-0.51720732 0.20349360 -0.83131641 -0.01518576 0.96898782 0.24664137
-0.48495778 0.21690661 -0.84721160 0.03050175 0.97235954 0.23148781
-0.47282615 0.21927835 -0.85343570 0.05804022 0.97418821 0.21814817
0.33031517 -0.80920124 -0.48588616 -0.53783762 0.26166475 -0.80141270
0.37691233 -0.77791464 -0.50277829 -0.35988000 0.37717336 -0.85336202
0.15219271 0.40254551 -0.90265977 -0.35505140 0.87460101 0.33016920
-0.76883847 0.20685990 -0.60505903 0.28248563 0.95876521 -0.03116348
0.35496014 -0.78837371 -0.50246423 0.06855270 0.55796558 -0.82702780
0.35962453 0.45221561 -0.81619316 -0.37727407 0.87049615 0.31607091
0.26063105 -0.81362474 -0.51969832 -0.60931873 0.27892217 -0.74224865
0.26857358 -0.83174348 -0.48587146 -0.67870039 0.19453636 -0.70818174
-0.69523102 0.17020117 -0.69834483 -0.27498478 0.83467197 0.47718561
-0.56600624 0.28569373 -0.77331495 -0.14177452 0.89032543 0.43269002
0.21533129 -0.83360058 -0.50866747 -0.52614856 0.33978081 -0.77956188
-0.45485026 0.25766459 -0.85247892 -0.19790941 0.90404946 0.37884885
-0.47568631 0.24284239 -0.84542894 -0.16203675 0.92049456 0.35557541
-0.48278421 0.22492553 -0.84636164 -0.08070456 0.95091391 0.29874668
-0.50802678 0.20354280 -0.83694637 0.01152224 0.97319692 0.22968450
-0.52154326 0.20338328 -0.82863015 0.01705420 0.97346532 0.22819832
-0.51899141 0.20706916 -0.82931924 0.02191699 0.97311890 0.22925813
-0.51257813 0.21379727 -0.83159751 0.08362940 0.97633088 0.19945982
0.34321156 -0.80224627 -0.48847383 -0.58131599 0.22705898 -0.78135520
0.39565319 -0.76513529 -0.50796312 -0.44466376 0.32434812 -0.83490866
0.56372929 -0.31868148 -0.76200491 -0.08603669 0.89489383 -0.43790731
0.41048923 -0.71045512 -0.57162237 -0.30788809 0.48207054 -0.82025176
0.26262701 -0.80741084 -0.52831328 -0.54718381 0.32635388 -0.77076787
0.36029586 -0.75646567 -0.54584497 -0.66303670 0.20393285 -0.72027344
0.31117719 -0.82145691 -0.47788844 -0.67919016 0.15949894 -0.71642232
0.21021777 -0.83139181 -0.51438916 -0.47573954 0.37265974 -0.79674131
0.23027644 -0.82659537 -0.51352984 -0.48666805 0.35915667 -0.79634213
0.26809695 -0.80282658 -0.53253508 -0.53694254 0.33443591 -0.77449691
0.15635300 -0.85579973 -0.49311310 -0.48098987 0.37008208 -0.79478800
-0.49124262 0.22672389 -0.84099764 -0.17288512 0.92093855 0.34926057
-0.49925330 0.20848477 -0.84099960 -0.08350026 0.95452547 0.28619730
-0.54099345 0.19577934 -0.81792217 -0.03187147 0.96705699 0.25255710
-0.51322639 0.20092900 -0.83440173 -0.03805939 0.96592456 0.25601017
-0.56096172 0.19611782 -0.80427599 0.03539703 0.97632718 0.21338291
-0.51414943 0.20922488 -0.83179051 0.08008695 0.97726518 0.19631331
0.34160414 -0.80156535 -0.49071336 -0.58166575 0.22980103 -0.78029257
0.43198296 -0.73867148 -0.51745075 -0.41730982 0.34492025 -0.84076309
0.75758535 -0.34798518 -0.55224156 0.22801171 0.93382728 -0.27563980
0.32893741 -0.76851636 -0.54880124 -0.60318029 0.27617013 -0.74826711
0.31847346 -0.81537408 -0.48346648 -0.69163001 0.14890927 -0.70673478
0.39397389 -0.71412969 -0.57862198 -0.58410829 0.29153082 -0.75751394
0.22857867 -0.81625891 -0.53054059 -0.50405031 0.36700538 -0.78181869
0.24440882 -0.81764174 -0.52127385 -0.48541495 0.36220267 -0.79572701
0.16258886 -0.85585690 -0.49099275 -0.49008387 0.36184409 -0.79302377
-0.48403904 0.22582278 -0.84540546 -0.17054519 0.92325348 0.34426343
-0.53354293 0.19356325 -0.82332575 -0.11239760 0.94859809 0.29585209
-0.53139961 0.19390871 -0.82462949 -0.02924152 0.96867031 0.24662295
-0.55640519 0.19243130 -0.80832148 0.03406223 0.97727799 0.20920697
-0.54105270 0.20049661 -0.81673938 0.08093208 0.97907144 0.18673275
0.37328267 -0.77557802 -0.50905675 -0.67447126 0.14987898 -0.72292793
0.44833145 -0.72904068 -0.51720268 -0.43338966 0.32876390 -0.83909941
0.29897675 -0.78156936 -0.54750556 -0.54165804 0.33336750 -0.77166879
0.37252188 -0.72681075 -0.57703871 -0.55899704 0.32059664 -0.76468307
0.42071390 -0.68582237 -0.59384143 -0.58727998 0.29302603 -0.75447863
0.26062679 -0.78785503 -0.55799484 -0.52082729 0.37191433 -0.76838708
0.22617339 -0.81640983 -0.53133845 -0.49780881 0.37198538 -0.78346241
0.29834992 -0.78157181 -0.54784387 -0.54185879 0.33382183 -0.77133137
-0.48232234 0.22748274 -0.84594136 -0.20231710 0.91065687 0.36023867
0.19551691 -0.84026718 -0.50569183 -0.50230473 0.35707015 -0.78752202
-0.49699804 0.21375887 -0.84101140 -0.16531056 0.92811185 0.33358783
-0.52763152 0.19514531 -0.82675469 -0.10213428 0.95162195 0.28980041
-0.56594342 0.18750130 -0.80283958 0.00311623 0.97427458 0.22534284
-0.58186555 0.18323587 -0.79237437 0.04070526 0.97962904 0.19664721
-0.54511219 0.19892287 -0.81442159 0.09191244 0.97976685 0.17778929
0.38735259 -0.76320732 -0.51717758 -0.67290497 0.14941478 -0.72448200
0.41620672 -0.74125707 -0.52660227 -0.65176350 0.16061826 -0.74121940
0.37322116 -0.72308058 -0.58125764 -0.56317431 0.32130617 -0.76131278
0.28745431 -0.75879896 -0.58446062 -0.50840962 0.39626771 -0.76452053
0.25823516 -0.79186285 -0.55341476 -0.48944396 0.38665050 -0.78163040
0.23417437 -0.81375271 -0.53194827 -0.48856062 0.37455159 -0.78804803
0.32642564 -0.73367131 -0.59596366 -0.43853021 0.44098985 -0.78308308
-0.49113053 0.22110979 -0.84255648 -0.22406331 0.90263569 0.36748391
0.20026252 -0.84507519 -0.49572465 -0.50251663 0.34575331 -0.79242140
-0.50613409 0.20847999 -0.83687776 -0.16937746 0.92741954 0.33347300
-0.51257414 0.19875772 -0.83532220 -0.09825511 0.95287234 0.28701958
-0.64679331 0.17259066 -0.74288017 0.00079612 0.97421008 0.22564155
-0.59235644 0.18203339 -0.78484255 0.08577201 0.98285371 0.16322334
-0.57119364 0.19595659 -0.79708147 0.12008963 0.98058629 0.15501292
-0.53106785 0.19765788 -0.82395291 0.10498499 0.98026806 0.16748962
0.49282023 -0.63090044 -0.59924364 -0.69743568 0.12539373 -0.70559186
0.55818069 -0.53921020 -0.63062406 -0.69180948 0.11715783 -0.71251231
0.36645091 -0.72835684 -0.57897335 -0.54862642 0.33342993 -0.76670313
0.34929225 -0.74145317 -0.57292426 -0.55322009 0.33030912 -0.76475066
0.28298402 -0.75718063 -0.58872539 -0.50268435 0.40567070 -0.76337397
0.28763154 -0.76850557 -0.57154828 -0.49888924 0.38918614 -0.77436674
0.23737141 -0.81258404 -0.53231758 -0.49061540 0.37267315 -0.78766191
0.32776648 -0.72326159 -0.60783368 -0.50721580 0.40807772 -0.75908154
-0.51568949 0.20334944 -0.83229411 -0.19350816 0.91868120 0.34435359
0.17262001 -0.85852265 -0.48284703 -0.51676029 0.33839026 -0.78641647
0.22912230 -0.83011395 -0.50834417 -0.50622082 0.34444290 -0.79063243
-0.54469085 0.18562676 -0.81783533 -0.13560884 0.94286674 0.30432317
-0.58589911 0.16768874 -0.79284471 -0.08921835 0.95906210 0.26877508
-0.59416276 0.17363112 -0.78538078 0.01120262 0.97811455 0.20776537
-0.63501692 0.17295806 -0.75288713 0.08734638 0.98443919 0.15248005
-0.57670099 0.18706593 -0.79524988 0.10419165 0.98232371 0.15551321
-0.56819874 0.19445007 -0.79958701 0.11642722 0.98090184 0.15580873
0.37801757 -0.73251981 -0.56614268 -0.66429347 0.21132171 -0.71697795
0.35430861 -0.71398824 -0.60389262 -0.49720502 0.40310293 -0.76830679
0.45952719 -0.63701212 -0.61891067 -0.58317643 0.30917293 -0.75121063
0.28925967 -0.76657718 -0.57331342 -0.49453524 0.39313006 -0.77516693
0.34556293 -0.70759743 -0.61635399 -0.51197606 0.40828377 -0.75576776
-0.54804152 0.18619530 -0.81546414 -0.19441032 0.91985708 0.34068698
-0.52020591 0.20862132 -0.82816851 -0.24492259 0.89253229 0.37868080
0.23832995 -0.83748323 -0.49175268 -0.50015640 0.32819179 -0.80133253
-0.54533952 0.18385693 -0.81780285 -0.13652205 0.94313782 0.30307215
-0.59570742 0.16329992 -0.78642595 -0.07817238 0.96267837 0.25911295
-0.58060110 0.16964307 -0.79631883 -0.10830773 0.95326769 0.28204638
-0.64200521 0.16866010 -0.74791920 0.06676123 0.98409641 0.16461237
-0.61809629 0.16059053 -0.76952434 -0.01105010 0.97703940 0.21277210
-0.63525969 0.17296934 -0.75267977 0.08823303 0.98447025 0.15176745
-0.58519167 0.19051744 -0.78819662 0.14144848 0.98108894 0.13212454
-0.54322207 0.19071233 -0.81764215 0.11027650 0.98163009 0.15569688
0.38261563 -0.72044271 -0.57841814 -0.62685192 0.25748563 -0.73536241
0.36057904 -0.70687079 -0.60853630 -0.50932091 0.39735135 -0.76335061
0.25480616 -0.77458239 -0.57887489 -0.57775253 0.35809037 -0.73346663
0.42201254 -0.65747458 -0.62420571 -0.54445487 0.36673132 -0.75437188
0.29020864 -0.76221693 -0.57862282 -0.49925190 0.39524645 -0.77105629
0.30499256 -0.69559777 -0.65047932 -0.50233114 0.46278036 -0.73040938
-0.54657382 0.18604328 -0.81648338 -0.20703068 0.91472185 0.34701923
-0.56535733 0.17513229 -0.80603963 -0.17444070 0.92971158 0.32435605
0.21757883 -0.86158848 -0.45861182 -0.54556692 0.28225702 -0.78910565
0.29635870 -0.80706877 -0.51069707 -0.50018752 0.32436848 -0.80286843
-0.60897458 0.16259916 -0.77634495 0.04348693 0.98413533 0.17200749
-0.59728885 0.16068958 -0.78576392 -0.07822265 0.96338111 0.25647247
-0.58967680 0.16348706 -0.79091930 -0.13238513 0.94648600 0.29434431
-0.63588756 0.16287149 -0.75440037 0.06986120 0.98561317 0.15390293
-0.61492199 0.15818399 -0.77255988 -0.01669974 0.97684318 0.21330383
-0.67179340 0.16764137 -0.72151929 0.13793388 0.98532861 0.10050839
-0.63325930 0.17430361 -0.75405639 0.13799722 0.98412573 0.11159459
-0.58574867 0.19155611 -0.78753084 0.14321810 0.98084170 0.13205376
0.48343778 -0.62484747 -0.61306906 -0.59162074 0.28296623 -0.75492710
0.43319130 -0.63941634 -0.63521028 -0.52861458 0.39058262 -0.75366569
0.51294333 -0.55980664 -0.65077317 -0.57562578 0.33809331 -0.74454546
0.29323626 -0.74707860 -0.59656197 -0.50387055 0.40952694 -0.76052761
0.31467092 -0.67797852 -0.66432476 -0.51770037 0.46403363 -0.71879005
0.30152681 -0.69296086 -0.65489459 -0.50799632 0.46449474 -0.72538573
-0.66115028 0.11788953 -0.74093348 -0.29481894 0.86730880 0.40107018
-0.57150549 0.16957456 -0.80288601 -0.17300797 0.93152386 0.31989318
-0.45660996 0.25204325 -0.85321832 -0.21095791 0.90100658 0.37905669
0.31799033 -0.82283074 -0.47099012 -0.49934086 0.27694023 -0.82095242
-0.63023096 0.15549450 -0.76067764 -0.02473419 0.97522157 0.21984327
-0.63897431 0.14993648 -0.75447392 -0.06364290 0.96715224 0.24610205
-0.62184495 0.14858399 -0.76891595 -0.14003499 0.94491607 0.29584438
-0.67142648 0.15693450 -0.72426385 0.05093715 0.98478192 0.16616280
-0.64265376 0.15936725 -0.74939865 0.02990399 0.98259926 0.18331528
-0.67167479 0.14867932 -0.72577381 0.03034144 0.98435384 0.17357127
-0.67337376 0.17150339 -0.71913451 0.13058953 0.98501790 0.11263308
-0.72011435 0.15437657 -0.67646384 0.09246664 0.98759037 0.12694582
-0.63693786 0.17919353 -0.74979991 0.13624118 0.98346585 0.11930324
-0.58463770 0.18722048 -0.78939682 0.13940752 0.98171943 0.12958637
0.49253738 -0.61174721 -0.61900920 -0.59383476 0.28372392 -0.75290179
0.43215862 -0.62333119 -0.65168798 -0.55302453 0.38763398 -0.73749828
0.49678159 -0.56041491 -0.66267878 -0.54798698 0.38955501 -0.74024141
0.50023639 -0.58222526 -0.64091921 -0.57799596 0.32661235 -0.74782687
0.28631288 -0.76387250 -0.57838035 -0.46799397 0.41525114 -0.78009498
0.39732537 -0.60538274 -0.68966979 -0.51755857 0.47278017 -0.71317047
0.33225718 -0.66298926 -0.67085797 -0.51156861 0.47088325 -0.71872568
-0.55180788 0.17792289 -0.81477088 -0.24000758 0.90176511 0.35946637
-0.58695567 0.16019171 -0.79361308 -0.17426357 0.93225729 0.31706244
0.27550632 -0.84925377 -0.45040473 -0.55219436 0.24371298 -0.79729885
0.31961679 -0.82547861 -0.46522063 -0.48881125 0.27696100 -0.82725829
-0.64380610 0.15015624 -0.75031114 -0.03727060 0.97323966 0.22675000
-0.66218245 0.14060494 -0.73603314 -0.08148618 0.96290207 0.25725406
-0.63880110 0.14301008 -0.75596380 -0.12265298 0.95107698 0.28356448
-0.62563831 0.14504023 -0.76651162 -0.14539796 0.94366789 0.29723796
-0.67378592 0.15424871 -0.72264791 0.03982653 0.98412895 0.17292801
-0.71738881 0.15112904 -0.68008339 0.11304413 0.98850220 0.10042118
-0.68817669 0.14299209 -0.71131301 0.00147235 0.98066008 0.19571330
-0.67221600 0.14838605 -0.72533256 0.03748683 0.98527414 0.16682234
-0.68264490 0.17226051 -0.71015656 0.15019161 0.98414481 0.09434786
-0.73325074 0.15471907 -0.66212195 0.13098668 0.98767024 0.08573245
-0.64054203 0.18196937 -0.74605173 0.17620744 0.98042530 0.08784790
-0.60451132 0.18057477 -0.77586007 0.14310555 0.98274076 0.11722382
0.51398206 -0.58745730 -0.62507319 -0.61057752 0.26127663 -0.74761605
0.41933498 -0.61150217 -0.67098683 -0.52324116 0.44119674 -0.72908449
0.49055588 -0.55559796 -0.67131656 -0.55398571 0.39582241 -0.73241007
0.56550324 -0.49106765 -0.66261512 -0.59170872 0.31810328 -0.74073690
0.28000116 -0.69338238 -0.66394299 -0.45984310 0.51022965 -0.72678065
0.31491923 -0.79171216 -0.52346700 -0.45468274 0.35827908 -0.81541389
0.28706229 -0.63752306 -0.71495426 -0.30168563 0.64821637 -0.69914329
0.46069726 -0.54292095 -0.70213598 -0.48030886 0.51273882 -0.71161950
-0.55062830 0.17770419 -0.81561619 -0.27104184 0.88607657 0.37603822
-0.58201420 0.15837683 -0.79760659 -0.22987525 0.90879971 0.34819609
-0.62666607 0.14279099 -0.76609433 -0.13958798 0.94660234 0.29061872
-0.60711902 0.14813779 -0.78068036 -0.20048401 0.92212683 0.33089018
0.27865925 -0.85031068 -0.44645363 -0.55206156 0.23856594 -0.79894578
0.30295810 -0.83903056 -0.45193380 -0.46907628 0.28151336 -0.83708882
-0.65531015 0.14594479 -0.74112666 -0.03631398 0.97393554 0.22389930
-0.66317123 0.13537662 -0.73612303 -0.08682345 0.96295285 0.25531071
-0.73617166 0.14186785 -0.66175890 0.07906145 0.98911566 0.12409493
-0.73104453 0.12930883 -0.66996509 0.00733948 0.98331207 0.18177876
-0.71377772 0.14066409 -0.68610132 0.04385006 0.98667723 0.15666908
-0.71056539 0.17087111 -0.68256867 0.15950812 0.98392850 0.08026151
-0.65061426 0.17821470 -0.73820090 0.18450102 0.98004329 0.07398947
-0.76845533 0.15484291 -0.62088650 0.14460531 0.98720324 0.06722439
-0.71094489 0.16119874 -0.68452346 0.15247203 0.98555368 0.07373131
-0.60510635 0.18482754 -0.77439338 0.18409300 0.97880131 0.08976519
0.50560254 -0.53055322 -0.68035239 -0.51444423 0.44765878 -0.73140192
0.57850766 -0.45828706 -0.67476064 -0.55452061 0.38570648 -0.73738557
0.56419539 -0.48517981 -0.66804504 -0.59678370 0.31949571 -0.73605144
0.29392883 -0.64387518 -0.70642102 -0.46632072 0.54854536 -0.69400513
0.36623752 -0.59481919 -0.71558392 -0.46215397 0.55118769 -0.69469845
0.28302622 -0.65729153 -0.69847268 -0.50716138 0.51554370 -0.69065338
0.50557929 -0.49174634 -0.70892543 -0.47827515 0.52413374 -0.70465362
-0.54709285 0.17836201 -0.81784868 -0.27577907 0.88408190 0.37728661
-0.59098220 0.15164484 -0.79230297 -0.24868163 0.90008879 0.35776752
-0.60641021 0.14698724 -0.78144836 -0.19955841 0.92317969 0.32850528
-0.59321541 0.15190355 -0.79058260 -0.24278335 0.90255797 0.35559168
-0.63176006 0.13965742 -0.76247960 -0.14966922 0.94315058 0.29675946
0.28591958 -0.85185194 -0.43886021 -0.49938825 0.25841072 -0.82694334
-0.67281967 0.13283373 -0.72778356 -0.08573787 0.96311927 0.25504956
-0.77158844 0.13740714 -0.62110436 0.08431561 0.98986816 0.11424490
-0.73755538 0.14090438 -0.66042262 0.08444456 0.98955661 0.11681963
-0.56587130 0.13860554 -0.81275970 0.07568461 0.99033862 0.11619505
-0.72727174 0.13494718 -0.67295259 0.02852156 0.98557580 0.16681376
-0.70728797 0.17612042 -0.68463528 0.20521899 0.97791636 0.03955702
-0.64962989 0.17834951 -0.73903489 0.19993868 0.97795391 0.06025622
-0.77176374 0.14480834 -0.61920220 0.13674793 0.98873895 0.06078880
-0.73545635 0.15428881 -0.65977192 0.19313002 0.98107129 0.01414070
-0.72136331 0.16843474 -0.67176241 0.19401534 0.98028344 0.03745108
0.49867642 -0.52265006 -0.69149029 -0.52292866 0.45482588 -0.72088772
0.53757221 -0.48032686 -0.69303840 -0.50144207 0.47867435 -0.72071266
0.37637091 -0.57928020 -0.72303492 -0.43748322 0.57680839 -0.68985552
0.34732836 -0.59943211 -0.72114092 -0.51148152 0.52345300 -0.68145704
0.39354295 -0.56667209 -0.72388315 -0.47275075 0.55057865 -0.68801892
0.48200798 -0.49413016 -0.72353560 -0.45244014 0.56680304 -0.68850005
0.28704977 -0.86331254 -0.41508302 -0.52394617 0.22125505 -0.82251239
0.27981317 -0.88151461 -0.38031128 -0.54620558 0.17960416 -0.81816983
-0.58289623 0.15463942 -0.79769588 -0.24742633 0.90132111 0.35552850
-0.63672543 0.13505247 -0.75917166 -0.20304003 0.92043334 0.33403188
-0.67512369 0.12184740 -0.72757214 -0.16645871 0.93566722 0.31115654
-0.72498065 0.11618852 -0.67889863 -0.05090383 0.97393525 0.22104089
-0.73318434 0.11336397 -0.67051429 -0.09841771 0.95793700 0.26957494
-0.78927994 0.11671408 -0.60283911 0.04854226 0.99055654 0.12822403
-0.79268140 0.14256480 -0.59273225 0.12006930 0.98973745 0.07748022
-0.74286467 0.13486157 -0.65571684 0.05241617 0.98820853 0.14386277
-0.75348932 0.11914010 -0.64657527 0.01657388 0.98657352 0.16247486
-0.74313253 0.12076085 -0.65815717 -0.01324172 0.98073381 0.19489965
-0.69420689 0.18546963 -0.69546956 0.21966112 0.97472775 0.04068062
-0.79346400 0.14658906 -0.59070009 0.15670684 0.98704422 0.03444833
-0.77616614 0.15899235 -0.61015373 0.19806841 0.98018211 0.00345400
-0.75718403 0.16989741 -0.63071966 0.19885066 0.97970623 0.02518231
0.70372093 -0.21967191 -0.67566353 -0.57739365 0.37732434 -0.72404623
0.29079473 -0.64031637 -0.71093839 -0.41224542 0.58668858 -0.69702959
0.46843669 -0.49988395 -0.72848004 -0.46911949 0.55797130 -0.68453997
0.32115972 -0.61360180 -0.72135246 -0.39451811 0.60577524 -0.69093555
0.46761212 -0.50074244 -0.72842026 -0.46944252 0.55756426 -0.68465018
0.44261250 -0.52005410 -0.73050535 -0.42687297 0.59422177 -0.68167442
0.30124447 -0.86929053 -0.39190027 -0.51405644 0.19810420 -0.83456624
0.28728077 -0.88176709 -0.37410772 -0.54621255 0.17003308 -0.82020766
-0.61551374 0.13825773 -0.77590442 -0.24244148 0.90353906 0.35332611
-0.63842773 0.13519484 -0.75771523 -0.20195745 0.92053455 0.33440897
-0.71281958 0.10914580 -0.69280255 -0.13136224 0.94955754 0.28475326
-0.67486048 0.11853024 -0.72836393 -0.16796526 0.93643618 0.30801788
-0.72981429 0.11311854 -0.67422199 -0.05643503 0.97288132 0.22431484
-0.73559523 0.11536054 -0.66752648 -0.00299837 0.98482931 0.17350028
-0.71424502 0.11115529 -0.69101280 -0.08942252 0.96472353 0.24761300
-0.78295386 0.11412816 -0.61152118 0.03573685 0.98965526 0.13894403
-0.79822254 0.13730386 -0.58650529 0.11613224 0.99048644 0.07382410
-0.76681262 0.11975298 -0.63060099 0.03135858 0.98825812 0.14954102
-0.69336128 0.18510920 -0.69640845 0.22229180 0.97425324 0.03764272
-0.82263541 0.14088596 -0.55083764 0.14167561 0.98904777 0.04138352
-0.79687577 0.14903684 -0.58547169 0.18130970 0.98341966 0.00356025
-0.77617967 0.16576703 -0.60833091 0.23185787 0.97225893 -0.03089579
-0.72433496 0.16380052 -0.66970760 0.25215143 0.96701032 -0.03620279
0.59807020 -0.39142954 -0.69935322 -0.52265304 0.47103956 -0.71060234
0.59074903 -0.41176441 -0.69387722 -0.54439008 0.43132862 -0.71944088
0.41415340 -0.54564786 -0.72852278 -0.44968072 0.57323301 -0.68497533
0.41706946 -0.54309279 -0.72876835 -0.42393017 0.59302509 -0.68454689
0.43137407 -0.53063309 -0.72961974 -0.43203637 0.58846796 -0.68341064
0.56530392 -0.41554478 -0.71256870 -0.44275358 0.57600689 -0.68715751
0.25964484 -0.90272689 -0.34302875 -0.43521622 0.20770933 -0.87603861
-0.54417539 0.15516184 -0.82449865 -0.22685404 0.91892833 0.32265785
-0.66422236 0.12222784 -0.73747480 -0.20132497 0.92084104 0.33394626
-0.59144497 0.13819428 -0.79441506 -0.21621905 0.92194390 0.32135469
-0.66376913 0.12314204 -0.73773074 -0.20644160 0.91787291 0.33895609
-0.71328479 0.11078037 -0.69206405 -0.12946157 0.94961298 0.28543812
-0.72543824 0.10134972 -0.68078464 -0.14371772 0.94499248 0.29382724
-0.68745720 0.11502034 -0.71705860 -0.18514532 0.92699337 0.32619727
-0.75997943 0.10921170 -0.64070600 -0.01947452 0.98151267 0.19040385
-0.75173271 0.09837212 -0.65208966 -0.08967351 0.96437949 0.24885929
-0.79358196 0.09963357 -0.60025066 0.00759825 0.98804837 0.15395725
-0.86432946 0.12128317 -0.48808298 0.07237692 0.99038094 0.11792881
-0.83295178 0.14003889 -0.53533208 0.12796120 0.98997062 0.05986731
-0.63142496 0.16817464 -0.75698078 0.27627668 0.96092838 -0.01696766
-0.71065581 0.18418869 -0.67900139 0.24517739 0.96945733 0.00637166
-0.82252675 0.14261700 -0.55055445 0.16505034 0.98624510 0.00889464
-0.78785145 0.13719624 -0.60038930 0.17080656 0.98530406 0.00101567
-0.78627110 0.16509174 -0.59541798 0.23426126 0.97134942 -0.04002416
-0.73463696 0.17437707 -0.65566850 0.25028703 0.96789807 -0.02301603
0.55001795 -0.42872524 -0.71671122 -0.46605232 0.55456251 -0.68938798
0.64544153 -0.33680245 -0.68554318 -0.52729023 0.45287177 -0.71893829
0.52176178 -0.40989551 -0.74816465 -0.45045170 0.61240447 -0.64965689
0.55817866 -0.41953740 -0.71583873 -0.44604644 0.57574946 -0.68524104
0.26515549 -0.90367931 -0.33623838 -0.43767747 0.19791856 -0.87707853
0.29415998 -0.89308017 -0.34040821 -0.41687760 0.20060892 -0.88654906
-0.52509803 0.16601190 -0.83469290 -0.24417737 0.91016418 0.33463216
-0.58180344 0.14005701 -0.80117965 -0.22682691 0.91803724 0.32520327
-0.66598678 0.12188680 -0.73593837 -0.20135829 0.92056584 0.33468398
-0.67055649 0.11994327 -0.73209810 -0.19901985 0.92158407 0.33327755
-0.80428189 0.06745031 -0.59040761 -0.12128072 0.95399386 0.27420214
-0.72291040 0.09899963 -0.68381262 -0.17413105 0.93163276 0.31896523
-0.76970571 0.10205086 -0.63018954 -0.02407557 0.98179823 0.18839481
-0.76956534 0.09414935 -0.63158941 -0.08239355 0.96616352 0.24441652
-0.81748307 0.08569023 -0.56954253 -0.01192908 0.98613912 0.16549125
-0.78490728 0.09890330 -0.61166877 -0.01535966 0.98376924 0.17877968
-0.72366709 0.18340404 -0.66533369 0.25275159 0.96749634 -0.00821432
-0.87075168 0.14805646 -0.46890384 0.18301696 0.98266453 -0.02958494
-0.82091528 0.13902698 -0.55386794 0.19104204 0.98088658 -0.03693951
-0.81585884 0.14169212 -0.56062263 0.21038459 0.97580385 -0.05954168
-0.77498466 0.17712218 -0.60665196 0.30604523 0.94504011 -0.11504587
-0.74362898 0.18687865 -0.64194417 0.25503212 0.96683162 -0.01397172
0.59904122 -0.38152233 -0.70398188 -0.47384772 0.53980380 -0.69575870
0.65095705 -0.32495263 -0.68604720 -0.53365225 0.44684991 -0.71801144
0.65409672 -0.33100581 -0.68014163 -0.51619589 0.46191725 -0.72123116
0.52353257 -0.41179025 -0.74588370 -0.45448965 0.60551029 -0.65329665
0.33127260 -0.87159169 -0.36136740 -0.43615255 0.19816244 -0.87778282
0.19670193 -0.94068462 -0.27644321 -0.28171134 0.21583825 -0.93490779
-0.46148154 0.14850470 -0.87463206 0.04039058 0.98838460 0.14650762
-0.51612425 0.15091592 -0.84311342 0.00278254 0.98464501 0.17454650
-0.67555010 0.11850839 -0.72772789 -0.19684052 0.92218745 0.33290270
-0.66761792 0.12152169 -0.73451948 -0.20531568 0.91827935 0.33853877
-0.63217485 0.13286859 -0.76334852 -0.08470134 0.96743238 0.23853774
-0.73743278 0.10333441 -0.66746908 -0.08106595 0.96754235 0.23935357
-0.76402348 0.08498874 -0.63956636 -0.11841416 0.95597607 0.26849195
-0.70836002 0.10754017 -0.69761115 -0.17060155 0.93293953 0.31704739
-0.83807111 0.07896306 -0.53981644 -0.01384093 0.98607421 0.16572879
0.52875483 -0.34492609 -0.77552843 -0.44498497 0.66541517 -0.59934223
0.61367208 -0.37144130 -0.69673377 -0.45333359 0.55672812 -0.69609082
0.66196716 -0.32901978 -0.67345786 -0.49083915 0.48875409 -0.72124642
-0.34628671 0.15637568 -0.92500389 0.07836816 0.98738509 0.13758337
0.34460169 -0.89248663 -0.29106256 -0.25474024 0.20951644 -0.94403934
-0.09756339 0.20718269 -0.97342527 0.08608226 0.97618258 0.19914180
-0.54849827 0.14849281 -0.82286054 0.04777621 0.98806244 0.14645861
-0.50329489 0.15096326 -0.85082573 0.06926440 0.98850095 0.13441874
-0.60827518 0.13652645 -0.78189635 -0.09515338 0.96544844 0.24260083
-0.51934958 0.15060173 -0.84118682 0.03259162 0.98712307 0.15660734
-0.69925189 0.11431108 -0.70567685 -0.15041493 0.94150829 0.30155835
-0.62830484 0.13384971 -0.76636630 -0.01306502 0.98313379 0.18242060
-0.79669982 0.08001725 -0.59905481 -0.07742888 0.96951532 0.23247540
-0.79640055 0.07109860 -0.60057575 -0.10279022 0.96270281 0.25027481
-0.77141631 0.07917714 -0.63138574 -0.13414274 0.94969678 0.28298736
-0.75978327 0.08143647 -0.64505631 -0.15518016 0.94073886 0.30154535
-0.82917786 0.07394660 -0.55407220 -0.00580091 0.99001980 0.14080942
0.55026871 -0.32033435 -0.77109677 -0.45518392 0.65911669 -0.59864241
0.64557397 -0.29729426 -0.70345604 -0.49945164 0.53247303 -0.68338901
0.66270506 -0.32712770 -0.67365390 -0.49206617 0.48789540 -0.72099173
0.68107378 -0.31370556 -0.66160977 -0.57299036 0.33421814 -0.74831843
-0.36341286 0.15505862 -0.91863370 0.07354762 0.98774946 0.13762932
-0.31872010 0.15548663 -0.93500882 0.07433189 0.98751557 0.13888040
-0.19233893 0.17493688 -0.96561009 0.09882991 0.98243278 0.15829876
-0.54418343 0.14944896 -0.82554799 0.05669232 0.98830742 0.14154296
-0.49783596 0.15110050 -0.85400707 0.06683248 0.98846167 0.13593030
-0.60482448 0.13899061 -0.78413588 0.06251487 0.98989946 0.12724352
-0.58874583 0.14227501 -0.79569858 0.03678923 0.98808408 0.14945379
-0.75774109 0.08893806 -0.64646626 -0.11487643 0.95701689 0.26631215
-0.69323015 0.12025256 -0.71061325 -0.01984889 0.98242253 0.18561246
-0.81057483 0.07844558 -0.58035749 -0.06449427 0.97300333 0.22159660
-0.79771292 0.06858260 -0.59912479 -0.10486599 0.96259832 0.24981515
-0.78330439 0.07339765 -0.61729014 -0.13328439 0.95008224 0.28209752
-0.75124496 0.08617353 -0.65437382 -0.16074546 0.93769979 0.30802599
-0.77176732 0.07488938 -0.63147992 -0.15717097 0.93976706 0.30353773
-0.87393248 0.05539932 -0.48287997 -0.03507261 0.98370552 0.17633308
0.48032594 -0.31319547 -0.81926531 -0.21201535 0.86491156 -0.45494774
0.56487733 -0.31273079 -0.76361847 -0.43074071 0.67756742 -0.59612483
0.71979940 -0.24768502 -0.64849132 -0.44588506 0.55102903 -0.70537478
0.63693535 -0.39374435 -0.66278112 -0.50805843 0.43222526 -0.74502218
0.68978685 -0.30535284 -0.65647078 -0.52070642 0.42076373 -0.74284774
-0.46127126 0.15469387 -0.87366968 0.05956935 0.98786139 0.14346209
-0.37345839 0.15512548 -0.91458458 0.04956317 0.98784733 0.14731334
-0.32628658 0.15875559 -0.93184423 0.06732719 0.98719543 0.14461088
-0.25440180 0.15467981 -0.95464855 0.07219364 0.98740965 0.14074934
-0.19861840 0.16612220 -0.96589559 0.08833161 0.98455375 0.15116742
-0.18168403 0.17226663 -0.96815038 0.08885503 0.98338449 0.15830266
-0.54098094 0.15015957 -0.82752144 0.06031552 0.98832572 0.13990818
-0.41711468 0.15174125 -0.89609712 0.05634350 0.98838472 0.14114210
-0.61017507 0.13813280 -0.78013194 0.03164976 0.98814738 0.15021005
-0.61002457 0.14092472 -0.77975017 0.03330758 0.98774844 0.15245874
-0.75401145 0.09135199 -0.65047801 -0.15684599 0.93659735 0.31334448
-0.76231527 0.08596267 -0.64147168 -0.10580813 0.96125209 0.25455678
-0.79747409 0.06821475 -0.59948468 -0.11796287 0.95678550 0.26579368
-0.81374741 0.06083881 -0.57802582 -0.10673879 0.96194959 0.25151521
-0.78371948 0.07155431 -0.61697960 -0.14442205 0.94512236 0.29306310
-0.78557032 0.07038359 -0.61475635 -0.14478450 0.94502151 0.29320952
-0.90796685 0.03844948 -0.41727450 -0.03448676 0.98554718 0.16585393
0.44717705 -0.33086857 -0.83099860 -0.06624282 0.91426349 -0.39966771
0.46119064 -0.29589111 -0.83651167 -0.33425158 0.81537390 -0.47269583
0.59484053 -0.28164819 -0.75288719 -0.45171469 0.65762079 -0.60290027
0.68902814 -0.27605844 -0.67009848 -0.44785413 0.56475472 -0.69316578
0.72009140 -0.25123301 -0.64680010 -0.44874817 0.54235798 -0.71026266
0.74654686 -0.18886194 -0.63796473 -0.53588027 0.39762524 -0.74479973
-0.44059715 0.15398568 -0.88439965 0.06421463 0.98806089 0.14004354
-0.42432573 0.15414110 -0.89229381 0.04819795 0.98785287 0.14772835
-0.38425669 0.15401594 -0.91028893 0.05073992 0.98801965 0.14574890
-0.27418169 0.15548348 -0.94902545 0.06774356 0.98751456 0.14221765
-0.26490223 0.15673007 -0.95145285 0.07515518 0.98705685 0.14167042
-0.16358255 0.17322206 -0.97120279 0.08618636 0.98320913 0.16084689
-0.56088150 0.14868107 -0.81443596 0.05264907 0.98815620 0.14413682
-0.45577577 0.15512234 -0.87647337 0.06540696 0.98787153 0.14082575
-0.68702346 0.12584198 -0.71565545 0.01146975 0.98664480 0.16248229
-0.60666859 0.14210173 -0.78215116 0.05296739 0.98893291 0.13858631
-0.72377878 0.10548921 -0.68192106 0.01208092 0.99003118 0.14032960
-0.82306796 0.05997125 -0.56476778 -0.12215208 0.95244443 0.27915680
-0.83465242 0.05292436 -0.54822850 -0.09995580 0.96428865 0.24526766
-0.81707895 0.05708976 -0.57369226 -0.13229185 0.94996744 0.28295013
0.34805310 -0.32303539 -0.88006091 -0.03154121 0.93419033 -0.35537821
0.66509652 -0.22126581 -0.71322376 -0.41867054 0.68038046 -0.60149598
0.69828379 -0.29112607 -0.65394604 -0.43378493 0.55460876 -0.71009845
0.74405503 -0.20752555 -0.63507110 -0.51843470 0.42024428 -0.74472833
-0.48798484 0.15009190 -0.85985070 0.02372024 0.98702121 0.15882850
-0.32187107 0.15127254 -0.93462062 0.00169392 0.98724389 0.15920651
-0.24012215 0.15841790 -0.95772916 0.05233291 0.98727208 0.15018366
-0.20552899 0.15925559 -0.96560627 0.07211378 0.98645288 0.14734441
-0.18122889 0.16408467 -0.96965581 0.07381771 0.98547089 0.15296437
-0.09513439 0.18394218 -0.97832239 0.09947848 0.97961706 0.17451207
-0.48703808 0.14692232 -0.86093420 0.05475825 0.98894650 0.13779098
-0.52615911 0.15135847 -0.83680779 0.04544207 0.98763108 0.15006621
-0.69947302 0.11786340 -0.70487291 -0.05741037 0.97385186 0.21981056
-0.71014684 0.11839503 -0.69402742 0.01796877 0.98848617 0.15024099
-0.61561245 0.14228743 -0.77509719 0.05079324 0.98868376 0.14115435
-0.79871035 0.08226412 -0.59606576 -0.01706905 0.98711407 0.15910542
-0.79112577 0.10990520 -0.60169834 0.08432227 0.99392861 0.07068063
-0.78981519 0.08051381 -0.60803747 -0.07046435 0.97287148 0.22035386
-0.82251644 0.05557006 -0.56602007 -0.13093507 0.94998091 0.28353542
-0.83116841 0.05239364 -0.55354673 -0.11189784 0.95942008 0.25882813
0.26536176 -0.33585280 -0.90376216 0.05689135 0.94118893 -0.33305681
0.30906776 -0.33205864 -0.89118695 0.13275047 0.94295478 -0.30530897
0.57925916 -0.30690181 -0.75516236 -0.27495441 0.79855931 -0.53544670
0.76313776 -0.20975597 -0.61124724 -0.36932999 0.63460362 -0.67887676
0.75809807 -0.17153257 -0.62917721 -0.51812118 0.42746586 -0.74082619
-0.45210487 0.15410614 -0.87855142 0.17222674 0.98150873 0.08353749
-0.40201703 0.16204005 -0.90118003 -0.24028248 0.93105227 0.27460152
-0.32524940 0.15184374 -0.93335760 0.00348545 0.98720956 0.15939011
-0.23440047 0.15947996 -0.95896959 0.03253066 0.98718625 0.15622105
-0.14353736 0.16756704 -0.97535545 0.06223455 0.98513877 0.16008912
-0.06843694 -0.95197552 -0.29842755 0.01844446 0.29787043 -0.95442808
-0.13363865 -0.94444156 -0.30028448 -0.03495343 0.30730572 -0.95096874
-0.76033300 0.12230431 -0.63791496 0.01340104 0.98485714 0.17284909
-0.71777719 0.11480840 -0.68674225 -0.00763497 0.98495489 0.17264308
-0.71039772 0.12096345 -0.69332749 0.03391666 0.98985875 0.13794695
-0.65118581 0.13697800 -0.74645436 0.04239554 0.98860651 0.14442945
-0.61048377 0.14106938 -0.77936453 0.02591124 0.98704082 0.15836346
-0.79967892 0.08253694 -0.59472793 -0.01757441 0.98686486 0.16058889
-0.84194893 0.06544271 -0.53557378 -0.08055842 0.96624422 0.24470901
-0.84141845 0.04666854 -0.53836519 -0.12152187 0.95440465 0.27266142
0.33942717 -0.30296567 -0.89050603 -0.16776210 0.91203326 -0.37423414
0.65982974 -0.23518258 -0.71366239 -0.36875203 0.72618073 -0.58024436
0.77488607 -0.19857010 -0.60010129 -0.33531260 0.67565703 -0.65654635
0.69254768 -0.28019941 -0.66473013 -0.28495604 0.74027723 -0.60892504
0.78072119 -0.21334657 -0.58733112 -0.43403587 0.49103028 -0.75531602
-0.55476069 0.14475100 -0.81932151 -0.01975907 0.98217982 0.18690228
-0.41817647 0.15333372 -0.89533085 -0.16838159 0.95548314 0.24228027
-0.30992138 0.15240055 -0.93846834 -0.03031986 0.98498321 0.16996711
-0.17488033 0.16293745 -0.97101402 0.00707738 0.98639441 0.16424365
-0.08110636 -0.94928473 -0.30377683 -0.04115816 0.30771092 -0.95058936
-0.13728859 -0.94052756 -0.31074089 0.04366285 0.30766025 -0.95049399
-0.22610788 -0.92778349 -0.29680467 0.08832645 0.28391305 -0.95477325
-0.61194724 0.14152040 -0.77813405 0.02697689 0.98702317 0.15829594
-0.70544457 0.12054370 -0.69843912 0.03520926 0.99017453 0.13533193
-0.65051210 0.13691576 -0.74705303 0.03780283 0.98823458 0.14820059
-0.84534109 0.06910700 -0.52973837 -0.02218215 0.98620218 0.16405259
-0.80266619 0.08316320 -0.59060222 0.00751226 0.99156237 0.12941311
-0.87902981 0.05129009 -0.47400004 -0.04920023 0.97912997 0.19719014
-0.85266232 0.04116834 -0.52083790 -0.11763041 0.95616865 0.26815036
0.29385352 -0.30592537 -0.90557152 -0.29031974 0.87407655 -0.38949287
0.65997756 -0.24041525 -0.71177965 -0.36443594 0.72603709 -0.58314371
0.75447208 -0.22115809 -0.61794907 -0.33980721 0.67388415 -0.65605736
0.70418900 -0.20279364 -0.68043566 -0.20663254 0.85832691 -0.46965733
0.75334370 -0.22496524 -0.61795139 -0.26189065 0.75931329 -0.59569848
-0.26897407 0.15594266 -0.95043927 -0.04923566 0.98328924 0.17526619
-0.20036900 0.17087954 -0.96470332 0.08233599 0.98412555 0.15721864
-0.07818245 -0.94945401 -0.30401412 0.00376564 0.30466413 -0.95245242
-0.03470260 -0.94600141 -0.32229975 -0.01011239 0.32280982 -0.94640982
-0.11031673 -0.94611835 -0.30445078 0.05687685 0.29980892 -0.95230234
-0.08410114 -0.01761175 -0.99630159 -0.06194892 0.99800217 -0.01241250
-0.60019171 0.14627008 -0.78636831 0.09979919 0.98914891 0.10781745
-0.78620982 0.10186710 -0.60950571 0.01392443 0.98898953 0.14732917
-0.70863736 0.11926524 -0.69542003 0.02804562 0.98959267 0.14113751
-0.84832698 0.06810083 -0.52507490 -0.02479704 0.98549569 0.16787905
-0.84849429 0.06947106 -0.52462494 -0.00037007 0.99126798 0.13186264
-0.74972022 0.10083682 -0.65402722 0.00017963 0.98835325 0.15217672
-0.87743622 0.05760336 -0.47622228 -0.03045192 0.98407251 0.17513983
-0.85238969 0.05788039 -0.51969397 -0.09030595 0.96262759 0.25532937
0.33710665 -0.28958383 -0.89582384 -0.43898958 0.79339939 -0.42166993
0.10969965 -0.01643772 -0.99382889 0.09370872 0.99558085 -0.00612305
0.58358943 -0.27518207 -0.76400143 -0.18573232 0.87065989 -0.45547220
0.60561156 -0.28287309 -0.74378598 -0.35657582 0.73913056 -0.57143664
0.81907398 -0.21918015 -0.53016782 -0.14513853 0.81490690 -0.56112534
0.67415011 -0.27676684 -0.68477863 -0.15758522 0.85189122 -0.49944803
-0.17610724 0.16541320 -0.97037351 -0.01954968 0.98499811 0.17145410
-0.20375781 0.16063352 -0.96575344 -0.13451712 0.97249848 0.19013625
-0.13348477 0.17365995 -0.97571719 0.02075800 0.98480183 0.17243700
-0.07808219 -0.94959819 -0.30358937 0.06780718 0.29875544 -0.95191777
0.10713620 0.31327319 -0.94360042 0.03972520 0.94695628 0.31889769
-0.16176252 -0.93162644 -0.32543069 0.01967691 0.32666332 -0.94493592
-0.11389973 -0.93883610 -0.32498249 0.08080450 0.31727332 -0.94488537
0.24414311 0.27411219 -0.93019176 0.10860620 0.94545490 0.30711532
-0.06988146 -0.95026606 -0.30349791 0.01100155 0.30348903 -0.95277143
-0.74755967 0.10141885 -0.65640599 -0.03884987 0.97990477 0.19564630
-0.53776312 0.41180989 -0.73567897 0.48590326 0.86448115 0.12872599
-0.75795376 0.10580378 -0.64367044 0.02256022 0.99041963 0.13623516
-0.73049533 0.11147475 -0.67375809 0.01574620 0.98907465 0.14657240
-0.80230927 0.09387562 -0.58948058 0.01689181 0.99073094 0.13478480
0.74877167 -0.31897858 -0.58102816 -0.34725910 0.55787551 -0.75378114
0.72710407 -0.24426554 -0.64160275 -0.17926994 0.83458376 -0.52089560
-0.19504179 0.16459210 -0.96688581 -0.06448857 0.98153311 0.18009427
-0.06559765 0.18652745 -0.98025739 0.00694395 0.98243481 0.18647709
-0.06935961 -0.94363827 -0.32362968 0.05807434 0.32004145 -0.94562197
-0.04709117 -0.94166321 -0.33324593 -0.01822494 0.33437046 -0.94226551
-0.21027100 -0.92169374 -0.32598585 0.04573451 0.32380190 -0.94501889
-0.07090352 -0.95064235 -0.30207926 0.06911514 0.29743144 -0.95223826
-0.62746924 0.11908674 -0.76948082 -0.02045572 0.98537302 0.16917926
-0.69380826 0.12039820 -0.71002418 0.08924130 0.99270046 0.08112822
-0.53372979 0.42981184 -0.72828174 0.49615234 0.85656011 0.14190720
-0.62886071 0.39829856 -0.66775185 0.42656428 0.89477438 0.13199186
-0.78159106 0.10045502 -0.61564952 0.01914230 0.99034566 0.13729198
-0.72069001 0.10534006 -0.68520755 0.03046221 0.99224550 0.12050276
-0.73104948 0.10027598 -0.67491585 0.03357117 0.99323016 0.11120637
0.69899929 -0.39157531 -0.59838849 -0.42733651 0.44221205 -0.78856331
0.63877016 -0.45996457 -0.61677009 -0.35709843 0.53281873 -0.76719284
0.13202554 -0.96880263 -0.20973988 -0.08599025 0.19960058 -0.97609699
-0.04702529 -0.94261861 -0.33054316 -0.01837559 0.33166963 -0.94321662
-0.72809929 0.10415611 -0.67751229 0.06059729 0.99429905 0.08773491
-0.65136880 0.37035042 -0.66223812 0.40467817 0.90785843 0.10967505
-0.53100359 0.42828715 -0.73116708 0.49538180 0.85695696 0.14220302
-0.53001064 0.42788613 -0.73212165 0.49583763 0.85676390 0.14177728
-0.76358360 0.03287138 -0.64487183 -0.15574741 0.95984012 0.23334470
-0.77684104 0.09514865 -0.62246668 0.01235389 0.99063081 0.13600756
-0.74798226 0.09996363 -0.65614778 0.01525603 0.99092132 0.13357486
-0.76299572 0.09593822 -0.63924438 0.02803641 0.99290574 0.11555195
-0.81428128 0.08804039 -0.57375515 0.04781285 0.99524510 0.08485966
0.58201748 -0.57037973 -0.57958841 -0.41074458 0.40893209 -0.81490088
-0.75664622 0.09742838 -0.64652479 0.03100555 0.99306959 0.11336444
-0.76976269 0.25254437 -0.58624810 0.24140573 0.96537250 0.09889037
-0.65538239 0.09164131 -0.74971718 -0.05971862 0.98321736 0.17238747
-0.43862095 0.38878405 -0.81022137 0.50791574 0.85101563 0.13339417
-0.75870609 0.04034838 -0.65018237 -0.13692419 0.96590626 0.21971986
-0.67858601 0.07536888 -0.73064399 -0.26128578 0.90488976 0.33601233
-0.77064294 0.09472291 -0.63018811 0.08369683 0.99536985 0.04726201
-0.81788641 0.07145181 -0.57092595 0.02708759 0.99594080 0.08583810
0.71778011 -0.40751857 -0.56455332 -0.41920897 0.39445513 -0.81772190
0.65272331 -0.50170165 -0.56766880 -0.44340527 0.35457051 -0.82320815
-0.73536408 0.09515785 -0.67095804 0.09622721 0.99472219 0.03561117
-0.79477018 0.04799165 -0.60501009 -0.04488515 0.98949081 0.13745338
-0.55610257 0.17509952 -0.81245935 0.25219789 0.96701372 0.03578731
-0.43821928 0.38843209 -0.81060743 0.50807410 0.85096657 0.13310374
-0.73346502 0.01267861 -0.67960900 -0.30955443 0.88389665 0.35057497
0.61102253 -0.58740562 -0.53066581 -0.61106324 0.07617009 -0.78790855
-0.81615627 0.04256308 -0.57626158 -0.04739190 0.98899281 0.14016862
0.64560413 -0.51179278 -0.56680113 -0.42488798 0.37599644 -0.82346642
0.71169806 -0.42919570 -0.55612683 -0.33927178 0.48320544 -0.80709791
0.78911966 -0.31417826 -0.52780896 -0.37530693 0.43361101 -0.81922299
-0.83788204 0.04012218 -0.54437476 -0.14285928 0.94641495 0.28963768
-0.52245212 0.16485007 -0.83658135 0.12271700 0.98545575 0.11754828
-0.70000750 -0.71409178 -0.00790758 -0.34749621 0.35027429 -0.86980134
-0.69943392 0.03934045 -0.71361369 -0.16564393 0.96237314 0.21540673
-0.67906290 0.03515591 -0.73323786 -0.36923927 0.84693915 0.38256565
0.41212031 -0.83181822 -0.37180021 -0.61227041 0.04936258 -0.78910607
-0.75776726 0.05138079 -0.65049887 -0.06067194 0.98702854 0.14863902
0.55995101 -0.61145717 -0.55908406 -0.30476084 0.47547787 -0.82525247
0.83081251 -0.27505884 -0.48383188 -0.26765290 0.56474370 -0.78065777
0.75537241 -0.37251544 -0.53911489 -0.28218439 0.55760646 -0.78067094
0.10699574 -0.98076922 -0.16322887 -0.97965813 -0.07596169 -0.18574125
-0.72839004 0.07182083 -0.68138814 -0.00376431 0.99405640 0.10880118
-0.43394798 0.15062478 -0.88825744 0.26447508 0.96378499 0.03422600
-0.61446440 0.06850257 -0.78596503 -0.17231458 0.96051842 0.21843107
-0.66500306 0.05152640 -0.74506110 -0.12696911 0.97529447 0.18077481
-0.67246568 0.04616233 -0.73868734 -0.31902093 0.88250011 0.34557095
-0.69996220 0.01436561 -0.71403539 -0.37072569 0.84723628 0.38046443
-0.54191232 0.11305654 -0.83279616 -0.28804168 0.90591085 0.31041515
0.49301755 -0.77526659 -0.39483592 -0.51743644 0.10355322 -0.84943289
-0.75163233 0.03691264 -0.65854859 -0.06156195 0.99014843 0.12576285
-0.71958089 0.06063364 -0.69175643 -0.05756944 0.98754227 0.14644481
0.53369009 -0.63567692 -0.55775416 -0.31245369 0.46464896 -0.82853729
0.59799320 -0.61469144 -0.51435262 -0.37785801 0.34973803 -0.85726696
-0.73991710 0.06436248 -0.66961199 -0.07754418 0.98061609 0.17994174
-0.80813360 0.04577850 -0.58721757 -0.08730587 0.97665155 0.19628918
-0.59973699 0.07456557 -0.79671550 -0.19083993 0.95359087 0.23290479
-0.59600025 0.07570411 -0.79940766 -0.15425520 0.96620953 0.20650564
-0.67089492 0.05017110 -0.73985332 -0.10333857 0.98164821 0.16027457
-0.54645175 0.10980073 -0.83026159 -0.27569568 0.91252762 0.30213445
0.41930848 -0.83464164 -0.35714668 -0.53139484 0.09331895 -0.84196860
0.49477351 -0.77339005 -0.39631677 -0.38920444 0.21054764 -0.89676625
-0.76430410 0.03325810 -0.64399785 -0.05995637 0.99067825 0.12231869
-0.72768337 0.04172064 -0.68464321 -0.06757023 0.98893315 0.13208143
-0.71781915 0.04990252 -0.69443887 -0.06440566 0.98839170 0.13760008
0.50903255 -0.66166979 -0.55052614 -0.37882450 0.40210038 -0.83355105
0.63286024 -0.57451797 -0.51905400 -0.29300484 0.44281840 -0.84738427
0.64297271 -0.56886762 -0.51281166 -0.37956500 0.34487700 -0.85848141
-0.60691941 0.07186323 -0.79150778 -0.15919089 0.96472925 0.20965631
-0.64680445 0.05670137 -0.76054513 -0.11964308 0.97734094 0.17461456
-0.64246839 0.05737283 -0.76416147 -0.08556843 0.98558605 0.14593890
-0.58047235 0.08710234 -0.80960792 -0.27053529 0.91715425 0.29264107
-0.54172909 0.10883158 -0.83347785 -0.25091767 0.92543316 0.28392571
0.54028088 -0.73336071 -0.41264847 -0.54184687 0.07199392 -0.83738816
0.46014735 -0.80485690 -0.37479302 -0.50080818 0.11327440 -0.85811430
0.43899155 -0.82370305 -0.35888687 -0.44596654 0.14699975 -0.88289577
-0.88148016 0.00694976 -0.47216994 -0.05898840 0.99043924 0.12470175
-0.73384935 0.04089383 -0.67808032 -0.06461693 0.98945820 0.12960386
-0.70950264 0.04684629 -0.70314401 -0.07207794 0.98773098 0.13853636
0.62824643 -0.58077478 -0.51769400 -0.31040692 0.42304203 -0.85128313
0.50801867 -0.69131434 -0.51381081 -0.32366911 0.39958835 -0.85765237
-0.50054008 0.11028039 -0.85866052 -0.19581521 0.95172530 0.23637980
-0.56541282 0.07677218 -0.82122743 -0.13373937 0.97394961 0.18312852
-0.62495160 0.06087200 -0.77828664 -0.09253771 0.98415005 0.15127946
-0.42253986 0.14833805 -0.89412302 -0.22790965 0.93742681 0.26322660
-0.43892586 0.12949337 -0.88914323 -0.16430694 0.96130753 0.22111343
0.41351375 -0.84096032 -0.34898731 -0.43586972 0.15368250 -0.88679165
0.45820183 -0.81591845 -0.35260206 -0.38037235 0.17854284 -0.90743560
-0.79398990 0.02943993 -0.60721773 -0.07331409 0.98690009 0.14371271
-0.69974053 0.04855205 -0.71274537 -0.07012459 0.98820180 0.13616116
-0.72476983 0.04265248 -0.68766958 -0.07483588 0.98730373 0.14011052
0.61512810 -0.60296583 -0.50798601 -0.13493949 0.55428171 -0.82131791
-0.42696631 0.10902689 -0.89767087 -0.11145803 0.97879004 0.17189288
-0.47610989 0.11868694 -0.87133968 -0.18718922 0.95446360 0.23229173
-0.57238162 0.07423814 -0.81661993 -0.12114583 0.97730827 0.17375916
-0.62819475 0.06040844 -0.77570760 -0.09020726 0.98460340 0.14972919
0.27746427 -0.92532009 -0.25845003 -0.37353963 0.14394370 -0.91637790
-0.43505466 0.13950972 -0.88953048 -0.23875897 0.93468356 0.26336437
0.40599245 -0.85081685 -0.33358788 -0.49038261 0.10520101 -0.86513454
0.50820583 -0.78267753 -0.35936445 -0.44433820 0.11916019 -0.88789886
0.53538376 -0.76115888 -0.36606202 -0.39636850 0.15629260 -0.90469038
-0.75945395 0.03573124 -0.64957911 -0.07882968 0.98607892 0.14640455
-0.70415008 0.04808668 -0.70842099 -0.07582982 0.98690569 0.14236249
0.57588452 -0.66113126 -0.48089764 -0.16475812 0.48230648 -0.86036927
-0.42999253 0.10837866 -0.89630383 -0.14440493 0.97173142 0.18677591
-0.47300172 0.09796998 -0.87559766 -0.14224513 0.97226983 0.18562801
-0.36738864 0.14851382 -0.91813356 -0.17982768 0.95719808 0.22679031
-0.52519280 0.07932395 -0.84727818 -0.10725322 0.98153657 0.15837534
-0.62037045 0.06225805 -0.78183407 -0.08617455 0.98539853 0.14684591
-0.53522229 0.07670700 -0.84122121 -0.10820998 0.98143715 0.15834062
0.27196833 -0.92696804 -0.25838634 -0.32656947 0.16366690 -0.93089509
0.15840892 -0.96416646 -0.21281390 -0.23146500 0.17326710 -0.95728916
0.33927965 -0.89564091 -0.28760517 -0.28447187 0.19373652 -0.93890470
0.53020847 -0.76117450 -0.37348694 -0.38958642 0.17253086 -0.90468532
0.53703630 -0.75562435 -0.37499851 -0.24925619 0.28255105 -0.92630243
-0.73068470 0.04178043 -0.68143547 -0.09187472 0.98302895 0.15878659
-0.69425690 0.04979340 -0.71800280 -0.07977749 0.98613256 0.14552726
0.51587635 -0.71906734 -0.46563271 -0.27343565 0.37689716 -0.88497543
-0.39098522 0.11849244 -0.91273773 -0.17458627 0.96412629 0.19995047
-0.47620371 0.09350350 -0.87434953 -0.14097987 0.97334963 0.18087359
0.26272947 -0.93377721 -0.24296768 -0.30227494 0.15948212 -0.93978477
-0.51714975 0.08211269 -0.85194701 -0.11170085 0.98039907 0.16229796
-0.53972501 0.07701203 -0.83831149 -0.10747650 0.98135459 0.15934871
-0.62004644 0.06218298 -0.78209704 -0.08028405 0.98659241 0.14209118
-0.53806007 0.07699965 -0.83938217 -0.10684028 0.98155689 0.15852852
0.27550948 -0.92622316 -0.25730392 -0.29838863 0.17204362 -0.93881059
0.39383870 -0.84074485 -0.37153643 -0.25376755 0.28904182 -0.92306930
0.67923415 -0.62442958 -0.38565364 -0.28468847 0.26015827 -0.92264307
0.65914476 -0.64741796 -0.38259402 -0.28539661 0.25533912 -0.92376989
0.37721807 -0.87510902 -0.30313501 -0.21134534 0.23733804 -0.94815814
-0.75923437 0.02743397 -0.65023887 -0.11651801 0.97723877 0.17727947
-0.69312745 0.04887139 -0.71915644 -0.09445500 0.98293787 0.15783338
-0.68868315 0.05059069 -0.72329533 -0.08783480 0.98439497 0.15248486
0.50475425 -0.73518312 -0.45246994 -0.26383817 0.36768013 -0.89174032
0.50665462 -0.72636622 -0.46442783 -0.31975800 0.34195065 -0.88364279
-0.31445730 0.13029206 -0.94028753 -0.17677298 0.96517211 0.19285780
-0.38126314 0.10960187 -0.91794658 -0.14332996 0.97393262 0.17581771
-0.48011386 0.08852326 -0.87272811 -0.11179930 0.98060679 0.16096984
-0.29644474 0.13376282 -0.94563633 -0.16702677 0.96762228 0.18923350
-0.50093699 0.08404610 -0.86139327 -0.10842685 0.98133832 0.15880398
-0.57564795 0.07111435 -0.81459939 -0.11343382 0.97963381 0.16568144
-0.54430151 0.07663459 -0.83538198 -0.10363856 0.98204702 0.15761577
0.42618814 -0.86768281 -0.25591058 -0.02511032 0.27143267 -0.96212983
0.40113425 -0.83651626 -0.37327176 -0.25116834 0.29143277 -0.92302841
0.68198973 -0.62172306 -0.38516298 -0.28908429 0.25459379 -0.92282844
0.66874057 -0.63589185 -0.38526312 -0.30725604 0.23549433 -0.92202824
0.48551390 -0.81735116 -0.31018284 -0.17723532 0.25541344 -0.95044810
0.36165977 -0.90560067 -0.22156201 -0.11071227 0.19424996 -0.97468448
-0.69113302 0.04568003 -0.72128260 -0.11034715 0.97962987 0.16777623
-0.68495882 0.04729261 -0.72704524 -0.12307566 0.97603977 0.17944029
-0.66138709 0.05470675 -0.74804705 -0.11072106 0.97928876 0.16951229
0.43198606 -0.78416622 -0.44550121 -0.15266307 0.42326206 -0.89305276
-0.29037210 0.13555656 -0.94726372 -0.20029534 0.95937735 0.19868815
-0.35496476 0.11698800 -0.92753106 -0.14663902 0.97289145 0.17882776
-0.38824850 0.10802612 -0.91520137 -0.13528273 0.97566599 0.17255299
0.20160955 -0.96528679 -0.16605733 -0.26543969 0.10934806 -0.95790648
-0.48456651 0.08666302 -0.87045097 -0.11902088 0.97929454 0.16375667
-0.57479966 0.07195294 -0.81512463 -0.10984177 0.98032713 0.16399264
0.31607589 -0.92886013 -0.19317070 -0.16574687 0.14641489 -0.97523880
0.35919040 -0.91212720 -0.19750027 -0.19245052 0.13468291 -0.97202027
0.36828333 -0.84128428 -0.39573747 -0.14642274 0.36785817 -0.91828144
0.66820902 -0.63305598 -0.39081573 -0.19677414 0.35621545 -0.91344982
0.45561644 -0.83767533 -0.30118710 -0.17788105 0.24584676 -0.95284718
0.45716590 -0.83465606 -0.30716217 -0.19009832 0.24568163 -0.95052779
0.30852190 -0.92749822 -0.21109536 -0.28771532 0.12053434 -0.95010072
-0.77643865 0.02056670 -0.62985712 -0.10923181 0.97994691 0.16665062
-0.73102528 0.03300161 -0.68155193 -0.13682045 0.97145516 0.19379124
-0.63216048 0.06147854 -0.77239472 -0.14441286 0.97003227 0.19540304
-0.65992928 0.05375034 -0.74940264 -0.11405046 0.97871220 0.17063102
-0.58258492 0.07080398 -0.80967993 -0.11161116 0.97979146 0.16598673
0.72791517 -0.53589290 -0.42773628 -0.33386561 0.26786220 -0.90376085
-0.28116885 0.13453545 -0.95018119 -0.16994379 0.96749532 0.18727514
-0.41943416 0.09937140 -0.90233052 -0.11735208 0.97971469 0.16244280
0.23577902 -0.95823604 -0.16183928 -0.17887282 0.12089715 -0.97641611
-0.43139580 0.09624434 -0.89701432 -0.12698819 0.97791576 0.16599630
-0.51354706 0.08294074 -0.85404342 -0.12637462 0.97715259 0.17088717
0.30000550 -0.93472165 -0.19050506 -0.17552751 0.14220412 -0.97414994
0.66448218 -0.61432320 -0.42552388 -0.21666425 0.38658488 -0.89644229
0.36322999 -0.88694674 -0.28528836 -0.12020202 0.25903240 -0.95835996
0.60677719 -0.72501290 -0.32584924 0.02981076 0.43040738 -0.90214235
0.32595241 -0.90276289 -0.28066748 -0.00208350 0.29619458 -0.95512533
-0.82142091 0.00023065 -0.57032239 -0.10447269 0.98301816 0.15086691
-0.73695916 0.03293097 -0.67513466 -0.13535556 0.97139198 0.19513205
-0.68077856 0.04916944 -0.73083717 -0.16835433 0.96053046 0.22144574
-0.65085977 0.05842997 -0.75694627 -0.17044170 0.96033746 0.22068428
-0.61749691 0.06417226 -0.78395128 -0.14466161 0.97040045 0.19338049
-0.60914552 0.06555679 -0.79034430 -0.12649374 0.97578764 0.17843185
0.47482902 -0.77656084 -0.41411448 -0.24741235 0.33378085 -0.90960288
0.15929523 -0.97839534 -0.13178676 -0.19534658 0.09961374 -0.97566229
0.17785604 -0.97291392 -0.14766815 -0.19673082 0.11187726 -0.97405362
-0.29311320 0.12558140 -0.94779432 -0.15528663 0.97191942 0.17680161
0.23550752 -0.95874172 -0.15921871 -0.13504854 0.12995407 -0.98227990
-0.47053757 0.08943745 -0.87783563 -0.10759734 0.98161012 0.15768473
-0.50811547 0.08446430 -0.85713744 -0.13245046 0.97567910 0.17466298
0.22150764 -0.96126008 -0.16405354 -0.09390981 0.14642315 -0.98475444
0.57386255 -0.66824108 -0.47342965 -0.09480195 0.52000058 -0.84888870
0.64535475 -0.59441531 -0.47977895 -0.25577641 0.42367443 -0.86895251
0.37564391 -0.85561526 -0.35610980 -0.08622621 0.35031721 -0.93265367
0.52567631 -0.66205126 -0.53418404 -0.20832187 0.50863981 -0.83539671
0.34382021 -0.89757210 -0.27595642 0.02195989 0.30147722 -0.95322049
-0.82190078 -0.00455235 -0.56961256 -0.14289987 0.96963918 0.19844258
-0.73989993 0.03153956 -0.67197722 -0.15358348 0.96459979 0.21438147
-0.71125263 0.04311235 -0.70161325 -0.17381786 0.95633489 0.23497024
-0.62316203 0.06962104 -0.77898788 -0.18461064 0.95478952 0.23301490
-0.57014966 0.07875730 -0.81775707 -0.16025726 0.96561033 0.20473009
-0.60389858 0.06810504 -0.79414618 -0.13489346 0.97323799 0.18604180
0.51794791 -0.74654973 -0.41760460 -0.34232315 0.26649851 -0.90099579
0.64258212 -0.64131898 -0.41928294 -0.08310630 0.48564804 -0.87019503
0.18462351 -0.97457588 -0.12694909 -0.15040433 0.09963091 -0.98359150
0.19290899 -0.97144258 -0.13815011 -0.11909443 0.11657284 -0.98601592
-0.30764541 0.12392412 -0.94339663 -0.01953593 0.99045074 0.13647588
0.19349334 -0.97146749 -0.13715431 -0.10996440 0.11744109 -0.98697287
-0.37645870 0.11020876 -0.91985482 -0.14115030 0.97448403 0.17452094
-0.41740400 0.10273217 -0.90289533 -0.15269758 0.97153193 0.18113305
-0.44848365 0.09927022 -0.88826120 -0.15725313 0.96954668 0.18775173
-0.52085459 0.08420257 -0.84948248 -0.14677425 0.97147012 0.18628792
0.27080715 -0.94704556 -0.17253476 -0.05176121 0.16464713 -0.98499346
0.62377560 -0.58001250 -0.52391756 -0.10802466 0.59990245 -0.79274696
0.41326296 -0.83144486 -0.37136659 -0.02513038 0.39725232 -0.91736531
0.44767994 -0.66873837 -0.59360904 -0.22737101 0.55689639 -0.79885471
0.34561843 -0.86623347 -0.36081496 -0.01519253 0.37929454 -0.92515129
0.26440027 -0.93688631 -0.22877200 0.06411236 0.25376412 -0.96513909
-0.84329319 -0.01296437 -0.53729737 -0.13806346 0.97138643 0.19325346
-0.78385311 0.01484333 -0.62076890 -0.16231222 0.96005827 0.22790991
-0.72786635 0.03688052 -0.68472654 -0.16690198 0.95899457 0.22907034
-0.74641877 0.02922578 -0.66483444 -0.16188094 0.96105230 0.22399332
-0.69518828 0.05953677 -0.71635789 -0.19725166 0.94250947 0.26975486
-0.55304331 0.08531687 -0.82877266 -0.17346463 0.96115279 0.21469817
-0.61783534 0.07415204 -0.78280336 -0.19741574 0.94902772 0.24571016
-0.55389076 0.08159389 -0.82858169 -0.15170063 0.96863759 0.19679472
-0.55618912 0.08375646 -0.82682443 -0.18017113 0.95909357 0.21835287
0.62033296 -0.67607468 -0.39763072 -0.29033077 0.27302530 -0.91715056
0.59961563 -0.68734992 -0.40989172 0.07683510 0.55925858 -0.82542485
0.18940586 -0.97547507 -0.11213315 -0.18284450 0.07716331 -0.98010910
0.18765843 -0.97341818 -0.13130669 -0.11274488 0.11145121 -0.98735368
-0.32963741 0.12041686 -0.93639684 -0.15003732 0.97254640 0.17788282
-0.25998238 0.13425659 -0.95623451 -0.15270352 0.97210938 0.17800269
0.20236103 -0.96983027 -0.13593833 -0.07246750 0.12360017 -0.98968250
-0.32617807 0.12216812 -0.93738091 -0.14866947 0.97264409 0.17849609
-0.43171972 0.09750920 -0.89672190 -0.15206109 0.97204387 0.17890830
-0.47040355 0.09318782 -0.87751728 -0.15542448 0.97011411 0.18633825
-0.44531783 0.10297324 -0.88943160 -0.15560247 0.96934909 0.19013220
-0.58084047 0.07090249 -0.81092370 -0.17356072 0.96250504 0.20847225
0.27150840 -0.94713318 -0.17094448 -0.04201806 0.16578206 -0.98526686
0.27720585 -0.94568098 -0.16983646 -0.05316336 0.16139616 -0.98545671
0.59503525 -0.53648663 -0.59842730 -0.18561344 0.63272887 -0.75179911
0.39262068 -0.69190526 -0.60590106 -0.19719525 0.58014894 -0.79027927
0.54623914 -0.56264657 -0.62052530 -0.23383604 0.60892951 -0.75797462
0.41691560 -0.58458304 -0.69602019 -0.07233526 0.74197745 -0.66651118
0.30659100 -0.92403835 -0.22837491 0.11096661 0.27299222 -0.95559490
0.24216065 -0.95467633 -0.17306463 0.09682863 0.20126304 -0.97473967
-0.90213603 -0.03868508 -0.42971390 -0.11486477 0.98156220 0.15278032
-0.83798087 -0.00710307 -0.54565346 -0.18706153 0.94307071 0.27500108
-0.79273903 0.02068562 -0.60921019 -0.18207432 0.94576281 0.26903868
-0.65177345 0.07736046 -0.75445795 -0.20644909 0.93912107 0.27464598
-0.73976618 0.04715577 -0.67120957 -0.22780152 0.92108083 0.31577942
-0.53283340 0.09364141 -0.84102309 -0.20412159 0.95028871 0.23512931
-0.58205956 0.08657964 -0.80852383 -0.21302107 0.94335401 0.25437248
-0.50560141 0.09247247 -0.85779721 -0.15351257 0.96873224 0.19491464
-0.50862378 0.09289952 -0.85596246 -0.17471717 0.96234089 0.20826419
0.48639631 -0.80093890 -0.34916413 -0.46838948 0.09832826 -0.87803352
0.76206917 -0.55960768 -0.32571441 0.06151137 0.56333131 -0.82393825
0.60739750 -0.69635653 -0.38230351 -0.29093322 0.25281972 -0.92273504
0.20201038 -0.97385824 -0.10388466 -0.19029385 0.06502090 -0.97957164
0.20030956 -0.97007167 -0.13724828 -0.04484782 0.13086177 -0.99038571
0.20931683 -0.96695262 -0.14556463 0.01954436 0.15296952 -0.98803765
-0.31853071 0.12586774 -0.93951875 -0.16217780 0.96929473 0.18484095
-0.35989752 0.11678651 -0.92565370 -0.16893461 0.96757835 0.18775839
-0.35775474 0.12331043 -0.92563826 -0.19902426 0.95839953 0.20459670
0.56350589 -0.43380708 -0.70304525 -0.36396042 0.63361597 -0.68268853
0.56162298 -0.54167444 -0.62543464 -0.16208999 0.66923213 -0.72515881
0.48748043 -0.56069845 -0.66931325 -0.15332487 0.69968110 -0.69780928
0.48174226 -0.59979057 -0.63888627 0.00655138 0.73150647 -0.68180305
0.72189796 -0.43154410 -0.54095572 -0.24806760 0.56838930 -0.78447193
0.43665147 -0.47206938 -0.76582372 -0.12823926 0.80991018 -0.57236367
0.34414706 -0.21462190 -0.91405702 -0.16517581 0.94450182 -0.28395993
0.29460412 -0.11457188 -0.94872642 -0.17714699 0.96903235 -0.17203283
0.23689231 -0.95970577 -0.15115170 0.09919447 0.17865944 -0.97889799
-0.82857317 0.00356422 -0.55986959 -0.19936152 0.93255889 0.30097985
-0.76746321 0.03313240 -0.64023638 -0.22896156 0.91863620 0.32200018
-0.63345981 0.09419653 -0.76802069 -0.22246529 0.92848426 0.29736546
-0.73154861 0.05328826 -0.67970365 -0.23229760 0.91780829 0.32197171
-0.47140491 0.11157584 -0.87483042 -0.23093620 0.94173461 0.24454944
-0.56637830 0.10862241 -0.81695586 -0.23945479 0.92682362 0.28923944
-0.43299669 0.11664316 -0.89381665 -0.20298609 0.95350504 0.22276619
0.66770589 -0.63902587 -0.38185716 -0.29010865 0.24903202 -0.92402387
0.61135614 -0.69305718 -0.38198885 -0.26700094 0.27374965 -0.92399770
0.73586738 -0.57890958 -0.35123074 0.00834313 0.52642071 -0.85018337
0.72391063 -0.58625400 -0.36367515 -0.15471670 0.37576270 -0.91370952
0.21940283 -0.97016066 -0.10320225 -0.13021199 0.07571520 -0.98859096
0.20514224 -0.97337562 -0.10225728 -0.22222017 0.05542824 -0.97341979
0.22113703 -0.96837223 -0.11555825 -0.02937766 0.11182353 -0.99329376
0.23287828 -0.96181208 -0.14382364 0.09819223 0.17038873 -0.98047233
-0.33860406 0.12083992 -0.93313718 -0.16636199 0.96840674 0.18577443
-0.34096664 0.12595418 -0.93159938 -0.19570637 0.95976090 0.20139046
-0.31536707 0.14325061 -0.93809539 -0.15820986 0.96676922 0.20081587
0.41838869 -0.42193329 -0.80431539 -0.03812978 0.87660825 -0.47969162
0.59776580 -0.33844176 -0.72672772 -0.23847209 0.79041094 -0.56425327
0.56963420 -0.48087007 -0.66654402 -0.19758362 0.70707881 -0.67897004
0.55007017 -0.33937195 -0.76305282 -0.13592170 0.86514080 -0.48275948
0.36027575 -0.20584251 -0.90985179 -0.17100617 0.94424880 -0.28133804
0.28961569 -0.12680978 -0.94870549 -0.17360310 0.96778512 -0.18235672
0.24089137 -0.95958155 -0.14551520 0.15587272 0.18623447 -0.97006208
-0.60059708 0.10743424 -0.79230112 -0.23840755 0.92179161 0.30571562
-0.62183905 0.10042521 -0.77667952 -0.26416838 0.90672112 0.32874292
-0.72785014 0.05857621 -0.68322980 -0.31388059 0.85738415 0.40788662
-0.66432410 0.09472869 -0.74141753 -0.24821098 0.90768623 0.33837405
-0.44081792 0.11737423 -0.88988930 -0.22281739 0.94607198 0.23515999
-0.46262372 0.11553465 -0.87899435 -0.25248343 0.93324506 0.25554997
-0.54870927 0.11506812 -0.82805640 -0.24691948 0.92398882 0.29201958
-0.40857708 0.11947396 -0.90487063 -0.20246634 0.95483261 0.21749046
0.63792187 -0.66909951 -0.38126323 -0.33095932 0.20883311 -0.92024708
0.73689455 -0.57278532 -0.35903117 -0.27034974 0.23708341 -0.93311441
0.22405238 -0.96808875 -0.11227030 -0.03679703 0.10671366 -0.99360865
0.24580210 -0.96288246 -0.11152932 -0.11432037 0.08545926 -0.98976135
0.22868739 -0.96775132 -0.10563865 -0.23909247 0.04935641 -0.96974164
0.23674142 -0.96485931 -0.11401798 0.09230758 0.13916019 -0.98595834
0.22384596 -0.96824551 -0.11132728 -0.03443780 0.10629678 -0.99373794
0.24816990 -0.95829552 -0.14170870 0.12349032 0.17638747 -0.97654372
-0.40650946 0.10442896 -0.90765893 -0.19713880 0.96001917 0.19874491
-0.35911724 0.13321525 -0.92373621 -0.22104225 0.94946003 0.22285871
0.60281026 -0.31301937 -0.73392016 -0.40027630 0.67706835 -0.61754143
0.60366791 -0.33518958 -0.72334850 -0.24947603 0.78233004 -0.57072014
0.57802635 -0.33212703 -0.74537057 -0.24315718 0.80182552 -0.54584831
0.50312465 -0.51158452 -0.69652486 -0.10812321 0.76236844 -0.63804680
0.47727603 -0.50276935 -0.72071540 -0.35203770 0.64207327 -0.68103701
0.48144156 -0.23350631 -0.84480107 -0.16571739 0.92222285 -0.34934622
0.52838433 -0.14570664 -0.83640879 -0.17048506 0.94688714 -0.27265301
0.35456517 -0.12103580 -0.92716444 -0.16168591 0.96871257 -0.18829139
0.25933006 -0.14133164 -0.95539171 -0.18183899 0.96439737 -0.19202194
0.24829005 -0.95857084 -0.13962103 0.12703092 0.17510989 -0.97631943
-0.62594742 0.10476480 -0.77279639 -0.27204117 0.89935827 0.34226942
-0.71794045 0.08142626 -0.69132584 -0.29098257 0.86709827 0.40431404
-0.65608233 0.10869798 -0.74682045 -0.28161228 0.88283646 0.37589139
-0.57905900 0.13477191 -0.80406922 -0.24112989 0.91380876 0.32681790
0.30290365 -0.95031416 -0.07178030 -0.28926611 -0.01991238 -0.95704162
0.34589016 -0.93590426 -0.06665788 -0.25068986 -0.02372167 -0.96777683
-0.30495751 0.17687622 -0.93579686 -0.14755815 0.96196103 0.22990780
-0.50815398 0.13515161 -0.85059601 -0.27452552 0.91068023 0.30870256
0.70621639 -0.61077648 -0.35806492 -0.29807726 0.20223710 -0.93287194
0.67642641 -0.64274621 -0.35961726 -0.28108838 0.22602145 -0.93268633
0.25164723 -0.96150929 -0.11033417 -0.08218611 0.09236079 -0.99232805
0.24733931 -0.96268576 -0.10981552 -0.17649190 0.06667800 -0.98204106
0.22874992 -0.96765006 -0.10642809 -0.24127209 0.04956150 -0.96919113
0.28027323 0.06868739 -0.95745969 -0.18813948 0.98202193 0.01537617
0.25521070 -0.95987242 -0.11624306 0.09164033 0.14369616 -0.98536974
0.25934181 -0.95914173 -0.11308892 0.04851181 0.12988469 -0.99034166
0.30730051 -0.94866818 -0.07480034 -0.30742034 -0.02457773 -0.95125639
0.56238002 -0.33570546 -0.75566566 -0.24853277 0.80299407 -0.54169369
0.56091100 -0.42483544 -0.71055871 -0.16969483 0.78106695 -0.60094774
0.47706169 -0.21497717 -0.85217190 -0.17490101 0.92700565 -0.33176833
0.47734216 -0.21279927 -0.85256141 -0.17573023 0.92751622 -0.32989788
0.48813108 -0.16073260 -0.85784215 -0.18301418 0.94219249 -0.28067631
0.49531060 -0.13979639 -0.85739404 -0.17378208 0.95107228 -0.25546315
0.41281578 -0.11274783 -0.90380925 -0.15537862 0.96904546 -0.19185522
0.30282187 -0.12814572 -0.94439274 -0.20942123 0.95775282 -0.19711003
-0.58844382 0.12768418 -0.79839259 -0.28087059 0.89367658 0.34993425
0.72542500 -0.38231128 0.57236069 0.14440846 -0.72851121 -0.66963995
-0.62002110 0.12967737 -0.77379435 -0.28077367 0.88425851 0.37316623
0.36588913 -0.92566353 -0.09629206 -0.37484294 -0.05187585 -0.92563581
0.48911247 -0.87130946 0.03986026 -0.27091679 -0.19520178 -0.94260299
-0.50679690 0.14114840 -0.85043174 -0.27901813 0.90654653 0.31673694
0.70032549 -0.62218523 -0.34989977 -0.39165157 0.07489052 -0.91706079
0.76594901 -0.52368420 -0.37293014 -0.40145031 0.06348782 -0.91367775
0.83642387 -0.42688167 -0.34375447 -0.18747325 0.36652878 -0.91132349
0.27982888 -0.95453495 -0.10275654 -0.01543811 0.10254472 -0.99460864
0.23707357 -0.96537882 -0.10881164 -0.15941139 0.07183010 -0.98459560
0.26748207 -0.95708948 -0.11150359 0.15150036 0.15605430 -0.97606081
0.28058037 -0.95404333 -0.10524274 0.02345709 0.11643017 -0.99292183
0.34577182 -0.93490833 -0.07992661 -0.15564252 0.02685462 -0.98744839
0.62647188 -0.29583713 -0.72111964 -0.20927510 0.82735968 -0.52122921
0.71891648 -0.17425056 -0.67290103 -0.35236698 0.74310100 -0.56889230
0.60980988 -0.29558331 -0.73536557 -0.20038155 0.84020269 -0.50389165
0.60367388 -0.17486587 -0.77781737 -0.18480434 0.91837931 -0.34989542
0.43977854 -0.10758382 -0.89163923 -0.14682890 0.97082901 -0.18955840
0.38741741 -0.12347557 -0.91359818 -0.15293182 0.96865207 -0.19576804
0.35129035 -0.11972526 -0.92858011 -0.21025172 0.95637161 -0.20284866
0.28876877 -0.95078444 -0.11234574 0.17528297 0.16786461 -0.97010177
-0.52932471 0.15343980 -0.83442891 -0.28827685 0.89246827 0.34698248
0.60264200 -0.61478019 0.50879067 0.01507780 -0.62868714 -0.77751219
0.62489128 -0.46372461 0.62806880 0.15978745 -0.71148533 -0.68429279
0.66880959 -0.48883221 0.56012219 0.07778034 -0.70328146 -0.70664382
0.37263376 -0.92429739 -0.08257364 -0.25453094 -0.01623291 -0.96692842
0.47989890 -0.87382972 0.07822255 -0.21600458 -0.20410040 -0.95482206
0.48841819 -0.87143368 0.04528918 -0.07111914 -0.09148142 -0.99326396
0.48352426 -0.87216729 0.07435408 -0.24029876 -0.21393938 -0.94682968
0.77253842 -0.51213396 -0.37537083 -0.40582737 0.05642720 -0.91220611
0.74868441 -0.56546754 -0.34600314 -0.28770539 0.19306229 -0.93805790
0.30318952 -0.94697750 -0.10634769 -0.02879407 0.10244568 -0.99432182
0.35307834 -0.92964828 -0.10530771 -0.13728563 0.05985853 -0.98872119
0.31724644 -0.94276887 -0.10267260 0.12465216 0.14878032 -0.98098230
0.28206357 -0.95626521 -0.07744072 -0.04395810 0.06775188 -0.99673337
0.35091707 -0.93224460 -0.08818889 -0.32915327 -0.03463347 -0.94364119
0.70612037 -0.24723411 -0.66352797 0.07800253 0.95852107 -0.27414057
0.56725514 -0.27793181 -0.77522612 -0.24636452 0.84095407 -0.48176843
0.61095631 -0.20380439 -0.76498115 -0.22394446 0.88233536 -0.41392410
0.58347285 -0.21614996 -0.78284019 -0.21017857 0.89090228 -0.40263900
0.49718550 -0.14206718 -0.85593432 -0.14108260 0.96013731 -0.24131320
0.43207300 -0.11531410 -0.89443594 -0.14354001 0.97035503 -0.19444139
0.41403350 -0.10819042 -0.90380925 -0.16745837 0.96691167 -0.19245651
0.40593776 -0.10846150 -0.90744185 -0.19199711 0.96065217 -0.20071000
0.35763952 -0.12061068 -0.92603838 -0.23953439 0.94660157 -0.21579798
0.31684163 -0.94318634 -0.10005482 0.14246431 0.15161808 -0.97811854
0.60572302 -0.65005684 0.45883080 -0.02195206 -0.59008914 -0.80703962
0.61482561 -0.54315710 0.57181293 0.08181159 -0.67720431 -0.73123264
0.73903835 -0.42260665 0.52461994 0.18737641 -0.61907297 -0.76265252
0.39478099 -0.91502047 -0.08297917 -0.18979684 0.00714799 -0.98179740
0.55496347 -0.77070755 0.31309026 -0.04468210 -0.40344042 -0.91391432
0.49059427 -0.87097853 0.02671511 -0.08571401 -0.07874402 -0.99320316
0.55431241 -0.76861489 0.31932580 0.06051587 -0.34542832 -0.93649191
0.59760875 -0.69767010 0.39512056 -0.06570382 -0.53375459 -0.84308308
0.74023139 -0.56442702 -0.36534858 -0.31355098 0.19088778 -0.93018693
0.34046370 -0.93565559 -0.09291478 0.02108741 0.10639186 -0.99410069
0.33477268 -0.93715048 -0.09836830 -0.17552224 0.04054736 -0.98364013
0.30721635 -0.94672889 -0.09655303 -0.11516298 0.06372796 -0.99130028
0.37610900 -0.92323393 -0.07862008 0.07204680 0.11373255 -0.99089569
0.36779851 -0.92614239 -0.08357371 -0.14017129 0.03362990 -0.98955595
0.31035987 -0.94647622 -0.08865392 -0.06279448 0.07264355 -0.99537921
0.62547886 -0.22984107 -0.74562007 -0.27097619 0.83215433 -0.48382968
0.58720648 -0.26007393 -0.76651824 -0.30787230 0.80404150 -0.50865698
0.60496199 -0.20474193 -0.76948148 -0.21554878 0.88818550 -0.40578967
0.51203382 -0.10764717 -0.85219336 -0.13315386 0.97017610 -0.20255491
0.51052809 -0.09595843 -0.85448998 -0.15106173 0.96828848 -0.19899201
0.47977766 -0.08257796 -0.87349546 -0.20513988 0.95740944 -0.20318642
0.45616123 -0.08075919 -0.88622510 -0.24992567 0.94416571 -0.21468186
0.34517947 -0.93354887 -0.09663190 0.22943524 0.18377060 -0.95581788
0.64157605 -0.51679891 0.56683248 0.16556962 -0.62824583 -0.76019329
0.47374445 -0.88058031 0.01202522 0.00224855 -0.01244523 -0.99992007
0.53137809 -0.77550149 0.34093228 0.05161199 -0.37206894 -0.92676908
0.74142385 -0.55753368 -0.37342587 -0.42623058 0.03853117 -0.90379363
0.87139606 -0.30136958 -0.38709858 -0.34757051 0.17759828 -0.92068106
0.35365665 -0.93091941 -0.09119285 0.13751063 0.14817785 -0.97935396
0.36243951 -0.92695904 -0.09687375 -0.01676076 0.09744156 -0.99510014
0.33112803 -0.93968588 -0.08570163 -0.13853182 0.04142793 -0.98949111
0.37697908 -0.92239672 -0.08408975 0.27644390 0.19869992 -0.94026446
0.40651518 -0.91116738 -0.06722729 -0.03867145 0.05635578 -0.99766159
0.61922693 -0.23519495 -0.74916041 -0.27182999 0.83088154 -0.48553512
0.68530959 -0.16163343 -0.71008837 -0.26968756 0.84940857 -0.45362288
0.52836579 -0.10031519 -0.84306973 -0.13484462 0.97047579 -0.19998437
0.62643170 -0.05980203 -0.77717894 -0.18685600 0.95645964 -0.22420928
0.65882730 -0.03151935 -0.75163370 -0.18533775 0.96152610 -0.20277464
0.42812940 -0.09433719 -0.89878017 -0.25339299 0.94211107 -0.21958773
0.41970658 -0.90486789 -0.07113749 0.24549797 0.18862373 -0.95086902
0.58014590 -0.58117133 0.57067561 0.25819618 -0.53328228 -0.80557108
0.47929955 -0.87541085 0.06267186 0.06853447 -0.03385832 -0.99707407
0.54908651 -0.75564086 0.35708678 0.23660450 -0.26923496 -0.93355817
0.77214152 -0.51355243 -0.37424785 -0.37341309 0.10983659 -0.92113984
-0.43765578 0.26853013 -0.85810781 -0.88286829 0.05241440 0.46668646
0.41237727 -0.90991968 -0.04462281 0.11626749 0.10114720 -0.98805422
0.39131340 -0.91769862 -0.06857856 0.01088569 0.07913182 -0.99680477
0.46357128 -0.88543546 -0.03325237 0.34169847 0.21327043 -0.91529119
0.85020649 -0.06743833 -0.52211207 -0.07252955 0.96729898 -0.24304765
0.66386437 -0.19721533 -0.72138083 -0.28331548 0.82638156 -0.48664752
0.69778770 -0.00454181 -0.71629030 -0.16502585 0.97206074 -0.16692661
0.49759972 -0.07681427 -0.86399889 -0.25133318 0.94057328 -0.22837153
0.60068727 -0.56148690 0.56912863 0.32555309 -0.47839034 -0.81557220
0.45123586 -0.89097494 0.05049645 0.16325434 0.02678593 -0.98622036
0.53183168 -0.83807099 0.12162289 0.22023198 -0.00180199 -0.97544587
0.43451729 -0.85208488 0.29179817 0.34295121 -0.14304513 -0.92839789
0.52631187 -0.64305818 0.55630213 0.36028302 -0.42395905 -0.83093619
0.82302231 -0.44926813 -0.34755221 -0.41926652 -0.06769738 -0.90533566
-0.43856230 0.26968759 -0.85728163 -0.88546306 0.03345581 0.46350390
0.41489547 -0.90985423 0.00520696 0.14547998 0.06068788 -0.98749816
0.51363224 -0.07706308 -0.85454267 -0.30690315 0.91356438 -0.26685321
0.44730750 -0.00159648 -0.89437884 -0.36316353 0.91352499 -0.18326038
-0.29424930 0.86605889 -0.40417752 -0.86769855 -0.06480071 0.49284893
0.77097362 0.06041944 -0.63399464 -0.28640708 0.92203778 -0.26041752
0.47803116 -0.87485045 0.07824910 0.24300154 0.04611587 -0.96892911
0.52247596 -0.82638252 0.21002567 0.27684361 -0.06856184 -0.95846593
0.53011048 -0.62525022 0.57275224 0.56348014 -0.24498540 -0.78896922
0.86917442 -0.32119223 -0.37599382 -0.42255229 -0.08743498 -0.90211123
0.90863413 -0.07995062 -0.40986812 -0.40378478 0.08209941 -0.91116279
0.43813205 -0.89716434 0.05600432 0.27763319 0.07580005 -0.95769209
0.44833297 -0.88609016 0.11765126 0.40349516 0.08317105 -0.91119391
0.82396555 0.10309499 -0.55718243 -0.29285276 0.91928202 -0.26297888
0.47599983 -0.87675446 0.06874423 0.27347559 0.07327346 -0.95908403
0.49398577 -0.84937477 0.18585108 0.38899049 0.02472843 -0.92090982
0.86980045 -0.31926945 -0.37618378 -0.42426687 -0.09474367 -0.90056723
0.88935363 -0.22978030 -0.39528629 -0.41477489 -0.04168608 -0.90896869
0.46893975 -0.86837685 0.16129830 0.47044539 0.09101503 -0.87772286
0.47109196 -0.87356621 0.12228858 0.36073831 0.06428547 -0.93044901
0.63231581 -0.04058190 -0.77364713 -0.35792696 0.87035197 -0.33819479
0.49216616 -0.85722095 0.15147534 0.38303131 0.05699642 -0.92197531
0.47660246 -0.81173706 0.33753967 0.56170523 -0.01417711 -0.82721603
-0.24481340 -0.23437874 -0.94081509 -0.92499650 0.34728992 0.15417926
-0.27335668 -0.12476147 -0.95378762 -0.96087325 0.08150247 0.26472640
-0.24434014 -0.30382654 -0.92086232 -0.96966410 0.08344924 0.22975613
0.87790710 0.37722656 -0.29492265 -0.33824888 0.05261096 -0.93958491
-0.26126233 -0.18110345 -0.94812638 -0.96251929 -0.02519339 0.27004063
-0.24483372 -0.34509477 -0.90607178 -0.96733809 0.15024590 0.20416474
-0.25104302 -0.33839908 -0.90689772 -0.95077860 0.26202440 0.16541831
0.88658977 0.35612765 -0.29518074 -0.32724077 0.03189556 -0.94440258
0.89924693 0.31973812 -0.29853383 -0.32068729 0.01770085 -0.94701970
-0.26099420 -0.18564719 -0.94732112 -0.96365803 -0.00780562 0.26702487
0.91809279 0.26819444 -0.29185167 -0.26177567 -0.14261295 -0.95453393
-0.35139924 0.09909093 -0.93096697 -0.92229414 -0.20754477 0.32603481
0.80799925 0.49682134 -0.31671098 -0.26488921 -0.17383301 -0.94848084
0.85191631 0.38656899 -0.35327479 -0.41142106 0.07669410 -0.90821296
0.89513433 0.34433728 -0.28313676 -0.13552955 -0.39486292 -0.90868866
0.64064848 0.69332749 -0.32994938 -0.31315643 -0.15642062 -0.93673140
-0.37955320 0.17443721 -0.90857637 -0.92078590 0.02426769 0.38931274
0.78678608 0.52031696 -0.33202115 -0.12156196 -0.39676154 -0.90983677
0.90861058 0.31405109 -0.27531585 -0.13619326 -0.40037316 -0.90617478
0.59456784 0.73370290 -0.32889104 -0.27837968 -0.19590244 -0.94028026
0.55642402 0.77659428 -0.29545519 -0.42550337 -0.03909925 -0.90411180
0.76067352 0.55328047 -0.33949459 -0.14369877 -0.36649528 -0.91925621
0.72709227 0.60222924 -0.32963121 -0.12113906 -0.36006156 -0.92503029
-0.10321477 -0.52840990 -0.84269196 -0.99101263 -0.01784731 0.13257259
0.60706168 0.72355914 -0.32853970 -0.20164374 -0.25964493 -0.94441748
0.61694241 0.71771157 -0.32291207 -0.46770093 0.00436148 -0.88387603
-0.05031879 -0.65916026 -0.75031716 -0.90482450 -0.28795251 0.31364942
0.73335791 0.59004021 -0.33769634 -0.12935887 -0.36654294 -0.92136455
-0.10032531 -0.55734491 -0.82419753 -0.99134237 -0.01452911 0.13049597
-0.04503978 -0.67172974 -0.73942584 -0.93160403 -0.23899086 0.27385646
0.70722431 0.47782040 -0.52107733 -0.06686738 -0.68852562 -0.72212279
0.61983359 0.69147444 -0.37103829 -0.10315707 -0.39692086 -0.91203755
-0.06293969 -0.64394081 -0.76248205 -0.94112289 -0.21597399 0.26008275
-0.04070443 -0.66599131 -0.74484813 -0.93225658 -0.24290359 0.26813340
-0.06026000 -0.64617711 -0.76080477 -0.97259420 -0.13346294 0.19038945
0.69822836 0.40736267 -0.58867043 -0.12122655 -0.74315023 -0.65805155
0.61666995 0.69196099 -0.37537739 -0.04821772 -0.44274223 -0.89535159
-0.73140275 -0.43223524 0.52746820 0.03576043 0.74810141 0.66262019
0.72647071 0.62786984 -0.27932033 -0.01592001 -0.39097703 -0.92026275
0.70153105 0.30762744 -0.64282161 -0.19444090 -0.78517801 -0.58795261
0.79589826 0.51739722 -0.31439811 -0.09772541 -0.40269774 -0.91010123
0.72647893 0.62838238 -0.27814370 -0.04949452 -0.35585803 -0.93322849
0.65298283 0.69676471 -0.29687098 0.00734143 -0.39777941 -0.91745174
-0.87763780 -0.11810066 0.46454722 0.04114736 0.94703007 0.31849796
-0.65724593 -0.34921423 0.66789013 0.11359620 0.83015269 0.54584098
0.81543952 0.50237030 -0.28754553 -0.21970509 -0.19096774 -0.95669276
0.74080187 0.61469626 -0.27085263 -0.07628718 -0.32362178 -0.94310617
0.40989551 0.89049149 -0.19751100 -0.16231236 -0.14187203 -0.97648710
0.69827640 0.66939086 -0.25362587 0.03783812 -0.38833156 -0.92074257
-0.67926383 -0.21589257 0.70142084 0.04412484 0.94200873 0.33267486
-0.02983567 -0.85099262 -0.52432942 -0.98712999 -0.05736645 0.14927658
0.78352010 0.56671602 -0.25481221 0.02107354 -0.43408352 -0.90062612
0.78467065 0.54453218 -0.29627138 -0.31236699 -0.06550790 -0.94770014
0.67405438 0.68417615 -0.27848458 0.12142534 -0.47449979 -0.87184054
0.70706344 0.66312021 -0.24562757 -0.03671870 -0.31245178 -0.94922370
0.69329739 0.67395914 -0.25518224 0.01083738 -0.36380970 -0.93141031
-0.82439733 -0.15666823 0.54389721 -0.01309250 0.96595061 0.25839511
-0.06159570 -0.76757801 -0.63798904 -0.98587233 -0.05296382 0.15890457
0.83792430 0.49869317 -0.22178379 -0.00153378 -0.40420312 -0.91466802
0.71556425 0.66226548 -0.22219871 -0.04849333 -0.27022499 -0.96157527
0.77166337 0.60401857 -0.19924161 0.04722406 -0.36680371 -0.92909902
-0.79427016 -0.18951808 0.57725024 0.09256035 0.90126950 0.42325628
-0.56833053 -0.20348355 0.79724205 -0.08796997 0.97841072 0.18701282
-0.06251897 -0.76636422 -0.63935697 -0.98412573 -0.05927464 0.16728136
-0.05731717 -0.70244998 -0.70942152 -0.99524903 0.09622121 -0.01486525
0.55773097 0.76134717 -0.33058536 -0.03189160 -0.37833461 -0.92511940
