0.66810828 -0.73454678 0.11862686 0.73813736 0.67439169 0.01868522
0.66532248 -0.73170066 0.14818968 0.73551792 0.67644978 0.03780343
-0.61111885 0.77469772 -0.16241072 -0.78422409 -0.62041926 -0.00851727
-0.61455715 0.77738309 -0.13414580 -0.78396237 -0.62078017 -0.00592184
0.52909756 -0.81409633 0.23938027 0.82647735 0.55833733 0.07207459
-0.59655106 0.78084916 0.18547611 -0.80251819 -0.58311456 -0.12626185
-0.58598638 0.78661531 -0.19456702 -0.80227488 -0.59694803 0.00284579
0.67015934 -0.72181892 0.17281194 0.72958416 0.68342334 0.02528909
0.69615734 -0.69662422 0.17343502 0.70516914 0.70884347 0.01665718
0.67794859 -0.56662387 0.46831948 0.63702548 0.77077270 0.01039383
0.63751006 -0.51977128 0.56869912 0.65603954 0.75326413 -0.04696110
0.76299095 -0.62731183 0.15596397 0.63623619 0.77143335 -0.00970194
0.84694266 -0.51528025 0.13105138 0.52021736 0.85402429 -0.00406246
0.87322867 -0.46188205 0.15536004 0.46547052 0.88494211 0.01465460
0.85827124 -0.49060583 0.15058696 0.49365374 0.86944991 0.01904809
0.80385149 -0.55990899 0.20081024 0.56810528 0.82271785 0.01979378
0.74571633 -0.63810527 0.19164792 0.64326954 0.76446819 0.04234142
0.72498608 -0.62989271 0.27862245 0.64472175 0.76295549 0.04725349
0.77123117 -0.57538790 0.27227062 0.58427781 0.80962276 0.05595141
0.82394487 -0.51005542 0.24689749 0.51605344 0.85537779 0.04491924
0.86597157 -0.42128423 0.26946777 0.42667484 0.90346217 0.04128919
0.91594249 -0.28963727 0.27777624 0.29140365 0.95592755 0.03586788
0.95036030 -0.12446716 0.28517237 0.13434857 0.99081641 -0.01527302
0.97492123 0.00110017 0.22254758 0.00580352 0.99952203 -0.03036479
0.97836143 0.00970700 0.20667541 -0.00303430 0.99946457 -0.03257844
0.98489201 -0.02780768 0.17092276 0.03487023 0.99865162 -0.03845726
0.99004292 0.07080509 0.12166227 -0.06793883 0.99730897 -0.02755327
0.98271090 0.13976249 0.12143204 -0.13591266 0.98993433 -0.03946926
0.98813987 0.14458425 0.05172084 -0.14376928 0.98942572 -0.01916443
0.97346044 0.11061133 0.20034966 -0.12677433 0.98948056 0.06968844
0.99246836 0.10570368 0.06191449 -0.10401704 0.99412692 -0.02986817
0.99275714 0.10185530 0.06370895 -0.10051924 0.99464935 -0.02384445
0.99199915 0.10699704 0.06700213 -0.10534515 0.99404901 -0.02773061
0.97892249 0.19900988 0.04589135 -0.19854583 0.97998428 -0.01450415
0.97685885 0.19710843 0.08303700 -0.19597679 0.98036963 -0.02164631
0.97803432 0.20516486 0.03682756 -0.20507339 0.97872645 -0.00628520
0.92718947 0.19070487 0.32241493 -0.19523799 0.98058057 -0.01854408
0.74506402 0.15778279 0.64806199 -0.16342592 0.98518562 -0.05197434
0.60987669 0.13296275 0.78126264 -0.18600833 0.98230243 -0.02197403
0.90614182 0.19116014 0.37731275 -0.19679530 0.98015177 -0.02396289
0.86023808 0.17996617 0.47707731 -0.18637879 0.98187822 -0.03432298
0.91451234 0.19646913 0.35364819 -0.20907630 0.97789586 -0.00261129
0.97215003 0.21554585 0.09200154 -0.21553692 0.97644293 -0.01015187
0.97493058 0.21795508 0.04478917 -0.21792725 0.97594917 -0.00556341
0.97737175 0.20123185 0.06519332 -0.20329079 0.97875726 0.02659079
0.97136450 0.21466272 0.10183820 -0.21795368 0.97570568 0.02223963
0.97014898 0.19949441 0.13788745 -0.20245306 0.97926223 0.00763149
0.97226495 0.19088939 0.13513777 -0.19084023 0.98152912 -0.01343984
0.97467619 0.17275813 0.14198953 -0.17244691 0.98491079 -0.01458886
0.96951360 0.16893673 0.17749332 -0.16808185 0.98557109 -0.01995304
0.96712089 0.17089555 0.18833992 -0.17021631 0.98520583 -0.01989766
0.96046251 0.14050470 0.24035446 -0.13670808 0.99007863 -0.03248418
0.95224655 0.13860443 0.27205759 -0.14013232 0.99003518 -0.01390417
0.95743418 0.13266961 0.25635639 -0.13414444 0.99089146 -0.01180657
0.94701624 0.06541995 0.31445280 -0.06659204 0.99775559 -0.00702607
0.93194383 0.06179217 0.35729885 -0.06561549 0.99784398 -0.00142455
0.92615545 0.00334294 0.37712726 -0.00961540 0.99984497 0.01475081
0.91031206 0.00539239 0.41388753 -0.01295035 0.99979669 0.01545726
0.89796597 -0.06368180 0.43543288 0.05141979 0.99787980 0.03989951
0.86987895 -0.06275620 0.48925695 0.04841974 0.99794722 0.04191675
0.88557237 -0.08549847 0.45656508 0.06485025 0.99604487 0.06073773
0.83805275 -0.09100136 0.53794652 0.06948148 0.99576497 0.06020452
0.84258544 -0.07959378 0.53264874 0.06046346 0.99674648 0.05329814
0.75192201 -0.07138045 0.65537632 0.03005273 0.99679887 0.07408666
0.76804543 0.01050007 0.64030927 -0.06737753 0.99564105 0.06449179
0.81050926 0.06633483 0.58195746 -0.10992289 0.99313939 0.03988915
0.77988940 0.24080400 0.57774222 -0.28956074 0.95712572 -0.00805610
0.85676539 0.27418828 0.43677679 -0.29379427 0.95557803 -0.02357176
0.88397092 0.28583023 0.36999539 -0.28776622 0.95632726 -0.05127172
0.87650239 0.22663964 0.42470944 -0.25568733 0.96668726 0.01182200
0.89961028 0.11723170 0.42066392 -0.14659335 0.98846561 0.03802882
0.93390697 0.16840778 0.31536746 -0.18373425 0.98278677 0.01928470
0.93533057 0.17398523 0.30803540 -0.18901590 0.98178232 0.01940276
0.94112259 0.18946213 0.27998650 -0.20766288 0.97751737 0.03655067
0.94737792 0.18495393 0.26127973 -0.20194954 0.97859806 0.03952463
0.94469917 0.19219871 0.26571244 -0.20803501 0.97758067 0.03251922
0.94938058 0.19605321 0.24543771 -0.22129069 0.97195476 0.07958948
-0.26025572 0.95424664 0.14724244 -0.94450539 -0.21995062 -0.24399047
0.95067984 0.20156467 0.23575333 -0.22695392 0.97012228 0.08575984
0.95492780 0.22658664 0.19175872 -0.23711058 0.97090387 0.03352971
0.93463904 0.22818905 0.27272630 -0.25952974 0.96203256 0.08448521
0.85143977 0.36359656 0.37795231 -0.41094065 0.91028762 0.05004266
0.85651231 0.36857390 0.36130312 -0.37881500 0.92437994 -0.04495553
-0.44352612 0.84893245 0.28739908 -0.86013621 -0.31304935 -0.40269825
0.96248949 0.21182227 0.16954488 -0.23050761 0.96800214 0.09918753
0.96768099 0.20910247 0.14096013 -0.21750686 0.97492933 0.04694317
0.96663916 0.20093007 0.15885806 -0.20959929 0.97698236 0.03966898
0.96004975 0.19517620 0.20052606 -0.20550986 0.97813600 0.03187018
0.96540684 0.20109722 0.16598064 -0.20923664 0.97731078 0.03291959
0.96269894 0.18997495 0.19266620 -0.19862545 0.97971874 0.02644205
0.95655453 0.18326735 0.22675219 -0.19323036 0.98089880 0.02235317
0.96098000 0.18418694 0.20637994 -0.19109285 0.98147404 0.01386608
0.96121740 0.21180798 0.17663094 -0.22740525 0.97105384 0.07308409
-0.25800213 0.95863873 0.12019467 -0.96336961 -0.24584067 -0.10715139
-0.25636101 0.95983791 0.11397439 -0.96413988 -0.24555434 -0.10068458
0.95631403 0.19956559 0.21362823 -0.21651028 0.97450435 0.05886063
0.95147878 0.19659272 0.23672673 -0.21535614 0.97493207 0.05593886
0.95750678 0.18291423 0.22298700 -0.19267896 0.98100024 0.02265824
0.95546186 0.17806549 0.23534089 -0.18314609 0.98308569 -0.00027407
0.88196462 0.29618365 0.36662483 -0.32482788 0.94561142 0.01748940
0.66491854 0.21507546 0.71528029 -0.45996380 0.87242490 0.16525176
0.79775488 -0.09192484 0.59593374 0.13443308 0.99055028 -0.02716483
0.84210753 -0.17839473 0.50895017 0.15843117 0.98389792 0.08273134
0.83025640 -0.22941309 0.50798041 0.22675782 0.97156346 0.06815672
0.86828321 -0.24862033 0.42926940 0.24968234 0.96677071 0.05489295
0.89579588 -0.24478105 0.37098807 0.24007729 0.96892202 0.05960713
0.77569318 -0.34361699 0.52936518 0.36567232 0.92834562 0.06677007
0.83898258 -0.41712460 0.34945002 0.42498836 0.90334237 0.05794397
0.85391802 0.07420126 0.51509053 -0.09775628 0.99503428 0.01872109
0.92323697 -0.08653034 0.37436083 0.09310187 0.99565643 0.00053262
0.89273393 0.08394001 0.44269654 -0.10826611 0.99367172 0.02991667
0.93192548 -0.03806145 0.36064696 0.04580179 0.99886680 -0.01293656
0.93111515 0.12505654 0.34261575 -0.13346565 0.99105299 0.00097561
0.95223725 0.03894702 0.30286536 -0.03049092 0.99900323 -0.03260066
0.93778950 0.13532771 0.31974578 -0.14452198 0.98948854 0.00508521
0.95262748 0.17501329 0.24873924 -0.17964773 0.98372239 -0.00412939
0.96166188 0.18050642 0.20645563 -0.18268941 0.98313308 -0.00860422
0.97437912 0.17005114 0.14720085 -0.16629700 0.98536104 -0.03753678
0.96676624 0.19786581 0.16190188 -0.20437694 0.97858739 0.02443297
0.96929020 0.21103621 0.12625457 -0.21811749 0.97488379 0.04501551
0.97775626 0.20883499 0.01951280 -0.20897388 0.97790664 0.00535090
0.97787768 0.19807777 0.06723414 -0.19803558 0.98016721 -0.00735863
0.99459732 0.07508659 0.07168108 -0.07272268 0.99673653 -0.03504071
0.99362516 0.06853003 0.08951410 -0.07237423 0.99655795 0.04042608
0.98855686 -0.10481303 0.10848789 0.10667860 0.99422681 -0.01152123
0.97911525 0.13460948 0.15236065 -0.13271245 0.99089694 -0.02260003
0.96855158 0.04129118 0.24536274 -0.03920006 0.99914151 -0.01340239
0.95155573 -0.03506685 0.30547008 0.04025254 0.99913239 -0.01069209
0.90584785 -0.29177302 0.30709657 0.29673114 0.95444000 0.03154248
0.85023183 -0.41824418 0.31965250 0.42152342 0.90466148 0.06249549
0.75576812 -0.53308815 0.38030460 0.55907226 0.82766157 0.04913853
0.71149534 -0.67714494 0.18774748 0.68636262 0.72696066 0.02084696
0.83030367 -0.51136971 0.22157836 0.51593006 0.85563153 0.04136394
0.89461976 -0.41090509 0.17553493 0.41301933 0.91034973 0.02604637
0.73041499 -0.66727555 0.14573047 0.67434108 0.73841900 0.00123572
0.71552068 -0.68563348 0.13392894 0.69138473 0.72247052 0.00485252
