0.24751459 0.12545735 0.96072733 0.18011500 0.96833873 -0.17285477
0.18543285 0.96962780 -0.15948878 -0.24291451 -0.11203483 -0.96355635
0.18712194 0.96954787 -0.15799473 -0.23026007 -0.11306434 -0.96653855
0.22775000 0.96070927 -0.15864284 -0.15443593 -0.12522288 -0.98003513
0.22564235 0.96195871 -0.15401621 -0.17872727 -0.11453471 -0.97720951
0.25827676 0.95379448 -0.15352288 -0.13419637 -0.12195285 -0.98342204
0.35774714 0.02301903 0.93353480 0.27801120 0.95173949 -0.13000678
0.26510981 0.94810361 -0.17554575 -0.25570953 -0.10640951 -0.96087968
0.30905354 0.93402439 -0.17912111 -0.23788565 -0.10643405 -0.96544403
0.31706607 0.92914772 -0.19014107 -0.28394422 -0.09828953 -0.95378971
0.35214904 0.91640204 -0.19025886 -0.24371640 -0.10648369 -0.96398318
0.38317057 0.90213889 -0.19830731 -0.28578603 -0.08837004 -0.95421016
0.47905898 0.85058230 -0.21682304 -0.01045337 -0.24146646 -0.97035289
0.46625274 0.85575736 -0.22424941 -0.28349441 -0.09558588 -0.95419824
0.46552119 0.85333437 -0.23475638 -0.30407512 -0.09489198 -0.94791025
0.60203612 0.76018721 -0.24427046 -0.09838569 -0.23296721 -0.96749502
-0.30961978 0.47591653 0.82318836 0.67364860 0.72077703 -0.16333419
0.59527075 0.76652336 -0.24102846 -0.44561687 0.06531218 -0.89283812
0.67229652 0.68915564 -0.27033669 -0.32672977 -0.05145676 -0.94371599
0.73254788 0.61279273 -0.29640964 -0.34049696 -0.04718778 -0.93906075
0.75618613 0.57706130 -0.30851707 -0.38815725 0.01600306 -0.92145419
0.73873746 0.58945060 -0.32682574 -0.18995520 -0.28316620 -0.94007123
0.73460042 0.59341627 -0.32896703 -0.44066414 0.04860111 -0.89635545
0.64175701 0.70588517 -0.29978999 -0.29577240 -0.13285425 -0.94597489
0.62507421 0.72133237 -0.29826474 -0.32223293 -0.10957249 -0.94029778
0.54149151 0.79710144 -0.26723826 -0.43323851 -0.00784364 -0.90124518
0.50535721 0.82385939 -0.25665113 -0.42281139 -0.02286430 -0.90592927
0.46085221 0.85424465 -0.24058542 -0.26035503 -0.12902592 -0.95685297
0.47961456 0.84136969 -0.24913262 -0.44256303 -0.01321967 -0.89664000
0.47396493 0.84506094 -0.24744539 -0.45868662 -0.00293112 -0.88859332
0.51884454 0.81396514 -0.26126820 -0.55909050 0.09189140 -0.82399875
0.55317742 0.78547692 -0.27752611 -0.46855050 0.01790653 -0.88325524
0.52107888 0.81363565 -0.25782540 -0.58786488 0.12313125 -0.79953343
0.58958226 0.72637403 -0.35323313 -0.63585329 0.14771847 -0.75754207
0.72934687 -0.11247688 0.67483491 0.41782939 0.85429406 -0.30919313
0.57783657 0.00250345 0.81614870 0.37596607 0.88675779 -0.26890552
0.65873754 -0.04294004 0.75114650 0.33008188 0.91365272 -0.23724407
0.69694024 -0.07130792 0.71357512 0.35859135 0.89636481 -0.26065770
0.56148648 -0.00328703 0.82747948 0.33128673 0.91724664 -0.22115108
0.38813809 0.89599228 -0.21574678 -0.46257934 -0.01307029 -0.88648158
0.38906914 0.89560205 -0.21569002 -0.46616906 -0.01053423 -0.88463295
0.37362200 0.90365034 -0.20933872 -0.44163337 -0.02516454 -0.89684266
0.45998940 0.03014696 0.88741249 0.31728330 0.92785853 -0.19598445
0.42463160 0.04295253 0.90434676 0.30124414 0.93525666 -0.18586834
0.49419835 -0.00030120 0.86934912 0.31700069 0.93121046 -0.17988256
0.38379499 0.03885355 0.92260057 0.29502705 0.94158971 -0.16238227
0.36639699 0.04183368 0.92951775 0.27649671 0.94896644 -0.15169834
0.38586211 0.03197499 0.92200214 0.26739505 0.95262349 -0.14494300
0.35497159 0.03645589 0.93416607 0.23614801 0.96333891 -0.12732768
0.33397236 0.04497691 0.94150925 0.24484970 0.96043241 -0.13273405
0.34362081 0.03884645 0.93830472 0.21843767 0.96843362 -0.12008884
0.36215740 0.03441669 0.93148136 0.21154092 0.97020835 -0.11809413
0.36448434 0.03472149 0.93056202 0.19300096 0.97478926 -0.11196669
0.35716763 0.03500229 0.93338424 0.19490628 0.97450620 -0.11112697
0.44596037 0.01930659 0.89484447 0.19494225 0.97367126 -0.11815996
0.47390020 0.01085758 0.88051164 0.19363531 0.97416443 -0.11622888
0.48225832 0.05209590 0.87447870 0.16426516 0.97514647 -0.14868215
0.45638353 0.11094000 0.88283998 0.18878759 0.95753342 -0.21791980
0.47320753 0.15449601 0.86729789 0.22286287 0.93148315 -0.28752613
0.39246228 0.18025702 0.90193170 0.14744173 0.95559657 -0.25513944
0.30824199 0.24692245 0.91870356 0.20499846 0.92579687 -0.31760967
0.67624903 0.11061530 0.72832102 -0.03323637 0.99223697 -0.11983799
0.59763503 0.11024895 0.79415208 0.12852691 0.96451759 -0.23062240
0.69687396 0.06869993 0.71389574 0.28293774 0.88833296 -0.36167791
0.76616138 0.01392632 0.64249736 0.05299919 0.99499029 -0.08476686
0.68398392 0.02958771 0.72889686 0.18716584 0.95861316 -0.21454556
0.91659296 -0.09773187 0.38769299 0.21155098 0.94135839 -0.26285082
0.64979845 0.01300889 0.75999528 0.16733836 0.97287464 -0.15972759
0.69875407 -0.01846640 0.71512359 0.20612286 0.96246719 -0.17655115
0.67894530 -0.02467039 0.73377430 0.17631134 0.97566772 -0.13033389
0.65305096 -0.03219282 0.75662947 0.19686748 0.97196448 -0.12856255
0.54036850 -0.00216965 0.84142572 0.19956608 0.97179413 -0.12565671
0.56594563 -0.02225725 0.82414210 0.20209213 0.97288311 -0.11250419
0.58365589 -0.03311324 0.81132567 0.22576012 0.96639103 -0.12296651
0.58420813 -0.03294220 0.81093508 0.23265289 0.96404082 -0.12844440
0.59548897 -0.03640881 0.80253810 0.22644222 0.96607447 -0.12419377
0.49093747 -0.00031703 0.87119478 0.23515242 0.96293110 -0.13216315
0.48179647 0.00280161 0.87627876 0.22059515 0.96740234 -0.12438077
0.62601697 -0.04244346 0.77865362 0.24615057 0.95822287 -0.14566702
0.61980259 -0.03915537 0.78378034 0.25794387 0.95342553 -0.15634806
0.54098487 -0.00713196 0.84100211 0.26746079 0.94951057 -0.16399530
0.54047632 -0.00462083 0.84134650 0.26260105 0.95095646 -0.16347061
0.59009767 -0.02360345 0.80698681 0.27450159 0.94588548 -0.17305934
0.59868091 -0.02300813 0.80065715 0.28462666 0.94046050 -0.18580025
0.59418023 -0.02022191 0.80407774 0.28793541 0.93878150 -0.18916278
0.66791463 -0.04584422 0.74282455 0.26910615 0.94544488 -0.18361904
0.71608770 -0.06067192 0.69536853 0.26822072 0.94364667 -0.19387805
0.69929630 -0.04623219 0.71333528 0.26481211 0.94366091 -0.19844054
0.72262651 -0.05084024 0.68936652 0.22842532 0.95882791 -0.16873342
0.71195573 -0.04576772 0.70073140 0.21186489 0.96537387 -0.15220588
0.74149513 -0.06208981 0.66807926 0.22559041 0.96081251 -0.16108496
0.65771198 -0.03592303 0.75241250 0.21715595 0.96549761 -0.14372762
0.70425570 -0.04728212 0.70837027 0.19423832 0.97254181 -0.12819511
0.74195319 -0.05251594 0.66839176 0.20975223 0.96506554 -0.15701123
0.75532693 -0.05427767 0.65309668 0.20923354 0.96438062 -0.16183728
0.77627355 -0.06284672 0.62725580 0.20319542 0.96685660 -0.15459639
0.79500353 -0.07265886 0.60223758 0.19375664 0.97120976 -0.13860014
0.81447631 -0.07985817 0.57467479 0.17610835 0.97777987 -0.11372058
0.81548059 -0.07543087 0.57384813 0.19183762 0.97065234 -0.14502566
0.81406099 -0.07548621 0.57585299 0.19108228 0.97112757 -0.14282450
0.82167339 -0.07951447 0.56438500 0.19350845 0.97032171 -0.14501826
0.77604836 -0.05933400 0.62787616 0.18634482 0.97268736 -0.13840178
0.80460238 -0.07057569 0.58960509 0.19301511 0.97007942 -0.14727890
0.84904832 -0.08987606 0.52061445 0.18618548 0.97310531 -0.13565052
0.87736303 -0.09952155 0.46939278 0.17585300 0.97688043 -0.12157465
0.79039705 -0.04580146 0.61088032 0.24807072 0.93570995 -0.25081426
0.81442690 -0.06078616 0.57707345 0.21187335 0.95698541 -0.19821376
0.85095835 -0.07548155 0.51978105 0.19811681 0.96264744 -0.18455276
0.88315326 -0.08128335 0.46198857 0.17376390 0.97149676 -0.16124567
0.81878632 0.00581868 0.57406902 0.26005295 0.88771772 -0.37990749
0.24153599 0.85066456 -0.46693709 -0.83595121 -0.06195884 -0.54529512
0.17172013 0.93641400 -0.30600828 -0.93957549 0.06229466 -0.33662629
0.95957869 -0.08614551 0.26793221 0.12347040 0.98435360 -0.12571061
0.98751158 -0.10695189 0.11568176 0.11250789 0.99273741 -0.04259710
0.98772967 -0.10726077 0.11351327 0.11223745 0.99293995 -0.03838110
0.97544497 -0.10444124 0.19390495 0.12667760 0.98626029 -0.10603528
0.95247167 -0.10169212 0.28715238 0.12162130 0.99119294 -0.05239144
0.98199850 -0.10728727 0.15546225 0.11063222 0.99377644 -0.01300068
0.99120295 -0.10744704 0.07727820 0.10978317 0.99359870 -0.02663321
0.13626587 0.99057710 -0.01373582 -0.99066663 0.13629892 0.00149552
0.99155819 -0.10418053 0.07719356 0.10203721 0.99429059 0.03121886
0.95627004 -0.10539643 0.27283567 0.11614379 0.99295449 -0.02349763
0.90807402 -0.09807887 0.40716356 0.13960320 0.98747730 -0.07348249
0.91130275 -0.10035249 0.39932024 0.13045095 0.99025071 -0.04884848
0.88523012 -0.09981143 0.45431846 0.15195352 0.98517382 -0.07964066
0.86282700 -0.09233974 0.49699402 0.18334047 0.97339398 -0.13744262
0.94548291 -0.11146958 0.30600095 0.15400976 0.98093450 -0.11852651
0.94344610 -0.09323034 0.31814733 0.14129947 0.98119652 -0.13148354
0.98171651 -0.10689183 0.15750210 0.11190063 0.99344724 -0.02325886
0.94049251 -0.07505044 0.33142316 0.15980659 0.95840979 -0.23645853
0.81804746 -0.05565425 0.57245165 0.18749632 0.96674025 -0.17394949
0.89875495 -0.10403035 0.42593116 0.17265305 0.97692817 -0.12570715
0.85672671 -0.09345761 0.50723273 0.17994893 0.97581071 -0.12414443
0.72564131 -0.04766197 0.68642050 0.22562411 0.95892280 -0.17193255
0.62516892 -0.03631926 0.77964401 0.26040155 0.95138592 -0.16448699
0.81380415 -0.09802970 0.57281142 0.19614391 0.97416377 -0.11194912
0.59404004 -0.03692652 0.80358750 0.23028700 0.96494478 -0.12589501
0.57377023 0.04567201 0.81774193 0.15925549 0.97316515 -0.16609453
0.68594843 -0.03974282 0.72656411 0.21515538 0.96493745 -0.15034622
0.73118091 -0.04154583 0.68091744 0.18916796 0.97134870 -0.14386545
0.77533162 -0.05199016 0.62941074 0.20404102 0.96378118 -0.17173572
0.74479574 -0.02896942 0.66666341 0.21821237 0.95470297 -0.20230067
0.76493520 0.04843609 0.64228362 0.19446255 0.93327057 -0.30197757
0.59828877 0.07689280 0.79758269 0.19211251 0.95258737 -0.23594525
0.51533228 -0.00868257 0.85694653 0.20221038 0.97294635 -0.11174309
0.44301915 0.01594043 0.89637047 0.20854332 0.97058254 -0.12032991
0.50100994 -0.00449891 0.86542982 0.23033880 0.96461129 -0.12833197
0.49409246 -0.00195539 0.86940718 0.25157434 0.95753878 -0.14081851
0.48734999 0.01663481 0.87304831 0.29254326 0.93892902 -0.18119258
0.52714688 0.00310358 0.84976858 0.30716804 0.93168157 -0.19395187
0.53655976 0.00683744 0.84383464 0.30350098 0.93149036 -0.20053153
0.68311822 -0.05428689 0.72828740 0.32706258 0.91438007 -0.23861942
0.40511242 0.88522190 -0.22861794 -0.50747901 0.00972264 -0.86160934
0.55896646 0.78214723 -0.27532202 -0.49553788 0.04887435 -0.86721021
0.60072058 0.73938340 -0.30405095 -0.50451022 0.05557992 -0.86161500
0.46479365 0.85232395 -0.23981413 -0.27884343 -0.11616087 -0.95328540
0.37921098 0.90114045 -0.21010722 -0.28891277 -0.10040512 -0.95207578
0.30580270 0.93207270 -0.19422969 -0.33942813 -0.08386997 -0.93688554
0.26376009 0.94823664 -0.17685552 -0.26115721 -0.10629927 -0.95942557
0.31112522 0.04332107 0.94938111 0.24629714 0.96115518 -0.12457328
0.23991038 0.06639090 0.96852219 0.19650340 0.97368610 -0.11542027
0.26976073 0.12801425 0.95438021 0.18560302 0.96562582 -0.18198436
0.20812830 0.96649700 -0.15022066 -0.14545880 -0.12129141 -0.98190135
0.20963204 0.96623087 -0.14984095 -0.14670028 -0.12043099 -0.98182249
0.23981993 0.95850348 -0.15413456 -0.20079230 -0.10636248 -0.97384268
0.24600296 0.95619196 -0.15868071 -0.23303711 -0.10056222 -0.96725434
0.22714980 0.96310920 -0.14430396 -0.09032389 -0.12670343 -0.98781979
0.22591557 0.96476334 -0.13488486 -0.09603037 -0.11573420 -0.98862720
0.19345485 0.97283429 -0.12715648 -0.03649393 -0.12237994 -0.99181223
0.19440313 0.97267300 -0.12694368 -0.07521771 -0.11425001 -0.99060047
0.23383753 0.03262397 0.97172821 0.20313694 0.97574073 -0.08164174
0.19574450 0.96997553 -0.14433147 -0.15844163 -0.11396348 -0.98076940
0.22466828 0.96637315 -0.12508842 -0.15115714 -0.09225347 -0.98419553
0.22804514 0.96603078 -0.12157309 0.00574307 -0.12619561 -0.99198878
0.26170549 0.95781612 -0.11873705 -0.02066874 -0.11743465 -0.99286550
0.27620587 0.95467395 -0.11094183 0.05121356 -0.12988797 -0.99020523
0.27153459 0.95663196 -0.10547181 0.10923556 -0.13951458 -0.98417646
0.22894679 0.96732074 -0.10896802 0.14111625 -0.14373986 -0.97950244
-0.26432750 0.11582083 0.95745319 0.26639572 0.96290702 -0.04293574
0.23616892 0.96424216 -0.12025506 0.08434306 -0.14363033 -0.98603076
0.23074588 0.96554554 -0.12032542 0.10950479 -0.14864619 -0.98280877
0.20592591 0.97051632 -0.12527063 0.09400825 -0.14704217 -0.98465282
0.20815939 0.97065616 -0.12040109 0.14695141 -0.15273683 -0.97728032
-0.18317004 0.09226848 0.97874171 0.21178018 0.97591335 -0.05236750
0.21071048 0.96924067 -0.12717570 0.07424619 -0.14558853 -0.98655540
0.21551222 0.96774542 -0.13047370 0.05558323 -0.14555395 -0.98778772
0.19954301 0.97166377 -0.12669742 0.05311625 -0.13983333 -0.98874938
-0.26127377 0.08203015 0.96177292 0.22094250 0.97501236 -0.02313844
-0.25536162 0.08025503 0.96350902 0.21305054 0.97672409 -0.02489036
-0.19086982 0.07014947 0.97910559 0.20060037 0.97918099 -0.03104923
-0.29126933 0.08698620 0.95267814 0.18910047 0.98144281 -0.03179753
-0.31777874 0.09250149 0.94364202 0.19250342 0.98079652 -0.03131658
-0.39095640 0.10184794 0.91475683 0.19239816 0.98094577 -0.02698861
-0.37122038 0.09957617 0.92319012 0.18862817 0.98158950 -0.03002663
-0.38465807 0.10207349 0.91739804 0.20306638 0.97887647 -0.02376966
-0.37574497 0.10044506 0.92126358 0.21149772 0.97716808 -0.02027921
-0.35330442 0.09483771 0.93068892 0.21798229 0.97581011 -0.01668602
-0.53283411 0.13147810 0.83594340 0.21949293 0.97552037 -0.01352515
-0.38207367 0.09594052 0.91913825 0.20937479 0.97772014 -0.01502101
-0.41013417 0.10039181 0.90648305 0.19711679 0.98018867 -0.01937002
-0.45594400 0.10985783 0.88320231 0.19333410 0.98088181 -0.02220104
-0.46066785 0.10818192 0.88095510 0.19231516 0.98113108 -0.01991843
-0.51422626 0.12260553 0.84884584 0.21232480 0.97711915 -0.01250783
-0.51382738 0.12134907 0.84926790 0.18839006 0.98174220 -0.02629738
-0.50329971 0.11725095 0.85612005 0.20043652 0.97957069 -0.01632477
-0.52026856 0.12157138 0.84530526 0.19921865 0.97978425 -0.01829696
-0.46571019 0.11171608 0.87785739 0.21440564 0.97668773 -0.01054937
-0.49328431 0.12145703 0.86134708 0.24955897 0.96833861 0.00637608
-0.46161228 0.10995281 0.88024116 0.24409546 0.96972686 0.00687684
-0.56617129 0.13092619 0.81382334 0.22124191 0.97521442 -0.00297399
-0.56546015 0.13068660 0.81435615 0.22143139 0.97517210 -0.00273994
-0.57832611 0.13351196 0.80480659 0.22916205 0.97338307 0.00319590
-0.55783325 0.12908219 0.81985354 0.23927078 0.97090209 0.00993720
-0.56605482 0.13137518 0.81383204 0.25453833 0.96683538 0.02096803
-0.50815552 0.11604835 0.85341132 0.22692306 0.97390902 0.00268530
-0.47959805 0.10829233 0.87078041 0.23482540 0.97200084 0.00845399
-0.46577889 0.10065981 0.87915736 0.26224887 0.96457934 0.02849959
-0.33762363 0.06984504 0.93868631 0.28343624 0.95850194 0.03062598
-0.47970802 0.10843860 0.87070161 0.32690135 0.94297868 0.06266430
-0.54561961 0.12795520 0.82820696 0.30081362 0.95231593 0.05104524
-0.52744412 0.12123851 0.84089476 0.29907417 0.95290834 0.05020330
-0.49193004 0.10708926 0.86402357 0.26621354 0.96337730 0.03216475
0.48993048 0.86871940 0.07276466 0.34218377 -0.11486677 -0.93258560
-0.50013566 0.13615552 0.85517609 0.35313478 0.93378192 0.05785443
-0.42364931 0.10488580 0.89973348 0.33270800 0.94186485 0.04686194
0.44737834 0.89429820 0.00913174 0.30926102 -0.14511301 -0.93984038
-0.45058355 0.11354572 0.88548398 0.42414165 0.90001112 0.10041836
-0.47101355 0.12035220 0.87387735 0.44117889 0.88999182 0.11522067
-0.52540284 0.14427075 0.83853316 0.38508302 0.91912889 0.08314560
-0.50498319 0.11659849 0.85521746 0.37449655 0.92230916 0.09538461
-0.58077562 0.14871490 0.80036467 0.35217348 0.93230754 0.08231967
-0.62387776 0.16580641 0.76373088 0.31859925 0.94630331 0.05481489
-0.66347814 0.18019237 0.72617316 0.33466169 0.93953508 0.07263236
-0.68007207 0.15376285 0.71683961 0.28460833 0.95644784 0.06485142
-0.68470609 0.15607855 0.71191090 0.28927270 0.95476407 0.06889711
-0.73440939 0.18545553 0.65287763 0.29100040 0.95508015 0.05604190
-0.61951548 0.14390290 0.77168173 0.29191658 0.95478499 0.05630627
-0.59922820 0.13667203 0.78882599 0.25271794 0.96723241 0.02439335
-0.70320362 0.16223168 0.69223237 0.27370462 0.96035391 0.05297392
-0.70501190 0.15900055 0.69114190 0.25168639 0.96720344 0.03422748
-0.75719291 0.16602983 0.63173813 0.23059183 0.97283018 0.02071059
-0.76722878 0.17037021 0.61833161 0.23528615 0.97162414 0.02423057
-0.74359578 0.15847607 0.64957738 0.20686640 0.97836739 -0.00188248
-0.75857705 0.16162430 0.63121980 0.20053007 0.97963810 -0.00984731
-0.67054981 0.14689267 0.72717637 0.19262090 0.98105794 -0.02055662
-0.68262249 0.15162081 0.71486902 0.18531632 0.98217845 -0.03135906
-0.67231590 0.15142134 0.72461224 0.20271650 0.97909826 -0.01651483
-0.64385736 0.14692050 0.75090754 0.21626377 0.97631902 -0.00559092
-0.63259524 0.14659481 0.76048231 0.21543090 0.97647732 -0.00902838
-0.60482967 0.14180614 0.78362751 0.20134214 0.97927821 -0.02180878
-0.58421314 0.13522506 0.80025572 0.21376207 0.97684419 -0.00901112
-0.59535128 0.13832965 0.79146808 0.21113974 0.97738218 -0.01200125
-0.63796085 0.14550443 0.75619733 0.21334279 0.97694474 -0.00799452
-0.65534580 0.14910856 0.74046510 0.21560538 0.97646332 -0.00581114
-0.69323045 0.15696405 0.70341587 0.21548830 0.97649074 -0.00553142
-0.66133529 0.15154347 0.73462248 0.22528788 0.97429055 0.00182880
-0.64757675 0.14931752 0.74722737 0.23500712 0.97194779 0.00944331
-0.65343255 0.14874429 0.74222708 0.23840952 0.97104442 0.01528810
-0.62044156 0.14220895 0.77125150 0.24532664 0.96926135 0.01863622
-0.61677772 0.14129408 0.77435219 0.23105788 0.97291821 0.00651357
-0.67458385 0.15203589 0.72237235 0.21670078 0.97623312 -0.00310036
-0.60546345 0.13980956 0.78349692 0.19930622 0.97971636 -0.02080552
-0.60351777 0.14165209 0.78466624 0.19825102 0.97984743 -0.02440455
-0.56307036 0.13151751 0.81587684 0.17659163 0.98360050 -0.03668096
-0.67025411 0.14824875 0.72717392 0.20347740 0.97900563 -0.01203950
-0.69506872 0.15230446 0.70262569 0.21645886 0.97628856 0.00250589
-0.70212001 0.15377289 0.69525641 0.22449793 0.97441024 0.01119961
-0.73370034 0.15535221 0.66147536 0.22641113 0.97377348 0.02243477
-0.75356376 0.15826093 0.63804007 0.22340657 0.97447377 0.02214591
-0.79138339 0.16779667 0.58784074 0.23715892 0.97055233 0.04223620
-0.75886363 0.15439805 0.63268262 0.20871902 0.97790569 0.01170022
-0.76879227 0.16095817 0.61891109 0.24555239 0.96791720 0.05329454
-0.82316446 0.17643099 0.53969663 0.23689336 0.97053689 0.04404216
-0.81385642 0.16402559 0.55743462 0.22766487 0.97264338 0.04619034
-0.82669461 0.16470213 0.53800488 0.23328263 0.97047079 0.06136546
-0.85954905 0.17389661 0.48055747 0.23131061 0.97087628 0.06240816
-0.82521558 0.16494106 0.54019785 0.24717440 0.96542597 0.08280999
-0.75386077 0.16662136 0.63555586 0.26804686 0.96114510 0.06596221
-0.76127917 0.17600299 0.62408102 0.29664844 0.95036483 0.09384233
-0.77412623 0.17971548 0.60698515 0.29710400 0.94983476 0.09768937
-0.77931529 0.18128479 0.59983623 0.29909617 0.94877207 0.10184830
-0.78444487 0.18532664 0.59186178 0.31025589 0.94357997 0.11575016
-0.78467804 0.18706597 0.59100485 0.32240883 0.93744451 0.13134101
-0.77961582 0.18698235 0.59769285 0.33283991 0.93214887 0.14253449
-0.76541340 0.19056882 0.61467540 0.34879926 0.92553502 0.14739089
-0.74726218 0.18273011 0.63891232 0.35910013 0.92002112 0.15687032
-0.72721606 0.18950647 0.65973037 0.37561995 0.91432273 0.15140547
-0.72050399 0.22322218 0.65654087 0.39956775 0.90744382 0.12996687
-0.71730673 0.22325583 0.66002125 0.39902040 0.90818048 0.12645566
-0.70800000 0.21442202 0.67287391 0.36517242 0.92668223 0.08893343
-0.67847079 0.19848478 0.70730561 0.35657704 0.93076110 0.08084929
-0.66881526 0.19764514 0.71667475 0.37806454 0.92047405 0.09896833
-0.64142376 0.18380009 0.74484438 0.38097346 0.91902041 0.10129555
-0.60417342 0.16340820 0.77991813 0.40301287 0.90700424 0.12216379
-0.61176658 0.16844723 0.77289534 0.42565864 0.89364797 0.14215535
-0.59189171 0.17583410 0.78660452 0.47378778 0.86541158 0.16305801
-0.59067154 0.17983760 0.78661656 0.47107077 0.86833340 0.15520789
-0.51290399 0.16776186 0.84189403 0.27488330 0.96117646 -0.02406481
-0.52260256 0.18608984 0.83201998 0.53586656 0.83072942 0.15078360
0.62321591 0.78061891 0.04728831 0.41539484 -0.27919060 -0.86573660
-0.48468459 0.34922993 0.80194724 0.65816677 0.74947840 0.07140484
0.84186292 0.47161293 -0.26238933 0.07701901 -0.58619428 -0.80650133
0.12455031 -0.55923980 -0.81959635 -0.84997392 -0.48629072 0.20264687
0.85301012 0.44955257 -0.26509663 0.02191506 -0.53835678 -0.84243202
0.86413670 0.42951420 -0.26226953 -0.02541785 -0.48322979 -0.87512451
0.88118380 0.39544964 -0.25910372 -0.05701371 -0.45516494 -0.88858002
0.89056206 0.37248802 -0.26105914 -0.10663706 -0.38696355 -0.91590816
0.81680411 0.49940231 -0.28883970 -0.06120721 -0.42282188 -0.90414345
0.79935622 0.52379233 -0.29439986 -0.08179525 -0.39054471 -0.91694301
0.74759007 0.59034014 -0.30431509 0.03894940 -0.49637562 -0.86723363
0.70286608 0.63418722 -0.32215819 0.00422999 -0.45661899 -0.88965231
0.71479368 0.62805164 -0.30760548 -0.02913572 -0.41272786 -0.91038829
0.74421734 0.60231686 -0.28871283 0.04630736 -0.47773194 -0.87728435
0.76920694 0.57532823 -0.27806121 0.03821202 -0.47578704 -0.87873012
-0.45296809 0.24999857 0.85575736 0.56325835 0.82428902 0.05733745
-0.45326629 0.25222525 0.85494572 0.56872094 0.82037628 0.05949204
-0.49162814 0.26813009 0.82849747 0.48844332 0.87256384 0.00744946
0.57578325 0.81757116 -0.00715068 0.33499286 -0.24388239 -0.91011059
0.63363343 0.74835080 -0.19616258 0.16916236 -0.38144642 -0.90878093
0.55727971 0.79817784 -0.22880462 0.11320700 -0.34602541 -0.93137032
0.54003614 0.81039071 -0.22721776 0.04638981 -0.29821989 -0.95336926
0.54262346 0.80746365 -0.23143521 0.02904437 -0.29339758 -0.95554924
0.53207594 0.81450891 -0.23123671 -0.06250018 -0.23457660 -0.97008640
0.42037404 0.88779449 -0.18736777 -0.08586092 -0.16665131 -0.98227048
0.47394344 0.86207223 -0.17946900 -0.08015152 -0.16073270 -0.98373818
0.46013203 0.87000525 -0.17711440 0.06282346 -0.23089081 -0.97094935
0.55783725 0.81346291 -0.16460760 0.16282415 -0.30174544 -0.93938172
0.42792463 0.89038992 -0.15519787 0.07669311 -0.20686717 -0.97535849
0.39161438 0.91185564 -0.12311589 0.19603500 -0.21341461 -0.95709169
-0.53561980 0.16529006 0.82812482 0.34205005 0.93907374 0.03379829
0.31632465 0.94748193 -0.04708195 0.24912694 -0.13085669 -0.95958966
0.42937559 0.88845551 -0.16212186 0.11327789 -0.23107539 -0.96631896
0.37667829 0.91358078 -0.15324384 -0.01171974 -0.16071546 -0.98693126
0.43938604 0.88095576 -0.17566125 -0.16420755 -0.11348554 -0.97987598
0.42648196 0.88641000 -0.17997383 -0.36280224 -0.01462333 -0.93175143
0.51178145 0.81966716 -0.25734326 -0.26279005 -0.13582909 -0.95524442
0.57003629 0.77305138 -0.27829894 -0.09829552 -0.27212149 -0.95722932
0.57199627 0.77172303 -0.27796367 -0.11680522 -0.25878739 -0.95884603
0.52376336 0.79835540 -0.29715410 -0.01151228 -0.34216270 -0.93957019
0.67864245 0.67040616 -0.30000007 -0.15032662 -0.27302647 -0.95018864
0.67384809 0.66765267 -0.31649444 -0.16370362 -0.28279638 -0.94510704
0.63914126 0.70008111 -0.31841001 -0.12016656 -0.31802201 -0.94043714
0.73810691 0.60539049 -0.29782635 -0.20119542 -0.22384404 -0.95363212
0.78295332 0.54589045 -0.29830804 -0.18534929 -0.25304306 -0.94953400
0.77447432 0.55726123 -0.29941514 -0.19367149 -0.24171333 -0.95082390
0.79178309 0.53163487 -0.30073908 -0.27536818 -0.12879837 -0.95267171
0.74170208 0.60275930 -0.29420969 -0.25654203 -0.15034883 -0.95476776
0.80230546 0.51067275 -0.30906197 -0.29432648 -0.11200308 -0.94911921
0.84576750 0.43607318 -0.30743697 -0.21353300 -0.25140607 -0.94403321
0.85353363 0.42130563 -0.30656490 -0.21225396 -0.25619239 -0.94303429
0.87516892 0.38383645 -0.29453161 -0.14352621 -0.37539145 -0.91568637
0.89314502 0.34666768 -0.28655452 -0.15229428 -0.36638075 -0.91791701
0.90690023 0.29900256 -0.29686615 -0.13297805 -0.46544451 -0.87503046
0.90749395 0.29632556 -0.29773471 -0.13508721 -0.46526158 -0.87480462
0.92089659 0.29663205 -0.25290108 -0.12611949 -0.38715789 -0.91334695
0.91769588 0.34581214 -0.19557178 -0.06323622 -0.35885018 -0.93125069
0.91868484 0.34673554 -0.18918940 -0.05426766 -0.36363122 -0.92996097
0.94650674 0.28039527 -0.15969831 -0.08593988 -0.25798592 -0.96231890
0.94486082 0.28561044 -0.16020235 -0.08441800 -0.26023877 -0.96184689
0.94138682 0.29628375 -0.16126646 -0.05913169 -0.32572621 -0.94361323
0.93566287 0.31108662 -0.16661385 -0.06778764 -0.30490348 -0.94996780
0.93874574 0.30137438 -0.16712274 -0.06326068 -0.32601368 -0.94324607
0.90093887 0.40199763 -0.16342306 -0.20441659 0.06095834 -0.97698414
0.94701225 0.22076569 -0.23330319 -0.17909779 -0.24001831 -0.95410442
0.91268921 0.31660771 -0.25837573 -0.21552601 -0.16424340 -0.96258646
0.89924467 0.34975109 -0.26274201 -0.20630307 -0.19056486 -0.95975214
0.90525526 0.33215591 -0.26492533 -0.22404160 -0.15661435 -0.96191341
0.86204940 0.42383003 -0.27791905 -0.24997659 -0.12145887 -0.96060371
0.89210951 0.35629466 -0.27783960 -0.19287650 -0.25577337 -0.94730073
0.89326763 0.35117802 -0.28061891 -0.20108932 -0.24614407 -0.94814360
0.87368470 0.38827989 -0.29311064 -0.26377359 -0.12817501 -0.95603073
0.89485699 0.35573691 -0.26959652 -0.18522450 -0.25358415 -0.94941407
0.91480422 0.30287319 -0.26720983 -0.14968064 -0.36024997 -0.92076904
0.90029234 0.34345102 -0.26742327 -0.19294003 -0.23585069 -0.95244348
0.03655551 -0.32317910 -0.94563156 -0.96306634 -0.26399761 0.05299434
0.93966585 0.30125502 -0.16209127 -0.06759934 -0.30096245 -0.95123708
0.90955859 0.32436013 -0.25979546 -0.14181703 -0.34535646 -0.92769438
-0.00390157 -0.53853053 -0.84259701 -0.94055468 -0.28419104 0.18599069
0.88434219 0.41037738 -0.22255179 -0.02574623 -0.43312198 -0.90096754
-0.00790773 -0.53478742 -0.84494966 -0.90399224 -0.35739490 0.23466344
0.11962746 -0.72400582 -0.67934155 -0.90478396 -0.36119640 0.22561742
0.07023957 -0.64338928 -0.76231015 -0.91073918 -0.35313335 0.21412842
0.07977761 -0.65421772 -0.75208688 -0.90062237 -0.37066913 0.22690037
0.11081435 -0.68561602 -0.71947968 -0.90292931 -0.37193781 0.21536261
0.12199228 -0.68723786 -0.71611601 -0.88297158 -0.40466249 0.23792744
0.08896905 -0.65501326 -0.75036144 -0.88418996 -0.39878187 0.24327192
0.12000304 -0.65495938 -0.74607468 -0.88649613 -0.40899023 0.21645252
0.13411175 -0.65203869 -0.74623030 -0.87977153 -0.42492178 0.21317516
0.12821348 -0.64145720 -0.75636899 -0.85295588 -0.46043548 0.24589741
0.83088601 0.47032681 -0.29735696 -0.01046692 -0.52108425 -0.85344112
0.09770809 -0.63585246 -0.76560098 -0.88451988 -0.40808237 0.22603863
0.01270771 -0.54153603 -0.84058154 -0.88377476 -0.39932001 0.24389710
-0.00014076 -0.53624457 -0.84406263 -0.89004344 -0.38472062 0.24456666
-0.00525384 -0.53708184 -0.84351385 -0.89036101 -0.38148662 0.24844563
0.05906006 -0.62924629 -0.77495873 -0.92836398 -0.31998825 0.18907093
-0.01991112 -0.51979840 -0.85405695 -0.90508705 -0.35354194 0.23627445
0.88885868 0.35732654 -0.28678921 -0.13229005 -0.39912415 -0.90730333
0.86941326 0.38856584 -0.30518392 -0.27314106 -0.13672376 -0.95220834
0.80243605 0.50370830 -0.31995991 -0.32161874 -0.08658282 -0.94290233
0.80084872 0.50577509 -0.32067561 -0.24856013 -0.20644665 -0.94636023
0.80248696 0.51952171 -0.29344827 -0.12010575 -0.34109408 -0.93232483
0.66723633 0.66405171 -0.33738866 0.01737039 -0.46671367 -0.88423795
0.59777838 0.74630570 -0.29272646 -0.35407731 -0.08180749 -0.93163127
0.59705842 0.74948072 -0.28600678 -0.34338385 -0.08343628 -0.93548167
0.49683344 0.84813768 -0.18389970 0.01525531 -0.22040607 -0.97528893
0.57145262 0.78071302 -0.25284213 -0.09608281 -0.24233359 -0.96542352
0.51343125 0.83671981 -0.19049481 0.11362845 -0.28632256 -0.95137167
0.52400804 0.82978332 -0.19202918 0.14399324 -0.30852610 -0.94025403
0.70169413 0.63599849 -0.32114083 -0.07466607 -0.38261342 -0.92088652
0.75369221 0.58381152 -0.30184805 0.06495395 -0.52319318 -0.84973526
0.82441497 0.49297494 -0.27805695 0.02725512 -0.52528763 -0.85048819
0.80286926 0.52031922 -0.29097930 -0.07044904 -0.40186545 -0.91298473
0.85984457 0.41560516 -0.29654625 -0.05976163 -0.49490857 -0.86688757
0.82537353 0.48835877 -0.28330967 -0.03092702 -0.46193826 -0.88637275
0.82808673 0.48629168 -0.27891377 0.02935709 -0.53446108 -0.84468317
-0.51353395 0.30504873 0.80201507 0.59626794 0.79899776 0.07789201
-0.58457953 0.23640937 0.77612978 0.52784556 0.83729553 0.14253189
-0.58552039 0.23750898 0.77508420 0.53366083 0.83264875 0.14799385
-0.60446012 0.26336452 0.75184250 0.55699450 0.81446195 0.16250822
0.58334333 -0.25754553 -0.77031219 -0.59070587 -0.78545821 -0.18472135
0.52975816 -0.38685316 -0.75478542 -0.68517196 -0.71971583 -0.11202002
0.54828507 -0.39333877 -0.73801643 -0.67761409 -0.72614783 -0.11639798
0.57103133 -0.37550861 -0.73001140 -0.65859061 -0.74041981 -0.13430190
-0.60981625 0.37881070 0.69615138 0.61346650 0.78173798 0.11200309
-0.62120354 0.38296396 0.68369931 0.60785633 0.78611380 0.11196344
0.65044814 -0.34852466 -0.67486876 -0.58537585 -0.79619229 -0.15301341
-0.65262926 0.30701801 0.69268680 0.54309875 0.82703179 0.14512835
-0.68815184 0.30742463 0.65721935 0.50550753 0.85292190 0.13033199
-0.60292202 0.22119638 0.76652271 0.49508131 0.85715342 0.14206512
0.53702116 0.83287227 0.13391076 0.44694847 -0.14629170 -0.88251674
-0.67112297 0.19486357 0.71527767 0.34130281 0.93771923 0.06477040
-0.67406732 0.19358344 0.71285254 0.39240652 0.91145772 0.12353922
-0.68997526 0.19885044 0.69598323 0.35159746 0.93254220 0.08212431
-0.67354834 0.20489983 0.71017516 0.39692128 0.91078681 0.11367002
-0.68650204 0.28625575 0.66841054 0.48142838 0.86784118 0.12279430
-0.71768981 0.20960724 0.66406786 0.34836954 0.93378490 0.08175845
-0.76390678 0.16961275 0.62263793 0.27334100 0.95905876 0.07410157
-0.83539534 0.16646452 0.52383602 0.20441529 0.97876990 0.01496101
-0.82653475 0.17571777 0.53475571 0.22042285 0.97519422 0.02024885
-0.79641777 0.16634722 0.58141851 0.21263812 0.97706068 0.01172556
-0.80124575 0.16693473 0.57457638 0.19913991 0.97994608 -0.00700866
-0.74099338 0.15177892 0.65413463 0.20909242 0.97784513 0.00996707
-0.75216699 0.15486626 0.64051640 0.22259814 0.97456980 0.02576514
-0.76730245 0.16678786 0.61921632 0.25017634 0.96693105 0.04956031
-0.66899675 0.14751089 0.72848064 0.23659611 0.97139019 0.02057900
-0.74660718 0.17522460 0.64177424 0.28075755 0.95756340 0.06517393
-0.49002060 0.12424616 0.86281097 0.11816715 0.99012178 -0.07546786
-0.59206009 0.15860064 0.79013342 0.39835528 0.90988487 0.11585629
0.49767244 0.85218197 0.16157997 0.47659892 -0.11302839 -0.87182456
-0.45322248 0.17277007 0.87449414 0.40755105 0.91265911 0.03091061
-0.52639222 0.14916134 0.83705568 0.38821033 0.91804498 0.08053712
-0.58499759 0.14239448 0.79843700 0.31519407 0.94699675 0.06204703
-0.58157235 0.13936068 0.80146879 0.31384540 0.94738144 0.06300437
-0.60510218 0.14838722 0.78219736 0.32862219 0.94142890 0.07562539
-0.64901191 0.16623959 0.74239337 0.30550563 0.95064616 0.05420544
-0.63330734 0.15758003 0.75768757 0.29626387 0.95383525 0.04925607
-0.63810307 0.15879922 0.75339723 0.33077419 0.94014114 0.08199438
-0.61478585 0.14593267 0.77507550 0.27468488 0.96082324 0.03697301
-0.59307671 0.13873912 0.79310250 0.26424241 0.96402144 0.02896036
-0.59849441 0.13642593 0.78942543 0.25596762 0.96630645 0.02706518
-0.62368387 0.14430355 0.76824141 0.23508668 0.97193909 0.00828584
-0.55579644 0.12997505 0.82109487 0.24249297 0.97009546 0.01058163
-0.51345855 0.13195123 0.84790874 0.25116920 0.96794212 0.00146692
-0.46555975 0.11688405 0.87726414 0.27308989 0.96184230 0.01677447
-0.47489461 0.12673965 0.87086868 0.39198044 0.91645563 0.08037738
-0.42084363 0.10290280 0.90127778 0.28116456 0.95941317 0.02174689
0.34549361 0.93719399 -0.04797587 0.23674001 -0.13651583 -0.96193439
0.30105793 0.95192766 -0.05655017 0.20819451 -0.12348317 -0.97026128
-0.26880765 0.11223254 0.95663279 0.30786100 0.95110083 -0.02507656
0.34635901 0.93273979 -0.10015932 0.19543777 -0.17617096 -0.96476316
0.35480854 0.92914629 -0.10391413 0.23749012 -0.19706863 -0.95118999
0.37923652 0.91962266 -0.10234185 0.15030542 -0.17036009 -0.97385097
0.36938420 0.92416656 -0.09732191 0.06886399 -0.13166334 -0.98889965
0.37117332 0.92211056 -0.10928187 0.05997352 -0.14124994 -0.98815566
0.32124382 0.93917191 -0.12148491 -0.24179640 -0.04268694 -0.96938765
0.37712672 0.91752332 -0.12619984 -0.01834577 -0.12883380 -0.99149656
0.39299726 0.91046989 -0.12883231 -0.17782491 -0.06221042 -0.98209381
0.34267849 0.93230307 -0.11568237 -0.07298629 -0.09634570 -0.99266839
0.31174386 0.94294894 -0.11688938 -0.06961624 -0.10002214 -0.99254686
0.31387189 0.94216114 -0.11754521 -0.04142789 -0.11009379 -0.99305743
0.28993261 0.94877076 -0.12559105 -0.16996694 -0.07809627 -0.98235041
0.28769860 0.95182270 -0.10612727 0.10255289 -0.14079228 -0.98471344
0.27532148 0.95643467 -0.09711266 0.04773065 -0.11449181 -0.99227691
0.27464405 0.95786422 -0.08406455 0.05099057 -0.10181197 -0.99349600
-0.25676721 0.09164157 0.96211869 0.26304924 0.96453905 -0.02167035
-0.27208510 0.09023987 0.95803261 0.25792420 0.96600229 -0.01773905
0.34496135 0.93334234 -0.09936716 0.11982170 -0.14878887 -0.98158270
0.29055944 0.95374626 -0.07709309 0.19553292 -0.13805148 -0.97093189
-0.24081731 0.07470270 0.96769136 0.24912743 0.96838671 -0.01275913
-0.33455843 0.09231722 0.93784237 0.24441811 0.96963483 -0.00825498
-0.33834577 0.08830453 0.93686950 0.24322131 0.96996421 -0.00358571
-0.34798786 0.08916152 0.93324959 0.27214634 0.96220857 0.00954904
-0.32366136 0.08201280 0.94261199 0.26469857 0.96430588 0.00698831
-0.41443405 0.10330670 0.90419704 0.23339127 0.97237420 -0.00412241
-0.55157006 0.12776114 0.82428616 0.21405409 0.97678769 -0.00816426
-0.51219970 0.12132848 0.85025340 0.18902326 0.98162293 -0.02620531
-0.44439250 0.10738476 0.88937277 0.19126670 0.98127073 -0.02291056
-0.41198131 0.10229810 0.90543169 0.21706694 0.97608882 -0.01151329
-0.31325597 0.08808973 0.94557440 0.22456849 0.97432083 -0.01637126
-0.27986941 0.08522384 0.95624787 0.22479615 0.97417885 -0.02102980
0.30168596 0.94773000 -0.10389141 0.12721102 -0.14800780 -0.98077071
0.26391023 0.95708746 -0.11972880 -0.09906450 -0.09657764 -0.99038327
0.25970605 0.95749545 -0.12552013 -0.12364997 -0.09593859 -0.98767734
0.26011878 0.95724684 -0.12655726 -0.14766154 -0.09009171 -0.98492622
0.27270484 0.95379680 -0.12610990 -0.11630113 -0.09743591 -0.98842311
0.23365265 0.96464616 -0.12191905 -0.01604739 -0.12154691 -0.99245596
0.24441232 0.96108454 -0.12875994 -0.19018899 -0.08269406 -0.97825861
0.20342763 0.97090018 -0.12637323 -0.02533108 -0.12380988 -0.99198264
0.19749638 0.97207892 -0.12671934 -0.01538818 -0.12617531 -0.99188864
0.21164426 0.96860826 -0.13040206 -0.02203572 -0.12866148 -0.99144375
0.25461620 0.95347351 -0.16142778 -0.19336864 -0.11335976 -0.97455537
0.18438299 0.97163314 -0.14809482 -0.20002925 -0.11042780 -0.97354716
0.41359627 0.07281369 0.90754414 0.19975199 0.96525371 -0.16847704
