0.96142161 -0.07482845 0.26470590 0.10234861 0.99051005 -0.09173141
0.94504005 -0.06585401 0.32025415 0.09588401 0.99226016 -0.07890582
0.08841264 0.99131900 -0.09731313 -0.99361145 0.08089203 -0.07869430
0.09490748 0.97373384 -0.20696613 -0.98346400 0.05949922 -0.17105074
0.05367742 0.98452818 0.16680232 -0.98700303 0.07764974 -0.14069691
0.09834450 0.98944986 -0.10638310 -0.99215782 0.08919975 -0.08755697
0.09252692 0.99469244 -0.04500803 -0.99565083 0.09193332 -0.01508885
0.99010354 -0.08781824 0.10946665 0.08892581 0.99602437 -0.00526772
0.98797941 -0.08899076 0.12640169 0.09787337 0.99301583 -0.06588237
0.99006754 -0.09202586 0.10629006 0.09781921 0.99391544 -0.05063223
0.98949492 -0.09356768 0.11020383 0.09787409 0.99460667 -0.03432632
0.97647792 -0.09138572 0.19529350 0.09261872 0.99569762 0.00282853
0.98809975 -0.09846179 0.11817036 0.10706888 0.99186617 -0.06883143
0.97032815 -0.08956596 0.22459137 0.10400319 0.99314916 -0.05327399
0.95633316 -0.08351506 0.28009310 0.11149466 0.99008286 -0.08546880
0.11274835 0.98751950 -0.10996854 -0.98641795 0.09793861 -0.13186245
0.10668729 0.98955834 -0.09691320 -0.99427652 0.10673286 -0.00472876
0.07898273 0.97129804 -0.22437006 -0.98008114 0.03451912 -0.19557475
0.98249608 -0.08457398 -0.16597837 0.05802561 0.98561394 -0.15873969
0.05613545 0.95673579 -0.28549173 -0.99526948 0.03091255 -0.09210338
0.93946564 -0.14360876 -0.31109622 0.05922757 0.96232533 -0.26537156
0.05116956 0.79426390 -0.60541439 -0.99209177 0.10999577 0.06045575
0.92279744 -0.15592322 -0.35232508 0.05623861 0.95916879 -0.27718675
0.94949776 -0.13435143 -0.28355545 0.06729845 0.96986163 -0.23417833
0.05965220 0.97428143 -0.21729554 -0.99713415 0.06830543 0.03252461
0.95911473 -0.10157395 -0.26416245 0.05633290 0.98321658 -0.17352763
0.92565525 -0.10986748 -0.36206576 0.07453515 0.99111152 -0.11019288
0.86967957 -0.11334243 -0.48042792 0.07701658 0.99251860 -0.09473786
0.06891980 0.87134582 -0.48580512 -0.99760818 0.06277894 -0.02892682
0.06247537 0.92494655 -0.37492767 -0.98757386 0.00301403 -0.15712692
0.06626207 0.97081655 -0.23048761 -0.99709958 0.05575681 -0.05180422
0.97747749 -0.08773856 -0.19193684 0.05626585 0.98490798 -0.16367780
0.95123094 -0.09599926 -0.29316187 0.07715962 0.99417925 -0.07519348
0.99157083 -0.07903726 -0.10266663 0.06907102 0.99286050 -0.09724842
0.07770680 0.99061739 -0.11242266 -0.99497646 0.08419506 0.05415864
0.08608860 0.99385095 -0.06963625 -0.99600214 0.08752634 0.01786008
0.09213818 0.99517530 -0.03371524 -0.99546421 0.09125338 -0.02690552
0.99154872 -0.06389397 -0.11291062 0.05515582 0.99535626 -0.07889063
0.97393417 -0.07716925 -0.21330069 0.07483665 0.99701476 -0.01900091
0.98099953 -0.07256094 -0.17993040 0.06114116 0.99579448 -0.06822830
0.98928809 -0.04852923 -0.13767383 0.03784760 0.99614227 -0.07917149
0.99142343 -0.04202288 -0.12374847 0.03798607 0.99867201 -0.03480281
0.93690127 -0.01807365 -0.34912658 -0.00204954 0.99836159 -0.05718341
0.95190626 -0.00812679 -0.30628166 -0.00401502 0.99923146 -0.03899179
0.96586818 0.00181140 -0.25902787 -0.04111423 0.98837131 -0.14639580
0.96649051 0.03606012 -0.25415695 -0.07127409 0.98885185 -0.13073659
0.95638472 0.05106433 -0.28761208 -0.08923545 0.98860800 -0.12120773
0.95341253 0.04584963 -0.29816523 -0.07166196 0.99451274 -0.07621735
0.92299968 0.04337363 -0.38234857 -0.07888485 0.99385202 -0.07768756
0.92203045 0.07192535 -0.38037688 -0.10287808 0.99278158 -0.06165083
0.88791984 0.06825414 -0.45490634 -0.07005338 0.99745953 0.01292348
0.94406152 0.10176706 -0.31367382 -0.08003823 0.99346066 0.08142390
0.82697535 0.13090232 -0.54678732 -0.18236449 0.98239136 -0.04062568
0.81752628 0.18324108 -0.54596120 -0.22177090 0.97508693 -0.00481268
0.82103807 0.20191811 -0.53397149 -0.26371843 0.96372509 -0.04106840
0.82944542 0.24910553 -0.49996686 -0.28132206 0.95954603 0.01137459
0.76280600 0.23495203 -0.60243231 -0.30257478 0.95305717 -0.01142563
0.75424063 0.20584330 -0.62349796 -0.24287580 0.96969992 0.02633444
0.85501468 0.29693699 -0.42518032 -0.14981394 0.92632425 0.34565759
0.70217681 0.18211792 -0.68831742 -0.26970276 0.96272731 -0.02041081
0.66109073 0.14970492 -0.73521942 -0.22341266 0.97472101 -0.00241493
0.66307819 0.14195083 -0.73496753 -0.16840594 0.98497331 0.03830301
0.65938717 0.11991692 -0.74217832 -0.16047522 0.98689550 0.01688299
0.77344245 0.12114722 -0.62218177 -0.11672385 0.99200118 0.04805514
0.79472876 0.12053727 -0.59487569 -0.12255057 0.99176359 0.03723470
0.82622254 0.12567103 -0.54914761 -0.12822706 0.99116522 0.03390104
0.75989258 0.11695149 -0.63944173 -0.07894516 0.99300486 0.08780089
0.75959170 0.11656292 -0.63987005 -0.10528749 0.99287057 0.05588071
0.67592096 0.11633600 -0.72773409 -0.07854519 0.99320954 0.08582213
0.63709718 0.11431006 -0.76226008 -0.07953554 0.99341238 0.08249830
0.63648003 0.11579641 -0.76255131 -0.08030574 0.99324161 0.08379870
0.75958234 0.09761834 -0.64304388 0.06808936 0.97130567 0.22787981
0.46490213 0.10886940 -0.87864298 -0.04579513 0.99403942 0.09893690
0.44838506 0.10369389 -0.88780540 -0.01019340 0.99377674 0.11092298
0.32823622 0.10494670 -0.93874770 0.01814498 0.99292511 0.11734787
0.35712203 0.10902163 -0.92767352 0.01132469 0.99258673 0.12100995
0.24465960 0.10634426 -0.96375960 -0.03447002 0.99429291 0.10096285
0.41279784 0.11048314 -0.90409702 -0.06460641 0.99366736 0.09193052
0.42392749 0.11176870 -0.89877319 -0.09617803 0.99230057 0.07803485
0.38626611 0.11091602 -0.91569442 -0.15713194 0.98614550 0.05316683
0.31560051 0.13607420 -0.93908477 -0.17987470 0.98029959 0.08159532
0.22251013 0.11526893 -0.96809214 -0.10427936 0.99010330 0.09392178
0.21541883 0.10832450 -0.97049505 -0.08230487 0.99230617 0.09248996
0.52675581 0.13180134 -0.83973616 -0.12734720 0.98899233 0.07534465
0.44266847 0.12110315 -0.88846987 0.09063509 0.97972041 0.17869882
0.26625904 0.11885605 -0.95654553 0.01147894 0.99190718 0.12644517
0.17414616 0.11200852 -0.97832882 0.04827694 0.99134398 0.12209211
0.17047580 0.11187886 -0.97898990 0.03649603 0.99213469 0.11973626
0.14069881 0.11370268 -0.98350173 0.05980408 0.99059343 0.12307806
0.10475308 0.11482702 -0.98784697 0.07148359 0.98987317 0.12264279
-0.07268132 -0.98335332 -0.16653460 -0.00184106 0.16710821 -0.98593688
-0.35947686 0.26473331 -0.89481431 0.35797268 0.92467225 0.12975723
0.12812386 0.11137938 -0.98548412 0.03141528 0.99271935 0.11628143
-0.06706144 -0.98311257 -0.17027174 0.08952840 0.16403835 -0.98238289
-0.07946199 -0.98193723 -0.17171240 0.09345334 0.16416025 -0.98199689
-0.18875732 -0.96705627 -0.17080052 0.06376364 0.16149068 -0.98481214
0.18186297 0.11255298 -0.97686112 0.07545359 0.98890138 0.12798752
0.25781339 0.10551848 -0.96041560 0.09160277 0.98687178 0.13301496
0.25781962 0.10599065 -0.96036196 0.08720759 0.98735505 0.13238159
0.36880517 0.09780873 -0.92434633 0.06089527 0.98976946 0.12902804
0.37214532 0.09914341 -0.92286432 0.07594991 0.98769194 0.13673465
0.44980612 0.08772700 -0.88880736 0.10977442 0.98218828 0.15249835
0.42740396 0.09450673 -0.89910758 0.11019594 0.98165971 0.15556718
0.50339460 0.07672183 -0.86064380 0.09646972 0.98483235 0.14421818
0.56909406 0.06685648 -0.81955004 0.06174162 0.99040115 0.12366729
0.64406669 0.05124623 -0.76325089 0.05495949 0.99207526 0.11298736
0.61839736 0.05807482 -0.78371680 0.08733831 0.98600900 0.14197996
0.64320076 0.05933665 -0.76339507 0.18931797 0.95371437 0.23364007
0.73406076 0.04021771 -0.67789191 0.18437485 0.94894433 0.25595042
0.82171792 0.02425700 -0.56937802 0.13323589 0.96322894 0.23332018
0.80733579 0.03553468 -0.58902150 0.14710730 0.95455003 0.25921741
0.78994191 0.03640684 -0.61209995 0.05815968 0.98928690 0.13389899
0.77769035 0.03573740 -0.62763089 0.05682948 0.99029845 0.12680452
0.69979101 0.04280988 -0.71306378 0.05107701 0.99264920 0.10972149
0.62789375 0.05435872 -0.77639848 0.07745019 0.98824251 0.13182676
0.71533591 0.03938134 -0.69767022 0.00850429 0.99784613 0.06504498
0.74297965 0.03145557 -0.66857451 -0.00096697 0.99894452 0.04592446
0.82968611 0.02533451 -0.55765504 0.02180144 0.99673694 0.07771864
0.79606390 0.02562907 -0.60466975 0.05257577 0.99239737 0.11128043
0.88882655 0.01353955 -0.45804369 0.01032203 0.99871826 0.04955137
0.94790649 -0.01546297 -0.31817320 0.05682442 0.99100888 0.12112993
0.92790097 -0.01705650 -0.37243634 0.11369378 0.96431631 0.23909780
0.93267882 -0.02247189 -0.36000729 0.11857497 0.96169084 0.24716544
0.93971926 -0.02684598 -0.34089160 0.11059477 0.96719390 0.22870252
0.22587021 0.89422852 0.38644281 -0.89302939 0.03157899 0.44888893
0.24782512 0.87315273 0.41974640 -0.85250592 -0.00927891 0.52263522
0.81221473 0.03231878 -0.58246273 0.24926716 0.88349557 0.39661247
0.78412235 0.04628190 -0.61887813 0.27844584 0.86497384 0.41747841
0.70904845 0.09285659 -0.69901931 0.25584325 0.88987058 0.37772289
0.70720482 0.04191072 -0.70576549 0.15694663 0.96402884 0.21451396
0.69568008 0.03681690 -0.71740770 0.18518680 0.95573848 0.22862607
0.45791730 0.09338467 -0.88407642 0.23898692 0.94492805 0.22359836
0.88800001 0.01378528 -0.45963675 0.01177332 0.99854136 0.05269354
0.85635018 0.01726347 -0.51610690 -0.01013168 0.99981040 0.01663206
0.86814314 0.01618150 -0.49605000 -0.02265858 0.99971849 -0.00704353
0.90473837 0.00925545 -0.42586714 -0.00399173 0.99990427 0.01325082
0.91756523 0.00846729 -0.39749512 -0.03470931 0.99766207 -0.05887005
0.87502766 0.01419587 -0.48386481 -0.03858289 0.99843508 -0.04048125
0.86673516 0.01440375 -0.49856067 -0.04497596 0.99776775 -0.04936340
0.80348557 0.02008530 -0.59498537 -0.05844896 0.99726361 -0.04526592
0.74716049 0.03757358 -0.66358078 0.14345327 0.96575183 0.21620488
0.78520548 0.04034099 -0.61791992 -0.06242014 0.99794942 -0.01416747
0.76607442 0.02007707 -0.64243835 -0.01413703 0.99979657 0.01438732
0.76253200 0.02777979 -0.64635372 -0.01778559 0.99960023 0.02197962
0.76146024 0.03826499 -0.64708132 -0.02556430 0.99925226 0.02900746
0.64540195 0.05103935 -0.76213604 0.03860518 0.99431038 0.09927993
0.60741794 0.06256428 -0.79191488 -0.01991297 0.99777967 0.06355464
0.52363437 0.07661173 -0.84849149 0.00545997 0.99562627 0.09326632
0.60400027 0.06331980 -0.79446483 -0.01770027 0.99765879 0.06605779
0.59687454 0.07674501 -0.79865581 -0.02861781 0.99681783 0.07439946
0.50284874 0.08217455 -0.86045951 -0.01556101 0.99617004 0.08604122
0.45493171 0.08889009 -0.88607889 -0.00292184 0.99514943 0.09833173
0.61114323 0.08608127 -0.78682530 -0.08817025 0.99528569 0.04040391
0.56702822 0.08674929 -0.81911755 -0.02788102 0.99589026 0.08617010
0.62397480 0.08616678 -0.77667928 -0.05073277 0.99627221 0.06977088
0.44108886 0.08351888 -0.89356881 -0.02123401 0.99635291 0.08264410
0.68879014 0.08608125 -0.71983206 -0.14740638 0.98881316 -0.02280228
0.89412874 0.01055189 -0.44768572 -0.02005292 0.99966294 -0.01648827
0.89658916 0.01166039 -0.44270959 0.00039492 0.99963188 0.02712878
0.94786781 0.00432807 -0.31863445 -0.00168888 0.99996197 0.00855861
0.86435843 0.01714871 -0.50258374 -0.03103647 0.99933231 -0.01927912
0.76989144 0.02600305 -0.63764495 0.00198772 0.99906701 0.04314175
0.81770152 0.02698099 -0.57500994 0.04655161 0.99252987 0.11277155
0.84504622 0.03275279 -0.53368920 -0.13970137 0.97697657 -0.16124630
0.80014265 0.03242393 -0.59893280 0.05263223 0.99089080 0.12395693
0.87946755 0.00712815 -0.47590545 0.11204250 0.96868813 0.22156227
0.84896517 0.01330445 -0.52828133 0.16612084 0.94228536 0.29069248
0.51255941 0.07517329 -0.85535485 0.13467818 0.97679222 0.16654988
0.55851257 0.07280543 -0.82629484 0.01575275 0.99503016 0.09832048
0.53931540 0.07282549 -0.83894902 0.11893084 0.97968084 0.16149606
0.48666066 0.08206422 -0.86972809 0.18012455 0.96475905 0.19182059
0.47113436 0.08689615 -0.87777072 0.00645757 0.99476916 0.10194462
0.18178108 0.11045510 -0.97711581 0.07530130 0.98918998 0.12582894
0.22817703 0.10898967 -0.96750015 0.04296156 0.99161971 0.12183889
0.18421841 0.11141570 -0.97655016 0.03293730 0.99229670 0.11942560
0.29330420 0.10533531 -0.95019841 0.11932214 0.98210615 0.14570445
0.54555714 0.13081211 -0.82780170 -0.14280157 0.98780853 0.06198455
0.48293748 0.19326241 -0.85406154 0.14718288 0.94354856 0.29673806
0.18680160 0.11411759 -0.97574705 -0.00763232 0.99336886 0.11471735
0.20950800 0.11521110 -0.97099572 -0.09965089 0.99037969 0.09600977
0.37600258 0.14283311 -0.91554397 0.00981411 0.98737907 0.15807058
0.36466327 0.15171731 -0.91869617 -0.09758693 0.98743010 0.12433258
0.37536737 0.15354791 -0.91406912 -0.09954508 0.98715711 0.12494671
0.42705205 0.12648505 -0.89533687 -0.18559584 0.98134756 0.05011152
0.55237788 0.12754065 -0.82377923 -0.12992679 0.98932129 0.06604924
0.50162131 0.16425398 -0.84935081 -0.21230659 0.97515750 0.06319650
0.58903629 0.18620384 -0.78636158 -0.21516868 0.97410190 0.06948373
0.59480548 0.14465055 -0.79074824 -0.19176830 0.98080999 0.03516904
0.48938891 0.11572132 -0.86435360 -0.13457559 0.98930526 0.05625467
0.58019811 0.18256730 -0.79375023 0.06396863 0.96132916 0.26786986
0.52264893 0.12288205 -0.84364575 -0.13708580 0.98879480 0.05909752
0.41282123 0.11897379 -0.90300828 -0.03880632 0.99282926 0.11306715
0.31557500 0.10625718 -0.94293261 0.02910111 0.99215943 0.12154383
0.31469473 0.10510461 -0.94335586 0.02400890 0.99265110 0.11860602
0.43949175 0.09477280 -0.89323300 -0.00496497 0.99465948 0.10309137
0.46090284 0.11167365 -0.88039625 -0.05325717 0.99374360 0.09817009
0.56166315 0.11629583 -0.81915194 -0.08245727 0.99301088 0.08444076
0.66343391 0.10216855 -0.74122679 -0.07424565 0.99473369 0.07065775
0.70441371 0.11527658 -0.70036608 -0.22236775 0.97289145 -0.06352004
0.66199166 0.11985243 -0.73986655 -0.12286777 0.99113125 0.05062003
0.82198834 0.12926655 -0.55463988 -0.16192988 0.98675156 -0.01000740
0.85604793 0.10927567 -0.50521362 -0.10281355 0.99386525 0.04075891
0.87640524 0.05033172 -0.47893697 -0.06438330 0.99784124 -0.01295117
0.91978943 0.04828419 -0.38943040 -0.11113678 0.98382175 -0.14051139
0.97377092 0.06937303 -0.21669737 -0.07049387 0.99750894 0.00256275
0.98630053 -0.05359568 -0.15600875 0.03480913 0.99207211 -0.12075293
0.98588848 -0.05753632 -0.15720522 0.03500360 0.98917383 -0.14251290
0.98416775 -0.06638378 -0.16433834 0.05304857 0.99503171 -0.08424853
0.99211746 -0.05997051 -0.11002947 0.05283146 0.99637395 -0.06669159
0.05588455 0.99418259 -0.09207575 -0.99708402 0.06037068 0.04667773
0.97283554 -0.02130552 -0.23051481 0.06105932 0.98411030 0.16672981
0.07234210 0.98236746 -0.17239746 -0.99390596 0.08541908 0.06967443
0.98934078 -0.04279716 -0.13918768 0.04191091 0.99907815 -0.00929350
0.00844156 0.98248923 -0.18612836 -0.98686773 0.03821190 0.15694590
0.02406101 0.96718031 -0.25294942 -0.98796809 0.06167136 0.14182998
0.97773802 -0.08227960 -0.19302468 0.07860862 0.99655026 -0.02661387
0.97726929 -0.08853305 -0.19263099 0.08554034 0.99605012 -0.02381448
0.97115952 -0.09062998 -0.22053473 0.09424710 0.99553132 0.00591283
0.97175431 -0.09028072 -0.21804364 0.09156274 0.99579036 -0.00423851
0.85472333 -0.11293635 -0.50664920 0.07451965 0.99263132 -0.09555030
0.97577918 -0.04463273 0.21415631 0.06993027 0.99123967 -0.11204325
0.97261232 -0.06921937 -0.22188744 0.06459292 0.99751747 -0.02804878
0.99080288 -0.06392785 -0.11925996 0.05729190 0.99665564 -0.05826834
0.09189217 0.99561262 -0.01764902 -0.99576175 0.09180947 -0.00544204
0.99185169 -0.09473031 0.08518437 0.10070757 0.99253160 -0.06884072
0.97414738 -0.09117420 -0.20669830 0.08548458 0.99567759 -0.03631153
0.10812248 0.99259174 -0.05541838 -0.99369872 0.10625041 -0.03568990
0.11256775 0.98439264 -0.13527609 -0.98507798 0.09272043 -0.14499751
0.07641271 0.95426327 -0.28903762 -0.98020101 0.12500153 0.15355980
0.97377282 -0.08362040 0.21159905 0.09801123 0.99346781 -0.05844304
0.97936440 -0.09102685 0.18044278 0.08203515 0.99501538 0.05669831
0.08318686 0.94719875 0.30966857 -0.98044598 0.02218047 0.19553460
0.07344036 0.97250444 -0.22100157 -0.99108088 0.09587631 0.09255499
0.99211347 -0.02319322 0.12317888 0.02587779 0.99946022 -0.02023882
0.97742814 -0.08849803 0.19183934 0.09630439 0.99484581 -0.03173866
