-0.04814636 -0.82257634 -0.56661284 -0.98881948 -0.04090037 0.14339902
-0.05591069 -0.79392767 -0.60543609 -0.99049413 -0.03222477 0.13372734
-0.03875956 -0.81150532 -0.58305818 -0.99171287 -0.04028526 0.12199480
-0.05812625 -0.81412411 -0.57777447 -0.98764098 -0.03748844 0.15218414
-0.03685640 -0.83873481 -0.54329145 -0.99110478 -0.03889048 0.12727490
-0.06584746 -0.79473644 -0.60337228 -0.98845983 -0.03071968 0.14833567
-0.03807298 -0.81158102 -0.58299810 -0.98869455 -0.05408048 0.13985164
-0.02988382 -0.86056554 -0.50846237 -0.99062771 -0.04232992 0.12986489
-0.06565388 -0.81305254 -0.57847661 -0.98564124 -0.03753983 0.16462727
-0.02085027 -0.83144593 -0.55521429 -0.99361706 -0.04434630 0.10372344
-0.04628833 -0.85320717 -0.51951414 -0.98962170 -0.03165788 0.14016688
-0.07341328 -0.78912437 -0.60983050 -0.98738110 -0.02852257 0.15577236
-0.01358742 -0.86234140 -0.50614500 -0.99971586 0.00179977 0.02377095
-0.04174234 -0.90741694 -0.41815326 -0.98257893 -0.03857587 0.18179829
-0.01336072 -0.80789930 -0.58916909 -0.99566698 -0.04347936 0.08220013
-0.00592800 -0.86097169 -0.50861830 -0.99664503 -0.03643337 0.07328916
-0.04288467 -0.86938167 -0.49227682 -0.98893052 -0.03311687 0.14463642
-0.08071112 -0.79414320 -0.60234743 -0.98224300 -0.03931459 0.18344787
-0.02373154 -0.79337406 -0.60827172 -0.99245822 -0.05449807 0.10980278
-0.00862275 -0.88070762 -0.47358191 -0.99480212 -0.04049876 0.09342734
-0.07360769 -0.81913018 -0.56886524 -0.98049659 -0.04478967 0.19136460
-0.01280989 -0.80351669 -0.59514451 -0.99573159 -0.04415614 0.08104824
0.00619290 -0.89523500 -0.44555128 -0.99770123 -0.03560006 0.05766286
-0.06214760 -0.77261847 -0.63182151 -0.98761302 -0.04377872 0.15067869
-0.05637102 -0.88007396 -0.47147870 -0.98510849 -0.02779885 0.16967173
-0.09470307 -0.80855113 -0.58075511 -0.97425503 -0.04461801 0.22098967
-0.00121269 -0.88797516 -0.45988986 -0.99816537 -0.02676464 0.05431041
0.02144534 -0.98574632 -0.16686615 -0.99455738 -0.03805573 0.09699197
-0.00883134 -0.79231280 -0.61005121 -0.99799150 -0.03128755 0.05508247
-0.00049889 -0.80352420 -0.59527200 -0.99943924 -0.01952946 0.02719934
0.00822938 -0.89195329 -0.45205274 -0.99765426 -0.03804630 0.05690807
0.00811509 -0.94758868 -0.31938988 -0.99406463 -0.04229703 0.10023255
-0.01151141 -0.96634007 -0.25701055 -0.97778267 -0.04292253 0.20517996
-0.07096763 -0.86890769 -0.48986018 -0.97782004 -0.03641745 0.20625676
-0.13906184 -0.80441564 -0.57756150 -0.96303439 -0.02602357 0.26811880
0.00098334 -0.88773322 -0.46035725 -0.99878252 -0.02357734 0.04333208
0.02799509 -0.99430114 -0.10286700 -0.99752265 -0.03443218 0.06134349
0.05989149 -0.96159047 0.26787475 -0.98662043 -0.01625969 0.16222136
-0.00334684 -0.80711079 -0.59039056 -0.99946487 -0.01651128 0.02823807
-0.00772880 -0.80430919 -0.59416080 -0.99737638 -0.03656818 0.06247576
0.00626135 -0.87945104 -0.47594824 -0.99991781 -0.00018146 -0.01281916
-0.00062989 -0.85096580 -0.52522081 -0.99777031 -0.03451800 0.05712288
0.00155371 -0.91984069 -0.39228907 -0.99447584 -0.04259374 0.09593520
-0.01759324 -0.96417075 -0.26469842 -0.97403008 -0.04324253 0.22225118
0.06902131 -0.98302853 0.16997363 -0.98958576 -0.04589121 0.13643368
-0.04929719 -0.92081881 -0.38686252 -0.96968532 -0.04868958 0.23945725
-0.05857557 -0.93910927 -0.33858940 -0.95643556 -0.04437879 0.28855094
-0.14757791 -0.80443221 -0.57542127 -0.96205437 -0.01824736 0.27224702
-0.00020682 -0.87458766 -0.48486745 -0.99896532 -0.02187005 0.03987456
-0.99302411 -0.02632728 0.11493469 -0.03572234 0.99611723 -0.08046384
0.04831522 -0.93577540 0.34927085 -0.99742138 -0.02662287 0.06664626
-0.00111845 -0.82703036 -0.56215614 -0.99955171 -0.01589530 0.02537345
0.01412642 -0.82592487 -0.56360322 -0.99935287 -0.03031028 0.01936953
-0.98697639 -0.03187348 0.15767613 -0.01661862 0.99513227 0.09713675
-0.96460950 -0.02114677 0.26283324 -0.05167239 0.99261218 -0.10977738
-0.08526489 -0.90483886 -0.41712901 -0.95860833 -0.03964853 0.28195396
-0.09180166 -0.89601606 -0.43442816 -0.95258707 -0.04807124 0.30044478
-0.06964679 -0.92531794 -0.37274116 -0.94000715 -0.06421671 0.33505651
-0.24332428 -0.78696001 -0.56699848 -0.91955137 0.00119057 0.39296800
-0.12722434 -0.85898358 -0.49594471 -0.95236361 -0.03392738 0.30307186
0.00788837 -0.90377200 -0.42794159 -0.99916142 -0.02431856 0.03294068
-0.98763967 -0.02414749 0.15487035 -0.04325749 0.99168044 -0.12123834
0.02771489 -0.99659437 0.07766324 -0.99933147 -0.02947662 -0.02163020
0.01353579 -0.81831586 -0.57460934 -0.99989671 -0.01386076 -0.00381461
0.01940593 -0.86474824 -0.50183058 -0.99959511 -0.02722732 0.00826316
-0.93970722 -0.01657340 0.34157836 0.08915984 0.95240778 0.29149613
-0.91636419 -0.03473257 0.39883634 0.07271075 0.96522224 0.25111601
-0.22901182 -0.81427771 -0.53339058 -0.91987026 0.00178722 0.39221889
-0.24359174 -0.78879052 -0.56433380 -0.91794854 -0.00033741 0.39669940
-0.17692435 -0.84545588 -0.50388700 -0.93744856 -0.01119733 0.34794375
0.00867580 -0.83521920 -0.54984868 -0.99977511 -0.01788665 0.01139483
-0.95590103 -0.01275978 0.29341164 -0.03808842 0.99600446 -0.08077376
0.02443079 -0.99588877 -0.08722816 -0.99947160 -0.02620327 0.01923308
0.01324683 -0.87946445 -0.47578025 -0.99990880 -0.01039657 -0.00862207
0.01670063 -0.80964774 -0.58667850 -0.99974978 -0.02225534 0.00225428
0.02355025 -0.88348866 -0.46786031 -0.99932551 -0.03399388 0.01389055
-0.91711342 -0.03056968 0.39745259 0.08861908 0.95646936 0.27805254
-0.20717081 -0.85793632 -0.47013348 -0.90631682 -0.01261970 0.42241046
-0.19314618 -0.87364769 -0.44658077 -0.90810364 -0.01317953 0.41853803
-0.26195815 -0.77299023 -0.57780969 -0.88676620 -0.04346152 0.46017045
-0.24683253 -0.75168538 -0.61159045 -0.91913855 -0.01834776 0.39350688
-0.19683999 -0.84218401 -0.50197625 -0.92292279 -0.01361276 0.38474444
0.09217428 -0.97307122 0.21127321 -0.97353673 -0.04350729 0.22435097
0.02424225 -0.99760914 -0.06471775 -0.99944144 -0.02567467 0.02139407
0.01798132 -0.89493138 -0.44584146 -0.99966258 -0.02445234 0.00876526
0.01692572 -0.82106626 -0.57058197 -0.99979275 -0.02035508 -0.00036689
0.01939043 -0.90952289 -0.41520149 -0.99968123 -0.02435346 0.00666128
0.02356093 -0.87231606 -0.48837450 -0.99972200 -0.02100630 -0.01070949
0.02161818 -0.81229204 -0.58285028 -0.99969816 -0.02437118 -0.00311425
-0.90926909 -0.04337836 0.41394222 0.11066817 0.93355387 0.34092483
-0.81422889 -0.06497837 0.57689607 0.09095182 0.96716797 0.23730546
-0.24664810 -0.84226716 -0.47932321 -0.84800917 -0.05183025 0.52744108
-0.29940748 -0.77574062 -0.55550134 -0.86094886 -0.03128534 0.50772846
-0.16871992 -0.88772488 -0.42834356 -0.90563434 -0.03191255 0.42285708
-0.99971259 -0.01824496 0.01555417 -0.01835494 0.99980736 -0.00695776
0.02831926 -0.97393429 0.22505568 -0.99938160 -0.02289089 0.02669348
0.02130046 -0.96956408 -0.24390957 -0.99942851 -0.02705513 0.02026733
0.01831884 -0.80970466 -0.58655167 -0.99979275 -0.02004610 -0.00355232
0.01693152 -0.89688879 -0.44193193 -0.99977148 -0.02095678 0.00422747
0.02668680 -0.84836274 -0.52874237 -0.99961549 -0.02663228 -0.00772155
-0.33435971 -0.73882198 -0.58510321 -0.82283306 -0.07385071 0.56346422
-0.31308982 -0.75852400 -0.57150334 -0.84733903 -0.04868279 0.52881622
-0.25810933 -0.83791977 -0.48090544 -0.84160352 -0.04943106 0.53782916
-0.85487300 -0.07109635 0.51394314 0.18336646 0.88524055 0.42746449
0.02747141 -0.99745262 0.06583010 -0.99945563 -0.02620349 0.02004735
0.02934663 -0.96623397 0.25598967 -0.99939483 -0.02357840 0.02557377
0.02460217 -0.98405194 -0.17617185 -0.99958628 -0.02684163 0.01033975
0.01524542 -0.87061167 -0.49173468 -0.99978471 -0.02019748 0.00476278
0.03014615 -0.91406178 -0.40445307 -0.99459481 -0.06765442 0.07876589
0.02487336 -0.97350276 -0.22731854 -0.99955100 -0.02801918 0.01062194
-0.32986465 -0.76853812 -0.54821390 -0.78771490 -0.09597293 0.60851830
-0.33419278 -0.75813431 -0.55995321 -0.80764794 -0.07588265 0.58476204
-0.79293197 -0.06843755 0.60545462 0.26008773 0.86058062 0.43789878
0.02780296 -0.99539566 0.09173031 -0.99946463 -0.02609794 0.01973495
0.02850368 -0.97718453 0.21047074 -0.99899423 -0.02055693 0.03984923
0.02348378 -0.82539374 -0.56406891 -0.99972016 -0.02100468 -0.01088533
0.02619509 -0.97131664 -0.23634262 -0.99963999 -0.02682670 -0.00054346
-0.35723096 -0.73805285 -0.57241958 -0.78105289 -0.10002563 0.61640191
-0.36154002 -0.74178225 -0.56484330 -0.77070105 -0.10316817 0.62878960
-0.79381025 -0.05963689 0.60523456 0.27041104 0.85678464 0.43908769
0.02773273 -0.99700671 0.07217062 -0.99957573 -0.02701622 0.01088545
0.02694621 -0.99858546 -0.04583693 -0.99955881 -0.02748901 0.01125310
0.39159241 0.78821880 0.47472793 0.70991015 0.06942663 -0.70086199
0.45044309 0.72340351 0.52324802 0.66113037 0.12359974 -0.74002016
0.02798629 -0.99687755 0.07383724 -0.99956751 -0.02724112 0.01108006
0.02668801 -0.99500191 -0.09622341 -0.99963546 -0.02695730 0.00149940
-0.35972559 -0.78010386 -0.51189411 -0.75488776 -0.07912204 0.65106398
0.02864465 -0.99728757 0.06780186 -0.99954617 -0.02794432 0.01125525
