0.96713257 -0.04933696 0.24944040 0.04932387 0.99876297 0.00630693
0.96372706 -0.05223541 0.26172823 0.04204928 0.99812967 0.04437307
0.06306729 0.99571180 0.06768019 -0.99628377 0.06679939 -0.05437363
0.05696690 0.98455817 0.16552936 -0.99507213 0.04251505 0.08957713
0.06028840 0.96404159 0.25882256 -0.98629147 0.01763152 0.16406772
0.04537531 0.99400938 0.09943065 -0.99603474 0.03739275 0.08072595
0.88205588 0.07627835 -0.46492913 0.13340917 0.90598339 0.40174136
0.97955704 0.03786575 -0.19757111 0.00029145 0.98185670 0.18962404
0.94096434 0.04060467 -0.33606163 -0.02389827 0.99827105 0.05370159
0.13907963 0.89439118 0.42511332 -0.96942061 0.03531748 0.24285059
0.12659577 0.92835969 0.34945941 -0.93927157 -0.00109576 0.34317306
0.23861930 0.78171980 0.57617277 -0.92299068 -0.00189082 0.38481775
0.29644832 0.57899898 0.75952530 -0.94330782 0.05319457 0.32762885
0.21110255 0.80897635 0.54862827 -0.91570926 -0.03266292 0.40051183
0.19840990 0.82638466 0.52699333 -0.88950628 -0.07397492 0.45089492
0.96534210 0.01522726 -0.26054311 0.05125738 0.96779245 0.24647641
0.06570193 0.96418238 0.25697404 -0.97998291 0.01384784 0.19859953
0.94652486 0.01063813 -0.32245561 0.00315992 0.99910265 0.04223691
0.25488546 0.76136583 0.59611702 -0.95016611 0.08276855 0.30055580
0.26472002 0.73059803 0.62940443 -0.94416481 0.06360231 0.32327643
0.26249126 0.73954797 0.61981219 -0.94409692 0.06406672 0.32338303
0.26062664 0.75752157 0.59852731 -0.94460177 0.07197432 0.32022983
0.20908198 0.86416054 0.45772403 -0.94668412 0.06154977 0.31622913
0.21045738 0.87575907 0.43445805 -0.92290944 0.03142110 0.38373280
0.16806895 0.88457328 0.43506667 -0.95191383 0.03095231 0.30479831
0.14720945 0.86986142 0.47081903 -0.98872262 0.11617172 0.09450768
0.14812943 0.85649210 0.49444810 -0.98729682 0.09901710 0.12426045
0.14128056 0.86956030 0.47318581 -0.96401554 0.22957371 -0.13405207
0.16869839 0.90509605 0.39031023 -0.97587508 0.09768962 0.19525515
0.17565258 0.91123897 0.37254494 -0.98285520 0.18387222 0.01366149
0.19161043 0.87788892 0.43885827 -0.97885019 0.20358621 0.02012451
0.21142496 0.82126653 0.52992529 -0.97533834 0.14213042 0.16886140
0.20274529 0.85511214 0.47715580 -0.97314525 0.12170302 0.19538878
0.20224862 0.85971797 0.46902087 -0.96422148 0.09099523 0.24899150
0.20013461 0.87561977 0.43958646 -0.97691959 0.14415067 0.15763499
0.32511476 0.75371766 0.57114804 -0.87322396 0.00742860 0.48726246
-0.33048928 -0.76939559 -0.54663271 0.71768320 0.17127544 -0.67497826
-0.31752455 -0.78008080 -0.53912175 0.76345241 0.12690580 -0.63327366
-0.34120190 -0.78253722 -0.52078485 0.66616988 0.18957078 -0.72130483
-0.47180390 -0.68445563 -0.55580711 0.41770485 0.38163716 -0.82454586
-0.48371542 -0.59540755 -0.64148998 0.62655079 0.27619213 -0.72880179
-0.34272408 -0.74935174 -0.56657934 0.69370347 0.20482647 -0.69052273
-0.27620751 -0.80668086 -0.52247047 0.59371561 0.28427657 -0.75278729
-0.42037961 -0.65665174 -0.62617052 0.73181385 0.16260347 -0.66182220
-0.46030670 -0.59812427 -0.65602219 0.71949387 0.18153299 -0.67035401
-0.44894588 -0.64789820 -0.61536622 0.72512722 0.13826007 -0.67459226
-0.44849849 -0.64887190 -0.61466610 0.71606231 0.15070385 -0.68157405
-0.41759884 -0.68148857 -0.60098636 0.72060299 0.15450332 -0.67591429
-0.37967378 -0.72557634 -0.57392234 0.72781998 0.14868383 -0.66945589
0.27396613 0.82122856 0.50052607 -0.85072660 -0.03579934 0.52438784
0.24149382 0.85123307 0.46592176 -0.91419858 0.03853999 0.40342999
0.23648161 0.86182892 0.44869518 -0.87742066 -0.00895479 0.47963822
0.19984618 0.90096349 0.38513166 -0.87957811 -0.00823593 0.47568315
0.83783883 0.10146856 -0.53640497 0.12588000 0.92018843 0.37068516
0.74628186 0.17363375 -0.64258438 0.14912504 0.89722502 0.41563085
-0.26713648 -0.82568437 -0.49687374 0.68310177 0.20143431 -0.70199448
-0.30783951 -0.79194975 -0.52730495 0.62897408 0.24644807 -0.73732966
-0.30157974 -0.79021674 -0.53348595 0.63379395 0.25186121 -0.73134893
-0.37443241 -0.73297197 -0.56793708 0.60830879 0.26809663 -0.74705064
-0.42075107 -0.69157672 -0.58710331 0.61938465 0.25385502 -0.74291342
-0.42960694 -0.68270409 -0.59106088 0.63181806 0.24039331 -0.73689687
-0.47671044 -0.63266939 -0.61030865 0.65261936 0.21041466 -0.72788304
-0.47593823 -0.63202882 -0.61157376 0.66691756 0.19395195 -0.71944678
-0.49429953 -0.60664058 -0.62261969 0.69139999 0.15977894 -0.70458275
-0.56809533 -0.51068026 -0.64534760 0.67211324 0.16461216 -0.72191876
-0.56581283 -0.53468460 -0.62766898 0.66394997 0.15592085 -0.73134071
-0.60576135 -0.48142785 -0.63346696 0.66605967 0.12867047 -0.73471665
-0.74359447 -0.30384758 -0.59560388 0.59176558 0.11560374 -0.79777771
-0.76002049 -0.24574283 -0.60164714 0.60013002 0.08992055 -0.79483223
-0.63681078 -0.48898691 -0.59612405 0.54198033 0.26601565 -0.79717821
-0.74500960 -0.29841182 -0.59658295 0.56173855 0.20165226 -0.80236292
-0.63318694 -0.48311287 -0.60471177 0.49216402 0.35167974 -0.79630148
-0.64059049 -0.47849855 -0.60056895 0.47168657 0.37195805 -0.79947412
-0.52530265 -0.59900403 -0.60436022 0.40992263 0.44425547 -0.79661810
-0.52326339 -0.60312212 -0.60202920 0.44270551 0.41126031 -0.79679161
-0.53968835 -0.58888012 -0.60162848 0.46772388 0.38445783 -0.79588097
-0.54429400 -0.57966799 -0.60640663 0.53793365 0.31351009 -0.78252089
-0.52160037 -0.60306412 -0.60352868 0.51922667 0.33693382 -0.78541672
-0.54957324 -0.57244456 -0.60850358 0.53139055 0.32251507 -0.78333151
-0.52927178 -0.59423876 -0.60560024 0.53280324 0.32269940 -0.78229529
-0.54156798 -0.57657146 -0.61177582 0.50576693 0.35782531 -0.78495914
-0.53804743 -0.57812536 -0.61341351 0.54949754 0.31126964 -0.77534747
-0.55337310 -0.55985093 -0.61672139 0.58353162 0.26777348 -0.76667351
-0.52424043 -0.59506118 -0.60915864 0.59134710 0.26034826 -0.76323491
-0.52820009 -0.58961540 -0.61103064 0.59615052 0.25492424 -0.76132667
-0.55316257 -0.55596882 -0.62041110 0.60140616 0.24883389 -0.75920510
-0.52602249 -0.58972627 -0.61279958 0.60088104 0.25221086 -0.75850618
-0.49859115 -0.61855614 -0.60728514 0.58191609 0.28040960 -0.76337671
-0.49945176 -0.61719185 -0.60796571 0.55551946 0.31034216 -0.77141815
-0.47882253 -0.63801348 -0.60304874 0.51386446 0.35326615 -0.78175849
-0.47828868 -0.63789976 -0.60359251 0.52578694 0.34250867 -0.77861160
-0.51567692 -0.60573441 -0.60593992 0.49476045 0.36686230 -0.78779709
-0.42168674 -0.68801767 -0.59060317 0.43384394 0.41885874 -0.79770726
-0.42362475 -0.68434608 -0.59347498 0.40167731 0.44531476 -0.80021882
-0.49163789 -0.63078880 -0.60033137 0.43696806 0.41761413 -0.79665387
-0.48217022 -0.63959897 -0.59868610 0.23770249 0.56222451 -0.79208660
-0.47532409 -0.65065962 -0.59220701 0.23111534 0.55712748 -0.79761821
-0.42554551 -0.68715185 -0.58884078 0.12709975 0.59886360 -0.79070103
-0.38433352 -0.71222043 -0.58739245 0.23963611 0.53748792 -0.80850565
-0.28918168 -0.78248775 -0.55144072 0.15182556 0.53127128 -0.83348656
-0.27787390 -0.79606766 -0.53764516 0.07514755 0.53995770 -0.83833081
-0.24891412 0.51274729 -0.82166415 0.26460084 0.85209352 0.45157835
-0.26039106 0.51106715 -0.81915015 0.26610041 0.85354626 0.44793904
-0.43444803 0.50609744 -0.74506396 0.19288330 0.86029476 0.47189933
-0.29482251 0.51383996 -0.80563527 0.17461438 0.85788423 0.48326448
-0.31210202 0.51788568 -0.79648405 0.18680339 0.85544765 0.48302585
-0.34160262 -0.79896295 -0.49494037 0.05100123 0.51008493 -0.85861069
-0.33351818 -0.79811358 -0.50177723 -0.02975710 0.54089910 -0.84056097
-0.44069031 0.50178093 -0.74431717 0.16889668 0.86071599 0.48025185
-0.33676687 0.51331019 -0.78936738 0.05347248 0.84740925 0.52824074
-0.33963984 0.51460922 -0.78728789 0.02733645 0.84209287 0.53863937
-0.16577370 0.54094809 -0.82455707 -0.02848931 0.83314991 0.55231297
-0.03717943 -0.84957379 -0.52615792 0.06666352 0.52324045 -0.84957367
-0.15437689 -0.83536953 -0.52756578 0.12320755 0.51352191 -0.84918505
-0.12920700 -0.83584630 -0.53354150 0.13957386 0.51736563 -0.84430563
-0.10906801 -0.85070586 -0.51420200 0.36167264 0.44787151 -0.81768215
-0.14066410 -0.84233361 -0.52027655 0.40418813 0.43085787 -0.80684167
0.45272255 0.43542990 -0.77810228 0.00716932 0.87084717 0.49150166
0.48502058 0.38590461 -0.78475016 -0.00727159 0.89911592 0.43765032
0.28216982 0.36752579 -0.88617438 -0.23843081 0.92159307 0.30629557
0.15412220 0.33979934 -0.92778385 -0.27856773 0.91585457 0.28915489
0.23141135 -0.61334455 -0.75515383 -0.06642408 0.76445097 -0.64125085
0.19556886 -0.61667240 -0.76254052 -0.24031785 0.72371250 -0.64690620
0.24885698 -0.43055028 -0.86758095 -0.46453452 0.73294908 -0.49698427
0.24220799 -0.43186814 -0.86880672 -0.48017633 0.72475451 -0.49412718
0.13590354 -0.50162858 -0.85434133 -0.54345089 0.68327916 -0.48763791
0.00565243 -0.58867043 -0.80835342 -0.41937029 0.73244935 -0.53632694
-0.00704388 -0.64169341 -0.76692891 -0.33566803 0.72396493 -0.60266227
0.06885737 -0.64558899 -0.76057452 -0.61121505 0.57524204 -0.54361093
-0.73247153 0.51723307 -0.44266850 0.05215716 0.69094324 0.72102511
0.41964328 -0.15736562 -0.89394391 -0.43339396 0.83060527 -0.34966356
0.34839466 -0.20132667 -0.91547191 -0.53789252 0.75691026 -0.37115839
0.36006844 -0.04085694 -0.93203080 -0.56479424 0.78561050 -0.25263354
0.40418321 0.00476621 -0.91466564 -0.64950782 0.70559245 -0.28333539
0.42098260 0.00066109 -0.90706849 -0.81400782 0.44148341 -0.37747014
0.43115756 0.04179248 -0.90130830 -0.67883581 0.67307162 -0.29352432
0.48234251 0.11187776 -0.86880904 -0.69016337 0.65932983 -0.29825968
0.52727133 0.18460527 -0.82940090 -0.64608532 0.72107905 -0.25023761
0.53585482 0.22564338 -0.81359988 -0.42239794 0.90601045 -0.02692814
0.51813859 0.21223210 -0.82854688 -0.35749128 0.93378574 0.01562890
0.53541678 0.26006541 -0.80355144 -0.21151300 0.96238232 0.17053637
0.49098828 0.28154776 -0.82441580 -0.09544763 0.95802420 0.27033195
0.49873099 0.27810737 -0.82092857 -0.07558549 0.95747340 0.27844512
0.48828396 0.27955058 -0.82669842 0.11711793 0.91774368 0.37951276
0.48803014 0.28753829 -0.82410461 0.11189464 0.91577721 0.38578719
-0.29566932 -0.77383173 -0.56014657 0.56508231 0.33109939 -0.75568193
-0.12831588 -0.85297954 -0.50592577 0.34687698 0.43931887 -0.82865882
-0.24760886 -0.81600171 -0.52233231 0.55799878 0.32062221 -0.76540107
-0.31200340 -0.77669489 -0.54717362 0.52401119 0.33972511 -0.78102452
-0.24366222 -0.80427355 -0.54200822 0.46540204 0.39334232 -0.79289520
-0.25433746 -0.79560393 -0.54984260 0.39266950 0.43461394 -0.81050688
-0.22892483 -0.80742717 -0.54374146 0.35374263 0.45138651 -0.81921691
0.55194348 0.25873432 -0.79272634 0.15180650 0.90358382 0.40061340
0.65089637 0.22951078 -0.72364271 0.08384497 0.92564249 0.36899334
0.60747153 0.24609411 -0.75525892 -0.21502255 0.96624589 0.14189485
0.77249628 0.21339934 -0.59808886 -0.16917229 0.97696483 0.13007878
0.72223091 0.19866893 -0.66250527 0.07318678 0.93053019 0.35882759
0.89849901 0.20010623 -0.39071354 -0.21664578 0.97624868 0.00178499
-0.38902587 0.90449113 -0.17479920 -0.87150675 -0.29984999 0.38802832
-0.41241053 0.88216186 -0.22739416 -0.86511189 -0.30102059 0.40120828
0.70138121 0.26028490 -0.66356331 -0.43843389 0.89154106 -0.11371128
0.65587246 0.25649038 -0.70996064 -0.52005810 0.83523011 -0.17869052
-0.61817980 0.73429155 -0.28048134 -0.68152219 -0.32291111 0.65670079
0.74451822 0.49513769 -0.44780725 -0.58156741 0.81040770 -0.07084337
0.69858092 0.23832588 -0.67467439 -0.09862110 0.96597129 0.23910964
0.67069077 0.25151816 -0.69779122 -0.17745468 0.96784329 0.17829534
0.72145414 0.31553611 -0.61639351 -0.51934260 0.83534139 -0.18024448
0.53108871 0.18836077 -0.82611442 -0.64750338 0.71908307 -0.25230727
0.35662088 0.15066017 -0.92202121 -0.37109077 0.92856044 0.00819761
-0.19175230 -0.82378471 -0.53348833 0.41825390 0.42315322 -0.80374444
0.34410805 0.47010645 -0.81276667 0.04683257 0.85595959 0.51491725
0.18278322 0.50550520 -0.84324068 -0.02556734 0.85984391 0.50991654
0.11726554 -0.64904684 -0.75165617 -0.30845532 0.69563985 -0.64879936
0.22812870 -0.62222725 -0.74885952 -0.03571083 0.76327604 -0.64508474
-0.40948886 0.50096774 -0.76246327 -0.07448609 0.81459683 0.57522500
-0.13103160 0.51233000 -0.84873360 0.18595220 0.85362124 0.48657221
-0.18533000 -0.82173395 -0.53889346 -0.00963813 0.54988724 -0.83518332
-0.22831085 -0.80648446 -0.54539621 0.33940512 0.45911816 -0.82098401
-0.39227334 -0.71089512 -0.58373785 0.34639734 0.47371927 -0.80969071
-0.28948969 0.51675111 -0.80570722 0.32616815 0.84462768 0.42452145
-0.31517264 -0.76397020 -0.56304151 0.49034667 0.37686396 -0.78583312
0.66551501 0.34619516 -0.66124022 -0.06611076 0.90978408 0.40978321
-0.24595104 -0.81186807 -0.52950758 0.69221503 0.23527567 -0.68226367
0.84434038 0.11681174 -0.52291912 0.12817304 0.90357786 0.40880165
0.25086427 0.82736355 0.50253034 -0.80294204 -0.11211611 0.58541787
0.24932623 0.82813710 0.50202137 -0.80234700 -0.11363846 0.58593994
-0.24037877 -0.80307692 -0.54523903 0.66833699 0.27042875 -0.69296038
-0.40239987 -0.67304802 -0.62054873 0.38144830 0.49293575 -0.78199202
-0.63796878 -0.46286476 -0.61542839 0.59317762 0.21424875 -0.77603990
-0.50533617 -0.61656135 -0.60372794 0.37090886 0.47650886 -0.79709846
-0.42048332 -0.68642998 -0.59330237 0.47457114 0.39093792 -0.78863794
0.68295479 0.35437560 -0.63874155 0.03031372 0.85993332 0.50950539
0.47471762 0.49466074 -0.72797942 0.03219001 0.81680810 0.57601082
0.77969700 0.41108695 -0.47231367 -0.20535189 0.88046432 0.42733282
0.42407945 0.54960692 -0.71978396 -0.19282004 0.83136541 0.52120250
0.60406977 0.45655248 -0.65319192 -0.10273396 0.85740656 0.50428146
-0.50240445 -0.61935210 -0.60331810 0.54453617 0.31535798 -0.77719355
-0.50253910 -0.62163764 -0.60085040 0.51710016 0.34084696 -0.78513116
-0.49510625 -0.62772465 -0.60069257 0.59700710 0.25650984 -0.76012182
-0.23026362 -0.80746961 -0.54311293 0.62136829 0.30752134 -0.72064698
-0.29760399 -0.74587947 -0.59589911 0.38182405 0.47909403 -0.79036665
-0.20913857 -0.78031689 -0.58937812 0.25880295 0.53704864 -0.80286968
-0.19380419 -0.76770192 -0.61079764 0.29535809 0.54805589 -0.78255886
-0.15203345 -0.77663732 -0.61132675 0.30998924 0.54984069 -0.77561712
0.40907365 0.72898680 -0.54885060 -0.33037558 0.67899400 0.65560591
-0.11845538 -0.78652537 -0.60609096 0.22986691 0.57208663 -0.78732336
-0.15344930 0.56809664 -0.80852926 0.24322793 0.81476051 0.52631313
-0.38013333 0.56175697 -0.73479778 0.15749541 0.82214546 0.54705763
-0.06206344 0.57455373 -0.81611043 0.05629516 0.81840020 0.57188463
-0.04942289 -0.82002592 -0.57018858 0.00087868 0.57085031 -0.82105374
-0.09188879 -0.82311553 -0.56039029 0.31678799 0.50936860 -0.80011815
-0.16766801 -0.80177873 -0.57361859 0.37504229 0.48622999 -0.78925514
0.39859319 0.54180747 -0.73997855 0.04068280 0.79560363 0.60444987
0.20007299 0.60050064 -0.77418983 -0.07288480 0.79709870 0.59943432
0.23050269 0.61152804 -0.75690287 -0.07048307 0.78629857 0.61381334
0.27666664 -0.46359628 -0.84174466 -0.15155472 0.84392405 -0.51460993
0.26585335 -0.45598802 -0.84935093 -0.34184363 0.77921081 -0.52533180
0.37407631 -0.21616343 -0.90185386 -0.64025062 0.64333183 -0.41976580
0.07791552 0.51399910 -0.85424471 -0.29087192 0.83128989 0.47365677
0.25904915 0.06326467 -0.96379000 -0.26490408 0.96424234 -0.00790703
0.32807702 0.08880128 -0.94046789 -0.21240877 0.97701228 0.01815427
0.40862158 0.13608967 -0.90250105 -0.03410561 0.99040735 0.13390337
0.47348121 0.11629581 -0.87309271 -0.25876769 0.96586901 -0.01167702
0.56734592 0.22870868 -0.79108214 -0.13448760 0.97349387 0.18499410
0.52076495 0.23599535 -0.82043284 -0.30816829 0.94819933 0.07713903
0.54034668 0.25499454 -0.80187476 -0.12337371 0.96668643 0.22426844
0.49976003 0.25093690 -0.82901788 0.12481519 0.92626107 0.35561448
-0.44138810 -0.70381314 -0.55661809 0.52355039 0.30178490 -0.79675651
-0.53239369 -0.61442715 -0.58226818 0.51301801 0.31294093 -0.79930001
-0.41350394 -0.74856853 -0.51832390 0.59100229 0.21238247 -0.77820957
-0.59802008 -0.52443308 -0.60608745 0.59459919 0.21676914 -0.77424997
-0.60650271 -0.51170743 -0.60853112 0.59852189 0.20998088 -0.77309746
-0.56593382 -0.57377470 -0.59203178 0.54416430 0.27949691 -0.79105425
-0.57127148 -0.56648308 -0.59392422 0.53522384 0.29148337 -0.79282594
-0.58530772 -0.54705727 -0.59845078 0.63396329 0.15136445 -0.75840586
-0.57387489 -0.56551421 -0.59233552 0.63880140 0.14347899 -0.75587475
-0.58917159 -0.54227561 -0.59901088 0.66800088 0.09018888 -0.73867506
-0.59662825 -0.41792017 -0.68511128 0.71091133 0.12085700 -0.69281936
-0.50110704 -0.58345252 -0.63912046 0.72425777 0.12146664 -0.67874634
-0.37729812 -0.62006927 -0.68786651 0.78793067 0.17536515 -0.59026468
0.32804048 0.64375752 0.69135064 -0.84914988 -0.11972921 0.51440197
0.32812986 0.64392585 0.69115150 -0.83151531 -0.15028642 0.53478628
0.29934007 0.68720686 0.66192317 -0.85096633 -0.12150177 0.51097339
0.30088040 0.68574089 0.66274458 -0.85078633 -0.12095575 0.51140243
0.24821435 0.76287699 0.59699947 -0.89818913 -0.04958615 0.43680370
0.24715018 0.76409769 0.59587884 -0.89802831 -0.05035827 0.43704611
0.20778690 0.82907671 0.51909196 -0.93613809 0.01465017 0.35132724
0.19946961 0.87595987 0.43921086 -0.97243291 0.23219419 -0.02145205
0.35197458 0.55652052 0.75259471 -0.90689111 0.00377017 0.42134824
-0.53755164 -0.62210536 -0.56923038 0.65441602 0.11793064 -0.74688154
-0.24832809 -0.86701941 -0.43198439 0.51735628 0.25831255 -0.81585366
-0.23022616 -0.84561819 -0.48158681 0.59307116 0.27043280 -0.75837505
-0.22554223 -0.83772582 -0.49733913 0.60003227 0.28273001 -0.74834824
-0.32837227 -0.81564665 -0.47633216 0.48749217 0.28559217 -0.82509911
-0.56540322 -0.57318085 -0.59311289 0.53830391 0.28840351 -0.79186630
-0.55536544 -0.58299983 -0.59302664 0.56358552 0.26051372 -0.78390300
-0.48309445 -0.74967229 -0.45233971 0.24728011 0.37877369 -0.89184248
-0.70749974 -0.55988163 -0.43125015 0.30827388 0.30460688 -0.90121138
-0.65806550 -0.62115759 -0.42557383 0.19860992 0.40198934 -0.89384490
-0.66579443 -0.61926711 -0.41620430 0.15436304 0.43142444 -0.88884473
-0.56067014 -0.70659775 -0.43170437 0.11942673 0.44690150 -0.88657564
-0.51010138 -0.73651993 -0.44422415 0.02507859 0.50351548 -0.86362219
-0.54154950 -0.72548664 -0.42472738 0.22844818 0.35921302 -0.90486324
-0.53969413 -0.79813010 -0.26780346 -0.26785243 0.46437120 -0.84416497
-0.67559969 -0.73453379 -0.06344421 -0.58681136 0.58782881 -0.55687499
-0.35336637 -0.81101382 -0.46624976 0.58316922 0.19873497 -0.78766626
0.44553703 0.30547252 -0.84153628 0.10880914 0.91454238 0.38958040
0.49196884 0.28487870 -0.82268518 0.10363117 0.91906935 0.38022634
0.49696037 0.27911660 -0.82165951 0.11614452 0.91694641 0.38173258
0.61658615 0.22587295 -0.75419033 0.06942041 0.93863076 0.33786559
0.74646419 0.16153178 -0.64552212 0.04805142 0.95447147 0.29440686
0.62574446 0.20150568 -0.75355124 0.05007490 0.95368642 0.29660532
0.63768947 0.19977590 -0.74393666 0.12074967 0.92791796 0.35268658
-0.29411110 -0.87980652 -0.37341556 0.30182171 0.28520837 -0.90970320
-0.29862279 -0.86983395 -0.39270023 0.44879127 0.23515315 -0.86214238
-0.33706102 -0.88123101 -0.33139381 -0.01615170 0.35735193 -0.93383014
-0.33685929 -0.87986654 -0.33520260 -0.01444010 0.36079553 -0.93253320
-0.24704298 -0.92139930 -0.29998857 0.42211902 0.17633590 -0.88922507
-0.27666128 -0.92538786 -0.25906730 0.05264958 0.25458863 -0.96561521
-0.41037899 -0.84902173 -0.33279312 -0.01814370 0.37246829 -0.92786759
-0.43133789 -0.80157888 -0.41402763 0.13817577 0.39480478 -0.90831530
-0.44276592 -0.84196514 -0.30830678 0.06305671 0.31375721 -0.94740719
-0.44199532 -0.84557259 -0.29941127 0.21156126 0.22610316 -0.95085186
0.62039036 0.20889285 -0.75596279 0.10904758 0.93154085 0.34690106
0.82590944 0.12817679 -0.54903942 0.06634196 0.94495547 0.32040283
0.55479044 0.25516990 -0.79189396 0.06613456 0.93526965 0.34770241
0.47745523 0.28198695 -0.83217782 0.06031904 0.93434954 0.35121584
0.78756082 0.14896873 -0.59796017 0.12674177 0.91044015 0.39374524
0.85471606 0.09053206 -0.51114029 0.15605348 0.89431262 0.41934744
0.28825501 0.76129597 0.58080769 -0.85689306 -0.06562892 0.51129955
0.16912156 0.87698108 0.44978011 -0.97819424 0.09353329 0.18543905
0.72266614 0.20153120 -0.66116482 -0.11165690 0.97802448 0.17607076
0.57907212 0.19099194 -0.79258913 -0.06330653 0.97977090 0.18984529
0.53491008 -0.03188132 -0.84430736 -0.22275823 0.95861065 -0.17732571
0.57174939 -0.02280278 -0.82011133 -0.23260383 0.95409197 -0.18869027
0.38390517 -0.65092736 -0.65491259 -0.29562014 0.58528656 -0.75501549
0.47445926 -0.59400374 -0.64965218 -0.21681339 0.63641685 -0.74024695
0.22576913 -0.91723442 -0.32819095 -0.15535982 0.29867715 -0.94162381
0.23823644 -0.91336739 -0.33015677 -0.13231927 0.30625013 -0.94271022
0.14682809 -0.74714673 -0.64823860 -0.37799966 0.56322223 -0.73477685
-0.00916308 -0.69095588 -0.72283894 -0.44602084 0.64980167 -0.61548620
-0.27145049 -0.24377732 -0.93106788 -0.35870349 0.92331815 -0.13716918
0.13317247 -0.94937891 -0.28450808 -0.04946572 0.28034025 -0.95862532
0.10638117 -0.94746459 -0.30165204 -0.15369047 0.28405955 -0.94640869
0.20025872 -0.92930233 -0.31031224 -0.11450669 0.29235747 -0.94942898
0.25044286 -0.69528198 -0.67369241 -0.55975008 0.46377695 -0.68672478
0.23132774 -0.70773941 -0.66752720 -0.72991824 0.32737023 -0.60004020
0.15141459 0.30638772 -0.93978733 -0.02734003 0.95168352 0.30586118
0.58113617 0.24505468 -0.77603418 -0.02861798 0.95914972 0.28144789
0.70774275 0.18734425 -0.68117726 0.00306903 0.96337354 0.26814544
0.73297739 0.27635214 -0.62158960 -0.18652092 0.96038902 0.20703360
0.78287506 0.30393103 -0.54289287 -0.30698308 0.94765204 0.08784690
0.62294382 0.31722859 -0.71505737 -0.26448193 0.94566458 0.18912388
0.62173212 0.33013809 -0.71025211 -0.26980925 0.94159716 0.20148906
0.67570758 0.13525786 -0.72465479 -0.03961616 0.98826528 0.14752088
0.60460287 0.26479262 -0.75122589 -0.21579643 0.96230763 0.16551718
0.48659158 0.24820647 -0.83762890 0.13570918 0.92567825 0.35313278
0.26940364 0.58638066 -0.76392376 -0.08870084 0.80498934 0.58662117
0.73232508 0.32270959 -0.59963202 0.12643670 0.80082309 0.58540255
0.24187389 0.76788700 0.59316665 -0.85672593 -0.11799356 0.50209391
0.86256176 0.10140175 -0.49568629 0.15391012 0.88069284 0.44798651
0.21363638 0.78592479 0.58024281 -0.95418024 0.04048272 0.29648152
0.17076106 0.87581229 0.45143494 -0.93260646 -0.00417535 0.36087087
0.20996159 0.83488280 0.50880927 -0.89015090 -0.05202356 0.45268643
0.20101950 0.85373330 0.48034430 -0.84609711 -0.09579841 0.52434951
0.17858133 0.88304198 0.43398806 -0.96151704 0.06302327 0.26741937
0.17281108 0.91023117 0.37631842 -0.91412425 0.00594880 0.40539068
0.17724635 0.90561509 0.38528568 -0.91699117 0.00981262 0.39878687
0.17814155 0.87918001 0.44193688 -0.97256237 0.08902068 0.21493693
0.84928602 0.11507893 -0.51523805 0.16213015 0.87193805 0.46199337
0.08766339 0.61388552 -0.78451240 -0.06879944 0.78939497 0.61001831
0.14458801 -0.73228127 -0.66547614 -0.25238299 0.62300581 -0.74038279
0.37959209 0.73534441 -0.56140757 -0.41468367 0.67768979 0.60726774
-0.43582210 -0.66834795 -0.60280198 0.03314635 0.65738243 -0.75282782
-0.15622507 -0.78805935 -0.59544617 0.21962309 0.56004137 -0.79882371
-0.14856909 -0.79525262 -0.58779299 0.20793219 0.55597985 -0.80476749
-0.49722061 -0.66188848 -0.56095934 0.12330910 0.58607382 -0.80081981
-0.39669362 -0.74756259 -0.53271425 0.18287018 0.50433874 -0.84391999
-0.39396277 -0.75558305 -0.52334273 0.17560843 0.49702492 -0.84978110
-0.39199916 -0.76310146 -0.51382178 0.17725474 0.48540732 -0.85613120
-0.31051034 -0.81036407 -0.49688381 0.17764659 0.46404231 -0.86781710
-0.05453491 0.52568173 -0.84893149 0.12897338 0.84678310 0.51606625
-0.35852897 -0.78854144 -0.49965933 0.08507533 0.50541586 -0.85867172
-0.07371299 0.68436933 -0.72539997 0.25849360 0.71563143 0.64888579
-0.35631350 -0.74775654 -0.56026858 -0.02591547 0.60730225 -0.79404807
-0.50455368 -0.71278906 -0.48719341 0.20900023 0.44666827 -0.86994618
-0.75032151 -0.50087368 -0.43144324 0.31654626 0.30073974 -0.89964116
-0.56509638 -0.61265475 -0.55255806 0.34129009 0.43616375 -0.83263576
-0.56364322 -0.61814421 -0.54790890 0.50767493 0.26400578 -0.82010198
-0.56040663 -0.62323570 -0.54545546 0.50311708 0.26697153 -0.82194859
-0.59500510 -0.58860445 -0.54727858 0.50015950 0.26184592 -0.82539523
-0.42735988 -0.76345229 -0.48425633 0.14700973 0.46982250 -0.87043381
-0.21078502 0.65248102 -0.72789991 0.33303612 0.74801606 0.57407230
-0.52773649 -0.65814102 -0.53697735 0.46398178 0.30617079 -0.83125228
-0.40734133 -0.76494503 -0.49893099 0.48336068 0.28294694 -0.82843441
-0.32251993 -0.83493614 -0.44594011 0.54071414 0.22417411 -0.81078619
-0.30329353 -0.84845167 -0.43375424 0.54103297 0.22138067 -0.81134087
-0.38967538 -0.81856835 -0.42201781 0.65420896 0.07648996 -0.75243604
-0.37837279 -0.82792461 -0.41397458 0.64043683 0.08875562 -0.76286519
0.56175661 0.08858987 -0.82254571 0.31560367 0.89611191 0.31205425
0.56583905 0.08277848 -0.82034987 0.29685926 0.90776968 0.29635936
-0.24307147 -0.84077752 -0.48374516 0.56759369 0.28112999 -0.77382392
-0.39635232 -0.76493460 -0.50772029 0.16820620 0.48315036 -0.85922784
-0.40448526 -0.78836483 -0.46354353 0.18851943 0.42409712 -0.88577771
-0.33641195 -0.82534772 -0.45346239 0.15295774 0.42724451 -0.89110386
-0.36665839 -0.81366104 -0.45112908 0.12900700 0.43575001 -0.89077449
-0.41098544 -0.78491098 -0.46368721 0.02360309 0.49929658 -0.86610955
-0.37599599 -0.79438239 -0.47705740 -0.03434126 0.52642769 -0.84952617
-0.46808618 -0.72686315 -0.50255877 0.11093309 0.51587713 -0.84944963
-0.59596294 -0.48163334 -0.64253998 0.19473541 0.68959379 -0.69752312
-0.23388074 -0.83948767 -0.49046943 0.45140499 0.35303694 -0.81951112
-0.21292415 -0.84363782 -0.49288794 0.40396988 0.38330874 -0.83059180
-0.34728262 -0.73546517 -0.58179539 0.49760747 0.38133302 -0.77908409
-0.30103770 -0.76378381 -0.57097334 0.50069332 0.38298166 -0.77629328
0.61214012 0.45575735 -0.64619637 -0.03713119 0.83286059 0.55223596
-0.41841307 -0.68340182 -0.59824115 0.32041478 0.50525647 -0.80128044
-0.34176794 -0.79346967 -0.50358772 0.14766072 0.48385999 -0.86259830
-0.78213769 -0.45472133 -0.42601544 0.33298093 0.27286971 -0.90258843
-0.75154233 -0.50132918 -0.42878115 0.29910117 0.32037741 -0.89883083
-0.75854683 -0.49285185 -0.42626730 0.25216028 0.38118261 -0.88944650
-0.84625238 -0.35630566 -0.39611006 0.22864133 0.42866012 -0.87405586
-0.67133105 -0.54385865 -0.50352013 0.10149124 0.60551262 -0.78933769
-0.45656389 -0.68937910 -0.56241089 0.28554899 0.48515525 -0.82649028
-0.44964266 -0.68766421 -0.57003456 0.29689708 0.48683539 -0.82148856
-0.68612438 -0.54488695 -0.48200789 0.35523286 0.32726303 -0.87561893
-0.49144587 -0.66778827 -0.55905259 0.54598176 0.26387653 -0.79515612
-0.76893872 -0.45598960 -0.44811463 0.12850349 0.57638073 -0.80701429
-0.74776733 -0.47662449 -0.46224800 0.08352259 0.62314272 -0.77763563
-0.12241364 -0.78828472 -0.60301095 0.35446054 0.53278488 -0.76843870
-0.26539648 -0.72556007 -0.63492310 0.10967336 0.63154519 -0.76754314
-0.33036739 -0.71385801 -0.61746597 0.26462829 0.55790430 -0.78658426
-0.47677803 -0.57646030 -0.66360861 0.11427839 0.70788229 -0.69702446
-0.71463913 -0.43510422 -0.54769999 -0.03533233 0.80444938 -0.59296960
-0.71538901 -0.42065549 -0.55791354 -0.02474463 0.81322354 -0.58142513
-0.66497523 -0.43923041 -0.60405678 0.03448355 0.78987068 -0.61230326
-0.68719506 -0.42676848 -0.58790457 -0.00055832 0.80956858 -0.58702499
-0.76201957 -0.37586191 -0.52730834 0.06600010 0.76498693 -0.64065516
-0.73452562 -0.39729595 -0.55011648 0.07254205 0.76006740 -0.64578271
-0.03335413 -0.86748183 0.49634948 -0.92022389 -0.16712077 -0.35391897
-0.55527121 -0.52731586 -0.64312667 -0.10384001 0.81120294 -0.57547110
-0.64837110 -0.48253095 -0.58887929 0.09164960 0.71839827 -0.68956822
-0.47981071 -0.55278403 -0.68133074 0.11333281 0.73100328 -0.67289668
-0.51191640 -0.53015196 -0.67592943 0.06703074 0.75979596 -0.64669698
-0.32076254 -0.72414327 -0.61051452 0.36721236 0.49908182 -0.78490293
-0.20214459 -0.78688288 -0.58305484 0.26186079 0.53024220 -0.80639458
0.65864098 0.28451526 -0.69659400 0.18349588 0.83707809 0.51539260
0.18506771 0.89817935 0.39877793 -0.91228515 0.00615831 0.40950936
-0.42687273 -0.68343782 -0.59219295 0.41512108 0.43368763 -0.79974347
-0.36678672 -0.73318464 -0.57263243 0.53772628 0.33520702 -0.77361929
-0.38500279 -0.71861672 -0.57910526 0.51712370 0.35175356 -0.78029007
-0.53209883 -0.58539611 -0.61170441 0.54250014 0.31896347 -0.77714604
-0.51637226 -0.60535777 -0.60572410 0.50778353 0.35312143 -0.78578699
-0.52173811 -0.60205185 -0.60441959 0.52611834 0.33064705 -0.78349984
-0.37992224 -0.71805072 -0.58314860 0.51032025 0.36309981 -0.77957159
-0.38085961 -0.71718240 -0.58360553 0.48664242 0.38120750 -0.78604078
-0.40039581 -0.70006669 -0.59126133 0.51544619 0.36141491 -0.77697784
-0.30933711 -0.75377178 -0.57977468 0.53020066 0.36941320 -0.76316524
-0.25903136 -0.77245235 -0.57984495 0.44177708 0.43910575 -0.78231663
-0.23123619 -0.78576398 -0.57367665 0.41719985 0.45260409 -0.78809506
-0.41292173 -0.66939521 -0.61758059 0.37819150 0.49084142 -0.78488600
-0.09002583 -0.79550785 -0.59921837 0.36663124 0.53293896 -0.76259923
-0.10348884 -0.79234809 -0.60122764 0.24895796 0.56459624 -0.78692508
0.33833560 0.62390697 -0.70446372 0.00257978 0.74799508 0.66369933
0.21565218 0.64848936 -0.73003817 -0.10970697 0.75898683 0.64179707
0.16157034 0.63135797 -0.75847358 -0.28079322 0.76621521 0.57798749
0.32398614 0.62625933 -0.70910668 -0.57416213 0.72587550 0.37873816
0.36647597 0.63853663 -0.67673212 -0.55184817 0.73476279 0.39444542
0.43453875 0.66735607 -0.60482395 -0.28447810 0.73886067 0.61086595
0.50613868 0.66250581 -0.55218643 -0.53813463 0.74292332 0.39809057
0.59383035 0.65173101 -0.47181797 -0.48774379 0.75796682 0.43311921
0.76032370 0.56078243 -0.32776660 -0.46464178 0.82217497 0.32884091
0.43715295 0.66144419 -0.60941690 -0.27776790 0.74375844 0.60800362
0.49016112 0.63779801 -0.59410077 -0.42472935 0.76997107 0.47618234
0.46968099 0.65501744 -0.59190536 -0.58580267 0.73282540 0.34612453
0.46229017 0.59257394 -0.65965444 -0.04898274 0.75984871 0.64825201
0.50862420 0.56963319 -0.64561564 -0.01792543 0.75669724 0.65351975
-0.60266370 -0.51934206 -0.60587156 0.50344664 0.34162879 -0.79361916
-0.58085632 -0.54819959 -0.60173351 0.52689391 0.31026596 -0.79127610
-0.56387854 -0.54877132 -0.61716378 0.59393740 0.24977688 -0.76475483
-0.55097222 -0.55783725 -0.62068290 0.60831803 0.24069227 -0.75631768
-0.47070652 -0.64946127 -0.59718966 0.65165740 0.20038730 -0.73156518
-0.40845579 -0.70473850 -0.58009267 0.65999180 0.21098766 -0.72103757
0.43905288 0.65900940 0.61068743 -0.79646075 -0.02907586 0.60399091
-0.31098795 -0.79257071 -0.52451712 0.67015702 0.20846692 -0.71234208
-0.44449586 -0.66597307 -0.59908539 0.59196854 0.28355783 -0.75443238
-0.32184002 -0.77017748 -0.55067742 0.52681237 0.33760065 -0.78006065
-0.23787850 -0.82129753 -0.51854056 0.55438530 0.32355613 -0.76679093
-0.30453962 -0.79709530 -0.52143532 0.66749686 0.21193141 -0.71381587
0.71245760 0.20390399 -0.67143685 0.08813478 0.92327148 0.37390122
0.93792874 0.01037507 -0.34667289 0.06049555 0.97933584 0.19298075
0.95327312 0.03656430 -0.29988921 -0.04494527 0.99876672 -0.02109418
0.90923578 0.00949243 -0.41617340 0.06623437 0.98370540 0.16714290
0.96648872 -0.01841490 -0.25604790 0.01565960 0.99979550 -0.01279569
0.89722741 -0.01467905 -0.44132465 0.04003050 0.99803585 0.04818729
0.96345037 -0.04783682 -0.26358116 0.02927398 0.99683517 -0.07391045
0.92184216 0.01692964 -0.38719571 0.06261818 0.97941363 0.19190606
0.11096370 0.95636249 0.27029210 -0.97127557 0.04675206 0.23331954
0.88276368 0.05370982 -0.46673709 0.11728383 0.93679804 0.32962701
0.10447988 0.96874893 0.22496562 -0.97167617 0.05122217 0.23069835
-0.38209739 -0.72343493 -0.57501608 0.71963000 0.15744175 -0.67627269
-0.45490804 -0.65539497 -0.60292310 0.71284127 0.13781555 -0.68765122
-0.64315414 -0.34831297 -0.68193173 0.70674694 0.07274857 -0.70371622
-0.66888374 -0.14822803 -0.72843874 0.73495823 0.01510650 -0.67794418
0.53511846 0.34178749 0.77254748 -0.81623584 -0.02651368 0.57711011
0.45526847 0.56367117 0.68920648 -0.85380054 0.05686713 0.51748520
0.43560728 0.61276239 0.65936989 -0.84553784 0.02731157 0.53321660
0.36760339 0.68615603 0.62774020 -0.88240945 0.04422265 0.46839935
0.34945878 0.72198796 0.59716994 -0.85390675 -0.01691639 0.52015114
0.35271347 0.72945869 0.58607441 -0.78615350 -0.10868418 0.60839987
0.33038801 0.76539654 0.55227888 -0.83225280 -0.03975317 0.55296934
0.37661573 0.71240652 0.59214664 -0.79727644 -0.07622090 0.59878272
0.40658781 0.67106652 0.61996466 -0.79149991 -0.08019090 0.60588562
-0.39719325 -0.67647934 -0.62017190 0.77379864 0.11647204 -0.62263155
-0.42997581 -0.62982070 -0.64687455 0.78017449 0.10138458 -0.61729157
-0.38471955 -0.69166374 -0.61122191 0.76605862 0.13014963 -0.62945634
-0.37000740 -0.71811718 -0.58940840 0.72375250 0.17496133 -0.66751105
-0.37163207 -0.71876270 -0.58759671 0.71182406 0.18570687 -0.67736220
-0.27198374 -0.81375796 -0.51363701 0.60806996 0.26835895 -0.74715084
-0.24744006 -0.83286572 -0.49508396 0.66521162 0.22548382 -0.71179396
0.66721296 0.17277180 -0.72455281 0.24207342 0.86963075 0.43028221
0.70154649 0.14607380 -0.69749200 0.21856013 0.88749224 0.40569562
0.74897087 0.10429998 -0.65434253 0.23648113 0.88042164 0.41101635
0.28300464 0.81865144 0.49971819 -0.80532414 -0.08015549 0.58739090
0.68970859 0.15848240 -0.70653057 0.16021076 0.91816884 0.36235139
0.80108017 0.08708625 -0.59218794 0.16061583 0.92179877 0.35283089
0.77688569 0.09218058 -0.62285751 0.02698666 0.98344141 0.17920594
0.74715233 0.03226583 -0.66386920 0.04351069 0.99430406 0.09729502
0.80103904 0.02163568 -0.59822106 -0.02956730 0.99955690 -0.00344099
0.77556670 -0.00829427 -0.63121122 -0.28897241 0.88433093 -0.36667952
0.67186528 -0.17558791 -0.71955961 -0.34220076 0.78800422 -0.51180863
0.57439595 -0.32156897 -0.75277001 -0.52472669 0.56117553 -0.64011252
0.41206419 -0.47535288 -0.77733058 -0.20211646 0.78418565 -0.58668721
0.32236072 -0.72968674 -0.60302639 -0.13988134 0.59332085 -0.79271913
0.20067157 -0.87849951 -0.43355459 -0.00603821 0.44143924 -0.89727086
0.34849700 0.07200856 -0.93453979 -0.16538677 0.98612499 0.01430935
0.22300255 -0.86426646 -0.45090279 -0.02113307 0.45815596 -0.88862056
0.17071226 -0.87505096 -0.45292735 0.02736044 0.46370754 -0.88556582
0.16788556 -0.87523031 -0.45363685 0.02666164 0.46403119 -0.88541758
0.17200652 0.23067863 -0.95770615 0.05373456 0.96855146 0.24294177
0.20961127 0.23563905 -0.94896644 -0.00793379 0.97090489 0.23933420
0.30038035 0.21345262 -0.92962873 0.01143688 0.97376198 0.22728156
0.28647354 0.21374415 -0.93394130 -0.03842809 0.97657585 0.21171431
0.55934298 0.20322876 -0.80363768 -0.06484599 0.97723728 0.20199598
0.17324719 0.20055291 -0.96424270 -0.15156530 0.97281379 0.17510363
0.47359183 -0.03294105 -0.88012826 -0.15540154 0.98049676 -0.12031826
0.49651864 -0.23856045 -0.83460057 0.05130895 0.96787745 -0.24613142
0.58053356 -0.00458457 -0.81422353 -0.00721220 0.99991602 -0.01077236
0.68467867 0.16029449 -0.71099991 0.15685034 0.92025298 0.35851419
-0.09751377 -0.90035731 -0.42408472 0.25118595 0.39005521 -0.88586831
-0.10549853 -0.89847285 -0.42616501 0.24694751 0.39146093 -0.88643968
-0.18348034 -0.87499356 -0.44801921 0.30330411 0.38313025 -0.87247801
0.84190267 0.08050639 -0.53359044 0.18040514 0.88992453 0.41891339
-0.33255613 -0.75754499 -0.56172240 0.74617821 0.15289263 -0.64795220
0.33197773 0.75736445 0.56230766 -0.79928178 -0.09071752 0.59406984
0.43468800 0.62346846 0.64987189 -0.80741328 -0.04983779 0.58787769
0.44134226 0.61343521 0.65491545 -0.79211718 -0.07659407 0.60554421
-0.43270543 -0.63624346 -0.63871771 0.76036257 0.12309027 -0.63772845
-0.41075176 -0.66566455 -0.62303597 0.73998636 0.15581149 -0.65432632
-0.43362972 -0.63553458 -0.63879669 0.73741639 0.15713373 -0.65690643
-0.49922776 -0.69301414 -0.52009916 0.21285325 0.48376933 -0.84891742
-0.34821442 -0.83895266 -0.41821665 0.46005601 0.23577166 -0.85601413
0.22921205 0.85630423 0.46282282 -0.89664978 0.00071563 0.44273996
0.18835314 0.87101668 0.45371035 -0.96532160 0.24922802 -0.07771569
0.04493625 0.87908584 0.47454068 -0.98478937 0.11878932 -0.12680317
0.04915520 0.88646990 0.46016830 -0.98219103 0.12655178 -0.13887210
0.02372549 0.87251985 0.48800233 -0.98070341 0.11506634 -0.15805250
-0.00475581 0.82354754 0.56722736 -0.95361114 0.16700639 -0.25046903
-0.10973181 0.80646831 0.58100587 -0.98369724 -0.00432656 -0.17978068
-0.14543413 0.82385492 0.54782486 -0.97090346 -0.01236769 -0.23915181
0.16237730 0.88326520 0.43985945 -0.96920097 0.22641796 -0.09687381
0.89759010 0.07682970 -0.43408442 0.09849762 0.92484766 0.36736232
-0.18898675 0.57230431 0.79796731 -0.98069674 -0.06847462 -0.18315330
0.93537045 0.03016612 -0.35238081 0.05749448 0.97013223 0.23566483
0.92096436 0.03891114 -0.38769913 0.06840574 0.96340185 0.25918636
0.82572603 0.02584088 -0.56347919 -0.11147178 0.98672503 -0.11810074
0.82830578 0.03768265 -0.55900770 -0.11847896 0.98695302 -0.10902500
0.91148776 0.03034022 -0.41020668 -0.10553494 0.98114234 -0.16193238
-0.20797943 0.89650679 -0.39117804 -0.92532098 -0.05069761 0.37578031
-0.15906772 0.94942462 -0.27072200 -0.94187385 -0.06374408 0.32986432
0.93167180 0.03611582 -0.36150157 -0.13652077 0.95692283 -0.25624368
-0.05703649 0.97262615 -0.22526704 -0.97323084 -0.00384921 0.22979762
-0.05588492 0.96369499 -0.26109171 -0.97312587 0.00593504 0.23019743
-0.05659328 0.96112692 -0.27024496 -0.97376639 0.00661684 0.22745390
-0.08525361 0.86329395 -0.49744886 -0.99634147 -0.07087967 0.04774705
-0.08444344 0.86042446 -0.50253266 -0.99620491 -0.06222325 0.06086085
0.93317425 0.03540912 -0.35767603 -0.04790765 0.99850971 -0.02614052
0.15604077 0.86782408 0.47173372 -0.94422668 -0.00915198 0.32916912
0.20675941 0.77556175 0.59645170 -0.88964880 -0.10466360 0.44448924
-0.00616175 0.94255346 -0.33399868 -0.99412084 0.03033328 0.10394133
-0.00087104 0.91938061 -0.39336830 -0.99345374 -0.04573082 -0.10468227
0.01231347 0.97179180 -0.23551884 -0.99420601 -0.01325486 -0.10667128
-0.03951426 0.98187608 0.18535927 -0.99514669 -0.02193943 -0.09592553
0.93206048 -0.02632375 0.36134514 0.12035402 0.96321511 -0.24027385
0.79281336 0.00261485 0.60945886 0.22745064 0.92647398 -0.29985368
