0.23555908 -0.68332696 0.69106889 -0.95497233 -0.03076258 0.29509574
0.15908064 -0.88554066 0.43647575 -0.94256264 -0.00470015 0.33399630
0.12423253 -0.93096083 0.34333411 -0.96659929 -0.03537347 0.25383955
0.17995958 -0.80851692 0.56028122 -0.96128809 -0.02372683 0.27452195
-0.96689963 -0.01954918 0.25440705 -0.05317960 0.99060458 -0.12599428
0.07761464 -0.98284405 0.16731259 -0.98205042 -0.04643087 0.18281460
-0.98183632 -0.02728069 0.18775864 -0.02397100 0.99951506 0.01987586
-0.00189654 -0.97767937 -0.21009406 -0.98413604 -0.03544718 0.17383850
-0.97290599 -0.02035944 0.23030314 -0.01316127 0.99937695 0.03274852
-0.95765150 -0.01880272 0.28731543 0.00388945 0.99692971 0.07820579
-0.95005578 -0.01837979 0.31153849 0.02396370 0.99102038 0.13154589
-0.95002878 -0.01674436 0.31171292 0.02617962 0.99076879 0.13301079
-0.94803911 -0.01811947 0.31763756 0.01111148 0.99588221 0.08997353
-0.04161008 -0.90538830 -0.42254066 -0.97935861 -0.04676448 0.19664665
-0.01064466 -0.95630908 -0.29216382 -0.98116940 -0.04636279 0.18750222
-0.00697558 -0.94109374 -0.33807382 -0.98991805 -0.04133070 0.13547723
-0.99005497 -0.03169882 0.13706332 -0.01340816 0.99111056 0.13236380
-0.99189472 -0.03024160 0.12341119 -0.02407474 0.99840033 0.05115917
0.02338842 -0.97667450 -0.21344782 -0.99559319 -0.04214934 0.08377144
0.01393066 -0.95174903 -0.30656126 -0.99483895 -0.04400972 0.09142525
0.01304094 -0.93029219 -0.36658764 -0.99529141 -0.04729230 0.08460767
0.01095707 -0.90310532 -0.42927945 -0.99830282 -0.03443612 0.04696468
0.02072806 -0.96424103 -0.26421523 -0.99906147 -0.03003014 0.03121580
0.02374971 -0.98363143 -0.17862031 -0.99895364 -0.03033499 0.03422672
0.02186149 -0.98225486 -0.18627258 -0.99975395 -0.02077875 -0.00776330
-0.99621046 -0.03069315 0.08138035 -0.02487083 0.99712205 0.07161730
-0.99538600 -0.03080483 0.09087199 -0.03771807 0.99644226 -0.07536770
0.01779734 -0.93786848 -0.34653416 -0.99970341 -0.02245468 0.00942903
0.01492914 -0.88310939 -0.46892962 -0.99976820 -0.02046059 0.00670305
0.01036150 -0.87414086 -0.48556191 -0.99850869 -0.03507445 0.04183599
0.02120137 -0.97034484 -0.24079344 -0.99490851 -0.04421248 0.09056694
-0.99213845 -0.03144056 0.12113143 -0.03034930 0.99948055 0.01084369
0.10039236 -0.94452089 0.31273261 -0.98637474 -0.05330906 0.15563768
0.00383659 -0.95379543 -0.30043224 -0.98940396 -0.04722545 0.13729380
-0.92256808 -0.02932646 0.38471833 0.10207491 0.94302922 0.31666481
-0.86117244 -0.02508551 0.50769365 0.08989846 0.97552115 0.20069098
-0.86380774 -0.02564524 0.50316858 0.11940827 0.95982820 0.25391257
-0.89189172 -0.01621656 0.45195824 -0.01814474 0.99983537 0.00006804
-0.90480226 -0.01891539 0.42541167 -0.02830367 0.99947518 -0.01575829
-0.91438591 -0.02222322 0.40423340 -0.07649549 0.98999012 -0.11860876
-0.93480414 -0.01884432 0.35466343 -0.02827076 0.99937087 -0.02141514
-0.90412509 -0.02266557 0.42666635 -0.12781529 0.96721154 -0.21946560
-0.90435874 -0.01859672 0.42636779 -0.17333494 0.92894292 -0.32713935
-0.81170303 0.00916117 0.58399862 -0.23918149 0.90698063 -0.34666753
-0.84568697 -0.01500388 0.53346831 -0.04532402 0.99801254 -0.04378119
-0.83757806 -0.01916403 0.54598153 -0.02810191 0.99957287 -0.00802537
-0.75284266 -0.02495627 0.65772724 -0.01193282 0.99963421 0.02427085
-0.78163844 -0.03741328 0.62260878 0.10330580 0.97664768 0.18838052
-0.77721518 -0.04237430 0.62780660 0.12970123 0.96551573 0.22573642
-0.74868578 -0.05567303 0.66058332 0.18663675 0.93845958 0.29062071
-0.78133684 -0.03891986 0.62289494 -0.01539297 0.99895185 0.04310834
-0.68492550 -0.05121216 0.72681111 0.24334249 0.92417055 0.29443726
-0.60276777 -0.06877188 0.79494745 0.24895044 0.93033737 0.26925099
-0.59024322 -0.07473842 0.80375820 0.26703709 0.92156607 0.28179276
0.40637010 0.83625889 0.36815003 0.61168343 0.05032500 -0.78950030
0.48051107 0.76809323 0.42325166 0.66619056 -0.00581735 -0.74575889
0.45061511 0.79497933 0.40614524 0.59776318 0.06920794 -0.79867983
0.43177485 0.79187667 0.43185866 0.68169987 0.02703071 -0.73113245
0.48675853 0.76110005 0.42871076 0.63320053 0.03066683 -0.77338010
0.51924300 0.75609589 0.39837897 0.60405350 0.00506383 -0.79692775
0.53305113 0.77503210 0.33938450 0.55277121 -0.01533201 -0.83319199
0.58000875 0.77804142 0.24133247 0.41913608 -0.03099959 -0.90739411
0.61706221 0.76063436 0.20166700 0.36174542 -0.04659919 -0.93111163
0.55127883 0.81614584 0.17319821 0.32573435 -0.01942395 -0.94526184
0.58568931 0.79287201 0.16829136 0.29438967 -0.01463811 -0.95557338
0.61478555 0.76899952 0.17515294 0.29189315 -0.01553784 -0.95632476
0.57898104 0.79788375 0.16781695 0.32389522 -0.03618939 -0.94540060
0.60374612 0.79196370 0.09101699 0.17954299 -0.02384797 -0.98346102
0.62448311 0.77563697 0.09169649 0.19980557 -0.04515405 -0.97879463
0.61123955 0.78674096 0.08616791 0.16815805 -0.02270953 -0.98549843
0.63922042 0.76417351 0.08623352 0.17287940 -0.03352926 -0.98437214
0.57100928 0.81608832 0.08915361 0.23663536 -0.05962926 -0.96976703
0.40519810 0.91119462 0.07442421 0.26921213 -0.04112521 -0.96220249
0.46639574 0.87997466 0.09010913 0.27620909 -0.04810093 -0.95989317
0.35084978 0.93372297 -0.07117505 0.10561886 -0.11497906 -0.98773706
0.36300212 0.92939490 -0.06674320 0.11104669 -0.11426862 -0.98722410
0.23193087 0.96998334 -0.07307847 0.17359844 -0.11519545 -0.97805601
-0.20510295 0.01775946 0.97857928 0.20146306 0.97919083 0.02445460
0.30988184 0.94955546 0.04814273 0.29108000 -0.04654476 -0.95556581
-0.31907269 0.01285168 0.94764310 0.08025540 0.99668282 0.01350535
-0.32179165 0.01742960 0.94665009 0.08501568 0.99632370 0.01055491
-0.28312173 0.02394519 0.95878506 0.08263139 0.99658006 -0.00048869
-0.22800483 0.02671307 0.97329348 0.00221342 0.99963522 -0.02691753
-0.20207833 0.02664926 0.97900677 0.09565608 0.99538732 -0.00735063
-0.11731341 0.03205945 0.99257737 -0.02993125 0.99891061 -0.03580161
0.18034615 0.97908086 -0.09421270 0.00795249 -0.09723152 -0.99523002
-0.13160670 0.98357487 -0.12353233 0.08474883 -0.11299632 -0.98997450
-0.15624130 0.97985744 -0.12437050 0.07940071 -0.11304942 -0.99041170
-0.29113239 0.94783854 -0.12978475 0.09697361 -0.10572483 -0.98965573
-0.34450269 0.93020403 -0.12664269 0.07772111 -0.10617718 -0.99130517
-0.37546036 0.91896784 -0.12053061 -0.00414923 -0.13171017 -0.99127960
-0.19237639 0.97273445 -0.12953389 -0.01482689 -0.13486563 -0.99075300
-0.23263265 0.96414721 -0.12768008 -0.11214681 -0.15699893 -0.98121071
0.05577432 0.08321888 0.99496925 0.01478716 0.99634236 -0.08416265
0.05541384 0.08027106 0.99523163 0.03287862 0.99607593 -0.08216982
0.06201085 0.07923658 0.99492526 0.04711931 0.99549979 -0.08221915
0.20742437 0.97296858 -0.10152493 -0.02470556 -0.09853880 -0.99482656
0.16766152 0.98052555 -0.10227015 -0.02453205 -0.09955686 -0.99472946
0.01138047 0.99382907 -0.11033740 0.00578630 -0.11040816 -0.99386948
0.37330893 0.89780432 -0.23364054 -0.18317464 -0.17555574 -0.96727824
0.24203947 0.95024681 -0.19608139 -0.21651366 -0.14409807 -0.96558666
0.18728241 0.07951956 0.97908223 0.01722396 0.99629897 -0.08421254
0.18723321 0.07902129 0.97913200 0.01691732 0.99635196 -0.08364604
0.19699584 0.07805639 0.97729212 0.06046171 0.99396098 -0.09157520
0.30819893 0.08039755 0.94791859 -0.18887670 0.98175752 -0.02185768
0.27410910 0.07340883 0.95889282 -0.06093831 0.99640459 -0.05886075
0.37019080 0.07683330 0.92577291 -0.00163103 0.99662596 -0.08206145
0.41071516 0.07376309 0.90877503 0.16574398 0.97407502 -0.15397030
0.40851617 0.07760818 0.90944570 0.00803551 0.99603432 -0.08860675
0.45382521 0.08673230 0.88685977 -0.28663582 0.95656538 0.05312841
0.36046356 0.08107325 0.92924333 0.15418589 0.97733253 -0.14507923
0.40029556 0.07998808 0.91288847 0.26230898 0.94449860 -0.19777855
0.39730754 0.08290159 0.91393328 0.21965721 0.95836991 -0.18242235
0.46569112 0.07123657 0.88207549 0.27716497 0.93486446 -0.22182888
0.49340948 0.07044739 0.86693960 0.22814111 0.95133626 -0.20714955
0.49165913 0.07305664 0.86771768 0.23745394 0.94746232 -0.21431485
0.48979765 0.07199537 0.86885840 0.18116964 0.96642494 -0.18220989
0.53048241 0.06193064 0.84543073 0.24464579 0.94370604 -0.22263752
0.59241623 0.04528577 0.80435830 0.14127035 0.97710955 -0.15905847
0.59446073 0.04564166 0.80282837 -0.02377501 0.99894905 -0.03918694
0.57981992 0.04767539 0.81334859 0.10407828 0.98577362 -0.13197762
0.55649298 0.04393283 0.82968998 -0.28535911 0.94796211 0.14120175
0.60021418 0.04430521 0.79861134 0.11828785 0.98256850 -0.14341262
0.56478882 0.04656626 0.82392067 -0.03633905 0.99884158 -0.03154239
0.52358162 0.04994704 0.85051024 -0.10149755 0.99482751 0.00406057
0.46432865 0.06351249 0.88338274 -0.07649395 0.99657416 -0.03144342
0.43193701 0.06472062 0.89957863 -0.02303871 0.99788827 -0.06073140
0.39694563 0.06736838 0.91536647 0.13574660 0.98202604 -0.13114038
0.37901935 0.07261563 0.92253530 -0.19196300 0.98140085 0.00161798
0.37603498 0.06181676 0.92454118 -0.17213216 0.98506516 0.00414710
0.43760881 0.06542706 0.89678198 -0.07982840 0.99623787 -0.03372872
0.38505220 0.06212351 0.92080152 -0.30431819 0.95047617 0.06313140
0.37337634 0.05254686 0.92619056 -0.25469029 0.96583676 0.04787746
0.49516484 0.05724043 0.86691129 -0.22097607 0.97330964 0.06195204
0.48941663 0.05056717 0.87058276 -0.18500626 0.98161334 0.04698891
0.55799490 0.03934825 0.82891101 -0.23940393 0.96403813 0.11539592
0.61733717 0.04194546 0.78557968 -0.10551288 0.99397004 0.02984355
0.65486151 0.03093876 0.75511539 -0.10656694 0.99295872 0.05173472
0.67314279 0.03233016 0.73880559 -0.09542637 0.99448878 0.04342629
0.69662988 0.03456109 0.71659780 0.00697666 0.99846542 -0.05493766
0.67289001 0.03830828 0.73875004 0.07133299 0.99064410 -0.11634399
0.67971808 0.04185869 0.73227811 0.15717357 0.96686655 -0.20116058
0.68353951 0.04045104 0.72879177 0.14827724 0.96994895 -0.19290668
0.68181533 0.04073930 0.73038906 0.13752513 0.97350669 -0.18267898
0.68160778 0.03780699 0.73074043 0.13561346 0.97483557 -0.17693122
0.56100553 0.03694637 0.82698721 -0.21951051 0.96988046 0.10557968
0.58273566 0.03856428 0.81174624 -0.05450495 0.99847901 -0.00830757
0.31224886 0.90784109 -0.27986655 -0.48229465 -0.10232136 -0.87001282
0.47343141 0.05419197 0.87916213 0.06490903 0.99324554 -0.09617783
0.38345021 0.07002199 0.92090333 0.19036265 0.96971840 -0.15299784
0.29807395 0.91858560 -0.25952360 -0.44628322 -0.10622652 -0.88856471
0.55011123 0.73777544 -0.39123523 -0.48792014 -0.09625120 -0.86756539
0.56554371 0.72168052 -0.39917117 -0.49250397 -0.09269240 -0.86536008
0.66079861 0.03339845 0.74981987 -0.05908097 0.99822426 0.00760379
0.77959764 0.03007552 0.62555814 0.04001101 0.99441397 -0.09767280
0.73726076 0.01950740 0.67532670 -0.23554422 0.94428760 0.22986940
0.82661957 0.03550954 0.56163979 0.04684011 0.99020308 -0.13154447
0.82715374 0.03448487 0.56091672 0.07683375 0.98180324 -0.17366338
0.86696535 0.03111403 0.49739635 0.04695042 0.98851132 -0.14367004
0.86507565 0.03441923 0.50045937 0.09217152 0.96975243 -0.22601926
0.86598057 0.03416483 0.49890935 0.09162907 0.96993285 -0.22546497
0.89245027 0.02986138 0.45015648 0.04789817 0.98589581 -0.16035970
0.89379084 0.03091974 0.44741693 0.01666617 0.99464172 -0.10203040
0.89096624 0.03207821 0.45293510 0.00697520 0.99641687 -0.08429011
0.85630840 0.03375165 0.51536083 -0.01235140 0.99891526 -0.04489755
0.84031004 0.03516910 0.54096425 0.01162003 0.99649560 -0.08283409
0.83951789 0.03394215 0.54227084 0.06805076 0.98361921 -0.16692024
0.80302954 0.03886044 0.59467095 0.02688123 0.99449396 -0.10128777
0.78327149 0.03417728 0.62073970 0.04401007 0.99293423 -0.11020340
0.77127749 0.03512509 0.63552922 0.01489181 0.99720705 -0.07318736
0.78497171 0.03827517 0.61834818 -0.05920314 0.99815643 0.01337138
0.74821299 0.03379826 0.66259718 -0.07370668 0.99675393 0.03238732
0.74059260 0.03292388 0.67114735 -0.09691798 0.99358904 0.05820470
0.80489188 0.04187549 0.59194213 -0.12744246 0.98643029 0.10350700
0.79155713 0.03563656 0.61005533 -0.08589403 0.99487579 0.05333298
0.75875133 0.03082895 0.65065056 -0.18204278 0.96911383 0.16636954
0.77976489 0.03373282 0.62516308 -0.21562338 0.95192677 0.21758220
-0.48546794 0.72129154 0.49402374 -0.74128079 -0.04002813 -0.67000049
0.69496596 0.02561098 0.71858644 -0.19446675 0.96881717 0.15354511
0.63857108 0.00221241 0.76955968 -0.30026811 0.92145109 0.24650967
0.75658047 0.03884410 0.65274578 -0.14757967 0.98262191 0.11258108
0.60992706 0.01329823 0.79234600 -0.28832290 0.93505669 0.20624997
0.58939028 0.02902728 0.80732685 -0.29080585 0.93998271 0.17850636
0.53987116 0.03021614 0.84120524 -0.32821482 0.92781156 0.17731559
-0.49109310 0.85324216 0.17551485 -0.44318229 -0.07126309 -0.89359450
0.81541246 0.03967760 0.57751906 -0.19831136 0.95642680 0.21429050
0.77926832 0.02398562 0.62623131 -0.02277632 0.99969113 -0.00994736
0.83828771 0.04065477 0.54371035 -0.14508933 0.97789341 0.15057755
0.81941545 0.03438722 0.57216775 -0.08285907 0.99482059 0.05887590
0.84991997 0.03395703 0.52581650 -0.12767011 0.98145640 0.14298150
0.88327980 0.03279829 0.46769762 -0.05251517 0.99819380 0.02917814
0.88416529 0.03230492 0.46605596 -0.04523348 0.99883890 0.01657841
0.91044915 0.03193634 0.41238624 -0.04499891 0.99874479 0.02200115
0.92446929 0.02983289 0.38008761 -0.00953148 0.99843079 -0.05518338
0.92429173 0.02988125 0.38051543 -0.00302582 0.99747318 -0.07098007
0.94183612 0.02822856 0.33488482 0.00330883 0.99563897 -0.09323157
0.07393559 0.90992969 -0.40811944 -0.97954631 -0.01053422 -0.20094296
0.94989449 0.02801615 0.31131276 -0.03073633 0.99952018 0.00383400
0.93618715 0.02979714 0.35023674 -0.02969096 0.99954301 -0.00567395
0.95123386 0.02693317 0.30729267 -0.03182296 0.99943399 0.01091189
0.94002986 0.02544238 0.34014198 -0.08675187 0.98225534 0.16627893
0.92346561 0.03129944 0.38240251 -0.05851331 0.99649745 0.05974127
0.92112398 0.03178428 0.38796958 -0.07080138 0.99371648 0.08668791
0.90299404 0.03219865 0.42844489 -0.09582561 0.98716313 0.12777519
0.89105588 0.03038698 0.45287529 -0.09601329 0.98779696 0.12263209
0.93577951 0.02943507 0.35135505 -0.02525607 0.99954534 -0.01647218
0.92277324 0.03207469 0.38400626 -0.07219993 0.99327284 0.09053303
0.89279050 0.03288253 0.44927037 -0.09908395 0.98724198 0.12464253
0.84192502 0.02857959 0.53883713 -0.16460019 0.96460414 0.20602334
0.85234684 0.03650106 0.52170163 -0.18607773 0.95344788 0.23730208
0.71948487 0.02601293 0.69402093 -0.18595305 0.97002840 0.15641768
0.78547412 0.02972433 0.61818033 -0.07840037 0.99557811 0.05174634
0.79753083 0.03808455 0.60207492 -0.06857187 0.99726015 0.02775066
0.81281900 0.03824468 0.58125961 -0.00958384 0.99858534 -0.05230134
0.86133564 0.03314779 0.50695384 -0.03198916 0.99942774 -0.01099788
0.88339883 0.03274567 0.46747655 -0.04294444 0.99901503 0.01117414
0.91533446 0.03076137 0.40151781 0.03738360 0.98628128 -0.16078456
0.84545839 0.03240911 0.53305697 0.09437499 0.97338027 -0.20886421
0.81820160 0.03977393 0.57355410 0.14374049 0.95177108 -0.27105445
0.77111238 0.02890837 0.63604242 -0.22255048 0.94819373 0.22671553
0.77585012 0.01896871 0.63063204 0.12490664 0.97514570 -0.18300070
0.77851892 0.01941397 0.62732089 0.12842885 0.97344363 -0.18950860
0.74536723 0.03441243 0.66576540 -0.01148208 0.99918139 -0.03879128
0.72186607 0.03174866 0.69130421 -0.11876642 0.98980957 0.07855923
0.66727245 0.01588760 0.74464428 -0.22028910 0.95925349 0.17693365
0.55169648 0.03298881 0.83339232 -0.10824273 0.99359882 0.03232510
-0.45199180 0.87984103 0.14691237 -0.43204832 -0.07184300 -0.89898431
-0.41311091 0.90342069 0.11476252 -0.38279641 -0.05791827 -0.92201543
-0.71045965 0.67902702 0.18484980 -0.25593117 -0.00462049 -0.96668398
-0.68319893 0.70909715 0.17441463 -0.26110893 -0.01416363 -0.96520543
-0.46707183 0.88358974 -0.03336360 -0.14492923 -0.11372353 -0.98288476
0.25687599 0.07370960 0.96362948 -0.24451764 0.96960330 -0.00898515
-0.23243418 0.96640205 -0.10973421 -0.17163710 -0.15180938 -0.97339338
0.14663377 0.08005039 0.98594648 -0.11073576 0.99178350 -0.06405526
0.14531982 0.07914874 0.98621380 -0.09020513 0.99370337 -0.06645798
-0.22896384 0.96590620 -0.12083372 -0.07563686 -0.14140913 -0.98705757
-0.22840090 0.96550059 -0.12506658 -0.07207622 -0.14487882 -0.98682076
-0.30246115 0.94689202 -0.10914610 -0.11668640 -0.15043207 -0.98171002
0.24186137 0.06281926 0.96827519 -0.25079724 0.96803969 -0.00015839
0.25330716 0.06383879 0.96527719 -0.21430241 0.97673166 -0.00835928
-0.44676021 0.89120030 -0.07853298 -0.11580507 -0.14464778 -0.98268318
-0.49892336 0.85967094 -0.10973304 -0.00731052 -0.13078830 -0.99138337
-0.39363983 0.91136897 -0.12022623 0.02165649 -0.12155499 -0.99234843
-0.32052416 0.94528592 0.06081822 -0.27809602 -0.03253074 -0.96000230
0.31644154 0.07096381 0.94595397 -0.15499745 0.98766446 -0.02224295
0.43212327 0.06393268 0.89954543 -0.10727378 0.99404579 -0.01911689
-0.45833325 0.86827880 0.18979622 -0.48870084 -0.06783677 -0.86981016
0.62017882 0.04225859 0.78332144 -0.11562835 0.99256545 0.03799951
0.61925972 0.04415421 0.78394377 0.03744128 0.99562132 -0.08565250
0.60794079 0.04144516 0.79289997 0.20712127 0.95578128 -0.20876527
0.60017604 0.03729019 0.79899824 0.22791137 0.94953156 -0.21551383
0.54864705 0.05592902 0.83418131 0.17706883 0.96735245 -0.18131712
0.58667964 0.03975843 0.80884254 0.28872326 0.92288882 -0.25478464
0.46382695 0.07083427 0.88308948 0.28362969 0.93246078 -0.22376586
0.28893360 0.92535526 -0.24542843 -0.39310884 -0.11907513 -0.91174918
0.32348710 0.91592091 -0.23758148 -0.35669246 -0.11452339 -0.92717576
0.42415690 0.86597800 -0.26490211 -0.14556554 -0.22351810 -0.96376884
0.35753030 0.90001607 -0.24928528 -0.32491508 -0.13037753 -0.93671334
0.37023270 0.89352655 -0.25404370 -0.33196479 -0.12815647 -0.93454552
0.37418538 0.89324027 -0.24921294 -0.25742772 -0.15812330 -0.95327228
0.32127395 0.91914189 -0.22795032 -0.21474148 -0.16372985 -0.96284926
0.52446836 0.80165374 -0.28685227 -0.25452569 -0.17388232 -0.95130521
0.46760321 0.84104329 -0.27201736 -0.23800281 -0.17657498 -0.95507902
0.53454095 0.79732144 -0.28025803 -0.22195834 -0.18752775 -0.95685309
0.58576393 0.77023947 -0.25221363 -0.13109390 -0.21705022 -0.96731776
0.54612744 0.79838568 -0.25362420 -0.15081199 -0.20410983 -0.96726155
0.58028418 0.78569216 -0.21437846 -0.10172758 -0.19124235 -0.97625709
0.55543423 0.80217403 -0.21911108 -0.11080639 -0.18974736 -0.97556037
0.54560214 0.81047720 -0.21317844 -0.09347553 -0.19393413 -0.97655100
0.78378695 0.55017966 -0.28806326 -0.22589602 -0.17950104 -0.95747083
0.52437079 0.81510794 -0.24624045 -0.12952776 -0.20946370 -0.96919942
0.51270491 0.82345086 -0.24302766 -0.11924269 -0.21202403 -0.96996242
0.51786828 0.84994233 -0.09700781 0.08257488 -0.16253458 -0.98324156
0.50346458 0.82775694 -0.24767292 -0.13442455 -0.20812023 -0.96882200
0.31258816 0.92229927 -0.22727230 -0.17758380 -0.17830192 -0.96781844
0.60629416 0.72360337 -0.32985699 -0.33372542 -0.14498402 -0.93145424
0.42957377 0.86060530 -0.27354151 -0.30101624 -0.14912361 -0.94188720
0.43706375 0.85610807 -0.27577949 -0.30295634 -0.14857274 -0.94135201
0.37068269 0.89276528 -0.25605562 -0.30826184 -0.14180365 -0.94067341
0.40236032 0.88204622 -0.24515429 -0.18188980 -0.18542652 -0.96567756
0.38088951 0.88773775 -0.25854391 -0.32307950 -0.13421530 -0.93680626
0.38239625 0.88669491 -0.25989479 -0.30142754 -0.14617513 -0.94221771
0.30155343 0.07072951 0.95082223 0.20272799 0.96968490 -0.13642788
0.27542159 0.07476007 0.95841217 0.16230577 0.97904289 -0.12301163
0.49346700 0.07063754 0.86689144 0.21978268 0.95422357 -0.20286219
0.27015680 0.07135125 0.96016890 0.01061594 0.99696898 -0.07707286
0.26970723 0.07468217 0.96004200 0.09586927 0.98995215 -0.10394171
0.18841006 0.96531963 -0.18071997 -0.22777542 -0.13604641 -0.96416277
0.23815735 0.95115602 -0.19642656 -0.21538220 -0.14548698 -0.96563148
0.36941424 0.89896351 -0.23536733 -0.18287624 -0.17800131 -0.96688771
0.32209176 0.94099945 -0.10381212 0.08190238 -0.13694173 -0.98718739
0.24268430 0.96453655 -0.10379620 0.08323931 -0.12730402 -0.98836476
0.15301836 0.08013329 0.98496908 0.00174865 0.99668342 -0.08135799
-0.32462373 0.93730742 -0.12678422 0.02092992 -0.12689222 -0.99169570
-0.39576626 0.90610927 -0.14944927 0.21395200 -0.06728432 -0.97452420
-0.48921615 0.85638487 -0.16514429 0.20298761 -0.07234994 -0.97650474
-0.16962510 0.03862824 0.98475134 -0.10067907 0.99332434 -0.05630667
-0.26918146 0.02137497 0.96285230 -0.15906958 0.98503613 -0.06633800
-0.40797317 -0.01741795 0.91282779 -0.17747203 0.98225981 -0.06057536
-0.39656615 -0.02870552 0.91755724 -0.13685685 0.99019027 -0.02817140
-0.43008858 0.88065052 -0.19869186 0.41839108 -0.00059047 -0.90826678
-0.60147727 0.75658852 -0.25651324 0.37084237 -0.01997705 -0.92848098
-0.35457930 0.91829085 -0.17611216 0.28412911 -0.07362483 -0.95595509
-0.36548850 0.91593587 -0.16576976 0.40889999 -0.00199735 -0.91257703
-0.53975093 -0.04775557 0.84046918 -0.35139298 0.92003220 -0.17338888
-0.51803988 -0.05356883 0.85367739 -0.18235046 0.98201019 -0.04903454
-0.62935090 -0.05802315 0.77495205 -0.07027844 0.99737209 0.01760222
-0.66997129 -0.05851854 0.74007714 -0.14477465 0.98804766 -0.05293468
-0.81259453 -0.08433137 0.57669604 -0.23976140 0.95024270 -0.19888037
-0.61872882 -0.05939910 0.78335589 -0.00863413 0.99759144 0.06882421
-0.53916603 -0.06674162 0.83955079 0.09926344 0.98487103 0.14204185
-0.56040287 -0.05699961 0.82625645 0.05439646 0.99294186 0.10539249
-0.41957402 -0.03571366 0.90701830 -0.07606994 0.99709421 0.00407149
-0.41420975 -0.03378174 0.90955436 0.10279600 0.99118090 0.08362658
-0.42217109 -0.04431196 0.90543258 0.11689427 0.98780483 0.10284693
-0.48804644 -0.07005939 0.87000144 0.14992850 0.97522825 0.16263878
-0.51168174 -0.06738126 0.85652888 0.27929470 0.92973131 0.23998779
0.39484712 0.90088642 0.18027595 0.44137380 -0.01390715 -0.89721560
0.42917463 0.88379586 0.18631701 0.43280891 -0.02017492 -0.90125996
0.47174895 0.85953200 0.19661559 0.40171486 -0.01101524 -0.91569859
0.48872620 0.85573530 0.16989373 0.36755514 -0.02534786 -0.92965627
0.45968333 0.87482297 0.15289207 0.32825792 -0.00740618 -0.94455916
0.52874064 0.83167851 0.16954105 0.33476612 -0.02078277 -0.94207209
0.49725205 0.83952874 0.21893366 0.45055869 -0.03422469 -0.89209056
-0.39502600 -0.04585602 0.91752481 0.28622946 0.94289535 0.17035562
-0.53187233 0.75755268 -0.37845182 0.63849080 0.06517595 -0.76686484
-0.55923271 -0.05813471 0.82696986 -0.27382958 0.95450282 -0.11807531
-0.40971893 -0.02164827 0.91195494 -0.12110943 0.99215943 -0.03085930
-0.18676434 0.97402281 -0.12805702 -0.01310610 -0.13280930 -0.99105501
0.08097103 0.99209356 -0.09588578 0.05000919 -0.10012429 -0.99371743
-0.11902068 0.04292862 0.99196333 -0.06256007 0.99675554 -0.05064228
-0.22231492 0.03501294 0.97434604 -0.07095573 0.99612397 -0.05198538
-0.26711571 0.02661912 0.96329677 -0.14231193 0.98756850 -0.06675196
-0.33661309 -0.00515248 0.94162899 0.06884693 0.99717402 0.03006778
-0.21084680 0.02046632 0.97730488 0.14941137 0.98870790 0.01152936
0.29343677 0.95271283 -0.07895032 0.04048723 -0.09489685 -0.99466348
0.31683823 0.94530118 -0.07758418 0.02942843 -0.09155667 -0.99536496
0.34616378 0.93556076 0.06997714 0.30235562 -0.04064231 -0.95232838
0.45201376 0.88274527 0.12823558 0.30943501 -0.02033986 -0.95070308
0.54988092 0.82815683 -0.10856947 0.00112163 -0.13071752 -0.99141908
0.63658357 0.77047098 -0.03370357 0.06453367 -0.09676665 -0.99321282
0.30990326 0.94831306 -0.06828147 0.07763144 -0.09681601 -0.99227017
0.42760715 0.90148407 -0.06692263 0.04324930 -0.09434987 -0.99459922
0.21392798 0.97294503 -0.08725163 -0.01489197 -0.08606077 -0.99617857
0.46155372 0.86953592 -0.17571418 -0.14188051 -0.12316848 -0.98219121
0.59459007 0.80363691 -0.02510611 0.12133027 -0.12054938 -0.98526484
0.85980225 0.50990993 -0.02705292 0.03099084 -0.10499174 -0.99399012
0.59108460 0.78750038 0.17453420 0.32893533 -0.03776333 -0.94359714
0.42204833 0.89639056 0.13549599 0.44380420 -0.07396324 -0.89306623
-0.48615187 -0.00953846 0.87382233 0.12308800 0.98922414 0.07927830
-0.61532748 0.03103121 0.78766066 0.18644723 0.97660124 0.10717939
-0.47633576 -0.01419671 0.87914890 0.07523303 0.99554479 0.05683866
-0.58139336 -0.02607670 0.81320471 -0.11603093 0.99192786 -0.05114752
-0.64590329 -0.03476595 0.76262730 0.03328301 0.99673033 0.07362690
-0.63436449 -0.04034354 0.77198070 0.14353649 0.97512418 0.16890889
-0.68698680 -0.03173479 0.72597671 -0.00063823 0.99907196 0.04306871
-0.62189752 -0.01760430 0.78290069 -0.28806952 0.93478960 -0.20780851
-0.73717934 -0.02520245 0.67522699 0.01920792 0.99811876 0.05822446
0.58612895 0.80280787 0.10932717 0.24810217 -0.04938746 -0.96747416
0.54319882 0.82214564 0.17032805 0.32745570 -0.02064685 -0.94464087
0.60776353 0.77157885 0.18785539 0.36847031 -0.06444600 -0.92740303
0.54789811 0.80359364 0.23247562 0.42611927 -0.02895077 -0.90420365
-0.66645372 0.02853259 0.74500030 0.43363783 0.82768714 0.35621935
0.49397615 0.78850144 0.36640558 0.54438186 0.04811302 -0.83745664
-0.37286967 -0.75576377 -0.53832084 -0.75834012 -0.08610196 0.64614767
0.38980576 0.76393890 0.51424599 0.73976272 0.07281200 -0.66891676
0.48283425 0.79618382 0.36464012 0.19636104 0.30735606 -0.93111473
-0.57618952 -0.08034121 0.81335789 0.27419022 0.91848528 0.28496403
-0.57269609 -0.06034191 0.81754398 -0.02017556 0.99802268 0.05952968
-0.72271180 -0.02855948 0.69055927 0.33859220 0.85640550 0.38977554
-0.33285612 -0.82868528 -0.44998610 -0.77331024 -0.03319874 0.63315809
-0.79359210 -0.05235956 0.60619318 0.27993149 0.85316831 0.44016156
-0.23242036 -0.86895776 -0.43691337 -0.87399232 -0.01050729 0.48582622
-0.71408612 -0.05690910 0.69774097 0.05942259 0.98816592 0.14141133
-0.86201477 -0.00908996 0.50680178 0.09315624 0.97996789 0.17602529
-0.72541344 -0.02283716 0.68793452 -0.04209522 0.99905056 -0.01122340
-0.82891101 -0.05437062 0.55673188 -0.21076453 0.95227277 -0.22080533
-0.77634233 -0.02904495 0.62964195 -0.19228166 0.96223527 -0.19269411
-0.69653398 -0.01771872 0.71730506 -0.08596463 0.99455518 -0.05890805
-0.87098843 -0.01706284 0.49100724 -0.05005265 0.99727857 -0.05413133
-0.83447236 -0.02113536 0.55064446 0.05929069 0.99001950 0.12785175
-0.93577075 -0.01960380 0.35206363 -0.01385235 0.99972641 0.01884830
-0.96716505 -0.01971363 0.25338343 -0.06378338 0.98390657 -0.16691183
-0.97913414 -0.03196805 0.20068474 -0.02759989 0.99931812 0.02452730
-0.97339499 -0.02218859 0.22805685 -0.02377247 0.99970859 -0.00420020
-0.96821409 -0.02049501 0.24928203 -0.06678763 0.98163468 -0.17869763
0.09669092 -0.95570570 0.27798831 -0.98483217 -0.05143718 0.16571027
0.14490174 -0.91358542 0.37995422 -0.91419888 0.02327032 0.40459731
