0.36273345 0.62656617 0.68981105 -0.09773698 0.76172209 -0.64048970
0.39077133 0.60920781 0.69004613 -0.11281162 0.77569753 -0.62094033
0.39243251 0.59484434 0.70153904 -0.10477554 0.78667003 -0.60841793
0.37877437 0.60229897 0.70268488 -0.23451135 0.79694027 -0.55667830
0.40170327 0.60233909 0.68979865 -0.21369478 0.79410446 -0.56897515
0.29611710 0.63460410 0.71385741 -0.21214600 0.77240568 -0.59865141
0.31562126 0.62941182 0.71008742 -0.29001355 0.77651638 -0.55938762
0.31410092 0.62859511 0.71148354 -0.30263668 0.77661020 -0.55252850
0.25977007 0.68958169 0.67601526 -0.34384945 0.72021687 -0.60254061
0.14213157 0.77113634 0.62060237 -0.34809214 0.62585968 -0.69794816
0.11480279 0.76964039 0.62807167 -0.27333200 0.63232094 -0.72488612
0.03899527 0.81691897 0.57543272 -0.23120937 0.56761944 -0.79015839
-0.03395942 0.87370831 0.48526353 -0.29370707 0.45537907 -0.84045589
-0.04313427 0.87484062 0.48248667 -0.33895001 0.44147918 -0.83078825
-0.19332537 0.90183359 0.38642132 -0.27289721 0.32888359 -0.90408117
-0.19443381 0.90382957 0.38116610 -0.26048440 0.32705572 -0.90839553
-0.27656242 0.90524894 0.32254875 -0.17607057 0.28222704 -0.94305199
-0.24239388 0.94464928 0.22109495 -0.07523505 0.20890240 -0.97503823
-0.21143770 0.89852548 0.38463759 -0.32007468 0.30818057 -0.89586663
-0.27912438 0.87275147 0.40049282 -0.30324557 0.31561229 -0.89912796
-0.05936381 0.93414068 0.35193339 -0.55989802 0.26071918 -0.78647304
0.48996249 0.37930864 0.78489602 -0.38634431 0.90160567 -0.19453864
-0.24732502 0.89051300 0.38185987 -0.28831813 0.30861327 -0.90643841
-0.23203763 0.88753784 0.39803910 -0.40793929 0.28268948 -0.86814302
0.09759067 0.66869760 0.73710221 -0.44529009 0.69170618 -0.56855905
0.24796309 0.57286674 0.78124130 -0.57514417 0.73598075 -0.35712960
0.34141570 0.37520778 0.86177403 -0.36849278 0.89689857 -0.24451198
0.46262604 0.41527277 0.78327882 -0.51063430 0.84705335 -0.14748967
0.55480754 0.41642657 0.72026217 -0.39097863 0.89467168 -0.21609789
0.56160200 0.43950900 0.70102423 -0.43545023 0.87742692 -0.20125885
0.43149897 0.56286460 0.70497668 -0.45674637 0.81021798 -0.36732766
0.42583263 0.56343919 0.70795685 -0.42721224 0.81493932 -0.39161682
0.53627169 0.49225339 0.68563789 -0.35376930 0.86861551 -0.34692144
0.58417815 0.45983133 0.66879821 -0.35817918 0.88550127 -0.29596490
0.58796161 0.43253547 0.68353075 -0.33217898 0.89959472 -0.28352520
0.64771903 0.45518720 0.61095399 -0.35403720 0.88989115 -0.28766561
0.64529783 0.40503168 0.64771914 -0.30080220 0.91409761 -0.27192575
0.64841819 0.40608260 0.64393389 -0.32322714 0.91267896 -0.25008264
0.71764439 0.33677495 0.60956478 -0.31552979 0.93753868 -0.14650020
0.70464528 0.33501062 0.62549418 -0.24559672 0.94218832 -0.22795497
0.76250505 0.28910106 0.57879752 -0.22886801 0.95729607 -0.17664599
0.82111520 0.25314263 0.51155525 -0.19207945 0.96654642 -0.16998114
0.71737707 0.21444838 0.66285902 -0.33341932 0.94109136 0.05637974
0.72965378 0.30572349 0.61166859 -0.15016834 0.94429499 -0.29284206
0.74402416 0.33830655 0.57617420 -0.21547018 0.93775582 -0.27237231
0.74012619 0.35782415 0.56936377 -0.23167120 0.93052322 -0.28364599
0.73018104 0.35891879 0.58138883 -0.19741592 0.92544645 -0.32338208
0.70604664 0.40275431 0.58248353 -0.21157014 0.90492535 -0.36925364
0.66191190 0.44615620 0.60234320 -0.23917843 0.88727772 -0.39437544
0.62686390 0.45433170 0.63294899 -0.26165748 0.88795966 -0.37823680
0.63773477 0.45270079 0.62318248 -0.21839313 0.88212937 -0.41731557
0.62197536 0.45966709 0.63391876 -0.30906218 0.88794827 -0.34062964
0.61051351 0.45935148 0.64518946 -0.29146492 0.88776630 -0.35625729
0.61423200 0.46757129 0.63568562 -0.22960687 0.87659830 -0.42291391
0.53088850 0.49959630 0.68451524 -0.25901717 0.86474890 -0.43025517
0.53751791 0.50141251 0.67798233 -0.32220104 0.86512738 -0.38437110
0.39544648 0.57571739 0.71566164 -0.36442569 0.81356430 -0.45310834
0.50782675 0.50567037 0.69743061 -0.23050497 0.85983372 -0.45558047
0.43546486 0.57864010 0.68959850 -0.27128303 0.81478614 -0.51237601
0.40579224 0.59635413 0.69259977 -0.24583392 0.80108762 -0.54573286
0.50629014 0.50618148 0.69817668 -0.21823558 0.85846055 -0.46413228
0.54316670 0.49171007 0.68058151 -0.15417165 0.85520464 -0.49482948
0.61375278 0.46657693 0.63687789 -0.17941444 0.86800838 -0.46300328
0.63442320 0.45174232 0.62724495 -0.11674164 0.85814482 -0.49995896
0.61928087 0.45606992 0.63913333 -0.13865200 0.86473566 -0.48270890
0.67747605 0.42776769 0.59836531 -0.10896282 0.86289001 -0.49350578
0.69491029 0.40101543 0.59689730 -0.10566725 0.87800014 -0.46685141
0.71908301 0.39330465 0.57291466 -0.14116085 0.88990933 -0.43374541
0.71909875 0.39175701 0.57395434 -0.13861513 0.89020938 -0.43395057
0.76488751 0.33410177 0.55074781 -0.11090250 0.91051513 -0.39832526
0.75928831 0.33657384 0.55695552 -0.12958254 0.91692019 -0.37744635
0.67489117 0.33855876 0.65566754 -0.20059553 0.93925095 -0.27851236
0.83015770 0.30272213 0.46818542 -0.08447673 0.89835358 -0.43107381
0.77971041 0.32457289 0.53544760 -0.10819157 0.91213167 -0.39536116
0.88757664 0.22315536 0.40300059 -0.06167883 0.92452455 -0.37609860
0.91462398 0.19548412 0.35390538 -0.06219720 0.93295205 -0.35458705
0.68783140 0.27137434 0.67323399 -0.17407905 0.96208900 -0.20995548
0.72227764 0.08120104 0.68681985 -0.14351797 0.98906374 0.03399265
0.89040977 0.20083413 0.40845585 -0.05064918 0.93553567 -0.34958231
0.87963074 0.20280312 0.43025655 -0.06156645 0.94548607 -0.31979015
0.88269871 0.17557862 0.43590736 -0.03898132 0.95174158 -0.30441487
0.86311793 0.16043119 0.47884160 -0.09612519 0.98305351 -0.15609564
0.88595045 0.11205431 0.45003968 -0.08935178 0.99343371 -0.07145434
0.96568668 0.11275825 0.23395480 -0.04789093 0.96269715 -0.26630956
-0.02658257 0.89352167 -0.44823265 -0.98477811 -0.10045528 -0.14184833
-0.04288650 0.95363027 -0.29790944 -0.99359745 -0.07190655 -0.08714178
0.91209340 0.03543437 0.40844852 -0.06946357 0.99521071 0.06877879
0.91112471 0.03972959 0.41021135 -0.04089506 0.99914581 -0.00593634
0.95971751 0.03466220 0.27882060 -0.04104942 0.99901080 0.01710040
0.94504690 -0.00225865 0.32692701 -0.01247892 0.99899822 0.04297460
0.93686157 -0.01655138 0.34930864 0.00643697 0.99952626 0.03009658
0.95609415 -0.00913893 0.29291731 -0.04627496 0.98226649 0.18168978
0.94452679 -0.01861801 0.32790640 -0.04502524 0.98162556 0.18542935
0.97075719 -0.00258997 0.24004969 -0.03045385 0.99053466 0.13384205
-0.04549585 0.97534519 0.21594439 -0.98009652 -0.00176593 -0.19851379
0.99582034 0.01998169 0.08912116 -0.01227714 0.99620438 -0.08617511
-0.02219007 0.88425493 -0.46647710 -0.99972647 -0.02307499 0.00381547
-0.02070960 0.93662894 -0.34971049 -0.99972808 -0.01564944 0.01728932
-0.02226248 0.90606272 -0.42255738 -0.99960154 -0.01283609 0.02514049
-0.02074923 0.91391373 -0.40537789 -0.99973750 -0.01502485 0.01729835
-0.02011773 0.89326274 -0.44908473 -0.99817622 0.00762659 0.05988532
0.01043082 0.84167308 -0.53988677 -0.91625172 -0.20818554 -0.34225959
-0.01608408 0.96239984 -0.27116024 -0.99927360 -0.02484291 -0.02889957
-0.01665399 0.95242757 -0.30430984 -0.99922377 -0.02672069 -0.02894568
-0.01691728 0.97117710 -0.23775798 -0.99949127 -0.00999577 0.03028711
-0.02929081 0.98755866 -0.15449911 -0.99381864 -0.04533060 -0.10133954
0.95564967 0.04397085 0.29120478 -0.06035501 0.99704534 0.04751749
0.90708578 0.02327038 0.42030221 -0.14517513 0.95450592 0.26046634
-0.22415420 0.83486056 0.50275517 -0.89611089 0.02620979 -0.44305569
-0.20319504 0.85379726 0.47931409 -0.89330429 0.03878023 -0.44777629
-0.24998505 0.79648656 0.55056036 -0.87460279 0.05821219 -0.48133296
-0.24857594 0.74788666 0.61552876 -0.90591323 0.04541132 -0.42102140
-0.21667832 0.78058386 0.58629286 -0.94118387 -0.00753009 -0.33781114
-0.20014338 0.78231376 0.58985412 -0.94342041 0.00857760 -0.33148828
-0.11371582 0.95646983 0.26876420 -0.98778176 -0.07982858 -0.13384522
-0.08187346 0.98371762 0.15998861 -0.99327582 -0.06735484 -0.09416166
-0.06182714 0.98167259 0.18026744 -0.99808615 -0.06103429 -0.00994705
-0.06138364 0.98503840 0.16103257 -0.99811423 -0.06053204 -0.01019362
-0.12172295 0.83546418 0.53589469 -0.99256378 -0.10200530 -0.06642351
-0.09911073 0.68773961 0.71916014 -0.99331433 -0.11136908 -0.03038990
-0.11237362 0.73188090 0.67210305 -0.98996210 -0.14080696 -0.01218817
-0.12410140 0.69733888 0.70591593 -0.99209303 -0.10061778 -0.07501663
-0.13139021 0.76234233 0.63369620 -0.97878176 0.00162844 -0.20489912
-0.14819384 0.75705725 0.63631982 -0.98575073 -0.06129584 -0.15664721
-0.15465336 0.71403086 0.68281943 -0.98607600 -0.06879671 -0.15139723
-0.16725893 0.71896940 0.67461652 -0.98059905 -0.05036720 -0.18944314
-0.15101670 0.80386966 0.57531524 -0.96239603 0.01338152 -0.27132061
-0.18347467 0.70685893 0.68314528 -0.97266996 -0.02994033 -0.23025371
-0.17172243 0.70290983 0.69023854 -0.97624761 -0.02746339 -0.21491022
-0.06693634 0.65163535 0.75557327 -0.99772990 -0.03810562 -0.05552528
-0.06282947 0.70064825 0.71073520 -0.99014401 -0.13307491 0.04365687
-0.05247802 0.75607777 0.65237451 -0.99838161 -0.02538779 -0.05088786
-0.04332570 0.72444022 0.68797475 -0.97825855 -0.17055489 0.11798845
-0.04913223 0.88254899 0.46764663 -0.98005879 -0.13285726 0.14776236
-0.04781459 0.96537995 0.25642797 -0.98897487 -0.08177610 0.12345602
-0.04210899 0.94684625 0.31891865 -0.98556221 -0.09175861 0.14229420
-0.05618007 0.96606863 0.25210172 -0.99324822 -0.07974684 0.08425239
-0.05688437 0.97625834 0.20900668 -0.99389052 -0.07520629 0.08078174
0.99325013 0.07550766 -0.08805034 -0.08165403 0.99430907 -0.06842597
-0.05967393 0.92530310 -0.37450400 -0.99817502 -0.05183411 0.03098169
-0.05549344 0.91762227 -0.39356059 -0.99833852 -0.04486885 0.03615345
-0.04188066 0.92025888 -0.38906246 -0.99894810 -0.03129008 0.03352066
-0.05310811 0.83734238 -0.54409313 -0.99835670 -0.03277487 0.04700861
-0.03837663 0.92248398 -0.38412312 -0.99884707 -0.02431815 0.04139111
-0.03940442 0.93437845 -0.35409650 -0.99891603 -0.02804810 0.03714854
-0.05239489 0.88575500 -0.46118644 -0.99860072 -0.04315381 0.03056868
-0.03272528 0.93890107 -0.34262794 -0.99938524 -0.02642400 0.02304434
-0.06314142 0.88434488 -0.46254447 -0.99799579 -0.05400161 0.03298888
-0.06457707 0.86724693 -0.49367243 -0.99785483 -0.05078850 0.04130751
-0.06195040 0.87182218 -0.48588905 -0.99806184 -0.05699148 0.02499313
-0.06347784 0.86862767 -0.49138236 -0.99788946 -0.06199573 0.01931827
-0.07054423 0.94215387 -0.32767302 -0.99660999 -0.05262840 0.06323689
-0.06295864 0.84986711 -0.52322286 -0.99800432 -0.05105764 0.03715583
-0.06075560 0.85590941 -0.51354426 -0.99785686 -0.06460731 0.01037377
-0.05710291 0.85963911 -0.50770056 -0.99831086 -0.05462141 0.01979859
-0.05799566 0.86438328 -0.49947780 -0.99831545 -0.05105594 0.02756091
-0.05460057 0.88802469 -0.45654237 -0.99571437 -0.08260317 -0.04158887
-0.05403725 0.89942926 -0.43371311 -0.99831194 -0.03940134 0.04267176
0.97609538 0.06836317 -0.20631120 -0.07415941 0.99703604 -0.02048418
0.97898722 0.07833025 -0.18827778 -0.07462847 0.99685442 0.02668152
0.98387599 0.07701279 -0.16142206 -0.07633044 0.99702799 0.01043369
-0.05291265 0.87287831 -0.48506057 -0.99672705 -0.07589357 -0.02784471
-0.05863895 0.98479110 -0.16354835 -0.99545074 -0.04535869 0.08378781
-0.03839597 0.97632116 -0.21289143 -0.99433845 -0.01620528 0.10501613
0.98003495 0.03337804 -0.19600379 -0.02739579 0.99907476 0.03315404
0.98535007 0.02784670 -0.16825531 -0.01797373 0.99804145 0.05991926
0.88741505 0.05132543 -0.45810509 0.02672492 0.98638237 0.16228284
0.98671907 0.02726060 -0.16013233 -0.01648136 0.99753135 0.06826119
-0.01384756 0.99028903 0.13833278 -0.99118429 -0.03182573 0.12861149
0.99003130 0.05156067 -0.13107079 -0.03576118 0.99211049 0.12015793
-0.01679493 0.98770612 0.15541726 -0.99420935 -0.03299781 0.10226960
-0.01321133 0.99140930 0.13012730 -0.99633843 -0.02404594 0.08204592
-0.01507181 0.98649108 0.16312037 -0.99811912 -0.02453899 0.05617956
-0.02027287 0.97850621 0.20521851 -0.99825752 -0.03118783 0.05009270
-0.02266175 0.98718733 0.15794818 -0.99958611 -0.02517462 0.01392672
-0.02073687 0.97351462 0.22768247 -0.99961120 -0.01594271 -0.02287551
-0.01102047 0.98785836 0.15496594 -0.99991971 -0.01185740 0.00447737
-0.01207023 0.99130422 0.13103557 -0.99920046 -0.01695250 0.03620781
-0.00288684 0.99541169 -0.09564123 -0.99965668 -0.00038186 0.02619934
0.99766266 0.00821122 -0.06783693 -0.00465839 0.99861711 0.05236624
0.04426026 0.98732811 -0.15239504 -0.99486387 0.05746049 0.08333229
0.04077074 0.97973645 -0.19609772 -0.99770939 0.05052209 0.04498257
0.04991525 0.98829353 -0.14416830 -0.99642205 0.05913442 0.06038428
0.05053022 0.96983367 -0.23847294 -0.99642956 0.06512684 0.05372681
0.05452277 0.96558481 -0.25430951 -0.99664539 0.06819442 0.04525051
0.04831525 0.94225937 -0.33138043 -0.99342233 0.07981492 0.08210775
0.03965121 0.89400125 -0.44630659 -0.99508142 0.07590833 0.06364676
0.05039191 0.89065057 -0.45188740 -0.99537700 0.08182986 0.05028434
0.05193536 0.91224664 -0.40633601 -0.99695110 0.07108814 0.03217263
0.05417382 0.92163867 -0.38424909 -0.99823147 0.05942050 0.00178587
0.05642368 0.88600260 -0.46023446 -0.99821103 0.04093032 -0.04358294
0.06754403 0.80547649 -0.58876598 -0.99768198 0.05942373 -0.03315926
0.06088290 0.91392183 -0.40129820 -0.99475950 0.02247179 -0.09974229
0.06840944 0.66986120 -0.73932821 -0.98052579 0.18188696 0.07406968
0.08963209 0.71045899 -0.69800723 -0.99597400 0.06491596 -0.06182041
0.09168842 0.66207665 -0.74380630 -0.99578732 0.06165428 -0.06787024
0.09266131 0.66466850 -0.74137014 -0.98739839 -0.03459470 -0.15442711
0.12010828 0.50916016 -0.85224998 -0.98255706 -0.06179838 -0.17539281
0.14083111 0.41114590 -0.90062517 -0.98602641 -0.02351740 -0.16492128
0.16221929 0.33340269 -0.92872363 -0.95923609 -0.16744366 -0.22765949
0.06584658 0.69280368 -0.71811372 -0.95382375 -0.16766566 -0.24921596
0.10802903 0.48652214 -0.86696362 -0.92587042 -0.26836997 -0.26597288
0.06751556 0.63053697 -0.77321720 -0.94262189 -0.21365991 -0.25654128
0.06780540 0.63317651 -0.77103174 -0.94245803 -0.21293415 -0.25774381
0.08003303 0.70926195 -0.70038724 -0.96995807 -0.10652365 -0.21871021
0.06456511 0.76802814 -0.63715315 -0.97583491 -0.08497202 -0.20131074
0.74316615 0.37695712 0.55281764 0.05976080 0.78550619 -0.61596149
0.05976541 0.82608294 -0.56037056 -0.98695803 -0.03515807 -0.15709142
0.05556890 0.84222174 -0.53625989 -0.98848069 -0.02932116 -0.14847969
0.04602386 0.92560935 -0.37567174 -0.99120277 -0.00440216 -0.13227949
0.04577111 0.93644249 -0.34782249 -0.98995006 -0.00411791 -0.14135747
0.04638994 0.94761127 -0.31603938 -0.99341273 0.01057771 -0.11410226
0.04666052 0.94817984 -0.31428936 -0.99619627 0.02099065 -0.08457215
0.05045069 0.93136966 -0.36056250 -0.99802732 0.03350793 -0.05309176
0.04794367 0.95447356 -0.29441750 -0.99850523 0.03805330 -0.03923387
0.04885599 0.94576561 -0.32115498 -0.99793863 0.03282508 -0.05514615
0.04237587 0.97501010 -0.21808183 -0.99708128 0.02739541 -0.07126398
0.04617118 0.97801840 -0.20334268 -0.99730003 0.03349406 -0.06535136
0.04895188 0.97169602 -0.23110737 -0.99860269 0.05222589 0.00806636
0.04571372 0.93983865 -0.33854634 -0.99875998 0.04968924 0.00308033
0.04914731 0.97050560 -0.23601587 -0.99861640 0.05217226 0.00658500
0.05083094 0.98832750 -0.14361389 -0.99867010 0.04905915 -0.01585380
0.04581485 0.98710585 -0.15337253 -0.99840140 0.04015904 -0.03977496
0.04148043 0.99175012 -0.12128968 -0.99690861 0.03297434 -0.07131600
0.99537724 -0.02662798 0.09227765 0.03188024 0.99792624 -0.05591932
0.99650478 -0.02038454 0.08101083 0.02651602 0.99680477 -0.07534712
0.98648775 -0.01838843 0.16280013 0.03029800 0.99701774 -0.07097670
0.97913271 -0.01562687 0.20262030 0.00795829 0.99922282 0.03860672
0.98891085 -0.01164517 0.14805332 0.01830341 0.99887753 -0.04368931
-0.05413766 0.96009248 0.27439308 -0.97488773 0.00862682 -0.22252998
-0.03726603 0.98115116 0.18961440 -0.98305398 -0.00191304 -0.18330647
-0.04023277 0.97879374 0.20085840 -0.98565716 -0.00590476 -0.16865703
-0.03560097 0.97946960 0.19842371 -0.99157935 -0.00988311 -0.12912259
-0.03959485 0.96354872 0.26458675 -0.99765670 -0.02333551 -0.06431605
-0.01902408 0.99397123 0.10797822 -0.99754107 -0.01158360 -0.06912072
0.99862897 -0.01252493 0.05082696 0.01033750 0.99901843 0.04307381
0.99986202 -0.00907557 0.01391575 0.00910733 0.99995607 -0.00222027
0.99971801 -0.01048699 0.02130715 0.01053101 0.99994266 -0.00195516
0.04453356 0.98167443 -0.18528922 -0.99839598 0.03724309 -0.04264430
-0.01351730 0.99740803 0.07067198 -0.99911815 -0.01066288 -0.04061205
0.98401737 -0.01572650 0.17737694 0.03895983 0.99097341 -0.12827264
0.02783463 0.98530346 -0.16852997 -0.98667836 0.00004750 -0.16268340
0.03079591 0.97159481 -0.23463856 -0.97833550 -0.01878072 -0.20617235
0.95192236 0.03530551 0.30429810 0.02191831 0.98294121 -0.18260959
0.95989120 0.04774093 0.27627817 0.00253812 0.98387629 -0.17883238
0.93751109 0.06024842 0.34269986 -0.00322900 0.98635954 -0.16457368
0.92453986 0.09060731 0.37015724 0.03309686 0.94856244 -0.31485549
0.94074535 0.08647418 0.32790300 -0.00787033 0.97224802 -0.23382027
0.94528133 0.08658639 0.31455687 -0.00596696 0.96856713 -0.24868093
0.04147850 0.95200336 -0.30326426 -0.98740852 -0.00731742 -0.15802205
0.04677254 0.94188476 -0.33266431 -0.99439043 0.01227447 -0.10505792
0.04227770 0.85147607 -0.52268642 -0.99366492 0.09035840 0.06682430
0.04730109 0.86224163 -0.50428373 -0.99439240 0.08845192 0.05796557
0.04099611 0.85114580 -0.52332610 -0.97921771 -0.06989493 -0.19038776
0.87305796 0.21582983 0.43724969 -0.06657425 0.94107133 -0.33159110
0.85758138 0.23929214 0.45529506 -0.02867519 0.90605438 -0.42218867
0.83336210 0.28917047 0.47104996 -0.03180757 0.87590575 -0.48143268
0.85123479 0.27734661 0.44550887 -0.03544526 0.87738293 -0.47847968
0.84782231 0.29414523 0.44122094 -0.04585132 0.86959964 -0.49162397
0.84753752 0.29735297 0.43961516 -0.02115800 0.84658444 -0.53183383
0.83069003 0.31118062 0.46165007 0.01600090 0.81552237 -0.57850438
0.83145416 0.31375653 0.45852041 0.01185638 0.81507248 -0.57923782
0.80781412 0.33544967 0.48467502 -0.00003645 0.82229578 -0.56906033
0.77118880 0.35688564 0.52716267 -0.03968464 0.85342264 -0.51970661
0.77151352 0.35589692 0.52735591 -0.04257815 0.85592359 -0.51534647
0.73413694 0.38944435 0.55621594 0.00171870 0.81809902 -0.57507491
0.64969289 0.44038883 0.61964256 -0.12125634 0.86470604 -0.48742217
0.63828284 0.44165537 0.63050431 -0.03308657 0.83402997 -0.55072618
0.61178464 0.47226098 0.63457805 -0.00092557 0.80264986 -0.59644985
0.55819929 0.54127491 0.62883639 -0.02889194 0.77012253 -0.63724136
0.45966822 0.58315980 0.66979831 -0.11997744 0.78806341 -0.60378927
0.45789891 0.58883250 0.66603673 -0.06167267 0.76842922 -0.63695610
0.37726286 0.61463362 0.69274700 -0.00307360 0.74884790 -0.66273487
0.37480450 0.69076186 0.61836046 0.14272448 0.61603922 -0.77467769
0.45463565 0.65693665 0.60144889 0.06018421 0.65106952 -0.75662833
0.53979427 0.60840404 0.58177894 0.17260236 0.59643865 -0.78388095
0.55441135 0.59631824 0.58054507 0.15474133 0.61154193 -0.77593279
0.58790481 0.56128752 0.58251548 0.08989017 0.67031658 -0.73661077
0.58826101 0.55951345 0.58386099 0.06845991 0.68495196 -0.72536474
0.49845353 0.57828683 0.64585483 0.00604182 0.74266696 -0.66963369
0.51701307 0.56940657 0.63911939 0.01155770 0.74194258 -0.67036384
0.63457042 0.47546142 0.60930854 0.02854267 0.77342129 -0.63324946
0.68814129 0.47218359 0.55091220 0.07027623 0.71233106 -0.69831634
0.68874282 0.47294533 0.54950535 0.07529402 0.70717382 -0.70301920
0.71691984 0.45037526 0.53215420 0.11747259 0.67436653 -0.72899246
0.72240782 0.45138380 0.52381265 0.16146423 0.62647659 -0.76253289
0.72049111 0.45570731 0.52270776 0.16810668 0.61650413 -0.76919621
0.71167064 0.46521091 0.52640653 0.17736728 0.60605824 -0.77539301
0.63614547 0.53480828 0.55614656 0.19653231 0.58470893 -0.78707725
0.73729271 0.43769667 0.51460785 0.21294118 0.57233912 -0.79188633
0.79306012 0.36583498 0.48705265 0.22642168 0.56524187 -0.79324329
0.81469965 0.33778057 0.47134790 0.17077282 0.63702995 -0.75168449
0.82889700 0.32030731 0.45862073 0.23694994 0.54162455 -0.80653435
0.83105266 0.32309228 0.45272833 0.14196754 0.66379029 -0.73432130
0.81736237 0.34056219 0.46468940 0.11750954 0.69107383 -0.71316791
0.77774739 0.39315081 0.49045026 0.14312458 0.64899623 -0.74720770
0.82248074 0.33033192 0.46304035 0.10126987 0.71602368 -0.69069141
0.80738223 0.33771431 0.48382133 0.08274204 0.74708825 -0.65955514
0.77203912 0.36486608 0.52041179 0.07706793 0.75902086 -0.64648885
0.76301181 0.40574536 0.50317365 0.05416459 0.73557079 -0.67527914
0.12269489 0.70961916 -0.69382036 -0.84448886 -0.29258689 -0.44858834
0.12202902 0.70964253 -0.69391388 -0.84540236 -0.29197627 -0.44726360
0.08617481 0.76949853 -0.63280803 -0.86176348 -0.26115918 -0.43492484
0.08291212 0.77552831 -0.62584454 -0.88337141 -0.23349425 -0.40636861
0.10915261 0.72925472 -0.67548007 -0.85931486 -0.27235627 -0.43289739
0.03468294 0.81891716 -0.57286280 -0.87335688 -0.25382209 -0.41571882
0.10586852 0.75768083 -0.64398110 -0.93116301 -0.15168886 -0.33155099
0.82309371 0.35124588 0.44625446 0.11371219 0.66794360 -0.73547328
0.08009988 0.73625249 -0.67194968 -0.83526748 -0.31830937 -0.44833848
0.77239662 0.33771661 0.53791362 0.00502640 0.84364384 -0.53687972
0.04438765 0.83741754 -0.54475838 -0.94851947 -0.13584270 -0.28610775
0.02982348 0.88686913 -0.46105722 -0.98974621 -0.03826048 -0.13761787
0.05713072 0.81766051 -0.57285905 -0.95081550 -0.13041307 -0.28096688
0.25945875 0.44629639 -0.85644662 -0.93755412 -0.09633837 -0.33423224
0.22789863 0.53629845 -0.81267840 -0.92673820 -0.13656844 -0.35000783
0.21960525 0.56467658 -0.79555893 -0.90417510 -0.18844926 -0.38334620
0.18447937 0.62130702 -0.76154125 -0.88627619 -0.22976273 -0.40214878
0.16070527 0.65702409 -0.73654145 -0.87992620 -0.24267034 -0.40846178
0.18178606 0.61858571 -0.76439887 -0.87374294 -0.25502571 -0.41416800
0.82748437 0.34671277 0.44165593 0.27724284 0.43171248 -0.85834777
0.27196294 0.46261895 -0.84381276 -0.90347838 -0.17913778 -0.38940528
0.84766757 0.28354403 0.44840002 0.25297964 0.52688605 -0.81141382
0.84967649 0.27843916 0.44779637 0.26063591 0.51646149 -0.81568164
0.88339049 0.22850074 0.40915614 0.35488707 0.24402449 -0.90250051
0.91103703 0.14218017 0.38703543 0.34774286 0.23943046 -0.90650320
0.31302342 0.29548544 -0.90260994 -0.93284845 -0.08281597 -0.35062140
0.90781122 0.20946169 0.36332446 0.34837264 0.10568224 -0.93137956
0.27112165 0.44225571 -0.85492867 -0.93480706 -0.09070874 -0.34337702
0.27271318 0.42562389 -0.86282784 -0.93465537 -0.09545437 -0.34250230
0.90810287 0.15120907 0.39049342 0.38207573 0.08243217 -0.92044723
0.21902442 0.55898833 -0.79972523 -0.91714323 -0.16176604 -0.36425278
0.16604532 0.60644698 -0.77759314 -0.88386059 -0.25814551 -0.39006585
0.13539989 0.69394594 -0.70718175 -0.88321793 -0.23891088 -0.40354386
0.14781851 0.67234236 -0.72533131 -0.87875623 -0.24722464 -0.40824938
0.84956276 0.28506866 0.44382313 0.20959413 0.58968729 -0.77996105
0.78737181 0.37679398 0.48792616 0.28515270 0.47911412 -0.83014315
0.77987611 0.39031786 0.48933148 0.13355923 0.65999091 -0.73930639
0.75278437 0.41482165 0.51111519 0.09361869 0.70109606 -0.70689458
0.72338569 0.40653008 0.55807388 0.06655869 0.76345879 -0.64241779
0.72152442 0.39945716 0.56554103 0.00494096 0.81380528 -0.58111674
0.63619471 0.52940094 0.56124055 0.12288257 0.64862561 -0.75112230
0.64037246 0.53058523 0.55533999 0.21532530 0.57002449 -0.79291058
0.48495990 0.57814783 0.65617001 0.01718889 0.74385983 -0.66811466
0.47562516 0.61917126 0.62482613 0.01976956 0.70261025 -0.71130031
0.63657391 0.49369889 0.59248221 0.04742697 0.74173021 -0.66901952
0.67460990 0.42262998 0.60521519 0.01188761 0.81355464 -0.58136684
0.73641688 0.38945255 0.55318803 -0.01081222 0.82435739 -0.56596637
0.76663572 0.36863533 0.52571648 0.02859780 0.79835176 -0.60151196
0.83321154 0.31356698 0.45544967 0.02713251 0.79948920 -0.60006750
0.85996366 0.29099590 0.41926602 -0.00109318 0.82256621 -0.56866837
0.82330132 0.30469939 0.47888750 0.04987061 0.80160493 -0.59577048
0.87814760 0.21477038 0.42747000 -0.13584842 0.96872693 -0.20763773
0.02585620 0.89480370 -0.44571051 -0.98497349 -0.05335622 -0.16425689
-0.06383951 0.67312020 -0.73677248 -0.89738703 0.28427243 0.33746952
-0.01954112 0.71556681 -0.69827098 -0.83673131 0.37058073 0.40317577
-0.01067948 0.83175927 -0.55503380 -0.79394060 0.33039120 0.51039207
-0.04314789 0.80677813 -0.58927691 -0.76975572 0.34915221 0.53438658
0.05331464 0.59235847 -0.80390859 -0.97218001 0.21467383 0.09370773
0.05955384 0.60413212 -0.79465574 -0.96769577 0.23031278 0.10257192
0.05183224 0.86555666 -0.49812156 -0.76239628 0.35646558 0.54007798
0.19626115 0.91385967 -0.35544643 -0.69871157 0.38466582 0.60318691
0.30255216 0.91782528 -0.25701952 -0.71748102 0.39682677 0.57249415
0.23936035 0.92015958 -0.30985975 -0.72692084 0.38139874 0.57107025
0.13262676 0.85085827 -0.50838023 -0.93868124 0.27251616 0.21121666
0.15287387 0.88944817 -0.43071061 -0.96342999 0.23119174 0.13547331
0.04576491 0.95011222 -0.30853251 -0.99746799 0.02663245 -0.06594188
0.99627596 -0.01572454 0.08477595 0.01879328 0.99919218 -0.03552260
0.04716072 0.99312520 -0.10713624 -0.99886876 0.04623415 -0.01111733
0.04628978 0.96491313 -0.25845686 -0.99690670 0.02817173 -0.07337132
0.03494937 0.97870111 -0.20229363 -0.99155092 0.00865567 -0.12942947
0.04429851 0.94279486 -0.33041734 -0.98628551 -0.01136447 -0.16465642
0.06315575 0.82175797 -0.56632608 -0.99473280 0.00592683 -0.10233092
0.05362885 0.90834713 -0.41476440 -0.99782568 0.03281071 -0.05716190
0.05250277 0.94577718 -0.32054484 -0.99861050 0.04826476 -0.02115808
0.05385481 0.95972043 -0.27574691 -0.99800193 0.06087016 0.01693992
0.06361629 0.73730165 -0.67256176 -0.99225509 0.11877777 0.03635569
0.02484130 0.84906030 -0.52771157 -0.97716749 0.13204589 0.16645610
0.03747027 0.90435797 -0.42512673 -0.99203694 0.08485506 0.09307218
0.04874187 0.94327241 -0.32842258 -0.98972297 0.08986932 0.11122961
0.04527656 0.93629378 -0.34828728 -0.98235363 0.10506325 0.15473567
0.05829854 0.96078229 -0.27110642 -0.98503143 0.09949002 0.14076522
0.05631659 0.97028905 -0.23530333 -0.98918229 0.08619764 0.11869463
0.04313002 0.97156507 -0.23281151 -0.98985738 0.07312788 0.12179776
0.98657709 0.00992044 -0.16299471 -0.02685913 0.99441665 -0.10204966
0.99038994 0.01046976 -0.13790679 -0.01716897 0.99872476 -0.04747826
0.98915732 0.01754755 -0.14580767 -0.03505198 0.99235129 -0.11836548
0.98754424 0.01527691 -0.15659815 -0.01037063 0.99943089 0.03209976
0.99308336 0.01469159 -0.11648891 -0.01407023 0.99988210 0.00615462
0.99391931 0.01422612 -0.10918872 -0.01228709 0.99975502 0.01841090
0.00272772 0.96950197 0.24506842 -0.99625152 -0.01855426 0.08449024
0.06014130 0.96275187 -0.26361331 -0.97890121 0.10855137 0.17311589
0.98337829 0.00158057 -0.18156174 -0.00995136 0.99892831 -0.04520268
0.97685224 0.00193049 -0.21390665 -0.01483371 0.99816358 -0.05873312
0.97653902 -0.00385105 -0.21530612 -0.00964181 0.99805546 -0.06158289
-0.02088125 0.96879458 -0.24698387 -0.99574769 0.00201786 0.09210055
0.96456301 -0.01983307 -0.26310623 -0.00224476 0.99651808 -0.08334744
0.96956003 -0.01608312 -0.24432497 -0.01837252 0.99024886 -0.13809292
0.96682215 -0.02920261 -0.25377578 -0.00814151 0.98941696 -0.14487179
0.05502186 0.94729257 -0.31560960 -0.96647310 0.12992363 0.22147155
0.04958075 0.94380641 -0.32675865 -0.96293348 0.13202244 0.23522152
0.05651374 0.94418317 -0.32453707 -0.96278459 0.13758658 0.23262794
0.03134021 0.90199977 -0.43059760 -0.97274208 0.12655772 0.19430926
0.03180568 0.90187937 -0.43081558 -0.97292340 0.12666255 0.19333068
0.01719869 0.86383086 -0.50348830 -0.97976500 0.11499143 0.16382205
0.01919848 0.84597534 -0.53287631 -0.98068213 0.11970364 0.15470514
0.02363211 0.84971285 -0.52671599 -0.98006231 0.12365976 0.15551899
0.00380703 0.74669492 -0.66515583 -0.98060638 0.13312727 0.14383437
0.00735624 0.73864186 -0.67405796 -0.98399383 0.12537006 0.12664352
-0.01530938 0.64697522 -0.76235741 -0.98397726 0.12570515 0.12643966
-0.03898767 0.57577837 -0.81667578 -0.95178461 0.22747761 0.20581549
-0.04662897 0.56785065 -0.82180983 -0.98138809 0.12738469 0.14370306
-0.02545269 0.64944339 -0.75998390 -0.97892213 0.13791209 0.15063781
-0.02606214 0.64046901 -0.76754171 -0.97860831 0.14039664 0.15038183
-0.05770444 0.53690946 -0.84166414 -0.97735763 0.14153163 0.15729259
-0.06240522 0.52151179 -0.85095888 -0.97791034 0.13847245 0.15657833
-0.06420375 0.50835574 -0.85875046 -0.97604841 0.14725371 0.16014341
-0.01474991 0.61799198 -0.78604609 -0.98730481 0.11533907 0.10920642
0.00057087 0.66702884 -0.74503177 -0.98919517 0.10960097 0.09736807
0.01682536 0.73565596 -0.67714643 -0.98940283 0.10993449 0.09484936
0.02848689 0.75605738 -0.65388513 -0.99053895 0.10920197 0.08311182
0.03604255 0.82713103 -0.56085229 -0.98973691 0.10720105 0.09449312
0.04820604 0.87304908 -0.48524377 -0.99348670 0.09212717 0.06705801
0.05649339 0.87750262 -0.47623283 -0.99272805 0.10015555 0.06678284
0.04874101 0.77693242 -0.62769455 -0.99285018 0.10624510 0.05440982
0.05701577 0.78523129 -0.61657202 -0.99540895 0.09226580 0.02545686
0.04394854 0.69325733 -0.71934891 -0.99469024 0.09743538 0.03313080
0.03192367 0.66508669 -0.74608350 -0.99266332 0.10819542 0.05397503
0.06424863 0.64557624 -0.76098847 -0.99554867 0.09415628 -0.00417560
0.07782210 0.73871571 -0.66950935 -0.99669117 0.07345070 -0.03480970
0.07857239 0.84633988 -0.52681619 -0.99579901 0.09155490 -0.00143460
0.07799397 0.77052802 -0.63261646 -0.99550056 0.02594293 -0.09113467
0.08706493 0.49588314 -0.86401373 -0.99595428 0.06269398 -0.06437838
0.08822545 0.51713133 -0.85134679 -0.99610049 0.04541852 -0.07563789
0.04769870 0.43512678 -0.89910489 -0.98570979 0.16609448 0.02808914
0.08738775 0.74517447 -0.66111910 -0.99562395 0.08739205 -0.03309997
0.07756395 0.71689266 -0.69285554 -0.99625397 0.08238335 -0.02628741
0.04264367 0.45443898 -0.88975662 -0.99548787 0.09488589 0.00075143
0.03537756 0.44864699 -0.89300859 -0.99511999 0.09817430 0.00989988
0.03142795 0.44992179 -0.89251482 -0.99672461 0.08067861 0.00557308
0.03880996 0.58830684 -0.80770594 -0.98346740 0.16556907 0.07333991
-0.00770168 0.47512567 -0.87988424 -0.99102652 0.11379505 0.07012230
-0.02705904 0.48173222 -0.87590069 -0.99091917 0.10252165 0.08699767
-0.03852304 0.47967061 -0.87660259 -0.98841447 0.11059298 0.10395239
-0.01029873 0.62303519 -0.78212607 -0.97871125 0.15405926 0.13560964
0.04463701 0.50462431 -0.86218435 -0.99498200 0.09981561 0.00690846
0.11883409 0.44075137 -0.88972849 -0.99064547 -0.00791068 -0.13623153
0.11359257 0.50695324 -0.85445613 -0.98058504 -0.08115778 -0.17851166
0.04920717 0.45727751 -0.88796175 -0.99532479 0.09642786 -0.00549891
0.07221391 0.93336624 -0.35158584 -0.99561638 0.04645001 -0.08118208
0.05722721 0.92120242 -0.38485223 -0.99393362 0.08883456 0.06484196
0.04946742 0.90814245 -0.41572857 -0.99032569 0.09862759 0.09760945
0.02795566 0.83877695 -0.54375714 -0.98767996 0.10696561 0.11422201
0.03268703 0.85513395 -0.51737565 -0.98215592 0.12340613 0.14191820
0.01243707 0.75520998 -0.65536493 -0.98577452 0.11912483 0.11856619
0.04848935 0.91471165 -0.40118754 -0.98755282 0.10407499 0.11793191
0.05321473 0.93792629 -0.34272808 -0.98456478 0.10658754 0.13882113
0.06398372 0.96631092 -0.24929769 -0.98575383 0.10013530 0.13513814
0.06138184 0.96626121 -0.25014308 -0.98058659 0.10514016 0.16551588
0.04283714 0.93102860 -0.36242342 -0.97691339 0.11502714 0.18002529
0.03493252 0.84284711 -0.53701812 -0.98726904 0.11253768 0.11240638
0.04538117 0.75356013 -0.65581077 -0.99133039 0.11500397 0.06354679
0.01259498 0.58754611 -0.80909270 -0.99127632 0.11350412 0.06699331
0.01666374 0.76563764 -0.64305621 -0.98569328 0.12046489 0.11788571
-0.00697829 0.72021699 -0.69371378 -0.97924650 0.13559881 0.15062988
0.02369719 0.84565872 -0.53319770 -0.98386657 0.11433127 0.13760440
0.01147200 0.81041634 -0.58574206 -0.96933168 0.15282491 0.19245948
0.00526193 0.80753642 -0.58979428 -0.97191983 0.14288490 0.18696450
0.01698814 0.84778941 -0.53006089 -0.96850753 0.14566012 0.20193148
0.02896407 0.87698841 -0.47963780 -0.95886523 0.15993072 0.23452023
0.03623767 0.88484687 -0.46447062 -0.97630596 0.13056612 0.17256631
0.02991007 0.87119430 -0.49002650 -0.97213656 0.13938697 0.18847239
0.01072441 0.82160509 -0.56995618 -0.97256494 0.14103462 0.18500471
0.02627088 0.86177671 -0.50660712 -0.98266363 0.11530278 0.14518119
0.06198605 0.93087590 -0.36003861 -0.95005953 0.16557395 0.26452267
0.05706868 0.94082487 -0.33405346 -0.95289052 0.15116827 0.26295993
0.01034777 0.81676120 -0.57688308 -0.97225964 0.14303583 0.18507282
0.04290998 0.92553025 -0.37623462 -0.97930795 0.11351128 0.16754447
0.04238652 0.91443455 -0.40250838 -0.97516048 0.12553029 0.18249452
0.05742063 0.94161004 -0.33177325 -0.95782739 0.14567825 0.24767835
0.95899105 -0.03170590 -0.28165731 -0.03087242 0.97612673 -0.21499658
0.04498889 0.93389690 -0.35470074 -0.97994035 0.11025932 0.16601151
0.97530240 -0.02131748 -0.21984266 -0.01607887 0.98583847 -0.16692552
-0.01670417 0.88903922 -0.45752630 -0.99903476 0.00375280 0.04376673
0.01678480 0.75716132 -0.65301234 -0.98836684 -0.08617251 -0.12532079
0.03609151 0.74459618 -0.66653883 -0.98872226 -0.07040060 -0.13218211
0.04485478 0.74146259 -0.66949332 -0.99526429 -0.02468502 -0.09401943
0.05460252 0.66947120 -0.74082857 -0.98816520 -0.07028234 -0.13634506
0.09777462 0.51906383 -0.84912479 -0.91819918 -0.28204376 -0.27813965
0.04885770 0.73055321 -0.68110567 -0.98801428 -0.06462096 -0.14018552
0.04934535 0.74501288 -0.66522247 -0.98428637 -0.07678679 -0.15901011
0.06286683 0.68446338 -0.72633165 -0.98653835 -0.06746523 -0.14896505
0.06637459 0.67448485 -0.73529905 -0.99662822 0.00919137 -0.08153331
0.06426458 0.63675648 -0.76838225 -0.96405715 -0.15930134 -0.21264274
0.05716259 0.58688051 -0.80765325 -0.99790788 0.05806363 -0.02843618
0.06837698 0.48152539 -0.87376082 -0.94740903 -0.24311142 -0.20811790
0.08560500 0.44052169 -0.89365125 -0.93317258 -0.27881315 -0.22683063
0.06850715 0.48426345 -0.87223607 -0.94581282 -0.24663039 -0.21121460
0.06865156 0.48575303 -0.87139601 -0.94729573 -0.24222706 -0.20965880
0.07239872 0.47336021 -0.87788868 -0.94739485 -0.24250397 -0.20888969
0.10833936 0.37584871 -0.92032623 -0.95501131 -0.21774505 -0.20134655
0.08945018 0.42056838 -0.90284050 -0.94146502 -0.26011062 -0.21444379
0.07470033 0.51785535 -0.85220057 -0.98751581 -0.08043174 -0.13543732
0.04494442 0.52860391 -0.84767801 -0.99824953 -0.00889023 -0.05847168
0.00541609 0.68931603 -0.72444052 -0.96941304 0.18138441 0.16534242
-0.03860703 0.57983798 -0.81381661 -0.97752529 0.14700247 0.15111141
-0.04160659 0.57265532 -0.81873977 -0.97900939 0.14027452 0.14786407
-0.04727735 0.55655003 -0.82946789 -0.97547632 0.15298334 0.15824701
-0.04096942 0.57706946 -0.81566685 -0.97667027 0.14910242 0.15454356
-0.03674714 0.59151918 -0.80545312 -0.98081177 0.13307455 0.14247654
0.04857402 0.85535336 -0.51576281 -0.97799313 0.14562762 0.14940596
0.03248696 0.81279546 -0.58164269 -0.97680998 0.14904286 0.15371597
0.02048096 0.76587576 -0.64266229 -0.98321033 0.13200736 0.12598240
0.01588409 0.75373971 -0.65698117 -0.98184586 0.13596848 0.13225511
0.03497934 0.81481069 -0.57867086 -0.97671193 0.15051763 0.15289976
0.02467231 0.78645784 -0.61715102 -0.97436428 0.15700872 0.16112895
0.06297169 0.88888663 -0.45377874 -0.97790718 0.14576742 0.14983127
0.01218384 0.70482332 -0.70927835 -0.97114646 0.17729658 0.15950078
0.01035426 0.92867333 -0.37075421 -0.99519116 0.04568699 0.08664455
0.95324218 -0.01138635 -0.30199301 -0.06861953 0.96503407 -0.25298351
0.88244158 0.04778441 -0.46798891 0.01292254 0.99198991 0.12565480
0.81168729 0.25800514 -0.52402020 -0.00242074 0.89863133 0.43869802
-0.31771153 -0.77689236 -0.54359698 0.76377344 0.13004264 -0.63224924
0.75757873 0.30860919 -0.57518244 0.07140393 0.83670759 0.54297513
-0.00242078 0.90028685 -0.43529052 -0.96305227 0.11512721 0.24346696
0.02140785 0.97143418 -0.23634163 -0.99628264 0.04045868 0.07605379
0.97402090 -0.01166001 -0.22615789 -0.03635132 0.97767299 -0.20696431
0.96866816 -0.01882135 -0.24764460 -0.02835534 0.98222315 -0.18556303
0.01544493 0.97666359 -0.21421887 -0.98266482 0.05441226 0.17722662
0.97907662 -0.00670059 -0.20338178 -0.01719463 0.99315923 -0.11549518
-0.03141833 0.95094556 -0.30775896 -0.99693090 -0.00772495 0.07790478
0.98771137 0.02993312 -0.15339591 -0.04775783 0.99234736 -0.11386809
0.98786014 0.03380826 -0.15162241 -0.05330586 0.99054170 -0.12643418
-0.03680820 0.92052716 -0.38894081 -0.99170977 -0.08159651 -0.09926637
-0.01756596 0.83061647 -0.55656791 -0.99551827 -0.06626417 -0.06747223
-0.00097452 0.75895524 -0.65114218 -0.99323744 -0.07633020 -0.08748208
-0.00903075 0.96749234 -0.25273925 -0.98956478 0.02770163 0.14140116
0.00670611 0.78526938 -0.61911798 -0.98984152 -0.08271633 -0.11563642
-0.02150358 0.91771036 -0.39666784 -0.99826580 0.00203827 0.05883215
-0.01719356 0.75916141 -0.65067536 -0.99977481 -0.02115125 0.00174045
0.97202355 -0.01440866 -0.23444112 -0.01911531 0.98995334 -0.14009674
0.05562303 0.96151233 -0.26907289 -0.99118578 0.08562826 0.10108736
0.04931827 0.94370079 -0.32710341 -0.99438030 0.07711005 0.07253882
0.05827827 0.97030908 -0.23474221 -0.99286401 0.08084206 0.08766811
0.05454527 0.96159768 -0.26898840 -0.99127442 0.08452296 0.10114841
0.04707663 0.98911482 -0.13941190 -0.99881327 0.04835658 0.00580620
0.99940783 -0.01306436 -0.03183266 0.01375719 0.99967110 0.02164388
0.04741337 0.98595291 -0.16015249 -0.99248457 0.06460820 0.10392353
0.99670786 0.01448369 -0.07977310 -0.01408585 0.99988544 0.00554764
0.00080173 0.99686402 -0.07912999 -0.99984217 -0.00060550 -0.01775817
-0.03736036 0.97062743 0.23766927 -0.99723870 -0.02093815 -0.07125047
-0.01409679 0.98820126 0.15251081 -0.99882537 -0.02098863 0.04367409
0.99490559 0.02331528 -0.09807844 -0.02169785 0.99961096 0.01752579
0.98753101 0.01778580 -0.15641654 -0.01289880 0.99939817 0.03220328
0.97479081 0.00837248 -0.22296381 -0.03447017 0.99294943 -0.11341642
-0.05515716 0.93954349 -0.33795828 -0.99710917 -0.03411485 0.06789396
-0.06654450 0.99329495 -0.09453562 -0.99571228 -0.06000603 0.07040188
-0.06462039 0.97481650 -0.21344115 -0.98951524 -0.03490890 0.14014673
-0.02066870 0.82412153 0.56603581 -0.95954221 -0.17536512 0.22028591
0.01454549 0.74169916 0.67057502 -0.94615924 -0.20668310 0.24912804
0.03008124 0.75479883 0.65526634 -0.88927698 -0.27911097 0.36233079
0.02130202 0.76837409 0.63964641 -0.93451548 -0.21205656 0.28585455
-0.00130851 0.73565310 0.67735720 -0.94693458 -0.21863061 0.23561750
-0.02483343 0.74360240 0.66816074 -0.93769050 -0.24904236 0.24231061
-0.04544766 0.75449657 0.65472859 -0.98370641 -0.14792237 0.10217939
-0.07661790 0.97133034 0.22504897 -0.99119741 -0.09864367 0.08830138
-0.07059851 0.73900390 0.66999191 -0.99278331 -0.11732925 0.02480291
-0.14411601 0.71477842 0.68434083 -0.98768026 -0.06128493 -0.14398587
-0.06170657 0.98932731 0.13199954 -0.99535668 -0.07078553 0.06522759
-0.03405752 0.98710817 -0.15638933 -0.99941599 -0.03320076 0.00808803
0.99626976 0.04943928 0.07072763 -0.05254471 0.99770355 0.04274080
0.99670625 0.05238137 0.06191006 -0.05025995 0.99811071 -0.03534148
0.99070978 0.04863338 0.12700018 -0.04937783 0.99877650 0.00271826
-0.18904634 0.71588057 0.67214322 -0.97369099 -0.04797202 -0.22276573
-0.18021208 0.74052185 0.64741868 -0.96001029 0.01095200 -0.27975041
-0.20893477 0.62732255 0.75020844 -0.94510150 0.06756987 -0.31971475
-0.18386449 0.85738915 0.48070538 -0.94280630 -0.01549214 -0.33298105
-0.20965746 0.83394903 0.51046336 -0.95144564 -0.05366626 -0.30310255
-0.15026133 0.92522401 0.34839943 -0.94094533 -0.02569572 -0.33758208
-0.17721717 0.87380344 0.45283729 -0.93812132 -0.01088116 -0.34613588
-0.18817571 0.85211617 0.48835227 -0.93451619 -0.00239696 -0.35591272
-0.27299991 0.78654772 0.55390769 -0.84971857 0.07281078 -0.52218497
-0.17737979 0.90790892 0.37978649 -0.89700842 0.00960441 -0.44190910
0.95458061 0.01210232 0.29770708 -0.00292834 0.99950755 -0.03124219
-0.07554664 0.96690536 -0.24369405 -0.99403036 -0.09232023 -0.05814367
0.98568827 0.12688813 0.11098682 -0.11109746 0.98411912 -0.13844503
0.97994238 0.13141601 0.14980924 -0.11441433 0.98652124 -0.11698364
0.94084859 0.15268242 0.30247653 -0.16924903 0.98514152 0.02917221
0.92452818 0.15427372 0.34849286 -0.20905504 0.96984726 0.12526889
0.88162851 0.14440826 0.44930774 -0.24411574 0.95431983 0.17228219
0.85628748 0.17364238 0.48643613 -0.26980036 0.95346528 0.13458031
0.85273683 0.16845477 0.49443191 -0.30267358 0.93081218 0.20488384
0.79607636 0.19453484 0.57307827 -0.36247680 0.91155869 0.19409093
0.79574192 0.19629385 0.57294291 -0.33958268 0.92792970 0.15372089
0.78165752 0.20235860 0.58996832 -0.32460991 0.93968850 0.10776804
0.74484617 0.20371689 0.63537675 -0.30739719 0.94994485 0.05578391
0.71200418 0.19375908 0.67491299 -0.31055236 0.94895297 0.05518684
0.66246760 0.16101162 0.73158187 -0.26085243 0.96508515 0.02380640
0.62939900 0.14797558 0.76286316 -0.31280446 0.94689876 0.07440510
0.53493297 0.12007105 0.83631921 -0.34616479 0.93410254 0.08730672
0.58850712 0.12499148 0.79877192 -0.33829537 0.93540013 0.10287315
0.62103897 0.02534967 0.78336966 -0.27408451 0.94339722 0.18676028
0.40090132 0.05822655 0.91426903 -0.34551567 0.93388939 0.09203037
-0.47586939 0.87803781 0.05096997 -0.39970508 -0.16427827 -0.90180290
0.32294804 0.34127930 0.88274175 -0.45876142 0.87226391 -0.16939220
0.31816861 0.34312543 0.88376111 -0.46435535 0.86912763 -0.17026833
0.37159896 0.34322697 0.86261785 -0.44559497 0.88107109 -0.15861574
-0.43260735 0.90144408 0.01579479 -0.35134149 -0.15242472 -0.92375642
0.36672467 0.19561638 0.90953141 -0.35967791 0.93143612 -0.05530477
0.21376422 0.34173158 0.91516364 -0.21269858 0.93062407 -0.29782251
0.62580431 0.16740687 0.76180315 -0.38843337 0.91385561 0.11826883
0.62439388 0.15951744 0.76464796 -0.38496625 0.91462368 0.12354985
0.67415535 0.19012929 0.71369845 -0.41709045 0.89547652 0.15542622
0.70898753 0.10106401 0.69794184 -0.36873111 0.89674509 0.24471539
0.75895387 0.16985078 0.62860143 -0.40203118 0.88163108 0.24717943
0.76155460 0.20858398 0.61361825 -0.38712633 0.90573192 0.17257752
0.74803531 0.22627252 0.62389421 -0.40352356 0.90141761 0.15689175
0.75843710 0.15105984 0.63399857 -0.33882228 0.92237109 0.18555588
0.79410452 0.22414595 0.56493950 -0.39270407 0.89865595 0.19545099
-0.40909696 0.86980933 0.27581048 -0.81639928 -0.21388142 -0.53642058
0.79970908 0.23654626 0.55182540 -0.39008531 0.90339756 0.17806259
0.69885409 0.19754368 0.68744421 -0.39664751 0.90682000 0.14264750
0.68947244 0.19700390 0.69700593 -0.35936803 0.92854661 0.09303658
0.69270152 0.07336047 0.71748376 -0.39951968 0.86726487 0.29704496
0.66016436 0.17837454 0.72963387 -0.35338354 0.93092865 0.09215206
0.65692252 0.15741365 0.73734236 -0.36559629 0.92180085 0.12892845
0.75953907 0.21173836 0.61503446 -0.29445088 0.95503122 0.03484389
0.71145499 0.21726240 0.66830301 -0.27156651 0.96212834 -0.02368224
0.76111019 0.23042974 0.60631144 -0.24407485 0.96780896 -0.06142734
0.79242396 0.20945896 0.57287979 -0.28356063 0.95803642 0.04194760
0.79432714 0.20057082 0.57342458 -0.20654628 0.97685766 -0.05556760
0.83905917 0.20748465 0.50292140 -0.26506183 0.96318781 0.04484969
0.84220290 0.19712545 0.50183249 -0.24731423 0.96831411 0.03469160
0.89076632 0.21056651 0.40273711 -0.24019098 0.97043210 0.02387059
0.88704634 0.20820896 0.41206536 -0.21071666 0.97673190 -0.03991814
0.86027896 0.22577992 0.45710349 -0.23747545 0.97084630 -0.03260198
0.83153164 0.23315971 0.50417429 -0.22164647 0.97152567 -0.08373012
0.94451797 0.18809873 0.26926687 -0.15531328 0.97811234 -0.13847038
0.93979025 0.18876587 0.28488907 -0.17414047 0.98177844 -0.07606729
0.97296023 0.18230282 0.14182413 -0.15689564 0.97227097 -0.17341575
0.93748754 0.20562388 0.28077754 -0.19237193 0.97850633 -0.07428643
0.89552832 0.20954628 0.39258051 -0.17713168 0.97714710 -0.11750732
0.85270619 0.20973767 0.47843724 -0.21242869 0.97593594 -0.04922539
0.63796645 0.04958339 0.76846617 -0.27911681 0.94495469 0.17074674
0.70525569 0.06462056 0.70600182 -0.12233324 0.99199206 0.03140662
0.86011672 0.06492486 0.50594860 -0.13317616 0.98604792 0.09986787
0.82510525 0.05440857 0.56235325 -0.06099018 0.99811327 -0.00708203
0.83251578 0.04101911 0.55248082 -0.13757785 0.98132300 0.13445301
0.96339118 0.05373154 0.26266032 -0.02910554 0.99488151 -0.09676565
-0.03004837 0.92606509 -0.37616569 -0.99845684 -0.04539230 -0.03199181
-0.03235429 0.94819194 -0.31604642 -0.99814886 -0.04694637 -0.03866447
-0.04336091 0.96563047 -0.25627664 -0.99165219 -0.07277825 -0.10643952
0.98221755 0.06294522 0.17688052 -0.03312573 0.98544496 -0.16673620
-0.02438215 0.91707253 -0.39797425 -0.99920857 -0.00984009 0.03854213
-0.03185119 0.92326415 -0.38284311 -0.99765509 -0.05258378 -0.04380964
-0.02472333 0.92673987 -0.37488937 -0.99891460 -0.00809271 0.04587129
-0.02450896 0.91234088 -0.40869740 -0.99966943 -0.01918918 0.01711239
-0.02487299 0.89392394 -0.44752800 -0.99966037 -0.02572584 0.00417315
-0.03208585 0.92109638 -0.38801029 -0.99587399 -0.06243276 -0.06585684
-0.02956236 0.92699826 -0.37389889 -0.99861032 -0.04371778 -0.02943316
0.96649462 0.03705383 0.25399858 -0.01593034 0.99627727 -0.08472215
0.77307510 -0.01542356 0.63412702 -0.23403117 0.92223859 0.30774260
0.79411799 -0.00261720 0.60775805 -0.30363262 0.86454558 0.40046006
0.79885799 -0.00924038 0.60144877 -0.27272421 0.88564217 0.37584507
0.76109064 -0.04505575 0.64707887 -0.29099786 0.86784488 0.40269774
0.73639238 -0.06094095 0.67380446 -0.29709664 0.86564255 0.40298456
0.71332258 -0.06797028 0.69753212 -0.29851735 0.87101674 0.39015040
-0.23911183 0.83375710 0.49766922 -0.81230414 0.10903506 -0.57295150
-0.24241091 0.82884014 0.50424296 -0.81360382 0.10944176 -0.57102668
0.79713464 -0.04258656 0.60229796 -0.23741004 0.89506030 0.37749642
0.71901810 -0.05559012 0.69276458 -0.24858490 0.91028100 0.33104998
0.64488995 0.03197191 0.76360643 -0.27867115 0.94017738 0.19598177
0.92509121 0.21211645 0.31498075 -0.18517168 0.97612900 -0.11350644
0.97010821 0.18159495 0.16097644 -0.15643075 0.97508800 -0.15726709
0.97559667 0.17666869 0.13038133 -0.15872592 0.97774726 -0.13717319
0.97509408 0.16898273 0.14365399 -0.13907522 0.97039247 -0.19747548
-0.09857390 0.97931534 -0.17670523 -0.98844075 -0.11690924 -0.09652548
-0.09724776 0.97437775 -0.20280752 -0.98764110 -0.11964440 -0.10124361
-0.09417901 0.97413510 -0.20540497 -0.99049550 -0.11245931 -0.07919320
-0.09074996 0.97732192 -0.19132780 -0.99418330 -0.10009732 -0.03974968
0.89811033 0.19608800 0.39363366 -0.22774291 0.97309679 0.03486906
0.89881527 0.18535286 0.39720964 -0.21101731 0.97724640 0.02147525
0.85070264 0.19036110 0.48996699 -0.28289670 0.95141941 0.12153423
0.83216488 0.19660172 0.51850694 -0.21867044 0.97561431 -0.01897294
0.82667482 0.19936663 0.52617657 -0.27876797 0.95740879 0.07521262
0.85065895 0.22133212 0.47685575 -0.24667904 0.96904838 -0.00973415
0.76321787 0.23039393 0.60366970 -0.23779465 0.96885264 -0.06912495
0.77602053 0.19887032 0.59853393 -0.27957270 0.95912516 0.04379474
0.79542547 0.20590454 0.57000154 -0.29088309 0.95481145 0.06101002
0.83217645 0.20902899 0.51360422 -0.31342572 0.94138920 0.12470276
0.79305243 0.21879980 0.56850201 -0.37260056 0.91255552 0.16855675
0.86685228 0.14699005 0.47640434 -0.28050247 0.93375832 0.22229223
-0.28875214 0.88694912 0.36047682 -0.91159546 -0.13963331 -0.38664764
-0.24781136 0.93003100 0.27135202 -0.91401815 -0.13158187 -0.38374090
0.91005743 0.12848642 0.39406440 -0.24035054 0.93815887 0.24917778
0.93052661 0.13693184 0.33966160 -0.21063922 0.95881850 0.19052091
0.89351135 0.12521599 0.43122894 -0.23865867 0.94589126 0.21984497
-0.21064906 0.95493859 0.20909142 -0.96816921 -0.17421824 -0.17971185
-0.21744497 0.95024341 0.22305866 -0.93615347 -0.13834652 -0.32322896
-0.23622586 0.92454869 0.29901031 -0.94827658 -0.15219063 -0.27858502
-0.19100001 0.95723152 0.21731737 -0.96774030 -0.14657290 -0.20492703
-0.17722134 0.96714979 0.18224679 -0.97095579 -0.14157349 -0.19287753
-0.06520893 0.98356026 -0.16839543 -0.99604130 -0.07437228 -0.04868792
-0.05435228 0.97338057 -0.22265700 -0.99697071 -0.06532566 -0.04221336
-0.05461896 0.93280017 -0.35623115 -0.99845392 -0.05471111 0.00982502
-0.06912795 0.92905492 -0.36342579 -0.99757588 -0.06146099 0.03263319
-0.07013261 0.92958802 -0.36186677 -0.99712962 -0.05495377 0.05208251
-0.07629548 0.91708773 -0.39131707 -0.99708140 -0.07126377 0.02738874
-0.07750229 0.92965895 -0.36017737 -0.99698490 -0.07088844 0.03155818
-0.08943198 0.93015039 -0.35612106 -0.99597639 -0.08145736 0.03735960
-0.09266928 0.93727863 -0.33603758 -0.99563974 -0.08361016 0.04136203
-0.09798035 0.90035635 -0.42397916 -0.99518436 -0.08985191 0.03917593
-0.11299492 0.90009224 -0.42079234 -0.99358016 -0.10471974 0.04280516
-0.11244238 0.92152220 -0.37169006 -0.99319524 -0.09281312 0.07034869
-0.11873543 0.87050885 -0.47761512 -0.99258876 -0.11659556 0.03424929
-0.11959540 0.90814281 -0.40121514 -0.99281102 -0.10743160 0.05277072
-0.11812952 0.91456223 -0.38680923 -0.99050826 -0.13609400 -0.01928123
-0.11476687 0.86992991 -0.47963592 -0.99338949 -0.09932559 0.05754763
-0.11193210 0.92988789 -0.35039937 -0.99314982 -0.11658314 0.00786555
-0.10883217 0.95466453 -0.27707636 -0.99316651 -0.11624166 -0.01040629
-0.08978900 0.83789420 -0.53839689 -0.99455631 -0.10413102 0.00380657
-0.09299321 0.87590706 -0.47343338 -0.99345672 -0.11328994 -0.01446185
-0.08349689 0.87977594 -0.46799847 -0.99533653 -0.09639500 -0.00362927
-0.08557265 0.92409307 -0.37246394 -0.99383599 -0.10561405 -0.03370000
-0.05944512 0.80466807 -0.59074163 -0.99675459 -0.08002807 -0.00870742
-0.06524020 0.91062820 -0.40804413 -0.98685467 -0.11946909 -0.10883466
-0.06939132 0.99284738 -0.09715417 -0.99524766 -0.06223008 0.07489722
-0.06310087 0.89230579 -0.44699964 -0.99791050 -0.06264653 0.01581469
-0.04084379 0.83590084 -0.54735881 -0.99374950 -0.09094667 -0.06473617
-0.04623996 0.93419218 -0.35376090 -0.99454403 -0.07620431 -0.07123965
-0.04411924 0.91216528 -0.40744081 -0.99356061 -0.08266613 -0.07748374
0.98027152 0.09036793 -0.17578788 -0.11147171 0.98719263 -0.11412612
0.98909014 0.08022750 -0.12354852 -0.06810652 0.99271500 0.09939054
-0.11486872 0.78461665 -0.60924697 -0.99109685 -0.04895568 0.12381610
-0.09624603 0.94649106 -0.30804440 -0.99508226 -0.09877453 0.00741289
-0.11336689 0.98964357 -0.08805478 -0.99186003 -0.10755643 0.06815705
-0.09522449 0.97217649 0.21402152 -0.98723274 -0.11980711 0.10496568
-0.08413371 0.94527996 0.31522581 -0.98445541 -0.12779739 0.12048008
-0.05513337 0.87188131 0.48660398 -0.97303724 -0.15622923 0.16967909
-0.05067405 0.86817092 0.49367133 -0.97315443 -0.15404014 0.17100345
0.96636528 0.12288415 -0.22591522 -0.07804456 0.97715622 0.19767348
0.99367005 0.09771125 -0.05542938 -0.09614001 0.99490517 0.03034459
0.98966020 0.09611126 -0.10646764 -0.10488368 0.99125302 -0.08010531
0.98819315 0.14218991 -0.05706411 -0.13798286 0.98781967 0.07192363
-0.12337783 0.98088682 -0.15046290 -0.99209279 -0.11840154 0.04162984
-0.11341579 0.98380339 0.13880861 -0.99168378 -0.12064644 0.04480819
-0.10570491 0.95299679 0.28394306 -0.99165428 -0.12221982 0.04103770
-0.11684699 0.97810012 0.17224103 -0.99290174 -0.11892493 0.00175864
-0.11172778 0.98524231 -0.12967105 -0.99363565 -0.10888007 0.02886886
-0.14035663 0.93376756 0.32920849 -0.99009877 -0.13166107 -0.04868069
-0.14231494 0.94232839 0.30292529 -0.98855650 -0.11984634 -0.09161256
-0.19634159 0.90944242 0.36655766 -0.97846860 -0.15746145 -0.13343590
-0.19770397 0.84981132 0.48860407 -0.98024601 -0.16856664 -0.10345533
-0.20660582 0.81574845 0.54024851 -0.97840393 -0.16868959 -0.11945549
-0.20821047 0.91853720 0.33606231 -0.96786481 -0.14395282 -0.20619263
-0.23054045 0.82838446 0.51051974 -0.97154021 -0.16661774 -0.16836914
-0.23573014 0.85361677 0.46451014 -0.96706611 -0.15883297 -0.19888513
-0.21807612 0.91164607 0.34834501 -0.97433418 -0.18296278 -0.13113928
-0.25698155 0.86381775 0.43333524 -0.95658392 -0.16356327 -0.24123491
-0.25515842 0.87162691 0.41852200 -0.95564109 -0.16147748 -0.24632335
-0.26989356 0.87123722 0.41000390 -0.95049733 -0.17296466 -0.25814351
-0.27006647 0.86952615 0.41350743 -0.94329894 -0.15285392 -0.29465705
-0.28042886 0.87619609 0.39196956 -0.93611020 -0.15934061 -0.31354156
-0.29203340 0.87435561 0.38758057 -0.92741960 -0.15987018 -0.33813381
-0.29144788 0.86095917 0.41690230 -0.92702687 -0.14670072 -0.34510893
-0.30913529 0.87804425 0.36534047 -0.90317875 -0.15075037 -0.40192354
-0.31656349 0.87261832 0.37192044 -0.89659435 -0.14725186 -0.41765475
-0.31010759 0.88782376 0.34000346 -0.92175871 -0.19320792 -0.33620185
-0.34568554 0.88096601 0.32311061 -0.85803157 -0.15737636 -0.48889115
0.93376482 0.18961830 0.30352637 -0.21511421 0.97517318 0.05256665
-0.28257897 0.86499071 0.41465667 -0.92865658 -0.13839720 -0.34415588
-0.27492326 0.85536885 0.43904597 -0.94773251 -0.16418573 -0.27358031
-0.27659175 0.80786568 0.52043259 -0.95470780 -0.16919042 -0.24476025
-0.28368136 0.80797142 0.51643699 -0.94720393 -0.15218008 -0.28221631
-0.27846429 0.78822100 0.54878527 -0.95871443 -0.19381703 -0.20809060
-0.26814863 0.76690334 0.58305711 -0.96299249 -0.19626492 -0.18473127
-0.20769410 0.83753151 0.50537533 -0.97803241 -0.16841248 -0.12284091
-0.19978158 0.81883806 0.53813714 -0.97983718 -0.16837762 -0.10755515
-0.19994339 0.77205539 0.60328525 -0.97954983 -0.17162654 -0.10500722
-0.19798212 0.80473131 0.55965233 -0.97952408 -0.18371555 -0.08234858
-0.19644922 0.80330616 0.56223392 -0.97891700 -0.19339706 -0.06572074
-0.18992899 0.82652593 0.52988869 -0.97968197 -0.19496131 -0.04704655
-0.18894608 0.84299034 0.50365341 -0.97527081 -0.22097728 0.00398708
-0.20417267 0.91378325 0.35116062 -0.97724015 -0.16915531 -0.12801673
-0.08691415 0.98432994 -0.15342891 -0.99586755 -0.08991946 -0.01274490
-0.19109444 0.87254643 0.44960621 -0.98151153 -0.17493087 -0.07768149
-0.11839648 0.98521531 -0.12382685 -0.99259490 -0.11401722 0.04189900
-0.10159485 0.96121275 -0.25641483 -0.99478883 -0.10038179 0.01785066
0.99475539 0.07173428 0.07291122 -0.07045240 0.99731451 -0.02000704
-0.11233421 0.98443109 0.13519062 -0.99210918 -0.10349093 -0.07077490
0.98426330 0.08174162 0.15666565 -0.08009992 0.99664569 -0.01677475
-0.22007461 0.92002738 0.32421720 -0.96623009 -0.15992478 -0.20204830
-0.25216067 0.91072375 0.32710433 -0.94565082 -0.16018951 -0.28299093
0.95149708 0.12673104 0.28034356 -0.18261395 0.96598071 0.18312147
-0.28002530 0.89372426 0.35048926 -0.91237152 -0.13420096 -0.38674068
0.87265819 0.21887416 0.43653384 -0.33523217 0.91852194 0.20961119
0.89536029 0.14968148 0.41943470 -0.25989240 0.94043392 0.21918029
0.92597091 0.14565039 0.34837323 -0.21478529 0.96198034 0.16870451
0.93902445 0.15735142 0.30573454 -0.17097121 0.98510951 0.01811295
0.98668480 0.11770882 0.11223960 -0.10182437 0.98517632 -0.13805620
-0.08101333 0.96632814 -0.24422687 -0.99236798 -0.10105595 -0.07066454
-0.27349034 0.79271680 0.54479647 -0.83993214 0.07919373 -0.53688216
-0.19331937 0.86305588 0.46664992 -0.90484726 0.02704802 -0.42487627
0.79508132 -0.04280768 0.60499036 -0.23865302 0.89495420 0.37696382
0.95690274 0.03907462 0.28776780 -0.03982808 0.99920130 -0.00323806
-0.02036492 0.93755239 -0.34724748 -0.99978644 -0.02031996 0.00377121
-0.02542667 0.98538756 -0.16841888 -0.99385780 -0.04306848 -0.10194015
-0.02484466 0.94886017 -0.31471768 -0.99969131 -0.02355882 0.00788949
-0.02919097 0.90312964 -0.42837465 -0.99926871 -0.01577795 0.03482953
-0.01885216 0.89629459 -0.44305822 -0.99488974 0.02714692 0.09725008
-0.02542305 0.98744863 0.15588094 -0.99324352 -0.00728867 -0.11581969
0.96733719 -0.01366220 0.25312462 -0.02975833 0.98552179 0.16691676
-0.02615895 0.96517503 -0.26029375 -0.99832773 -0.03865059 -0.04298751
0.97040564 -0.01107115 0.24122679 -0.00064338 0.99882644 0.04842950
0.96000785 -0.00398053 0.27994496 0.02404736 0.99737608 -0.06828333
0.91853219 0.02973823 0.39422634 -0.06557839 0.99481368 0.07775194
-0.03274007 0.91461229 -0.40300438 -0.99569255 -0.06484329 -0.06627080
0.89813715 0.07646158 0.43301648 -0.05889724 0.99681032 -0.05385453
0.92754954 0.10251444 0.35936427 -0.00863609 0.96726114 -0.25363636
0.96533149 0.12485486 0.22922979 -0.06190040 0.96263212 -0.26364321
0.86738884 0.22757214 0.44254664 -0.06022616 0.93077672 -0.36059332
0.79448479 0.32121891 0.51537597 -0.04958667 0.88013697 -0.47212291
0.72713912 0.38477242 0.56852353 -0.10727946 0.88167465 -0.45950079
0.65397602 0.43732184 0.61730468 -0.05968952 0.84326863 -0.53416777
0.54445171 0.49028546 0.68058246 -0.15803607 0.85681176 -0.49081394
0.48394206 0.57015127 0.66387320 -0.14302996 0.79995811 -0.58276021
0.62090784 0.46427625 0.63160193 -0.21447679 0.87560779 -0.43279409
0.63733643 0.45834908 0.61945015 -0.21853696 0.87837470 -0.42508772
0.70433813 0.40611270 0.58222014 -0.18183528 0.89603776 -0.40503374
0.79993206 0.33281586 0.49934193 -0.18786193 0.92917180 -0.31835163
0.67807686 0.30310780 0.66958016 -0.19334985 0.95247972 -0.23536833
0.69528478 0.07839377 0.71444625 -0.19519351 0.97726965 0.08272593
0.84882832 0.23836198 0.47188354 -0.21310981 0.97112930 -0.10720154
0.76643872 0.29130805 0.57246083 -0.31821775 0.94638914 -0.05554337
0.71756750 0.35417646 0.59971333 -0.27490962 0.93516731 -0.22335349
0.62313372 0.45882541 0.63339061 -0.31195745 0.88844270 -0.33667821
0.52769732 0.49382013 0.69114202 -0.29728416 0.86956018 -0.39431876
0.39063656 0.57107437 0.72199529 -0.39756551 0.81205678 -0.42720667
0.28578693 0.64562809 0.70815980 -0.42719257 0.74732339 -0.50893444
0.26830626 0.63449693 0.72486240 -0.46763986 0.74363303 -0.47783148
0.59105206 0.42994356 0.68249989 -0.36179364 0.89752913 -0.25208506
0.62336606 0.28301191 0.72891641 -0.32334971 0.94206208 -0.08924135
0.48708937 0.40316063 0.77472937 -0.52555066 0.84379280 -0.10867523
0.37685239 0.35053635 0.85738355 -0.19400989 0.93496656 -0.29698101
0.30660072 0.59148324 0.74575037 -0.47869533 0.77301121 -0.41629863
0.09359764 0.66904324 0.73730642 -0.45519429 0.68738103 -0.56595546
0.07192730 0.70413959 0.70640922 -0.47579148 0.64668995 -0.59616667
-0.08292975 0.85759741 0.50759172 -0.41101304 0.43457434 -0.80138224
0.13925380 0.71856087 0.68138009 -0.38594440 0.67305565 -0.63090658
-0.29873884 0.89944595 0.31898621 -0.42831406 0.17232968 -0.88704544
-0.26732132 0.87745029 0.39827174 -0.34832135 0.29737505 -0.88895464
-0.21168560 0.89881206 0.38383090 -0.30612648 0.31199062 -0.89941567
-0.03436217 0.86327106 0.50356966 -0.34050590 0.46360791 -0.81799966
-0.15799788 0.91179276 0.37903914 -0.17555201 0.35180771 -0.91946334
0.14985022 0.76394266 0.62764370 -0.24694659 0.64361089 -0.72441870
0.11079201 0.73172218 0.67253840 -0.02481483 0.67853016 -0.73415327
0.28284606 0.69162387 0.66457099 -0.17551279 0.71848536 -0.67303348
0.10945456 0.76710165 0.63211924 -0.39364699 0.61739761 -0.68107444
0.24531093 0.69370890 0.67719316 -0.42776659 0.70431274 -0.56653273
0.38495359 0.57960302 0.71824169 -0.33901873 0.81261212 -0.47405478
0.39380920 0.59750181 0.69850260 -0.23871599 0.80031627 -0.55000782
0.30005765 0.68927622 0.65944195 -0.27008361 0.72439575 -0.63427579
0.40233818 0.59648627 0.69449854 -0.21589151 0.79903090 -0.56119567
0.43984181 0.58143425 0.68445128 -0.20310363 0.80678606 -0.55483806
0.44801426 0.57822180 0.68186718 -0.16438660 0.80296713 -0.57290566
0.48290858 0.57022804 0.66455954 -0.00227797 0.75973028 -0.65023446
0.28658575 0.69161046 0.66298091 -0.14770591 0.71562958 -0.68268394
0.35252801 0.62569356 0.69586760 -0.05138622 0.75542724 -0.65321451
