-0.32962951 -0.19759122 0.92320210 -0.01998127 0.97909504 0.20241953
-0.45675826 -0.18011300 0.87116665 -0.05829024 0.98324418 0.17272300
-0.42762524 -0.17729984 0.88639802 -0.07289675 0.98414648 0.16168419
-0.39250827 -0.17710993 0.90253496 -0.05964181 0.98412043 0.16718198
-0.53380686 -0.16779217 0.82879198 -0.06484830 0.98535210 0.15772101
-0.46991542 -0.16089995 0.86792326 -0.04881533 0.98647904 0.15644860
-0.43847150 -0.15798610 0.88475037 -0.02717583 0.98630905 0.16265303
-0.38805944 -0.16166958 0.90734386 -0.03921903 0.98649931 0.15899996
-0.33354786 -0.17498326 0.92635131 -0.00841559 0.98313653 0.18267953
-0.33380973 -0.17904672 0.92548013 -0.00887835 0.98234904 0.18684648
-0.18537675 -0.18456149 0.96518010 -0.05075977 0.98269135 0.17816082
-0.17736450 -0.22450030 0.95819700 -0.16371614 0.96679795 0.19621120
-0.23720601 -0.22149257 0.94587231 -0.08892719 0.97452396 0.20590067
-0.18505007 -0.23850803 0.95334697 -0.09147933 0.97007000 0.22493514
-0.11227086 -0.23952672 0.96437657 -0.04780136 0.97069079 0.23553009
-0.13228278 -0.22738594 0.96477818 -0.07667290 0.97276288 0.21875504
-0.06123933 0.88129276 0.46858606 -0.02756126 0.46779510 -0.88340718
-0.18148927 0.86069334 0.47567704 -0.02440132 0.47961962 -0.87713718
-0.17194866 0.84159112 0.51201367 -0.08416929 0.50530303 -0.85882735
-0.23416483 0.82463318 0.51492435 -0.14982422 0.49271348 -0.85719675
-0.06888888 0.86235631 0.50159341 -0.16606495 0.48586065 -0.85811532
-0.08126538 0.85850817 0.50631976 -0.21733382 0.48051217 -0.84963179
-0.03452735 -0.55405366 0.83176458 -0.06130728 0.83186769 0.55157745
-0.04996963 0.85081935 0.52307689 -0.15651786 0.51058900 -0.84545904
0.21817069 -0.51493520 0.82900143 -0.04034818 0.84397870 0.53485692
0.22075225 -0.48228556 0.84774351 -0.04725067 0.86287755 0.50319946
-0.16860072 0.80195928 0.57309264 -0.27569398 0.51984298 -0.80855191
-0.08860156 0.86230135 0.49858421 -0.05681602 0.49536267 -0.86682630
-0.02670728 -0.50013644 0.86553466 -0.08640002 0.86375833 0.49644402
-0.08493359 0.87315243 0.47999072 -0.08866160 0.47319752 -0.87648344
-0.09481022 0.87333411 0.47780597 -0.00926090 0.47917354 -0.87767136
-0.14321342 -0.24903157 0.95784825 -0.09040106 0.96707040 0.23791288
-0.23114216 0.82334584 0.51833868 -0.18449813 0.48600534 -0.85425955
-0.29724714 0.80709910 0.51013255 -0.02496399 0.52752960 -0.84916979
-0.29337063 0.79967350 0.52388549 -0.12405155 0.51152170 -0.85026866
-0.39029142 0.74517363 0.54072994 -0.23559910 0.48692057 -0.84107167
-0.39235786 0.74196428 0.54363990 -0.25494024 0.48015663 -0.83931822
-0.42670688 0.72259402 0.54385585 -0.28091925 0.46570572 -0.83916783
0.29700974 -0.48115581 0.82478738 -0.05976642 0.85270429 0.51896387
-0.12335838 0.86069530 0.49394980 -0.37983817 0.41889423 -0.82477307
-0.12224172 0.86313659 0.48995134 -0.38540196 0.41363400 -0.82484686
0.37975195 -0.46440911 0.80007041 -0.02761082 0.85878307 0.51159489
0.40167111 -0.45398173 0.79533702 -0.04002351 0.85894442 0.51050234
0.49256748 -0.38159326 0.78215343 -0.07691433 0.87613869 0.47588366
0.45408243 -0.38959807 0.80126303 -0.10217918 0.87062025 0.48122740
-0.43982351 0.70604795 0.55502391 -0.44919792 0.36220109 -0.81672001
-0.41569978 0.72815102 0.54496771 -0.37292576 0.41004351 -0.83234054
-0.25014961 0.82693231 0.50359517 -0.38312960 0.39313284 -0.83585781
0.36663020 -0.39182916 0.84383190 -0.11778942 0.88014114 0.45986661
-0.45296898 0.69421005 0.55936718 -0.43755612 0.37355015 -0.81792724
-0.42174363 0.70427263 0.57108003 -0.55569750 0.29692101 -0.77655536
-0.36222798 0.74667245 0.55791682 -0.54300201 0.31746161 -0.77741051
-0.40139621 0.69118977 0.60094744 -0.66753429 0.22847654 -0.70865822
-0.30645761 0.78634298 0.53642201 -0.67662960 0.21641511 -0.70380181
-0.36211544 0.73430562 0.57416701 -0.73403418 0.15501094 -0.66118491
-0.38253489 0.70053470 0.60242695 -0.71388286 0.18982419 -0.67404610
-0.35862738 0.73092169 0.58063745 -0.72084922 0.17835793 -0.66974992
-0.30973747 0.77862298 0.54571873 -0.79070073 0.10782886 -0.60263205
-0.26582599 0.82548743 0.49790275 -0.81342530 0.08512212 -0.57540721
-0.26831409 0.81822449 0.50844502 -0.92228788 -0.06576799 -0.38086689
0.70839024 -0.12446668 0.69475996 -0.23458947 0.88685209 0.39807189
0.07014413 0.86581290 0.49542689 -0.92937380 0.23715915 -0.28287795
0.87764949 0.07862189 0.47281083 -0.20130813 0.95569587 0.21475685
0.88871425 0.09154684 0.44922850 -0.23077135 0.93600142 0.26579303
0.85980898 0.06662119 0.50625110 -0.20161270 0.95518935 0.21671569
0.81060290 0.03061218 0.58479548 -0.17908703 0.96374655 0.19778895
0.79429317 -0.00262223 0.60752904 -0.22971003 0.92445916 0.30431670
0.76759249 -0.01881048 0.64066213 -0.20594782 0.93932337 0.27433041
-0.38751677 0.70215243 0.59733814 -0.69749075 0.20036463 -0.68801212
0.68503559 -0.07471010 0.72466874 -0.17291473 0.94962704 0.26136005
0.69475681 -0.07821141 0.71497971 -0.22934406 0.91808885 0.32328659
0.64947319 -0.10002831 0.75377649 -0.19742317 0.93513137 0.29419950
0.76023591 -0.02119967 0.64930117 -0.17555918 0.95557672 0.23675345
0.76221907 0.01816831 0.64706415 -0.13519710 0.98202908 0.13168401
0.69566894 -0.00773276 0.71832103 -0.06321282 0.99540424 0.07193498
0.69303638 0.00285020 0.72089702 -0.21299097 0.95616019 0.20097910
0.75443679 0.01595921 0.65617877 0.00697843 0.99945283 -0.03233153
0.74854833 0.03377596 0.66221952 -0.08159953 0.99580306 0.04144696
0.79031712 0.04409125 0.61110955 -0.02773520 0.99895942 -0.03620588
0.80313545 0.04746876 0.59390259 -0.04995739 0.99867606 -0.01226355
0.82093155 0.04910993 0.56891096 -0.06476156 0.99787402 0.00731097
0.82852709 0.05841983 0.55689311 -0.06680731 0.99775195 -0.00527361
0.90232921 0.09259207 0.42098540 -0.16133808 0.97821182 0.13065869
0.91475242 0.08713701 0.39450628 -0.10449806 0.99426621 0.02269284
0.93599832 0.08820544 0.34077403 -0.10544641 0.99389803 0.03236881
0.90798795 0.07464588 0.41229352 -0.04724770 0.99596733 -0.07626731
0.90607691 0.07312496 0.41674629 -0.03908172 0.99520582 -0.08965490
0.92750734 0.04808465 0.37069941 -0.00733516 0.99384218 -0.11056170
0.96967089 0.02698288 0.24292023 0.00109239 0.99339908 -0.11470441
0.22291993 0.92093492 -0.31966490 -0.94293910 0.12050575 -0.31039375
0.95865643 0.00306829 0.28454962 0.05453828 0.97942442 -0.19430226
0.92025280 0.04146323 0.38912168 0.08970119 0.94554341 -0.31289199
0.29727161 0.90177256 -0.31374493 -0.89348876 0.14688917 -0.42438358
0.29270622 0.90393060 -0.31182155 -0.86927557 0.11569649 -0.48059788
0.29255113 0.90386659 -0.31215245 -0.86938328 0.11546230 -0.48045933
0.31256062 0.88375127 -0.34826648 -0.85600525 0.10311621 -0.50657892
0.31671020 0.87744653 -0.36025313 -0.84715432 0.09083249 -0.52352571
0.32230654 0.87271559 -0.36672336 -0.85094994 0.09738106 -0.51614058
0.85590106 0.12516403 0.50176430 0.13418514 0.88328475 -0.44922426
0.85475975 0.12839501 0.50289226 0.14557770 0.87071770 -0.46974230
0.79167670 0.24863102 0.55805981 0.18056285 0.77741700 -0.60251135
0.72141647 0.31452617 0.61695361 0.06542212 0.85596639 -0.51287568
0.71803898 0.38616899 0.57904547 0.03420272 0.81137538 -0.58352387
0.73097438 0.38732511 0.56183243 0.08592156 0.76452112 -0.63884664
0.70425552 0.32930481 0.62895352 0.18287754 0.77187324 -0.60890681
0.68778157 0.35719088 0.63195831 0.02013467 0.86084282 -0.50847256
0.73570085 0.31624267 0.59894490 0.07592665 0.84022236 -0.53689992
0.69434923 0.34377238 0.63221806 0.00194401 0.87762290 -0.47934777
0.70603120 0.34218070 0.62002611 0.05994457 0.84350121 -0.53377193
0.69933075 0.12610105 0.70358735 0.12006330 0.94960856 -0.28953138
0.75011390 0.11145081 0.65184957 0.07180960 0.96614069 -0.24782179
0.76459056 0.11005476 0.63505065 0.07105298 0.96491468 -0.25276709
0.78932112 0.14674011 0.59618747 0.10482545 0.92455554 -0.36634508
0.79181594 0.15137868 0.59170276 0.10011972 0.92352110 -0.37024975
0.85851359 0.11511540 0.49970275 0.12595572 0.89728409 -0.42310333
0.84156322 0.11733207 0.52726138 0.09101364 0.93136603 -0.35252503
0.84484643 0.10867614 0.52385497 0.08158348 0.94153142 -0.32689878
0.86987251 0.08626633 0.48567480 0.08129327 0.94605535 -0.31364095
0.83002383 0.09186017 0.55011106 0.03077561 0.97729659 -0.20962881
0.78915107 0.10480892 0.60519069 0.04933262 0.97133321 -0.23254699
0.78787971 0.10120460 0.60745645 0.01776483 0.98225838 -0.18668930
0.74252528 0.04038105 0.66859978 -0.03057738 0.99918401 -0.02638892
0.68288994 0.04116101 0.72936082 0.01257681 0.99760103 -0.06807446
0.68646002 0.06654330 0.72411650 -0.12766102 0.99136645 0.02991975
0.70452690 0.07738024 0.70544612 0.10927230 0.97035563 -0.21556799
0.69615114 0.09824082 0.71114165 0.03147615 0.98546290 -0.16694963
0.67353946 0.06663466 0.73614156 -0.02363227 0.99736035 -0.06865732
0.62078518 0.06243515 0.78149068 0.02638934 0.99459481 -0.10042319
0.62239164 0.07185926 0.77940041 0.02358741 0.99360240 -0.11044407
0.77447480 0.09664709 0.62517852 -0.24817228 0.95545602 0.15973218
0.73691338 0.06440798 0.67291182 -0.24463569 0.95338786 0.17664951
0.72601581 0.06125446 0.68494445 -0.13378580 0.98957539 0.05331044
0.90630370 0.12040462 0.40511277 -0.21008047 0.96009213 0.18463302
0.91382253 0.10988560 0.39096498 -0.19804220 0.96104914 0.19277933
0.92853415 0.10987476 0.35461521 -0.19423325 0.95781428 0.21181439
0.38917542 0.86539245 0.31565556 -0.89078069 0.44083652 -0.11033133
0.39470106 0.85247934 0.34276831 -0.91538900 0.33268312 0.22668247
0.38048506 0.85497290 0.35249484 -0.92314947 0.32846484 0.19976480
0.93219709 0.13075745 0.33750716 -0.14361829 0.98954374 0.01330436
0.92694384 0.13303888 0.35082164 -0.12045516 0.99104875 -0.05755870
0.91704017 0.13382430 0.37567058 -0.13048752 0.99085164 -0.03443908
0.26443490 0.94276839 0.20313036 -0.95918316 0.27898932 -0.04618134
0.30860066 0.83477896 0.45597118 -0.94107282 0.19821481 0.27403080
0.31366295 0.82058746 0.47775707 -0.93909425 0.19368017 0.28388387
0.36886442 0.85310048 0.36899686 -0.91561329 0.26517409 0.30221674
0.38259378 0.84721190 0.36858380 -0.91023874 0.27724534 0.30757210
0.40562898 0.84531486 0.34771830 -0.89750826 0.29632702 0.32660267
0.39390391 0.87244087 0.28928658 -0.87011158 0.25250769 0.42325610
0.26221424 0.80859470 0.52670527 -0.95756865 0.15036939 0.24586850
0.24791394 0.80973321 0.53185606 -0.96186030 0.14022315 0.23486657
0.18024373 0.83925056 0.51300162 -0.98331362 0.14068212 0.11533802
0.17757629 0.87351990 0.45324358 -0.98083645 0.11958006 0.15381956
0.17243934 0.87806082 0.44640115 -0.98213100 0.11857903 0.14614308
0.16771592 0.92356199 0.34482571 -0.98010600 0.11855281 0.15917759
0.17834976 0.92257166 0.34212989 -0.97821075 0.12868744 0.16292131
0.25141889 0.80688083 0.53453904 -0.96043783 0.13963790 0.24095739
0.23214455 0.92733508 0.29352793 -0.97237349 0.21366094 0.09401468
0.99756682 -0.06960213 -0.00400278 0.06959712 0.99757421 -0.00137733
0.12780754 0.96319157 -0.23648944 -0.98667330 0.09926891 -0.12892459
0.98694223 -0.07793123 0.14096738 0.09298437 0.99026817 -0.10355151
0.24903727 0.95787811 0.14300334 -0.96577603 0.25667050 -0.03737580
0.26055834 0.94788212 0.18338174 -0.95947659 0.27534080 -0.05993510
0.87727875 0.13542409 0.46048063 0.00029445 0.95921993 -0.28266075
0.42911100 0.82800430 0.36093318 -0.90047902 0.42344165 0.09917063
0.89714098 0.18342882 0.40186056 -0.18926695 0.98159415 -0.02551515
0.88500559 0.17891367 0.42983148 -0.17170787 0.98356295 -0.05586011
0.41408142 0.84009796 0.35038835 -0.90795386 0.35394871 0.22436607
0.44969422 0.87083709 0.19853972 -0.88450789 0.46509019 -0.03656551
0.50604475 0.75374126 0.41927654 -0.86059147 0.47362974 0.18723568
0.82807505 0.10210971 0.55123985 -0.25872949 0.94190329 0.21418980
0.54700899 0.05306501 0.83544320 -0.14998078 0.98805350 0.03544198
0.35877827 0.50388628 0.78573334 -0.22841567 0.86357826 -0.44950956
0.33084020 0.50490135 0.79725748 -0.09775355 0.85862368 -0.50319946
0.34299141 0.56982827 0.74676150 -0.00142132 0.79530042 -0.60621381
0.33933303 0.57716709 0.74278617 -0.07014097 0.80296499 -0.59188467
0.37801978 0.56832367 0.73082781 0.00691617 0.78764790 -0.61608684
0.37858671 0.62685090 0.68097740 0.02749197 0.72780114 -0.68523705
0.37028557 0.57987845 0.72569251 0.01066327 0.77851856 -0.62753099
0.38611919 0.61661541 0.68607390 0.02468921 0.73657817 -0.67590165
0.41017568 0.61408228 0.67428410 0.05083338 0.72279787 -0.68918735
0.47081900 0.59772110 0.64889055 0.02883942 0.72469139 -0.68846983
0.44585115 0.62064326 0.64499515 0.05960520 0.69839364 -0.71322757
0.44128805 0.63901430 0.63002032 0.22785774 0.59927577 -0.76743042
0.42437014 0.64222568 0.63832295 0.11751485 0.65992409 -0.74208522
0.38625485 0.64089417 0.66337156 0.03303993 0.70911145 -0.70432192
0.37765789 0.58330822 0.71911484 0.02100001 0.77103239 -0.63644964
0.42836502 0.59152526 0.68308222 -0.09083784 0.78031212 -0.61875796
0.51652914 0.59090000 0.61970544 -0.16139224 0.77793998 -0.60725778
0.51932019 0.59088600 0.61738181 -0.13539438 0.77020419 -0.62326074
0.58685613 0.56742513 0.57760602 -0.06136324 0.74248219 -0.66704941
0.57087725 0.57514924 0.58592027 -0.05803581 0.74011874 -0.66996723
0.45028123 0.63298815 0.62974036 0.07435028 0.67625546 -0.73290557
0.59927309 0.53077161 0.59929407 0.07697099 0.70693749 -0.70307535
0.62209117 0.51311022 0.59137177 0.08509707 0.70653111 -0.70254707
0.64288563 0.49492520 0.58459145 0.12813456 0.68296665 -0.71912324
0.63722175 0.49852115 0.58772886 0.09731816 0.70445579 -0.70304430
0.61045706 0.52547777 0.59263426 0.18093030 0.63592964 -0.75023842
0.60290366 0.53001016 0.59631914 0.16174203 0.65072095 -0.74189067
0.66824216 0.46969783 0.57691985 0.22815029 0.60873282 -0.75986308
0.71235377 0.42630494 0.55750901 0.22617260 0.61254966 -0.75738299
0.76146245 0.36459371 0.53595376 0.20645675 0.64734960 -0.73369896
0.57436824 0.54757917 0.60848856 0.15315899 0.65831923 -0.73699266
0.60024166 0.52923697 0.59968179 0.18939573 0.63439679 -0.74944651
0.75487179 0.36958894 0.54182351 0.15370166 0.70342088 -0.69395602
0.47954533 0.62109566 0.61990041 0.10625538 0.66012877 -0.74359930
0.35046005 0.57653010 0.73809952 0.02349989 0.78242022 -0.62230724
0.30897143 0.58546013 0.74951524 -0.05184352 0.79727072 -0.60139149
0.10745400 0.20349056 0.97316247 -0.08619075 0.97705132 -0.19478673
0.35142237 0.57569051 0.73829722 0.02030201 0.78372478 -0.62077641
0.32301265 0.50141716 0.80264789 -0.13751186 0.86397713 -0.48439032
0.32087022 0.50334263 0.80230206 -0.13900973 0.86294806 -0.48579520
0.08957434 0.22937810 0.96920699 -0.12506419 0.96800685 -0.21753561
-0.20785832 0.80824935 0.55093372 -0.32087052 0.47572809 -0.81897801
0.50440305 0.03317088 0.86283100 -0.07228405 0.99737644 0.00391321
0.50526845 0.01639748 0.86280650 -0.07288984 0.99705750 0.02373615
0.51721543 -0.00637149 0.85583144 -0.07456958 0.99583399 0.05247936
0.60442924 0.00513880 0.79664224 -0.09235259 0.99368930 0.06365999
0.84166670 0.08566795 0.53315872 -0.03260468 0.99359649 -0.10818000
0.82227761 0.08315089 0.56297922 0.01926468 0.98463380 -0.17356604
0.83322263 0.08297484 0.54667658 0.01178763 0.98578644 -0.16758941
0.88933986 0.07049095 0.45178068 0.04295190 0.97079742 -0.23602442
0.84400171 0.08071163 0.53023285 -0.02110542 0.99284440 -0.11753532
0.84946257 0.07790267 0.52186638 -0.03175460 0.99479604 -0.09681199
0.79429722 0.09683776 0.59976202 0.03981828 0.97679406 -0.21044695
0.79405212 0.09513614 0.60035855 0.04133392 0.97693878 -0.20948060
0.72677994 0.10449775 0.67887491 0.04257033 0.97960675 -0.19636308
0.69593817 0.09602632 0.71165234 0.03328072 0.98564094 -0.16554262
0.75517207 0.19536981 0.62573630 0.11070327 0.90283614 -0.41548970
0.84517050 0.11942216 0.52098489 0.11294194 0.91280919 -0.39245835
0.87189460 0.08567178 0.48214123 0.08135696 0.94555181 -0.31513956
0.88316649 0.07602725 0.46285725 0.04311697 0.96944070 -0.24150720
0.89086515 0.07358479 0.44826844 -0.02091383 0.99239051 -0.12134124
0.84729493 0.07559814 0.52571499 -0.03250272 0.99534351 -0.09074637
0.79153097 0.03636546 0.61004621 -0.11814979 0.98850107 0.09437308
0.79001075 0.04616443 0.61135256 -0.05003044 0.99868971 -0.01076196
0.72955614 0.03909322 0.68280274 0.00850317 0.99776942 -0.06621174
0.59477741 -0.02046477 0.80362993 0.03251754 0.99947023 0.00138525
0.78518718 0.02799616 0.61862540 -0.09871447 0.99186212 0.08040570
0.79858863 0.03139871 0.60105765 -0.09799775 0.99209547 0.07837747
0.89993203 0.08855119 0.42694387 -0.14596419 0.98384905 0.10361274
0.88739926 0.08249538 0.45356053 -0.10777292 0.99371928 0.03011804
0.91253793 0.09653249 0.39743680 -0.15793405 0.97954327 0.12470682
0.91230667 0.10038000 0.39701438 -0.17476402 0.97220844 0.15578301
0.79608136 0.00242699 0.60518479 -0.25311303 0.90966564 0.32930571
0.67800683 -0.18111247 0.71239388 -0.19746876 0.88866401 0.41386279
-0.27192429 0.81589717 0.51026374 -0.68508464 0.20824391 -0.69806409
0.63210887 -0.20660928 0.74682730 -0.05051979 0.95075887 0.30578637
0.64295304 -0.20170557 0.73886830 0.04095390 0.97237277 0.22981305
-0.29265580 0.79902714 0.52526975 -0.69643760 0.19830203 -0.68967456
-0.28997737 0.80328107 0.52024293 -0.70515835 0.18818894 -0.68362033
0.58278739 -0.34266409 0.73684484 -0.13926744 0.85121536 0.50600106
0.58320415 -0.34172660 0.73695040 -0.14225993 0.85022473 0.50683331
-0.34107783 0.75983161 0.55346364 -0.66747242 0.21882574 -0.71175551
-0.36286208 0.74738407 0.55655032 -0.66220242 0.21338652 -0.71829957
-0.32869059 0.78160959 0.53014052 -0.61421990 0.24949190 -0.74865735
-0.31507099 0.79029089 0.52551943 -0.60227406 0.26144826 -0.75426179
-0.37038097 0.74683285 0.55232114 -0.65226316 0.21423742 -0.72708678
-0.37172958 0.74469692 0.55429560 -0.65696943 0.21083108 -0.72383809
-0.38758290 0.72710657 0.56665295 -0.65262151 0.21770470 -0.72573411
0.62271309 -0.26869598 0.73486805 -0.15424205 0.87860537 0.45195359
-0.28580555 0.80857152 0.51432228 -0.70663118 0.18470629 -0.68304908
-0.33715814 0.75335264 0.56460983 -0.70400548 0.19642770 -0.68248993
-0.29955643 0.80127132 0.51790947 -0.58009773 0.27800614 -0.76563644
0.59046012 -0.33945325 0.73220789 -0.14954658 0.84551662 0.51257932
0.56343633 -0.35291263 0.74698883 -0.15676761 0.84207177 0.51608050
-0.22030243 0.73936117 0.63624829 -0.58262086 0.42339751 -0.69374889
-0.22888884 0.73331916 0.64019763 -0.58237344 0.42382902 -0.69369316
-0.21549104 0.73984724 0.63733011 -0.59883749 0.41541210 -0.68470901
-0.25914893 0.75396353 0.60363972 -0.39625037 0.48697370 -0.77835876
-0.07664870 0.83107638 0.55085117 -0.22850400 0.52313006 -0.82104862
0.21090224 -0.49670312 0.84190637 -0.03652817 0.85667270 0.51456547
0.20565963 -0.49550533 0.84390676 -0.04131979 0.85717487 0.51336533
-0.14811273 0.80411232 0.57573098 -0.42069548 0.47562557 -0.77252549
0.32793427 -0.47750008 0.81513971 -0.01769023 0.85960001 0.51066130
0.34921676 -0.47635025 0.80693132 -0.01754624 0.85767227 0.51389736
-0.44622883 0.70739454 0.54815406 -0.33545938 0.43563852 -0.83527607
-0.07795189 0.85913062 0.50578463 -0.28048417 0.46793732 -0.83807123
0.27159151 -0.48386416 0.83193368 -0.02583691 0.86044782 0.50888306
0.09529436 0.20535755 0.97403657 -0.12388881 0.97332871 -0.19308770
0.29685095 0.82565624 0.47976169 -0.03510717 0.51150483 -0.85856295
0.16118217 0.85817754 0.48739269 0.03949393 0.48784572 -0.87203598
0.08667172 0.87111360 0.48337272 0.05016880 0.48076642 -0.87541234
-0.10218772 -0.23464775 0.96669447 -0.00406771 0.97187203 0.23547454
-0.05041728 -0.23007080 0.97186702 -0.08099589 0.97084117 0.22562613
-0.05565640 0.87860477 0.47429529 -0.02326787 0.47376123 -0.88034594
-0.15070492 -0.22266331 0.96317655 -0.00558960 0.97448063 0.22440194
-0.18193027 -0.21083264 0.96044314 0.02086861 0.97569573 0.21813384
-0.12359250 -0.24352427 0.96198797 -0.09341452 0.96797079 0.23303725
-0.30934048 -0.20154940 0.92934728 -0.07613789 0.97939354 0.18705991
-0.13945830 -0.24862567 0.95850754 -0.10826407 0.96599209 0.23481521
-0.35850182 -0.17908859 0.91618979 -0.07568767 0.98377120 0.16268246
-0.35051289 -0.17961505 0.91917312 -0.07338735 0.98368728 0.16423658
-0.50027257 -0.16732365 0.84954703 -0.04875794 0.98503786 0.16529731
-0.50592417 -0.16444565 0.84675759 -0.04301506 0.98524767 0.16564049
-0.35668319 -0.19539352 0.91356367 -0.00157573 0.97800797 0.20856169
