0.76158661 -0.05460699 0.64575851 0.22414790 0.95713991 -0.18341458
0.79531121 -0.07247250 0.60185373 0.24493988 0.94659144 -0.20968814
0.78227299 -0.06483921 0.61955220 0.23447756 0.95207065 -0.19642241
0.78568280 -0.06516101 0.61518836 0.24313375 0.94693995 -0.21021603
0.80663860 -0.07226534 0.58661062 0.24634525 0.94328666 -0.22254062
0.84134740 -0.08984176 0.53297573 0.22068459 0.95724910 -0.18700933
0.85385895 -0.09685465 0.51141393 0.22246099 0.95618200 -0.19033431
0.86533040 -0.10546511 0.48998010 0.22755197 0.95371568 -0.19658735
0.86425370 -0.10420371 0.49214542 0.22635727 0.95423114 -0.19546193
0.87908888 -0.11635720 0.46223781 0.24992542 0.93827361 -0.23912314
0.26237994 0.94697779 -0.18544514 -0.96332192 0.24584219 -0.10757507
0.92381215 -0.20587456 -0.32277977 0.23400062 0.97092676 0.05044783
0.90429521 -0.17924231 -0.38745630 0.17255023 0.98361069 -0.05231120
0.90216136 -0.17550990 -0.39408273 0.17562313 0.98379546 -0.03609760
0.85334671 -0.16549559 -0.49437907 0.21227352 0.97640973 0.03954740
0.96342432 -0.20705509 -0.17012283 0.21808732 0.97471148 0.04873922
0.92747128 -0.20410277 -0.31327176 0.22305441 0.97447282 0.02548573
0.79914427 -0.15067667 -0.58194941 0.13215770 0.98842961 -0.07443983
0.87542075 -0.15546785 -0.45767710 0.15821368 0.98686647 -0.03260482
0.85478473 -0.14778070 -0.49749777 0.12758592 0.98902017 -0.07457240
0.70273346 -0.14423060 -0.69668013 0.06530201 0.98817790 -0.13870868
0.78878152 -0.14595869 -0.59709275 0.09617472 0.98873997 -0.11464609
0.87362170 -0.14328276 -0.46503246 0.08388937 0.98570472 -0.14611228
0.85285717 -0.16204819 -0.49636182 0.14891028 0.98662919 -0.06624654
0.87630302 -0.13871033 -0.46135959 0.08054660 0.98635775 -0.14356434
0.90712315 -0.16426305 -0.38748586 0.16231561 0.98600698 -0.03799954
0.90305781 -0.17209414 -0.39353555 0.17254618 0.98439592 -0.03453210
0.90599799 -0.19760081 -0.37432820 0.23366593 0.97086895 0.05304544
0.92834485 -0.20788555 -0.30815494 0.23951456 0.96849453 0.06819966
0.91810554 -0.20311470 -0.34033322 0.26221061 0.95519543 0.13728541
0.96348178 -0.22199126 -0.14974222 0.22043353 0.97502452 -0.02713482
0.96725953 -0.22014812 -0.12626886 0.21672489 0.97539604 -0.04040906
0.26319662 0.95577800 -0.13120954 -0.96296549 0.25202042 -0.09582876
0.28399289 0.89271462 -0.34986970 -0.93457949 0.17618376 -0.30906391
0.24189615 0.96424216 -0.10827469 -0.97028959 0.23981413 -0.03205193
0.28089285 0.89697850 -0.34136328 -0.92462772 0.15759265 -0.34673938
0.28581688 0.88329643 -0.37161297 -0.89569360 0.10839295 -0.43125853
0.28167537 0.88674664 -0.36652347 -0.88412368 0.09144486 -0.45821741
0.85680610 -0.09830453 0.50618142 0.28841624 0.90510219 -0.31241989
0.87567538 -0.11505608 0.46899340 0.25544667 0.93455887 -0.24768293
0.85693610 -0.10173914 0.50528193 0.29137385 0.90427136 -0.31208119
0.83471340 -0.08452061 0.54415971 0.28951415 0.90792340 -0.30307856
0.82084537 -0.07288012 0.56648171 0.31413403 0.88594437 -0.34120741
0.30836096 0.88757855 -0.34222496 -0.83916998 0.08438179 -0.53728342
0.79431969 -0.07044491 0.60340184 0.34242368 0.87235224 -0.34892350
0.34114513 0.83475602 -0.43220642 -0.79268265 0.00833351 -0.60957760
0.38624924 0.81149209 -0.43851128 -0.62283492 -0.12120754 -0.77290720
0.79425043 -0.07871649 0.60246992 0.33476722 0.88418353 -0.32580745
0.75492984 -0.04736657 0.65409285 0.29841134 0.91296130 -0.27830267
0.74313456 -0.04764397 0.66744375 0.30515748 0.91182941 -0.27467462
0.69124603 -0.01947308 0.72235715 0.33447948 0.89472598 -0.29595411
0.71864718 -0.03415558 0.69453561 0.36619708 0.86766481 -0.33624035
0.74806833 -0.06412763 0.66051602 0.37691823 0.86025393 -0.34335968
0.67212421 -0.00902195 0.74038339 0.29455984 0.92065418 -0.25618443
0.72390693 -0.03508928 0.68900478 0.25983006 0.93903524 -0.22516929
0.72567850 -0.03824096 0.68697041 0.26274177 0.93818831 -0.22532097
0.77081788 -0.05533562 0.63464785 0.26451254 0.93408692 -0.23982231
0.34309965 0.85998690 -0.37776348 -0.79209483 0.04874221 -0.60844892
0.36170089 0.81267798 -0.45686656 -0.81441486 0.03691441 -0.57910788
0.33690220 0.81858122 -0.46521154 -0.85612690 0.06070256 -0.51318812
0.33596566 0.81031376 -0.48012376 -0.84239483 0.03049505 -0.53799719
0.31777874 0.83077043 -0.45698705 -0.86125165 0.05133082 -0.50557965
0.29614699 0.86471468 -0.40566683 -0.86511910 0.06283766 -0.49761471
0.31218082 0.83988082 -0.44400835 -0.88143045 0.08169654 -0.46519461
0.30547044 0.83983481 -0.44873750 -0.88897514 0.08267113 -0.45043170
0.32724193 0.80228722 -0.49924737 -0.89538151 0.09441237 -0.43517613
0.33118287 0.79001677 -0.51593757 -0.89391220 0.08765436 -0.43958813
0.35338137 0.75364870 -0.55419791 -0.88014317 0.06712292 -0.46993881
0.36978832 0.71618414 -0.59189272 -0.89891118 0.11466102 -0.42286119
0.35438254 0.73850638 -0.57360387 -0.90139097 0.10657075 -0.41968679
0.36938825 0.69048649 -0.62191701 -0.89220285 0.07637375 -0.44513050
0.36681458 0.68493330 -0.62953424 -0.91752046 0.15460631 -0.36640564
0.36103928 0.70028448 -0.61583471 -0.92491966 0.18459028 -0.33234024
0.35155594 0.72765332 -0.58900690 -0.93197328 0.21254350 -0.29368547
0.35214946 0.64903355 -0.67434871 -0.93284267 0.18478692 -0.30928683
0.32928193 0.76007473 -0.56023198 -0.94373298 0.24564011 -0.22142503
0.32201418 0.78421831 -0.53038526 -0.94098550 0.20347020 -0.27045554
0.32977498 0.73737502 -0.58951390 -0.94163042 0.21214695 -0.26139218
0.30571529 0.83724815 -0.45338035 -0.95142549 0.25040978 -0.17912152
0.30543751 0.82836705 -0.46959132 -0.95081514 0.23861845 -0.19751418
0.30455965 0.82621896 -0.47392583 -0.95199305 0.24792103 -0.17956746
0.31468308 0.80109513 -0.50913769 -0.94919604 0.26491520 -0.16984338
0.27128530 0.86967319 -0.41239893 -0.89828289 0.07488619 -0.43298957
0.26561841 0.87084353 -0.41361630 -0.90013087 0.07036642 -0.42989886
0.27764502 0.85186279 -0.44412059 -0.96043497 0.23561040 -0.14850077
0.27604026 0.87005049 -0.40842873 -0.96036530 0.23254950 -0.15368564
0.27182382 0.91009468 -0.31279320 -0.96232820 0.25502729 -0.09426283
0.26020291 0.88826096 -0.37853271 -0.96459377 0.22165565 -0.14292562
0.25326550 0.90304208 -0.34694621 -0.96733087 0.24058969 -0.07992266
0.24440634 0.91318560 -0.32612526 -0.96951324 0.22402714 -0.09927727
0.24651603 0.94349402 -0.22146985 -0.95366067 0.27683881 0.11786312
0.87555027 -0.13097051 -0.46503609 0.20411982 0.97270536 0.11036015
0.66684216 -0.05796602 -0.74294114 0.21124798 0.97077727 0.11386766
0.90297556 -0.14199992 -0.40555048 0.22539629 0.96007413 0.16569309
0.90059578 -0.13711356 -0.41246474 0.20465223 0.97093809 0.12408375
0.82844669 -0.09137531 -0.55256379 0.08593139 0.99565721 -0.03581288
0.82712126 -0.09476594 -0.55397648 0.19388080 0.97328615 0.12298096
0.83115900 -0.09617776 -0.54765373 0.19617896 0.97231162 0.12698011
0.82817954 -0.09677786 -0.55204409 0.22192170 0.96109855 0.16443963
0.78778225 -0.07708476 -0.61111134 0.19303524 0.97305489 0.12610148
0.77173752 -0.07142259 -0.63191777 0.18995175 0.97419995 0.12187186
0.93847603 -0.11131912 -0.32691127 0.12606773 0.99172628 0.02420668
0.87120950 -0.08890409 -0.48279402 0.12348551 0.99152994 0.04024631
0.85277051 -0.08500808 -0.51532143 0.13732184 0.98844445 0.06418959
0.85590416 -0.08709981 -0.50974667 0.20719011 0.96089876 0.18370059
0.83546823 -0.06994162 -0.54506975 0.15707523 0.98088026 0.11489718
0.97775501 -0.10189334 -0.18333831 0.11541341 0.99121320 0.06462375
0.79494011 -0.05083521 -0.60455441 0.11110836 0.99182856 0.06269854
0.82107234 -0.05228559 -0.56842464 0.12029751 0.98928154 0.08276876
0.81313008 -0.04096442 -0.58063883 0.05401221 0.99852681 0.00519233
0.82862043 -0.03556713 -0.55867982 0.04615587 0.99892247 0.00486307
0.81421274 -0.03298962 -0.57962871 0.04543468 0.99894309 0.00696780
0.72129309 -0.02461623 -0.69219244 0.05373709 0.99834484 0.02049243
0.84748834 -0.02076981 -0.53040755 0.03627741 0.99916416 0.01883879
0.95214641 -0.03920194 -0.30311805 0.04895905 0.99849647 0.02465435
0.94580537 -0.02671787 -0.32363302 0.05928021 0.99406868 0.09117779
0.76712227 -0.06840627 -0.63784319 0.18908571 0.97423595 0.12292676
0.81307375 -0.08004194 -0.57663196 0.17109498 0.97961450 0.10527094
0.80364686 -0.08318847 -0.58926350 0.18762454 0.97509974 0.11822695
0.95348072 -0.13697806 -0.26853612 0.16056290 0.98469287 0.06782074
0.80342293 -0.08563609 -0.58921820 0.18987451 0.97478479 0.11722784
0.24616230 0.91273081 -0.32607767 -0.96226591 0.18989427 -0.19489604
0.23503518 0.93684775 -0.25898808 -0.95227802 0.16855931 -0.25446889
0.24372251 0.92989451 -0.27549157 -0.95573127 0.18199804 -0.23120219
0.22938144 0.95183825 -0.20344074 -0.93904394 0.16141991 -0.30354583
0.94334865 -0.13376525 0.30364496 0.18702252 0.97027367 -0.15359561
0.94847882 -0.13426949 0.28698379 0.16015820 0.98470384 -0.06861352
0.87258744 -0.10125968 0.47784680 0.17730269 0.97721404 -0.11668954
0.60609221 -0.02363222 0.79504329 0.18645139 0.97592902 -0.11313014
0.60433030 -0.02396213 0.79637355 0.22916611 0.96253562 -0.14494157
0.69095558 -0.02774953 0.72236449 0.24371557 0.94970369 -0.19663590
0.70009619 -0.01965046 0.71377808 0.26874760 0.93336928 -0.23790032
0.71024430 -0.02199937 0.70361143 0.25492731 0.93970805 -0.22794928
0.76639491 -0.04738398 0.64061970 0.30938259 0.90121645 -0.30346557
0.80520326 -0.06222970 0.58972472 0.30383149 0.89732057 -0.32015970
0.28551757 0.87838852 -0.38329273 -0.84461480 0.04163143 -0.53375340
0.85422176 -0.06209696 0.51618719 0.26494184 0.90624857 -0.32942277
0.28246710 0.87595212 -0.39105007 -0.93081546 0.15171540 -0.33251324
0.27374455 0.88913828 -0.36673844 -0.94152892 0.16985233 -0.29098725
0.27843368 0.89122599 -0.35803762 -0.93649119 0.16916475 -0.30719304
0.28381020 0.89220238 -0.35132146 -0.94452220 0.19695312 -0.26284480
0.29179928 0.86866516 -0.40034249 -0.92746294 0.15465494 -0.34043267
0.30019468 0.84412128 -0.44423249 -0.93443704 0.16669376 -0.31470737
0.29331204 0.85450596 -0.42870459 -0.94965279 0.20876732 -0.23361465
0.30775589 0.83141512 -0.46263939 -0.92903084 0.15761733 -0.33475155
0.31259382 0.81103319 -0.49447984 -0.93265575 0.16335346 -0.32166597
0.28640497 0.86259377 -0.41701818 -0.95226240 0.20827046 -0.22320341
0.26421580 0.90449274 -0.33478788 -0.92389005 0.13773933 -0.35700849
0.23105812 0.95149851 -0.20313227 -0.94966578 0.17516765 -0.25971377
0.87714988 -0.11535418 0.46615613 0.25605747 0.93356061 -0.25079712
0.63557333 -0.03859953 0.77107507 0.22454792 0.96481442 -0.13678990
0.61719722 -0.03701180 0.78593755 0.15901579 0.98414797 -0.07852917
0.52578688 -0.02699798 0.85018778 0.10982262 0.99328536 -0.03637619
0.62711364 -0.04621791 0.77755547 0.14657611 0.98740679 -0.05952500
0.58101219 -0.04358765 0.81272697 0.09746376 0.99510550 -0.01630723
0.63755089 -0.05391692 0.76851928 0.06538594 0.99773568 0.01575494
0.83762026 -0.08841141 0.53905076 0.05556175 0.99548668 0.07693661
0.82021087 -0.09036783 0.56487852 0.06232938 0.99568260 0.06878372
0.92281139 -0.09525410 0.37329057 0.08050417 0.99523878 0.05494490
0.91721237 -0.08762081 0.38864395 0.07726575 0.99611592 0.04222728
0.92599732 -0.08378178 0.36811629 0.05879866 0.99517161 0.07858889
0.77834225 -0.09077679 0.62124318 -0.04591437 0.97861284 0.20052122
0.84402573 -0.05686876 0.53327906 -0.00501488 0.99348164 0.11388176
0.84843969 -0.04813919 0.52709848 -0.06140330 0.98017949 0.18835576
0.87039697 -0.03897713 0.49080545 -0.06242385 0.98008049 0.18853551
0.97004169 -0.04090987 0.23946910 0.00062064 0.98613358 0.16595271
0.05101287 0.99462867 0.09006399 -0.99867123 0.05014291 0.01189723
0.05263424 0.99620897 0.06926277 -0.99790674 0.04986058 0.04118380
0.06434597 0.99550033 0.06956124 -0.99705303 0.06121545 0.04623752
0.98670113 -0.08963089 0.13559966 0.08009480 0.99401969 0.07422772
0.97180820 -0.09926445 0.21385849 0.08080343 0.99234235 0.09342102
0.92136002 -0.09763350 0.37624925 0.11421856 0.99321276 -0.02196836
0.92224222 -0.10087480 0.37322062 0.12041228 0.99229020 -0.02934515
0.92362267 -0.10985193 0.36722437 0.12410690 0.99215007 -0.01535393
0.93070322 -0.11308889 0.34785420 0.16212952 0.98002476 -0.11517632
0.94739139 -0.11936612 0.29698700 0.15092811 0.98482847 -0.08563619
0.93001980 -0.10501577 0.35218602 0.17205526 0.97121316 -0.16474836
0.92935437 -0.10533506 0.35384318 0.14135304 0.98692399 -0.07746193
0.98710406 -0.13205236 -0.09048623 0.13710128 0.98918939 0.05203475
0.97108334 -0.11197750 0.21085116 0.10731937 0.99366200 0.03344409
0.95049608 -0.12136023 0.28605756 0.17038798 0.97339636 -0.15319121
0.96944630 -0.13500184 0.20481324 0.16533862 0.97639006 -0.13901667
0.88226825 -0.10000345 0.46000236 0.11110369 0.99380445 0.00295786
0.78449726 -0.09157429 0.61333382 -0.07544616 0.96759599 0.24096863
0.85099846 -0.08679044 0.51794702 0.08630100 0.99595302 0.02509362
0.91774428 -0.10355079 0.38343543 0.19966938 0.95483738 -0.22004037
0.83565390 -0.08169483 0.54314679 0.19642347 0.96792990 -0.15661907
0.24089497 0.93993813 -0.24183866 -0.92802918 0.15012795 -0.34091556
0.25867659 0.90425754 -0.33971277 -0.95876086 0.19747819 -0.20440152
0.28017715 0.85103512 -0.44411722 -0.94822317 0.17326584 -0.26618004
0.29351467 0.86088175 -0.41561010 -0.94881517 0.20931450 -0.23651049
0.30750045 0.81313390 -0.49422345 -0.94291717 0.19059148 -0.27309722
0.31333724 0.80314696 -0.50672954 -0.93993437 0.18619007 -0.28610617
0.32583922 0.75885022 -0.56389284 -0.94539219 0.25653881 -0.20105112
0.33763531 0.75563920 -0.56125909 -0.93228883 0.18625370 -0.31007609
0.33438885 0.77456951 -0.53686696 -0.91591901 0.13291650 -0.37871584
0.30650353 0.83482742 -0.45729500 -0.90802288 0.11230335 -0.40358692
0.30475971 0.84410250 -0.44114900 -0.90298194 0.10877152 -0.41568306
0.36251849 0.74498492 -0.55998021 -0.87094283 0.05694231 -0.48807395
0.72827148 -0.02305119 0.68490100 0.31475744 0.89902693 -0.30443117
0.28950199 0.87751412 -0.38230556 -0.86121154 0.06448592 -0.50413918
0.29497060 0.86519700 -0.40549535 -0.90924633 0.12371406 -0.39744937
0.28479859 0.89100850 -0.35354438 -0.94453216 0.19791277 -0.26208717
0.98072779 -0.19402322 -0.02297967 0.19423357 0.98092830 0.00728305
0.24110518 0.97015035 -0.02601075 -0.97049892 0.24100667 -0.00690479
0.26519114 0.94996321 -0.16505641 -0.96335554 0.25390336 -0.08648250
0.87847245 -0.11784190 0.46303302 0.25843495 0.93230057 -0.25303575
0.95645720 -0.14707321 0.25210953 0.18559906 0.97310585 -0.13644768
0.90405178 -0.11959118 0.41035149 0.14029028 0.98989642 -0.02058428
0.89044052 -0.11635424 0.43997434 0.15612891 0.98619443 -0.05517505
0.88162279 -0.10441897 0.46025860 0.21533819 0.95678812 -0.19541232
0.87464440 -0.10074414 0.47418115 0.17540437 0.97765917 -0.11582705
0.85270900 -0.09505371 0.51366550 0.14875737 0.98677832 -0.06434111
0.80425072 -0.07313740 0.58977270 0.17606615 0.97716922 -0.11891648
0.80681574 -0.07281920 0.58629841 0.19716515 0.96866983 -0.15101215
0.82919711 -0.08404419 0.55260187 0.20556299 0.96519965 -0.16165856
0.82863718 -0.08524062 0.55325800 0.20348392 0.96659577 -0.15584254
0.80305499 -0.06810693 0.59200013 0.25982925 0.93405712 -0.24500231
0.76498854 -0.05084104 0.64203411 0.26630765 0.93263614 -0.24345449
0.77160579 -0.05956845 0.63330573 0.24541664 0.94640052 -0.20999222
0.71600562 -0.03662643 0.69713300 0.23118661 0.95471293 -0.18728590
0.77257508 -0.05448855 0.63258100 0.20459267 0.96453279 -0.16678844
