0.93075007 -0.12986739 0.34181696 0.16765033 0.98232210 -0.08328710
0.93944836 -0.12062658 0.32075858 0.15223426 0.98547453 -0.07526467
0.95085675 -0.12355723 0.28391042 0.15853101 0.98190147 -0.10362157
0.97185618 -0.11409272 0.20610304 0.13971078 0.98357177 -0.11431379
-0.02268032 0.97313893 -0.22909883 -0.98207337 -0.06457986 -0.17709143
0.98574096 -0.11903982 0.11893011 0.12869741 0.98868209 -0.07710221
0.97270757 -0.11790850 0.19984408 0.12422651 0.99206561 -0.01933056
0.97146440 -0.11994565 0.20462173 0.12742920 0.99156338 -0.02374735
0.98352951 -0.12109715 0.13418365 0.12500519 0.99193251 -0.02106129
0.96341974 -0.11324990 0.24289276 0.11603167 0.99324137 0.00287076
0.98922068 -0.11621853 0.08908242 0.12142214 0.99105418 -0.05539187
0.98864448 -0.11316505 0.09887325 0.11857442 0.99165273 -0.05064569
0.98767078 -0.11301487 0.10832409 0.11700972 0.99263930 -0.03124030
0.97794074 -0.10617366 0.17988618 0.11100174 0.99367547 -0.01696050
0.94420993 -0.11786393 0.30753180 0.09527836 0.99159712 0.08750562
0.83819532 -0.13670622 0.52795851 0.11302756 0.99059951 0.07705519
0.88088071 -0.13891731 0.45249444 0.16112882 0.98687541 -0.01069897
0.79241610 -0.13287669 0.59533238 0.14840205 0.98865646 0.02313538
0.83387750 -0.14681447 0.53206557 0.19923161 0.97904801 -0.04209319
0.81486279 -0.14715077 0.56066519 0.18846428 0.98194659 -0.01619204
0.74415225 -0.15098141 0.65072429 0.25825348 0.96340519 -0.07180245
0.66080302 -0.18698893 0.72689384 -0.05132077 0.95494610 0.29230851
0.72859883 -0.12385889 0.67364889 0.16178931 0.98680425 0.00644995
0.77130556 -0.12814166 0.62343198 0.13987124 0.98970360 0.03037827
0.61420417 -0.12320042 0.77947098 0.05276448 0.99193937 0.11520529
0.95754761 -0.12753385 0.25852999 0.13358717 0.99101949 -0.00590856
0.98548985 -0.13676289 0.10052756 0.13560174 0.99059397 0.01832672
0.93796897 -0.12444882 0.32361513 0.15895930 0.98384184 -0.08238471
0.94318187 -0.12315069 0.30861282 0.16546516 0.97950822 -0.11482551
0.89613134 -0.16324960 0.41267216 0.20784377 0.97598338 -0.06524891
0.89234769 -0.17133634 0.41756380 0.15920247 0.98516828 0.06401692
0.76884604 -0.09920173 0.63169211 0.28799576 0.93574327 -0.20357549
0.85524398 -0.17621918 0.48734441 0.18300787 0.98251957 0.03410814
0.83194536 -0.17462641 0.52666175 0.18834406 0.98170429 0.02798669
0.81114751 -0.17263725 0.55878085 0.18170190 0.98254806 0.03979621
0.78583229 -0.18186510 0.59109455 0.12938128 0.98297912 0.13043195
0.74891561 -0.18952303 0.63498539 0.13520193 0.98177391 0.13356836
0.65411246 -0.19463356 0.73092729 0.18888763 0.97774345 0.09131954
0.68406141 -0.19838685 0.70192790 0.23011577 0.97185636 0.05041857
0.52057821 -0.20051995 0.82993388 0.09334642 0.97957087 0.17812191
0.74063802 -0.18989101 0.64451289 0.12815195 0.98154688 0.14192532
0.43852103 -0.18537760 0.87939435 0.27317005 0.95969313 0.06608504
0.69676310 -0.18773714 0.69229764 0.12567988 0.98216391 0.13985248
0.72233599 -0.18534997 0.66624033 0.13400914 0.98266727 0.12808850
0.71623933 -0.18430436 0.67307734 0.13484758 0.98286891 0.12563768
0.70308042 -0.18434177 0.68680131 0.13091794 0.98286134 0.12978511
0.70624572 -0.18784936 0.68259037 0.06151415 0.97679174 0.20516787
0.65036225 -0.20053521 0.73267639 0.05437715 0.97434068 0.21841124
0.37593195 -0.29767603 0.87753302 -0.13589323 0.91904914 0.36997527
0.75337911 -0.18489709 0.63105714 0.08239698 0.97863597 0.18836772
0.80517858 -0.18042059 0.56492120 0.07058264 0.97498161 0.21078181
0.82986414 -0.17529292 0.52971494 0.03596430 0.96419901 0.26272953
0.81802124 -0.18062241 0.54609233 -0.02086523 0.93947208 0.34198964
0.81210029 -0.18247469 0.55425280 -0.03055023 0.93524849 0.35267121
0.79053199 -0.18165244 0.58486032 -0.05579381 0.92966384 0.36415958
0.90672171 -0.13822384 0.39843449 0.02051690 0.95810199 0.28569171
0.91874540 -0.13250686 0.37195271 0.02277222 0.95822287 0.28511482
-0.12036965 0.74934226 0.65115082 -0.93698674 0.13094339 -0.32389763
0.94890815 -0.12761688 0.28859565 0.04665339 0.96125877 0.27167103
0.09712265 0.96720749 0.23468477 -0.99422616 0.10509436 -0.02167238
0.09168210 0.94189763 0.32314608 -0.98958957 0.12233326 -0.07581013
0.10267423 0.94695878 0.30451131 -0.97854799 0.04118770 0.20185985
0.09292300 0.96807224 0.23281230 -0.99265063 0.07186691 0.09736473
0.10724073 0.94220233 0.31741807 -0.97800922 0.04253039 0.20417923
0.10352325 0.96417379 0.24423736 -0.99371922 0.08977303 0.06680492
0.11303594 0.98424727 0.13594194 -0.99217147 0.11912376 -0.03748801
0.95306420 -0.13423800 0.27138320 0.11325277 0.98933136 0.09163687
0.95513976 -0.13371511 0.26425052 0.11504829 0.98971921 0.08496940
0.95310402 -0.13620590 0.27026060 0.11042541 0.98794681 0.10847785
0.85351771 -0.16018020 0.49583259 0.13499111 0.98706371 0.08650253
0.89088696 -0.16292988 0.42399809 0.14465488 0.98662156 0.07518654
0.86214191 -0.16824709 0.47791657 0.15591578 0.98558289 0.06570166
0.63495421 -0.20106854 0.74592531 -0.04036563 0.95558339 0.29194358
0.86264282 -0.17189306 0.47571018 0.15928118 0.98495269 0.06706551
0.83823276 -0.17260322 0.51727557 0.16028149 0.98466867 0.06882951
0.78707808 -0.17404450 0.59179109 0.14288376 0.98471838 0.09956916
0.82017082 -0.17386860 0.54505926 0.18464467 0.98216546 0.03545953
0.77612001 -0.17186415 0.60671294 0.17759970 0.98276997 0.05120090
0.94301486 -0.13575451 0.30379891 0.14350724 0.98964405 -0.00322845
0.88816392 -0.12141643 0.44319627 0.17129053 0.98242831 -0.07412321
0.92241800 -0.13143261 0.36313987 0.14627588 0.98915106 -0.01355065
0.21924840 0.94942725 -0.22476231 -0.94315398 0.14726485 -0.29794917
0.97917879 -0.11996903 0.16375721 0.12074183 0.99267006 0.00526272
0.08688493 0.96371710 0.25238946 -0.99202800 0.10690943 -0.06671499
0.97594458 -0.13033424 0.17477173 0.14899531 0.98394597 -0.09823862
0.14689521 0.98784405 -0.05085273 -0.98733854 0.14332032 -0.06798461
0.97898501 -0.12247285 0.16306093 0.12360743 0.99232602 0.00320850
0.97736168 -0.12405584 0.17138951 0.12521707 0.99212110 0.00406118
0.97913688 -0.12390925 0.16105126 0.12409123 0.99223030 0.00896736
0.96905667 -0.11321481 0.21934357 0.13544691 0.98677218 -0.08907728
0.98079699 -0.12517579 0.14956015 0.13582303 0.98871559 -0.06319565
0.12035355 0.98858541 0.09063045 -0.99138826 0.12443577 -0.04080617
0.93269724 -0.12291329 0.33906966 0.07633916 0.98611492 0.14747797
0.78540206 -0.11865700 0.60750645 0.12079167 0.99196607 0.03758594
0.02421912 0.94899625 0.31435585 -0.96317428 0.10637961 -0.24693865
0.92264038 -0.12560131 0.36463556 0.07066642 0.98453206 0.16032128
0.96641630 -0.10895396 0.23274143 0.09960727 0.99368924 0.05157767
0.03244456 0.95694292 0.28845745 -0.99615496 0.05446020 -0.06862535
0.88708502 -0.21773463 0.40702811 -0.02017468 0.86263478 0.50542492
0.88178957 -0.22598296 0.41397938 0.00256871 0.88002676 0.47491726
0.95491737 -0.13617796 0.26379624 0.06460739 0.96261579 0.26305279
-0.01347260 0.91552597 0.40203315 -0.92864197 0.13761741 -0.34450775
-0.01217412 0.91714227 0.39837399 -0.93087083 0.13509099 -0.33945534
0.95187998 -0.12600060 0.27937132 0.13616872 0.99053621 -0.01721054
0.14189187 0.98340750 -0.11303287 -0.98245543 0.12594479 -0.13754740
0.94962138 -0.13517447 0.28274909 0.14408365 0.98950601 -0.01085406
0.93965125 -0.13255340 0.31541279 0.14624685 0.98904520 -0.02003646
0.89328390 -0.12872224 0.43066746 0.14785215 0.98894733 -0.01108614
0.12619923 0.98474652 -0.11978314 -0.99194252 0.12391380 -0.02637009
0.92159271 -0.13293807 0.36468387 0.14482942 0.98944235 -0.00531745
0.94789839 -0.13059853 0.29057315 0.14017542 0.99005038 -0.01229612
0.12051041 0.98818564 0.09469071 -0.99086517 0.12555358 -0.04921981
0.10005394 0.96110427 0.25742528 -0.98661989 0.12930751 -0.09930172
0.10022517 0.97390205 0.20364134 -0.99394786 0.10725456 -0.02375183
0.11398152 0.95239437 0.28275993 -0.95994633 0.03225350 0.27832124
0.92792809 -0.00022118 -0.37275928 0.10385036 0.96056080 0.25794986
0.88159120 -0.16391601 0.44263825 0.07755286 0.97532225 0.20671742
0.87325138 -0.16533059 0.45836437 0.08526532 0.97801179 0.19032285
0.79491293 -0.17613633 0.58059412 0.12491833 0.98394436 0.12747143
0.73788160 -0.17456704 0.65196407 0.13719666 0.98459953 0.10835525
0.76517344 -0.18214165 0.61752260 0.13996875 0.98326844 0.11658484
0.70946836 -0.18509108 0.67999703 0.11826355 0.98248023 0.14403607
0.78793275 -0.18333882 0.58783412 0.15936618 0.98283678 0.09292135
0.44431046 -0.19765055 0.87379777 0.11685631 0.97981226 0.16221140
0.65549105 -0.17907968 0.73366338 -0.00353484 0.97074026 0.24010593
0.77049190 -0.18057849 0.61133772 0.13968328 0.98355657 0.11447734
0.83966231 -0.18273309 0.51144481 0.17043996 0.98278379 0.07131778
0.81065720 -0.18116587 0.55678892 0.14179729 0.98336577 0.11351394
0.81509137 -0.17786872 0.55135185 0.14538550 0.98404837 0.10252786
0.80429155 -0.17612034 0.56753564 0.14753883 0.98434901 0.09638099
0.77253377 -0.16956562 0.61191428 0.08242308 0.98231012 0.16814677
0.92240912 -0.13090636 0.36335251 0.11584754 0.99126482 0.06303529
0.91591179 -0.13241746 0.37890789 0.11808538 0.99113232 0.06093145
0.83610058 -0.17462009 0.52004206 0.11585999 0.98281080 0.14373431
0.78889734 -0.17443694 0.58924770 0.23788938 0.97079408 -0.03110401
0.29082355 -0.14760007 0.94532323 0.32681224 0.94392788 0.04684019
-0.28715962 0.10903893 -0.95165640 -0.38137990 -0.92437291 0.00916747
0.75091022 -0.16599301 0.63920277 0.21469179 0.97668087 0.00142036
0.79392320 -0.16236858 0.58593726 0.22920461 0.97251141 -0.04107190
0.78643155 -0.16679753 0.59473020 0.24095963 0.96940857 -0.04674942
0.94048637 -0.20682363 0.26964694 0.21657109 0.97624475 -0.00657038
0.82979667 -0.17184557 0.53094882 0.21834105 0.97553945 -0.02549496
0.95465499 -0.21050385 0.21052785 0.22739536 0.97199810 -0.05925485
0.80548722 -0.16859050 0.56812638 0.28223503 0.95210820 -0.11761520
0.88947231 -0.16931565 0.42446592 0.21706334 0.97389805 -0.06637906
