-0.51400709 0.85265619 -0.09367064 -0.17110790 -0.20892486 -0.96284610
-0.57791281 0.81267893 -0.07463080 -0.13336043 -0.18426128 -0.97378784
-0.65288270 0.75563151 -0.05258619 -0.30339259 -0.32448682 -0.89591366
-0.61175483 0.78779608 -0.07164787 -0.03133853 -0.11463828 -0.99291289
-0.61567152 0.75207382 -0.23523113 0.33189672 -0.02325627 -0.94302905
-0.66711062 0.69810313 -0.26002991 0.42154694 0.06595910 -0.90440458
-0.60805303 0.76115781 -0.22563337 0.38718572 0.03620203 -0.92129076
-0.59711498 0.77298170 -0.21436676 0.33220187 -0.00495100 -0.94319534
-0.68829000 0.68369621 -0.24252108 0.31479701 -0.01970156 -0.94895458
-0.71075040 0.65389776 -0.25932920 0.33594266 -0.00837532 -0.94184524
-0.66983908 0.67915088 -0.30011639 0.37934241 -0.03444563 -0.92461503
-0.65129364 0.68269938 -0.33126765 0.41489995 -0.04513940 -0.90874666
-0.59946346 0.73977679 -0.30557162 0.40282273 -0.05105589 -0.91385293
-0.38552603 0.88176179 -0.27178279 0.49142912 -0.05307755 -0.86929876
-0.59305280 0.70022517 -0.39745826 0.51271141 -0.05219193 -0.85697317
-0.57292193 0.69054568 -0.44148284 0.58218533 -0.03627035 -0.81224674
-0.56183463 0.70215684 -0.43739879 0.58404171 -0.03777978 -0.81084400
-0.77986491 0.40164465 -0.48009613 0.51262754 -0.03032161 -0.85807556
-0.77867609 0.45341814 -0.43367687 0.47236988 -0.03127168 -0.88084549
-0.82267886 0.39484850 -0.40901610 0.43838650 -0.01746850 -0.89861679
-0.57329398 0.76962417 -0.28109178 0.33828428 -0.09013139 -0.93671775
-0.65599644 0.65107310 -0.38180164 0.46239096 -0.05314159 -0.88508230
-0.88729835 0.33414355 -0.31788331 0.33300367 -0.01268780 -0.94284022
-0.89514297 0.43695399 -0.08826320 0.11582242 0.03677395 -0.99258900
-0.92618495 0.36580232 -0.09148851 0.09912392 0.00210314 -0.99507290
-0.77172315 0.62028778 0.14030886 -0.08121803 0.12269130 -0.98911601
-0.76154798 0.63416868 0.13369663 -0.04989152 0.14831211 -0.98768133
-0.76133621 0.64835149 0.00276452 0.08054823 0.09881408 -0.99184060
-0.71268100 0.70135498 0.01367352 0.09843880 0.11928973 -0.98796749
-0.73807341 0.65900022 0.14479770 -0.05095009 0.15955575 -0.98587328
-0.70482570 0.68489277 0.18477717 -0.13036112 0.13098788 -0.98277581
-0.64287961 0.74108261 0.19365562 -0.15252900 0.12390229 -0.98050147
-0.65118045 0.72831309 0.21336377 -0.16593188 0.13770567 -0.97647518
-0.52748185 0.82773304 0.19136618 -0.28096023 0.04261670 -0.95877272
-0.65833896 0.71824813 0.22518763 -0.28523386 0.03881017 -0.95767194
-0.68831843 0.68295199 0.24452898 -0.25126413 0.09176110 -0.96355915
-0.54622352 0.80685616 0.22499582 -0.04070122 0.24272390 -0.96924126
-0.56827515 0.78576040 0.24422121 -0.04913654 0.26386774 -0.96330649
-0.48412034 0.84379697 0.23159057 -0.27708343 0.10321616 -0.95528597
-0.52214617 0.82129061 0.22988090 0.08033651 0.31570816 -0.94544935
-0.69007075 0.68103307 0.24494161 -0.25950643 0.08310172 -0.96215934
-0.61252898 0.75916791 0.22016430 -0.44638413 -0.10235433 -0.88896841
0.54061121 0.13997178 0.82954657 -0.50613672 0.84175479 0.18781498
-0.61823595 0.72460699 0.30451447 -0.62290967 -0.21542072 -0.75204891
-0.48387107 0.85515654 0.18594640 -0.11421627 0.14894994 -0.98222631
-0.58943576 0.78361893 0.19623189 -0.15098172 0.13176975 -0.97971487
-0.43104741 0.87970203 0.20080459 0.03891570 0.24045725 -0.96987933
-0.54714918 0.81488985 0.19126511 -0.18292488 0.10656980 -0.97733384
-0.63991761 0.73233467 0.23279050 -0.33475178 0.00701909 -0.94228017
-0.59988153 0.77345163 0.20473118 -0.29997718 0.01979403 -0.95374101
-0.43458170 0.89113498 0.13045023 -0.25296220 0.01823779 -0.96730429
-0.61911076 0.75886929 0.20203781 -0.31597477 -0.00519109 -0.94875342
-0.65896076 0.71135563 0.24442576 -0.36716852 -0.02059683 -0.92992640
-0.66823095 0.70189679 0.24659364 -0.42003065 -0.08236969 -0.90376413
-0.67326999 0.69382191 0.25557533 -0.40534630 -0.05726065 -0.91236818
-0.69299036 0.66461861 0.27936789 -0.44276434 -0.08652884 -0.89245307
-0.75014609 0.57990116 0.31779772 -0.42992777 -0.06254523 -0.90069431
-0.71633571 0.63595581 0.28709486 -0.46046677 -0.12171998 -0.87929213
-0.73486489 0.60431266 0.30786344 -0.40965861 -0.03374223 -0.91161466
-0.72426903 0.63604367 0.26623845 -0.36468086 -0.02565525 -0.93077910
-0.75442654 0.61369091 0.23286064 -0.31313187 -0.02470268 -0.94938833
-0.72268552 0.65774417 0.21236342 -0.30388212 -0.02640577 -0.95234364
-0.75644773 0.61418933 0.22485167 -0.29731441 -0.01669161 -0.95463377
-0.52420491 0.84029651 0.13824214 -0.22241169 0.02160805 -0.97471339
-0.63709795 0.75227112 0.16791207 -0.23977692 0.01360729 -0.97073269
-0.72905093 0.64643520 0.22495849 -0.25975159 0.04277546 -0.96472764
-0.68131024 0.69887877 0.21768056 -0.25374442 0.05345103 -0.96579337
-0.75855821 0.62771589 0.17482077 -0.20579648 0.02376811 -0.97830611
-0.77939034 0.60956538 0.14484785 -0.16090536 0.02869574 -0.98655266
-0.91658223 0.38425002 0.11058470 -0.11246919 0.01764080 -0.99349868
-0.86806160 0.48536909 0.10433546 -0.09952269 0.03576363 -0.99439240
-0.76203591 0.63075280 0.14646585 -0.12681854 0.07643414 -0.98897672
-0.71155316 0.66689706 0.22122510 -0.27326736 0.02740193 -0.96154779
-0.69997233 0.68051296 0.21665859 -0.26672205 0.03232021 -0.96323144
-0.67575753 0.67440200 0.29754630 -0.47733894 -0.09277415 -0.87380809
-0.73803794 0.57479364 0.35342935 -0.49870944 -0.11184146 -0.85952336
-0.65986180 0.69315702 0.29002717 -0.51448637 -0.13549048 -0.84672672
-0.78373963 0.49198169 0.37908623 -0.46301633 -0.05600330 -0.88457876
-0.68571705 0.65914172 0.30874658 -0.51313692 -0.13693857 -0.84731245
-0.72491145 0.57354736 0.38150597 -0.58375770 -0.21748218 -0.78225863
-0.61366087 0.74846828 0.25142702 -0.60877836 -0.24573703 -0.75432247
-0.65107208 0.68171996 0.33371097 -0.65749121 -0.28688446 -0.69670850
-0.62012094 0.73368239 0.27777722 -0.68519276 -0.33409548 -0.64721805
-0.57319725 0.74775320 0.33512709 -0.75756782 -0.32770890 -0.56453341
-0.53186554 0.81195474 0.24051736 -0.77776712 -0.35603005 -0.51799703
-0.53856063 0.82163483 0.18673159 -0.75740802 -0.37497959 -0.53453106
0.84170103 0.38520193 0.37836349 -0.42326051 0.90580016 0.01940681
-0.48909819 0.85968655 0.14738399 -0.83022678 -0.40704754 -0.38083586
-0.49007401 0.85804152 0.15359758 -0.82981128 -0.40527913 -0.38361698
-0.54128951 0.78020483 0.31350607 -0.81195766 -0.38813075 -0.43598092
-0.52091193 0.78961098 0.32429212 -0.82518429 -0.36858591 -0.42803666
-0.51932037 0.79446846 0.31484315 -0.83925116 -0.40466538 -0.36318520
-0.50374430 0.83934283 0.20431659 -0.85578012 -0.45261863 -0.25055307
-0.51128423 0.76968002 0.38233632 -0.85894895 -0.47225127 -0.19795324
0.77204102 0.62511164 -0.11483955 -0.59871185 0.77593410 0.19867167
0.68264359 0.63442540 -0.36263242 -0.58569092 0.77176917 0.24766618
0.77296805 0.57306999 -0.27223378 -0.61867344 0.77591592 -0.12327877
0.78684890 0.61600351 -0.03753126 -0.60653436 0.78311718 0.13727203
-0.50871414 0.79538065 0.32951424 -0.86093479 -0.47046632 -0.19352700
0.81765312 0.54309624 -0.19102325 -0.44809493 0.80867648 0.38112110
0.74860883 0.56158459 -0.35243094 -0.47935840 0.82567245 0.29745680
0.81989306 0.53562093 -0.20220178 -0.41627476 0.80019397 0.43174636
0.81847101 0.53600937 -0.20687954 -0.48845771 0.83874524 0.24065638
0.84562898 0.52044332 -0.11853443 -0.44553748 0.81051582 0.38021120
0.77660245 0.52477074 -0.34857476 -0.50027299 0.84998918 0.16506132
-0.41036224 0.82868272 0.38064128 -0.90752631 -0.33016974 -0.25958437
-0.52484518 0.75432247 0.39437956 -0.85011989 -0.44121379 -0.28744861
-0.51012701 0.82455510 0.24470249 -0.85309976 -0.44884375 -0.26600784
-0.52630901 0.76457024 0.37206346 -0.84175235 -0.40663037 -0.35511237
-0.53507233 0.73368573 0.41881132 -0.82969761 -0.36304325 -0.42403007
-0.53273040 0.71593654 0.45125738 -0.83244330 -0.34726048 -0.43179661
-0.52207500 0.35814422 0.77406102 -0.84558678 -0.33593810 -0.41488385
-0.50385791 0.74346536 0.43975735 -0.85839748 -0.37418726 -0.35090965
-0.48894519 0.73064226 0.47654432 -0.85599619 -0.50704801 -0.10086055
-0.54932290 0.64868301 0.52673966 -0.80782121 -0.25104395 -0.53329349
-0.49274018 0.81890285 0.29428747 -0.83024859 -0.34116077 -0.44079101
-0.54558408 0.72208977 0.42535225 -0.79233485 -0.27909112 -0.54250687
-0.58407879 0.66659731 0.46314150 -0.75730330 -0.24216652 -0.60650396
-0.60474694 0.70625913 0.36807513 -0.68534786 -0.22607540 -0.69223428
-0.71531540 0.49675691 0.49148402 -0.67650664 -0.31603152 -0.66517889
-0.66922927 0.64546156 0.36811918 -0.63887674 -0.24685019 -0.72862995
-0.51782894 0.78508341 0.33984885 -0.82752925 -0.35896176 -0.43167329
-0.49238110 0.86411148 0.10427003 -0.85409218 -0.45662007 -0.24904758
-0.56748122 0.81075799 0.14365405 -0.70893002 -0.39236686 -0.58606023
-0.61945540 0.75055778 0.23008275 -0.66380036 -0.34432328 -0.66393572
-0.61144149 0.76444513 0.20436025 -0.64960736 -0.33746365 -0.68126988
0.43495101 0.44626504 0.78209031 -0.70703161 0.70710737 -0.01027146
0.42814142 0.44577202 0.78611851 -0.68550462 0.72702730 -0.03891966
0.51086700 0.49446774 0.70321870 -0.56674612 0.80879873 -0.15698239
-0.58668810 0.80100721 0.11909916 -0.68582106 -0.41324896 -0.59906161
0.43363303 0.43961537 0.78657538 -0.68163013 0.73096341 -0.03275645
-0.49110633 0.86732513 0.08100425 -0.43642899 -0.16450451 -0.88457227
-0.58328724 0.79360390 0.17311546 -0.44666979 -0.13537455 -0.88439804
-0.72289574 0.61980128 0.30539843 -0.61142421 -0.36793375 -0.70056063
-0.73274469 0.59799129 0.32479477 -0.61559635 -0.37905252 -0.69091266
-0.70142317 0.64656669 0.29992849 -0.47468287 -0.10986346 -0.87327325
0.50970489 0.14596049 0.84787762 -0.49351811 0.85684681 0.14917581
-0.68991828 0.66332972 0.28983864 -0.49105203 -0.13467517 -0.86065704
-0.65872723 0.72853571 0.18792050 -0.63889748 -0.40973192 -0.65109891
0.58933914 0.34950465 0.72837216 -0.47787178 0.87775075 -0.03452824
-0.54087871 0.83289909 0.11717212 -0.45667163 -0.17381756 -0.87248987
-0.63610989 0.73098677 0.24702753 -0.58604014 -0.24945097 -0.77092880
0.69398904 0.40247157 0.59698898 -0.56264877 0.82051504 0.10090318
-0.52266055 0.81121397 0.26221707 -0.80915171 -0.37514216 -0.45226306
-0.53772074 0.73574239 0.41175193 -0.80022919 -0.29157799 -0.52403760
-0.56956428 0.80600655 0.16108993 -0.67219192 -0.34397003 -0.65562385
-0.63030577 0.70995861 0.31412339 -0.66548133 -0.28571856 -0.68956476
-0.68317938 0.65532339 0.32220697 -0.61270005 -0.27432457 -0.74117798
-0.67458874 0.64108479 0.36597863 -0.59198022 -0.17362368 -0.78702879
-0.63716698 0.73610872 0.22839072 -0.48284578 -0.15027291 -0.86271548
-0.66985303 0.68824047 0.27860731 -0.48419654 -0.12043893 -0.86663043
-0.65486020 0.70107281 0.28223246 -0.51001042 -0.13436286 -0.84960938
-0.63626152 0.72583467 0.26141044 -0.52344227 -0.15724567 -0.83742583
-0.54219347 0.81874436 0.18890209 -0.48844725 -0.12418526 -0.86371136
0.54239184 0.12697227 0.83047521 -0.48001999 0.85810494 0.18230931
0.67014015 0.23382039 0.70444316 -0.51843107 0.82665300 0.21880139
-0.58521712 0.79318398 0.16846381 -0.62864769 -0.31257683 -0.71210808
-0.60596567 0.77158922 0.19353491 -0.60792458 -0.29225963 -0.73824936
-0.54607171 0.81456387 0.19568171 -0.43248627 -0.07406441 -0.89859343
-0.71779424 0.64218849 0.26900819 -0.37010378 -0.02466635 -0.92866290
-0.70493340 0.67483753 0.21831906 -0.26610669 0.03368406 -0.96335489
-0.48711091 0.85847205 0.16046417 -0.39482427 -0.05257862 -0.91725099
-0.68881476 0.69137710 0.21801822 -0.25017649 0.05555893 -0.96660489
-0.66940272 0.71032840 0.21756274 -0.25030619 0.06007844 -0.96630090
-0.69494635 0.68473649 0.21951205 -0.26909587 0.03543651 -0.96246123
-0.58092964 0.78651023 0.20957708 -0.26641488 0.05956472 -0.96201622
-0.44511139 0.87845647 0.17375316 -0.47839791 -0.06925261 -0.87540823
-0.71503568 0.66763234 0.20734301 -0.20261103 0.08595274 -0.97547984
-0.76329750 0.61838812 0.18701094 -0.15420328 0.10671338 -0.98225951
-0.75820857 0.63444740 0.15032052 -0.12836856 0.08078108 -0.98843110
-0.95499784 0.28516260 -0.08161800 0.08289192 -0.00762065 -0.99652946
-0.75077575 0.65842986 -0.05297068 0.12109349 0.05835721 -0.99092424
-0.56334084 0.81671858 -0.12497166 0.28312734 0.04872410 -0.95784390
-0.76286483 0.64045596 -0.08861943 0.16772766 0.06366070 -0.98377579
-0.36753821 0.92987382 0.01582609 0.18687460 0.09051199 -0.97820526
-0.13791052 -0.16293900 0.97695017 -0.08668258 0.98457605 0.15197437
-0.53985006 0.80469799 -0.24702848 0.35259897 -0.05030233 -0.93442160
-0.62008792 0.74996477 -0.23031230 0.51923364 0.17224436 -0.83709520
-0.65477920 -0.08673643 0.75082695 -0.36897370 0.90366131 -0.21738151
-0.59656036 -0.04484520 0.80131435 -0.38837445 0.88987893 -0.23933423
-0.34501323 0.92866462 -0.13619053 -0.06215987 -0.16738856 -0.98392946
