0.95970005 -0.25868094 -0.10981829 0.25439081 0.96572012 -0.05167205
0.95622826 -0.26238656 -0.12954110 0.25974566 0.96496099 -0.03718247
0.95358926 -0.26436192 -0.14415398 0.26565352 0.96401066 -0.01056739
0.94789159 -0.28244793 -0.14739324 0.28165969 0.95914465 -0.02663296
0.95598477 -0.27721474 -0.09615216 0.27783915 0.96060139 -0.00710149
0.95700717 -0.27755105 -0.08427765 0.27760568 0.96062863 -0.01130582
0.90684319 -0.24943985 -0.33972827 0.30075052 0.94768399 0.10697778
0.96056038 -0.26315299 -0.08985698 0.25834709 0.96408087 -0.06168413
0.95530039 -0.27779797 -0.10114067 0.27972743 0.96006572 0.00513557
0.95281655 -0.28208721 -0.11210502 0.28444168 0.95867890 0.00525985
0.94770360 -0.28530088 -0.14304300 0.29372966 0.95499599 0.04129831
0.95227242 -0.27942556 -0.12287702 0.28690159 0.95677143 0.04770678
0.26907805 0.95875365 0.09158930 -0.96076578 0.26056153 0.09506208
0.26581115 0.95891976 0.09908231 -0.96010333 0.25406644 0.11684112
0.26835772 0.95978618 0.08243005 -0.96095502 0.26072586 0.09266873
0.17447452 0.92537272 -0.33651757 -0.94476318 0.25362489 0.20759818
0.96694601 -0.23726770 -0.09337842 0.24024084 0.97046763 0.02183890
0.95550370 -0.22372222 -0.19225259 0.18859273 0.96446782 -0.18502629
0.96591341 -0.21623853 -0.14231060 0.20243438 0.97360879 -0.10538654
0.94293439 -0.30426711 -0.13526358 0.31141871 0.94963616 0.03477919
0.92590815 -0.31643459 -0.20630884 0.32842880 0.94417602 0.02581054
0.92567021 -0.31819889 -0.20465617 0.32681963 0.94504511 0.00886775
0.91184819 -0.32767627 -0.24730772 0.33949187 0.94059306 0.00547919
0.90500957 -0.32595757 -0.27333024 0.33666959 0.94158763 -0.00815283
0.79856890 -0.28817844 -0.52843261 0.40053502 0.90975612 0.10915810
0.86998463 -0.33501077 -0.36179361 0.36138061 0.93240154 0.00561380
0.89794225 -0.35495582 -0.26020396 0.35955051 0.93259656 -0.03141779
0.86767578 -0.35261586 -0.35042945 0.38750666 0.92129612 0.03243583
0.87135261 -0.35376501 -0.33999261 0.38977396 0.91996586 0.04170338
0.87019438 -0.35648760 -0.34011531 0.40208575 0.91276306 0.07204631
0.81994921 -0.32809395 -0.46908167 0.37806582 0.92568183 0.01339677
0.73003983 -0.30394408 -0.61209464 0.25435275 0.95215273 -0.16944030
0.82522708 -0.33323425 -0.45602101 0.40328202 0.91292697 0.06267419
0.81720889 -0.33583477 -0.46838516 0.40701398 0.91167557 0.05645581
0.73527360 -0.33726197 -0.58790064 0.45696959 0.88728297 0.06251201
0.71171498 -0.35262093 -0.60755271 0.48981750 0.86905867 0.06939684
0.71252292 -0.35274929 -0.60653031 0.48402682 0.87292939 0.06092849
0.65947998 -0.31639960 -0.68189251 0.46516845 0.88433850 0.03954421
0.61993718 -0.35271299 -0.70090759 0.54133534 0.83889645 0.05664684
0.60855800 -0.35285622 -0.71073890 0.54522836 0.83670729 0.05144753
0.56711924 -0.31877694 -0.75944531 0.51953280 0.85394037 0.02952228
0.54039669 -0.30175757 -0.78543872 0.52219838 0.85222852 0.03186473
0.49410599 -0.28253448 -0.82221258 0.56007993 0.82677495 0.05247590
0.41753125 -0.22367261 -0.88070327 0.50585526 0.86236751 0.02080421
0.49322429 -0.27415577 -0.82557160 0.48415005 0.87498403 -0.00131702
-0.47490472 -0.87950832 0.03050803 0.33909863 -0.21487156 -0.91588342
-0.49730828 -0.86722189 0.02471153 0.32097894 -0.21037836 -0.92342490
0.46920669 -0.16001804 -0.86846948 0.46863008 0.87866497 0.09128948
0.62564027 -0.24853927 -0.73946100 0.42041904 0.90588254 0.05123153
0.43312973 -0.15212601 -0.88840097 0.27538890 0.96085626 -0.03027022
0.53773612 -0.15589963 -0.82857418 0.30842710 0.95101112 0.02122937
0.57178175 -0.16555840 -0.80352730 0.27726725 0.96079266 -0.00066078
0.74226063 -0.20868412 -0.63678896 0.24485442 0.96902657 -0.03215303
0.66119742 -0.19637014 -0.72405577 0.25745130 0.96591783 -0.02686435
0.68075025 -0.13772352 -0.71945214 0.17495151 0.98431110 -0.02288476
0.67930883 -0.13209714 -0.72186559 0.17395191 0.98461622 -0.01648216
0.75389636 -0.14133692 -0.64161056 0.15944283 0.98675066 -0.03001970
0.77331769 -0.09172113 -0.62734920 0.10311349 0.99450141 -0.01829492
0.72866195 -0.09004754 -0.67892808 0.11276967 0.99356306 -0.01074775
0.79181778 -0.10427870 -0.60178947 0.10959512 0.99358279 -0.02796685
0.83867425 -0.09412864 -0.53643757 0.08268067 0.99554038 -0.04542319
0.82994056 -0.05267977 -0.55535901 0.05720479 0.99832004 -0.00920972
0.86864018 -0.05254614 -0.49264911 0.04920209 0.99859345 -0.01975708
0.86628717 -0.05853955 -0.49610463 0.05463881 0.99825531 -0.02238342
0.87554729 -0.03091801 -0.48214209 0.01643100 0.99927849 -0.03424215
0.81577808 -0.02568637 -0.57779443 -0.01014716 0.99822390 -0.05870354
0.84343123 0.07871531 -0.53143930 -0.07411001 0.99679798 0.03002517
0.82803684 0.09010996 -0.55338520 -0.11085933 0.99382788 -0.00405111
0.83827317 0.09824579 -0.53632629 -0.12702140 0.99175668 -0.01686049
0.87527323 0.09845595 -0.47350112 -0.12629735 0.99161750 -0.02727357
0.88853490 0.06417754 -0.45429838 -0.09316872 0.99477696 -0.04169361
0.89150250 0.00929136 -0.45292056 -0.04476960 0.99670249 -0.06767520
0.90598363 0.00989741 -0.42319712 -0.02197117 0.99947858 -0.02366102
0.90161783 -0.09128736 -0.42279065 0.07768643 0.99575669 -0.04933062
0.91580456 -0.18806583 -0.35487089 0.17435715 0.98215264 -0.07053919
0.93160546 -0.19313306 -0.30791396 0.17567506 0.98088127 -0.08372714
0.94031841 -0.15166736 -0.30462819 0.13089746 0.98751718 -0.08761120
0.94231248 0.00201955 -0.33472842 -0.02756413 0.99705386 -0.07158168
0.96693999 -0.14521842 -0.20961574 0.13105847 0.98814106 -0.08000649
0.95766658 -0.21082166 -0.19603303 0.20050754 0.97709554 -0.07128158
0.95142847 -0.24566458 -0.18556078 0.23224007 0.96836805 -0.09125795
0.93888372 -0.25505751 -0.23117767 0.24955057 0.96689546 -0.05327078
0.95158386 -0.25169045 -0.17646541 0.24412338 0.96764863 -0.06371809
0.93355507 -0.27911487 -0.22487774 0.27337858 0.96022147 -0.05691160
0.92310756 -0.27763090 -0.26607063 0.26964965 0.96063536 -0.06684857
0.91761434 -0.27906826 -0.28302813 0.27201670 0.96011072 -0.06476381
0.92047423 -0.28925881 -0.26278615 0.29475641 0.95538026 -0.01916570
0.92793387 -0.29501581 -0.22782530 0.29824963 0.95425868 -0.02091713
0.93209112 -0.29809651 -0.20577829 0.30277878 0.95301741 -0.00910567
0.93743938 -0.29772681 -0.18046133 0.30140680 0.95346755 -0.00732708
0.93711191 -0.29955438 -0.17913245 0.30778652 0.95125741 0.01941080
0.94535160 -0.29479477 -0.13930695 0.29477274 0.95533073 -0.02126687
0.91757387 -0.30632913 -0.25341800 0.30959594 0.95045817 -0.02792179
0.89116335 -0.29696542 -0.34298602 0.30562431 0.95168257 -0.02990102
0.88660574 -0.26337722 -0.38021412 0.26365691 0.96319228 -0.05239987
0.89887780 -0.26533929 -0.34873179 0.25946423 0.96360368 -0.06439131
0.87881058 -0.20921063 -0.42886239 0.21458606 0.97602624 -0.03640929
0.87054384 -0.20735720 -0.44626939 0.21563706 0.97592217 -0.03281193
0.83253700 -0.20137706 -0.51607120 0.20587075 0.97733885 -0.04925411
0.82362890 -0.19740134 -0.53166556 0.19882242 0.97847462 -0.05529102
0.74685353 -0.22301707 -0.62647682 0.25418699 0.96628749 -0.04095632
0.86604333 -0.24808298 -0.43407810 0.24206333 0.96772331 -0.07012176
0.82166845 -0.29966211 -0.48483357 0.33068651 0.94346756 -0.02270214
0.86545533 -0.30836108 -0.39484254 0.32285237 0.94593853 -0.03109173
0.75429672 -0.28206837 -0.59285235 0.32256448 0.94572079 -0.03955218
0.81170827 -0.29402182 -0.50465912 0.30189753 0.95088226 -0.06841724
0.78655714 -0.29502022 -0.54248601 0.33133602 0.94295639 -0.03239994
0.75333852 -0.28396818 -0.59316373 0.31767797 0.94688761 -0.04984609
0.79899949 -0.30538070 -0.51801783 0.35255295 0.93575883 -0.00786281
0.79303044 -0.31706935 -0.52016330 0.36415285 0.93125564 -0.01247361
0.75009316 -0.30623925 -0.58615518 0.37899196 0.92539877 0.00151135
0.67321050 -0.27832100 -0.68507302 0.37296158 0.92778826 -0.01042417
0.68954062 -0.26679793 -0.67331463 0.36504629 0.93097627 0.00494817
0.69861978 -0.30171576 -0.64876652 0.44449630 0.89355582 0.06309514
0.75712907 -0.31533667 -0.57211757 0.41015589 0.91111088 0.04061107
0.81903207 -0.33073670 -0.46882805 0.38888660 0.92080384 0.02979119
0.84384000 -0.33836240 -0.41646722 0.37793776 0.92573035 0.01365446
0.84369546 -0.22385357 -0.48792177 0.24170093 0.96997303 -0.02707388
0.93418115 -0.26744062 -0.23618025 0.26325449 0.96344560 -0.04969548
0.93217272 -0.28889641 -0.21815786 0.28924748 0.95675075 -0.03104746
0.94712108 -0.26149914 -0.18595681 0.25719205 0.96519917 -0.04735914
0.93069065 -0.24584574 -0.27087781 0.23693067 0.96930414 -0.06567585
0.90506893 -0.25914174 -0.33718821 0.24655880 0.96578401 -0.08043639
0.92737675 0.01492353 -0.37383112 -0.03896091 0.99762362 -0.05682612
0.69866538 0.11131963 -0.70673519 -0.16212010 0.98675919 -0.00484203
0.71676570 0.11554696 -0.68767422 -0.09122025 0.99323821 0.07181033
0.66835952 0.12474452 -0.73330379 -0.12135118 0.99091578 0.05796384
0.54814762 0.12018001 -0.82770222 -0.12356031 0.99039990 0.06197517
0.46003899 0.12112702 -0.87959784 -0.10952344 0.99082696 0.07916215
0.50984180 0.12331406 -0.85138422 -0.02342747 0.99129617 0.12954959
0.43763876 0.11417535 -0.89187241 -0.03734239 0.99335730 0.10884341
0.46319029 0.09678490 -0.88095826 0.02533239 0.99216717 0.12232194
0.36431339 0.10413774 -0.92543566 0.09560181 0.98429608 0.14839649
0.43843159 0.09728961 -0.89348334 0.08793443 0.98471093 0.15037256
0.20531148 0.13881825 -0.96880174 0.05520809 0.98667067 0.15307854
0.25265777 0.13671556 -0.95784807 -0.00292565 0.99007028 0.14054300
0.15613817 0.14426820 -0.97714257 0.06977837 0.98519307 0.15660672
-0.15587656 -0.97655529 -0.14846669 0.14202125 0.12658513 -0.98173630
-0.20905605 -0.97035742 -0.12125239 0.19407956 0.08035561 -0.97768921
-0.22025935 -0.96747649 -0.12439882 0.02936347 0.12089674 -0.99223071
-0.27505213 -0.96142763 -0.00182035 -0.10375070 0.03156395 -0.99410236
-0.33044276 0.11728076 -0.93651098 0.24603347 0.96864736 0.03449366
-0.42397425 0.13561057 -0.89546394 0.29477730 0.95555216 0.00514256
-0.16859256 -0.97541183 -0.14194494 -0.10094184 0.16033439 -0.98188782
-0.16565341 -0.97447586 -0.15151152 -0.06499057 0.16408730 -0.98430264
-0.23499523 0.06965955 -0.96949720 0.13232918 0.99043477 0.03908883
-0.28096902 -0.95953411 0.01872865 -0.10122022 0.01022191 -0.99481148
-0.31032649 -0.95015925 0.02991635 0.07785109 -0.05676567 -0.99534768
-0.31048039 -0.95018685 0.02732954 0.02974203 -0.03844670 -0.99881798
-0.30581892 -0.95180595 0.02324389 0.05298256 -0.04138907 -0.99773735
-0.24464488 -0.96735537 -0.06612481 0.23040603 0.00824488 -0.97305965
-0.24149114 -0.96846873 -0.06124068 0.18005048 0.01729528 -0.98350531
-0.30059984 -0.95374906 -0.00157565 0.26641271 -0.08238064 -0.96033210
0.42713308 -0.09693629 -0.89897758 0.27429324 0.96127623 0.02667162
0.43432391 -0.07819937 -0.89735591 0.22022754 0.97520924 0.02160721
0.54115373 -0.12022502 -0.83228523 0.22082897 0.97530884 0.00269845
-0.32785404 -0.94423401 0.03055875 0.25879505 -0.12087328 -0.95833963
0.31207725 -0.11829557 -0.94266325 0.34943914 0.93695718 -0.00189451
-0.39272121 -0.91914582 0.03067716 0.22109006 -0.12673838 -0.96698326
-0.37248978 -0.92701745 0.04347461 0.25127888 -0.14584205 -0.95686418
-0.39958468 -0.91594189 0.03718228 0.22340719 -0.13664047 -0.96510029
-0.43993741 -0.89769733 0.02438433 0.22271197 -0.13536961 -0.96544003
-0.64699322 -0.76011556 -0.06020069 0.33101606 -0.20887274 -0.92021769
-0.43012115 -0.90200019 0.03730162 0.17222615 -0.12254642 -0.97740501
-0.60466695 -0.79644054 0.00777059 -0.11710816 0.07925127 -0.98995197
-0.53673875 -0.84368467 0.01037786 0.23951715 -0.16414769 -0.95691544
-0.55553699 -0.83141840 0.01104979 -0.18918553 0.11344707 -0.97536588
-0.41095528 -0.91111851 0.03128676 -0.00974106 -0.02992818 -0.99950463
-0.42563194 -0.90423745 0.03452725 0.02816126 -0.05137398 -0.99828237
-0.38722786 -0.92116153 0.03893619 0.12173212 -0.09294232 -0.98820192
-0.42663968 -0.90354532 0.03980574 -0.11604935 0.01104195 -0.99318206
-0.38671634 -0.92133927 0.03980520 0.10200859 -0.08563507 -0.99109077
-0.31351236 -0.94889373 0.03620407 0.03517782 -0.04970584 -0.99814421
-0.37078500 -0.92814422 0.03266096 -0.05752494 -0.01214799 -0.99827015
-0.31663632 -0.94826734 0.02303317 -0.14946879 0.02590053 -0.98842716
-0.18242568 -0.97211093 -0.14738144 -0.00124894 0.15012576 -0.98866612
-0.04245676 -0.98531890 -0.16536063 -0.01353612 0.16606197 -0.98602241
-0.21266331 -0.96981561 -0.11929804 0.20657796 0.07470750 -0.97557390
0.40997419 -0.02687123 -0.91170120 0.19607989 0.97879177 0.05932465
0.63441283 -0.02297216 -0.77265304 0.09707808 0.99401224 0.05015572
0.65660608 0.05581703 -0.75216550 -0.01060894 0.99784273 0.06478724
0.65227020 0.09571050 -0.75191963 -0.03845614 0.99489713 0.09327897
0.43638003 0.13707742 -0.88925940 -0.02974973 0.98998463 0.13800512
0.68167865 0.10264904 -0.72441524 -0.11453418 0.99287403 0.03291214
0.94290596 -0.08730676 -0.32141250 0.07086178 0.99552393 -0.06253640
0.88934028 -0.12070713 -0.44102564 0.11583631 0.99253857 -0.03806715
0.82235062 -0.05131575 -0.56666219 0.02563469 0.99825490 -0.05319837
0.82536566 -0.15891336 -0.54177308 0.16084723 0.98599052 -0.04416845
0.78638846 -0.06417104 -0.61439025 0.08368482 0.99648768 0.00303247
0.79330081 -0.23541762 -0.56147343 0.24700606 0.96735913 -0.05660688
0.60355532 -0.04408484 -0.79610145 0.08434667 0.99639785 0.00877004
0.58556980 -0.11367560 -0.80261189 0.17978117 0.98367286 -0.00815485
0.71883088 -0.27464965 -0.63863122 0.31934941 0.94644213 -0.04757325
0.54277265 -0.15338866 -0.82575411 0.24095932 0.97028917 -0.02185300
0.47790909 -0.13353333 -0.86820030 0.30452669 0.95226860 0.02116615
0.65694386 -0.25349736 -0.71004504 0.36566925 0.93072528 0.00603871
0.54448849 -0.21516277 -0.81070173 0.39391017 0.91891634 0.02067710
0.52471817 -0.24125634 -0.81637394 0.43545994 0.90010095 0.01388903
0.64088517 -0.30384296 -0.70494378 0.46493879 0.88436913 0.04151112
-0.43520337 -0.89960104 0.03627703 0.18283962 -0.12776271 -0.97480583
-0.52165478 -0.85306114 0.01276926 0.37275285 -0.24135374 -0.89599317
-0.56837577 -0.82275730 0.00441290 0.25972190 -0.18450472 -0.94789374
-0.61999458 -0.78437871 -0.01888801 0.29032019 -0.20697947 -0.93427712
0.46864820 -0.30202350 -0.83015108 0.58834022 0.80770689 0.03827989
0.45318729 -0.32645470 -0.82948697 0.63301915 0.77301669 0.04161764
-0.70353907 -0.70574343 -0.08342073 0.42451176 -0.32321391 -0.84576750
-0.66813660 -0.74243152 -0.04887738 0.32067448 -0.22806171 -0.91932350
-0.62760204 -0.77808195 -0.02653805 0.37601256 -0.27309194 -0.88545769
-0.61998731 -0.78437650 -0.01921757 0.29026213 -0.20653607 -0.93439329
0.43150318 -0.21884643 -0.87516361 0.48118621 0.87643182 0.01808733
0.48560843 -0.28808561 -0.82534307 0.57553279 0.81600714 0.05380023
0.63945484 -0.30936813 -0.70383877 0.46687102 0.88360119 0.03578216
0.71615535 -0.32107854 -0.61970162 0.43014854 0.90227222 0.02961577
0.81112969 -0.33280063 -0.48094937 0.40158671 0.91474855 0.04430822
0.79912555 -0.31952035 -0.50922018 0.37422237 0.92732328 0.00540428
0.87855315 -0.36054859 -0.31328750 0.40767944 0.90779525 0.09851576
0.89507353 -0.36196890 -0.26042643 0.38609946 0.92128414 0.04650524
0.89426214 -0.36010531 -0.26574317 0.38768744 0.91996515 0.05798765
0.90677905 -0.34640747 -0.24032000 0.36738154 0.92886674 0.04730174
0.86355680 -0.35218617 -0.36088032 0.38892061 0.92071098 0.03212520
0.84789115 -0.33291972 -0.41260761 0.35888091 0.93325424 -0.01552747
0.88986933 -0.30774984 -0.33678266 0.32027423 0.94712967 -0.01923142
0.90834588 -0.31495541 -0.27515617 0.32324302 0.94618160 -0.01594914
0.89998406 -0.34556335 -0.26573431 0.36345056 0.93140483 0.01972025
0.92713541 -0.30055535 -0.22380009 0.31318036 0.94943041 0.02235990
0.87322348 -0.31562021 -0.37130135 0.36430344 0.92885214 0.06720645
0.95566761 -0.26730305 -0.12348531 0.27495572 0.96018457 0.04944700
0.95942992 -0.27092433 -0.07806560 0.27292937 0.96189988 0.01606937
0.94368011 -0.29838997 -0.14293811 0.30666578 0.95100361 0.03934857
0.95777780 -0.27542219 -0.08248851 0.27879280 0.95980579 0.03236534
0.94437051 -0.28392515 -0.16598484 0.28555736 0.95825255 -0.01445958
0.95144933 -0.26219293 -0.16124238 0.26050717 0.96494508 -0.03189252
0.96027881 -0.26171038 -0.09681062 0.25847042 0.96497792 -0.04484083
0.97079366 -0.21209125 -0.11214744 0.20810312 0.97701132 -0.04628188
