0.03003306 0.22831795 -0.97312331 -0.99898291 0.03961621 -0.02153625
0.03924370 0.44108456 -0.89660716 -0.99918145 0.00850193 -0.03955077
0.04908083 0.44257060 -0.89538950 -0.99872345 0.01102815 -0.04929412
0.04952778 0.30639207 -0.95061612 -0.99876106 0.01057921 -0.04862639
0.05189508 0.27434659 -0.96022964 -0.99822283 0.04245524 -0.04181854
0.05216829 0.29980564 -0.95257288 -0.99802828 -0.01768441 -0.06022354
0.06753992 0.33884749 -0.93841398 -0.99765885 0.01281658 -0.06717604
0.06610543 0.47249651 -0.87884992 -0.99592805 -0.02286465 -0.08720455
0.08394407 0.82654387 -0.55657756 -0.99576318 0.04853929 -0.07809971
0.07866456 0.82463813 -0.56016409 -0.99635512 0.04644024 -0.07155306
0.08019904 0.85472167 -0.51285380 -0.99615782 0.08688637 -0.01097240
0.07460070 0.80339479 -0.59075505 -0.99330807 0.11224418 0.02721081
0.08095968 0.78821772 -0.61004782 -0.99196219 0.12343395 0.02784026
0.08244793 0.78118390 -0.61883289 -0.99283898 0.11824623 0.01699094
0.08129989 0.78824693 -0.60996479 -0.99665940 0.05952131 -0.05592260
0.07513666 0.73450643 -0.67442924 -0.97799003 0.18630537 0.09394549
0.08647607 0.76583970 -0.63719028 -0.98005599 0.18026000 0.08364673
0.06875338 0.67736846 -0.73242402 -0.98554802 0.16004610 0.05550119
0.02706857 0.54304177 -0.83926928 -0.98463494 0.15937679 0.07136634
0.05371122 0.68628222 -0.72534943 -0.99116570 0.12485670 0.04473733
0.05956666 0.72582823 -0.68529212 -0.99680763 0.07981285 -0.00211017
0.04733970 0.72212255 -0.69014347 -0.99727684 0.07328409 0.00827264
0.02490021 0.51968575 -0.85399455 -0.99876404 0.04969123 0.00111756
0.00019053 0.47995970 -0.87729049 -0.99868453 0.04507538 0.02444354
-0.02966483 0.29655182 -0.95455599 -0.99717683 0.05712479 0.04873631
-0.01239063 0.51754117 -0.85556865 -0.99746412 0.05357389 0.04685294
-0.06076404 0.45097274 -0.89046693 -0.99522758 0.04086921 0.08861076
-0.04953306 0.55020869 -0.83355677 -0.99540973 0.04123244 0.08636741
-0.02096031 0.59671420 -0.80218011 -0.99534601 0.06303032 0.07289367
0.04529891 0.73606426 -0.67539430 -0.99483037 0.09475011 0.03653783
-0.09166647 0.59489799 -0.79855728 -0.99343777 0.00045215 0.11437365
-0.15579872 0.55833083 -0.81485796 -0.98567092 -0.03388275 0.16524166
-0.16365257 0.48462155 -0.85927868 -0.98410213 -0.01927515 0.17655468
-0.18158592 0.43825030 -0.88031995 -0.98124850 -0.02190851 0.19149795
-0.25836790 0.42838320 -0.86587173 -0.95964289 -0.01078020 0.28101486
-0.30874687 0.41726831 -0.85472953 -0.94071263 -0.00123624 0.33920228
-0.31713513 0.41263443 -0.85390759 -0.93687296 0.00352676 0.34965211
-0.30252615 0.55506623 -0.77484155 -0.95314109 -0.17612001 0.24597524
-0.28646564 0.18074878 -0.94088644 -0.93424135 -0.27044895 0.23248786
-0.30659750 0.47641614 -0.82403016 -0.95061046 -0.10928407 0.29051131
-0.34932423 0.42555109 -0.83479273 -0.93699932 -0.16076082 0.31014240
-0.35735664 0.43955129 -0.82406974 -0.93370622 -0.14724441 0.32636148
-0.35994685 0.40586582 -0.84006625 -0.93038374 -0.08911651 0.35559019
-0.40820882 0.17331921 -0.89628464 -0.91229904 -0.11273188 0.39370295
-0.38713872 -0.33649853 -0.85842437 -0.90609211 -0.03346625 0.42175493
0.88965964 0.11387260 -0.44219768 -0.43048412 -0.11379260 -0.89539641
-0.42219627 -0.39548534 -0.81568480 -0.88265264 -0.02570634 0.46932244
-0.43675461 -0.38335273 -0.81380963 -0.88229144 0.00603379 0.47066504
-0.43987593 -0.38310647 -0.81224293 -0.88793540 0.05011541 0.45723003
-0.45525789 -0.25304237 -0.85364503 -0.88382733 0.01251049 0.46764600
-0.44835627 -0.23763354 -0.86168844 -0.89231515 0.06243118 0.44707498
-0.44427034 -0.29779300 -0.84495163 -0.89391673 0.08474205 0.44014961
-0.44212595 -0.30016074 -0.84523857 -0.89692068 0.15594642 0.41378015
-0.44366696 -0.14080769 -0.88506097 -0.89325953 0.14930311 0.42402360
0.84035856 -0.18141583 -0.51076978 -0.51662427 0.01703888 -0.85604274
0.70695031 -0.23734261 -0.66625059 -0.64238644 0.17864597 -0.74526858
0.71602923 -0.21351877 -0.66461420 -0.59645098 0.30753842 -0.74139488
-0.40136522 0.36839148 -0.83856642 -0.87748200 0.10778286 0.46734166
-0.35010585 0.51715571 -0.78100955 -0.88999689 0.07636289 0.44952670
-0.36439919 0.47763768 -0.79942203 -0.88854605 0.07862352 0.45200029
-0.28054705 0.72675616 -0.62699187 -0.91441160 -0.00378287 0.40476799
-0.30482814 0.65926123 -0.68735319 -0.93560880 -0.07233134 0.34554952
-0.38228860 0.33440897 -0.86140943 -0.91496521 -0.00664131 0.40347809
-0.35067549 0.45356524 -0.81933224 -0.93059236 -0.07067753 0.35916936
-0.35787526 0.38494638 -0.85073012 -0.93144286 -0.08289315 0.35432038
-0.33558849 0.16093613 -0.92815948 -0.93189776 -0.20069158 0.30214164
-0.32281297 0.09098411 -0.94207948 -0.94086707 -0.13892609 0.30898032
-0.33923185 0.29820496 -0.89218581 -0.93499899 -0.21116884 0.28492931
-0.36417112 0.61943418 -0.69547164 -0.93060571 -0.27151036 0.24546930
-0.36164910 0.58081186 -0.72929251 -0.93055904 -0.27285254 0.24415424
-0.35417992 0.51988578 -0.77735156 -0.91096449 -0.37972373 0.16110134
-0.35386938 0.52806813 -0.77195895 -0.90153515 -0.41233420 0.13120529
-0.31064624 0.38139576 -0.87065268 -0.88038254 -0.46078479 0.11226772
-0.39901662 0.59730422 -0.69571072 -0.87991983 -0.46285087 0.10728582
0.83322263 0.52002758 -0.18791312 -0.33778349 0.20965032 -0.91757786
0.62342680 0.77570599 -0.09807831 -0.28159124 0.10572956 -0.95369160
0.79218847 0.59477884 -0.13665885 -0.14094858 -0.03955869 -0.98922628
0.58780360 0.80816549 -0.03681602 -0.25764161 0.14386415 -0.95547056
0.57614690 0.77373964 0.26340404 -0.17752503 0.43303525 -0.88372242
0.71997136 0.64118624 0.26555875 -0.28746736 0.62380457 -0.72679460
0.80816007 0.57212043 0.13984129 -0.45992836 0.76136690 -0.45693153
0.73000687 0.65762556 0.18606074 -0.13699758 0.40752092 -0.90286124
-0.15816087 0.47751093 -0.86427343 -0.86060011 -0.49579239 -0.11643656
0.71074468 0.69992208 -0.07036441 -0.26826304 0.17721699 -0.94690502
-0.15917641 0.48668513 -0.85895318 -0.88986772 -0.44752067 -0.08866106
0.63330626 0.72998434 0.25699434 -0.20135069 0.47606093 -0.85605133
-0.24983537 0.66079187 -0.70776868 -0.96675771 -0.12914324 0.22068433
-0.25787142 0.62754637 -0.73463458 -0.96282572 -0.10361381 0.24946111
-0.25204903 0.67367262 -0.69472045 -0.95694774 -0.06672017 0.28248802
0.68323451 0.69436240 0.22594583 -0.22155946 0.49197769 -0.84194380
0.80724639 0.19073194 0.55854690 0.03618615 0.92857134 -0.36938587
0.81176889 0.18754902 0.55304313 0.03352571 0.93049711 -0.36476171
0.60427636 0.79416025 -0.06449506 -0.22389944 0.09156528 -0.97030139
0.60708833 0.62449217 -0.49137896 -0.42082894 -0.27186865 -0.86544240
0.72287506 0.46754655 -0.50877500 -0.44289276 -0.25165626 -0.86053187
0.75360292 0.42019740 -0.50548673 -0.46046960 -0.21132115 -0.86215496
0.83707392 0.22924662 -0.49674276 -0.40073475 -0.36120838 -0.84198588
0.73249054 0.40386808 -0.54804039 -0.44616231 -0.32324827 -0.83453572
0.80481577 0.28458375 -0.52084911 -0.40430441 -0.37959248 -0.83213431
-0.40325904 -0.33512372 -0.85151297 -0.88883609 -0.07783329 0.45156676
0.85598880 0.14032897 -0.49758518 -0.40681040 -0.41111839 -0.81577390
0.83266890 0.19829482 -0.51705098 -0.44357839 -0.32011747 -0.83711594
0.81172216 0.27874064 -0.51323569 -0.40387100 -0.36689866 -0.83801764
0.83551908 0.19011283 -0.51552403 -0.44182193 -0.32531923 -0.83603877
0.81945515 0.26491407 -0.50824589 -0.39819288 -0.37466121 -0.83730006
0.73610812 0.43513018 -0.51846564 -0.38487089 -0.36102813 -0.84943110
0.66070122 0.53549445 -0.52604145 -0.36806124 -0.37965646 -0.84875906
0.84450871 0.47290376 -0.25133055 -0.30893102 0.04683473 -0.94993061
0.87477863 0.40367204 -0.26797619 -0.32975286 0.09078051 -0.93969250
0.90751129 0.31127414 -0.28201342 -0.29342407 -0.01059414 -0.95592374
0.93241507 0.10246260 -0.34655970 -0.34314555 -0.04982360 -0.93795991
0.93227136 0.10070774 -0.34745961 -0.34281695 -0.06078772 -0.93743342
-0.37631017 0.07562482 -0.92340219 -0.92572999 -0.07115281 0.37143150
-0.38358095 0.20011741 -0.90156454 -0.91993600 0.00297399 0.39205736
-0.40749297 0.21764129 -0.88689446 -0.91103137 -0.02986437 0.41125429
0.67507738 -0.26372969 -0.68899721 -0.48205125 0.54929662 -0.68256849
0.65668654 -0.27520019 -0.70215940 -0.29093793 0.76653069 -0.57252592
0.64067537 -0.28816140 -0.71168691 -0.29891670 0.76016808 -0.57688242
0.53710032 -0.44326267 -0.71766394 -0.55771428 0.45168310 -0.69637436
0.47821468 -0.51506007 -0.71135354 -0.63572603 0.35582587 -0.68501127
0.46520573 -0.50887984 -0.72431004 -0.64472550 0.36589292 -0.67115676
0.33210653 -0.66148216 -0.67241848 -0.75869524 0.23622932 -0.60710567
-0.11696051 -0.50816190 -0.85328293 -0.94903618 0.31037453 -0.05475412
-0.20774984 -0.37595764 -0.90304810 -0.95194042 0.29010725 0.09822007
0.54891974 -0.41537094 -0.72536492 -0.77138186 0.08252382 -0.63099921
0.61649364 -0.35253346 -0.70402831 -0.72549427 0.09308872 -0.68190366
0.61783385 -0.37037131 -0.69361842 -0.71991116 0.08833485 -0.68842208
-0.42664137 -0.33886442 -0.83853924 -0.90386605 0.19222429 0.38219884
-0.42757371 -0.33554307 -0.83939952 -0.90386122 0.14360344 0.40300491
-0.42148679 -0.38112280 -0.82285744 -0.90551502 0.12795140 0.40456274
-0.43115616 -0.36872396 -0.82349682 -0.90102816 0.12794180 0.41446254
-0.43444189 -0.35104924 -0.82947254 -0.89186770 0.03901298 0.45061076
-0.42150885 -0.36398113 -0.83057094 -0.90348595 0.24708141 0.35023421
-0.43370152 -0.08360573 -0.89716953 -0.90015352 0.08477026 0.42724440
0.88427013 -0.10834984 -0.45423204 -0.45549825 0.01420521 -0.89012337
-0.43546167 0.14496158 -0.88845897 -0.89496148 0.03667796 0.44463319
-0.42213473 0.25162154 -0.87091273 -0.89552927 0.03348524 0.44374096
-0.40117854 0.42962837 -0.80899644 -0.91075671 -0.09272540 0.40239808
-0.42513356 0.20789699 -0.88093156 -0.90380716 -0.04489224 0.42557883
-0.40073922 0.37417388 -0.83630258 -0.90161103 0.00114572 0.43254632
-0.37395349 0.49214303 -0.78610057 -0.89344168 0.03625448 0.44771379
-0.34267327 0.61192501 -0.71282732 -0.90993059 -0.02746235 0.41385052
0.64499682 -0.30305853 -0.70152318 -0.68759257 0.17042553 -0.70581269
0.85601205 -0.11559567 -0.50386614 -0.49259314 0.11329844 -0.86285317
-0.44796845 -0.08234869 -0.89024884 -0.89371264 0.06857487 0.44336817
-0.43559220 -0.34130141 -0.83293021 -0.90011048 0.17315368 0.39977360
-0.43556857 -0.38756388 -0.81244957 -0.89389610 0.07997653 0.44108227
-0.44557020 -0.06485019 -0.89289516 -0.89404547 0.08389071 0.44005129
-0.45674717 -0.25623041 -0.85189676 -0.88481820 0.03172866 0.46485493
-0.42942670 -0.37500104 -0.82156378 -0.87024289 -0.07133342 0.48743096
0.88713413 0.12662511 -0.44380081 -0.41827336 -0.18579312 -0.88911664
-0.39792028 0.41673863 -0.81730562 -0.90907478 -0.05922285 0.41240251
-0.32651415 0.58350414 -0.74358016 -0.94053686 -0.12259278 0.31679875
-0.33728376 0.49092618 -0.80326283 -0.93560624 -0.08026060 0.34380123
-0.33943552 0.49394882 -0.80049872 -0.92979264 -0.04738498 0.36502108
-0.33500361 0.51936698 -0.78614926 -0.92584938 -0.02660938 0.37695491
-0.32209668 0.54163176 -0.77645922 -0.94380873 -0.11958900 0.30809665
-0.28046364 0.59626758 -0.75220025 -0.95782524 -0.12279622 0.25979218
-0.32642123 0.41987655 -0.84684879 -0.93418211 -0.00675984 0.35673258
-0.22495455 0.33578068 -0.91468400 -0.94454515 0.15533182 0.28932083
-0.22668374 0.33114555 -0.91594607 -0.95360649 0.11583105 0.27788103
-0.20742965 0.21689658 -0.95390195 -0.97358596 0.04933391 0.22292745
0.94169551 -0.21332204 -0.26019838 -0.28452918 -0.09211594 -0.95423156
0.94396532 -0.19880047 -0.26345366 -0.28225699 -0.07255162 -0.95659149
0.94873852 -0.17190373 -0.26522502 -0.27791569 -0.05408163 -0.95908195
-0.26988909 -0.09863890 -0.95782584 -0.96132374 0.08434308 0.26218888
-0.26846704 -0.19335406 -0.94368416 -0.96328890 0.05376240 0.26302886
0.98701352 -0.08203772 -0.13810930 -0.12984771 0.09871420 -0.98660791
-0.11154405 0.13520662 -0.98451877 -0.98895359 0.08221207 0.12333692
0.98933393 -0.08521852 -0.11813647 -0.10959874 0.09873740 -0.98905969
0.99064326 -0.06889509 -0.11781096 -0.11399587 0.05691942 -0.99184936
0.98912448 -0.08447633 -0.12040166 -0.11407107 0.07615513 -0.99054945
-0.07788394 0.09016857 -0.99287653 -0.99686533 0.00685717 0.07881957
0.98472494 -0.11430743 -0.13134170 -0.12108003 0.09253231 -0.98832053
-0.12417477 0.20243819 -0.97139049 -0.99066550 0.03018956 0.13293026
0.91826206 0.39350289 -0.04416235 -0.16666447 0.28291517 -0.94455385
-0.15223481 0.31415161 -0.93708771 -0.94928253 -0.31039819 0.05015727
-0.22054975 0.65259731 -0.72489625 -0.96357483 -0.26103711 0.05816565
-0.21333317 0.63164961 -0.74532402 -0.96453393 -0.25755140 0.05780690
-0.12294126 0.66874504 -0.73325676 -0.97598124 0.05242706 0.21145213
-0.21223722 0.59956193 -0.77167410 -0.96701497 -0.24266988 0.07741734
-0.21917330 0.64516115 -0.73193598 -0.96699893 -0.24351791 0.07491372
-0.21125470 0.58122778 -0.78584075 -0.97026652 -0.22186849 0.09673358
-0.21022832 0.55067551 -0.80781227 -0.97496909 -0.05691362 0.21493256
-0.16201787 0.82555062 -0.54057044 -0.98302716 -0.08724769 0.16138615
-0.17568864 0.67229575 -0.71913278 -0.97251946 -0.00516446 0.23276451
-0.13323884 0.79589015 -0.59059823 -0.93269312 0.10082775 0.34629083
-0.07688632 0.88741624 -0.45451179 -0.92190677 0.11033108 0.37136906
-0.21997328 0.28704053 -0.93231946 -0.97260404 0.00912943 0.23228885
0.95643640 -0.10352267 -0.27296978 -0.26790050 0.06033359 -0.96155566
0.95968020 -0.06437797 -0.27362272 -0.26913220 0.07050501 -0.96051908
0.94123453 -0.17165804 -0.29088002 -0.24547487 0.24386895 -0.93822706
0.90007895 -0.31351635 -0.30259782 -0.26133141 0.16727668 -0.95064425
0.92483962 -0.27872720 -0.25881055 -0.27774182 -0.02999345 -0.96018744
0.93032223 -0.24713701 -0.27096853 -0.30728629 -0.12197229 -0.94376796
-0.27516511 -0.16014890 -0.94796437 -0.93734413 0.26387095 0.22750407
-0.28757063 -0.22999386 -0.92973441 -0.93206346 0.29055563 0.21641460
-0.28871775 -0.22628142 -0.93028963 -0.93600172 0.27106169 0.22455806
-0.28880253 -0.20635778 -0.93488479 -0.91977167 0.33083767 0.21110779
0.80905730 -0.55333549 -0.19810659 -0.32230538 -0.13584863 -0.93683749
0.87930286 -0.41108015 -0.24049890 -0.31865528 -0.13250719 -0.93856311
0.64316183 -0.66478217 -0.38000983 -0.33820620 0.19862062 -0.91987306
0.57356942 -0.73021281 -0.37122414 -0.35594547 0.18598944 -0.91581154
0.67010343 -0.62817466 -0.39542127 -0.39397648 0.15048440 -0.90671778
0.76159233 -0.51149547 -0.39793155 -0.34133649 0.20535335 -0.91723466
0.54852206 -0.73056906 -0.40668470 -0.30657339 0.27678660 -0.91071510
0.54460180 -0.73415673 -0.40549085 -0.25169590 0.31812727 -0.91402644
0.62272394 -0.67066628 -0.40301576 -0.13001318 0.41922197 -0.89852637
0.79864126 -0.48811355 -0.35201883 -0.12515187 0.43743929 -0.89049643
0.80157131 -0.49687955 -0.33255711 -0.38305137 0.00029993 -0.92372698
0.48809481 -0.77134222 -0.40840510 -0.15451925 0.38417017 -0.91024017
0.38843361 -0.81636167 -0.42740273 -0.02973554 0.45247746 -0.89128000
0.43198490 -0.79977554 -0.41683117 0.11200032 0.50617486 -0.85512745
0.81699842 -0.45989326 -0.34786755 -0.10019187 0.48087627 -0.87104511
0.83873576 -0.49144486 -0.23452982 -0.31820783 -0.09283159 -0.94346493
0.81141245 -0.46807468 -0.35002288 -0.19478697 0.34806797 -0.91700971
-0.27343306 -0.12821209 -0.95330793 -0.95804900 0.12479367 0.25800923
-0.27689958 -0.24452160 -0.92926633 -0.96078193 0.08554123 0.26378167
-0.26783481 -0.24758750 -0.93110955 -0.96229023 0.11644982 0.24583928
-0.26630598 -0.25389788 -0.92984784 -0.96342838 0.04030816 0.26491708
-0.21065496 -0.03108174 -0.97706628 -0.97754532 0.00112077 0.21072258
-0.21731374 -0.21747473 -0.95156687 -0.97381592 -0.01837497 0.22659433
0.98058778 0.13886641 -0.13843311 -0.12380606 -0.10898486 -0.98630339
0.97055030 0.18353678 -0.15603323 -0.13613306 -0.11651045 -0.98381561
0.95764560 0.23917571 -0.16034314 -0.14684741 -0.07333763 -0.98643678
0.96415234 0.21206750 -0.15949200 -0.18110168 0.08659582 -0.97964448
0.93235660 0.32992071 -0.14786321 -0.20776629 0.15423368 -0.96594262
0.92402148 0.35902303 -0.13147917 -0.22186084 0.22341837 -0.94913751
0.90660727 0.39884281 -0.13779572 -0.14047395 -0.02266290 -0.98982495
0.96866095 0.18942448 -0.16066855 -0.18064798 0.09330411 -0.97911221
-0.16524740 0.21477312 -0.96258295 -0.98246944 -0.12124649 0.14160861
0.93545318 0.31183544 -0.16639087 -0.15964429 -0.04723318 -0.98604399
0.98611355 0.09745992 -0.13446802 -0.13843833 0.03515932 -0.98974675
-0.20053092 -0.23189023 -0.95184785 -0.96722990 -0.10758609 0.22998178
0.98999941 0.01482043 -0.14029109 -0.13999520 -0.01941131 -0.98996186
-0.21425495 0.11790519 -0.96963561 -0.97024047 -0.14034638 0.19732285
-0.21749566 -0.21124515 -0.95292771 -0.97369581 -0.02097229 0.22688487
-0.21110541 0.10419872 -0.97189355 -0.97582108 -0.08007894 0.20337307
0.97518915 0.18404089 -0.12302473 -0.14642702 0.11946273 -0.98198164
0.98449892 -0.11824907 -0.12953418 -0.11883084 0.09349803 -0.98850262
0.94465047 -0.28456122 -0.16328005 -0.16558412 0.01611417 -0.98606408
0.89874154 -0.37761304 -0.22287226 -0.12810481 0.25998312 -0.95707786
0.90655833 -0.36150596 -0.21786574 -0.12117589 0.27152810 -0.95477164
0.96862054 -0.17583726 -0.17565760 -0.18311536 -0.02699617 -0.98272073
0.96622515 -0.20522934 -0.15585203 -0.16412410 -0.02381251 -0.98615229
-0.10478322 -0.13019104 -0.98593652 -0.98897964 0.11790842 0.08953706
-0.10477388 -0.11797652 -0.98747349 -0.98975313 0.10922953 0.09196578
-0.10219398 -0.11524897 -0.98806584 -0.99326545 0.06633084 0.09499488
-0.10434940 -0.12454649 -0.98671138 -0.99169677 0.08800621 0.09376815
-0.10484046 -0.14822926 -0.98338026 -0.99347049 0.06035485 0.09681864
0.96625143 -0.24867913 -0.06720806 -0.09228296 -0.09057750 -0.99160457
0.03927466 -0.14293009 -0.98895323 -0.99514180 -0.09501483 -0.02578825
0.95340437 0.20155415 0.22449075 0.22681990 0.01177225 -0.97386557
0.94301111 0.24813299 0.22172087 0.22160546 0.02876521 -0.97471207
0.94771683 0.22916090 0.22207691 0.23263673 -0.01978752 -0.97236246
0.90930700 0.36285788 0.20370315 0.20016085 0.04777557 -0.97859758
0.93612349 0.27779007 0.21565135 0.14384116 0.25712329 -0.95561361
0.05034394 0.54287899 -0.83830070 -0.99872184 0.02357846 -0.04470873
0.85089380 0.47498238 0.22443616 0.03311560 0.37787664 -0.92526358
0.97266203 0.10344891 0.20791087 0.19372439 0.13225706 -0.97210026
0.95346993 0.19700611 0.22821856 0.23319785 -0.00213842 -0.97242701
0.13208438 -0.22035126 -0.96643627 -0.98290026 -0.15531003 -0.09892324
0.98430902 0.13011174 -0.11919187 -0.11088121 -0.06937531 -0.99140936
0.97853249 -0.14010069 -0.15114929 -0.14930199 0.02366516 -0.98850840
0.97472459 -0.13325408 -0.17931883 -0.18351783 -0.01982553 -0.98281646
0.99080026 -0.05851074 -0.12203005 -0.12274110 -0.00870321 -0.99240059
-0.06263791 -0.18789494 -0.98018980 -0.99623698 0.07071850 0.05010719
0.99751359 0.04290483 -0.05590974 -0.05581084 -0.00350047 -0.99843526
-0.00408618 0.07590626 -0.99710661 -0.99939293 -0.03480997 0.00144558
-0.02037395 0.15206774 -0.98816007 -0.99957359 0.01758090 0.02331479
0.94695884 0.29064631 -0.13709004 -0.14923976 0.01994421 -0.98859996
0.98596293 0.09007254 -0.14058478 -0.13709757 -0.04382950 -0.98958743
-0.26294065 -0.18602972 -0.94670755 -0.96481127 0.05195855 0.25775889
-0.27359623 -0.26014864 -0.92599559 -0.96101230 0.11397887 0.25192115
-0.28393027 -0.26369515 -0.92187226 -0.95373333 0.17681141 0.24316759
0.94252795 -0.20016353 -0.26753625 -0.28897551 -0.08637913 -0.95343161
0.94006270 -0.21486743 -0.26479077 -0.29112896 -0.10138829 -0.95129615
0.92107636 -0.29274505 -0.25674644 -0.30230674 -0.12204632 -0.94536519
0.88832718 -0.39505002 -0.23411614 -0.26635310 -0.02795818 -0.96346998
-0.18912990 0.30834317 -0.93228453 -0.97695005 0.03662167 0.21030334
-0.17357738 0.27907807 -0.94445032 -0.97731256 0.06937701 0.20011742
-0.22797813 0.57974982 -0.78225070 -0.97194028 -0.08768845 0.21827242
-0.10001121 0.40470091 -0.90896368 -0.99288285 0.01877906 0.11760571
-0.07174218 0.26920354 -0.96040750 -0.99587160 0.03435519 0.08402114
-0.02245606 0.07348414 -0.99704355 -0.99841195 0.04989047 0.02616391
-0.00231062 0.58858973 -0.80842865 -0.99696493 0.06155493 0.04766557
0.05244322 0.72079349 -0.69116318 -0.99550623 0.09238213 0.02080677
0.05448489 0.66933912 -0.74095649 -0.97935563 0.18048933 0.09102894
0.06343549 0.80874014 -0.58473533 -0.99405801 0.10313715 0.03480651
0.05013057 0.69744366 -0.71488410 -0.99853355 0.04964764 -0.02158479
0.05926630 0.79493874 -0.60378802 -0.99824214 0.04696657 -0.03614940
0.04864019 0.54426396 -0.83750272 -0.99872756 0.01532074 -0.04804733
0.07628075 0.91570282 -0.39454994 -0.99653822 0.08313578 0.00028130
0.05181978 0.33526605 -0.94069731 -0.99566627 0.09018424 -0.02270603
0.05759262 0.57850295 -0.81364453 -0.99797320 0.05545620 -0.03121058
0.04667843 0.34071490 -0.93900722 -0.99887705 0.02355793 -0.04110668
0.05701880 0.57874566 -0.81351238 -0.99835867 0.03743540 -0.04334248
0.01763811 0.28450352 -0.95851278 -0.99853361 0.05408651 -0.00232073
0.03902275 0.39787436 -0.91660964 -0.99503165 -0.06861050 -0.07214328
0.02273721 0.11182354 -0.99346799 -0.99797833 -0.05645335 -0.02919476
