0.63214821 -0.77297348 0.05385828 -0.35256064 -0.34883207 -0.86834168
0.62985033 -0.77536327 0.04583036 -0.37602657 -0.35602355 -0.85548306
0.56898797 -0.82185239 0.02848436 -0.34639373 -0.27094400 -0.89810956
-0.68420225 -0.37530598 -0.62531006 -0.47509187 0.87989736 -0.00827074
0.49435198 -0.86742198 -0.05652674 -0.36943042 -0.15078804 -0.91694283
0.42722383 -0.90390247 -0.02098107 -0.34991181 -0.14389740 -0.92566478
-0.49012506 -0.10967243 -0.86472505 -0.34904385 0.93373549 0.07941265
-0.45808682 -0.09589270 -0.88372004 -0.34189922 0.93669182 0.07558687
-0.57220244 -0.13408531 -0.80907702 -0.27878028 0.95959765 0.03813089
-0.74497086 -0.18589960 -0.64067143 -0.26935428 0.96244299 0.03393838
-0.76779091 -0.19440389 -0.61049515 -0.27302077 0.96128643 0.03725669
-0.52016169 -0.10296439 -0.84783858 -0.39906517 0.90697670 0.13468611
-0.74882329 -0.18623239 -0.63606709 -0.26629388 0.96337914 0.03143474
-0.67072886 -0.16684733 -0.72269279 -0.21811196 0.97565693 -0.02281986
-0.59762889 -0.12547438 -0.79189396 -0.20212243 0.97935671 -0.00263923
-0.43958041 -0.08017194 -0.89461815 -0.26810849 0.96231371 0.04549950
-0.57514352 -0.12091394 -0.80906725 -0.27669573 0.95947820 0.05330273
0.23050490 -0.97155035 -0.05438253 -0.17651744 0.01321150 -0.98420888
-0.31229103 0.00165021 -0.94998509 -0.24955013 0.96473688 0.08371110
-0.24055998 0.01920863 -0.97044420 -0.21197870 0.97463036 0.07183814
-0.32480687 -0.00097033 -0.94577986 -0.21956293 0.97275686 0.07440594
0.18487874 -0.98203409 -0.03780093 -0.14417644 0.01094518 -0.98949146
-0.25528345 -0.00910576 -0.96682346 -0.13176282 0.99095434 0.02545808
-0.37279171 -0.02395488 -0.92760581 -0.11877295 0.99267554 0.02209792
-0.36341444 -0.02257483 -0.93135405 -0.07178304 0.99741292 0.00383375
-0.50247705 -0.03270220 -0.86397189 -0.05319327 0.99856067 -0.00685987
-0.56554782 -0.03128151 -0.82412207 -0.02055724 0.99950463 -0.02383130
-0.34209543 -0.02259655 -0.93939352 0.03242213 0.99883169 -0.03583335
-0.21701860 -0.01799527 -0.97600162 0.03084690 0.99920434 -0.02528203
-0.17799912 -0.01487812 -0.98391819 0.08366626 0.99603623 -0.03019729
-0.14201365 -0.01554223 -0.98974270 0.09225932 0.99531651 -0.02886762
-0.08295632 -0.97365379 -0.21240669 0.08131376 0.20581734 -0.97520632
0.07694700 0.15670553 -0.98464340 0.02954073 0.98677951 0.15935400
0.24187772 0.14079784 -0.96003705 0.09255372 0.98155677 0.16727245
-0.03028577 -0.98806024 -0.15106209 0.01229284 0.15075180 -0.98849523
-0.10944240 -0.01530172 -0.99387538 0.01611303 0.99972284 -0.01716606
-0.06700514 -0.01087921 -0.99769336 -0.06149980 0.99808425 -0.00675315
-0.21448757 -0.01571904 -0.97660029 -0.07376292 0.99727577 0.00014849
-0.45749700 -0.02153193 -0.88895047 -0.03448350 0.99938440 -0.00645996
0.09977128 -0.99495888 -0.01012922 0.01347192 0.01152986 -0.99984282
0.09002746 -0.99590170 -0.00866088 0.04248324 0.01252839 -0.99901867
0.09159961 -0.99575555 -0.00896930 0.04980234 0.01357684 -0.99866682
0.11237058 0.05255412 -0.99227566 -0.09738136 0.99437577 0.04163736
0.14354390 0.05999396 -0.98782384 -0.09438670 0.99444062 0.04668018
0.18355504 0.08772656 -0.97908711 -0.08286684 0.99384552 0.07351341
0.22643097 0.09437966 -0.96944398 -0.08222540 0.99359387 0.07752553
0.28626972 0.14159155 -0.94762939 -0.04235253 0.98992413 0.13511680
0.61058491 0.13707203 -0.77999836 -0.07352402 0.99046516 0.11650334
0.31315094 0.11315624 -0.94293809 -0.09647480 0.99153048 0.08694810
0.54944855 0.13354641 -0.82478589 -0.13250528 0.98857862 0.07179599
0.55810076 0.13633031 -0.81849724 -0.14141507 0.98760718 0.06807223
0.46768612 0.11944133 -0.87578738 -0.19050844 0.98116136 0.03207752
0.47381023 0.12209705 -0.87212163 -0.20094310 0.97920501 0.02791944
0.54742867 0.13611050 -0.82570934 -0.23338871 0.97236770 0.00555376
0.55701798 0.14469846 -0.81779796 -0.27969411 0.95986670 -0.02066943
0.28945684 0.07026710 -0.95460844 -0.22227764 0.97497362 0.00436701
0.27016115 0.06446435 -0.96065468 -0.22403146 0.97457898 0.00239525
0.30847707 0.07278270 -0.94844323 -0.30514911 0.95194423 -0.02619708
0.32691705 -0.94503462 0.00590316 0.21219817 0.06731623 -0.97490537
0.35321856 -0.93549103 0.00965690 0.13618237 0.04120134 -0.98982668
0.33029217 -0.94385803 0.00625491 0.14579907 0.04447118 -0.98831421
0.37376189 -0.92739409 0.01556594 0.17424759 0.05372272 -0.98323530
0.38942426 -0.92006320 0.04280752 0.28209919 0.07489998 -0.95645708
0.38879341 -0.92018414 0.04583586 0.26717415 0.06499404 -0.96145397
0.55195242 0.22942378 -0.80169404 -0.45585293 0.88805008 -0.05971026
0.50375444 -0.86170560 0.06078559 0.27492008 0.09321536 -0.95693779
0.49830756 -0.86545593 0.05172624 0.18607441 0.04848464 -0.98133868
0.53778404 -0.84172398 0.04784492 0.07497592 -0.00877670 -0.99714673
0.60775763 -0.79177040 0.06107716 0.12168693 0.01685039 -0.99242550
0.60186404 -0.79533046 0.07217454 0.25206700 0.10343648 -0.96216589
0.70600605 -0.69702333 0.12535557 0.30555016 0.14010857 -0.94181138
0.62295270 -0.77994144 0.06017663 0.06868004 -0.02209831 -0.99739397
0.62487429 -0.77855116 0.05822530 0.03715125 -0.04484180 -0.99830312
0.68892205 -0.72225052 0.06116082 -0.03262791 -0.11519405 -0.99280703
0.69025677 -0.72120059 0.05844112 -0.07684078 -0.15337573 -0.98517585
0.78761661 -0.61491477 0.03924124 -0.04456541 -0.12036969 -0.99172831
0.61459684 -0.78688234 0.05555984 -0.01812947 -0.08450343 -0.99625826
0.56823051 -0.82189125 0.04011077 -0.04149262 -0.07730157 -0.99614400
0.54044819 -0.84031355 0.04229577 0.02102260 -0.03676746 -0.99910271
0.51725608 -0.85489929 0.03991847 -0.04215185 -0.07203479 -0.99651104
0.54284137 -0.83900136 0.03741620 -0.05294330 -0.07865001 -0.99549550
0.49097866 -0.87029886 0.03898618 -0.06295987 -0.08008207 -0.99479795
0.47153732 -0.88109952 0.03628043 -0.11490772 -0.10218167 -0.98810685
0.44102418 -0.89696085 0.03096577 -0.08183683 -0.07454892 -0.99385375
0.39543137 -0.91849452 0.00140450 -0.14750835 -0.06501460 -0.98692167
0.38512433 -0.92286450 0.00064671 -0.10163194 -0.04310892 -0.99388760
0.36583245 -0.93066972 -0.00452815 -0.06652073 -0.02129472 -0.99755782
0.31831411 -0.94665784 -0.05015157 -0.08548252 0.02402471 -0.99605000
0.42634320 -0.90430945 0.02135380 0.05076517 0.00035067 -0.99871057
0.44039637 -0.89725572 0.03135771 0.05469733 -0.00804815 -0.99847060
0.46620286 -0.88351876 0.04527288 0.09752647 0.00046412 -0.99523288
0.49318603 -0.86872679 0.04562251 -0.00350724 -0.05442944 -0.99851149
0.56586742 -0.82157397 0.06935660 0.43408439 0.22534689 -0.87223256
0.41398340 0.09273788 -0.90554816 -0.33476743 0.94059241 -0.05671659
0.47084418 -0.88074696 0.05089778 0.12914741 0.01174037 -0.99155593
0.40158254 -0.91563165 0.01871102 0.08143495 0.01535137 -0.99656045
0.36689001 -0.93025595 0.00395435 0.00474274 -0.00238024 -0.99998593
0.31086645 -0.95041174 -0.00892661 0.08899470 0.03845704 -0.99528944
0.27837116 -0.96005231 -0.02844463 0.02786052 0.03767394 -0.99890167
0.28634453 -0.95783496 -0.02364360 0.02124623 0.03101853 -0.99929303
0.23730712 -0.97138065 -0.01024324 0.15415396 0.04806628 -0.98687702
0.18036802 -0.98340368 -0.01961144 0.10853317 0.03971506 -0.99329925
0.20434490 -0.97877336 -0.01568074 0.16537279 0.05030561 -0.98494732
0.19926938 -0.97976929 -0.01854338 -0.03018909 0.01277612 -0.99946254
0.14087480 0.05095448 -0.98871535 -0.14297824 0.98925239 0.03061023
0.35440028 0.07842753 -0.93179911 -0.30833915 0.95054621 -0.03726820
0.35101914 0.09202272 -0.93183547 -0.23490909 0.97198844 0.00749857
0.50324279 0.13038817 -0.85425156 -0.24713787 0.96897757 0.00230944
0.32188886 0.08438928 -0.94300902 -0.21120356 0.97732133 0.01536717
0.35907626 0.09872932 -0.92807156 -0.17367901 0.98408842 0.03749106
0.32440770 0.09644785 -0.94098753 -0.10823379 0.99203950 0.06436663
0.41186497 0.10751520 -0.90487999 -0.17229682 0.98429137 0.03852803
0.34290478 0.09891940 -0.93414736 -0.12880117 0.98999894 0.05755360
0.31932461 0.09457555 -0.94291431 -0.12350091 0.99067479 0.05754155
0.18314853 0.06083713 -0.98120105 -0.16292913 0.98615903 0.03073260
0.13865431 -0.99019867 -0.01677988 0.09552512 0.03023677 -0.99496776
0.13776767 -0.99038321 -0.01269732 0.05441200 0.02036796 -0.99831080
0.13538899 -0.99068606 -0.01452731 0.06771443 0.02388001 -0.99741894
0.04736531 -0.99883401 -0.00934282 -0.04005847 0.00744636 -0.99916965
0.08362272 0.12753420 -0.98830271 -0.01090781 0.99183416 0.12706697
0.03471947 0.12586161 -0.99144012 -0.01032668 0.99203038 0.12557493
0.25834906 0.15121143 -0.95414406 0.01367664 0.98700249 0.16012192
-0.22063059 -0.01606868 -0.97522509 0.03251026 0.99918759 -0.02381848
-0.72452480 -0.06165315 -0.68648577 -0.08078831 0.99672222 -0.00425053
-0.57183623 -0.05120902 -0.81876796 -0.09065333 0.99588197 0.00102681
-0.46616530 -0.03855507 -0.88385719 -0.12991634 0.99120259 0.02528305
-0.11797063 -0.00931226 -0.99297345 -0.05422147 0.99852467 -0.00292252
0.19486277 -0.98036093 -0.03034790 -0.01085247 0.02878409 -0.99952674
0.28223267 -0.95840418 -0.04249998 -0.00758258 0.04207106 -0.99908584
0.28890273 -0.95624322 -0.04619643 -0.04025203 0.03607866 -0.99853802
0.26957831 -0.96117193 -0.05895881 -0.22455381 -0.00320654 -0.97445643
-0.49376005 -0.04360033 -0.86850452 -0.15429157 0.98728842 0.03815399
-0.36226255 -0.06249174 -0.92997885 -0.24889280 0.96800536 0.03190631
-0.38287744 -0.06558808 -0.92146790 -0.34366235 0.93599892 0.07617217
0.39472857 -0.91879541 -0.00210278 -0.17303842 -0.07209190 -0.98227316
0.55046660 -0.83371037 0.04374437 -0.12567663 -0.13455190 -0.98290449
0.64586323 -0.76205701 0.04614983 -0.21362101 -0.23842204 -0.94737589
-0.43019325 -0.49211907 -0.75680423 -0.74610144 0.66577399 -0.00881636
