-0.72344059 -0.67339605 -0.15222193 -0.18720047 0.40356314 -0.89559639
-0.81720513 -0.56523871 -0.11260992 -0.14204611 0.38688469 -0.91112190
-0.81521243 -0.56847048 -0.11077008 -0.15078375 0.39298457 -0.90709835
-0.84728086 -0.18485665 -0.49793896 0.12891863 0.83787477 -0.53042054
-0.16197225 -0.70059317 0.69493467 -0.92821693 -0.13085683 -0.34826693
-0.07658878 -0.87414962 0.47957963 -0.94142014 -0.09503476 -0.32356843
-0.11565751 -0.68320400 0.72101015 -0.98498249 -0.01479357 -0.17201927
-0.04993688 -0.88758749 0.45792446 -0.97118109 -0.06383375 -0.22963567
-0.06149897 -0.80031019 0.59642392 -0.99071294 -0.02365515 -0.13389684
-0.03983528 -0.85655379 0.51451802 -0.99345642 -0.02120983 -0.11222540
-0.04071191 -0.83249354 0.55253702 -0.99416697 -0.02152453 -0.10568243
-0.03043106 -0.83546948 0.54869372 -0.99467140 -0.02878575 -0.09899608
-0.02267731 -0.80088168 0.59839308 -0.99650091 -0.03005608 -0.07799108
-0.01407263 -0.85762656 0.51408041 -0.99621814 -0.03206047 -0.08075648
-0.01943707 -0.80279154 0.59594297 -0.99491274 -0.04339933 -0.09091272
-0.00609453 -0.82016188 0.57209903 -0.99641013 -0.04332769 -0.07272930
-0.00364699 -0.81216508 0.58341640 -0.99618745 -0.04790230 -0.07291133
0.00093295 -0.81229889 0.58324063 -0.99592954 -0.05332271 -0.07267126
0.00840527 -0.83443171 0.55104715 -0.99873525 -0.03432272 -0.03673974
0.00954533 -0.82974714 0.55805790 -0.99860448 -0.03689892 -0.03778239
0.01020965 -0.81562543 0.57849020 -0.99918288 -0.03094716 -0.02599869
0.01221642 -0.81956327 0.57285851 -0.99911422 -0.03307684 -0.02601508
0.01422902 -0.84243047 0.53861713 -0.99980581 -0.01933203 -0.00382393
0.01585210 -0.84519076 0.53422970 -0.99976987 -0.02112414 -0.00375396
0.01836851 -0.84518546 0.53415745 -0.99972683 -0.02324912 -0.00240816
0.01962886 -0.77213389 0.63515663 -0.99976897 -0.02072613 0.00570092
0.01984714 -0.81787825 0.57504892 -0.99979812 -0.01804329 0.00884433
0.02254663 -0.81988227 0.57208806 -0.99971950 -0.01433722 0.01885282
0.02523025 -0.76534086 0.64313042 -0.99930567 -0.00166587 0.03722072
0.02726896 -0.89553946 0.44414583 -0.99946809 -0.01647535 0.02814420
0.01841863 -0.95140469 0.30739215 -0.99946737 -0.00923655 0.03129920
0.02264024 -0.92546433 0.37815779 -0.99933308 -0.01010930 0.03508944
0.01802948 -0.93693709 0.34903279 -0.99978346 -0.01326576 0.01603399
0.01888211 -0.87395376 0.48564219 -0.99974376 -0.02257060 -0.00174693
0.02037222 -0.91448963 0.40409625 -0.99973154 -0.02309560 -0.00186574
0.01852583 -0.88846695 0.45856652 -0.99980021 -0.01990593 0.00182388
0.01577585 -0.89727610 0.44118786 -0.99986595 -0.01609188 0.00302564
0.01554374 -0.87124300 0.49060577 -0.99985099 -0.01723090 0.00107850
0.01423538 -0.92782271 0.37274981 -0.99983186 -0.01751860 -0.00542234
0.01503821 -0.94480097 0.32729948 -0.99988639 -0.01455277 0.00393226
0.01501834 -0.94753641 0.31929499 -0.99983126 -0.01085225 0.01482297
0.01388531 -0.96271759 0.27015191 -0.99971634 -0.00813749 0.02238469
0.01384842 -0.96601218 0.25812551 -0.99980670 -0.00977393 0.01706152
0.01412019 -0.98865610 0.14953198 -0.99986190 -0.01264918 0.01078399
0.01880134 -0.98792624 0.15377994 -0.99977255 -0.01702766 0.01284293
0.01998964 -0.98943341 0.14360374 -0.99970978 -0.01784897 0.01617968
0.01584514 -0.99641049 -0.08315707 -0.99974114 -0.01714636 0.01495690
0.01877090 -0.98600549 -0.16565296 -0.99830884 -0.02760074 0.05116316
0.02196175 -0.98853552 -0.14938276 -0.99974859 -0.02239046 0.00118853
0.02234170 -0.99792039 -0.06046286 -0.99975014 -0.02225492 -0.00210850
0.02833927 -0.98693991 -0.15857676 -0.99908084 -0.02286151 -0.03626187
-0.99887896 -0.01663918 -0.04431708 -0.01629762 0.99983478 -0.00805755
0.02174841 -0.99575233 0.08946726 -0.99889845 -0.02536423 -0.03947846
-0.99777859 -0.01903198 -0.06384066 -0.02078787 0.99942052 0.02695366
-0.99580514 -0.01955696 -0.08938475 -0.01688111 0.99938935 -0.03059495
-0.99411601 -0.02301607 -0.10584719 -0.01248966 0.99500340 -0.09905700
0.04199234 -0.98208255 -0.18371327 -0.99634755 -0.02747826 -0.08084905
0.04774810 -0.96746147 -0.24847223 -0.99793297 -0.03549314 -0.05357197
0.05283653 -0.93945861 -0.33856452 -0.99842876 -0.05603532 -0.00032682
0.05567105 -0.98036307 -0.18917982 -0.99227983 -0.03329444 -0.11946631
0.06028458 -0.97745824 -0.20233929 -0.99025673 -0.03307242 -0.13526939
-0.99437124 -0.01836393 -0.10434847 -0.02198872 0.99919033 0.03369369
-0.98250705 -0.01274079 -0.18578917 -0.02223065 0.99854720 0.04908514
0.00404020 -0.97534060 0.22066818 -0.99112844 -0.03322109 -0.12868881
-0.97202474 0.00968565 -0.23467880 0.03040111 0.99593282 -0.08481541
-0.02679603 -0.97005916 0.24138613 -0.98205328 -0.01955127 -0.18758748
-0.97657746 0.00597242 -0.21508351 0.02411406 0.99635518 -0.08182212
-0.04616579 -0.89536506 0.44293362 -0.98286504 -0.03849745 -0.18026181
-0.00296343 -0.96542603 0.26066032 -0.99022484 -0.03351612 -0.13539384
-0.01254851 -0.91905904 0.39392009 -0.99203950 -0.03792331 -0.12008115
0.01122929 -0.98574185 0.16788973 -0.99528480 -0.02719556 -0.09310553
0.00430088 -0.96455950 0.26383060 -0.99608403 -0.02743101 -0.08404938
-0.01491385 -0.89699441 0.44179016 -0.99527228 -0.02909185 -0.09266518
-0.00128205 -0.91943771 0.39323357 -0.99595559 -0.03415352 -0.08310301
0.00309979 -0.89677012 0.44248584 -0.99753493 -0.03379288 -0.06149869
0.00084930 -0.79959345 0.60054106 -0.99749380 -0.04316533 -0.05606201
0.01664609 -0.97887146 0.20379803 -0.99925292 -0.02339697 -0.03076072
0.01635179 -0.94476765 0.32733268 -0.99908584 -0.02837114 -0.03197754
0.01390959 -0.90602458 0.42299643 -0.99948102 -0.02489144 -0.02044907
0.01683223 -0.92825156 0.37157196 -0.99985832 -0.01572479 0.00601039
0.01659619 -0.93180972 0.36256757 -0.99986219 -0.01562755 0.00560449
0.01822648 -0.95867717 0.28391200 -0.99974936 -0.02116781 -0.00729517
0.01683786 -0.96727508 0.25317085 -0.99949187 -0.02313761 -0.02192642
0.01689310 -0.97473991 0.22270338 -0.99949634 -0.02244714 -0.02243130
0.01713823 -0.97045535 0.24067132 -0.99931175 -0.02454529 -0.02781251
0.01764318 -0.96336752 0.26760370 -0.99876547 -0.02941148 -0.04003184
0.02238421 -0.99733579 0.06942813 -0.99889296 -0.02518504 -0.03973204
0.01593931 -0.97829735 0.20659190 -0.99958849 -0.02051955 -0.02004665
0.01638776 -0.96606624 0.25777408 -0.99890679 -0.02710708 -0.03808523
0.01114128 -0.89868397 0.43845525 -0.99897176 -0.02927431 -0.03461820
0.01112238 -0.88803566 0.45964009 -0.99984723 -0.01607546 -0.00686385
0.01098034 -0.88331854 0.46864468 -0.99987978 -0.01483334 -0.00453127
0.00795986 -0.93944490 0.34260765 -0.99776518 -0.03019229 -0.05960732
-0.01910857 -0.91970080 0.39215475 -0.98927724 -0.03941057 -0.14063224
-0.07025705 -0.94900167 0.30734310 -0.96704018 -0.01079572 -0.25439501
-0.13449867 -0.92318422 0.36005703 -0.94586056 0.01129000 -0.32437703
-0.94186389 0.02986953 -0.33466420 0.10943530 0.96899939 -0.22150445
-0.87436223 0.02112942 -0.48481363 0.08711743 0.98965555 -0.11398470
-0.17033072 -0.91702950 0.36061674 -0.90217710 -0.00205830 -0.43136096
-0.77856803 0.02553634 -0.62704051 0.01909551 0.99967313 0.01700184
-0.79641902 0.02668898 -0.60415608 0.07445294 0.99575281 -0.05415839
-0.84913421 0.02978683 -0.52733654 0.07710729 0.99470294 -0.06797440
-0.84697998 0.04543002 -0.52968025 -0.06213054 0.98105562 0.18349314
-0.82853979 0.05401615 -0.55731869 -0.04655226 0.98524481 0.16469847
-0.83689642 0.05198078 -0.54488748 -0.04529725 0.98548871 0.16358531
-0.78560603 0.08833890 -0.61238837 -0.15715344 0.92880738 0.33558854
-0.76851994 0.09932667 -0.63206917 -0.15259387 0.93091744 0.33182499
-0.79824531 0.08434848 -0.59639734 -0.14429694 0.93453473 0.32530487
-0.78949946 0.08771338 -0.60745126 -0.09175108 0.96174622 0.25812018
-0.72259349 0.10834450 -0.68272990 -0.07950553 0.96806163 0.23777238
-0.80776304 0.07152565 -0.58515215 -0.02413638 0.98776704 0.15405765
-0.73885554 0.07919794 -0.66919380 0.02341367 0.99548715 0.09196320
-0.80107814 0.05621366 -0.59591430 0.04126546 0.99839818 0.03870818
-0.76499361 0.05252368 -0.64189261 0.11252250 0.99223948 -0.05291059
-0.60339993 0.02464885 -0.79705775 0.17247112 0.97989845 -0.10026338
-0.82572317 0.05019175 -0.56183815 0.18560140 0.96474689 -0.18658935
-0.79252028 0.00818971 -0.60979056 0.31302115 0.86360699 -0.39522251
-0.07788809 -0.93076277 0.35723120 -0.93856710 -0.05237443 -0.34109944
-0.15446748 -0.80131894 0.57795137 -0.90855139 -0.11461847 -0.40174243
-0.04221204 -0.93031859 0.36431515 -0.96823174 -0.05186058 -0.24461760
-0.03815899 -0.92913240 0.36777291 -0.97565329 -0.04490298 -0.21467258
-0.03430957 -0.93217909 0.36036792 -0.97650820 -0.04548376 -0.21062526
-0.02974804 -0.94133049 0.33617267 -0.98997849 -0.01870291 -0.13997431
-0.03090786 -0.88036829 0.47328267 -0.99579191 -0.01374942 -0.09060621
-0.07505918 -0.61358416 0.78605384 -0.99436992 -0.01307200 -0.10515483
-0.03591268 -0.86507767 0.50035077 -0.99410802 -0.02031410 -0.10647401
-0.03040193 -0.89375472 0.44752455 -0.99892581 0.01150302 -0.04488780
-0.02870199 -0.87200230 0.48865956 -0.99952257 0.01944171 -0.02401482
-0.02380702 -0.93001229 0.36675662 -0.99961960 0.02725581 0.00422699
0.00575388 -0.72860658 0.68490827 -0.99688101 0.04973156 0.06127927
-0.01288308 -0.89373964 0.44840106 -0.99638075 0.04915542 0.06934795
-0.01264598 -0.91860288 0.39497963 -0.99463695 0.05210812 0.08934259
-0.01257627 -0.93743169 0.34794202 -0.99542171 0.04470978 0.08447863
-0.01772208 -0.95283806 0.30296126 -0.99661517 0.04116245 0.07116110
-0.02017531 -0.96053368 0.27743125 -0.99768472 0.03736800 0.05682354
-0.02334007 -0.96272534 0.26947215 -0.99922788 0.03098636 0.02415579
-0.02281922 -0.97265512 0.23113056 -0.99942315 0.02801046 0.01920325
-0.02480025 -0.98270720 0.18349819 -0.99965429 0.02598107 0.00403333
-0.02332715 -0.98420602 0.17548311 -0.99972361 0.02347942 -0.00120874
-0.02383521 -0.98087406 0.19317861 -0.99969679 0.02219130 -0.01066949
-0.02478073 -0.96883613 0.24645996 -0.99961609 0.02095737 -0.01812444
-0.02411302 -0.94408363 0.32882318 -0.99956769 0.02830342 0.00796233
-0.02279447 -0.97058535 0.23967589 -0.99929512 0.01496696 -0.03442852
-0.02629957 -0.95862430 0.28345677 -0.99871904 0.01293499 -0.04891781
-0.02604868 -0.95072275 0.30894622 -0.99785429 0.00615793 -0.06518383
-0.02301955 -0.96214592 0.27156100 -0.99557024 -0.00270670 -0.09398190
-0.02351302 -0.96146578 0.27391741 -0.99006021 -0.01560902 -0.13977516
-0.01806790 -0.97986609 0.19883670 -0.99379867 -0.00422284 -0.11111463
-0.01691096 -0.98810613 0.15284076 -0.99404603 0.00015846 -0.10896106
-0.98385704 0.00399390 -0.17891181 0.02931000 0.98984700 -0.13908246
-0.02104121 -0.97412121 0.22504480 -0.98061454 -0.02375300 -0.19450182
-0.98051441 -0.00626490 -0.19634734 0.03025611 0.98274970 -0.18244907
-0.96657282 0.00647875 -0.25631064 0.02392085 0.99759907 -0.06499167
-0.96708107 0.00810083 -0.25433943 0.02560333 0.99751878 -0.06558074
-0.96131641 0.01259701 -0.27515826 0.03216130 0.99725425 -0.06670623
-0.94016045 0.00410503 -0.34070754 0.07800106 0.97596717 -0.20347990
-0.93900347 0.00833018 -0.34380686 0.08304169 0.97561687 -0.20316459
-0.08488695 -0.92293286 0.37548515 -0.94202644 -0.04843733 -0.33202416
-0.87505633 0.02194259 -0.48352346 0.11527689 0.97967416 -0.16416405
-0.92125994 0.01237005 -0.38875079 0.08397792 0.98224533 -0.16775551
-0.92683220 0.01265294 -0.37526268 0.02359786 0.99941927 -0.02458454
-0.92695653 0.01325421 -0.37493461 0.02427517 0.99940050 -0.02468636
-0.90511268 0.03376161 -0.42382929 0.03365097 0.99940366 0.00774736
-0.90220565 0.04231984 -0.42922494 0.04278667 0.99904752 0.00856697
-0.80480999 0.04361165 -0.59192818 0.05328486 0.99857873 0.00112426
-0.88216352 0.04326444 -0.46895179 -0.00566340 0.99472469 0.10242473
-0.88265580 0.04385447 -0.46796966 -0.01144490 0.99333715 0.11467449
-0.83585495 0.05980503 -0.54568297 -0.03516982 0.98617160 0.16195284
-0.88141233 0.04410588 -0.47028401 -0.04888378 0.98176718 0.18369424
-0.88794225 0.04065692 -0.45815462 -0.05704734 0.97865987 0.19740942
-0.85472310 0.05834594 -0.51579475 -0.09232661 0.96073109 0.26167086
-0.91244191 0.03491072 -0.40771446 -0.05213674 0.97831613 0.20044780
-0.92526948 0.03012093 -0.37811273 -0.03347293 0.98646909 0.16049404
-0.92410922 0.02974100 -0.38096941 -0.02467705 0.99024099 0.13716337
-0.91530359 0.03041888 -0.40161440 -0.01030965 0.99504769 0.09886272
-0.92736804 0.02977934 -0.37296346 -0.01526724 0.99298549 0.11724687
-0.94885957 0.01927252 -0.31510976 -0.00936815 0.99597645 0.08912461
-0.96158326 0.01358579 -0.27417722 -0.00785616 0.99700356 0.07695545
-0.96451670 0.01144177 -0.26377386 -0.01130810 0.99635357 0.08456831
-0.97882152 0.00635761 -0.20461681 -0.01354668 0.99531537 0.09572827
-0.98492259 0.00373409 -0.17295545 0.00939525 0.99944615 -0.03192479
-0.98559636 0.00307594 -0.16908690 0.00800786 0.99956191 -0.02849382
-0.99201542 0.00277539 -0.12608613 0.01002831 0.99832809 -0.05692526
-0.99305499 0.00035225 -0.11765067 0.00119159 0.99997437 -0.00706395
-0.99751496 0.00148555 -0.07043982 0.00205232 0.99996608 -0.00797448
-0.01641884 -0.99414682 0.10678293 -0.99774867 0.00934510 -0.06641018
-0.01690341 -0.99371386 0.11066658 -0.99860173 0.01123369 -0.05165702
-0.02034574 -0.99519199 0.09580682 -0.99800235 0.01448311 -0.06149477
-0.02196665 -0.98116648 0.19191088 -0.99898660 0.01399878 -0.04277642
-0.02113549 -0.99260330 0.11954894 -0.99974889 0.02009190 -0.00992809
-0.01760959 -0.99925745 0.03427161 -0.99944144 0.01661841 -0.02899430
-0.99971318 0.01144050 -0.02104153 0.01184468 0.99974579 -0.01918573
-0.01847650 -0.99904996 0.03946989 -0.99972481 0.01903102 0.01372003
-0.02248515 -0.99629247 0.08304090 -0.99959862 0.02383613 0.01531333
-0.02212610 -0.99002111 0.13917150 -0.99858862 0.02860796 0.04474777
-0.02484822 -0.99331236 0.11275250 -0.99762416 0.03188796 0.06106747
-0.02332826 -0.99265462 0.11871263 -0.99614680 0.03312186 0.08120622
-0.02359693 -0.98951381 0.14249763 -0.99343956 0.03916330 0.10744391
-0.02326992 -0.98012787 0.19699724 -0.99250388 0.04629689 0.11310510
-0.02367344 -0.97899747 0.20249344 -0.99249887 0.04731591 0.11272608
-0.01962268 -0.97233266 0.23277494 -0.99396789 0.04409857 0.10041533
-0.01938536 -0.97093391 0.23856153 -0.99665672 0.03770788 0.07248154
-0.96101063 0.05259417 0.27146354 0.04476514 0.99838573 -0.03495677
-0.02227216 -0.98956740 0.14233884 -0.99129516 0.04033795 0.12532657
-0.99081838 0.01875925 0.13389188 0.00342679 0.99349356 -0.11383711
-0.98596710 0.02209135 0.16547146 0.00342207 0.99367183 -0.11227015
-0.98358667 0.02332200 0.17892289 0.01214119 0.99791867 -0.06333199
-0.98359889 0.02294745 0.17890407 0.01730522 0.99930441 -0.03303503
-0.98719352 0.02172975 0.15804043 0.02958906 0.99843061 0.04754789
-0.96875566 0.02623076 0.24662615 0.00640350 0.99670535 -0.08085479
-0.98694438 0.02107248 0.15967694 0.02367866 0.99961543 0.01443630
-0.98870087 0.01957658 0.14861847 0.02203061 0.99964654 0.01488395
-0.00923857 -0.99084502 0.13468793 -0.99841285 0.01662371 0.05381044
-0.99171454 0.01719265 0.12730578 0.01699886 0.99985212 -0.00260869
-0.99426395 0.01665684 0.10564966 0.01713775 0.99984652 0.00364570
-0.99366605 0.01666058 0.11113174 0.01987468 0.99941379 0.02787670
-0.00845717 -0.99906027 0.04250894 -0.99918360 0.01012237 0.03911150
-0.99711549 0.01352143 0.07468510 0.01857470 0.99755406 0.06738647
-0.00590187 -0.98191082 0.18925187 -0.99978006 0.00960307 0.01864597
-0.99955702 0.01463080 0.02591901 0.01511727 0.99971139 0.01867313
0.02914356 -0.99661440 -0.07687963 -0.99953324 -0.02976090 0.00689632
0.03151064 -0.99694538 -0.07146354 -0.99827123 -0.03494050 0.04726336
0.03171275 -0.98720741 -0.15625539 -0.99644232 -0.04344040 0.07221994
-0.99732602 0.00819079 0.07262070 0.01191486 0.99862778 0.05099726
0.03571562 -0.98741877 -0.15404090 -0.99634844 -0.04714374 0.07118503
0.03653820 -0.99247462 -0.11687271 -0.99753183 -0.04323918 0.05532320
0.03058475 -0.98765093 -0.15365630 -0.99408454 -0.04608464 0.09834751
0.02655715 -0.98783135 -0.15324502 -0.99345374 -0.04311900 0.10578488
0.02431067 -0.98437041 -0.17442457 -0.99177593 -0.04567847 0.11955766
0.01717500 -0.98380667 -0.17840822 -0.98909688 -0.04281953 0.14090385
-0.98628861 0.01724445 0.16412638 0.04013190 0.98973340 0.13717619
-0.98585469 0.01777755 0.16665691 0.03646917 0.99328697 0.10977697
-0.98436475 0.01563988 0.17544650 0.03757610 0.99176729 0.12241606
-0.98017299 0.01276874 0.19773187 0.03651622 0.99246931 0.11692411
-0.00228989 -0.98240757 -0.18673563 -0.98782039 -0.02683055 0.15326767
-0.97952360 0.01888943 0.20044164 0.03112733 0.99782658 0.05807961
-0.97233438 0.02103410 0.23264454 0.03125194 0.99869794 0.04032173
-0.97333294 0.01439582 0.22894511 0.04144640 0.99264020 0.11378831
-0.97713953 0.01733381 0.21189128 0.04091815 0.99337012 0.10743175
-0.97723138 0.01856781 0.21136250 0.04758629 0.98996657 0.13304777
-0.98354679 0.02084259 0.17944735 0.03915884 0.99430251 0.09914169
-0.98547673 0.02094845 0.16851360 0.04266398 0.99107450 0.12629776
-0.01549709 -0.98642516 -0.16347884 -0.98662925 -0.01144364 0.16257870
-0.01241061 -0.98632658 -0.16433485 -0.98652261 -0.01473813 0.16295971
-0.00381930 -0.98324794 -0.18223323 -0.99297673 -0.01782012 0.11696035
0.00223778 -0.99389642 -0.11029471 -0.99403828 -0.01423401 0.10809851
0.00371967 -0.99508184 -0.09898654 -0.99782383 -0.01020995 0.06514182
-0.99731606 0.00948513 0.07259977 0.01200491 0.99933779 0.03435059
0.01253520 -0.99958664 -0.02587356 -0.99986982 -0.01226739 -0.01048368
0.01246011 -0.99703562 -0.07592576 -0.99893469 -0.01578597 0.04336264
0.00877602 -0.98692948 -0.16091363 -0.99853158 -0.01725194 0.05135252
0.01164953 -0.96737623 -0.25307611 -0.99458474 -0.03734973 0.09698581
0.01255954 -0.97059417 -0.24039386 -0.99470812 -0.03664466 0.09598418
0.00410927 -0.96834010 -0.24960087 -0.98830432 -0.04198228 0.14660172
0.00579697 -0.96806777 -0.25062174 -0.98829699 -0.04375039 0.14613344
-0.00111634 -0.97683692 -0.21398219 -0.98398364 -0.03707047 0.17436159
-0.00568826 -0.97647309 -0.21556440 -0.97850960 -0.03899896 0.20247987
-0.98267937 0.01466533 0.18473302 0.04459866 0.98627990 0.15894327
0.01155286 -0.96438402 -0.26425374 -0.99087268 -0.04653652 0.12651348
0.01501999 -0.96766973 -0.25177327 -0.99226451 -0.04545824 0.11551964
0.01046296 -0.95707339 -0.28965697 -0.99312490 -0.04372114 0.10858812
0.01372649 -0.95078850 -0.30953655 -0.99512470 -0.04322656 0.08864786
0.01345602 -0.95275813 -0.30343202 -0.99511319 -0.04244693 0.08915141
0.01739763 -0.95899576 -0.28288600 -0.99736810 -0.03656274 0.06261065
0.01697749 -0.95465684 -0.29722399 -0.99907607 -0.02793580 0.03265985
0.02021108 -0.96585411 -0.25829729 -0.99893111 -0.03025026 0.03495143
0.02698302 -0.96253633 -0.26980692 -0.99960083 -0.02372051 -0.01534576
0.02738781 -0.98355150 -0.17853977 -0.99962378 -0.02722219 -0.00337781
0.02417260 -0.93958074 -0.34147283 -0.99966419 -0.02590802 0.00052184
0.02899281 -0.93718058 -0.34763768 -0.99946976 -0.03233699 0.00382055
0.04823638 -0.93538958 -0.35031375 -0.99845427 -0.03546031 -0.04279768
0.05398685 -0.93546230 -0.34927896 -0.99809802 -0.04012803 -0.04679900
0.05665749 -0.93039632 -0.36215013 -0.99671054 -0.03165606 -0.07460558
0.06086970 -0.92000532 -0.38714999 -0.99476761 -0.02403036 -0.09929783
0.06141013 -0.93970579 -0.33642504 -0.99638361 -0.03788530 -0.07605561
0.06280807 -0.93370515 -0.35249105 -0.99524254 -0.03223809 -0.09194103
0.06515964 -0.93229759 -0.35577443 -0.98761749 -0.00926307 -0.15660731
0.07114921 -0.92147869 -0.38185710 -0.98697227 -0.00965371 -0.16060092
-0.97467971 -0.00286394 -0.22358738 -0.02163913 0.99643290 0.08156765
-0.96805978 0.01204644 -0.25043014 -0.02665080 0.98824185 0.15055840
-0.98090422 0.00204639 -0.19448048 -0.02920808 0.98705447 0.15770334
-0.95339167 0.00782240 -0.30163428 0.00759435 0.99996936 0.00192871
-0.96219742 0.00931258 -0.27219373 0.06918444 0.97498965 -0.21120779
-0.92799395 0.01281336 -0.37237492 0.00184419 0.99955428 0.02979862
-0.93806869 0.01174900 -0.34625015 -0.02335034 0.99500811 0.09702402
-0.94530851 0.00998516 -0.32602480 -0.03099312 0.99225926 0.12025440
-0.84067470 0.03679621 -0.54028898 -0.01030273 0.99642164 0.08389175
-0.94033962 0.01153095 -0.34004194 -0.03407058 0.99121076 0.12782986
-0.93034720 0.02601234 -0.36575612 -0.07916261 0.95970911 0.26961410
0.08436687 -0.92365736 -0.37381724 -0.94396383 0.04604743 -0.32682100
0.08800780 -0.92434180 -0.37127736 -0.94311923 0.04263762 -0.32970929
-0.80261731 0.10434460 -0.58729702 -0.11750162 0.93763185 0.32716945
-0.88189697 0.04482453 -0.46930650 -0.12245414 0.93952316 0.31984565
-0.88962722 0.03626529 -0.45524538 -0.13047524 0.93510997 0.32946268
-0.82651716 0.07027076 -0.55850822 -0.16532929 0.91811538 0.36018121
-0.86313462 0.06208703 -0.50114262 -0.15912841 0.90840876 0.38661572
-0.83349073 0.08188578 -0.54643202 -0.13728850 0.92725092 0.34836426
-0.88279843 0.05069345 -0.46700871 -0.11721125 0.93894428 0.32348910
-0.88446629 0.04928933 -0.46399355 -0.10163875 0.95017546 0.29467988
-0.88101631 0.04874668 -0.47056782 -0.10255044 0.95134848 0.29055044
-0.90392762 0.04009134 -0.42580226 -0.09864587 0.94920808 0.29878598
-0.91910785 0.02920759 -0.39292198 -0.07843033 0.96372873 0.25509933
-0.92598283 0.02394071 -0.37680581 -0.07354568 0.96743441 0.24220194
-0.94706738 0.01870594 -0.32048956 -0.06873445 0.96333665 0.25934160
0.09728909 -0.93459135 -0.34216067 -0.95729762 0.00616632 -0.28903854
0.08594322 -0.94815773 -0.30595875 -0.95576280 0.00824498 -0.29402292
-0.88575047 0.05131968 -0.46131596 -0.09761611 0.95104587 0.29322833
-0.94426143 0.02192719 -0.32846546 -0.06729412 0.96385247 0.25779825
0.08370154 -0.93121672 -0.35472459 -0.95221519 0.03018688 -0.30393273
0.07908692 -0.93363464 -0.34938765 -0.96799892 0.01181100 -0.25067636
0.06335010 -0.95308489 -0.29600006 -0.97443998 0.00498237 -0.22459279
0.06756645 -0.94607496 -0.31682330 -0.98267579 -0.00817620 -0.18515249
0.06994448 -0.94146305 -0.32978049 -0.98345762 -0.00970545 -0.18087822
0.07230259 -0.93517041 -0.34674007 -0.98272419 -0.00741221 -0.18492764
0.07059872 -0.93667388 -0.34301311 -0.98626858 -0.01407855 -0.16454852
0.06676115 -0.93315768 -0.35321349 -0.99063480 -0.01973411 -0.13510492
0.05230752 -0.96198678 -0.26803991 -0.99098623 -0.01685441 -0.13289933
0.04808567 -0.96838832 -0.24476899 -0.99126816 -0.01614330 -0.13086952
0.04760823 -0.96590465 -0.25448319 -0.99194723 -0.01578352 -0.12566438
0.04532847 -0.97337174 -0.22470596 -0.97978908 0.00055088 -0.20003276
0.05996589 -0.94873160 -0.31034252 -0.98813206 -0.01237270 -0.15310779
0.04916485 -0.97015721 -0.23744014 -0.97598696 0.00384377 -0.21779513
0.03884650 -0.98261338 -0.18155411 -0.98354852 -0.00552204 -0.18055983
-0.97749728 -0.00074790 -0.21094678 -0.03422562 0.98730636 0.15509620
-0.96325010 0.00996958 -0.26842093 -0.04464323 0.97946995 0.19658490
-0.95890796 0.01301403 -0.28341886 -0.03849125 0.98374432 0.17540133
-0.96373570 0.00859279 -0.26672012 -0.05458535 0.97200143 0.22854687
0.03808063 -0.98269087 -0.18129706 -0.98318261 -0.00441690 -0.18257201
0.03737592 -0.98202121 -0.18503357 -0.98181647 -0.00160090 -0.18982598
0.02988386 -0.98929101 -0.14286496 -0.99115634 -0.01084098 -0.13225567
0.02817360 -0.98946780 -0.14198507 -0.99121183 -0.00928778 -0.13195789
-0.98978859 -0.00007877 -0.14254312 -0.00997399 0.99758708 0.06870588
-0.98845941 0.00036730 -0.15148573 -0.00793471 0.99849880 0.05419580
-0.98586184 0.00155384 -0.16755325 -0.00715913 0.99865335 0.05138461
-0.99264246 -0.00259906 -0.12105453 -0.01353556 0.99588501 0.08960925
0.02090048 -0.99765205 -0.06522024 -0.99779314 -0.01670222 -0.06426460
0.03395693 -0.98547494 -0.16639142 -0.99306911 -0.01452618 -0.11663096
0.02958547 -0.98944294 -0.14187102 -0.99790871 -0.02107682 -0.06110680
0.02171666 -0.99855435 -0.04916913 -0.99863869 -0.01933299 -0.04844604
0.02958529 -0.98975849 -0.13965254 -0.99782956 -0.02102148 -0.06240407
0.03239482 -0.98520398 -0.16829641 -0.99941218 -0.03003959 -0.01652230
0.03226383 -0.98894638 -0.14472091 -0.99934584 -0.02955224 -0.02084804
0.03662042 -0.98033148 -0.19393072 -0.99903113 -0.03117354 -0.03106537
0.03900226 -0.96454555 -0.26101890 -0.99908400 -0.03303939 -0.02719550
0.03613679 -0.97062939 -0.23785034 -0.99846095 -0.02504755 -0.04948193
0.03559121 -0.95014608 -0.30976728 -0.99936545 -0.03340185 -0.01237051
0.03775337 -0.95211107 -0.30341259 -0.99928379 -0.03518999 -0.01391353
0.02486019 -0.94406778 -0.32881320 -0.99945498 -0.03061808 0.01234412
0.02655568 -0.95230544 -0.30398890 -0.99860471 -0.03915685 0.03543109
0.02346925 -0.95158339 -0.30649355 -0.99818784 -0.03929706 0.04557260
0.01946055 -0.95013738 -0.31122386 -0.99804795 -0.03693734 0.05035920
0.01894194 -0.95487458 -0.29640475 -0.99561918 -0.04516374 0.08187028
0.01790175 -0.95456821 -0.29745445 -0.99567205 -0.04415538 0.08177740
0.02959917 -0.99060929 -0.13348088 -0.99785322 -0.03708877 0.05397662
0.01437381 -0.96407282 -0.26524895 -0.99171013 -0.04762175 0.11934520
0.01716234 -0.94196594 -0.33526963 -0.99823606 -0.03520329 0.04780698
0.02699611 -0.95856249 -0.28360042 -0.99842054 -0.03983876 0.03961369
0.02823277 -0.96629298 -0.25589210 -0.99843472 -0.03962488 0.03947235
0.02593530 -0.97206533 -0.23327316 -0.99594766 -0.04522718 0.07773537
0.02737931 -0.95631182 -0.29106385 -0.99699217 -0.04724344 0.06143844
0.03034150 -0.97538692 -0.21840276 -0.99839759 -0.04001668 0.04001262
0.03210698 -0.97200865 -0.23274125 -0.99938112 -0.03457032 0.00651171
0.03506794 -0.96968037 -0.24184766 -0.99872047 -0.04282644 0.02689669
0.03636613 -0.96572936 -0.25699106 -0.99927014 -0.03815056 0.00195933
0.04323126 -0.96497017 -0.25877330 -0.99885350 -0.03641620 -0.03107414
0.04510918 -0.95425647 -0.29556686 -0.99709100 -0.02481164 -0.07206928
0.04345862 -0.95604515 -0.28998104 -0.99338895 -0.01048207 -0.11431774
0.03790581 -0.97631246 -0.21301903 -0.99863601 -0.02935065 -0.04318254
0.03837980 -0.97553235 -0.21648017 -0.99781996 -0.02577488 -0.06075341
0.03962799 -0.97377145 -0.22405103 -0.99872357 -0.03157172 -0.03942746
0.03796894 -0.97246569 -0.22993220 -0.99845612 -0.02758407 -0.04821318
0.03795400 -0.98116326 -0.18941571 -0.99222726 -0.01452288 -0.12358886
0.04987670 -0.96135408 -0.27075937 -0.99821043 -0.03902839 -0.04530717
0.05485475 -0.94663799 -0.31759652 -0.99466443 -0.02397411 -0.10033883
0.08177171 -0.92021722 -0.38277099 -0.97625184 0.00335065 -0.21661286
0.07489118 -0.92631412 -0.36923370 -0.97643262 0.00703908 -0.21570781
0.06751502 -0.93305641 -0.35333765 -0.97253191 0.01752553 -0.23210895
0.06872907 -0.94604552 -0.31666109 -0.97645783 0.00126240 -0.21570478
-0.96066540 0.01085555 -0.27749622 -0.05872087 0.96870196 0.24118133
0.14587098 -0.91034192 -0.38729730 -0.94427460 -0.01135382 -0.32896280
-0.90675944 0.02820233 -0.42070422 -0.13620754 0.92467552 0.35555971
0.08419567 -0.92667681 -0.36630756 -0.94940346 0.03701892 -0.31186971
0.07826521 -0.92717534 -0.36636117 -0.94844759 0.04396100 -0.31387055
0.04669069 -0.96818161 -0.24585450 -0.97282118 0.01180952 -0.23125654
0.06835967 -0.92762834 -0.36719579 -0.98994732 -0.01739014 -0.14036351
0.05751587 -0.93544722 -0.34875569 -0.99353325 -0.01937738 -0.11187607
0.05553965 -0.93773496 -0.34288281 -0.99418414 -0.02020390 -0.10578170
0.05012456 -0.93750107 -0.34435344 -0.99830019 -0.03676413 -0.04522377
0.02466050 -0.94017845 -0.33978873 -0.99944031 -0.03087224 0.01288659
0.02001452 -0.94135439 -0.33682558 -0.99970025 -0.02359471 0.00653888
0.01502886 -0.94390899 -0.32986346 -0.99863064 -0.03070279 0.04235802
0.01529634 -0.94547266 -0.32534209 -0.99610090 -0.04268323 0.07720833
0.01443476 -0.95077235 -0.30955395 -0.99508053 -0.04400585 0.08875932
0.01372693 -0.96374571 -0.26646921 -0.99171925 -0.04715389 0.11945506
0.00319291 -0.98001093 -0.19891822 -0.99468559 -0.02358335 0.10022210
0.00865394 -0.95812327 -0.28622553 -0.99124199 -0.04593956 0.12381013
-0.99875921 0.01045323 0.04869150 0.00943252 0.99973196 -0.02114559
0.01186876 -0.99450797 0.10398588 -0.99947006 -0.00864661 0.03138261
0.01206466 -0.98592615 0.16674553 -0.99973094 -0.00858960 0.02154604
0.00470956 -0.98283702 -0.18441609 -0.99455446 -0.02380403 0.10146386
-0.00166422 -0.98325169 -0.18224533 -0.99164617 -0.02188290 0.12711832
-0.99113750 0.02135627 0.13111204 0.03745922 0.99187082 0.12161031
-0.93758357 0.03051723 0.34641856 0.00291895 0.99679774 -0.07991129
-0.98230785 0.01414669 0.18673868 0.04702132 0.98383111 0.17281616
0.01462938 -0.98253518 -0.18550123 -0.98898757 -0.04154391 0.14204803
0.02188472 -0.96870774 -0.24723762 -0.99482411 -0.04564482 0.09078325
0.02387324 -0.97213626 -0.23319775 -0.99593300 -0.04339785 0.07895648
0.03183556 -0.98309892 -0.18028602 -0.99764359 -0.04222375 0.05407840
0.03463953 -0.98240870 -0.18350287 -0.99911839 -0.03839916 0.01697347
0.02817007 -0.99512810 -0.09448088 -0.99957180 -0.02729434 -0.01054868
-0.99854380 0.00939800 0.05312329 0.01177268 0.99893707 0.04456655
-0.99312598 0.01585095 0.11597249 0.00805115 0.99769241 -0.06741746
-0.98949689 0.01994609 0.14317146 0.03441362 0.99446261 0.09929721
-0.98603559 0.01972979 0.16536196 0.03649683 0.99441999 0.09897973
-0.98616326 0.01933140 0.16464622 0.03589870 0.99451399 0.09825084
-0.97982013 0.02078256 0.19879812 0.02748284 0.99914140 0.03100392
-0.99176151 0.01864917 0.12673385 0.01395916 0.99918807 -0.03779469
-0.02290637 -0.99488086 0.09842482 -0.99743766 0.02941690 0.06521358
-0.99855977 0.02028216 0.04966925 0.02137247 0.99953997 0.02151963
0.02212325 -0.99494040 -0.09800129 -0.99914050 -0.01856583 -0.03706424
-0.01694492 -0.99924475 0.03496791 -0.99933934 0.01580115 -0.03273025
-0.01796692 -0.99045801 0.13663849 -0.99543011 0.00490073 -0.09536734
-0.99747443 -0.00079311 -0.07102229 -0.00017257 0.99996179 -0.00874299
-0.99175602 0.00083012 -0.12813832 0.00049545 0.99999642 0.00264361
-0.98649514 0.00314827 -0.16376060 0.00542419 0.99989480 -0.01345254
-0.97251207 0.00557826 -0.23278557 -0.01466590 0.99626076 0.08514345
-0.95830762 0.01345228 -0.28542182 -0.03548224 0.98555744 0.16558264
-0.95623720 0.01525110 -0.29219493 -0.03630628 0.98473799 0.17021430
-0.91915447 0.02953845 -0.39278817 -0.06456157 0.97240102 0.22420551
-0.88676476 0.04149882 -0.46035433 -0.01556696 0.99271518 0.11947482
-0.85758734 0.03735057 -0.51298046 0.09126727 0.99258304 -0.08030738
-0.90542090 0.03467187 -0.42309678 0.02730736 0.99935186 0.02345739
-0.94497240 0.01270314 -0.32690337 0.01481832 0.99988228 -0.00398059
-0.94332951 0.01262037 -0.33161768 0.02382270 0.99927384 -0.02973739
-0.95997757 0.01201326 -0.27981913 -0.00326839 0.99853116 0.05408205
-0.97902668 0.00315004 -0.20370775 0.01838537 0.99716681 -0.07294107
-0.01664503 -0.99015808 0.13896027 -0.99482840 0.00247331 -0.10153969
-0.02296210 -0.97814339 0.20665970 -0.99922204 0.01582481 -0.03612366
-0.02256096 -0.99182767 0.12557450 -0.99973691 0.02186139 -0.00694638
-0.02717013 -0.99407792 0.10521831 -0.99835187 0.03230736 0.04743174
-0.02339869 -0.98746455 0.15609743 -0.99823743 0.03159547 0.05023756
-0.02107221 -0.96970212 0.24337992 -0.99668282 0.03951541 0.07114748
-0.01642790 -0.95815581 0.28577551 -0.99311954 0.04878024 0.10646188
-0.02475215 -0.95179868 0.30572322 -0.99932986 0.03180697 0.01811531
-0.02360510 -0.93309730 0.35884848 -0.99962437 0.02703073 0.00453137
-0.02586424 -0.94039392 0.33910224 -0.99797142 0.00454956 -0.06350118
-0.02042023 -0.96499455 0.26147389 -0.99180186 -0.01344491 -0.12707613
-0.01773957 -0.97091866 0.23875161 -0.97456646 -0.03656190 -0.22109599
-0.93523020 -0.03460237 -0.35234526 0.07147652 0.95626593 -0.28363106
-0.86538970 0.03720487 -0.49971637 0.12976930 0.97985899 -0.15177707
-0.84721398 0.04633411 -0.52922744 0.09538263 0.99326807 -0.06573224
-0.85407048 0.05230880 -0.51752055 0.04335357 0.99862742 0.02939012
-0.86292428 0.05353264 -0.50248981 -0.03048708 0.98704666 0.15751015
-0.86144561 0.05554690 -0.50480294 -0.08227410 0.96560520 0.24665277
-0.78094083 0.10430941 -0.61583352 -0.13587603 0.93397379 0.33050069
-0.87998074 0.02936964 -0.47410056 -0.15275736 0.92757076 0.34099510
-0.85664487 0.04793732 -0.51367468 -0.13682632 0.93890727 0.31580350
-0.90597159 0.02822917 -0.42239630 -0.05689963 0.98060089 0.18757501
-0.88651526 0.03030904 -0.46170560 -0.02592721 0.99303049 0.11497082
-0.89085197 0.02936118 -0.45334405 0.03919036 0.99915606 -0.01230059
-0.92892408 0.00987575 -0.37013856 0.04982075 0.99388766 -0.09851529
-0.13827784 -0.94390029 0.29988593 -0.93787158 0.02750184 -0.34589109
-0.97401088 0.01504843 -0.22600091 0.05617688 0.98266435 -0.17667773
-0.97271246 0.01221848 -0.23169206 0.03088121 0.99654543 -0.07709488
0.00610810 -0.97567332 0.21914467 -0.99315643 -0.03147920 -0.11246962
-0.98958915 -0.02140283 -0.14232096 -0.01432529 0.99861783 -0.05056949
0.06189107 -0.97701305 -0.20399751 -0.99064410 -0.03522541 -0.13184643
0.06459619 -0.92235917 -0.38089493 -0.99625641 -0.03763229 -0.07782690
0.05077960 -0.94774586 -0.31495917 -0.99845111 -0.04099628 -0.03761403
-0.99422199 -0.01994227 -0.10547517 -0.01371685 0.99813873 -0.05942205
0.00150223 -0.94629234 0.32330891 -0.99534369 -0.03257480 -0.09071833
0.02366032 -0.99735236 -0.06876398 -0.99966294 -0.02286744 -0.01229490
0.03076637 -0.97330582 -0.22744069 -0.99936235 -0.02582896 -0.02465377
0.01919612 -0.99874461 0.04626858 -0.99949956 -0.02033333 -0.02423436
0.02171780 -0.97435182 -0.22397971 -0.99925762 -0.02828562 0.02615625
0.01603484 -0.97576398 -0.21823755 -0.99830371 -0.02784155 0.05113300
-0.99639934 0.00770153 0.08443368 0.00185476 0.99760747 -0.06910777
0.01931998 -0.99977094 0.00920636 -0.99981028 -0.01929604 0.00268138
0.01934710 -0.97632670 0.21543427 -0.99975401 -0.01655463 0.01475907
0.01678924 -0.94229120 0.33437327 -0.99984920 -0.01433609 0.00980323
0.01423185 -0.97626740 0.21610045 -0.99978250 -0.01059909 0.01796017
0.01242722 -0.96188700 0.27316490 -0.99992234 -0.01169754 0.00429974
0.01390711 -0.95157433 0.30710405 -0.99983901 -0.01671806 -0.00652421
0.01465626 -0.92714036 0.37442768 -0.99980497 -0.01854645 -0.00678838
0.01687347 -0.93747956 0.34763122 -0.99979132 -0.01181575 0.01666397
0.01609529 -0.90536731 0.42432413 -0.99982470 -0.01863469 -0.00183533
0.01552229 -0.94667846 0.32180572 -0.99987036 -0.01607397 0.00094277
0.01625757 -0.94030887 0.33993357 -0.99986786 -0.01537487 0.00529013
0.00755259 -0.93814641 0.34615651 -0.99543548 -0.03998788 -0.08665553
0.01003600 -0.99750412 0.06989186 -0.99907684 -0.00708299 0.04237162
0.01858587 -0.96713400 0.25358719 -0.99952906 -0.01177846 0.02833645
0.01530041 -0.98292601 0.18336415 -0.99891871 -0.00697454 0.04596542
0.02942137 -0.93335092 0.35775754 -0.99807531 -0.00788419 0.06151100
0.03108119 -0.93711650 0.34763005 -0.99798065 -0.00982045 0.06275502
0.03211896 -0.94855475 0.31497985 -0.99596018 -0.00393466 0.08971037
0.03576678 -0.95527965 0.29353297 -0.99573791 -0.00907984 0.09178033
0.04963455 -0.90434545 0.42390519 -0.99468946 -0.00644376 0.10272010
0.06113593 -0.92042375 0.38611206 -0.99385214 -0.02036080 0.10882723
0.07423724 -0.89089680 0.44809803 -0.98891580 -0.00782853 0.14827107
0.07219732 -0.89882225 0.43232641 -0.98936492 -0.00966207 0.14513342
0.07284309 -0.90415472 0.42094916 -0.98858190 -0.00963395 0.15037628
0.07174270 -0.91180396 0.40431002 -0.98254168 0.00515446 0.18597123
0.07520889 -0.90986580 0.40802923 -0.98206073 0.00337190 0.18853474
0.04697298 -0.96129328 0.27149358 -0.98676556 -0.00242651 0.16213545
0.05697072 -0.94632244 0.31816381 -0.97345102 0.01811196 0.22817791
0.05881454 -0.94138062 0.33217975 -0.97440320 0.01818886 0.22407067
0.04447915 -0.97566336 0.21471515 -0.97511739 0.00432382 0.22164704
-0.99049020 -0.00431638 0.13751581 -0.00549118 0.99995160 -0.00816479
-0.99258572 -0.00409579 0.12147781 -0.00577622 0.99989241 -0.01348436
-0.98148894 -0.00488018 0.19145678 -0.00873981 0.99977517 -0.01932000
-0.98678946 -0.00695690 0.16185844 -0.02079256 0.99625361 -0.08394400
0.02260751 -0.99332130 0.11314482 -0.99320775 -0.00939479 0.11597445
0.03010730 -0.98303169 0.18094857 -0.98697335 -0.00061399 0.16088288
0.02916698 -0.98298311 0.18136579 -0.99287796 -0.00752323 0.11889807
0.04762098 -0.95249623 0.30080414 -0.98962027 -0.00411206 0.14364816
0.04872216 -0.93690079 0.34618369 -0.99231678 -0.00594095 0.12358101
0.03154828 -0.97828192 0.20486407 -0.99476552 -0.01080119 0.10161140
0.02103806 -0.99175471 0.12641196 -0.99370307 -0.00682420 0.11183792
-0.98972446 0.01090523 0.14257149 -0.00729245 0.99194020 -0.12649691
-0.99705732 0.00151162 0.07664505 0.00732359 0.99711090 0.07560551
-0.99446398 -0.00200685 0.10505922 0.00276595 0.99897122 0.04526420
-0.00706037 -0.96723825 -0.25377232 -0.99673617 -0.01360190 0.07957374
-0.00570532 -0.97083902 -0.23966438 -0.99234122 -0.02407773 0.12115787
-0.01341482 -0.94927436 -0.31416279 -0.99443233 -0.02017655 0.10342792
-0.01384480 -0.94617820 -0.32334995 -0.99822628 -0.00564734 0.05926590
-0.01162581 -0.94496965 -0.32695156 -0.99845749 -0.00678248 0.05510638
-0.00523750 -0.97507864 -0.22179762 -0.99793524 -0.00910213 0.06358037
-0.00486152 -0.97611117 -0.21721734 -0.99796945 -0.00905982 0.06304764
0.00164377 -0.99363810 -0.11260851 -0.99781173 -0.00907307 0.06549401
0.00097481 -0.99359977 -0.11295411 -0.99871182 -0.00669769 0.05029711
0.01223670 -0.99532193 0.09583583 -0.99664247 -0.00438062 0.08175949
0.01995619 -0.98128080 0.19154559 -0.99727190 -0.00591900 0.07357804
0.00716477 -0.99894989 0.04525234 -0.99925315 -0.00543386 0.03825808
-0.99911004 0.00788036 0.04143777 0.00841297 0.99988407 0.01269469
-0.99953502 0.00886157 0.02917637 0.00851736 0.99989295 -0.01190098
-0.00027413 -0.99606609 -0.08861314 -0.99999201 -0.00008016 0.00399456
-0.00253835 -0.97907251 -0.20349593 -0.99999654 0.00233753 0.00122716
-0.00176945 -0.98258513 -0.18580480 -0.99999654 0.00210471 -0.00160716
0.00186804 -0.97467667 -0.22361097 -0.98623389 0.03517760 -0.16157131
0.00194403 -0.99422807 -0.10726979 -0.99999541 -0.00218367 0.00211655
0.00108720 -0.99593079 -0.09011526 -0.99986088 -0.00258262 0.01647964
0.00097580 -0.99860847 -0.05272811 -0.99949652 0.00069830 -0.03172193
0.00284163 -0.99385607 -0.11064410 -0.99441236 0.00886763 -0.10519222
0.00729657 -0.98117733 -0.19297111 -0.99611825 0.00979687 -0.08747793
0.00529667 -0.98349947 -0.18083356 -0.99514824 0.01258224 -0.09757923
0.00415866 -0.98513645 -0.17172332 -0.99388474 0.01487718 -0.10941602
-0.00028348 -0.99230886 -0.12378645 -0.99530119 0.01226590 -0.09604780
-0.00199165 -0.99280345 -0.11973878 -0.99454784 0.01445082 -0.10327515
-0.00542978 -0.99621177 -0.08679092 -0.99748981 0.01152361 -0.06986691
-0.00382207 -0.99462295 -0.10349189 -0.99913758 0.00807731 -0.04072879
-0.00517301 -0.99688876 -0.07865197 -0.99808395 0.00999676 -0.06106086
-0.00444742 -0.99516869 -0.09807941 -0.99915820 0.00842228 -0.04015017
-0.00449282 -0.99431556 -0.10637852 -0.99939436 0.00813556 -0.03383399
-0.00420222 -0.99025184 -0.13922551 -0.99979734 0.00690154 -0.01891103
-0.00259996 -0.98349375 -0.18092346 -0.99994045 0.00447439 -0.00995298
-0.00140155 -0.97806156 -0.20831142 -0.99991256 0.00411075 -0.01257320
0.00043575 -0.97956067 -0.20114836 -0.99997300 -0.00190236 0.00709795
-0.00057952 -0.96350652 -0.26768434 -0.99925762 0.01086971 -0.03696124
0.00074661 -0.96291846 -0.26979172 -0.99942422 0.00843351 -0.03286596
0.00312749 -0.98049235 -0.19653253 -0.99577391 0.01498536 -0.09060740
0.00261637 -0.98226666 -0.18747087 -0.99607921 0.01401770 -0.08734816
0.00580215 -0.97533941 -0.22063407 -0.99766105 0.00938170 -0.06770902
-0.00165841 -0.95892221 -0.28366426 -0.99978065 0.00751196 -0.01954897
-0.00344172 -0.95726925 -0.28917778 -0.99997562 0.00153465 0.00682129
-0.00512270 -0.96330231 -0.26836988 -0.99955666 0.01280456 -0.02688168
-0.00635110 -0.95860028 -0.28468445 -0.99949306 -0.00279670 0.03171513
-0.00458128 -0.96324909 -0.26857051 -0.99687904 -0.01676774 0.07714361
-0.01189571 -0.96256286 -0.27079758 -0.99992532 0.01221493 0.00050660
-0.01205621 -0.95101213 -0.30891851 -0.99912065 -0.00094972 0.04191656
-0.00504997 -0.95160109 -0.30729452 -0.99988198 0.00034532 0.01536238
-0.00441205 -0.97414762 -0.22586933 -0.99998873 0.00469300 -0.00070693
0.00161812 -0.98330051 -0.18198216 -0.99768865 0.01077493 -0.06709103
0.00343884 -0.98096281 -0.19416535 -0.99785590 0.00932444 -0.06478187
0.00694462 -0.97649717 -0.21541846 -0.99706614 0.00966025 -0.07593337
0.00911751 -0.97269148 -0.23192286 -0.99635398 0.01083818 -0.08462501
0.00493504 -0.98062414 -0.19583659 -0.99659121 0.01130460 -0.08172011
0.00648244 -0.97309130 -0.23032875 -0.99808574 0.00787087 -0.06134322
0.00014267 -0.95276791 -0.30369928 -0.99940616 0.01032875 -0.03287293
-0.00409521 -0.97091562 -0.23938692 -0.99960804 -0.00265509 0.02786899
-0.00158668 -0.99366993 -0.11232830 -0.99992841 0.00024427 0.01196354
-0.00730372 -0.96857417 -0.24861762 -0.99620771 -0.01450850 0.08578866
-0.00109008 -0.99401796 -0.10921153 -0.99986541 -0.00070470 0.01639409
-0.00022655 -0.99120170 -0.13236004 -0.99853414 -0.00693989 0.05367967
-0.00605672 -0.97268057 -0.23206851 -0.99839604 -0.00718190 0.05615887
-0.00731147 -0.95149410 -0.30758005 -0.99965900 -0.00075641 0.02610278
-0.01302416 -0.94131958 -0.33726519 -0.99860108 -0.00504192 0.05263513
-0.02060918 -0.93908364 -0.34307036 -0.99683154 -0.00706716 0.07922730
-0.02132835 -0.94194812 -0.33508030 -0.99565977 -0.01035702 0.09248994
-0.02310822 -0.93944049 -0.34193212 -0.99069071 -0.02437875 0.13393152
-0.02372492 -0.94098586 -0.33761331 -0.99147344 -0.02113619 0.12858343
-0.01200886 -0.96674269 -0.25546902 -0.99204838 -0.02049178 0.12417804
-0.00162819 -0.97995025 -0.19923575 -0.99398625 -0.02022902 0.10762043
-0.95386869 0.03967163 -0.29759151 0.00707588 0.99392647 0.10981907
-0.99240047 -0.00343990 0.12300215 0.01088668 0.99323475 0.11561237
-0.00506363 -0.97546309 -0.22010498 -0.99793339 -0.00917031 0.06359906
-0.00297721 -0.98647189 -0.16390373 -0.99352676 -0.01569502 0.11250896
-0.98981094 -0.00455994 0.14231503 0.00588756 0.99732167 0.07290377
-0.00791396 -0.98425519 -0.17657642 -0.98616350 -0.02155847 0.16436788
-0.98512995 -0.00587610 0.17171033 0.02322857 0.98568374 0.16699712
0.04464441 -0.97359699 0.22386569 -0.98671722 -0.00793805 0.16225332
0.07368899 -0.91781747 0.39010391 -0.97151560 0.02227653 0.23592632
0.02891312 -0.98271680 0.18284366 -0.98700523 0.00085784 0.16068603
0.07447290 -0.90015167 0.42916277 -0.98826700 -0.00907209 0.15246627
0.04495196 -0.94391435 0.32711634 -0.99466264 -0.01184746 0.10249883
0.02189995 -0.97795677 0.20765582 -0.99742746 -0.00719184 0.07132138
0.03864531 -0.91559339 0.40024412 -0.99738771 -0.01088106 0.07141075
0.01968193 -0.97655654 0.21435949 -0.99768096 -0.00521113 0.06786416
-0.99978966 0.00677980 0.01935600 0.00677669 0.99997705 -0.00022648
0.02137305 -0.93930292 0.34242252 -0.99946719 -0.01162335 0.03049978
0.02143835 -0.91839337 0.39508745 -0.99970502 -0.01517969 0.01896061
0.03830267 -0.90027100 0.43364158 -0.99688834 -0.00450621 0.07869789
0.02815774 -0.81211287 0.58282065 -0.99912322 -0.00479401 0.04159044
0.02785896 -0.80234158 0.59621459 -0.99912995 -0.00383161 0.04152945
0.02655481 -0.82289606 0.56757110 -0.99830478 0.00758653 0.05770680
0.03275523 -0.78965396 0.61267757 -0.99723560 0.01508499 0.07275703
0.03335740 -0.79156923 0.61016834 -0.99723941 0.01416239 0.07289107
0.03642813 -0.78443724 0.61913753 -0.99742168 0.00979276 0.07109246
0.06118020 -0.78808045 0.61252451 -0.99360108 0.01028643 0.11247753
0.08117866 -0.75835061 0.64677238 -0.99089879 0.00850223 0.13434015
0.08686385 -0.75424927 0.65081698 -0.99034268 0.00548136 0.13853247
0.06826169 -0.88052177 0.46906480 -0.99178523 -0.00891134 0.12760352
0.05255413 -0.79438835 0.60513246 -0.99438250 0.01412354 0.10490014
0.03189932 -0.87662864 0.48010901 -0.99764311 0.00127052 0.06860507
0.11563041 -0.78550041 0.60796285 -0.98324203 -0.00366721 0.18226787
0.11347878 -0.86395711 0.49061260 -0.97954863 -0.01470798 0.20066941
0.14442220 -0.81943744 0.55467510 -0.97297674 -0.01553938 0.23037975
0.13870795 -0.83918083 0.52586651 -0.97351766 -0.01810427 0.22789413
0.14575316 -0.81805873 0.55635959 -0.97656113 -0.02893809 0.21328619
0.14795364 -0.84484047 0.51415390 -0.96106875 -0.00015160 0.27630943
0.18321277 -0.75820214 0.62574971 -0.96325028 -0.01127395 0.26836899
0.17083725 -0.77103567 0.61344814 -0.96853697 -0.01705827 0.24828447
0.18660091 -0.72125793 0.66705853 -0.96914089 -0.02381498 0.24535449
0.22317877 -0.66074634 0.71666276 -0.95865184 -0.01560135 0.28415349
0.23177463 -0.71780431 0.65653449 -0.93910742 0.01090281 0.34345087
0.26647893 -0.60166574 0.75298566 -0.93246770 0.03676963 0.35937738
0.26419935 -0.62472177 0.73479342 -0.90385246 0.10545592 0.41464418
0.25328717 -0.65381348 0.71300322 -0.92761976 0.04501320 0.37080389
0.23797478 -0.69375503 0.67975879 -0.93250936 0.03254680 0.35967642
0.24314345 -0.69504201 0.67660767 -0.93102771 0.02848773 0.36383492
0.27924994 -0.76345837 0.58236659 -0.86823469 0.05827302 0.49271989
-0.84343654 0.00777087 0.53717262 -0.23902090 0.89005136 -0.38817218
-0.77801943 0.03213148 0.62741798 -0.18882634 0.94055337 -0.28231895
-0.74260688 0.06689128 0.66637874 -0.31670886 0.84163994 -0.43742171
0.28708002 -0.75704920 0.58690858 -0.79945010 0.14817451 0.58217174
-0.90047938 -0.02437937 0.43421486 -0.10285256 0.98204231 -0.15815909
0.20258366 -0.80024749 0.56441462 -0.93241221 0.01851693 0.36092189
0.19180752 -0.80441785 0.56224722 -0.95046002 -0.00946479 0.31070274
-0.95597100 -0.01504282 0.29307529 -0.06655816 0.98377413 -0.16660884
0.12267793 -0.87513292 0.46807328 -0.97916645 -0.02983186 0.20085588
0.11468638 -0.89690197 0.42709956 -0.97909695 -0.02935549 0.20126477
0.08841438 -0.94646376 0.31046629 -0.98950058 -0.04767916 0.13643824
0.08619303 -0.89064384 0.44645759 -0.99051750 -0.02848634 0.13440138
0.03821607 -0.98292655 0.17998569 -0.99592388 -0.02273858 0.08728450
0.04864268 -0.90456295 0.42355606 -0.99749810 -0.02221534 0.06711227
0.02559635 -0.91869104 0.39414677 -0.99947947 -0.01577367 0.02814155
0.02441622 -0.88307500 0.46859619 -0.99938095 -0.00968412 0.03382294
0.02030551 -0.88027185 0.47403502 -0.99974251 -0.01307210 0.01854985
0.01836715 -0.91743988 0.39745036 -0.99981219 -0.01439246 0.01298143
0.01634930 -0.89951515 0.43658364 -0.99984121 -0.01780361 0.00076065
0.01636870 -0.90761888 0.41947594 -0.99983358 -0.01823977 -0.00045003
0.01504472 -0.89710152 0.44156834 -0.99979728 -0.01940686 -0.00536327
0.01575382 -0.93932599 0.34266388 -0.99975997 -0.02001720 -0.00890854
0.01372175 -0.91528565 0.40257168 -0.99912572 -0.02845123 -0.03063119
0.01910446 -0.94694865 0.32081664 -0.99913883 -0.02990283 -0.02876545
0.01250059 -0.87762296 0.47918862 -0.99863231 -0.03528841 -0.03857861
0.00122586 -0.92192698 0.38736185 -0.99606329 -0.03546027 -0.08124381
-0.00187603 -0.92207474 0.38700739 -0.99606216 -0.03258075 -0.08245457
0.00774314 -0.96306020 0.26917505 -0.99200445 -0.04130668 -0.11925174
-0.00716978 -0.93869501 0.34467411 -0.98853749 -0.04532801 -0.14401074
0.00776619 -0.97443914 0.22451764 -0.98973477 -0.03953234 -0.13734061
0.01275534 -0.98204547 0.18821295 -0.99188608 -0.03623729 -0.12185573
0.00868552 -0.97395021 0.22659567 -0.99072474 -0.03911160 -0.13013393
-0.98560512 -0.04396659 -0.16324688 -0.01890131 0.98819524 -0.15202956
-0.09005354 -0.86101180 0.50054872 -0.93565297 -0.09906213 -0.33873332
-0.98575848 -0.04218470 -0.16279043 -0.02858465 0.99597090 -0.08499989
-0.96838582 -0.04119913 -0.24603179 -0.03349526 0.99881113 -0.03541742
-0.00589483 -0.96979868 0.24383554 -0.98137587 -0.04120927 -0.18762538
-0.02487125 -0.93407416 0.35621190 -0.98143870 -0.04496353 -0.18643083
-0.02739999 -0.93259132 0.35989264 -0.98121941 -0.04367731 -0.18788514
-0.02639814 -0.93618268 0.35052127 -0.97523540 -0.05290579 -0.21474841
-0.01554201 -0.95405310 0.29923430 -0.97817141 -0.04751384 -0.20229460
-0.91173774 -0.01125277 -0.41061869 -0.04534946 0.99627161 0.07339167
-0.89514917 0.00139828 -0.44576457 -0.12096982 0.96170706 0.24593870
-0.07137752 -0.81021017 0.58177722 -0.97523046 -0.06573649 -0.21119751
-0.04475760 -0.90725583 0.41819093 -0.98594475 -0.02733306 -0.16482091
-0.06469297 -0.84512556 0.53063887 -0.97400290 -0.06221085 -0.21782631
-0.06122009 -0.85257179 0.51901197 -0.95909584 -0.09373765 -0.26711139
-0.05893717 -0.85701019 0.51191795 -0.95890486 -0.09396950 -0.26771471
-0.10342816 -0.74466830 0.65937233 -0.94867951 -0.12532544 -0.29034591
-0.09928288 -0.75763571 0.64508218 -0.95326841 -0.11348511 -0.28000095
-0.04962899 -0.84276605 0.53598738 -0.90882653 -0.18445434 -0.37418044
-0.85768390 0.02133629 -0.51373446 0.21917409 0.91899163 -0.32774559
-0.73452735 0.00710686 -0.67854196 0.28187707 0.91278768 -0.29557401
-0.74584013 0.01946058 -0.66584069 0.34280193 0.86826515 -0.35861206
-0.09410328 -0.71069837 0.69717467 -0.90069956 -0.23755732 -0.36374015
-0.09892382 -0.72751087 0.67892706 -0.93945408 -0.15666853 -0.30476391
-0.12806523 -0.65497822 0.74471664 -0.94134498 -0.15610079 -0.29916912
-0.10075827 -0.69802630 0.70894784 -0.91364789 -0.21714471 -0.34365058
-0.14434892 -0.63915664 0.75540870 -0.97063535 -0.05700082 -0.23370479
-0.14449495 -0.62059736 0.77070111 -0.96780771 -0.07357692 -0.24069640
-0.13569854 -0.61827487 0.77415901 -0.97824663 -0.04013526 -0.20352572
-0.12209787 -0.66600114 0.73589039 -0.97133857 -0.07217047 -0.22647940
-0.10190670 -0.78616184 0.60956097 -0.98185354 -0.01902518 -0.18868390
-0.11797531 -0.65036440 0.75040525 -0.98238343 -0.03385212 -0.18378495
-0.06515778 -0.75729966 0.64980894 -0.99186033 -0.02223867 -0.12537338
-0.07348989 -0.69657177 0.71371353 -0.99078286 -0.03066138 -0.13194421
-0.04877201 -0.70279109 0.70972246 -0.99464309 -0.03066414 -0.09871639
-0.03525836 -0.71163785 0.70166123 -0.99537921 -0.03774020 -0.08829445
-0.04517336 -0.61848640 0.78449601 -0.99507934 -0.04146342 -0.08998852
-0.02358191 -0.60410571 0.79655522 -0.99696469 -0.04492567 -0.06358654
-0.01726623 -0.64751160 0.76186001 -0.99611169 -0.05469735 -0.06906291
-0.00929154 -0.73031187 0.68305081 -0.99646556 -0.05026892 -0.06730200
-0.00022746 -0.72555864 0.68816030 -0.99807924 -0.04246687 -0.04510465
-0.00173825 -0.69174892 0.72213602 -0.99779063 -0.04676042 -0.04719454
-0.00063146 -0.65851223 0.75256968 -0.99878919 -0.03660456 -0.03286771
0.00548330 -0.73875105 0.67395610 -0.99862772 -0.03914789 -0.03478679
0.00616266 -0.74784225 0.66384786 -0.99936718 -0.02786353 -0.02211164
0.00924041 -0.71901882 0.69492924 -0.99970174 -0.02235405 -0.00983602
0.01076451 -0.74305344 0.66914558 -0.99955279 -0.02666735 -0.01353303
0.01552092 -0.78987789 0.61306769 -0.99987572 -0.01395404 0.00733525
0.01609722 -0.77906197 0.62674022 -0.99977881 -0.02102869 -0.00046111
0.01830916 -0.77411699 0.63277775 -0.99976552 -0.02149530 0.00263124
0.01872128 -0.78641492 0.61741495 -0.99980128 -0.01896071 0.00616535
0.02418158 -0.78342056 0.62102139 -0.99948496 -0.00583544 0.03155692
0.02372734 -0.67768741 0.73496723 -0.99968714 -0.01026439 0.02280901
0.02046285 -0.73441947 0.67838740 -0.99976707 -0.01037379 0.01892631
0.02218764 -0.74023545 0.67198151 -0.99969471 -0.00911820 0.02296380
0.02453350 -0.71773040 0.69588882 -0.99937958 -0.00001133 0.03522136
0.02616926 -0.69550544 0.71804410 -0.99951452 -0.00605385 0.03056367
0.02668834 -0.67835414 0.73425025 -0.99842989 0.01809904 0.05301189
0.02678468 -0.74935001 0.66163224 -0.99881917 0.00677590 0.04810915
0.03525970 -0.67470253 0.73724711 -0.99831587 0.01022580 0.05710391
0.03244060 -0.68625379 0.72663838 -0.99858224 0.00844488 0.05255701
0.02774871 -0.69021666 0.72307050 -0.99907297 0.00466749 0.04279605
0.02543491 -0.67119056 0.74084836 -0.99965274 -0.01196723 0.02347819
0.02092361 -0.68797773 0.72543007 -0.99969023 -0.00461641 0.02445604
0.01754307 -0.68944126 0.72412920 -0.99982101 -0.00696191 0.01759368
0.01590071 -0.68108809 0.73202890 -0.99982595 -0.01797743 0.00499124
0.01528917 -0.69860804 0.71534121 -0.99985528 -0.01601997 0.00572493
0.01550834 -0.66961432 0.74254715 -0.99985170 -0.01595185 0.00649717
0.01407855 -0.67446285 0.73817462 -0.99980581 -0.01967592 0.00109072
0.01351111 -0.69861311 0.71537209 -0.99960864 -0.02696265 -0.00745156
0.01511858 -0.74278790 0.66935611 -0.99988562 -0.01089212 0.01049713
0.01706467 -0.76484394 0.64398950 -0.99984360 -0.01605279 0.00742889
0.02217820 -0.74746233 0.66393393 -0.99969614 -0.00943233 0.02277509
0.02199001 -0.81019115 0.58575320 -0.99928868 0.00014307 0.03771261
0.02318411 -0.69273394 0.72082055 -0.99958616 -0.00378057 0.02851693
0.01243004 -0.69846702 0.71553439 -0.99986845 -0.01614232 0.00161212
0.01520630 -0.80237943 0.59662044 -0.99975747 -0.02170868 -0.00371424
0.01566107 -0.78524584 0.61898607 -0.99982691 -0.01851700 0.00180612
0.01042252 -0.76052099 0.64922965 -0.99969971 -0.02232469 -0.01010276
0.01099927 -0.77813482 0.62800097 -0.99957258 -0.02556953 -0.01417510
0.00570466 -0.75182146 0.65934211 -0.99937427 -0.02730310 -0.02248600
0.00180463 -0.68316352 0.73026323 -0.99933362 -0.02785560 -0.02358944
0.00398853 -0.67462224 0.73815244 -0.99937648 -0.02858491 -0.02072468
-0.00247091 -0.64052683 0.76793182 -0.99935848 -0.02585640 -0.02478220
-0.00724751 -0.61341649 0.78972638 -0.99814016 -0.04336699 -0.04284529
-0.00698257 -0.61718839 0.78678447 -0.99822712 -0.04220712 -0.04196821
-0.00760547 -0.61293358 0.79009783 -0.99836206 -0.04015082 -0.04075798
-0.00722785 -0.63506639 0.77242380 -0.99900728 -0.02936855 -0.03349412
-0.00715545 -0.61284482 0.79017097 -0.99836439 -0.04044393 -0.04040847
-0.00986740 -0.62808108 0.77808535 -0.99813104 -0.04074287 -0.04554613
-0.01683434 -0.62607378 0.77958208 -0.99839401 -0.03165668 -0.04698250
-0.01224261 -0.72623169 0.68734097 -0.99781013 -0.03581184 -0.05561067
-0.03468544 -0.73792613 0.67398965 -0.99574095 -0.03212637 -0.08641765
-0.07359983 -0.61073130 0.78841007 -0.99286550 -0.02949523 -0.11553428
-0.08781967 -0.61109805 0.78666818 -0.99261308 -0.01267835 -0.12065908
-0.09959882 -0.56602830 0.81834716 -0.99280727 0.00161773 -0.11971295
-0.07116514 -0.78717917 0.61260468 -0.98820388 -0.02785427 -0.15058970
-0.07988587 -0.74188185 0.66575497 -0.98872870 -0.02586842 -0.14746681
-0.03405251 -0.90338510 0.42747617 -0.99315268 -0.01723904 -0.11554520
-0.07133342 -0.79591066 0.60119700 -0.98646671 -0.03291646 -0.16062388
-0.09579931 -0.68057841 0.72638530 -0.98774159 -0.02535547 -0.15402479
-0.10721919 -0.63005531 0.76911277 -0.98439699 -0.04128351 -0.17105053
-0.08855687 -0.57901710 0.81049174 -0.99099058 -0.03086291 -0.13032725
-0.08630975 -0.58844966 0.80391395 -0.99249959 -0.01933489 -0.12070946
-0.08600101 -0.58411026 0.80710542 -0.99211872 -0.02388901 -0.12300376
-0.08296645 -0.58225089 0.80876482 -0.99348366 -0.01531466 -0.11294111
-0.07608303 -0.68763608 0.72205824 -0.99385798 -0.00606341 -0.11049683
-0.07437003 -0.59005344 0.80393165 -0.99366254 -0.02428941 -0.10974908
0.00983029 -0.68772262 0.72590697 -0.99957687 -0.02663411 -0.01169674
0.00988868 -0.66610205 0.74579513 -0.99970514 -0.02312927 -0.00740242
0.01220006 -0.67075109 0.74158227 -0.99980396 -0.01975091 -0.00141627
0.01213143 -0.67395622 0.73867166 -0.99978447 -0.02062321 -0.00239665
0.01651072 -0.69424713 0.71954733 -0.99986148 -0.00995157 0.01334114
0.02491014 -0.72702664 0.68615729 -0.99953645 -0.00609532 0.02982862
0.03833899 -0.74069625 0.67074531 -0.99812853 0.00361513 0.06104395
0.06104131 -0.75025612 0.65832341 -0.99651617 -0.00825660 0.08298974
0.07610182 -0.70321596 0.70689166 -0.99491125 -0.00660448 0.10053900
0.08802827 -0.68732297 0.72099805 -0.99331731 -0.00632989 0.11524212
0.12048871 -0.68819571 0.71545029 -0.98759103 -0.00996853 0.15673102
0.12120797 -0.71416670 0.68940163 -0.98681861 -0.01167034 0.16140915
0.08729284 -0.83676118 0.54056519 -0.99129832 -0.01929405 0.13021319
0.14360739 -0.74013734 0.65694267 -0.98226386 -0.02573414 0.18572937
0.14651845 -0.77529311 0.61437196 -0.98001683 -0.02929986 0.19674492
0.16090244 -0.75270575 0.63839209 -0.97764379 -0.03284008 0.20768794
0.20633660 -0.67465317 0.70870888 -0.96502346 -0.02059767 0.26135322
0.18599761 -0.61254388 0.76824147 -0.97287548 -0.00536025 0.23126730
0.14080341 -0.63252825 0.76163149 -0.98507178 -0.01255273 0.17168602
0.14527930 -0.60563022 0.78237206 -0.98466963 -0.01134694 0.17406048
0.12187681 -0.74354506 0.65748531 -0.98266375 0.00284776 0.18537503
0.13107800 -0.73244727 0.66808647 -0.98158622 -0.00143412 0.19101411
0.10243290 -0.88215065 0.45969310 -0.99400216 -0.07297647 0.08145060
0.10534538 -0.80064672 0.58980268 -0.98599851 -0.00700046 0.16660741
0.12526189 -0.69492775 0.70808536 -0.98544461 -0.00447246 0.16993801
0.11601602 -0.69206613 0.71244985 -0.98655701 0.00282178 0.16339293
0.08512218 -0.68134093 0.72699988 -0.99283177 0.00343963 0.11947124
0.08702624 -0.64046782 0.76303828 -0.99262553 0.00913282 0.12087695
0.07504342 -0.65850067 0.74882936 -0.99501246 0.00004159 0.09975104
0.18308669 -0.64007568 0.74617851 -0.97405893 -0.01542570 0.22576848
0.12437870 -0.63940543 0.75874281 -0.98751307 -0.00525792 0.15744945
0.07893847 -0.67615736 0.73251623 -0.99457723 -0.00350718 0.10394172
0.04970420 -0.65835345 0.75106609 -0.99658120 0.01699813 0.08085181
0.04595185 -0.70140892 0.71127629 -0.99718869 0.00997891 0.07426365
0.03920025 -0.74547571 0.66537905 -0.99647695 0.02024399 0.08138750
0.02251748 -0.71337509 0.70042062 -0.99971062 -0.01013564 0.02181610
0.02418587 -0.75514120 0.65511590 -0.99941486 -0.00240936 0.03411964
0.01754192 -0.73678428 0.67590040 -0.99983281 -0.01641914 0.00805092
0.01699886 -0.76555675 0.64314377 -0.99974394 -0.02262475 -0.00050692
0.01591664 -0.72322410 0.69043005 -0.99959373 -0.02783947 -0.00611794
0.00722156 -0.66572529 0.74616200 -0.99972224 -0.02154657 -0.00954825
0.00134506 -0.65592104 0.75482839 -0.99933487 -0.02839007 -0.02288928
-0.00066839 -0.66270673 0.74887872 -0.99887341 -0.03509150 -0.03194511
-0.00591724 -0.63989311 0.76844114 -0.99846429 -0.03854812 -0.03978812
-0.02321821 -0.60919976 0.79267687 -0.99438685 -0.06779664 -0.08123055
-0.05517501 -0.57507777 0.81623602 -0.99559259 -0.03040276 -0.08871916
-0.10236629 -0.48105347 0.87069440 -0.99098903 -0.02669269 -0.13125670
-0.12528232 -0.62957603 0.76677144 -0.98254538 -0.02838635 -0.18384477
-0.11366393 -0.67144567 0.73228496 -0.90795642 -0.22903575 -0.35093847
-0.11563468 -0.66361219 0.73908567 -0.89922512 -0.24612826 -0.36168379
-0.08747046 -0.67388487 0.73364037 -0.84276891 -0.34259593 -0.41517296
-0.77113402 -0.62543118 -0.11911462 -0.24076402 0.45965874 -0.85483724
-0.12082433 -0.68753946 0.71602446 -0.92758489 -0.17869332 -0.32810825
-0.12308980 -0.69350410 0.70985985 -0.95400029 -0.11435201 -0.27714103
-0.11047818 -0.72433501 0.68053901 -0.97635216 -0.04892774 -0.21057673
-0.09506875 -0.76975590 0.63121933 -0.97571343 -0.05365072 -0.21237913
-0.09786808 -0.74776751 0.65670812 -0.97546017 -0.05869744 -0.21220762
-0.06828113 -0.81133717 0.58057702 -0.98518980 -0.03690981 -0.16744748
-0.03935741 -0.89616549 0.44197124 -0.98879486 -0.02881254 -0.14647380
-0.02852219 -0.85901117 0.51116168 -0.99060047 -0.04414870 -0.12946652
-0.01809778 -0.84372073 0.53647721 -0.99424350 -0.04148665 -0.09878658
0.00669018 -0.78916246 0.61414808 -0.99885589 -0.03435594 -0.03326542
0.01575846 -0.83102083 0.55601811 -0.99963576 -0.02527940 -0.00945109
0.01537005 -0.85310942 0.52150565 -0.99975973 -0.02126574 -0.00532237
0.01690882 -0.83011949 0.55732918 -0.99982381 -0.01858089 0.00265817
0.01650058 -0.80946374 0.58693802 -0.99986267 -0.01427770 0.00841833
0.03021339 -0.78485996 0.61893630 -0.99920988 -0.00771863 0.03898863
0.06525309 -0.75793469 0.64905858 -0.99615985 -0.01142781 0.08680415
0.09286824 -0.87256479 0.47958970 -0.99001580 -0.02962471 0.13780853
0.13292305 -0.83437401 0.53493124 -0.98030347 -0.03113540 0.19502762
0.22642414 -0.68749088 0.68999159 -0.95830768 -0.03047539 0.28410846
0.30822963 -0.71546131 0.62698460 -0.84683275 0.09393449 0.52349842
0.31583309 -0.69208884 0.64904737 -0.84866059 0.09984141 0.51942945
0.23702422 -0.70462537 0.66882187 -0.93274856 0.02745387 0.35948089
0.24773780 -0.62779456 0.73790240 -0.94574553 0.00855464 0.32479560
0.28373641 -0.62777030 0.72484356 -0.88782716 0.11361164 0.44593197
0.26933235 -0.58720148 0.76331818 -0.93045729 0.04578587 0.36352837
0.20310429 -0.62538445 0.75342083 -0.96890974 -0.01733421 0.24680650
0.18954721 -0.78139043 0.59455949 -0.95437682 -0.00432517 0.29857361
0.14569858 -0.74299634 0.65324450 -0.97693008 -0.00384019 0.21352507
0.09396348 -0.75811106 0.64532053 -0.98961204 -0.00028181 0.14376384
0.07376446 -0.68912214 0.72088110 -0.99330610 0.01366274 0.11470129
0.03591579 -0.78077352 0.62378109 -0.99719763 0.01299044 0.07367607
0.02872267 -0.74212402 0.66964692 -0.99866265 0.00750538 0.05115260
0.02482260 -0.85388094 0.51987612 -0.99762672 0.01225127 0.06775617
0.02559213 -0.83751261 0.54581839 -0.99960470 -0.01508170 0.02372749
0.02081440 -0.83648050 0.54760122 -0.99974811 -0.02201587 0.00437053
0.01535790 -0.81449395 0.57996881 -0.99971008 -0.02326687 -0.00620253
0.01400006 -0.83029139 0.55715370 -0.99973154 -0.02191312 -0.00753467
0.00810542 -0.78360522 0.62120622 -0.99918622 -0.03089355 -0.02593266
0.00151880 -0.73356247 0.67962033 -0.99788505 -0.04527751 -0.04664119
-0.01646407 -0.71211523 0.70186961 -0.99576479 -0.05182454 -0.07593916
-0.03583988 -0.80283266 0.59512627 -0.99523097 -0.02538884 -0.09418496
-0.05545618 -0.75635439 0.65180731 -0.99246883 -0.02965638 -0.11885303
-0.09429176 -0.79001039 0.60579920 -0.98162973 -0.02760500 -0.18878835
-0.10251699 -0.77306283 0.62599063 -0.94978511 -0.11095687 -0.29256946
-0.12773368 -0.64981478 0.74928290 -0.90547025 -0.23188509 -0.35546175
-0.77498376 -0.62095934 -0.11751460 -0.26254195 0.48547596 -0.83389741
