0.47150964 0.68057132 0.56080419 0.44600099 0.36457184 -0.81741697
0.46686807 0.67732084 0.56856900 0.54342258 0.28748837 -0.78869671
0.43677938 0.70610219 0.55735409 0.60252184 0.23043644 -0.76411158
0.43865970 0.70931178 0.55177391 0.60033494 0.22559531 -0.76727104
0.34805560 0.78991306 0.50487107 0.60645229 0.22096309 -0.76380038
0.27215755 0.84282649 0.46429923 0.58377081 0.23895684 -0.77595830
-0.43428713 -0.08464537 0.89678872 0.02943924 0.99370950 0.10804999
-0.31814399 -0.08221181 0.94447112 -0.08403111 0.99475718 0.05828320
-0.48439354 0.85866213 -0.16751811 0.28641513 -0.02527946 -0.95777208
-0.50476682 0.83281273 -0.22722994 0.36463407 -0.03289827 -0.93056959
-0.51251215 0.81562489 -0.26849106 0.47203714 0.00641844 -0.88155532
-0.42585918 0.87580162 -0.22719058 0.52974570 0.03778847 -0.84731436
-0.38661468 -0.45484510 0.80227494 -0.59540069 0.78743553 0.15950952
-0.62648696 -0.16414961 0.76195085 -0.15173930 0.98455387 0.08734350
-0.63231087 -0.16526730 0.75688159 -0.13602127 0.98548764 0.10154980
-0.66941178 -0.15684362 0.72614604 -0.23827808 0.97114658 -0.00989886
-0.49376664 -0.47939581 0.72551650 -0.56576014 0.81069356 0.15063688
-0.44863498 -0.47750804 0.75545537 -0.57213581 0.80283374 0.16768628
-0.75737178 -0.14093846 0.63759261 -0.24510910 0.96638995 -0.07753732
-0.81083506 -0.02673222 0.58466399 -0.08204541 0.99428397 -0.06832279
-0.82337481 -0.01897620 0.56718075 0.01784961 0.99808031 0.05930506
-0.82543254 -0.00261023 0.56449479 -0.00718031 0.99995697 -0.00587559
-0.81320488 -0.00040643 0.58197737 0.09001509 0.98787796 0.12646921
-0.75906533 -0.02831498 0.65039849 0.21465310 0.93229949 0.29110426
-0.73915279 -0.04493009 0.67203754 0.31230840 0.86116451 0.40107253
0.74315345 0.00685278 -0.66908604 -0.40549177 -0.79080558 -0.45847881
-0.71435791 -0.07880388 0.69532919 0.31852663 0.84811807 0.42336342
-0.73113346 -0.06437639 0.67919040 0.32708916 0.84058338 0.43177813
0.31348222 0.82467598 0.47078493 0.69036239 0.14249004 -0.70929295
0.37760794 0.76735586 0.51824439 0.65837812 0.17105564 -0.73299271
-0.60079342 -0.02064720 0.79913765 0.28795689 0.92696881 0.24043657
0.28408185 0.83446360 0.47219476 0.61948818 0.21614224 -0.75466353
0.19789462 0.87484306 0.44213951 0.47596663 0.30855459 -0.82355928
-0.35449100 0.06081586 0.93307960 0.28652003 0.95694602 0.04648184
-0.31705791 0.05604421 0.94674885 0.31764153 0.94687456 0.05032370
0.23032488 0.83829653 0.49417549 0.46390957 0.35181803 -0.81302649
-0.39488903 0.08258580 0.91500938 0.21360584 0.97691172 0.00401259
-0.42082599 0.08743647 0.90291774 0.21779524 0.97596943 0.00699794
-0.46871611 0.09002854 0.87874919 0.20577851 0.97855246 0.00950676
-0.45826393 0.08658599 0.88458866 0.18963103 0.98185313 0.00213245
-0.48285946 0.08906585 0.87115675 0.19922905 0.97989941 0.01024391
-0.39562714 0.07133808 0.91563648 0.20047696 0.97964430 0.01029686
-0.55095673 0.09690167 0.82888889 0.18741633 0.98223227 0.00974599
-0.57503611 0.10173760 0.81177771 0.18171252 0.98333645 0.00548054
-0.58877337 0.10266687 0.80175155 0.17590551 0.98440212 0.00312191
-0.62337971 0.10991494 0.77415538 0.17353562 0.98482764 -0.00008873
-0.64772242 0.11184209 0.75362259 0.17531884 0.98450106 0.00457694
-0.70366704 0.11765359 0.70072132 0.16475102 0.98633516 -0.00016557
-0.70686197 0.10415694 0.69964105 0.15467536 0.98792255 0.00919779
-0.70776772 0.05881864 0.70399243 0.12788948 0.99073040 0.04579969
-0.74135530 0.06587981 0.66787136 0.15533270 0.98499107 0.07526253
-0.74294394 0.05520149 0.66707361 0.14725235 0.98565775 0.08243538
-0.74045366 0.02656738 0.67158216 0.27138108 0.92596084 0.26258108
-0.79449320 0.04898863 0.60529399 0.19477603 0.96463746 0.17758639
-0.74130392 0.06574997 0.66794121 0.15520608 0.98500878 0.07529195
-0.64135653 0.05106054 0.76554209 0.15392607 0.98605990 0.06318755
-0.66281366 0.05981299 0.74639159 0.23354569 0.96359265 0.13017555
-0.60566723 0.08345033 0.79133010 0.22864011 0.97079867 0.07261993
-0.74767375 0.04752459 0.66236347 0.10652608 0.99310225 0.04899120
-0.78434181 0.04745036 0.61851144 0.10122250 0.99349642 0.05214339
-0.79757464 0.00345998 0.60321045 0.06066240 0.99537426 0.07449941
-0.77995348 0.07931855 0.62079078 0.12413633 0.99183440 0.02923644
-0.82370281 0.08188329 0.56107831 0.12023307 0.99223936 0.03170414
-0.83357382 0.08702147 0.54551077 0.12830491 0.99100769 0.03796928
-0.89153379 0.10273010 0.44115084 0.11522061 0.99333876 0.00153521
-0.85446835 0.10086179 0.50961828 0.13736999 0.98992217 0.03440414
-0.85855943 0.11460067 0.49974239 0.14848691 0.98850602 0.02841740
-0.81977391 0.11320758 0.56138659 0.15627898 0.98728371 0.02911615
-0.82554722 0.13945180 0.54683185 0.17265332 0.98493707 0.00947680
-0.79404944 0.13447338 0.59279203 0.17979625 0.98354423 0.01772390
-0.74945086 0.12305243 0.65052414 0.16999455 0.98539972 0.00944888
-0.81112230 0.14065313 0.56771237 0.19700179 0.97963673 0.03875831
-0.84514743 0.12813753 0.51894772 0.18484008 0.98100817 0.05879815
-0.86540574 0.10613726 0.48970172 0.15394472 0.98635978 0.05827041
-0.90034974 0.09221384 0.42528465 0.13476121 0.98833132 0.07099808
-0.89082551 0.08724578 0.44589031 0.12244077 0.99118108 0.05067838
-0.89584130 0.06435829 0.43968892 0.10017764 0.99323511 0.05872412
-0.90073860 0.02576791 0.43359667 0.05932306 0.99618292 0.06403421
-0.91469836 0.02707904 0.40322909 0.05917556 0.99597299 0.06735080
-0.92236412 0.02748398 0.38534281 0.05769892 0.99607885 0.06706548
-0.92989558 0.02585205 0.36691418 0.05365863 0.99638993 0.06578703
-0.93072617 0.01753641 0.36529627 0.04528588 0.99668860 0.06753535
-0.93280607 0.01662130 0.35999516 0.04556473 0.99635881 0.07206287
-0.94802850 0.02168200 0.31744596 0.05499767 0.99382532 0.09636673
-0.95532525 0.02741097 0.29428264 0.05723142 0.99400085 0.09320322
-0.95409507 0.02769593 0.29822063 0.05819868 0.99387985 0.09389241
-0.95009297 0.02696990 0.31079897 0.06005188 0.99343503 0.09736849
-0.93581748 0.02137470 0.35183644 0.06497180 0.99151671 0.11257609
-0.95560187 0.03081069 0.29304576 0.06673981 0.99130434 0.11340864
-0.95268661 0.02990739 0.30247951 0.07473878 0.98764402 0.13774414
-0.96068245 0.03495202 0.27544069 0.07540498 0.98760289 0.13767582
-0.96682656 0.03999428 0.25228351 0.07495931 0.98860478 0.13054402
-0.95905805 0.03679609 0.28080896 0.08317587 0.98439384 0.15508278
-0.97814947 0.05214810 0.20125668 0.08192743 0.98638391 0.14260007
-0.97502959 0.04995983 0.21638224 0.08330934 0.98549348 0.14785866
-0.97137612 0.04666245 0.23291865 0.08744732 0.98190373 0.16798224
-0.06973051 -0.98357093 -0.16651119 -0.98264861 0.03896601 0.18133768
-0.07373393 -0.98132724 -0.17765197 -0.97994488 0.03822592 0.19556813
-0.97883427 0.05294794 0.19768660 0.08744749 0.98153943 0.17009804
-0.10050980 -0.96239871 -0.25236183 -0.98534536 0.06115209 0.15923238
-0.10499384 -0.95236903 -0.28630313 -0.98442250 0.05870594 0.16572846
-0.10750123 -0.94586176 -0.30624998 -0.98292851 0.05485144 0.17562173
-0.09894775 -0.94976836 -0.29689974 -0.98757511 0.05712203 0.14639835
-0.10209363 -0.94212109 -0.31935051 -0.98822522 0.05927529 0.14105816
-0.10401429 -0.94686663 -0.30434293 -0.98574764 0.05746485 0.15811212
-0.10899027 -0.94574469 -0.30608514 -0.98592007 0.06356374 0.15466495
-0.10756944 -0.95762706 -0.26716900 -0.98535633 0.06693253 0.15682146
-0.10710731 -0.95694810 -0.26977473 -0.98515481 0.06553427 0.15866718
-0.10168991 -0.96327829 -0.24850385 -0.98944169 0.07200343 0.12578042
-0.09779293 -0.97248721 -0.21143585 -0.98746139 0.06836217 0.14229092
-0.09707366 -0.97408283 -0.20430240 -0.98392892 0.06301327 0.16707306
-0.09935990 -0.97068334 -0.21886419 -0.98118216 0.05897976 0.18385600
-0.11038287 -0.96114534 -0.25301239 -0.99126685 0.08798441 0.09822870
-0.09797227 -0.97740489 -0.18729953 -0.97454280 0.05608790 0.21707253
-0.97570330 0.06264431 0.20994976 0.08836190 0.98937678 0.11543798
-0.97771209 0.06730888 0.19886824 0.08976510 0.99029046 0.10614607
-0.98310035 0.07388673 0.16749465 0.09319259 0.98949820 0.11049233
-0.98292273 0.07779614 0.16676550 0.09723404 0.98896819 0.11174762
-0.09347387 -0.98003876 -0.17546132 -0.98634738 0.06715532 0.15036294
-0.08545507 -0.98785925 -0.12973668 -0.99079430 0.07053372 0.11554959
-0.08750872 -0.98679900 -0.13627167 -0.98931730 0.07007955 0.12782891
-0.09326794 -0.98078090 -0.17137663 -0.99262613 0.07821247 0.09260827
-0.09432042 -0.97984505 -0.17608923 -0.99372071 0.08196933 0.07615970
-0.08559594 -0.98936176 -0.11762923 -0.99068695 0.07196818 0.11558533
-0.99114549 0.08576635 0.10136467 0.09101116 0.99467814 0.04829491
-0.98668188 0.08378643 0.13942312 0.09019464 0.99510908 0.04028587
-0.98747712 0.08404748 0.13351014 0.08743761 0.99597472 0.01972495
-0.98536760 0.08469801 0.14790872 0.08333121 0.99640256 -0.01542463
-0.98720098 0.08782417 0.13312104 0.08441015 0.99594605 -0.03108714
-0.98841012 0.08957358 0.12256446 0.07835767 0.99253446 -0.09346397
-0.98959321 0.07836981 0.12067918 0.06745902 0.99347228 -0.09198965
-0.06271950 -0.98715103 0.14696628 -0.98887223 0.08137052 0.12454163
-0.98317784 0.08408027 0.16214764 0.06326533 0.98955667 -0.12951860
-0.98152399 0.08140290 0.17315984 0.05770262 0.98878431 -0.13775367
-0.01257116 -0.97413856 0.22560161 -0.98716122 0.04801935 0.15233821
-0.98049533 0.05007633 0.19005588 0.01953786 0.98704135 -0.15927227
-0.97774369 0.00527253 0.20973690 -0.03784795 0.97885054 -0.20104532
-0.97734863 -0.01049171 0.21137549 -0.05292581 0.97915149 -0.19611542
-0.97086132 -0.03445159 0.23715267 -0.08281242 0.97687823 -0.19710664
-0.97177559 -0.03485995 0.23331752 -0.08233941 0.97694349 -0.19698147
-0.94193387 -0.01726228 0.33535457 -0.07821557 0.98248768 -0.16911627
-0.95358390 -0.01665598 0.30066663 -0.05895779 0.98947150 -0.13217492
-0.96758837 0.03022738 0.25071719 0.00017257 0.99288946 -0.11904038
-0.96998775 0.07158116 0.23237896 0.04160894 0.99045408 -0.13141330
-0.97427380 0.07078646 0.21396197 0.05911445 0.99641776 -0.06047446
-0.98348016 0.07835475 0.16317910 0.06457867 0.99401712 -0.08808803
-0.98179239 0.07825729 0.17308822 0.07061484 0.99625534 -0.04988874
-0.97704220 0.07085529 0.20091809 0.06704600 0.99741864 -0.02571001
-0.98015982 0.07217246 0.18460214 0.07598305 0.99701577 0.01364256
-0.97558624 0.07694312 0.20569697 0.08237352 0.99643975 0.01795503
-0.97211111 0.06814118 0.22440337 0.06214171 0.99749827 -0.03369852
-0.96860158 0.06217640 0.24071805 0.06008311 0.99806464 -0.01603317
-0.02773405 -0.99577206 0.08757214 -0.99704480 0.03383496 0.06896955
-0.96047252 0.03767889 0.27581298 0.03600407 0.99928963 -0.01113507
-0.95614707 0.02060806 0.29216105 0.01827060 0.99977553 -0.01072713
-0.95589608 0.01441375 0.29335129 -0.00267418 0.99832660 -0.05776647
-0.93968582 -0.00950312 0.34190693 -0.03263242 0.99754506 -0.06195966
-0.92516339 -0.00679555 0.37950841 -0.02422200 0.99885881 -0.04116251
-0.92587239 -0.00570283 0.37779328 -0.02707805 0.99831659 -0.05129152
-0.93025261 -0.00131997 0.36691743 -0.00532504 0.99993682 -0.00990345
-0.93827951 0.00396680 0.34585536 0.00560183 0.99997741 0.00372807
-0.94180083 0.01668673 0.33575696 0.02573141 0.99941552 0.02250700
-0.93876070 0.01849499 0.34407315 0.03625073 0.99831808 0.04524292
-0.93191200 0.01567707 0.36234564 0.03998705 0.99741584 0.05968845
-0.92457736 0.01324336 0.38076419 0.05312679 0.99411327 0.09442703
-0.92512280 0.01538715 0.37935618 0.05979847 0.99261266 0.10556687
-0.94210875 0.02828082 0.33411279 0.06795729 0.99186188 0.10766571
-0.94560897 0.03137002 0.32378948 0.07918281 0.98759902 0.13556640
-0.93895459 0.02599639 0.34305760 0.08611099 0.98316044 0.16118488
-0.93830919 0.02772919 0.34468386 0.09400792 0.97969353 0.17709675
-0.90956384 0.00705405 0.41550446 0.12265767 0.95986754 0.25220916
-0.93638879 0.03018320 0.34966424 0.11053558 0.97095537 0.21219708
-0.90204316 0.00719341 0.43158591 0.09766071 0.97733474 0.18782772
-0.89565116 0.00108646 0.44475597 0.10069286 0.97452700 0.20039506
-0.89579374 0.00035314 0.44446987 0.09906255 0.97500467 0.19887803
-0.92081785 0.01902817 0.38952851 0.12393061 0.96131337 0.24600379
-0.91840160 0.01702233 0.39528322 0.12756482 0.95846045 0.25510949
-0.88424653 -0.01114227 0.46688747 0.13049048 0.95400381 0.26990557
-0.88432091 -0.01165786 0.46673399 0.12958336 0.95428240 0.26935723
-0.90783262 0.01212592 0.41915745 0.15574123 0.93783373 0.31018147
-0.89710951 0.00107368 0.44180709 0.14800952 0.94294274 0.29824850
-0.92148352 0.02213779 0.38778621 0.14851595 0.94259238 0.29910323
-0.90576136 0.00575322 0.42374912 0.15127353 0.93842459 0.31060544
-0.93518424 0.03398113 0.35252768 0.13712843 0.95248789 0.27196088
-0.93067485 0.02762133 0.36480322 0.13842803 0.94959670 0.28125402
-0.93454701 0.02842034 0.35470298 0.13671155 0.94897944 0.28416181
-0.12897888 -0.94553614 -0.29887450 -0.94278657 0.02348205 0.33256912
-0.12487669 -0.95012152 -0.28578821 -0.95575798 0.03787501 0.29170570
-0.12649587 -0.94672674 -0.29615426 -0.96386886 0.04675180 0.26224253
-0.12393671 -0.94108516 -0.31464010 -0.94791007 0.01851633 0.31799957
-0.11622152 -0.95208704 -0.28288308 -0.96977466 0.04725553 0.23938271
-0.10156831 -0.97079152 -0.21736541 -0.96932542 0.04741712 0.24116357
-0.10167494 -0.97105920 -0.21611641 -0.96978170 0.04831837 0.23914190
-0.96273190 0.05127308 0.26555309 0.11014599 0.97108090 0.21182486
-0.95229685 0.04157794 0.30232748 0.11530203 0.96626431 0.23030153
-0.95965475 0.04402709 0.27771273 0.09116677 0.98302984 0.15918854
-0.95913523 0.04205454 0.27980536 0.07997134 0.98886454 0.12550540
-0.96397769 0.04379785 0.26235250 0.07355434 0.99178064 0.10469452
-0.95456088 0.03725480 0.29567835 0.06304342 0.99494493 0.07816707
-0.96528286 0.04407790 0.25746098 0.05510899 0.99783891 0.03578454
-0.97055709 0.05025903 0.23556945 0.07283668 0.99344170 0.08813852
-0.12107408 -0.94707078 -0.29731813 -0.97296345 0.05387869 0.22458677
-0.94759321 0.03336898 0.31773219 0.12093813 0.95798576 0.26007169
-0.11637434 -0.95127481 -0.28554031 -0.97997862 0.06321409 0.18880136
-0.11026398 -0.95022833 -0.29138982 -0.97669929 0.04928298 0.20887715
-0.12218427 -0.94203985 -0.31246123 -0.97195536 0.04983483 0.22982453
-0.12263104 -0.94036329 -0.31729892 -0.97222412 0.04960603 0.22873446
-0.11737438 -0.95097399 -0.28613245 -0.97900403 0.06245088 0.19403887
-0.12548894 -0.94277245 -0.30892187 -0.96630228 0.04560888 0.25333732
-0.12101810 -0.94928914 -0.29018068 -0.96912754 0.04972694 0.24149342
-0.09709176 -0.97026098 -0.22173601 -0.96963638 0.04197061 0.24092278
-0.11877695 -0.95766264 -0.26224843 -0.96452463 0.04856960 0.25948679
-0.13128319 -0.94233024 -0.30786106 -0.96249264 0.04678313 0.26724377
-0.13193372 -0.94254172 -0.30693424 -0.94637674 0.02765197 0.32187957
-0.11878482 -0.95842606 -0.25944120 -0.96737033 0.05281486 0.24780090
-0.12568752 -0.95038885 -0.28454137 -0.94935459 0.03196701 0.31257650
-0.12387149 -0.95075250 -0.28412253 -0.95000571 0.03092556 0.31069720
-0.72980589 -0.10580071 0.67541814 0.13514715 0.94612926 0.29423600
-0.93962115 0.03019612 0.34088176 0.09509967 0.97990501 0.17533451
-0.94978493 0.04124708 0.31017306 0.11720315 0.96600509 0.23042905
-0.94018131 0.03323139 0.33904976 0.12779059 0.95696110 0.26056695
-0.97001928 0.04604487 0.23862623 0.06941590 0.99347639 0.09047734
-0.95124918 0.03262174 0.30669343 0.09081604 0.97993129 0.17744632
-0.95721132 0.03481711 0.28728774 0.08538868 0.98251772 0.16543199
-0.89905679 -0.00602352 0.43779060 0.08106054 0.98032904 0.17995605
-0.93684518 0.01696047 0.34933296 0.07507998 0.98529011 0.15351352
-0.93686908 0.01405196 0.34939793 0.05838835 0.99145091 0.11668763
-0.93450391 0.01203797 0.35574928 0.05460037 0.99244797 0.10984477
-0.94295508 0.01520037 0.33257297 0.05687751 0.99162591 0.11594404
-0.89354455 -0.00757182 0.44891077 0.04384784 0.99360639 0.10403719
-0.90184110 -0.00241177 0.43206128 0.03740162 0.99579501 0.08362690
-0.89465225 -0.00753815 0.44669965 0.03508731 0.99558377 0.08707374
-0.86592859 -0.01367546 0.49998060 0.03266708 0.99594551 0.08381800
-0.85738361 -0.01839376 0.51434916 0.02690169 0.99639350 0.08047546
-0.86750311 -0.03172962 0.49641886 0.02579889 0.99375057 0.10860173
-0.81676120 -0.05361618 0.57447934 0.01214937 0.99385405 0.11002972
-0.82106704 -0.05394918 0.56827676 0.01234202 0.99361348 0.11216061
-0.83736771 -0.05349375 0.54401630 0.02552355 0.99028879 0.13666292
-0.86663932 -0.03728732 0.49753997 0.03464811 0.99029845 0.13456807
-0.85842848 -0.03315872 0.51186043 0.03536256 0.99170822 0.12354933
-0.86317086 -0.02971809 0.50403649 0.03828076 0.99154133 0.12401789
-0.86170077 -0.04132530 0.50573123 0.05224330 0.98415571 0.16943511
-0.87434727 -0.02563194 0.48462358 0.06062719 0.98501199 0.16147995
-0.85909593 -0.03070884 0.51089263 0.08461633 0.97594029 0.20094936
-0.89064956 -0.00972394 0.45458642 0.11872754 0.96011275 0.25315475
-0.87326819 -0.02262720 0.48671427 0.10688226 0.96569473 0.23666424
-0.82668132 -0.05228871 0.56023568 0.10326979 0.96465963 0.24241939
-0.86610079 -0.04079152 0.49820235 0.08158124 0.97176677 0.22139083
-0.83503848 -0.06068848 0.54683429 0.07914601 0.97031069 0.22854577
-0.82156640 -0.06510857 0.56638288 0.03319023 0.98631036 0.16152541
-0.80584735 -0.08064421 0.58660609 0.02566215 0.98499465 0.17066631
-0.84241843 -0.02558921 0.53821599 0.16377665 0.93945211 0.30100983
-0.83849114 -0.02601877 0.54429376 0.16508724 0.93978703 0.29924333
-0.69251478 -0.11006505 0.71295798 0.18673322 0.92726082 0.32452762
-0.84057170 -0.02867727 0.54094076 0.11960363 0.96412790 0.23696491
-0.79254055 -0.04772896 0.60794860 0.08642259 0.97807962 0.18945043
-0.82457536 -0.03278955 0.56480110 0.05674005 0.98849267 0.14022401
-0.76183027 -0.02027352 0.64745939 -0.13098709 0.98368371 -0.12332387
-0.86886334 -0.01498575 0.49482512 0.06434540 0.98764408 0.14289482
-0.88091725 -0.00200379 0.47326624 -0.02332927 0.99895924 -0.03919454
-0.87147242 -0.01114684 0.49031791 0.02342252 0.99765503 0.06431088
-0.87163603 -0.01418667 0.48994839 0.04518596 0.99299884 0.10914019
-0.87540716 -0.00881581 0.48330587 0.06295148 0.98923975 0.13206778
-0.85407209 -0.01441825 0.51995474 0.04783897 0.99320179 0.10612110
-0.89763564 0.00207219 0.44073352 0.05934042 0.99145204 0.11619626
-0.90908009 0.00543005 0.41658604 0.03820138 0.99678922 0.07037082
-0.90548998 -0.00120725 0.42436597 0.02682948 0.99783260 0.06008602
-0.89966214 0.00297164 0.43657666 0.06590933 0.98944068 0.12908582
-0.87764919 -0.00993466 0.47920060 0.07812303 0.98345029 0.16346988
-0.90425295 -0.00347864 0.42698315 0.02401840 0.99796927 0.05899597
-0.90045685 -0.00414756 0.43492565 -0.00562050 0.99998200 -0.00210042
-0.83215564 -0.02747864 0.55386102 0.05862704 0.98881483 0.13714290
-0.83053845 -0.03379141 0.55593538 0.11939338 0.96415234 0.23697151
-0.85615098 -0.01627303 0.51646948 0.13847433 0.95571995 0.25966179
-0.85947752 -0.02919332 0.51033926 0.15093166 0.93936294 0.30792356
-0.88991112 -0.00678067 0.45608357 0.14369079 0.94481325 0.29441643
-0.92299086 0.00937609 0.38470763 0.10716753 0.96641785 0.23356292
-0.90390503 -0.00250332 0.42772600 0.07185772 0.98488200 0.15761968
-0.90826243 -0.00118949 0.41839927 0.08619742 0.97801268 0.18989807
-0.92160481 0.00688820 0.38806853 0.07076959 0.98606390 0.15056458
-0.92672169 0.00899017 0.37564096 0.06731118 0.98751420 0.14242537
-0.85655802 -0.02960927 0.51520061 0.07114732 0.98204309 0.17472686
-0.89100641 -0.01471054 0.45375231 0.06106486 0.98650903 0.15189181
-0.90638554 -0.00734869 0.42238766 0.07330543 0.98194474 0.17438717
-0.85131562 -0.04712131 0.52253360 0.04640627 0.98529196 0.16445760
-0.81215894 -0.07970079 0.57796687 0.00101964 0.99043006 0.13801166
-0.78853869 -0.09868795 0.60701519 -0.00921278 0.98882526 0.14879449
-0.69769859 -0.13660125 0.70324737 -0.04704767 0.98827010 0.14528863
-0.71366674 -0.13569123 0.68721741 -0.06154633 0.98941118 0.13144436
-0.63780761 -0.15099455 0.75524968 -0.24324314 0.96989709 -0.01151029
-0.75918609 -0.03490502 0.64993709 -0.01521674 0.99923992 0.03588986
-0.82069939 -0.05250351 0.56894284 0.01233085 0.99390948 0.10950777
-0.84138340 -0.01836799 0.54012650 0.02391191 0.99717832 0.07115969
-0.85897309 -0.03420851 0.51087677 0.03651775 0.99113178 0.12776643
-0.85003626 -0.01153607 0.52659786 0.03513972 0.99629080 0.07854821
-0.85156423 0.01759845 0.52395481 0.05765411 0.99651802 0.06023230
-0.86431128 0.01983396 0.50256598 0.06179867 0.99583864 0.06697999
-0.88896573 0.02130144 0.45747826 0.05766170 0.99617451 0.06566285
-0.90648675 0.00031675 0.42223415 0.04002967 0.99556011 0.08519212
-0.90546435 -0.00705746 0.42436364 0.04933132 0.99133480 0.12174477
-0.91529816 0.00440760 0.40275294 0.06513892 0.98839670 0.13721831
-0.92386395 0.01067254 0.38257226 0.08851326 0.97846872 0.18645225
-0.12961283 -0.94267648 -0.30750886 -0.96302986 0.04581258 0.26547062
-0.13063048 -0.94360387 -0.30421615 -0.94312829 0.02366195 0.33158600
-0.95141435 0.03958264 0.30535877 0.12038092 0.96058840 0.25055620
-0.92244405 0.02305237 0.38544199 0.15008123 0.94113433 0.30288905
-0.91329575 0.00514160 0.40726465 0.12117419 0.95807326 0.25963917
-0.87471229 -0.01649686 0.48436180 0.15092836 0.94044864 0.30459329
-0.87002689 -0.01984127 0.49260491 0.15658478 0.93633091 0.31427002
-0.93379611 0.03055328 0.35649866 0.14294767 0.94523573 0.29342026
-0.87895715 -0.01034702 0.47678849 0.13046868 0.95640683 0.26127383
-0.87743324 -0.01137036 0.47956398 0.08600233 0.97979224 0.18058464
-0.92804670 0.02532798 0.37160170 0.12117521 0.96394151 0.23692459
-0.94715732 0.03527730 0.31882370 0.11146570 0.96819109 0.22401217
-0.91279405 0.01239600 0.40823206 0.07359180 0.98817128 0.13454306
-0.95567912 0.03857690 0.29187202 0.08025847 0.98796707 0.13221078
-0.91370851 0.00963476 0.40625584 0.07408589 0.98691398 0.14322066
-0.91937482 0.01001720 0.39325523 0.04272123 0.99630570 0.07449774
-0.94597459 0.03160552 0.32269672 0.06136289 0.99470341 0.08246013
-0.91776121 -0.00045528 0.39713261 0.00081111 0.99999511 0.00302087
-0.88953048 -0.00134046 0.45687398 -0.01701769 0.99939901 -0.03020111
-0.98533905 0.01099254 0.17025326 -0.00123986 0.99743444 -0.07157581
-0.96585798 0.04346100 0.25540075 0.04915978 0.99866331 0.01596884
-0.97559929 0.06318064 0.21027192 0.07508452 0.99596709 0.04911054
-0.97301078 0.06475186 0.22148855 0.05550342 0.99731678 -0.04773469
-0.96457338 0.03234027 0.26182508 0.00865179 0.99580175 -0.09112655
-0.93841624 -0.00832887 0.34540644 -0.06375721 0.98671526 -0.14942563
-0.97149199 0.07369062 0.22532876 0.04368243 0.98983091 -0.13537610
-0.98047286 0.08046416 0.17943941 0.06975447 0.99542958 -0.06522559
-0.98380017 0.07831823 0.16125619 0.07661727 0.99691993 -0.01674926
-0.98521352 0.08187056 0.15050423 0.09070855 0.99447602 0.05281563
-0.97527981 0.07017257 0.20953570 0.08182342 0.99551666 0.04745143
-0.96850860 0.05620593 0.24255323 0.07937311 0.99305725 0.08681744
-0.97432357 0.06423131 0.21579605 0.10429373 0.97817034 0.17973770
-0.10685668 -0.96670353 -0.23252089 -0.98499882 0.07105494 0.15725316
-0.08660749 -0.98665720 -0.13786489 -0.98736799 0.06658018 0.14377593
-0.09390336 -0.97735441 -0.18963262 -0.98857152 0.06897194 0.13404950
-0.09615407 -0.96467847 -0.24525471 -0.98856121 0.06378917 0.13666661
-0.09768863 -0.95305997 -0.28658968 -0.99140030 0.06799605 0.11181220
-0.09599501 -0.95143187 -0.29251051 -0.99153715 0.06559829 0.11203121
-0.09995701 -0.94536787 -0.31030345 -0.98966146 0.06222520 0.12922163
-0.09643789 -0.95965225 -0.26413533 -0.99372202 0.07770862 0.08048603
-0.09792295 -0.95779169 -0.27027079 -0.99384171 0.07996165 0.07671311
-0.09647673 -0.96714598 -0.23520415 -0.99103254 0.07139051 0.11295096
-0.10121342 -0.96817690 -0.22888711 -0.98141700 0.05946681 0.18243998
-0.10586162 -0.96147007 -0.25371003 -0.98159212 0.06025304 0.18123618
-0.11458787 -0.94263190 -0.31355181 -0.98181772 0.05937707 0.18030088
-0.09921988 -0.94610345 -0.30829170 -0.99122339 0.06677362 0.11409425
-0.11289728 -0.94545126 -0.30557513 -0.98268938 0.06078079 0.17500667
-0.11334560 -0.94762528 -0.29859519 -0.98429817 0.06616856 0.16364247
-0.09820358 -0.96959072 -0.22416487 -0.97928828 0.05407587 0.19511607
-0.09061161 -0.97567457 -0.19962136 -0.97338265 0.04439586 0.22484498
-0.96384043 0.04295583 0.26299548 0.08860699 0.98242790 0.16426893
-0.93488306 0.02082900 0.35434422 0.06306104 0.99214262 0.10805695
-0.91452485 0.00548355 0.40449262 0.04153465 0.99589658 0.08040549
-0.90622663 0.02504198 0.42204994 0.05998088 0.99576259 0.06970835
-0.86716247 0.10331784 0.48719054 0.14345686 0.98860127 0.04569110
-0.86472875 0.03815458 0.50078785 0.07712972 0.99537051 0.05734632
-0.82968521 0.10931725 0.54742324 0.14292192 0.98955142 0.01900753
-0.83129042 0.02065399 0.55545449 0.06502379 0.99606156 0.06027678
-0.74991208 0.11298876 0.65181696 0.16593626 0.98593366 0.02000287
-0.60595524 0.09771653 0.78947431 0.16316786 0.98659337 0.00312352
-0.48119172 0.05740279 0.87473392 0.15644102 0.98745853 0.02125817
-0.53134638 0.06481162 0.84467185 0.28993899 0.95076770 0.10943565
-0.49309039 0.06860618 0.86726874 0.27212784 0.95902467 0.07885513
-0.57217205 0.03198566 0.81950969 0.22787789 0.96609265 0.12139484
-0.67242754 -0.01163400 0.74007154 0.26531798 0.92964154 0.25568143
-0.71480304 -0.07905416 0.69484323 0.33862597 0.83021259 0.44280875
-0.81296444 0.00335537 0.58230370 0.09929318 0.98613751 0.13294263
-0.83174616 0.00651245 0.55511796 0.05318904 0.99626607 0.06800652
-0.81753325 -0.02736569 0.57523084 0.02241400 0.99660146 0.07926710
-0.77686185 -0.02672883 0.62910360 -0.02377526 0.99963135 0.01311213
-0.72895950 -0.13437845 0.67123806 -0.17872514 0.98389488 0.00287655
-0.47647363 -0.48082906 0.73605460 -0.55176246 0.81533849 0.17544638
-0.48810741 -0.48426995 0.72610867 -0.57009476 0.80684710 0.15488629
-0.39694342 -0.45869708 0.79500502 -0.58475554 0.79401064 0.16615681
-0.37290442 -0.44607654 0.81360805 -0.57807684 0.79757637 0.17233439
0.37668821 0.76613796 0.52070975 0.65303391 0.17905167 -0.73585814
0.26668280 0.83429813 0.48252136 0.53793848 0.28655955 -0.79278362
0.27102670 0.82761896 0.49151942 0.44356829 0.34579998 -0.82684320
0.25489193 0.81851083 0.51484960 0.61800355 0.27160901 -0.73776710
0.32457095 0.77198792 0.54652393 0.52144349 0.33603108 -0.78433400
