-0.16201496 -0.93296635 0.32144204 -0.98678786 0.15348993 -0.05187077
-0.16378404 -0.92452651 0.34413007 -0.98643309 0.15743384 -0.04652379
-0.16388984 -0.93202537 0.32321635 -0.98647767 0.15438223 -0.05502659
-0.16208634 -0.93835533 0.30531505 -0.98677528 0.15464713 -0.04856896
-0.16777177 -0.91651213 0.36312288 -0.98581654 0.15757747 -0.05775043
-0.16208202 -0.92462623 0.34466770 -0.98668432 0.15665305 -0.04374734
-0.16663510 -0.91115379 0.37687072 -0.98592603 0.15920752 -0.05101842
-0.16437897 -0.93189389 0.32334730 -0.98639506 0.15459301 -0.05590989
-0.15966937 -0.94185930 0.29564640 -0.98715293 0.15412796 -0.04211527
-0.16222438 -0.93997896 0.30020466 -0.98673654 0.15272433 -0.05501270
-0.17154863 -0.91443515 0.36657810 -0.98516148 0.16122322 -0.05885496
-0.16757697 -0.92288893 0.34669003 -0.98574686 0.16215983 -0.04480364
-0.16252743 -0.93675923 0.30994669 -0.98663342 0.15804832 -0.03968993
-0.16557814 -0.91741997 0.36183494 -0.98619515 0.15467882 -0.05910685
-0.16295111 -0.93224174 0.32306713 -0.98663169 0.15322839 -0.05548947
-0.16344340 -0.92346126 0.34713924 -0.98654187 0.15133905 -0.06190024
-0.15974727 -0.93926746 0.30373916 -0.98714870 0.15066308 -0.05327395
-0.16106009 -0.94355375 0.28942364 -0.98693758 0.15286477 -0.05086010
-0.16161607 -0.94123465 0.29657641 -0.98684657 0.15299588 -0.05221323
-0.17469934 -0.90636510 0.38468495 -0.98438168 0.16940352 -0.04790772
-0.17582098 -0.90611774 0.38475671 -0.98442137 0.16133304 -0.06990184
-0.17703359 -0.90532929 0.38605446 -0.98413950 0.16735469 -0.05883790
-0.16663614 -0.92550188 0.34011570 -0.98540801 0.14417595 -0.09046765
-0.16055888 -0.93916863 0.30361694 -0.98700166 0.15494221 -0.04266891
-0.16184352 -0.93588626 0.31292742 -0.98677009 0.15655692 -0.04212757
-0.16575961 -0.92051816 0.35379380 -0.98614675 0.15246886 -0.06532884
-0.16201207 -0.93832123 0.30545947 -0.98667604 0.14935717 -0.06452062
-0.16386704 -0.92149150 0.35213786 -0.98646343 0.15085085 -0.06429604
-0.15918542 -0.96196264 0.22200891 -0.98684478 0.16147695 -0.00791187
-0.15870439 -0.94780129 0.27656040 -0.98731285 0.15089434 -0.04943955
-0.16098699 -0.93986028 0.30124053 -0.98688114 0.14951934 -0.06090729
-0.17846604 -0.91295701 0.36695975 -0.98394579 0.16529466 -0.06729348
-0.17511873 -0.90655881 0.38403726 -0.98454708 0.16097124 -0.06895880
-0.17757466 -0.91117626 0.37178636 -0.98386741 0.17271672 -0.04662504
-0.17735586 -0.91266066 0.36823294 -0.98309451 0.14699890 -0.10916311
-0.16736417 -0.92642266 0.33723915 -0.98508513 0.14327553 -0.09528629
-0.16416255 -0.93528050 0.31353009 -0.98561984 0.14261569 -0.09063311
-0.15941131 -0.94367772 0.28993163 -0.98720950 0.15167929 -0.04910114
-0.16805613 -0.91610563 0.36401594 -0.98562247 0.14960618 -0.07852633
-0.16140439 -0.93770844 0.30765495 -0.98658180 0.14554366 -0.07398255
-0.16407411 -0.92732310 0.33638012 -0.98596698 0.14351659 -0.08527679
-0.15705656 -0.94396633 0.29027724 -0.98757440 0.15174977 -0.04085182
-0.15767573 -0.95123857 0.26511055 -0.98748946 0.15141876 -0.04401093
-0.15916099 -0.95043021 0.26711479 -0.98716742 0.14965545 -0.05571190
-0.16101155 -0.94248128 0.29292390 -0.98669797 0.14697574 -0.06946461
-0.18016458 -0.90425491 0.38712245 -0.98341167 0.17400180 -0.05123433
-0.17583643 -0.94336516 0.28132504 -0.98161274 0.14645839 -0.12241904
-0.17413667 -0.90706122 0.38329685 -0.98470789 0.15835281 -0.07262796
-0.18207613 -0.90242308 0.39048803 -0.98319054 0.17257538 -0.05961639
-0.17619164 -0.91431910 0.36466035 -0.98362696 0.14928019 -0.10096280
-0.19251011 -0.88853502 0.41646785 -0.98005909 0.15279868 -0.12703092
-0.16557989 -0.92751610 0.33510774 -0.98446155 0.13530752 -0.11192544
-0.16137776 -0.94268727 0.29205802 -0.98687005 0.15213919 -0.05423302
-0.15818848 -0.94324058 0.29201660 -0.98740894 0.15116757 -0.04660468
-0.16007306 -0.94326025 0.29092395 -0.98707002 0.15046832 -0.05524647
-0.16792062 -0.91636467 0.36342603 -0.98577762 0.15357646 -0.06824046
-0.16356125 -0.93805087 0.30546424 -0.98628432 0.14852864 -0.07199037
-0.16543277 -0.92333484 0.34653261 -0.98558688 0.14218499 -0.09166246
-0.15573314 -0.95110029 0.26675004 -0.98779905 0.15010597 -0.04148908
-0.15578462 -0.95826358 0.23971243 -0.98776692 0.14942750 -0.04458654
-0.15833764 -0.95038849 0.26775154 -0.98731291 0.14911449 -0.05457338
-0.15710433 -0.95791036 0.24026246 -0.98753899 0.15010522 -0.04727865
-0.16288383 -0.94885582 0.27044693 -0.98621815 0.14851268 -0.07292326
-0.18418646 -0.91124618 0.36838266 -0.98273885 0.17733549 -0.05269218
-0.18335237 -0.90968305 0.37263751 -0.98303336 0.16764949 -0.07442512
-0.18403375 -0.91156232 0.36767617 -0.98275781 0.16385025 -0.08567563
-0.17428851 -0.90553433 0.38682178 -0.98431575 0.14931843 -0.09395004
-0.19235562 -0.89327395 0.40627697 -0.98109573 0.18401036 -0.05992858
-0.17850630 -0.91683334 0.35714453 -0.97816640 0.12609637 -0.16519779
-0.19387379 -0.89848924 0.39386564 -0.98097008 0.17324851 -0.08765033
-0.19596484 -0.88753432 0.41698992 -0.97345871 0.12480563 -0.19183770
-0.16036625 -0.94007283 0.30090833 -0.98455119 0.13063355 -0.11659277
-0.16782197 -0.93215030 0.32082972 -0.98181450 0.12874365 -0.13951834
-0.15890543 -0.93232155 0.32484707 -0.98728377 0.14857049 -0.05654749
-0.16573632 -0.92434573 0.34368074 -0.98562855 0.14371280 -0.08878627
-0.15466370 -0.95054209 0.26934922 -0.98796672 0.14852250 -0.04316218
-0.15183666 -0.96067768 0.23247381 -0.98839146 0.14631467 -0.04091992
-0.15928894 -0.94961298 0.26993018 -0.98703927 0.14778674 -0.06255049
-0.15759464 -0.95789802 0.23999020 -0.98744708 0.15025400 -0.04870342
-0.16080543 -0.94105667 0.29758033 -0.98672372 0.14633007 -0.07045373
-0.18944289 -0.89798808 0.39715081 -0.98152739 0.18420847 -0.05168412
-0.18363550 -0.90123415 0.39249846 -0.98282725 0.17569809 -0.05639977
-0.18335439 -0.90917844 0.37386593 -0.98304093 0.16825257 -0.07294931
-0.18151657 -0.91211790 0.36754969 -0.98310983 0.15942551 -0.08988136
-0.17550069 -0.90643018 0.38416642 -0.98426962 0.15349849 -0.08747339
-0.19763602 -0.88111722 0.42961901 -0.98011816 0.18546794 -0.07049884
-0.17165208 -0.92220759 0.34650937 -0.98102456 0.12782462 -0.14577983
-0.18872760 -0.89690125 0.39993763 -0.97831172 0.13631107 -0.15596655
-0.19686839 -0.88960403 0.41212562 -0.98013264 0.16822478 -0.10507397
-0.21408312 -0.87469715 0.43482575 -0.97239906 0.14855351 -0.17992242
-0.15903923 -0.94270515 0.29328072 -0.98562473 0.13445182 -0.10230662
-0.16558781 -0.93321246 0.31889689 -0.97326875 0.10245475 -0.20555042
-0.16056655 -0.92189127 0.35261151 -0.98702133 0.15094846 -0.05480403
-0.16644470 -0.90782881 0.38489360 -0.98504317 0.13544218 -0.10651498
-0.15170145 -0.95643324 0.24944371 -0.98841518 0.14799102 -0.03367699
-0.15242875 -0.96056610 0.23254724 -0.98831344 0.14780140 -0.03730148
-0.14872186 -0.96990943 0.19276299 -0.98886079 0.14468107 -0.03495320
-0.16140804 -0.94822156 0.27353862 -0.98666203 0.14912091 -0.06527614
-0.15807468 -0.95881873 0.23596412 -0.98731732 0.14991266 -0.05225703
-0.15866508 -0.93768257 0.30915502 -0.98725456 0.15460765 -0.03774779
-0.19834046 -0.88855523 0.41367954 -0.97917300 0.19831049 -0.04351154
-0.18404806 -0.90081435 0.39326820 -0.98253727 0.17973404 -0.04812761
-0.17796130 -0.89639193 0.40596962 -0.98161429 0.19064629 -0.00934938
-0.18119207 -0.90214014 0.39155161 -0.98336917 0.16116545 -0.08373064
-0.18241014 -0.90931690 0.37399119 -0.98238647 0.15287262 -0.10745594
-0.18129529 -0.90802616 0.37765133 -0.98335761 0.16276401 -0.08072028
-0.17152612 -0.91141957 0.37402302 -0.98423487 0.14190981 -0.10556196
-0.19958149 -0.88224632 0.42639044 -0.97976673 0.18632866 -0.07306804
-0.16780753 -0.92933285 0.32890895 -0.96980226 0.09572276 -0.22432296
-0.18888943 -0.90296948 0.38596240 -0.96778101 0.10453481 -0.22906855
-0.21697155 -0.86140525 0.45924327 -0.97544116 0.17304207 -0.13627560
-0.21495043 -0.86148363 0.46004605 -0.96235263 0.10659952 -0.25002798
-0.23239873 -0.82930779 0.50817269 -0.96319181 0.12365983 -0.23868358
-0.15160532 -0.95734596 0.24597685 -0.98746395 0.13562825 -0.08074602
-0.15771636 -0.94353926 0.29130602 -0.97584671 0.10376519 -0.19223925
-0.16436696 -0.93401897 0.31716263 -0.97352457 0.10182691 -0.20464900
-0.16085745 -0.93960637 0.30210057 -0.96576089 0.08672035 -0.24451080
-0.16011482 -0.93412989 0.31900558 -0.98708624 0.14991927 -0.05643490
-0.16097058 -0.92277420 0.35010895 -0.98686147 0.15547998 -0.04393695
-0.16121837 -0.92470551 0.34485996 -0.98680592 0.15632240 -0.04215933
-0.15089259 -0.95622158 0.25074238 -0.98854280 0.14693867 -0.03452895
-0.15087599 -0.96061265 0.23336625 -0.98855132 0.14621301 -0.03725724
-0.14541316 -0.97155589 0.18690713 -0.98935962 0.14188555 -0.03218810
-0.15167962 -0.96716791 0.20391050 -0.98829675 0.14501268 -0.04733869
-0.16062161 -0.94898760 0.27133593 -0.98684150 0.15957683 -0.02606219
-0.15931422 -0.96027505 0.22910871 -0.98710132 0.15122792 -0.05254646
-0.16210535 -0.95940179 0.23080330 -0.98579329 0.16787480 0.00544625
-0.15937731 -0.93475229 0.31754851 -0.98720831 0.14949581 -0.05541532
-0.20885512 -0.88101357 0.42449343 -0.97663504 0.21037416 -0.04389410
-0.18274663 -0.90528131 0.38349637 -0.98277116 0.17917411 -0.04535932
-0.18431972 -0.91174662 0.36707538 -0.98286533 0.17152917 -0.06748024
-0.18061444 -0.90260708 0.39074156 -0.98346931 0.16052318 -0.08378793
-0.18567306 -0.90940601 0.37216434 -0.98102319 0.15003544 -0.12281251
-0.18773614 -0.89995950 0.39348200 -0.98021400 0.14607526 -0.13357614
-0.17678134 -0.89964223 0.39923969 -0.98256171 0.13755804 -0.12510164
-0.21199079 -0.86870939 0.44766507 -0.97718817 0.19441468 -0.08547693
-0.16733705 -0.92551684 0.33973071 -0.96825850 0.08938203 -0.23342304
-0.16754945 -0.92865676 0.33094388 -0.96997166 0.09525169 -0.22379048
-0.19429083 -0.89350516 0.40484521 -0.96327525 0.09580595 -0.25084263
-0.21470216 -0.86298299 0.45734382 -0.97546792 0.21279083 -0.05641311
-0.22871943 -0.84573853 0.48209310 -0.97346401 0.19491549 -0.11989927
-0.22353043 -0.85257983 0.47237888 -0.96259004 0.11694719 -0.24442534
-0.22625275 -0.85687345 0.46322531 -0.96946728 0.15192173 -0.19249146
-0.23914288 -0.78273261 0.57457846 -0.94514173 0.32326201 0.04699759
-0.15110482 -0.95659673 0.24917877 -0.98438311 0.12258261 -0.12634665
-0.15133619 -0.95491868 0.25539723 -0.98817492 0.13970867 -0.06318094
-0.15632170 -0.94779187 0.27794626 -0.98055589 0.11511922 -0.15892683
-0.15880167 -0.94103563 0.29872054 -0.97998512 0.11344758 -0.16358119
-0.15340991 -0.95190811 0.26520997 -0.97330129 0.09918726 -0.20699418
-0.16014947 -0.94328588 0.29079875 -0.97084230 0.09728616 -0.21909045
-0.15942493 -0.93459111 0.31799874 -0.98719043 0.14889143 -0.05732777
-0.15721515 -0.92042547 0.35791111 -0.98511642 0.17166601 0.00874675
-0.16290326 -0.91552526 0.36779895 -0.98664135 0.15071794 -0.06183001
-0.14502396 -0.96961838 0.19699831 -0.98941129 0.14095367 -0.03460452
-0.15209188 -0.97437590 0.16570960 -0.98818457 0.14669569 -0.04440367
-0.15493704 -0.96872663 0.19381246 -0.98781937 0.14905004 -0.04468774
-0.16028170 -0.94936323 0.27022079 -0.98684919 0.15993148 -0.02346526
-0.15914819 -0.96021932 0.22945768 -0.98714244 0.15126702 -0.05165401
-0.15989964 -0.94570172 0.28298494 -0.98627698 0.16499364 -0.00590338
-0.20963399 -0.89058995 0.40361255 -0.97673571 0.20980906 -0.04435732
-0.21222641 -0.86946994 0.44607404 -0.97419214 0.22414967 -0.02658281
-0.19162636 -0.89909899 0.39357382 -0.98038495 0.19418406 -0.03373420
-0.17585930 -0.89717519 0.40515453 -0.98108542 0.19355588 0.00276571
-0.17869487 -0.90453297 0.38715398 -0.98345190 0.17613821 -0.04239909
-0.18005195 -0.90359133 0.38872093 -0.98357135 0.16016349 -0.08327717
-0.18968515 -0.90778846 0.37408516 -0.97965664 0.14956352 -0.13380441
-0.18623494 -0.90028983 0.39343968 -0.98176342 0.15496388 -0.11012173
-0.18560676 -0.90396363 0.38522711 -0.98090357 0.14725988 -0.12705429
-0.17035021 -0.90893829 0.38054168 -0.98520511 0.14975503 -0.08333332
-0.16168229 -0.93343008 0.32026100 -0.96119606 0.07545056 -0.26534778
-0.17607222 -0.91046041 0.37424642 -0.96524042 0.08508408 -0.24712689
-0.19049598 -0.89574003 0.40169778 -0.96467716 0.09496084 -0.24572431
-0.19089888 -0.89539874 0.40226716 -0.96464384 0.09526112 -0.24573904
-0.21740098 -0.86985350 0.44282243 -0.97308248 0.22868685 -0.02851028
-0.22488517 -0.79882872 0.55794215 -0.97386509 0.20297794 -0.10191588
-0.22854260 -0.83583230 0.49915192 -0.96961814 0.14948685 -0.19363463
-0.24331689 -0.78642470 0.56774390 -0.96630847 0.14588748 -0.21204923
-0.23410527 -0.79699564 0.55676985 -0.97048873 0.15749857 -0.18260850
-0.24017741 -0.80468130 0.54295754 -0.96626931 0.14462529 -0.21308991
-0.15026924 -0.96052933 0.23409955 -0.98656023 0.13031808 -0.09857066
-0.14894347 -0.96103907 0.23285142 -0.98078215 0.11356387 -0.15864953
-0.14719573 -0.96963233 0.19531170 -0.98900557 0.14144938 -0.04312862
-0.15415038 -0.95182109 0.26509306 -0.98219681 0.11846495 -0.14579251
-0.15020801 -0.95958644 0.23797375 -0.97811711 0.10918817 -0.17710161
-0.15668480 -0.94344538 0.29216549 -0.96813607 0.08820355 -0.23437737
-0.15880142 -0.93575084 0.31488499 -0.98499435 0.17198855 0.01435415
-0.15738429 -0.92720085 0.33989531 -0.98561436 0.16894987 0.00450207
-0.15602902 -0.90909326 0.38626993 -0.98731238 0.15521266 -0.03351698
-0.16474284 -0.89007300 0.42500567 -0.98624116 0.15464415 -0.05842649
-0.14425458 -0.97466797 0.17091814 -0.98951727 0.14089634 -0.03168320
-0.14392555 -0.96874881 0.20201790 -0.98955703 0.13926196 -0.03718822
-0.14653872 -0.97685045 0.15585123 -0.98909318 0.14232369 -0.03793021
-0.15127230 -0.97354078 0.17127502 -0.98848087 0.14815453 -0.03091692
-0.15653531 -0.96860307 0.19314460 -0.98767155 0.15376718 -0.02933624
-0.15735218 -0.95984012 0.23226541 -0.98748797 0.15045650 -0.04722694
-0.15919411 -0.95940399 0.23281163 -0.98721302 0.15666473 -0.02943896
-0.22386485 -0.93735838 0.26691553 -0.95135140 0.26965165 0.14905876
-0.22904393 -0.87002933 0.43656364 -0.96821439 0.24992591 -0.00989728
-0.19472027 -0.89158642 0.40884924 -0.97910780 0.20157756 -0.02672949
-0.17723729 -0.86538482 0.46871746 -0.98348320 0.13797171 -0.11715224
-0.18120810 -0.86058491 0.47598034 -0.98326987 0.16767079 -0.07118260
-0.19304785 -0.90617847 0.37626207 -0.97972482 0.15707925 -0.12435997
-0.19057386 -0.89150351 0.41097841 -0.97180074 0.11210509 -0.20745066
-0.18802521 -0.89858592 0.39647177 -0.98017526 0.14599961 -0.13394262
-0.17453705 -0.89231026 0.41631621 -0.98412907 0.14432587 -0.10324732
-0.16795839 -0.91300851 0.37176001 -0.97761148 0.10577732 -0.18189818
-0.20363015 -0.86930496 0.45038179 -0.97551250 0.14109333 -0.16872494
-0.22750659 -0.84985554 0.47538018 -0.97167909 0.23015125 -0.05357412
-0.22647123 -0.81506765 0.53326869 -0.97357905 0.20586058 -0.09881944
-0.23273583 -0.84187341 0.48691204 -0.97171599 0.18069056 -0.15204918
-0.21656989 -0.85272068 0.47535768 -0.97383612 0.15435138 -0.16679008
-0.24354251 -0.79271001 0.55883616 -0.96650994 0.15029471 -0.20801471
-0.25192910 -0.70882815 0.65885848 -0.96753341 0.19874609 -0.15613829
-0.14542699 -0.97227538 0.18311633 -0.98659509 0.12866391 -0.10037782
-0.14456889 -0.97113037 0.18975157 -0.98182869 0.11696203 -0.14944020
-0.14630917 -0.97021806 0.19305576 -0.98912865 0.14056562 -0.04319615
-0.14638436 -0.96995652 0.19430903 -0.98914176 0.14092980 -0.04168158
-0.14727816 -0.96197301 0.23003724 -0.97198290 0.09768669 -0.21379091
-0.15567729 -0.94501179 0.28760612 -0.97156173 0.09389502 -0.21737434
-0.15957928 -0.93716675 0.31024671 -0.98543143 0.16994913 0.00649885
-0.15916584 -0.93380821 0.32041925 -0.98590952 0.16726393 -0.00228048
-0.16113515 -0.93923932 0.30309245 -0.98398888 0.17659198 0.02410783
-0.15615286 -0.93130541 0.32906920 -0.98201406 0.18217856 0.04959321
-0.15013795 -0.91222227 0.38119447 -0.98298723 0.17899644 0.04118855
-0.15668322 -0.88866138 0.43096563 -0.98760533 0.14507501 -0.05990878
-0.14161384 -0.97386056 0.17759843 -0.98989004 0.13786967 -0.03331272
-0.14481452 -0.97657853 0.15913284 -0.98937750 0.14085490 -0.03594710
-0.14170969 -0.97834748 0.15084630 -0.98985404 0.13845156 -0.03194093
-0.14569061 -0.97560674 0.16421275 -0.98921341 0.14110173 -0.03933484
-0.14940256 -0.98214793 0.11429962 -0.98876971 0.14797205 -0.02094744
-0.15461117 -0.97230446 0.17526983 -0.98792827 0.15041812 -0.03704307
-0.15800841 -0.95433182 0.25354335 -0.98579997 0.16724028 0.01513754
-0.21106294 -0.87700117 0.43164960 -0.97374433 0.22717816 -0.01456238
-0.22980481 -0.86420101 0.44760072 -0.96755499 0.25249064 -0.00926302
-0.22972390 -0.86995167 0.43636110 -0.96795869 0.25093699 -0.00930473
-0.19472483 -0.87308604 0.44699329 -0.97875351 0.20279376 -0.03027157
-0.17073157 -0.86599427 0.47000498 -0.98460120 0.13176011 -0.11489027
-0.18301171 -0.87093925 0.45603901 -0.98309505 0.15950511 -0.08990160
-0.19379084 -0.89017028 0.41236150 -0.97707552 0.13736539 -0.16264780
-0.19509786 -0.88633442 0.41993833 -0.97132778 0.11529781 -0.20791526
-0.18683586 -0.90051556 0.39263743 -0.97807389 0.13308281 -0.16018885
-0.16165197 -0.93619066 0.31211495 -0.98111701 0.11842794 -0.15291917
-0.19662975 -0.88584471 0.42025700 -0.97125983 0.11734468 -0.20708613
-0.16552427 -0.88478637 0.43560854 -0.98476833 0.12444665 -0.12142642
-0.15962240 -0.92974883 0.33179498 -0.97989267 0.10846832 -0.16746646
-0.17604147 -0.89204305 0.41625547 -0.98206502 0.13015157 -0.13641471
-0.20059179 -0.87598813 0.43864313 -0.97763377 0.15009953 -0.14731765
-0.22760409 -0.82842839 0.51176435 -0.96791852 0.24992551 -0.02590417
-0.23108807 -0.82891071 0.50941670 -0.96819079 0.24755265 -0.03639126
-0.23012973 -0.80889875 0.54103893 -0.97155082 0.22292787 -0.07995112
-0.23869605 -0.76175439 0.60229099 -0.97087598 0.17404626 -0.16464430
-0.25440931 -0.82538956 0.50399202 -0.96709114 0.21536830 -0.13546686
-0.25202996 -0.74222654 0.62095147 -0.96762371 0.20230973 -0.15091439
-0.25466514 -0.71941090 0.64621490 -0.96697801 0.19632861 -0.16250727
-0.14487831 -0.97328889 0.17809834 -0.98670423 0.12871750 -0.09923024
-0.14517651 -0.97325093 0.17806304 -0.98615658 0.12776363 -0.10569669
-0.14313410 -0.97155303 0.18867275 -0.98364609 0.11859023 -0.13556068
-0.14267278 -0.96728736 0.20976111 -0.98076552 0.10964173 -0.16148600
-0.15600960 -0.94383401 0.29127038 -0.97537315 0.10065851 -0.19625285
-0.15029261 -0.95327300 0.26207384 -0.97635025 0.10144399 -0.19091725
-0.16053832 -0.95417178 0.25255439 -0.98529023 0.17010449 0.01636124
-0.15866700 -0.94059372 0.30018038 -0.98174226 0.18260650 0.05326268
-0.15550020 -0.92367023 0.35021850 -0.98323256 0.17890856 0.03529130
-0.14857338 -0.91196430 0.38242283 -0.98153383 0.18311097 0.05533367
-0.14145245 -0.89753401 0.41764089 -0.98810112 0.15374680 -0.00425324
-0.15344572 -0.88791645 0.43365747 -0.98805594 0.14414486 -0.05447700
-0.15413210 -0.88642234 0.43646175 -0.98804998 0.13793917 -0.06877548
-0.14118780 -0.97571009 0.16749868 -0.98996967 0.13827810 -0.02896917
-0.14139785 -0.97965878 0.14239138 -0.98994404 0.13932002 -0.02450920
-0.14290622 -0.98147070 0.12764469 -0.98973620 0.14166905 -0.01876652
-0.14205779 -0.97563112 0.16722305 -0.98984367 0.13909388 -0.02936614
-0.14134565 -0.97813672 0.15254490 -0.98990178 0.13797323 -0.03252554
-0.14337449 -0.98081732 0.13206509 -0.98962373 0.14081521 -0.02856755
-0.14428782 -0.98274982 0.11568881 -0.98935491 0.14103700 -0.03585300
-0.14871572 -0.98229325 0.11394574 -0.98887396 0.14732139 -0.02060895
-0.14906506 -0.98188257 0.11698837 -0.98870820 0.14616303 -0.03305408
-0.15371849 -0.97402465 0.16627297 -0.98779094 0.15578395 -0.00062745
-0.16122863 -0.96214539 0.21973093 -0.98664224 0.16239215 -0.01288002
-0.22517724 -0.86464924 0.44908464 -0.96892172 0.24716768 -0.00994425
-0.23140846 -0.85469162 0.46470684 -0.96407288 0.26550978 0.00825115
-0.23311675 -0.85651976 0.46046773 -0.96724772 0.25313598 -0.01881924
-0.19956428 -0.84803253 0.49093276 -0.97484487 0.22257149 -0.01180684
-0.18682416 -0.86498302 0.46572644 -0.98201764 0.17754431 -0.06418315
-0.17021218 -0.88293552 0.43755302 -0.97978175 0.10426183 -0.17075495
-0.15015008 -0.80009812 0.58077365 -0.98551577 0.07428879 -0.15244657
-0.18472669 -0.83092940 0.52481645 -0.98230517 0.17287634 -0.07204410
-0.18597621 -0.90168101 0.39036423 -0.97840148 0.13345851 -0.15785867
-0.18525964 -0.89933467 0.39607590 -0.97635221 0.12275103 -0.17795682
-0.16369039 -0.87454104 0.45649043 -0.98447305 0.11507763 -0.13255189
-0.15972565 -0.93060869 0.32932529 -0.98320717 0.12014175 -0.13736705
-0.16884837 -0.89718455 0.40810561 -0.98494226 0.13798627 -0.10415625
-0.20345967 -0.83647126 0.50884199 -0.97793114 0.19882551 -0.06418052
-0.22926356 -0.83689940 0.49702889 -0.96160501 0.27387288 0.01759065
-0.23005590 -0.72344095 0.65092820 -0.95820761 0.28525528 -0.02162449
-0.22492149 -0.80412036 0.55027342 -0.97417080 0.19719575 -0.11002323
-0.23271900 -0.84392649 0.48335284 -0.97254217 0.20291901 -0.11395466
-0.25054267 -0.73063964 0.63513321 -0.96808195 0.19366796 -0.15909156
-0.25539333 -0.75623757 0.60239440 -0.96101445 0.26683706 -0.07245164
-0.26417357 -0.79127997 0.55144209 -0.96193540 0.25762993 -0.09114376
-0.27657744 -0.62774247 0.72762924 -0.95049894 0.29027832 -0.11086208
-0.14067641 -0.98042548 0.13775384 -0.98925269 0.13359264 -0.05943138
-0.13261054 -0.98302472 0.12679461 -0.98119009 0.11209088 -0.15716785
-0.13798468 -0.98075575 0.13812461 -0.98631328 0.12335900 -0.10940160
-0.14189143 -0.96730405 0.21021366 -0.97956944 0.10663628 -0.17050655
-0.14475821 -0.96177918 0.23243479 -0.98196614 0.11077081 -0.15320688
-0.15212345 -0.94369817 0.29375550 -0.98444909 0.11825484 -0.12990706
-0.16107090 -0.95491999 0.24936730 -0.98536080 0.16989547 0.01413044
-0.16248950 -0.94898427 0.27023330 -0.98419559 0.17541917 0.02423308
-0.15591076 -0.92339420 0.35076350 -0.98250240 0.18160051 0.04135595
-0.15093972 -0.91262931 0.37990126 -0.98208094 0.18230748 0.04776007
-0.14179777 -0.90059018 0.41089013 -0.98914045 0.14511821 -0.02328083
-0.13606150 -0.88605118 0.44317114 -0.98634887 0.16303559 0.02313723
-0.14041859 -0.89050883 0.43275484 -0.99000639 0.13204107 -0.04952359
-0.14069301 -0.97946692 0.14439571 -0.99002391 0.13806078 -0.02814137
-0.14246869 -0.98060751 0.13457941 -0.98974204 0.13967432 -0.03003097
-0.14058317 -0.98016638 0.13967913 -0.99005324 0.13838053 -0.02540717
-0.14089897 -0.97762728 0.15618062 -0.98997170 0.13750510 -0.03238085
-0.14105177 -0.97903341 0.14696272 -0.99000210 0.13956632 -0.02042327
-0.14474103 -0.98289520 0.11387345 -0.98927951 0.14149606 -0.03612401
-0.14476642 -0.98360479 0.10753781 -0.98936164 0.14547129 -0.00130239
-0.14671616 -0.98370725 0.10389636 -0.98917437 0.14559533 -0.01833278
-0.14743184 -0.98700136 0.06397022 -0.98906451 0.14737801 -0.00558561
-0.15112066 -0.98314708 0.10288051 -0.98851037 0.15062989 -0.01256823
-0.15314554 -0.97563529 0.15710579 -0.98814023 0.15298969 -0.01315754
-0.16030137 -0.96378994 0.21310200 -0.98570764 0.16763665 0.01668780
-0.23160593 -0.85463774 0.46470749 -0.96661532 0.25599796 -0.01094950
-0.23909391 -0.85575837 0.45881554 -0.96273226 0.27044255 0.00272455
-0.23615703 -0.85349488 0.46451741 -0.96622759 0.25698578 -0.01904203
-0.20576206 -0.84618759 0.49155730 -0.97336423 0.22886898 -0.01345790
-0.19011727 -0.83876163 0.51022977 -0.97950894 0.19723712 -0.04073971
-0.15358122 -0.88120824 0.44708487 -0.98096687 0.08156513 -0.17621318
0.05332672 -0.77810341 0.62586856 -0.98991221 -0.12358014 -0.06929468
-0.16161402 -0.71964562 0.67527121 -0.98642874 0.09771585 -0.13194685
-0.18541734 -0.82291907 0.53705186 -0.98066092 0.18980227 -0.04774141
-0.18280381 -0.77639151 0.60315752 -0.98253137 0.16601887 -0.08408226
-0.18293999 -0.89300489 0.41118762 -0.97435415 0.10894798 -0.19688648
-0.18362989 -0.89396638 0.40878385 -0.97935760 0.13063666 -0.15424918
-0.16219372 -0.88399160 0.43846557 -0.98420227 0.11295902 -0.13633130
-0.13713965 -0.86716938 0.47875875 -0.98390824 0.06336854 -0.16706021
-0.15688047 -0.93862730 0.30719262 -0.98684716 0.13669811 -0.08629271
-0.16179390 -0.92264342 0.35007402 -0.98518389 0.13057180 -0.11119226
-0.16416168 -0.88588274 0.43389249 -0.98600399 0.16034232 -0.04567860
-0.20366950 -0.83203900 0.51597470 -0.97689623 0.20756502 -0.05089749
-0.22341526 -0.81276387 0.53805256 -0.96587610 0.25880691 -0.01011533
-0.23315008 -0.67082292 0.70401537 -0.96202362 0.26479632 -0.06628329
-0.23440054 -0.73698199 0.63396686 -0.95737022 0.28824532 -0.01889141
-0.24518904 -0.63308197 0.73422724 -0.96759933 0.20689423 -0.14472868
-0.27625483 -0.71655452 0.64049429 -0.94661164 0.31808412 -0.05243047
-0.29111302 -0.69249290 0.66008091 -0.93988067 0.33578333 -0.06224072
-0.16534954 -0.91291171 0.37316453 -0.97698635 0.09992404 -0.18844883
-0.14148375 -0.97539681 0.16906632 -0.98683226 0.12544419 -0.10210700
-0.13868903 -0.97569686 0.16964993 -0.98439032 0.11707536 -0.13141219
-0.13761738 -0.98269141 0.12401232 -0.98793727 0.12720792 -0.08830752
-0.13753566 -0.96272612 0.23290019 -0.98653305 0.11212977 -0.11907772
-0.14947139 -0.94269156 0.29831359 -0.98588645 0.11908203 -0.11767538
-0.15307306 -0.94075269 0.30257738 -0.98530436 0.12180961 -0.11974073
-0.15557513 -0.94653314 0.28261530 -0.98525822 0.16929255 0.02462468
-0.15992446 -0.95385903 0.25412029 -0.98464030 0.17241439 0.02751045
-0.15923420 -0.95355642 0.25568461 -0.98480129 0.17161685 0.02672157
-0.16526546 -0.94888127 0.26890859 -0.98542297 0.17002851 -0.00565075
-0.16136464 -0.93665045 0.31088158 -0.98592591 0.16695473 -0.00873436
-0.15631509 -0.91940689 0.36091074 -0.98553658 0.16939828 0.00468740
-0.14173682 -0.89776206 0.41705394 -0.98364460 0.17503604 0.04249346
-0.07943603 -0.87343520 0.48041740 -0.99583578 0.09115911 0.00107472
-0.11019436 -0.87551588 0.47045633 -0.99390244 0.09892236 -0.04870664
-0.14254177 -0.98448086 0.10236859 -0.98974115 0.14075537 -0.02450439
-0.13873197 -0.98206645 0.12766771 -0.99031490 0.13686085 -0.02335671
-0.13945647 -0.98316419 0.11806826 -0.98865199 0.13151634 -0.07259990
-0.14026636 -0.98105091 0.13365810 -0.99004960 0.13743567 -0.03022072
-0.14279567 -0.98572600 0.08918323 -0.98961407 0.14068927 -0.02950674
-0.14787576 -0.98598915 0.07718979 -0.98896974 0.14675114 -0.02007538
-0.14939749 -0.98650694 0.06696624 -0.98848653 0.14736840 -0.03430759
-0.15263349 -0.98586345 0.06911111 -0.98800099 0.15054609 -0.03449689
-0.98457646 0.16040842 0.06984564 0.15732624 0.98639745 -0.04763024
-0.16120662 -0.97396600 0.15938215 -0.98660928 0.16309704 -0.00123591
-0.16221443 -0.96599460 0.20134780 -0.98531878 0.16957761 0.01975747
-0.23628075 -0.87151629 0.42968690 -0.96570683 0.25959590 -0.00450531
-0.25057039 -0.81278771 0.52591890 -0.95228827 0.30471435 0.01721333
-0.24153969 -0.79416889 0.55763286 -0.95799786 0.28669834 -0.00664884
-0.20578898 -0.83374107 0.51237363 -0.97099745 0.23908809 -0.00094271
0.09040311 -0.83252448 0.54656231 -0.98364902 -0.16047759 -0.08174109
-0.17000957 -0.49518129 0.85199314 -0.98481882 0.05462060 -0.16476837
-0.18742616 -0.76732481 0.61325705 -0.97857481 0.20002523 -0.04879881
-0.18103006 -0.89931178 0.39807847 -0.97531682 0.11212833 -0.19022211
-0.15018022 -0.86815822 0.47301936 -0.98175836 0.07452686 -0.17491797
-0.13013421 -0.86941636 0.47663429 -0.98440647 0.05590914 -0.16678752
-0.08293007 -0.87187916 0.48264828 -0.99648553 0.07828469 -0.02980188
-0.15516293 -0.93100262 0.33039159 -0.98559421 0.12310643 -0.11596929
-0.16134197 -0.90808409 0.38646093 -0.98385525 0.17872843 0.00922035
-0.16822350 -0.84367907 0.50981033 -0.98172951 0.19004805 -0.00943560
-0.24200940 -0.71184635 0.65932256 -0.96879357 0.21480255 -0.12368869
-0.23024291 -0.71309662 0.66217929 -0.94580740 0.32410166 0.02016124
-0.27980414 -0.72659451 0.62751102 -0.92937464 0.36891702 0.01276506
-0.32470220 -0.64712262 0.68978322 -0.92074937 0.38306212 -0.07405400
-0.13969159 -0.98306745 0.11859480 -0.98864132 0.13176164 -0.07229924
-0.13882442 -0.97546321 0.17087810 -0.98777425 0.12403395 -0.09443354
-0.13824601 -0.98167914 0.13112661 -0.98947269 0.13117915 -0.06112248
-0.13943462 -0.98193681 0.12789904 -0.98761445 0.12851752 -0.09000518
-0.13429391 -0.96963501 0.20438494 -0.98921120 0.11899361 -0.08544984
-0.13392569 -0.95406520 0.26799911 -0.99033743 0.11902739 -0.07116339
-0.13303486 -0.95143044 0.27763629 -0.99048388 0.11766101 -0.07139767
-0.16140372 -0.96173263 0.22140305 -0.98629534 0.16497214 -0.00240583
-0.16456470 -0.96041226 0.22478148 -0.98617929 0.16464190 -0.01853449
-0.16673055 -0.94965833 0.26523584 -0.98498458 0.17263927 -0.00105085
-0.16198845 -0.93514162 0.31507123 -0.98659205 0.15991662 -0.03260168
-0.15500137 -0.91177928 0.38030672 -0.98687124 0.16059004 -0.01720651
-0.16026080 -0.92843240 0.33515635 -0.98697442 0.15556347 -0.04100516
-0.13969600 -0.88130498 0.45142734 -0.98868257 0.14932753 -0.01442508
-0.04101443 -0.88050812 0.47225341 -0.99629277 0.07181272 0.04736715
-0.14248328 -0.98589081 0.08785126 -0.98971242 0.14074695 -0.02568359
-0.14143594 -0.98766917 0.06712282 -0.98994607 0.14122251 -0.00793795
-0.14031482 -0.98612660 0.08869089 -0.99009389 0.13928862 -0.01768646
-0.13836934 -0.98766857 0.07324522 -0.99008083 0.13612869 -0.03477092
-0.13862483 -0.98710793 0.08000749 -0.99021316 0.13683511 -0.02746119
-0.14386778 -0.98678595 0.07453583 -0.98936909 0.14180979 -0.03223155
-0.14437741 -0.98706549 0.06969182 -0.98949641 0.14350198 -0.01743470
-0.14518961 -0.98857087 0.04059045 -0.98881638 0.14356765 -0.04038065
-0.15257789 -0.98565209 0.07218023 -0.98475182 0.14544956 -0.09543733
-0.16025358 -0.97938865 0.12295012 -0.98707587 0.15905355 -0.01957882
-0.15940322 -0.97382116 0.16205844 -0.98661292 0.16287072 0.00825428
-0.25185713 -0.79662460 0.54950643 -0.95026934 0.31104887 0.01539037
-0.22635224 -0.79899216 0.55711424 -0.96248621 0.27132386 -0.00193013
0.22273758 -0.76015341 0.61037260 -0.95127922 -0.30640042 -0.03444730
-0.18221633 -0.50602764 0.84305006 -0.93094027 0.36474147 0.01771748
-0.17092983 -0.47288871 0.86438376 -0.93995112 0.34130806 0.00085035
-0.13816099 -0.89197165 0.43046269 -0.97698528 0.05142413 -0.20701541
-0.14353591 -0.88530505 0.44230360 -0.98146123 0.06998238 -0.17842759
-0.11640394 -0.91312897 0.39069879 -0.99237216 0.09085336 -0.08332557
0.04460286 -0.81411415 0.57898945 -0.99292165 -0.09998761 -0.06410164
-0.15343773 -0.92493379 0.34778494 -0.98798245 0.15023528 -0.03633314
-0.15203825 -0.90836972 0.38954955 -0.98524046 0.17065084 0.01339963
-0.15258013 -0.86226261 0.48293117 -0.97063392 0.22270155 0.09096076
-0.17301302 -0.83551806 0.52151334 -0.97694415 0.21282771 0.01686893
-0.24823353 -0.77157831 0.58570230 -0.94630396 0.32241091 0.02366540
-0.26067162 -0.71273297 0.65120047 -0.93224657 0.36114815 0.02210070
-0.33569527 -0.65046138 0.68132865 -0.89701211 0.44153336 -0.02043416
-0.36171055 -0.61934054 0.69683772 -0.88430470 0.46463281 -0.04606013
-0.14004782 -0.98219210 0.12524101 -0.98707408 0.12853827 -0.09572183
-0.13704453 -0.98136461 0.13469383 -0.98973858 0.13010553 -0.05907717
-0.13527147 -0.97556913 0.17310832 -0.98837441 0.12062437 -0.09255164
-0.13716634 -0.98535872 0.10126044 -0.98983407 0.13246864 -0.05177512
-0.13410741 -0.96983099 0.20357578 -0.98924750 0.11892348 -0.08512674
-0.13320753 -0.95706791 0.25744289 -0.99080813 0.12242356 -0.05754837
-0.12557428 -0.94295394 0.30833280 -0.99197572 0.12393885 -0.02496656
-0.16519877 -0.95879215 0.23114291 -0.98565733 0.16869377 -0.00470322
-0.16727561 -0.94666159 0.27541026 -0.98587984 0.15841837 -0.05426471
-0.16089429 -0.92240012 0.35112831 -0.98691809 0.14665246 -0.06697618
-0.12198566 -0.90213096 0.41385898 -0.98880029 0.14658186 0.02806899
-0.03338099 -0.87063026 0.49080417 -0.99559104 0.07203852 0.06007509
0.03421742 -0.87523842 0.48248002 -0.99702489 0.00346926 0.07700226
-0.14112303 -0.98610306 0.08766513 -0.98994249 0.13967524 -0.02246624
-0.14028332 -0.98606175 0.08945850 -0.99010020 0.13927788 -0.01741521
-0.13863851 -0.98598725 0.09278256 -0.99027818 0.13694736 -0.02438329
-0.13893794 -0.98737186 0.07611249 -0.98958516 0.13550471 -0.04857756
-0.13897394 -0.98742628 0.07533696 -0.99018985 0.13744242 -0.02517135
-0.14289443 -0.98932821 0.02847632 -0.98964947 0.14243779 -0.01747703
-0.14299092 -0.98874605 0.04398701 -0.98939437 0.14165507 -0.03213515
-0.98883480 0.14140365 -0.04701982 0.14293517 0.98924750 -0.03096707
-0.15671544 -0.98524266 0.06882758 -0.98467034 0.15046020 -0.08823884
-0.97748494 0.15976031 -0.13783973 0.16610758 0.98545867 -0.03576977
-0.16086072 -0.98011059 0.11622021 -0.98609465 0.15462026 -0.06090953
-0.16222084 -0.97211617 0.16933562 -0.98668170 0.15771787 -0.03980399
-0.17517419 -0.46975169 0.86524409 -0.94546562 0.32538745 -0.01475866
0.25418851 -0.75176984 0.60846555 -0.94703043 -0.32114193 -0.00115135
-0.10294734 -0.21943125 0.97018135 -0.96692544 0.25090361 -0.04585360
0.27014086 -0.77753037 0.56786484 -0.93765616 -0.34641349 -0.02825986
0.25136280 -0.78285640 0.56916833 -0.94910246 -0.31467134 -0.01365754
0.20210399 -0.82302397 0.53083479 -0.97737157 -0.20405245 0.05574358
-0.12749983 -0.92057312 0.36917338 -0.98259938 0.16792236 0.07937615
-0.14917615 -0.85038793 0.50456601 -0.95395416 0.25806075 0.15289281
-0.24940166 -0.76608622 0.59237725 -0.94646925 0.32227498 0.01829815
-0.24117890 -0.68060559 0.69181556 -0.93466777 0.35476622 0.02317634
-0.26190040 -0.75048542 0.60677826 -0.92724359 0.37002680 0.05744155
-0.49273989 -0.49732509 0.71405548 -0.78180110 0.61332858 -0.11231735
-0.13832597 -0.98556495 0.09760994 -0.98976308 0.13406850 -0.04893649
-0.13578516 -0.98135996 0.13599658 -0.99058819 0.13208953 -0.03588168
-0.13601898 -0.97362733 0.18316302 -0.99046010 0.13776171 -0.00323646
-0.12874694 -0.95977038 0.24952972 -0.98972875 0.14012656 0.02831243
-0.12205657 -0.94505346 0.30327579 -0.99081981 0.13391359 0.01852911
-0.16309093 -0.96707916 0.19534409 -0.98638302 0.15556845 -0.05335779
-0.16415966 -0.96313858 0.21310972 -0.97117931 0.11995737 -0.20596367
-0.16775864 -0.95040941 0.26187596 -0.98475307 0.14915244 -0.08952691
-0.16664220 -0.91908228 0.35709685 -0.98154724 0.12017906 -0.14873485
-0.11792511 -0.89030731 0.43982556 -0.99215585 0.12413596 -0.01473525
-0.02002789 -0.87775892 0.47868386 -0.99978501 0.02015774 -0.00486740
0.20580183 -0.82457548 0.52699244 -0.97819901 -0.15804806 0.13471279
-0.14068072 -0.98791546 0.06505484 -0.99002469 0.13985769 -0.01705955
-0.14070763 -0.98782140 0.06641050 -0.99001616 0.13982110 -0.01783662
-0.14036837 -0.98658746 0.08331804 -0.99007887 0.13932563 -0.01822939
-0.13912092 -0.98717177 0.07834138 -0.98990232 0.13646117 -0.03836421
-0.14358035 -0.98885530 0.03936828 -0.98963761 0.14352405 -0.00426731
-0.14143941 -0.98901922 0.04284802 -0.98978937 0.14051217 -0.02394505
-0.14065492 -0.98974317 0.02499240 -0.98996091 0.14024144 -0.01759984
-0.14086993 -0.98977000 0.02260528 -0.98976165 0.14026560 -0.02640872
-0.98884606 0.14005026 -0.05068874 0.14107555 0.98984885 -0.01723082
-0.98482066 0.14052525 -0.10188707 0.14150126 0.98993522 -0.00238005
-0.97978073 0.16748300 -0.10944983 0.17542130 0.98218471 -0.06738393
-0.97772419 0.15945043 -0.13649550 0.15904811 0.98717272 0.01391944
-0.97729677 0.16561532 -0.13214670 0.17025557 0.98509419 -0.02454461
-0.16115630 -0.97782004 0.13377807 -0.97912776 0.14139734 -0.14599887
-0.16330186 -0.97253156 0.16587608 -0.98657584 0.16084054 -0.02825699
-0.15209533 -0.37915000 0.91274989 -0.92155915 0.38816214 0.00767665
0.11573885 -0.46362430 0.87844014 -0.88263905 -0.45363805 -0.12312964
0.27550906 -0.79289633 0.54351652 -0.93862677 -0.34395486 -0.02597968
-0.09550469 -0.07312070 0.99273980 -0.99505138 0.03448167 -0.09318729
-0.98076433 0.19183427 -0.03606911 0.01513060 -0.10951363 -0.99387014
0.27773303 -0.78632110 0.55187279 -0.94255739 -0.33404058 -0.00160156
0.24569240 -0.79705173 0.55167371 -0.96191001 -0.27083829 0.03709050
0.22100206 -0.81635082 0.53360045 -0.97482026 -0.16822743 0.14637294
0.23119447 -0.78150940 0.57947576 -0.97064096 -0.22591238 0.08258183
-0.11683036 -0.92862618 0.35214221 -0.98234987 0.16020449 0.09655698
-0.12049593 -0.89496118 0.42956397 -0.96761209 0.20257701 0.15063004
-0.11759898 -0.84619665 0.51973236 -0.95994759 0.23088996 0.15871528
-0.27427438 -0.76523155 0.58240390 -0.91009557 0.40218946 0.09984853
-0.64038450 -0.40794072 0.65076268 -0.60607278 0.78885484 -0.10190141
-0.14001551 -0.98655301 0.08431345 -0.98990834 0.13759448 -0.03390039
-0.13635290 -0.98067826 0.14027855 -0.99004298 0.12989652 -0.05423873
-0.13369958 -0.97322911 0.18694800 -0.99087536 0.12803534 -0.04210731
-0.12985685 -0.97693068 0.16953960 -0.98890847 0.11517366 -0.09378255
-0.12579532 -0.96137524 0.24481256 -0.99127245 0.13161595 0.00749505
-0.11857713 -0.94008625 0.31965190 -0.98760051 0.14501613 0.06013053
-0.16664341 -0.96496254 0.20267572 -0.98589867 0.16625310 -0.01907235
-0.16819750 -0.95548958 0.24238257 -0.98439842 0.14992216 -0.09210358
-0.16851562 -0.94731086 0.27240524 -0.98330212 0.14229831 -0.11343776
-0.16284367 -0.92925525 0.33161229 -0.98648155 0.14709765 -0.07222589
-0.11494978 -0.89414412 0.43277350 -0.99078965 0.07180943 -0.11480153
-0.04594540 -0.87445086 0.48293346 -0.99887681 0.04582302 -0.01205925
0.22184244 -0.79811811 0.56017268 -0.97484171 -0.16876885 0.14560474
0.20937073 -0.83111078 0.51518816 -0.97707802 -0.15707062 0.14369209
0.21312557 -0.82793581 0.51874840 -0.97650665 -0.16321756 0.14069414
-0.14141460 -0.98898673 0.04367092 -0.98981702 0.14053349 -0.02264260
-0.14049086 -0.98859233 0.05429214 -0.99005312 0.13985635 -0.01533326
-0.14130956 -0.98852313 0.05342007 -0.98995113 0.14081120 -0.01299959
-0.14315365 -0.98891222 0.03949238 -0.98969996 0.14308083 -0.00467929
-0.14222564 -0.98905361 0.03930467 -0.98983240 0.14203499 -0.00761567
-0.98877037 0.14711063 -0.02629870 0.14762689 0.98886269 -0.01889358
-0.14065683 -0.98982781 0.02136701 -0.98990327 0.14021993 -0.02073572
-0.98955101 0.14052506 -0.03227139 0.14086987 0.98999023 -0.00866142
-0.98866987 0.13825160 -0.05846746 0.13858685 0.99034888 -0.00169893
-0.99000621 0.13886985 -0.02455290 0.13912794 0.99023241 -0.00912747
-0.12477776 -0.99187642 -0.02473233 -0.99211735 0.12502119 -0.00854769
-0.97770792 0.14043972 -0.15608971 0.14016634 0.99004507 0.01281241
-0.16313888 -0.97984827 0.11525229 -0.98380154 0.15276469 -0.09379467
-0.97814488 0.17032759 -0.11925235 0.17838329 0.98210430 -0.06042016
-0.97070390 0.15969685 -0.17952971 0.15930656 0.98708820 0.01668464
-0.97931415 0.14802313 -0.13796020 0.14787315 0.98894078 0.01139336
-0.96957445 0.16350049 -0.18218957 0.16816397 0.98570484 -0.01034248
-0.16352287 -0.97841722 0.12633286 -0.98602509 0.15795678 -0.05295531
0.32005087 -0.76493979 0.55895859 -0.92639822 -0.37622297 0.01557642
-0.99350983 0.06453323 -0.09366832 0.09416173 0.00464070 -0.99554610
-0.09106665 0.17133561 0.98099488 -0.99333686 0.05424000 -0.10168566
0.03302798 0.37314385 0.92718548 -0.97117978 0.23108207 -0.05840334
0.28346550 -0.73749954 0.61297786 -0.93382812 -0.35771915 0.00145255
0.27423975 -0.76973307 0.57645786 -0.95230764 -0.30077517 0.05142435
0.23338132 -0.78001755 0.58060807 -0.97231770 -0.19423923 0.12988247
0.25481799 -0.82671636 0.50160533 -0.96674424 -0.20612757 0.15138347
-0.11028995 -0.92718595 0.35799778 -0.97650594 0.16817778 0.13473068
-0.11725250 -0.90762877 0.40306550 -0.96442246 0.20090042 0.17183825
-0.12741412 -0.86909372 0.47795591 -0.93631649 0.26437461 0.23112249
-0.33771017 -0.70343196 0.62540817 -0.86901963 0.48827758 0.07993704
-0.53630787 -0.39411521 0.74635589 -0.71518147 0.68178749 -0.15388733
-0.14181069 -0.98704219 0.07508344 -0.98989338 0.14133017 -0.01170212
-0.13558082 -0.98327148 0.12163515 -0.99044400 0.13764268 0.00867252
-0.12111090 -0.96238375 0.24320707 -0.99095660 0.13147932 0.02679985
-0.12077161 -0.95767581 0.26128757 -0.98889583 0.13903072 0.05249313
-0.16735207 -0.97137946 0.16856825 -0.98136115 0.14774649 -0.12288751
-0.16839372 -0.96158820 0.21677579 -0.98534113 0.15811253 -0.06405740
-0.16925696 -0.96129507 0.21740259 -0.97863507 0.13780026 -0.15259281
-0.16934344 -0.94525522 0.27895406 -0.97120160 0.11191926 -0.21033694
-0.16417165 -0.94002616 0.29899588 -0.97430366 0.10714015 -0.19812477
-0.16017635 -0.91906720 0.36008191 -0.98495084 0.12482123 -0.11954705
-0.14064567 -0.91053814 0.38876623 -0.98615003 0.09397466 -0.13666360
-0.09593501 -0.89774334 0.42994580 -0.99310362 0.05708158 -0.10240546
-0.04826915 -0.86979789 0.49104142 -0.99875456 0.03581318 -0.03474005
0.22580804 -0.81792712 0.52915591 -0.97395694 -0.20095743 0.10499513
0.21763504 -0.78880125 0.57482833 -0.97004288 -0.23994195 0.03800928
0.23038150 -0.81608480 0.53002840 -0.97297251 -0.18435197 0.13906431
-0.14075957 -0.98914248 0.04223625 -0.99000454 0.14024574 -0.01490666
-0.14486082 -0.98864937 0.03984747 -0.98945206 0.14475420 -0.00556321
-0.14437486 -0.98757708 0.06202818 -0.98952252 0.14415884 -0.00796732
-0.13957049 -0.98996699 0.02203566 -0.98989934 0.13893257 -0.02823141
-0.98960239 0.14082700 -0.02923834 0.14101835 0.98999643 -0.00457796
-0.97670060 0.13257585 -0.16875923 0.13449040 0.99091494 0.00008613
-0.98866785 0.13829342 -0.05840277 0.13859639 0.99034828 -0.00114939
-0.16461410 -0.97902262 0.12007069 -0.98296303 0.15273602 -0.10225227
-0.96591580 0.17247158 -0.19302924 0.18614277 0.98098516 -0.05494615
-0.96949267 0.16335396 -0.18275520 0.16380589 0.98641056 0.01272454
-0.96897233 0.15260176 -0.19443606 0.14594969 0.98811823 0.04817705
-0.97271854 0.14157040 -0.18378383 0.13519387 0.98971146 0.04683914
-0.95439625 0.16487956 -0.24888280 0.17927064 0.98313552 -0.03614658
-0.11019150 -0.09074081 0.98975956 -0.99315327 0.04891532 -0.10608479
-0.98071057 -0.17421637 -0.08863101 0.10540459 -0.08949654 -0.99039400
-0.08754629 0.36965689 0.92503488 -0.99470848 0.01767894 -0.10120504
0.04990282 0.39043647 0.91927642 -0.94835895 0.30720526 -0.07899512
0.05448434 0.50051010 0.86401457 -0.98895538 0.14649600 -0.02249979
0.26776442 -0.81714708 0.51046342 -0.96028209 -0.26950106 0.07230177
0.23623958 -0.78290957 0.57553762 -0.97153366 -0.20109884 0.12522642
0.23945598 -0.67362702 0.69920486 -0.96397781 -0.25083831 0.08847022
-0.11000141 -0.95042455 0.29084870 -0.97657603 0.15779501 0.14628747
-0.10403730 -0.92139214 0.37444991 -0.96897697 0.17876713 0.17066336
-0.12419154 -0.86491871 0.48630452 -0.91609293 0.28825128 0.27872026
-0.33863249 -0.71510595 0.61151582 -0.82832056 0.53485733 0.16677153
-0.48947534 -0.53665257 0.68732667 -0.76951486 0.63659209 -0.05096528
-0.53774607 -0.39661840 0.74399132 -0.71786416 0.67817265 -0.15733093
-0.14577408 -0.98812300 0.04860972 -0.98902124 0.14675756 0.01729858
-0.13778448 -0.98627114 0.09102057 -0.98991311 0.14018509 0.02049919
-0.13399212 -0.98101777 0.14017944 -0.98948991 0.14020567 0.03538584
-0.12321025 -0.97566468 0.18137738 -0.98807836 0.13761005 0.06902653
-0.11192329 -0.95439529 0.27677208 -0.97961235 0.15272886 0.13051270
-0.16934191 -0.97178298 0.16419859 -0.98068315 0.14960015 -0.12601729
-0.16744542 -0.97045028 0.17374794 -0.98142010 0.14733182 -0.12291434
-0.16914566 -0.95900846 0.22735983 -0.97191644 0.12400612 -0.20000246
-0.17499591 -0.93915784 0.29556558 -0.97596544 0.12586626 -0.17790189
-0.15835120 -0.92610353 0.34242839 -0.97577012 0.09374399 -0.19769892
-0.14176573 -0.91292667 0.38271067 -0.97399175 0.05960723 -0.21860276
-0.00011181 -0.87847990 0.47777930 -0.99251974 -0.05823177 -0.10730144
0.02261744 -0.84716308 0.53085136 -0.99668854 -0.06059035 -0.05422866
0.23746721 -0.78232682 0.57582480 -0.97122228 -0.20241100 0.12552759
0.20904534 -0.79209912 0.57347977 -0.97178543 -0.23377509 0.03134229
-0.14109567 -0.98923010 0.03893586 -0.98996109 0.14065127 -0.01393982
-0.97795945 0.20695321 0.02767241 0.20660414 0.97831023 -0.01496056
-0.14411888 -0.98881137 0.03849436 -0.98954904 0.14382181 -0.01039271
-0.14612424 -0.98917556 0.01339783 -0.98926330 0.14614344 0.00045877
-0.13924357 -0.99008197 0.01867982 -0.99013919 0.13890962 -0.01812739
-0.98993427 0.13959016 -0.02334182 0.13945335 0.99020106 0.00739726
-0.98975778 0.13891350 -0.03290410 0.13835689 0.99020702 0.01863921
-0.98681575 0.13268107 -0.09268473 0.12994583 0.99090409 0.03497460
-0.98865533 0.13578482 -0.06421204 0.13482524 0.99068594 0.01906873
-0.96593201 0.18062250 -0.18533997 0.20017986 0.97536027 -0.09273838
-0.96516788 0.17013347 -0.19876035 0.17485370 0.98457426 -0.00630981
-0.96467769 0.17953730 -0.19277796 0.19293252 0.97978151 -0.05296445
-0.97113580 0.15771762 -0.17894235 0.15304287 0.98742086 0.03972359
-0.97313213 0.13230677 -0.18843806 0.12349608 0.99065995 0.05780680
-0.98193514 -0.17670991 -0.06765313 0.07057370 -0.01028767 -0.99745357
-0.20273159 0.33489758 0.92018670 -0.96645319 -0.21975896 -0.13294460
-0.08362123 0.44673502 0.89074987 -0.99442488 0.02021423 -0.10349195
-0.11623038 0.47114635 0.87436360 -0.99299753 -0.03639480 -0.11238941
0.04741511 0.37373087 0.92632449 -0.94931597 0.30534256 -0.07460021
0.09049130 0.68542939 0.72249424 -0.98914939 0.14616781 -0.01477977
0.24442974 -0.70347434 0.66736650 -0.96638769 -0.23328407 0.10804337
-0.10525729 -0.94145703 0.32028034 -0.95760894 0.18280396 0.22263850
-0.09610037 -0.92240524 0.37407669 -0.97322589 0.16590841 0.15907815
-0.92927498 -0.03133516 0.36805734 -0.15013538 0.94242287 -0.29882869
-0.68522698 0.12821904 0.71695465 -0.23269670 0.89424825 -0.38232493
-0.10634478 -0.88453484 0.45419040 -0.92384332 0.25681278 0.28383234
-0.69570971 -0.34909689 0.62778932 -0.54961061 0.82142085 -0.15230265
-0.61195064 -0.32320878 0.72183967 -0.58287525 0.80120158 -0.13539781
-0.62672192 0.77641469 0.06633228 0.27054980 0.29663402 -0.91586632
-0.57524002 -0.30964708 0.75711149 -0.60344774 0.78550559 -0.13722919
-0.97805470 0.19920477 0.06104530 0.19785419 0.97984612 -0.02748444
-0.13602571 -0.98387754 0.11611218 -0.99047226 0.13251437 -0.03747884
-0.13780375 -0.98550540 0.09894034 -0.98673749 0.14525126 0.07246573
-0.11891145 -0.97404075 0.19262578 -0.97964633 0.14669269 0.13701966
-0.96112639 0.18080911 -0.20867220 0.21052954 0.96888256 -0.13016915
-0.94838780 0.17285462 -0.26586074 0.22107993 0.96144581 -0.16354111
-0.16895220 -0.95644838 0.23803709 -0.97109091 0.12021264 -0.20623158
-0.17829651 -0.93543088 0.30525309 -0.94906110 0.08157838 -0.30434862
-0.12132705 -0.90581656 0.40592629 -0.96629131 0.01423125 -0.25705749
0.06183929 -0.86373961 0.50012988 -0.98349440 -0.13810322 -0.11690287
0.02714995 -0.85540408 0.51724923 -0.99438363 -0.07606130 -0.07359252
0.23935270 -0.72983408 0.64035350 -0.96748739 -0.23479001 0.09403086
0.21763569 -0.75076705 0.62368548 -0.95467651 -0.29667699 -0.02399227
-0.14309388 -0.98878276 0.04281140 -0.98964441 0.14245586 -0.01761592
-0.97769850 0.20734331 0.03338319 0.20724812 0.97826797 -0.00632443
-0.97596085 0.20557414 0.07238651 0.20499384 0.97864157 -0.01543708
-0.14517635 -0.98922807 0.01875359 -0.98940539 0.14513293 -0.00366328
-0.14788234 -0.98889542 0.01471954 -0.98900324 0.14789344 -0.00033742
-0.98986906 0.14116189 -0.01524815 0.14128558 0.98994160 -0.00735673
-0.98974025 0.13890947 -0.03344196 0.13840567 0.99023062 0.01694708
-0.98999149 0.14028463 -0.01539913 0.14021985 0.99010670 0.00521440
-0.98871577 0.13681890 -0.06100686 0.13555750 0.99046963 0.02437644
-0.98551017 0.13101578 -0.10772506 0.12537198 0.99043512 0.05762140
-0.95901549 0.17424214 -0.22344808 0.17955852 0.98374093 -0.00353682
-0.96288812 0.18519464 -0.19634017 0.19878563 0.97867513 -0.05176189
-0.97273415 0.15279646 -0.17447528 0.14533436 0.98786104 0.05485018
-0.97386068 0.16419873 -0.15695304 0.15972754 0.98631865 0.04077580
-0.97413021 0.12710601 -0.18685390 0.11551132 0.99071306 0.07172725
-0.97182459 0.13011636 -0.19653709 0.11789319 0.99036068 0.07271206
0.09407544 -0.24797392 0.96418816 -0.97045761 -0.23897290 0.03322709
-0.14037342 0.26632163 0.95360798 -0.97284663 -0.21611455 -0.08284937
-0.19195731 0.25402036 0.94795895 -0.94533986 -0.30730116 -0.10908081
-0.22632805 0.43953875 0.86924177 -0.96664441 -0.21119587 -0.14489637
-0.19654374 0.48696953 0.85101783 -0.98047405 -0.09192187 -0.17384225
0.11161066 0.59470755 0.79615706 -0.95474386 0.28643581 -0.08011730
-0.90336114 0.41804400 -0.09580144 -0.07877650 -0.38131109 -0.92108423
0.14035031 0.69152111 0.70859045 -0.98107833 0.19353458 0.00544939
-0.22140749 0.70013821 0.67881161 -0.97517741 -0.15697721 -0.15616387
0.24788934 -0.69876969 0.67102295 -0.96483314 -0.24059278 0.10588744
-0.10478646 -0.94223279 0.31814659 -0.96083868 0.17844090 0.21200910
-0.09008235 -0.92105401 0.37887296 -0.95392913 0.18911222 0.23292868
-0.91566253 -0.03781562 0.40016514 -0.17316620 0.93554974 -0.30783144
-0.63583231 -0.30241790 0.71011317 -0.55266893 0.82062340 -0.14537624
-0.98131824 0.19000891 0.03018656 0.18915249 0.98151678 -0.02908967
-0.97651744 0.20433487 0.06827109 0.20389137 0.97890079 -0.01347697
-0.93626368 0.10601277 0.33492041 0.13949472 0.98718703 0.07747923
-0.11455714 -0.97252989 0.20263830 -0.98611414 0.13601160 0.09528762
-0.95768809 0.19003157 -0.21615142 0.22094762 0.96671063 -0.12904540
-0.19909661 -0.93988580 0.27744409 -0.95827550 0.12746736 -0.25585198
-0.16409820 -0.96283841 0.21450874 -0.95511842 0.10071915 -0.27857578
-0.16976148 -0.95506126 0.24297956 -0.95925927 0.10364001 -0.26283169
-0.18066642 -0.93370056 0.30913261 -0.94659930 0.07973246 -0.31239808
-0.15124582 -0.87022376 0.46886605 -0.98509508 0.09337814 -0.14445838
0.06071591 -0.86802775 0.49278945 -0.97055089 -0.16664401 -0.17395613
0.07244249 -0.88014030 0.46915376 -0.96026629 -0.18866234 -0.20565803
0.10127930 -0.84022456 0.53269625 -0.97714442 -0.18460645 -0.10540040
0.22874784 -0.69887900 0.67767441 -0.96164072 -0.27048731 0.04564924
0.16397133 -0.76603258 0.62153649 -0.96535784 -0.25424647 -0.05867727
0.31287128 -0.65285450 0.68984973 -0.91461426 -0.40293920 0.03347956
-0.14419134 -0.98936391 0.01918107 -0.98954678 0.14411555 -0.00528308
-0.97800595 0.20660348 0.02862615 0.20663351 0.97841656 -0.00193733
-0.96562749 0.19799456 0.16840951 0.21057820 0.97571599 0.06029151
-0.14930537 -0.98865557 -0.01637506 -0.98878717 0.14923713 0.00531979
-0.97923154 0.20176820 0.01987999 0.20176043 0.97943193 -0.00241659
-0.98976403 0.13803223 -0.03625317 0.13715394 0.99021631 0.02570061
-0.98941022 0.14347206 -0.02198258 0.14353567 0.98964429 -0.00133600
-0.98816121 0.13421409 -0.07432389 0.13075644 0.99017286 0.04960331
-0.98364002 0.12781653 -0.12694629 0.11929768 0.99019974 0.07261268
-0.96836084 0.17191549 -0.18089338 0.16904362 0.98511171 0.03129323
-0.95648247 0.18224621 -0.22787634 0.18792921 0.98217708 -0.00330416
-0.95232457 0.18215099 -0.24474296 0.19602451 0.98003131 -0.03336253
-0.94703382 0.18055610 -0.26556832 0.21309076 0.97199899 -0.09904724
-0.09164707 -0.99002182 -0.10704061 -0.99097502 0.10123508 -0.08786357
-0.97319591 0.15990819 -0.16528508 0.15278505 0.98672605 0.05503106
-0.97690821 0.12652011 -0.17217168 0.11475861 0.99043018 0.07667177
-0.97050834 0.12982145 -0.20312552 0.11630523 0.99021095 0.07717110
0.20041847 -0.57987589 0.78966850 -0.97153735 -0.22153094 0.08390049
0.10301400 -0.28165880 0.95396882 -0.95560741 -0.29418999 0.01633151
-0.93469721 -0.35234129 -0.04686949 0.09372878 -0.11712768 -0.98868400
-0.22375582 0.31793630 0.92133051 -0.92394841 -0.37009874 -0.09667653
-0.24933730 0.53618246 0.80643624 -0.96083474 -0.24096900 -0.13685966
-0.23451675 0.63870597 0.73284143 -0.97208029 -0.16017701 -0.17147385
0.13534838 0.67695308 0.72347450 -0.96444213 0.25731412 -0.06033926
0.12361842 0.59128267 0.79693371 -0.94561726 0.31369060 -0.08605999
0.09884688 0.41589415 0.90402514 -0.92324412 0.37728825 -0.07262208
0.15483852 0.77341712 0.61469597 -0.97698200 0.21228537 -0.02100337
-0.40595788 0.73545557 0.54249740 -0.91389102 -0.32589477 -0.24206586
-0.23912805 0.69940704 0.67353368 -0.97097832 -0.16914575 -0.16908795
-0.10132357 -0.94278008 0.31764641 -0.96170694 0.17455277 0.21130823
-0.89456868 -0.02626910 0.44615784 -0.15956728 0.95125085 -0.26393211
-0.98031217 0.18640345 0.06512954 0.18423077 0.98214966 -0.03796173
-0.97693741 0.19007391 0.09728959 0.18962006 0.98175812 -0.01397567
-0.97441524 0.20347062 0.09547043 0.20486066 0.97877896 0.00488744
-0.14048113 -0.98607272 0.08902647 -0.98857188 0.14466508 0.04239873
-0.97372645 0.14876869 0.17240854 0.12419038 0.98152632 -0.14554341
-0.91531950 0.16136958 0.36898518 0.07825231 0.97001481 -0.23010412
-0.95763117 0.19036058 -0.21611422 0.22124808 0.96665943 -0.12891428
-0.94103503 0.17599601 -0.28892657 0.22798608 0.96088374 -0.15724124
-0.88390309 0.23054753 -0.40689468 0.32016265 0.93250293 -0.16713531
-0.18269113 -0.93280500 0.31064254 -0.94486958 0.07924953 -0.31771222
-0.13821933 -0.91260153 0.38477775 -0.93045121 -0.01346386 -0.36616844
0.36673054 -0.72494322 0.58306617 -0.87654740 -0.47924995 -0.04454434
0.16907188 -0.80119181 0.57402653 -0.95915973 -0.26775622 -0.09121033
0.15059592 -0.82439715 0.54561007 -0.96906257 -0.23227003 -0.08347698
0.11583597 -0.88520479 0.45054916 -0.99301338 -0.09292919 0.07272305
0.13074525 -0.30850583 0.94219416 -0.98284394 -0.16503541 0.08234798
0.17163160 -0.79987359 0.57510424 -0.94539165 -0.29791662 -0.13221346
0.28717372 -0.60083616 0.74600756 -0.90619498 -0.42277807 0.00833112
-0.97678089 0.20542453 0.06082693 0.20685124 0.97820497 0.01810056
-0.97573900 0.20645933 0.07285681 0.20753650 0.97819883 0.00745567
-0.15000677 -0.98867023 -0.00539850 -0.98867661 0.14998074 0.00494241
-0.97957903 0.19973753 0.02302093 0.19993179 0.97978860 0.00644684
-0.98987859 0.13738334 -0.03558361 0.13641243 0.99024439 0.02842121
-0.98888612 0.13825068 -0.05469038 0.13479640 0.98890054 0.06249546
-0.98855489 0.15071815 0.00657500 0.15074642 0.98856425 0.00403407
-0.98997813 0.14012292 -0.01757525 0.13996716 0.99010760 0.00980631
-0.98809439 0.13466018 -0.07440574 0.13150369 0.99025577 0.04582939
-0.98160344 0.12662049 -0.14290586 0.11667295 0.99025851 0.07599726
-0.98543590 0.12571664 -0.11450522 0.11709808 0.98996198 0.07914089
-0.96887964 0.17325087 -0.17679499 0.17626026 0.98434269 -0.00133913
-0.95354563 0.18158029 -0.24037339 0.18789437 0.98218334 -0.00341434
-0.93445784 0.17936465 -0.30759856 0.21080837 0.97487557 -0.07195521
-0.93896747 0.18041988 -0.29289711 0.21611054 0.97181576 -0.09418290
-0.97811610 0.13129935 -0.16139843 0.12005906 0.98973179 0.07756849
-0.98370653 0.12991647 -0.12427100 0.12278415 0.99040252 0.06345832
-0.97750902 0.17166218 -0.12250836 0.16887459 0.98508948 0.03286437
-0.96564168 0.12875000 -0.22574252 0.10693324 0.98855740 0.10639367
-0.97510225 0.12396422 -0.18387105 0.10588992 0.98880887 0.10509221
0.24834774 -0.69752723 0.67214525 -0.95324230 -0.29933426 0.04157111
0.14985578 -0.40967372 0.89983928 -0.94531709 -0.32602859 0.00899699
-0.93022114 -0.36411276 -0.04594088 0.05627069 -0.01780598 -0.99825680
-0.27765122 0.44442347 0.85170275 -0.90984809 -0.40621746 -0.08463965
-0.23447065 0.47282684 0.84938705 -0.95948792 -0.25297675 -0.12403955
-0.31845242 0.54181165 0.77783567 -0.92102760 -0.37098092 -0.11866479
0.14620958 0.69723761 0.70177096 -0.96393847 0.25987005 -0.05736080
0.16081664 0.67571282 0.71940970 -0.93746310 0.33255875 -0.10279895
-0.90037811 0.42831758 -0.07657246 -0.11166083 -0.39754686 -0.91076255
0.10419531 0.79869348 0.59264839 -0.98459470 0.16696799 -0.05191287
-0.39770320 0.77917826 0.48447227 -0.91471112 -0.29546639 -0.27568680
-0.49125436 0.71409500 0.49873593 -0.87064385 -0.41931906 -0.25719813
-0.26155552 0.66997164 0.69478542 -0.96193594 -0.23998946 -0.13070731
-0.95698524 0.14111961 0.25350446 0.06752754 0.95808196 -0.27842230
-0.98104274 0.17764734 0.07743788 0.17301412 0.98290443 -0.06296822
-0.97415715 0.19073685 0.12098467 0.19144814 0.98148549 -0.00582610
-0.96881855 0.20559742 0.13827650 0.20992398 0.97756451 0.01730953
-0.98101014 0.17373337 0.08623140 0.17046450 0.98438179 -0.04398138
-0.97669035 0.16687436 0.13501491 0.15677755 0.98419744 -0.08231839
-0.97198814 0.15286727 0.17852373 0.13022581 0.98260880 -0.13236775
-0.96635538 0.13039055 0.22171079 0.08631817 0.97639418 -0.19799916
-0.94597024 0.17984799 -0.26980567 0.22408019 0.96401411 -0.14305556
-0.93151808 0.16999544 -0.32152092 0.21872658 0.96815276 -0.12181547
-0.84366423 0.19218048 -0.50129575 0.33257419 0.92008317 -0.20698151
-0.87570769 0.22012332 -0.42974624 0.29086486 0.95091540 -0.10562962
-0.18779510 -0.95193356 0.24198228 -0.98220390 0.18273896 -0.04338244
-0.18571155 -0.91452175 0.35939002 -0.92436713 0.03855433 -0.37955114
-0.13391215 -0.91314632 0.38500834 -0.93237567 -0.01554176 -0.36115658
0.35613760 -0.68716639 0.63322061 -0.87831730 -0.47746745 -0.02415866
0.67592031 -0.42563009 0.60164011 -0.61778212 -0.77236372 0.14764681
0.33947739 -0.64619851 0.68350762 -0.86700630 -0.49676600 -0.03903455
-0.97784746 0.20428371 0.04563519 0.20572169 0.97816974 0.02936913
-0.97529674 0.20540667 0.08126817 0.20764844 0.97799748 0.02007738
-0.15314233 -0.98808020 -0.01565063 -0.98817110 0.15298843 0.01060669
-0.99023265 0.13701589 -0.02580629 0.13619380 0.99018747 0.03130557
-0.98936927 0.13727137 -0.04801112 0.13584772 0.99022019 0.03176999
-0.98944700 0.13713959 -0.04676907 0.13536955 0.99002206 0.03913304
-0.98973513 0.13619286 -0.04331197 0.13434209 0.98999661 0.04311503
-0.15369755 -0.98801261 -0.01442864 -0.98806906 0.15352835 0.01218656
-0.14538448 -0.98917067 -0.02012087 -0.98934644 0.14550549 -0.00467880
-0.98745447 0.13211924 -0.08647653 0.12654771 0.98969263 0.06703946
-0.97119129 0.12708586 -0.20158558 0.10572703 0.98790365 0.11343788
-0.98697442 0.12779371 -0.09772544 0.12087230 0.98992395 0.07375964
-0.98109680 0.12342425 -0.14904861 0.10813838 0.98839724 0.10666309
-0.95373052 0.17993131 -0.24087925 0.18661433 0.98242038 -0.00502978
-0.93498343 0.18997027 -0.29952854 0.20339370 0.97899711 -0.01398659
-0.94719875 0.20433007 -0.24711086 0.22668937 0.97176969 -0.06538809
-0.93720835 0.18336205 -0.29667979 0.22075668 0.97043383 -0.09759434
-0.98441130 0.12824963 -0.12035996 0.12200431 0.99083775 0.05792758
-0.97849506 0.17222016 -0.11352411 0.17290960 0.98493034 0.00381981
-0.97469538 0.12490027 -0.18538862 0.10686330 0.98878556 0.10432370
-0.97601289 0.12294568 -0.17967539 0.10691108 0.98958540 0.09638864
0.24570492 -0.63966751 0.72832316 -0.94567198 -0.32321590 0.03515683
-0.90913182 -0.41488338 -0.03675883 -0.11295754 0.33054245 -0.93700713
-0.92215562 -0.38383424 -0.04796205 0.04378822 0.01961072 -0.99884838
-0.87899417 -0.47057956 -0.07696886 0.22475097 -0.26651153 -0.93726122
-0.25802916 0.37178281 0.89173907 -0.90874052 -0.40678772 -0.09335119
-0.39988637 0.56196862 0.72407329 -0.88735592 -0.43521053 -0.15228690
0.17544809 0.72912234 0.66151237 -0.95594299 0.28680456 -0.06257970
0.15562540 0.67376757 0.72236973 -0.93457526 0.33726522 -0.11323106
0.08178546 0.44908938 0.88973588 -0.90490019 0.40759817 -0.12255364
0.21078660 0.78183615 0.58677191 -0.95829600 0.28376582 -0.03385041
-0.18896741 0.82151836 0.53795809 -0.97474313 -0.09052077 -0.20416129
-0.38025215 0.83742833 0.39258391 -0.92330456 -0.31892166 -0.21400401
-0.53204870 0.73660845 0.41753104 -0.84660345 -0.47076097 -0.24828769
-0.52353638 0.66804057 0.52880186 -0.84507996 -0.48612234 -0.22254200
-0.51217556 0.61669254 0.59780139 -0.84351581 -0.49223801 -0.21490189
-0.97593790 0.17591618 0.12883602 0.17437038 0.98440516 -0.02327088
-0.96749169 0.19451557 0.16162799 0.20001160 0.97962266 0.01829960
-0.96588409 0.20352447 0.16014299 0.20843859 0.97793049 0.01432944
-0.96542907 0.20473287 0.16134192 0.21282226 0.97648615 0.03437421
-0.98112261 0.15488787 0.11579381 0.14645346 0.98612529 -0.07815624
-0.93525976 0.18122709 -0.30404928 0.23067603 0.96358919 -0.13521993
-0.19521132 -0.93588388 0.29328114 -0.93814701 0.09099606 -0.33406577
-0.87208629 0.22968450 -0.43210021 0.33707607 0.92207032 -0.19017386
-0.87260926 0.20172277 -0.44481575 0.29139638 0.94590241 -0.14267740
-0.86053878 0.21526425 -0.46166480 0.30888367 0.94119614 -0.13689679
-0.19392863 -0.93196803 0.30631235 -0.92940998 0.07460432 -0.36142957
-0.81219882 0.21883208 -0.54078239 0.39202341 0.89121830 -0.22813946
0.69452798 -0.42894411 0.57761401 -0.61202753 -0.77429438 0.16090547
0.58089405 -0.39301163 0.71281415 -0.67759669 -0.71871310 0.15593019
-0.97768342 0.20515925 0.04521950 0.20643216 0.97812849 0.02550303
-0.97092307 0.20861812 0.11741789 0.21431328 0.97602439 0.03802935
-0.15840688 -0.98696488 -0.02841783 -0.98705697 0.15756124 0.02988324
-0.98956192 0.13757759 -0.04289254 0.13712080 0.99046332 0.01343012
-0.98848379 0.13710672 -0.06404418 0.13413742 0.98977101 0.04858501
-0.98980939 0.13609639 -0.04189476 0.13451101 0.99016017 0.03859611
-0.15361200 -0.98801774 -0.01497986 -0.98808408 0.15343881 0.01210325
-0.14364171 -0.98954612 -0.01286939 -0.98962379 0.14367412 -0.00162381
-0.98949260 0.13125187 -0.06064196 0.12752952 0.98991662 0.06165525
-0.98683435 0.12835345 -0.09840480 0.12134952 0.98983616 0.07415307
-0.97153735 0.12780637 -0.19945125 0.10524526 0.98718858 0.11992550
-0.98675925 0.12762338 -0.10009277 0.12010730 0.98970377 0.07785116
-0.97902048 0.12450830 -0.16129687 0.10686034 0.98773497 0.11384441
-0.98086542 0.12513687 -0.14914356 0.10973027 0.98813909 0.10742664
-0.95706773 0.18113787 -0.22629735 0.18914296 0.98184949 -0.01401912
-0.92992502 0.19303301 -0.31301397 0.21840261 0.97468913 -0.04776425
-0.92404413 0.18933025 -0.33210921 0.20612217 0.97839975 -0.01573372
-0.92052001 0.19453508 -0.33882022 0.23482883 0.96858233 -0.08187644
-0.91884887 0.18745759 -0.34724116 0.24096221 0.96339130 -0.11753456
-0.98771679 0.12782986 -0.08986162 0.12387165 0.99111974 0.04834771
-0.98860973 0.11393184 -0.09833799 0.10518119 0.99037099 0.09001245
-0.97597998 0.17374346 -0.13143933 0.17939216 0.98324603 -0.03233874
-0.95866144 0.17643674 -0.22324502 0.18405688 0.98282111 -0.01362846
-0.97035182 0.12617752 -0.20614706 0.10295296 0.98744750 0.11978371
-0.98111975 0.11910603 -0.15237428 0.10279973 0.98851466 0.11077481
0.25604394 -0.64599222 0.71912140 -0.92874599 -0.37070942 -0.00233011
-0.90746188 -0.41846818 -0.03738167 -0.11616343 0.33541685 -0.93488055
-0.88690752 -0.45978370 -0.04465586 0.07168821 -0.04149428 -0.99656361
-0.37809515 0.42304555 0.82345408 -0.84260869 -0.52570492 -0.11681180
-0.40618923 0.48187429 0.77640682 -0.86265612 -0.48244834 -0.15188187
-0.51758355 0.62834907 0.58076227 -0.84449476 -0.48430988 -0.22863205
-0.39921385 0.55771405 0.72772485 -0.88455415 -0.44311255 -0.14565413
0.15073138 0.65582335 0.73971337 -0.92996114 0.34788847 -0.11893667
0.19685081 0.75000083 0.63146544 -0.94170439 0.32387173 -0.09110362
0.14552665 0.64339960 0.75157100 -0.92799920 0.35212603 -0.12175715
0.20955376 0.77064955 0.60181934 -0.95843345 0.28377125 -0.02965146
-0.39457244 0.82583922 0.40286747 -0.91690004 -0.32521084 -0.23137048
-0.53114402 0.77122182 0.35086036 -0.84648299 -0.46503383 -0.25924903
-0.55001837 0.71767104 0.42711598 -0.83269215 -0.51048219 -0.21454999
-0.53202659 0.68459749 0.49827096 -0.83838803 -0.50830662 -0.19679901
-0.97308844 0.17105351 0.15440060 0.17031121 0.98522371 -0.01812220
-0.96831495 0.18509935 0.16764373 0.19113764 0.98134947 0.02048567
-0.95835024 0.20070767 0.20317794 0.21149547 0.97683436 0.03262448
-0.95389348 0.19885318 0.22482133 0.21649826 0.97464615 0.05651046
-0.96696359 0.20616178 0.14992902 0.21393546 0.97612637 0.03753674
-0.97258562 0.15762596 0.17097169 0.15073928 0.98717195 -0.05262318
-0.86494887 0.22466256 -0.44876519 0.33717489 0.92246747 -0.18806076
-0.91356653 0.20087710 -0.35361654 0.25454605 0.96055794 -0.11195933
-0.87122935 0.19504508 -0.45046300 0.27290660 0.95523649 -0.11421598
-0.77689511 0.17895690 -0.60366261 0.34675866 0.92186594 -0.17297879
-0.81226617 0.21681973 -0.54149145 0.37515834 0.90504682 -0.20036590
-0.76224530 0.25321367 -0.59570539 0.45458061 0.86457473 -0.21416593
0.66961360 -0.39941791 0.62616539 -0.60061413 -0.78715456 0.14017984
0.59688646 -0.36792758 0.71299088 -0.63355708 -0.76138192 0.13748871
0.64124084 -0.40347379 0.65270138 -0.62313265 -0.77018446 0.13609436
-0.97742802 0.20463920 0.05250987 0.20648146 0.97791404 0.03239746
-0.97156632 0.20937116 0.11055613 0.21380720 0.97642159 0.02978913
-0.16137494 -0.98613077 -0.03878526 -0.98641235 0.15994504 0.03752688
-0.98996258 0.13716617 -0.03405320 0.13655145 0.99043560 0.01977538
-0.98975670 0.13703543 -0.04003869 0.13614485 0.99039346 0.02419446
-0.98865402 0.13649066 -0.06271830 0.13482907 0.99041396 0.03002239
-0.98955476 0.13580123 -0.04836847 0.13340139 0.98980951 0.04981261
-0.98953402 0.13343370 -0.05493488 0.13012066 0.98967928 0.06002986
-0.15522259 -0.98774481 -0.01631570 -0.98781443 0.15500154 0.01404504
-0.14537178 -0.98926723 -0.01474714 -0.98936379 0.14527626 0.00736017
-0.14177626 -0.98984027 -0.01076333 -0.98989850 0.14176045 0.00222178
-0.98706156 0.12937620 -0.09471719 0.12253332 0.98963928 0.07483161
-0.97508001 0.12570021 -0.18280716 0.10704910 0.98830724 0.10857888
-0.98115045 0.12990102 -0.14307217 0.11444082 0.98715591 0.11147448
-0.97793949 0.12585917 -0.16671500 0.10930236 0.98844200 0.10504982
-0.93573332 0.18359481 -0.30115810 0.19689071 0.98032367 -0.01412845
-0.92211533 0.19360603 -0.33499265 0.22356415 0.97325212 -0.05290992
-0.92583907 0.19137718 -0.32587850 0.20923798 0.97765374 -0.02031463
-0.89282191 0.18681054 -0.40984255 0.22258648 0.97405428 -0.04090959
-0.90642387 0.19840115 -0.37287110 0.25055948 0.96327543 -0.09654314
-0.18438236 -0.92724788 -0.32590577 -0.97682399 0.13620688 0.16511387
-0.99068290 0.12446293 -0.05528562 0.12456857 0.99220985 0.00154467
-0.98977184 0.11267951 -0.08749363 0.10597495 0.99131769 0.07783644
-0.97635698 0.17583646 -0.12573206 0.18508948 0.98049879 -0.06606067
-0.96300262 0.17759733 -0.20269461 0.19360280 0.97912431 -0.06191649
-0.95729458 0.12862982 -0.25892371 0.10224105 0.98832309 0.11297917
-0.99081653 0.11104897 -0.07714152 0.10519165 0.99152434 0.07625114
0.30817324 -0.78977466 0.53036344 -0.93487668 -0.35465142 0.01510158
0.22690427 -0.58682841 0.77726883 -0.92180175 -0.38697493 -0.02306424
-0.89329427 -0.44660476 -0.05069208 -0.07536022 0.26000226 -0.96266288
-0.88659662 -0.46031550 -0.04534579 0.06956393 -0.03577610 -0.99693578
-0.87817734 -0.47616994 -0.04546184 0.16732568 -0.21676604 -0.96177679
-0.85372001 -0.51458335 -0.07978813 0.24307862 -0.25830737 -0.93498135
-0.36624476 0.39360690 0.84317166 -0.84233916 -0.52526242 -0.12068167
-0.85740566 -0.49772844 -0.13085113 0.29246831 -0.26203784 -0.91967303
-0.39595518 0.45094508 0.79991752 -0.84630412 -0.51726210 -0.12731518
-0.51847142 0.63636285 0.57116526 -0.83824188 -0.51020300 -0.19246672
-0.46648186 0.54930913 0.69329232 -0.84624922 -0.50524580 -0.16908281
0.15089251 0.64875579 0.74588698 -0.93899846 0.32995152 -0.09702560
0.21768609 0.79079163 0.57206756 -0.95118082 0.30327281 -0.05727785
0.22521585 0.80620837 0.54708856 -0.94169790 0.32418165 -0.09006336
0.12279883 0.59342152 0.79546928 -0.93214399 0.34407511 -0.11278299
0.21372353 0.78310078 0.58401668 -0.94757342 0.31155294 -0.07098874
-0.26983926 0.85738885 0.43825930 -0.95010602 -0.16311264 -0.26588121
-0.33561265 0.85783833 0.38920116 -0.93827015 -0.26768652 -0.21907328
-0.52986664 0.75891876 0.37852830 -0.84807926 -0.47324648 -0.23832624
-0.56010801 0.73436916 0.38338107 -0.82574040 -0.53210282 -0.18713494
-0.55982393 0.73823792 0.37630039 -0.82640868 -0.53053272 -0.18863666
-0.54678333 0.69518012 0.46663973 -0.83047789 -0.52117115 -0.19669057
-0.54831511 0.71189076 0.43881899 -0.82957852 -0.52928317 -0.17792906
-0.96993768 0.17341244 0.17073122 0.17918327 0.98363471 0.01887233
-0.97386789 0.16171668 0.15946501 0.16089202 0.98680502 -0.01815595
-0.95551145 0.18033662 0.23340231 0.19906910 0.97819823 0.05915892
-0.95756221 0.20226535 0.20533735 0.21664935 0.97497195 0.04992842
-0.95095146 0.19253646 0.24211791 0.20845188 0.97714406 0.04168120
-0.84792364 0.22361708 -0.48064655 0.34952152 0.91751599 -0.18973464
-0.90964127 0.21182717 -0.35732618 0.25948966 0.96148688 -0.09059904
-0.85460055 0.18392453 -0.48562294 0.25981566 0.96115029 -0.09319881
-0.79477614 0.20505968 -0.57121050 0.35287860 0.92187989 -0.16004448
-0.79673368 0.20794302 -0.56742859 0.37081003 0.90962273 -0.18731374
-0.68642300 0.18304230 -0.70378906 0.43166304 0.88141388 -0.19177258
-0.56797689 0.27950898 -0.77412987 0.59252244 0.79167515 -0.14888819
-0.97327965 0.20686892 0.09965916 0.21258892 0.97583270 0.05056265
-0.97083980 0.20913270 0.11719023 0.21556330 0.97545040 0.04504511
-0.96380049 0.20377612 0.17194176 0.21750784 0.97389102 0.06501284
-0.98146939 0.18817939 0.03614408 0.18893099 0.98181391 0.01861441
-0.98936570 0.13954718 -0.04101342 0.13884909 0.99012315 0.01941749
-0.98982787 0.13678829 -0.03911209 0.13589957 0.99041826 0.02455599
-0.98699504 0.13870279 -0.08125495 0.13753788 0.99029887 0.01978951
-0.98721248 0.13609010 -0.08301243 0.13190889 0.98979241 0.05395395
-0.98779058 0.13593049 -0.07610956 0.13189445 0.98969316 0.05577989
-0.98387837 0.13493805 -0.11736742 0.13213024 0.99073428 0.03141971
-0.98346633 0.17768027 0.03498246 0.17845897 0.98373300 0.02053805
-0.15121140 -0.98821831 -0.02365824 -0.98840499 0.15081899 0.01758455
-0.98539895 0.16732247 0.03149851 0.16778302 0.98574376 0.01257700
-0.14462823 -0.98942500 0.01099594 -0.98945546 0.14452735 -0.00947865
-0.98866975 0.14831111 -0.02315378 0.14852422 0.98887831 -0.00776404
-0.97097564 0.12659162 -0.20293099 0.10415307 0.98757041 0.11771507
-0.98347038 0.13481417 -0.12087664 0.13618569 0.99067843 -0.00311967
-0.94156903 0.18229061 -0.28322783 0.19632536 0.98029798 -0.02173075
-0.89760351 0.18918426 -0.39814234 0.22007228 0.97492886 -0.03289391
-0.89556235 0.17823696 -0.40767604 0.20304373 0.97900397 -0.01801337
-0.87807626 0.18291752 -0.44218010 0.20769382 0.97816283 -0.00779750
-0.98649895 0.14295211 -0.07990353 0.14339101 0.98966604 0.00024737
-0.99324393 0.10768816 -0.04324102 0.10551875 0.99317646 0.04966291
-0.07465368 -0.99579239 -0.05314492 -0.99649018 0.07651769 -0.03394624
-0.97408164 0.16741328 -0.15211113 0.18189494 0.97947985 -0.08679568
-0.96521640 0.17483819 -0.19439383 0.18912528 0.98027414 -0.05739620
-0.94035292 0.17546213 -0.29146096 0.20538719 0.97578609 -0.07521743
-0.99055833 0.11118594 -0.08019929 0.10461392 0.99112958 0.08196419
0.37130836 -0.72513926 0.57991654 -0.90241021 -0.42887264 0.04152336
0.21237648 -0.55889958 0.80157804 -0.91234845 -0.40723211 -0.04221727
-0.73763001 -0.66930765 -0.08904663 -0.05588793 0.19195001 -0.97981209
-0.87089789 -0.48954588 -0.04337827 0.02731523 0.03991193 -0.99882978
-0.33440673 0.38703334 0.85928893 -0.85421509 -0.50963831 -0.10288538
-0.35664681 0.37954956 0.85366577 -0.84462398 -0.52150643 -0.12100159
-0.44052669 0.50652254 0.74119574 -0.83236521 -0.53974843 -0.12585658
-0.50823426 0.62507212 0.59243804 -0.83586681 -0.52369893 -0.16451778
-0.49113095 0.59329766 0.63779962 -0.83701777 -0.52419221 -0.15691969
0.14019880 0.63362992 0.76082683 -0.93597573 0.33544555 -0.10689116
0.23809128 0.82348609 0.51495951 -0.93934363 0.33000913 -0.09342174
0.14600199 0.65496373 0.74142158 -0.94364923 0.31720191 -0.09438764
-0.24405093 0.87209034 0.42414349 -0.94978786 -0.12663788 -0.28612238
-0.26754513 0.86327451 0.42799157 -0.95114338 -0.16558082 -0.26059410
-0.33749321 0.86321962 0.37543350 -0.93698728 -0.26980463 -0.22194672
-0.52366722 0.80009437 0.29261169 -0.85124999 -0.47777146 -0.21704353
-0.56529969 0.74679834 0.35032642 -0.82260156 -0.54195160 -0.17209063
-0.55832279 0.72494131 0.40340525 -0.82439536 -0.53930366 -0.17182526
-0.49692532 0.55900860 0.66375792 -0.84035426 -0.50080448 -0.20736367
-0.55146229 0.70408702 0.44738221 -0.82684404 -0.53240800 -0.18130291
-0.51552862 0.64370620 0.56557286 -0.83392030 -0.52865010 -0.15844898
-0.95797408 0.17898610 0.22416438 0.19713411 0.97846478 0.06119512
-0.95539272 0.20318085 0.21434179 0.21922371 0.97419661 0.05368353
-0.94582117 0.19077569 0.26272976 0.21260571 0.97547072 0.05705819
-0.90015745 0.21650466 -0.37794492 0.27934685 0.95271713 -0.11956371
-0.77300215 0.19582115 -0.60342497 0.34916389 0.92546630 -0.14695874
-0.72955358 0.18335986 -0.65888596 0.39947045 0.89621979 -0.19290794
-0.69052887 0.18649803 -0.69884789 0.43142456 0.88169956 -0.19099419
-0.68540972 0.19307394 -0.70209402 0.43771270 0.87979883 -0.18536882
-0.97388059 0.20779543 0.09152962 0.21221721 0.97634274 0.04145821
-0.96516311 0.20938545 0.15690123 0.22062197 0.97364527 0.05780105
-0.98252946 0.18263741 0.03576863 0.18340483 0.98284465 0.01947082
-0.98074383 0.19110054 0.04027603 0.19219057 0.98103505 0.02516070
-0.98988849 0.13965018 -0.02487265 0.13965811 0.99019879 0.00142674
-0.98859948 0.13688044 -0.06272816 0.13764930 0.99044812 -0.00808350
-0.98589665 0.13755496 -0.09532296 0.13592649 0.99044251 0.02340268
-0.98817128 0.13550153 -0.07181197 0.13208939 0.98995942 0.05032684
-0.98736769 0.13598987 -0.08131370 0.13263991 0.99012876 0.04529538
-0.98738492 0.13507736 -0.08261454 0.13140990 0.99014831 0.04835092
-0.98273623 0.18066196 0.03988565 0.18169315 0.98306429 0.02392213
-0.98295522 0.17948802 0.03978827 0.18043470 0.98334962 0.02160792
-0.98566812 0.16629477 0.02836392 0.16609402 0.98606598 -0.00930887
-0.13770242 -0.99011618 0.02661012 -0.99044120 0.13743073 -0.01179159
-0.97576690 0.12260006 -0.18124072 0.10845692 0.99037218 0.08602385
-0.98325866 0.13561417 -0.12170140 0.12856281 0.98962963 0.06406907
-0.98115909 0.13410933 -0.13907410 0.12470840 0.98940915 0.07427864
-0.89088690 0.17164579 -0.42054522 0.20120126 0.97918957 -0.02656981
-0.87644941 0.19594054 -0.43982249 0.23763306 0.97048122 -0.04119104
-0.87525362 0.17843258 -0.44954753 0.21104705 0.97720450 -0.02303332
-0.85702616 0.18301557 -0.48167571 0.22068205 0.97509408 -0.02215782
-0.08131582 -0.99450397 0.06595165 -0.99641824 0.07957502 -0.02861018
-0.06909604 -0.99739039 0.02093583 -0.99760914 0.06910882 -0.00011349
-0.99610269 0.08456029 0.02508113 0.08474541 0.99638206 0.00641010
-0.07640422 -0.98301864 0.16684359 -0.99629188 0.06862859 -0.05189118
-0.08275219 -0.97898889 0.18636756 -0.98124141 0.04736806 -0.18687299
-0.93132138 0.17127518 -0.32141143 0.20308903 0.97679979 -0.06794906
-0.99623656 0.08614192 0.00960671 0.08605991 0.99625242 -0.00864791
0.22012062 -0.44993842 0.86550701 -0.89241868 -0.45114487 -0.00756511
0.26503205 -0.56169361 0.78374636 -0.89716458 -0.44150412 -0.01303053
-0.87473625 -0.48233920 -0.04674848 -0.04263879 0.17270124 -0.98405093
-0.88836735 -0.45763654 -0.03704343 0.07116988 -0.05755018 -0.99580264
-0.34290227 0.40486294 0.84764618 -0.85814041 -0.50206822 -0.10734366
-0.43608600 0.50393236 0.74557447 -0.83542901 -0.53466046 -0.12726593
-0.37727207 0.42017114 0.82530117 -0.85994965 -0.48970294 -0.14379716
-0.47743320 0.57098854 0.66785449 -0.83035809 -0.54175097 -0.13042803
-0.45706546 0.53469390 0.71076971 -0.83432418 -0.53466409 -0.13430382
0.12441186 0.60103190 0.78948236 -0.94147104 0.32273552 -0.09733490
-0.23062447 0.87269080 0.43037555 -0.95331746 -0.11404023 -0.27960810
-0.25867942 0.88551360 0.38594133 -0.96090472 -0.19505802 -0.19650577
-0.46920106 0.82866460 0.30523002 -0.88242763 -0.42655399 -0.19842678
-0.55825490 0.77050203 0.30769807 -0.82866973 -0.53601992 -0.16121139
-0.56695062 0.75989139 0.31801268 -0.82224029 -0.54541492 -0.16261481
-0.56739837 0.73802912 0.36520153 -0.81968838 -0.54853076 -0.16499984
-0.55580789 0.71407890 0.42563954 -0.82464367 -0.53831410 -0.17372631
-0.56226885 0.72362864 0.40026909 -0.82163274 -0.54367304 -0.17128742
-0.54428804 0.68144333 0.48927042 -0.82679403 -0.53446853 -0.17537144
-0.52200079 0.65924376 0.54121435 -0.82511514 -0.55105525 -0.12459207
-0.95275700 0.17520057 0.24811079 0.19988839 0.97671849 0.07788225
-0.95582730 0.20523655 0.21040961 0.22364613 0.97232789 0.06753419
-0.93948436 0.19445643 0.28205666 0.22162789 0.97278941 0.06754236
-0.93729478 0.18801001 0.29348043 0.22190773 0.97122103 0.08652607
-0.93926620 0.18351220 0.29000393 0.21332943 0.97413510 0.07450736
-0.87380612 0.19571061 -0.44515201 0.25061926 0.96573913 -0.06736401
-0.85305136 0.19109569 -0.48557785 0.27297837 0.95647442 -0.10314801
-0.76438844 0.17848714 -0.61955845 0.31972808 0.93938088 -0.12384470
-0.74509901 0.19397147 -0.63812423 0.36584064 0.91885632 -0.14786395
-0.65507221 0.14850473 -0.74082845 0.36860940 0.91870898 -0.14177787
-0.97868705 0.19481386 0.06495581 0.19761916 0.97946519 0.03993339
-0.96764672 0.21026884 0.13945201 0.22015542 0.97364497 0.05955792
-0.16229568 -0.98639625 -0.02612692 -0.98627210 0.16134429 0.03514743
-0.98922932 0.13949814 -0.04433575 0.14062275 0.98978829 -0.02333391
-0.98735207 0.13799886 -0.07805284 0.13960722 0.99008548 -0.01551293
-0.98862588 0.13680758 -0.06247045 0.13773295 0.99041122 -0.01073493
-0.98607916 0.13701372 -0.09420812 0.13803102 0.99041849 -0.00433723
-0.98319584 0.18093041 0.02429319 0.18129115 0.98333603 0.01355739
-0.98399293 0.17282286 0.04347526 0.17290923 0.98493618 -0.00179457
-0.13408867 -0.98939157 0.05589859 -0.99087316 0.13307625 -0.02147369
-0.97565418 0.12413005 -0.18080559 0.11154590 0.99067616 0.07821908
-0.99171138 0.10650732 -0.07186560 0.10557339 0.99427158 0.01668185
-0.98123288 0.13486578 -0.13781607 0.12533793 0.98922509 0.07565810
-0.97889906 0.13240086 -0.15564923 0.11867318 0.98843163 0.09444404
-0.88454068 0.16674420 -0.43564230 0.21963632 0.97280073 -0.07361173
-0.84334558 0.17916347 -0.50662488 0.23660485 0.97028077 -0.05072945
-0.80506599 0.15205014 -0.57336688 0.19981901 0.97961235 -0.02078476
-0.78015071 0.15515034 -0.60604721 0.21799178 0.97546154 -0.03089404
-0.07710890 -0.99455702 0.07007525 -0.99670565 0.07512135 -0.03057310
-0.99437815 0.08108102 0.06810304 0.08022237 0.99666029 -0.01525410
-0.99464905 0.08053368 0.06471179 0.07684690 0.99537915 -0.05757602
-0.07413599 -0.97229713 0.22168049 -0.99200237 0.04913043 -0.11626508
-0.07745412 -0.97883308 0.18943797 -0.98121494 0.04116629 -0.18847439
-0.93326867 0.06307527 -0.35359740 0.13218351 0.97568452 -0.17483491
-0.93328065 0.06531831 -0.35315830 0.13398989 0.97565162 -0.17363958
-0.06515471 -0.99748218 -0.02800429 -0.99784213 0.06535544 -0.00631201
0.26191512 -0.53673840 0.80206758 -0.90624386 -0.42255029 0.01316601
0.22901727 -0.49254498 0.83961326 -0.88815796 -0.45875263 -0.02686086
-0.89090329 -0.45241475 -0.04015204 0.01905955 0.05108608 -0.99851239
-0.88748139 -0.45923036 -0.03852710 0.01946795 0.04616694 -0.99874401
-0.93880445 -0.34389871 -0.01949381 -0.04760059 0.18557888 -0.98147583
-0.34041119 0.38857701 0.85622907 -0.87345260 -0.46783626 -0.13494363
-0.44825074 0.53479904 0.71628296 -0.84531736 -0.51418513 -0.14509407
-0.39818415 0.44972020 0.79950052 -0.85361874 -0.50075287 -0.14346310
-0.44797716 0.62859917 0.63575125 -0.85835272 -0.50131345 -0.10915780
-0.48805001 0.58838052 0.64468253 -0.82601851 -0.54997188 -0.12338745
-0.48723939 0.58884615 0.64487064 -0.83174306 -0.53793108 -0.13723584
-0.21600214 0.89597720 0.38803089 -0.96344060 -0.13106604 -0.23367487
-0.25757444 0.88339746 0.39149001 -0.96123683 -0.19300954 -0.19690380
-0.47157750 0.83121049 0.29445529 -0.88098788 -0.42954540 -0.19837107
-0.56793928 0.76163721 0.31201577 -0.82178253 -0.54592544 -0.16321447
-0.55590367 0.77541649 0.29950044 -0.83052266 -0.53315085 -0.16119042
-0.56920034 0.74610841 0.34544647 -0.81884193 -0.55234271 -0.15625468
-0.55073875 0.69300944 0.46521473 -0.82326615 -0.54286009 -0.16593926
-0.55851412 0.71600401 0.41880825 -0.81783909 -0.55966777 -0.13383283
-0.51747215 0.64521199 0.56207132 -0.82588923 -0.54845756 -0.13077219
-0.95313823 0.19027643 0.23520721 0.22452611 0.96597046 0.12841019
-0.95866048 0.18205944 0.21868803 0.20817782 0.97267038 0.10283155
-0.95637268 0.20952606 0.20359319 0.22660242 0.97186440 0.06427246
-0.93188339 0.19016582 0.30891821 0.22418903 0.97139412 0.07831220
-0.93152380 0.18915853 0.31061628 0.21899700 0.97363490 0.06383955
-0.93879062 0.19109450 0.28662723 0.22047612 0.97260487 0.07368982
-0.94688433 0.18549511 0.26268169 0.21445651 0.97294039 0.08599696
-0.84389657 0.18227248 -0.50459427 0.26507586 0.95935893 -0.09677459
-0.80981040 0.16815931 -0.56207609 0.28089857 0.95222843 -0.11982098
-0.76234418 0.17670463 -0.62258077 0.32259205 0.93772572 -0.12885989
-0.61531693 0.12259223 -0.77868885 0.35512319 0.92502224 -0.13498682
-0.97805661 0.18784395 0.09011151 0.19042207 0.98148108 0.02084394
-0.97164571 0.21259104 0.10348791 0.21645366 0.97590506 0.02751640
-0.12822272 -0.99085236 0.04207885 -0.99091476 0.12626380 -0.04631790
-0.12644051 -0.99139768 0.03381559 -0.99148184 0.12523036 -0.03579424
-0.98769289 0.13709718 -0.07528052 0.14090648 0.98886627 -0.04784197
-0.98676938 0.13740335 -0.08606164 0.13762298 0.99047887 0.00340441
-0.98600215 0.13657559 -0.09563946 0.13731726 0.99052644 -0.00118547
-0.98487294 0.17163770 0.02378878 0.17093989 0.98486048 -0.02879944
-0.13033213 -0.98802686 0.08256248 -0.99007696 0.12528355 -0.06365282
-0.13407096 -0.98964256 0.05130899 -0.99091601 0.13333437 -0.01753511
-0.99187165 0.09811563 0.08101886 0.09326352 0.99373078 -0.06165327
-0.06400581 -0.99714041 0.04017998 -0.99752432 0.06275138 -0.03174279
-0.99509162 0.09513877 -0.02722924 0.09492514 0.99544346 0.00903642
-0.98258621 0.13464500 -0.12804365 0.12810904 0.99006170 0.05801682
-0.97980773 0.13187650 -0.15028447 0.12470111 0.99059862 0.05625017
-0.86776578 0.16173850 -0.46991831 0.21316965 0.97529423 -0.05796472
-0.84582871 0.18603317 -0.49996543 0.24066052 0.96949965 -0.04640018
-0.78624159 0.13075221 -0.60392720 0.21660036 0.97366148 -0.07118709
-0.77059555 0.14611046 -0.62035012 0.20616646 0.97817916 -0.02570927
-0.78771889 0.16150008 -0.59448862 0.23517476 0.97077245 -0.04789284
-0.07215836 -0.99617445 0.04929235 -0.99734449 0.07255507 0.00630433
-0.07216266 -0.97962177 0.18744001 -0.99730581 0.06838740 -0.02653890
-0.96614611 0.08636916 0.24310920 0.04413334 0.98373842 -0.17410040
-0.98942405 0.08075600 0.12049305 0.06438655 0.98888034 -0.13405271
-0.06833170 -0.97231007 0.22348146 -0.99614638 0.07883957 0.03842886
-0.07329422 -0.94230807 0.32662442 -0.99660164 0.05685817 -0.05960126
-0.07837539 -0.94481099 0.31810313 -0.97892213 0.01257307 -0.20384656
-0.93360102 0.06300302 -0.35273194 0.13198802 0.97566819 -0.17507382
-0.99440885 0.08143264 0.06722999 0.07797205 0.99556750 -0.05258959
0.24576893 -0.48127782 0.84140909 -0.92929530 -0.36387122 0.06330897
0.15915549 -0.36568561 0.91702980 -0.91835409 -0.39575675 0.00156869
-0.92751008 -0.37293530 -0.02538466 0.06636433 -0.09745926 -0.99302441
-0.91105467 -0.41226283 0.00434280 0.11545950 -0.26523629 -0.95724547
-0.46318078 0.53032565 0.71008337 -0.83696032 -0.52524871 -0.15365951
-0.45212701 0.48855102 0.74625677 -0.82817286 -0.54062700 -0.14782509
-0.49211138 0.59796590 0.63266355 -0.83003676 -0.54138577 -0.13394201
-0.21058665 0.90576726 0.36774850 -0.96919113 -0.14428197 -0.19962783
-0.24824086 0.90235108 0.35233384 -0.96484727 -0.19791928 -0.17290933
-0.39134428 0.86221033 0.32162556 -0.91983557 -0.35608456 -0.16464034
-0.56917763 0.75462937 0.32645279 -0.81791800 -0.56019914 -0.13109991
-0.55045503 0.77789915 0.30310431 -0.83410156 -0.52794778 -0.15983044
-0.56675631 0.73892868 0.36437857 -0.81784737 -0.55803531 -0.14043602
-0.54227370 0.68403679 0.48788628 -0.82026470 -0.55675477 -0.13111094
-0.54528773 0.69240797 0.47247481 -0.81976849 -0.55818880 -0.12808171
-0.56211555 0.71930146 0.40820524 -0.81609428 -0.56249768 -0.13261428
-0.52697337 0.65968633 0.53582931 -0.82340187 -0.55245107 -0.12964287
-0.52258486 0.65445709 0.54643494 -0.82524288 -0.54929340 -0.13134331
-0.95387995 0.19330183 0.22966805 0.22286652 0.96857494 0.11042297
-0.94319248 0.17106445 0.28482440 0.21071245 0.97079366 0.11471672
-0.95611501 0.21010838 0.20420237 0.22728312 0.97169822 0.06438150
-0.93591183 0.19451115 0.29365700 0.22920366 0.96935457 0.08841658
-0.93076402 0.19012587 0.31229883 0.22519352 0.97102386 0.08000441
-0.92571694 0.18220723 0.33143425 0.22518429 0.96958292 0.09592213
-0.94386572 0.18723083 0.27214372 0.22625643 0.96669161 0.11964712
-0.82259202 0.17613778 -0.54066414 0.26556987 0.95975095 -0.09138250
-0.74166679 0.16453259 -0.65027648 0.29520184 0.95058221 -0.09617391
-0.63710964 0.13704358 -0.75849217 0.35814071 0.92401975 -0.13387606
-0.98138320 0.18791524 0.03968564 0.18777885 0.98218518 -0.00716987
-0.97411805 0.19319929 0.11733744 0.19631724 0.98041773 0.01551219
-0.96223003 0.20917773 0.17423587 0.22221932 0.97322029 0.05882887
-0.98623258 0.13633431 -0.09358535 0.14005902 0.98954445 -0.03442739
-0.98363447 0.13614833 -0.11801258 0.13699907 0.99057078 0.00091145
-0.98556095 0.13626668 -0.10050421 0.14255515 0.98807055 -0.05826327
-0.13997430 -0.98619282 0.08849304 -0.98899376 0.14357810 0.03573151
-0.97646219 0.17592590 0.12478668 0.16889189 0.98349214 -0.06495248
-0.12934333 -0.97841400 0.16117200 -0.99097341 0.12176585 -0.05607895
-0.13293986 -0.98837614 0.07375367 -0.99093962 0.13111083 -0.02913176
-0.98696828 0.13606605 -0.08590527 0.14114510 0.98839885 -0.05608739
-0.07809437 -0.98927164 0.12346198 -0.99422234 0.06813361 -0.08294462
-0.05333507 -0.99492514 0.08531894 -0.99550360 0.05967447 0.07356367
-0.98356253 0.13588654 -0.11891006 0.14455481 0.98718798 -0.06755635
-0.98393649 0.13138849 -0.12085575 0.13117719 0.99131113 0.00973763
-0.85531455 0.15371372 -0.49478197 0.24577811 0.96106315 -0.12629604
-0.80892128 0.17019664 -0.56274283 0.25965554 0.96219331 -0.08223788
-0.77633029 0.12589411 -0.61762601 0.20997149 0.97553939 -0.06507590
-0.69291610 0.12643687 -0.70984578 0.20368090 0.97873092 -0.02449280
-0.76175219 0.15603612 -0.62879765 0.24754792 0.96702081 -0.05992385
-0.06453425 -0.98523664 0.15856922 -0.99390560 0.07768889 0.07820541
-0.07034358 -0.98581463 0.15238556 -0.99691415 0.07481128 0.02377885
-0.96070868 0.08221276 0.26510373 0.06294399 0.99477392 -0.08039218
-0.04620841 -0.98912376 0.13963896 -0.99887413 0.04725454 0.00418363
-0.98885101 0.07803454 0.12682410 0.06617955 0.99326098 -0.09514713
-0.07124424 -0.97751373 0.19847226 -0.99475086 0.08428246 0.05802825
-0.05705877 -0.95079422 0.30452380 -0.99826550 0.04990301 -0.03123666
-0.08028035 -0.92906064 0.36111134 -0.98590189 0.02065297 -0.16604491
-0.94984615 0.06490289 -0.30590829 0.13134465 0.97055751 -0.20190763
-0.99452764 0.08112862 0.06582545 0.07782479 0.99564660 -0.05129536
0.25785640 -0.44698459 0.85657161 -0.92750555 -0.36284655 0.08986572
-0.90644437 -0.42180973 -0.02086256 -0.12134348 0.30744001 -0.94379890
-0.90688223 -0.42080629 -0.02206144 -0.11538962 0.29834878 -0.94745618
-0.91122270 -0.41173446 0.01216489 0.10422891 -0.25904268 -0.96022564
-0.48815209 0.58642906 0.64638114 -0.83223033 -0.53584015 -0.14236598
-0.44349822 0.46831617 0.76419199 -0.82743078 -0.54164118 -0.14826743
-0.45478430 0.43552309 0.77684677 -0.79637879 -0.58935255 -0.13581048
-0.50167143 0.61998820 0.60327470 -0.83163261 -0.53764009 -0.13903421
-0.27523965 0.89970875 0.33877337 -0.95848960 -0.22952685 -0.16916034
-0.39103925 0.87309885 0.29118171 -0.91966701 -0.35827014 -0.16079523
-0.56903219 0.74657571 0.34471309 -0.81670851 -0.56196725 -0.13107240
-0.57139969 0.75666553 0.31774157 -0.81660163 -0.56273496 -0.12841804
-0.55347222 0.80360156 0.21884453 -0.83267653 -0.52827197 -0.16606826
-0.55586314 0.78134799 0.28374541 -0.83075726 -0.53418517 -0.15648827
-0.56996715 0.74552870 0.34543377 -0.81600726 -0.56285059 -0.13164915
-0.55977726 0.71698284 0.41543365 -0.81700402 -0.56127638 -0.13218671
-0.54605782 0.68755275 0.47863567 -0.81958222 -0.55677342 -0.13523480
-0.59106952 0.68963653 0.41837570 -0.79347259 -0.59037727 -0.14783783
-0.53050232 0.65526843 0.53776443 -0.82100749 -0.55507565 -0.13355809
-0.94999790 0.19282292 0.24560800 0.22718665 0.96642733 0.12001857
-0.20033987 -0.97014487 -0.13668545 -0.97376281 0.18180297 0.13687117
-0.95645612 0.20893544 0.20380816 0.22633480 0.97181737 0.06590617
-0.93643099 0.19647183 0.29068184 0.22904362 0.96993190 0.08228676
-0.91628927 0.18226419 0.35664240 0.22660856 0.97014564 0.08640642
-0.92061520 0.18575357 0.34345785 0.23499884 0.96604049 0.10743102
-0.81149930 0.17524590 -0.55745661 0.26257533 0.96159428 -0.07994208
-0.70806301 0.15611488 -0.68867630 0.29641369 0.95088470 -0.08920342
-0.70445943 0.15847482 -0.69182569 0.29919735 0.95021707 -0.08699720
-0.97608626 0.19427456 0.09753478 0.19535764 0.98073083 0.00158756
-0.96759862 0.21083090 0.13893615 0.21518584 0.97642630 0.01693348
-0.98658419 0.13549766 -0.09106057 0.13961801 0.98937750 -0.04048500
-0.98500395 0.13532141 -0.10702983 0.14199194 0.98820555 -0.05734148
-0.98619741 0.13380371 -0.09752582 0.13193363 0.99093288 0.02540758
-0.13504262 -0.98907655 0.05908585 -0.99024117 0.13264826 -0.04274245
-0.14058976 -0.98516697 0.09838993 -0.98904324 0.14426923 0.03130305
-0.97909361 0.18023248 0.09429734 0.17524283 0.98276615 -0.05882728
-0.12881361 -0.97537416 0.17903182 -0.99084789 0.11924760 -0.06324936
-0.12767294 -0.98188919 0.13997617 -0.98884344 0.11509704 -0.09455904
-0.12986505 -0.98196900 0.13737541 -0.99108499 0.12439594 -0.04771113
-0.06931716 -0.99254364 0.10026099 -0.99440455 0.07677673 0.07256008
-0.94450980 0.09118673 0.31557289 -0.00173014 0.95930260 -0.28237474
-0.95838445 0.08240426 0.27332911 0.02453426 0.97766662 -0.20872506
-0.98196054 0.13384345 -0.13356441 0.13426843 0.99092770 0.00586147
-0.99134403 0.11633160 -0.06086096 0.11926886 0.99174529 -0.04707693
-0.98255914 0.13235393 -0.13061412 0.13319969 0.99108666 0.00227868
-0.09767911 -0.96762353 0.23273070 -0.98754424 0.06525461 -0.14317209
-0.85252178 0.15330312 -0.49970472 0.24402839 0.96217185 -0.12114265
-0.72858095 0.11066213 -0.67596132 0.23620951 0.96691829 -0.09630211
-0.69152492 0.10711014 -0.71436739 0.20834301 0.97649300 -0.05526860
-0.65944862 0.12204606 -0.74177653 0.21736510 0.97554141 -0.03273236
-0.69712275 0.11290137 -0.70800656 0.19418842 0.98034418 -0.03487390
-0.75311959 0.15770096 -0.63870293 0.25156695 0.96609467 -0.05809579
-0.95717317 0.08563342 0.27656201 0.04065593 0.98554701 -0.16445135
-0.97222918 0.07909413 0.22026040 0.05219160 0.99073344 -0.12539251
-0.97282034 0.08691429 0.21463096 0.04264040 0.97827452 -0.20288119
-0.04090282 -0.97735423 0.20761918 -0.98612267 0.07294992 0.14913224
-0.04621912 -0.93109131 0.36184645 -0.99264747 0.08337564 0.08774725
-0.03189215 -0.90558308 0.42296833 -0.99941134 0.03424737 -0.00203214
-0.93560016 0.01244411 -0.35284209 0.12217779 0.94904381 -0.29049700
-0.06952193 -0.96212870 0.26358137 -0.99500084 0.04788876 -0.08763604
-0.95204657 0.03635738 -0.30378535 0.11410075 0.96347475 -0.24227569
-0.97631639 0.07843629 0.20162852 0.05354768 0.99057615 -0.12606172
0.26212302 -0.43755534 0.86013770 -0.93098241 -0.34933478 0.10600467
-0.93728417 -0.34849101 -0.00724708 -0.05389097 0.16542093 -0.98474956
-0.92979634 -0.36807457 0.00020383 0.00127703 -0.00377968 -0.99999207
-0.91446543 -0.40457135 0.00866170 0.04808073 -0.12988165 -0.99036306
-0.85685146 -0.51278090 0.05349212 0.17595644 -0.38838127 -0.90454370
-0.49832192 0.60756350 0.61849976 -0.82625848 -0.54889894 -0.12651859
-0.50798196 0.59609669 0.62179017 -0.81588143 -0.56445336 -0.12541886
-0.47383061 0.46252564 0.74936950 -0.79993570 -0.58189070 -0.14664957
-0.53050041 0.55554414 0.64026564 -0.76847208 -0.63399267 -0.08662626
-0.23966362 0.90906286 0.34083140 -0.96796918 -0.19668968 -0.15604122
-0.42551315 0.86547208 0.26437986 -0.90482354 -0.40196377 -0.14042635
-0.27759296 0.91163605 0.30308723 -0.95962656 -0.24822082 -0.13230029
-0.57091218 0.74473178 0.34559211 -0.81538999 -0.56349623 -0.13270730
-0.57563728 0.77026904 0.27445838 -0.81557125 -0.56506151 -0.12469597
-0.57317197 0.75524169 0.31793696 -0.81529266 -0.56456405 -0.12870660
-0.51180714 0.81972545 0.25710627 -0.85909295 -0.48958895 -0.14920449
-0.57087994 0.77026415 0.28423464 -0.82055545 -0.54708028 -0.16550528
-0.56855661 0.72088659 0.39631560 -0.81233299 -0.56802112 -0.13216355
-0.53821820 0.65846282 0.52606833 -0.81716090 -0.56050587 -0.13446663
-0.58294147 0.68139899 0.44257742 -0.79660869 -0.58655202 -0.14618984
-0.58211124 0.67932105 0.44684392 -0.79085886 -0.60070342 -0.11703716
-0.53639311 0.65633637 0.53057057 -0.81769949 -0.55978441 -0.13419789
-0.94939142 0.19974291 0.24240217 0.23686187 0.96213520 0.13487887
-0.20189875 -0.96932793 -0.14014377 -0.97326493 0.18256889 0.13937011
-0.95802766 0.21441084 0.19029193 0.22891550 0.97174245 0.05757090
-0.93727863 0.20655325 0.28079271 0.23581789 0.96894586 0.07438981
-0.90240598 0.17477611 0.39384866 0.23138377 0.96763086 0.10075791
-0.91696787 0.18359630 0.35420659 0.23650545 0.96515411 0.11199447
-0.68414545 0.15128042 -0.71348387 0.29951942 0.95023125 -0.08572512
-0.96619081 0.20156492 0.16076998 0.20478414 0.97880077 0.00353697
-0.95827341 0.21206835 0.19167465 0.21823537 0.97582948 0.01140800
-0.12921368 -0.98188812 0.13856274 -0.98872358 0.11690626 -0.09358761
-0.98462540 0.13506536 -0.11077080 0.14152469 0.98853362 -0.05265065
-0.13154538 -0.98694742 0.09290164 -0.99130487 0.13065970 -0.01557910
-0.13402541 -0.97646677 0.16896716 -0.99031973 0.13818859 0.01307099
-0.98110384 0.17337523 0.08588540 0.16539471 0.98186165 -0.09269480
-0.97334731 0.18946336 0.12922326 0.18664080 0.98184919 -0.03372562
-0.12531191 -0.97888029 0.16152517 -0.99115741 0.11635979 -0.06377656
-0.12907313 -0.97287452 0.19197740 -0.99123836 0.12110463 -0.05272815
-0.12990907 -0.96493864 0.22807263 -0.99031526 0.11490784 -0.07792220
-0.99137944 0.11394469 -0.06468015 0.11693951 0.99213868 -0.04456517
-0.04932726 -0.97395211 0.22132352 -0.98693627 0.08155852 0.13894242
-0.93656969 0.09463832 0.33746243 0.00124561 0.96374637 -0.26681709
-0.94589418 0.09014743 0.31170139 -0.00679890 0.95491433 -0.29680371
-0.96194458 0.07909568 0.26154637 0.02627851 0.97953010 -0.19957507
-0.11028247 -0.98597544 0.12526040 -0.99335152 0.10515521 -0.04685277
-0.98468149 0.13456480 -0.11088169 0.14133014 0.98840195 -0.05556406
-0.85100245 0.15408190 -0.50204933 0.29982254 0.92742467 -0.22358428
-0.79740620 0.12697861 -0.58993208 0.22806042 0.96851861 -0.09980076
-0.64723593 0.09265766 -0.75663745 0.21593471 0.97421438 -0.06541081
-0.65689796 0.09408816 -0.74808598 0.19518006 0.97958302 -0.04818460
-0.68281668 0.13504571 -0.71800005 0.24187863 0.96913105 -0.04774622
-0.60354245 0.10810857 -0.78996783 0.22136712 0.97453469 -0.03575956
-0.59673452 0.09012784 -0.79736120 0.18346529 0.98267621 -0.02622848
-0.73239392 0.15178391 -0.66374755 0.25080833 0.96643031 -0.05574694
-0.92516303 0.10304170 0.36531591 -0.02253801 0.94583589 -0.32386184
-0.91242504 0.13270250 0.38713115 -0.00721008 0.94060767 -0.33941901
-0.01450939 -0.94783252 0.31843835 -0.96304953 0.09890382 0.25050691
-0.03044982 -0.90130389 0.43211594 -0.99818671 0.04987826 0.03369667
-0.02503623 -0.89547527 0.44440666 -0.99929458 0.03486475 0.01395559
-0.09855621 -0.91813380 0.38381904 -0.96341938 -0.00856025 -0.26786163
-0.07871542 -0.87510353 0.47749111 -0.95251995 -0.07529519 -0.29501930
0.29048154 -0.45256564 0.84309244 -0.94516617 -0.27314961 0.17902565
-0.97047794 -0.24115445 0.00414061 -0.03681747 0.13115463 -0.99067801
-0.92952257 -0.36874539 0.00383345 -0.00265346 -0.00370706 -0.99998963
-0.88802075 -0.45835203 0.03650456 0.04079740 -0.15762207 -0.98665643
-0.89086127 -0.45324859 0.03052857 0.07848763 -0.21976306 -0.97239083
-0.50941318 0.59935015 0.61747682 -0.81695545 -0.56226617 -0.12822114
-0.52436113 0.59585494 0.60827816 -0.78444415 -0.61589992 -0.07290260
-0.48697540 0.48416203 0.72694027 -0.74460691 -0.66516769 -0.05579049
-0.49415329 0.50340211 0.70880103 -0.76426065 -0.64015228 -0.07817125
-0.23471175 0.91170782 0.33719319 -0.96930116 -0.19337247 -0.15186305
-0.36015216 0.89526755 0.26227176 -0.93258798 -0.33831736 -0.12578173
-0.26847056 0.92320031 0.27499986 -0.96244627 -0.24514218 -0.11662981
-0.23394388 0.91887957 0.31769577 -0.97029680 -0.19995467 -0.13617028
-0.56970727 0.73621994 0.36525872 -0.81254625 -0.57125032 -0.11593872
-0.57504219 0.76616591 0.28690809 -0.81562775 -0.56425214 -0.12794901
-0.57388264 0.75905687 0.30739444 -0.81464618 -0.56750929 -0.11951901
-0.51866168 0.82062691 0.23991980 -0.85495579 -0.49990076 -0.13838291
-0.56917244 0.78597146 0.24143654 -0.82168877 -0.55426627 -0.13272691
-0.57341677 0.73281366 0.36630228 -0.80979651 -0.57475752 -0.11782821
-0.53346938 0.65560210 0.53441209 -0.81373012 -0.57019293 -0.11279775
-0.58161497 0.67906386 0.44787988 -0.79222906 -0.59782732 -0.12237519
-0.58687180 0.67258906 0.45078310 -0.78131121 -0.61650616 -0.09732904
-0.91975772 0.18458323 0.34637365 0.23566474 0.96544039 0.11129706
-0.95659578 0.20500736 0.20711482 0.23309810 0.96482044 0.12160099
-0.20245615 -0.97169143 -0.12176735 -0.97928393 0.20136756 0.02131054
-0.94026518 0.21001665 0.26794484 0.23399702 0.97034866 0.06057166
-0.93505383 0.20707461 0.28774032 0.22367387 0.97432572 0.02567940
-0.91454470 0.19477887 0.35449857 0.23938875 0.96708834 0.08621566
-0.90455562 0.17979693 0.38659051 0.23230989 0.96815747 0.09329110
-0.63486606 0.12881826 -0.76180768 0.28140554 0.95682961 -0.07271878
-0.97135246 0.19999535 0.12835991 0.19720829 0.97976500 -0.03419830
-0.94551754 0.20662884 0.25159729 0.22381788 0.97375089 0.04141026
-0.12990452 -0.98050517 0.14742625 -0.98882669 0.11714569 -0.09218893
-0.12749654 -0.97534460 0.18013202 -0.99146318 0.12032940 -0.05021587
-0.12870637 -0.97582459 0.17663838 -0.99168205 0.12686267 -0.02173987
-0.12514865 -0.96799499 0.21753971 -0.99104720 0.13224790 0.01832804
-0.13487959 -0.97695380 0.16543515 -0.98790622 0.14547624 0.05364743
-0.13739260 -0.97339571 0.18336886 -0.98702395 0.15007435 0.05710864
-0.97972041 0.17960401 0.08882743 0.17482531 0.98283046 -0.05899512
-0.15065585 -0.97728986 0.14902149 -0.98441726 0.16213556 0.06807882
-0.12731469 -0.92159158 0.36668792 -0.99139863 0.10693557 -0.07545565
-0.12638634 -0.97660637 0.17397296 -0.99198109 0.12445904 -0.02198837
