-0.29926771 0.71481228 -0.63204616 0.32974344 -0.54411530 -0.77149719
-0.43760383 0.64490354 -0.62657994 0.31475872 -0.54288596 -0.77858967
-0.50295168 0.66616982 -0.55068827 -0.01446345 -0.64353633 -0.76527900
0.34945592 -0.76145226 0.54595882 0.13056533 0.61658645 0.77638519
-0.21275134 0.72808659 -0.65163404 0.27417827 -0.59562433 -0.75502181
-0.14461653 0.73908466 -0.65790582 0.12121946 -0.64665395 -0.75309002
-0.12829235 0.74024159 -0.65998757 0.10334718 -0.65188479 -0.75124276
-0.01130304 -0.71567690 0.69834000 -0.26301926 0.67591959 0.68844283
-0.07282041 -0.71991897 0.69022739 -0.29065761 0.67734230 0.67581475
-0.13063547 -0.70280695 0.69928306 -0.26708880 0.70419836 0.65785122
0.06608804 0.69877672 -0.71228057 -0.10595322 -0.70489085 -0.70135784
0.25589412 0.62827110 -0.73470646 -0.41457629 -0.61525172 -0.67051613
0.28767812 0.61356097 -0.73538035 -0.30696085 -0.66826236 -0.67764336
-0.28765905 -0.61346954 0.73546410 0.00155014 0.76762271 0.64090025
-0.38153470 -0.52741617 0.75912017 -0.05646707 0.83300835 0.55037129
-0.37257007 -0.51780123 0.77011257 -0.27790928 0.85402840 0.43977487
-0.41404405 -0.51666903 0.74941361 -0.20373634 0.85501349 0.47691038
-0.33045775 -0.52399504 0.78500122 -0.22572739 0.85146785 0.47333884
-0.73630297 -0.37178180 0.56536388 0.05487597 0.79996967 0.59752584
-0.23782253 -0.61969155 0.74794573 -0.16145486 0.78454763 0.59867972
0.34453648 0.58553040 -0.73379070 -0.41048446 -0.60900187 -0.67868936
0.45214662 0.49942565 -0.73901123 -0.43748221 -0.59785712 -0.67169660
0.49950373 0.44678912 -0.74220991 -0.33524182 -0.69030768 -0.64116162
0.43997014 0.48819068 -0.75372159 -0.32712495 -0.69452405 -0.64080077
0.55931109 0.40834516 -0.72140521 -0.18679124 -0.78579128 -0.58961099
-0.59549785 -0.41255704 0.68933225 -0.02452199 0.86699975 0.49770489
-0.73367637 -0.33730611 0.58986747 -0.08581536 0.90713644 0.41199419
-0.74584693 -0.33291247 0.57695895 -0.12269035 0.91999090 0.37224177
-0.60908812 -0.40524438 0.68175417 -0.27268836 0.91420239 0.29979160
-0.73777735 -0.31607455 0.59647423 -0.09428386 0.92319554 0.37258622
-0.88303155 -0.19414273 0.42727518 -0.04029064 0.93842393 0.34312850
-0.81584024 -0.19610611 0.54401028 -0.17406718 0.98039204 0.09236930
-0.93906319 -0.10431449 0.32753462 -0.00465689 0.95661587 0.29131514
0.97787243 -0.03976445 -0.20538817 -0.10290945 -0.94620377 -0.30677047
0.98571825 -0.07271756 -0.15189348 -0.12983090 -0.90260249 -0.41042987
0.98184115 -0.04825231 -0.18346588 -0.16094713 -0.72381210 -0.67096359
0.90165842 0.16696534 -0.39891678 -0.29235306 -0.44438207 -0.84679055
0.98373061 -0.10086090 -0.14866456 -0.17964976 -0.55142057 -0.81465417
0.98398286 -0.10333984 -0.14525367 -0.17752419 -0.49393758 -0.85118204
0.99272394 -0.08966134 -0.08037434 -0.10878891 -0.95396715 -0.27948475
0.99303174 -0.10774782 -0.04773217 -0.11631269 -0.96125716 -0.24991198
0.98392576 -0.15445353 0.08963370 -0.12147589 -0.94679749 -0.29802370
-0.85806239 0.28424045 -0.42771062 0.16522272 0.94137418 0.29413632
0.97603565 -0.18742576 0.11057143 -0.11533172 -0.87641978 -0.46753293
0.95991927 -0.02032146 -0.27953902 -0.11995810 -0.93118882 -0.34423453
-0.53928649 -0.42068833 0.72951454 -0.20372990 0.90572363 0.37169728
-0.53304648 -0.43099391 0.72808355 -0.21202579 0.90111834 0.37819412
-0.32765660 -0.51671404 0.79097891 -0.19226220 0.85614294 0.47964004
0.42542270 0.52372879 -0.73805404 -0.69851494 -0.32850114 -0.63573885
0.42364174 0.53365809 -0.73194045 -0.67135870 -0.35748228 -0.64921796
0.50367790 0.44572318 -0.74002671 -0.65722245 -0.35826275 -0.66310364
0.53049874 0.39907193 -0.74787217 -0.79183626 -0.08164597 -0.60525155
0.49802589 0.44146484 -0.74637729 -0.85152155 0.08623147 -0.51718014
0.47569314 0.44401661 -0.75931901 -0.87856239 0.28198344 -0.38550431
0.45973319 0.43754888 -0.77278489 -0.88511759 0.29650709 -0.35867879
0.41534153 0.55751532 -0.71879637 -0.90348977 0.34474561 -0.25466999
0.49676722 0.38171858 -0.77943146 -0.86787957 0.21566942 -0.44751740
0.68740189 0.24137363 -0.68499446 -0.70565069 -0.00121501 -0.70855886
0.75722164 0.06092490 -0.65031046 -0.63925552 -0.13520220 -0.75701576
0.77628338 0.13653651 -0.61542016 -0.62105614 -0.00167624 -0.78376430
0.84793460 -0.06904580 -0.52558506 -0.52803010 -0.02246064 -0.84892863
0.98159873 -0.09175551 -0.16746594 -0.15951876 0.08805158 -0.98326027
0.30231521 0.17332919 -0.93731672 -0.94874066 0.14980572 -0.27829763
0.38578993 0.29139104 -0.87536126 -0.92258614 0.12288827 -0.36569580
0.32424328 0.55729330 -0.76438892 -0.94582313 0.20540671 -0.25144923
0.02391254 0.69565153 -0.71798134 -0.98233300 -0.11698839 -0.14606681
0.04299093 0.55215001 -0.83263570 -0.99256891 -0.07135544 -0.09856694
0.10243858 0.44667131 -0.88881451 -0.99453425 0.02784481 -0.10062978
-0.09401771 0.67675912 -0.73017657 -0.98263961 -0.18090481 -0.04114545
-0.13553317 0.64840180 -0.74913675 -0.97788012 -0.20912640 -0.00408836
-0.16612150 0.64775771 -0.74351436 -0.97412235 -0.22498332 0.02163775
-0.17228323 0.58475548 -0.79270399 -0.97180802 -0.23239407 0.03977841
-0.22974141 0.54118299 -0.80891281 -0.94881874 0.06052292 0.30996782
-0.17574877 0.68590790 -0.70614642 -0.97363776 -0.01516254 0.22759522
-0.18633910 0.63471597 -0.74994224 -0.96751261 -0.25129977 0.02771073
-0.18149632 0.63443160 -0.75136918 -0.96783376 -0.25061145 0.02217609
-0.15276751 0.45200565 -0.87883615 -0.96888345 -0.24374366 0.04305740
-0.15929875 0.69550198 -0.70064324 -0.98611182 -0.14587396 0.07939954
-0.15199709 0.70469153 -0.69304168 -0.98255229 -0.18376954 0.02863357
-0.26174125 0.67560184 -0.68924147 -0.96097368 -0.24869891 0.12115490
-0.33035350 0.44589677 -0.83189106 -0.93372333 -0.02558165 0.35708043
-0.31113991 0.43603873 -0.84443015 -0.94797450 -0.20536610 0.24324706
-0.28755802 0.38626972 -0.87641668 -0.91217971 0.16848736 0.37355077
-0.05494909 0.44339055 -0.89464265 -0.98544645 -0.16842987 -0.02294864
-0.15482418 0.53777158 -0.82875282 -0.98250812 -0.17167506 0.07214944
0.32528079 0.70212728 -0.63341117 -0.94415003 0.20384511 -0.25889757
0.38350523 0.59112710 -0.70957202 -0.92301053 0.27131149 -0.27284020
0.41237381 0.31557533 -0.85461104 -0.91091424 0.12889662 -0.39194503
0.41380942 0.60904872 -0.67662513 -0.90186584 0.37557706 -0.21349466
0.39568722 0.48453391 -0.78016573 -0.89479744 0.39469472 -0.20869534
0.43660843 0.46592057 -0.76960450 -0.89530355 0.30902532 -0.32083464
0.40758255 0.60763001 -0.68166137 -0.89666051 0.40760258 -0.17280078
0.37062436 0.53557247 -0.75881469 -0.90463936 0.39323211 -0.16430506
0.38720155 0.56362975 -0.72965503 -0.91710258 0.31686592 -0.24190676
0.39312464 0.56758267 -0.72339684 -0.91741329 0.29490784 -0.26717451
0.19065720 0.66458386 -0.72248060 -0.98122346 0.15088165 -0.12014697
0.17103645 0.67897588 -0.71395957 -0.97786009 0.20565417 -0.03867937
0.17937958 0.68787938 -0.70331001 -0.98353231 0.14143448 -0.11251902
0.16865614 0.74982476 -0.63977957 -0.90433919 -0.14047471 -0.40303534
0.37841773 0.44758952 -0.81022441 -0.77742237 -0.32141379 -0.54065484
0.08508746 0.74911696 -0.65695053 -0.97875232 0.18629453 0.08566377
0.09200212 0.76669991 -0.63537931 -0.98154563 0.17725284 0.07176101
0.09128118 0.80035812 -0.59253240 -0.99019390 0.13613822 0.03134556
0.07149307 0.81212521 -0.57908672 -0.99457377 0.10203310 0.02030527
0.07528505 0.80397218 -0.58988214 -0.98432565 -0.03469512 -0.17291410
0.09900495 0.78433329 -0.61238831 -0.97057384 -0.05964200 -0.23330106
0.02607396 0.66038358 -0.75047570 -0.99361384 0.09956380 0.05309013
-0.12855436 0.78737247 -0.60292488 -0.94861054 0.07963768 0.30626127
-0.17367502 0.79509586 -0.58108485 -0.94119769 0.03962515 0.33552471
-0.17690225 0.81409860 -0.55312669 -0.90120459 0.09193162 0.42353147
0.81218094 -0.58228952 0.03607131 0.21847683 0.24623811 -0.94426411
0.90082103 -0.42707416 0.07828886 0.21476069 0.28155532 -0.93520284
0.89477903 -0.44020769 0.07475097 0.21804568 0.28469124 -0.93349189
0.83863664 -0.54248047 0.04902701 0.22920576 0.26981345 -0.93523550
0.83883655 -0.54229957 0.04758567 0.25258416 0.31028190 -0.91647500
0.92393929 -0.37877557 0.05352918 0.13121577 0.18236297 -0.97443634
0.19555283 0.67520183 -0.71123952 -0.98012257 0.10982229 -0.16522358
0.22885318 0.68459880 -0.69206274 -0.90153599 -0.11914124 -0.41597870
0.19202128 0.71704108 -0.67005968 -0.68601805 -0.39017078 -0.61412221
-0.07200399 -0.79319048 0.60470182 0.71887493 0.37899885 0.58273381
0.02173153 -0.81470752 0.57946491 0.53252262 0.49997097 0.68297052
0.12058880 -0.84265220 0.52478158 0.48851499 0.51057178 0.70758015
0.14957649 -0.85003346 0.50504458 0.54647720 0.49675667 0.67423695
0.26878527 -0.86625320 0.42114121 0.44053185 0.49938023 0.74602354
0.38800567 -0.85590267 0.34188059 0.51922601 0.50946826 0.68618262
0.53869438 -0.79748201 0.27171820 0.29013050 0.47838348 0.82883865
0.20344609 0.71031743 -0.67383897 -0.64754742 -0.41859144 -0.63676018
0.27242145 0.65609080 -0.70379794 -0.58860213 -0.46499491 -0.66130733
0.26588672 0.67185104 -0.69131792 -0.61571085 -0.43344480 -0.65804696
0.35629162 0.59463018 -0.72074354 -0.60463864 -0.44136328 -0.66303146
0.39003903 0.55365282 -0.73575687 -0.90611154 0.37292364 -0.19972438
0.37316886 0.51795554 -0.76971883 -0.90692246 0.37851727 -0.18497673
0.02099109 0.28923982 -0.95702654 -0.99363405 0.11200904 0.01205819
0.78045034 0.09109687 -0.61854565 -0.60418242 -0.14457759 -0.78362042
0.47706804 0.28528529 -0.83127511 -0.87878197 0.16794920 -0.44669366
0.39157727 0.58494049 -0.71028996 -0.91069734 0.35670704 -0.20830363
0.45568001 0.45991904 -0.76212221 -0.88563991 0.32026699 -0.33626044
0.47134602 0.51146942 -0.71849287 -0.86784947 0.12389348 -0.48113176
0.66807109 0.24465938 -0.70272529 -0.60669178 -0.36769298 -0.70478863
0.37722728 0.57012361 -0.72983468 -0.62336880 -0.42650193 -0.65536827
-0.11336952 -0.69557285 0.70945460 -0.25088036 0.71096021 0.65695864
