0.66592556 0.18084918 0.72376567 -0.24354970 0.96971732 -0.01821943
0.53929150 0.15300779 0.82810229 -0.01991222 0.98539716 -0.16910344
0.78324950 0.21727814 0.58250362 -0.26163059 0.96513319 -0.00820652
0.75437278 0.28602329 0.59085745 -0.32432657 0.94495130 -0.04335213
0.77910435 0.36485144 0.50978410 -0.38359144 0.92064041 -0.07265657
0.78617299 0.39533481 0.47501835 -0.41355196 0.90770817 -0.07099780
0.79308522 0.40108922 0.45841393 -0.42910054 0.90204000 -0.04686856
0.79217952 0.40017480 0.46077305 -0.44791618 0.89405268 -0.00639640
0.83122808 0.42470095 0.35873252 -0.42424232 0.90160829 -0.08438555
0.73972678 0.39714712 0.54321128 -0.44113415 0.89580250 -0.05420847
0.71022207 0.36033463 0.60476750 -0.41955990 0.90648985 -0.04738842
0.71696150 0.31437668 0.62220061 -0.36336342 0.93023342 -0.05131167
0.72298145 0.27118075 0.63542026 -0.34847245 0.93731242 -0.00352842
0.71127617 0.21899639 0.66792727 -0.29997653 0.95392323 0.00667801
0.62465560 0.27945170 0.72918594 -0.36784601 0.92898649 -0.04090832
0.61657739 0.30546173 0.72562081 -0.42188984 0.90635395 -0.02305439
0.69140458 0.35151470 0.63118708 -0.44087303 0.89741147 -0.01684396
0.67759281 0.38353688 0.62750888 -0.47041699 0.88189757 -0.03105790
0.67128909 0.39781094 0.62539387 -0.47715533 0.87761045 -0.04607317
0.72030646 0.42628413 0.54721153 -0.49080163 0.87067562 -0.03221354
0.72973013 0.43302286 0.52913636 -0.50117642 0.86518097 -0.01685680
0.76398098 0.45333573 0.45915127 -0.49776456 0.86687100 -0.02766174
0.76646441 0.45497924 0.45335001 -0.50479746 0.86314291 -0.01279983
0.71540648 0.43062797 0.55023015 -0.52939892 0.84801525 0.02463757
0.71212196 0.43147153 0.55381829 -0.53230107 0.84617978 0.02520825
0.72238165 0.44493327 0.52933848 -0.53657424 0.84353346 0.02322765
0.68938339 0.43127266 0.58202618 -0.55243528 0.83272082 0.03730081
0.67831725 0.42131266 0.60198122 -0.55339378 0.83189297 0.04134603
0.59296459 0.36643243 0.71702182 -0.50831848 0.86094582 -0.01961389
0.54660785 0.34560579 0.76274276 -0.35097966 0.92154503 -0.16603647
0.71651638 0.47303113 0.51268506 -0.57703197 0.81489593 0.05457890
0.69033903 0.44791904 0.56815547 -0.56944084 0.82081097 0.04479468
0.67516726 0.43436170 0.59622073 -0.57024682 0.82005060 0.04832681
0.69225681 0.43979749 0.57215267 -0.52022421 0.85361165 -0.02671933
0.65113062 0.40947345 0.63903093 -0.52289069 0.85229546 -0.01333614
0.61630648 0.38484213 0.68706834 -0.56079257 0.82699847 0.03981593
0.58848315 0.36494097 0.72146088 -0.54309791 0.83946866 0.01836213
0.63002008 0.40197313 0.66444886 -0.60516506 0.79032940 0.09568083
0.64652246 0.41662255 0.63908869 -0.57382590 0.81759828 0.04750735
0.53724122 0.32519838 0.77821463 -0.58736032 0.80642158 0.06849939
0.55427164 0.34128582 0.75914884 -0.60344791 0.79295439 0.08410731
-0.57891726 0.81386197 0.04983603 -0.43439594 -0.25611693 -0.86354172
0.56234556 0.33636230 0.75539923 -0.56212121 0.82548767 0.05089156
0.28439081 0.16089129 0.94511157 -0.26475433 0.96066159 -0.08387201
0.48414639 0.28563017 0.82705367 -0.52741504 0.84946877 0.01537038
0.55851889 0.33245423 0.75995451 -0.49695298 0.86765897 -0.01434200
0.49514890 0.29321104 0.81783545 -0.46371776 0.88522589 -0.03661945
-0.48681539 0.87331849 0.01804469 -0.35333619 -0.17798440 -0.91840905
-0.48269185 0.87533641 0.02819163 -0.31144789 -0.14147985 -0.93967211
-0.60463411 0.79199058 0.08466772 -0.28919166 -0.11923929 -0.94981587
-0.59528029 0.79942983 0.08095256 -0.20044123 -0.05017715 -0.97841996
-0.57891113 0.81182742 0.07614576 -0.17237590 -0.03057363 -0.98455667
-0.53966123 0.83779675 0.08283989 -0.18715708 -0.02345260 -0.98205006
-0.50979757 0.85572082 0.08859122 -0.36047935 -0.11897747 -0.92514813
0.68296498 0.37291607 0.62808633 -0.53822070 0.83824390 0.08755374
-0.44014236 0.89575624 0.06241341 -0.34609896 -0.10510141 -0.93229252
-0.43979034 0.89567739 0.06592789 -0.35031956 -0.10349173 -0.93089509
-0.43252385 0.89870769 0.07244093 -0.21762307 -0.02609045 -0.97568417
-0.43139261 0.89844143 0.08187395 -0.22413427 -0.01882572 -0.97437644
-0.45183048 0.88843203 0.08085684 -0.01733634 0.08187469 -0.99649191
-0.53227115 0.84306413 0.07700933 -0.11425011 0.01859840 -0.99327797
-0.57592493 0.81576657 0.05324749 -0.03687109 0.03914780 -0.99855298
-0.57318133 0.81771445 0.05297421 -0.05211984 0.02813584 -0.99824440
-0.57064837 0.82078505 0.02593059 0.02486146 0.04882982 -0.99849766
-0.54656023 0.83674115 0.03370755 0.15251550 0.13904038 -0.97847170
-0.48441607 0.87250364 0.06386309 0.07609436 0.11474589 -0.99047619
-0.48488227 0.87211895 0.06555738 0.12156291 0.14143811 -0.98245502
-0.45722762 0.88514978 0.08632939 0.19689125 0.19540814 -0.96075469
-0.41284314 0.90187883 0.12718153 0.15024301 0.20515804 -0.96712834
-0.42064303 0.89920783 0.12035280 -0.05917708 0.10518223 -0.99269074
-0.34041074 0.93150115 0.12816468 -0.15479335 0.07892833 -0.98478895
-0.31423423 0.94063401 0.12831403 -0.14148059 0.08725066 -0.98608851
-0.33191374 0.93278879 0.14049347 -0.18519334 0.08160282 -0.97930813
-0.32933867 0.93264937 0.14731340 0.04938357 0.17281771 -0.98371512
-0.28376672 0.94914389 0.13639019 -0.14923550 0.09678948 -0.98405313
-0.25269556 0.95905715 0.12788442 -0.16699728 0.08695809 -0.98211521
0.38356671 -0.05649596 0.92178351 -0.17784423 0.97492599 0.13375647
0.34832633 -0.06708748 0.93496954 -0.15269838 0.98005140 0.12721060
0.35212943 -0.06649538 0.93358624 -0.15287015 0.97999215 0.12746017
0.15656491 -0.07746630 0.98462498 -0.06718948 0.99377447 0.08886994
-0.20015547 0.97280890 0.11653596 -0.12587793 0.09242416 -0.98773104
0.40647554 -0.06313525 0.91147768 -0.04685722 0.99485636 0.08980671
0.59678495 -0.06460173 0.79979640 -0.00786452 0.99623501 0.08633687
0.61027718 -0.11837541 0.78329372 0.07325097 0.99296874 0.09299152
0.59885329 -0.13343348 0.78966463 0.09217887 0.99095351 0.09754109
0.56869507 -0.13285007 0.81174922 0.10406330 0.99056172 0.08920970
0.48377860 -0.13836084 0.86418432 0.18206285 0.98173290 0.05526053
0.68842852 -0.17864238 0.70296025 0.18207380 0.98072398 0.07092017
0.78890634 -0.19423583 0.58300883 0.22350147 0.97445041 0.02221488
0.77565831 -0.22026263 0.59147161 0.23600282 0.97036719 0.05186737
0.71475375 -0.19921920 0.67040199 0.25570098 0.96664518 0.01463460
0.69540536 -0.19401957 0.69193047 0.25526860 0.96676099 0.01453243
0.59669161 -0.16640219 0.78502840 0.22662343 0.97338629 0.03407431
0.81409901 -0.18209721 0.55143756 0.16601318 0.98291439 0.07949186
0.74328923 -0.12558372 0.65707684 0.13574083 0.99010164 0.03568221
0.86823118 -0.07385738 0.49063203 0.00501769 0.99011511 0.14016776
0.86385578 -0.01432892 0.50353551 -0.04393494 0.99364305 0.10364965
0.86167008 -0.02226121 0.50698042 -0.03752643 0.99350697 0.10740469
0.73570728 -0.18087998 0.65269995 0.16270055 0.98265982 0.08892836
0.59756792 -0.16397206 0.78487307 0.16630524 0.98292625 0.07873090
0.46935841 -0.08713838 0.87869769 0.10261794 0.99375892 0.04373513
0.41194481 -0.07129885 0.90841502 0.09442970 0.99490678 0.03526568
0.31759486 -0.06225875 0.94618046 0.01495089 0.99804693 0.06065316
0.65538067 -0.13785142 0.74261242 0.10475083 0.99029124 0.09138197
0.76159430 -0.03074848 0.64732426 -0.05408993 0.99237233 0.11077682
0.73833650 0.07537056 0.67020780 -0.15414444 0.98629135 0.05889690
0.43168730 0.00744764 0.90199262 -0.20785287 0.97387713 0.09143574
0.59209651 0.03571784 0.80507517 -0.21122520 0.97096843 0.11226875
0.37164357 -0.03084913 0.92786282 -0.22851369 0.96565843 0.12363397
0.47485837 0.09551303 0.87486386 -0.27465644 0.96052545 0.04421284
0.40844372 0.07943772 0.90932035 -0.34072682 0.93746626 0.07114935
-0.32599735 0.93841958 0.11443086 -0.32870063 0.00097699 -0.94443369
0.74285513 0.21942472 0.63247067 -0.32414776 0.94451863 0.05303662
0.84902012 0.27455845 0.45142278 -0.33683205 0.93951589 0.06208172
0.66008544 0.26443151 0.70310968 -0.34227079 0.93906164 -0.03184356
0.40967348 -0.06252777 0.91008675 -0.04749230 0.99483329 0.08972885
0.20357671 -0.07090641 0.97648799 -0.13874668 0.98521870 0.10046608
-0.19477193 0.97377527 0.11758273 -0.09721914 0.10012221 -0.99021411
-0.30141973 0.94668078 0.11376155 -0.29365617 0.02134306 -0.95567286
-0.41547036 0.90073472 0.12673357 0.14581713 0.20347948 -0.96815985
-0.45918670 0.88488072 0.07831815 -0.06337938 0.05530419 -0.99645597
-0.36389163 0.92236477 0.12971558 -0.23910756 0.04209320 -0.97008032
0.37378937 0.06889230 0.92495155 -0.32865679 0.94237083 0.06262633
-0.52923071 0.84453434 0.08171091 -0.16626011 -0.00878531 -0.98604280
-0.59220731 0.80354017 0.06011459 -0.09673987 0.00316385 -0.99530470
-0.62501311 0.77542537 0.08985655 -0.32176885 -0.15104154 -0.93469316
-0.61727840 0.78191668 0.08702733 -0.29164344 -0.12468264 -0.94836617
-0.61656803 0.78263420 0.08560113 -0.36477041 -0.18761979 -0.91199857
-0.61818594 0.78148830 0.08439367 -0.38084716 -0.20386888 -0.90188307
-0.61458725 0.78450030 0.08271516 -0.38619688 -0.20779471 -0.89870650
-0.67508978 0.73031652 0.10436315 -0.29068801 -0.13330917 -0.94748574
-0.68808568 0.71839827 0.10218696 -0.32059157 -0.17463924 -0.93097919
-0.72408992 0.68164831 0.10511637 -0.11136539 0.03485619 -0.99316806
0.50228959 0.27046016 0.82131392 -0.56803983 0.81933576 0.07758641
-0.67275327 0.72706974 0.13701355 -0.48644856 -0.29513904 -0.82235074
-0.72109520 0.66936564 0.17880535 -0.49127066 -0.31200767 -0.81320626
0.55995667 0.33775774 0.75655019 -0.56331336 0.82480669 0.04870296
0.58708793 0.36040106 0.72487164 -0.49953285 0.86590654 -0.02594104
0.66318405 0.42418411 0.61664808 -0.57389355 0.81707078 0.05515075
0.72336793 0.43500245 0.53620124 -0.47700685 0.87631059 -0.06741084
0.93568426 0.33881104 0.09849913 -0.33705807 0.94085395 -0.03443485
0.90497792 0.29866704 0.30300671 -0.33269510 0.94069195 0.06642780
0.90989691 0.28993586 0.29668960 -0.32127482 0.94496465 0.06184163
0.77080351 0.44355690 0.45729560 -0.48707533 0.87298018 -0.02575359
0.72825134 0.43723398 0.52770865 -0.52849698 0.84852809 0.02628966
0.63411975 0.38189676 0.67234445 -0.49175748 0.87019855 -0.03047973
0.71899807 0.41303417 0.55896753 -0.48624620 0.87359160 -0.02006048
0.74450386 0.42633283 0.51376480 -0.48228163 0.87557840 -0.02769232
0.81028032 0.42734495 0.40102628 -0.45404300 0.89042419 -0.03145963
0.77339631 0.28634617 0.56556529 -0.31590182 0.94758821 -0.04777682
0.73359227 0.22292444 0.64198679 -0.27892375 0.96020085 -0.01469797
0.47814870 0.13628946 0.86763996 -0.30622119 0.95176578 0.01925179
