-0.20326622 -0.33943510 0.91840440 -0.18713772 0.93416286 0.30384094
-0.19094129 -0.31840071 0.92852706 -0.24142540 0.93210709 0.26998186
-0.27451053 0.90391695 0.32799107 0.06432643 0.35759291 -0.93165952
-0.28103152 0.90156376 0.32894400 0.09515737 0.36724582 -0.92524356
-0.34060863 0.88188070 0.32599419 0.01919469 0.35317671 -0.93535978
-0.29558694 0.89692199 0.32887590 -0.12485097 0.30503702 -0.94412112
-0.22845560 0.91188365 0.34099305 0.07052389 0.36483651 -0.92839688
-0.11945478 0.89458722 0.43063253 -0.18076332 0.40689230 -0.89541239
-0.15144764 0.88081282 0.44858932 -0.25760475 0.40297136 -0.87821066
0.03887627 0.84841865 0.52789634 -0.12135558 0.52839398 -0.84028137
0.11768369 0.84715247 0.51815373 -0.22212411 0.53101504 -0.81773102
0.10967159 0.82079130 0.56060135 -0.11964493 0.57080388 -0.81232262
0.26155493 0.78132117 0.56668013 -0.08786768 0.60395563 -0.79215968
0.29362890 0.78043747 0.55199599 -0.04090619 0.58717978 -0.80842233
0.29515371 0.78106272 0.55029571 0.02599072 0.56917799 -0.82180345
0.32384217 0.77915150 0.53670222 -0.05011573 0.58060235 -0.81264347
0.22994876 0.81502879 0.53183800 0.09205336 0.52581674 -0.84560215
0.20517166 0.85103250 0.48337188 0.08905081 0.47559783 -0.87514383
0.21420148 0.85102272 0.47945601 0.04452618 0.48183161 -0.87513185
0.16912240 0.86283362 0.47635683 0.15369901 0.45431706 -0.87748086
-0.16970043 -0.42514780 0.88907319 0.05072289 0.89719456 0.43871304
0.04448419 0.88221711 0.46873677 0.06998228 0.46529672 -0.88238400
-0.16690141 -0.42596778 0.88921058 0.05168571 0.89684051 0.43932411
-0.20056462 -0.40087304 0.89390975 0.01090504 0.91148031 0.41119924
-0.18570635 -0.39712363 0.89878029 -0.01507191 0.91573471 0.40150070
-0.14638476 0.93534273 0.32203341 0.05443555 0.33266351 -0.94147319
-0.12967785 -0.37698871 0.91709501 -0.08910874 0.92559308 0.36788201
-0.12988037 -0.35787642 0.92469215 -0.11461286 0.93175888 0.34451315
-0.09107047 -0.35733479 0.92952573 -0.16954832 0.92534041 0.33911431
-0.20868315 -0.37158307 0.90464216 -0.07047822 0.92831665 0.36504942
-0.27021548 -0.36586586 0.89057612 -0.07030484 0.93001431 0.36073616
-0.36203074 -0.33417547 0.87020719 -0.22061373 0.93772727 0.26832291
-0.40387395 -0.32317403 0.85582966 -0.10461181 0.94570100 0.30774346
-0.40911362 -0.32328731 0.85329449 -0.13380386 0.94628024 0.29436424
-0.38185126 -0.33772781 0.86030781 -0.05815054 0.93777865 0.34232986
-0.18736981 -0.38081086 0.90546989 -0.01775756 0.92295790 0.38449118
-0.01268900 -0.42013457 0.90737313 -0.00081696 0.90745026 0.42015883
-0.48979646 -0.32611254 0.80854815 0.06612225 0.91084152 0.40742567
-0.31575218 -0.36196059 0.87708902 0.03038228 0.92004770 0.39062661
-0.30155465 -0.36959368 0.87890005 0.05379169 0.91374820 0.40270418
0.14773238 0.87806314 0.45517054 0.34587976 0.38529196 -0.85552168
0.13419022 0.88021135 0.45521536 0.35660365 0.38570258 -0.85092151
0.28343767 0.82682067 0.48582995 0.33388573 0.38982704 -0.85822797
0.19115318 0.85952228 0.47400630 0.33918846 0.39531967 -0.85362381
0.23814441 0.84109807 0.48563495 0.37579006 0.38127801 -0.84463543
0.31725383 0.80470419 0.50179797 0.36274558 0.38592240 -0.84822142
0.32323924 0.80274844 0.50111026 0.36327544 0.38370430 -0.84900063
0.30470002 0.80938917 0.50204295 0.16795802 0.47318605 -0.86480349
0.31723276 0.78339845 0.53446269 -0.24412793 0.61203861 -0.75220358
0.16928107 0.84014136 0.51527321 -0.23334585 0.54211915 -0.80725253
0.18493535 0.84094644 0.50853527 -0.21955857 0.53973681 -0.81269807
0.07418627 0.85658574 0.51064408 -0.12640665 0.51600200 -0.84720916
0.16923794 0.88358080 0.43662748 0.10576414 0.42417786 -0.89938152
0.09744988 0.89827639 0.42848945 0.24577382 0.39548361 -0.88497913
0.09087563 0.89928186 0.42782459 0.24063727 0.39704233 -0.88569248
-0.59857178 -0.29085705 0.74640071 0.04091674 0.91943854 0.39109927
-0.59211034 -0.29287994 0.75075084 0.05339952 0.91531056 0.39919302
-0.37715900 -0.35511175 0.85536349 0.08707079 0.90588433 0.41447839
-0.51364368 -0.31739953 0.79713726 0.09594372 0.90198618 0.42096996
-0.56371307 -0.30064574 0.76931119 0.19236438 0.85800385 0.47626182
-0.56171155 -0.30598497 0.76866990 0.19087532 0.85609919 0.48027158
-0.55439252 -0.30036655 0.77616292 0.04643978 0.91998422 0.38919452
0.29169649 0.83791924 0.46130741 0.65096873 0.17945562 -0.73758757
-0.69568276 -0.20449121 0.68862832 0.21087673 0.85825467 0.46789953
0.32866764 0.82331318 0.46274507 0.67945039 0.13419621 -0.72134507
0.35523134 0.80302078 0.47850642 0.68958712 0.12047511 -0.71411169
0.33993948 0.81895387 0.46233726 0.64491785 0.15481183 -0.74840784
0.38681972 0.78193450 0.48882407 0.69369185 0.10252449 -0.71293783
0.42709056 0.75072163 0.50399482 0.56951904 0.20958923 -0.79480851
0.41954049 0.75596839 0.50249147 0.55162621 0.22729982 -0.80252320
0.48542744 0.69759166 0.52699727 0.56719667 0.20742972 -0.79703254
0.51385665 0.67406827 0.53064424 0.48591280 0.28107074 -0.82757962
0.48606184 0.70063514 0.52235466 0.48132357 0.28426638 -0.82916844
0.46839535 0.71650219 0.51694340 0.45889986 0.30268762 -0.83533895
0.24787614 0.85461795 0.45627365 0.42409718 0.32772535 -0.84423792
0.53150111 0.66734242 0.52169031 0.39792848 0.34698176 -0.84926832
0.43906134 0.74988359 0.49487343 0.43420908 0.30510688 -0.84756845
0.45030594 0.75090009 0.48308763 0.36823595 0.33670843 -0.86661971
0.44528693 0.75605345 0.47969034 0.36698639 0.33456272 -0.86797976
0.47126931 0.73919308 0.48114327 0.38029951 0.32189906 -0.86703718
0.52612233 0.69247806 0.49362892 0.44042650 0.27467403 -0.85473901
0.47802305 0.73385632 0.48264784 0.31045762 0.37286016 -0.87440920
0.39166892 0.80793405 0.44027025 0.23819181 0.37315592 -0.89667130
0.39160436 0.80768102 0.44079179 0.32312146 0.32782999 -0.88776129
0.34979120 0.82989073 0.43465802 0.38194978 0.29732248 -0.87505072
0.32535964 0.84087747 0.43251157 0.38999033 0.29735658 -0.87148535
0.30878013 0.85084742 0.42510426 0.49067056 0.24038252 -0.83753139
0.29481325 0.85830808 0.41999099 0.45435157 0.26074830 -0.85180694
0.25198835 0.88038063 0.40178585 0.41825521 0.27532357 -0.86559784
-0.37431899 -0.25736386 0.89086992 0.10514417 0.94273835 0.31652677
-0.40516609 -0.24980105 0.87945437 0.17718816 0.92225343 0.34358859
0.30492464 0.88241422 0.35828230 0.31210592 0.26283658 -0.91296595
-0.49437070 -0.15441003 0.85542691 -0.00943419 0.98499149 0.17234503
-0.48624039 -0.15316232 0.86029744 -0.02640600 0.98664486 0.16073181
-0.49700481 -0.15169765 0.85438526 -0.01923541 0.98628491 0.16392726
-0.47166091 -0.15335067 0.86834306 -0.02487119 0.98668337 0.16074036
-0.59563065 -0.15196061 0.78875351 -0.03759792 0.98614043 0.16159679
-0.63875407 -0.14845967 0.75495231 -0.02723766 0.98495620 0.17064407
-0.62463856 -0.14914608 0.76653910 -0.04273762 0.98665005 0.15714715
-0.67094523 -0.14162217 0.72785687 -0.02985868 0.98595554 0.16431749
-0.66958493 -0.13941264 0.72953421 -0.02941072 0.98643249 0.16151153
-0.67194104 -0.13702734 0.72781789 -0.06239763 0.98971492 0.12872791
-0.65024751 -0.13757850 0.74716151 -0.03136510 0.98748946 0.15453449
-0.55782920 -0.14959130 0.81636339 -0.19447950 0.97979671 0.04664923
-0.73367262 -0.13139614 0.66667795 -0.03019644 0.98646110 0.16119163
-0.73669833 -0.13165800 0.66328114 -0.03242411 0.98661280 0.15982464
-0.77103329 -0.12880020 0.62363309 -0.01944670 0.98363698 0.17910945
-0.74902415 -0.13217363 0.64922488 -0.02500817 0.98484093 0.17164816
-0.71827060 -0.13637370 0.68226796 0.01739574 0.97677624 0.21355456
-0.76830637 -0.12659942 0.62743765 0.00835952 0.97817701 0.20760523
-0.80209804 -0.11579581 0.58585852 0.02694326 0.97300547 0.22920394
-0.72900087 -0.13514051 0.67104006 0.07652432 0.95808291 0.27608201
-0.80661440 -0.02378723 0.59059918 0.19045635 0.93543875 0.29779312
-0.78813207 -0.03616895 0.61444253 0.19140014 0.93437773 0.30050668
-0.82495230 -0.01055921 0.56510383 0.18294685 0.94101161 0.28465348
-0.77726239 -0.04864008 0.62729371 0.19340499 0.93026388 0.31177509
-0.75416446 -0.05403551 0.65445870 0.19653240 0.93235761 0.30345410
-0.82583326 -0.01189452 0.56378889 0.18278693 0.94015259 0.28757963
-0.79318219 -0.03381315 0.60804498 0.18957567 0.93513668 0.29930010
-0.66867751 -0.10817866 0.73564106 0.20489480 0.92424709 0.32215762
-0.65425956 -0.12630388 0.74564862 0.21655910 0.91337931 0.34473243
0.40985399 0.80881625 0.42170614 0.59634060 0.11223684 -0.79484642
-0.59342259 -0.16510920 0.78777444 0.17954069 0.92692089 0.32951903
-0.63601553 -0.14121501 0.75864518 0.22689569 0.90543413 0.35875809
-0.65319604 -0.12779696 0.74632633 0.22087730 0.91062647 0.34924594
-0.69912499 -0.09720632 0.70836097 0.21611719 0.91564506 0.33895066
-0.67486298 -0.11190293 0.72940916 0.20791952 0.91955620 0.33344549
-0.69263065 -0.10053180 0.71425223 0.18416676 0.93276846 0.30987996
-0.70186567 -0.09386626 0.70609754 0.18474784 0.93336862 0.30771953
-0.74386847 -0.06728300 0.66493064 0.15700416 0.94948316 0.27171937
-0.74788392 -0.06923486 0.66020930 0.14213687 0.95477957 0.26113826
-0.79594147 -0.04768593 0.60349256 0.11997237 0.96469492 0.23445752
-0.79031098 -0.06206274 0.60955465 0.09728794 0.96952415 0.22485116
-0.76364309 -0.07342983 0.64144945 0.08224029 0.97435564 0.20944597
-0.76642072 -0.07061805 0.63844538 0.06897837 0.97914249 0.19110730
-0.73006243 -0.08425185 0.67816710 0.04774958 0.98365664 0.17360775
-0.77370381 -0.07119189 0.62953478 0.01052919 0.99208426 0.12513180
-0.80592251 -0.05681968 0.58928812 0.05298347 0.98446697 0.16738445
-0.73419362 -0.08858135 0.67313683 0.04398088 0.98316473 0.17734960
-0.67195219 -0.11573995 0.73149472 -0.06777094 0.99317825 0.09489006
-0.65692055 -0.12647010 0.74327701 -0.01318897 0.98760790 0.15638685
-0.60273188 -0.16965193 0.77970028 0.02804046 0.97203010 0.23317635
-0.59550172 -0.17574304 0.78389555 -0.01251601 0.97768956 0.20968205
-0.52411956 -0.18829207 0.83056897 0.06384085 0.96382242 0.25878692
-0.45981446 -0.23298173 0.85690737 0.16155876 0.92691714 0.33870849
-0.49212238 -0.23441644 0.83837014 -0.06148108 0.97001594 0.23513655
-0.50535268 -0.29013586 0.81267452 -0.15554096 0.95698190 0.24493411
-0.49079698 -0.29495201 0.81983030 0.08498010 0.92026395 0.38195914
-0.49282813 -0.27552515 0.82535225 0.09984645 0.92436993 0.36819953
-0.49633265 -0.27610061 0.82305676 0.14178805 0.90956539 0.39062387
-0.54078972 -0.23789887 0.80681515 0.15995124 0.91258705 0.37629858
-0.52521437 -0.21918955 0.82225657 0.18238050 0.91481155 0.36035708
-0.53732336 -0.20551492 0.81795317 0.13554421 0.93620449 0.32426685
-0.59395498 -0.18099588 0.78387380 0.13807791 0.93697006 0.32096976
-0.59425014 -0.17315288 0.78542024 0.14099678 0.93899900 0.31368905
-0.59942269 -0.16806163 0.78259039 0.09442678 0.95603478 0.27763480
-0.65282923 -0.13845773 0.74474394 0.09989813 0.95883042 0.26582816
-0.63864279 -0.14426410 0.75585932 0.13994980 0.94411176 0.29844093
-0.65792990 -0.13445383 0.74097937 0.15874043 0.93706512 0.31098315
-0.68349880 -0.11207618 0.72129631 0.16417515 0.93922222 0.30150986
-0.70927441 -0.09736444 0.69817621 0.13913174 0.95159847 0.27404895
-0.70251065 -0.10186072 0.70434600 0.08398588 0.97092229 0.22417931
-0.71097070 -0.09447943 0.69684601 0.14052963 0.95185721 0.27243233
-0.63338524 -0.15125625 0.75891030 0.18773957 0.92137587 0.34032395
-0.65737301 -0.13785934 0.74084789 0.28809801 0.86246079 0.41612607
-0.60252780 -0.16881134 0.78004038 0.20505145 0.91182131 0.35571873
-0.61768740 -0.17241791 0.76729023 0.20211397 0.90809345 0.36676455
-0.56497765 -0.19883870 0.80078930 0.20665511 0.90549499 0.37063801
0.27312905 0.88520598 0.37657797 0.51697379 0.19506158 -0.83348012
0.27385384 0.88419735 0.37841663 0.54140800 0.18346956 -0.82049763
0.30473030 0.86876225 0.39037365 0.57991827 0.15589085 -0.79962045
-0.62186956 -0.23028390 0.74849695 0.18692385 0.88451219 0.42743152
0.30218673 0.83839101 0.45363387 0.48661226 0.27353388 -0.82969141
0.36348969 0.80288047 0.47250217 0.49139911 0.26565483 -0.82943022
0.35444459 0.81292444 0.46208546 0.45592660 0.28120261 -0.84442645
0.41468963 0.76797611 0.48810378 0.42609119 0.31008023 -0.84988034
0.37178752 0.79526222 0.47888619 0.46300423 0.28826812 -0.83816981
0.37272817 0.79497606 0.47863016 0.48192510 0.27494320 -0.83195823
0.45568371 0.73200083 0.50648510 0.46007395 0.29342043 -0.83799547
0.42688486 0.75106323 0.50366008 0.48005807 0.28378648 -0.83006597
0.45484614 0.72611421 0.51562899 0.52402079 0.24993399 -0.81420833
0.49051037 0.69443655 0.52645755 0.54614365 0.22579141 -0.80668795
0.37054014 0.79347306 0.48280495 0.49323249 0.27236187 -0.82616025
0.37950516 0.78689528 0.48659194 0.50476617 0.26466450 -0.82168359
0.39137518 0.77844173 0.49076882 0.49378422 0.27238226 -0.82582390
0.34308785 0.81278789 0.47081479 0.50714093 0.26161578 -0.82119751
0.36130282 0.80181825 0.47597036 0.46696097 0.28624266 -0.83666760
0.36124653 0.80183053 0.47599238 0.46699673 0.28626221 -0.83664095
0.37317055 0.79409474 0.47974712 0.46772760 0.28555101 -0.83647567
0.23073795 0.86877310 0.43817046 0.50173783 0.27960122 -0.81858552
0.25761527 0.85836977 0.44366178 0.48159507 0.28399771 -0.82910287
0.21059555 0.87882805 0.42814815 0.48002550 0.28856790 -0.82843477
0.20530541 0.88152403 0.42516476 0.48091903 0.28748578 -0.82829273
-0.48342949 -0.31921351 0.81510657 0.14442694 0.88929701 0.43392593
-0.49439564 -0.31186470 0.81136513 0.18182217 0.87567014 0.44737288
0.21328251 0.88099825 0.42231819 0.49223018 0.27649435 -0.82538503
0.24351893 0.86808580 0.43258029 0.47972125 0.27982730 -0.83160347
0.28264895 0.84820646 0.44794577 0.47831911 0.28015479 -0.83230048
0.30019048 0.83897060 0.45388779 0.48303092 0.27661455 -0.83076203
0.26776290 0.85675418 0.44076669 0.44136092 0.29757804 -0.84655064
0.32472846 0.82413143 0.46406767 0.49214143 0.27176982 -0.82700545
0.30975416 0.83381325 0.45695502 0.53030664 0.24739727 -0.81090665
0.36123800 0.80177164 0.47609812 0.46706009 0.28633434 -0.83658087
0.27975768 0.84910005 0.44806787 0.49137974 0.27430779 -0.82662040
0.29274330 0.84341562 0.45050141 0.47508940 0.28057575 -0.83400679
0.30108067 0.87218660 0.38553995 0.53144836 0.18222310 -0.82725900
0.31044489 0.87625510 0.36851189 0.53414530 0.15987682 -0.83013749
-0.53044558 -0.19838730 0.82417840 0.25614378 0.88927799 0.37891290
-0.55910337 -0.18391836 0.80844146 0.26299819 0.88538539 0.38330770
-0.56461352 -0.18182230 0.80507898 0.26784581 0.88227630 0.38710093
-0.57296860 -0.17554224 0.80055726 0.25422919 0.89054263 0.37722868
0.32989228 0.86575109 0.37635902 0.50207227 0.17671132 -0.84657937
-0.58136338 -0.18763497 0.79171324 0.16333458 0.92632490 0.33947605
-0.52772218 -0.20677771 0.82386428 0.09805507 0.94860321 0.30089402
-0.56356841 -0.19969113 0.80156982 0.17867011 0.91790706 0.35429320
-0.51918185 -0.24406341 0.81907463 0.20721264 0.89381957 0.39768019
-0.49111137 -0.30850384 0.81463802 0.14946283 0.89147502 0.42770690
-0.47929275 -0.31126460 0.82060516 0.08371322 0.91452086 0.39578241
-0.46206909 -0.31963357 0.82724035 0.07128319 0.91638720 0.39389497
-0.46422815 -0.32459870 0.82409221 0.12101091 0.89845634 0.42205766
-0.52693546 -0.22513579 0.81954437 0.08679382 0.94498152 0.31539950
-0.59375489 -0.17379418 0.78565311 0.07140860 0.96116239 0.26658541
-0.67351758 -0.12297813 0.72886926 0.08280405 0.96730351 0.23972358
-0.70999569 -0.09906705 0.69720286 0.09519136 0.96746671 0.23440742
-0.72823673 -0.08479936 0.68005902 0.11090828 0.96465206 0.23905186
-0.80427176 -0.05858828 0.59136659 0.05328484 0.98400986 0.16995707
-0.77288741 -0.05027335 0.63254863 0.12620094 0.96476376 0.23087715
-0.72940922 -0.08521108 0.67874986 0.13080153 0.95653200 0.26064825
-0.68739253 -0.10699738 0.71836138 0.16852100 0.93859762 0.30105680
-0.62177509 -0.15089589 0.76852214 0.22853684 0.90360260 0.36231667
-0.74717885 -0.06330214 0.66160154 0.21956098 0.91605639 0.33560935
-0.75946903 -0.05096004 0.64854443 0.20251901 0.92886859 0.31014392
-0.77194154 -0.04471137 0.63411927 0.19379225 0.93348944 0.30173174
-0.82231349 -0.01625627 0.56880248 0.16660006 0.94891274 0.26797220
-0.78279334 -0.05149517 0.62014753 0.17404850 0.93867832 0.29764110
-0.67435795 -0.14200556 0.72462118 0.01024366 0.97943991 0.20147610
-0.70414507 -0.14250983 0.69560814 -0.01713570 0.98277754 0.18399647
-0.69055432 -0.13871855 0.70985347 0.04540990 0.97118449 0.23396280
-0.68941396 -0.13803795 0.71109349 -0.10686640 0.99031508 0.08863233
-0.64027822 -0.14514409 0.75430566 0.05939633 0.96969080 0.23700610
-0.64510030 -0.14367044 0.75046951 0.05230325 0.97155756 0.23095535
-0.76375097 -0.12765199 0.63276327 -0.00766020 0.98197508 0.18885517
-0.68328971 -0.14231944 0.71614277 -0.03220863 0.98573983 0.16516559
-0.57130516 -0.15056488 0.80680895 -0.03643217 0.98671228 0.15834025
-0.61127317 -0.15029761 0.77701724 -0.00791445 0.98291355 0.18389767
-0.50123727 -0.17186777 0.84807003 0.10736317 0.96015108 0.25803697
-0.53613079 -0.15060629 0.83059114 -0.04222174 0.98750818 0.15180580
-0.50450355 -0.15048531 0.85019428 -0.04278788 0.98784173 0.14945881
-0.49075958 -0.18635140 0.85113347 0.09317474 0.96003407 0.26391882
0.33248559 0.84460396 0.41963977 0.30802470 0.32330319 -0.89476025
0.33158195 0.83749962 0.43433613 0.50494415 0.23134479 -0.83157140
0.26896974 0.87279361 0.40729183 0.32743710 0.31482589 -0.89088136
0.51293474 0.72666830 0.45700234 0.39050984 0.27657050 -0.87807226
0.45962355 0.74617648 0.48162937 0.35857618 0.34022403 -0.86929333
0.36146435 0.80947095 0.46270972 0.45457655 0.28029147 -0.84545666
0.47243446 0.72121155 0.50661582 0.44008166 0.30499414 -0.84457487
0.45221546 0.73681706 0.50259519 0.42818666 0.31497270 -0.84702331
0.48970431 0.69913250 0.52096391 0.45434722 0.30534610 -0.83685869
0.52923471 0.66057521 0.53249502 0.48043194 0.28398493 -0.82978177
0.44014248 0.73911440 0.50988680 0.54394919 0.23232460 -0.80631548
0.38779098 0.78118992 0.48924494 0.60540068 0.18438336 -0.77426928
0.45872617 0.70548892 0.54023671 0.68408728 0.10762322 -0.72141665
0.44362214 0.72723955 0.52375764 0.55130833 0.23931178 -0.79924285
0.47591996 0.69209617 0.54268146 0.67262864 0.11111602 -0.73159009
0.46985534 0.70140463 0.53597349 0.68278813 0.09606394 -0.72427356
0.48519602 0.69036078 0.53664404 0.60750026 0.17527483 -0.77474016
0.47274005 0.70609665 0.52720428 0.55847442 0.22271356 -0.79906511
0.57107127 0.62775648 0.52896076 0.18338396 0.53052455 -0.82759541
0.56552124 0.60735792 0.55794454 -0.08056745 0.71396315 -0.69553250
0.54606164 0.59391165 0.59083468 -0.03303085 0.71998328 -0.69320494
0.61294556 0.56038439 0.55701631 -0.04253921 0.72735459 -0.68494219
0.58372325 0.56499058 0.58314049 -0.13640292 0.77622372 -0.61552495
0.57801640 0.56795669 0.58593714 -0.10030176 0.76204234 -0.63971174
0.57709324 0.56407934 0.59057420 -0.12851146 0.77685547 -0.61642557
0.57196540 0.56866091 0.59116876 -0.14194436 0.77843601 -0.61146486
0.61842167 0.46517006 0.63338101 -0.08644490 0.84136248 -0.53351337
0.60099578 0.48758766 0.63329488 0.02461547 0.78069156 -0.62443161
0.54061204 0.62659246 0.56135595 -0.19498940 0.74242699 -0.64092225
0.45494127 0.68723041 0.56634170 -0.19328722 0.69700831 -0.69052124
0.45492536 0.68545502 0.56850183 -0.19809406 0.70028383 -0.68582898
0.49823305 0.66045851 0.56174594 -0.23025525 0.72541082 -0.64866149
0.43960038 0.70793217 0.55279619 -0.22298801 0.68220353 -0.69632947
0.29210305 0.77412665 0.56160814 -0.22335693 0.62619799 -0.74698585
0.27088511 0.77524149 0.57063293 -0.04619287 0.60258245 -0.79671866
0.43687707 0.71055603 0.55158734 -0.13473256 0.65797365 -0.74088997
0.43740636 0.74583846 0.50239491 0.00134774 0.55812913 -0.82975304
0.53354508 0.63025504 0.56401080 -0.20792271 0.74413663 -0.63484561
0.42154649 0.75140244 0.50763458 -0.00672525 0.56237972 -0.82685173
0.41961193 0.75588709 0.50255400 0.56388712 0.21678741 -0.79689062
0.30478913 0.83459336 0.45886549 0.44922471 0.29885644 -0.84195131
0.30316052 0.83500111 0.45920244 0.45853990 0.29460311 -0.83842129
0.22879244 0.86850482 0.43971977 0.39523050 0.32992420 -0.85728812
-0.65123200 -0.25625306 0.71430480 0.17441076 0.86552739 0.46951371
-0.64813852 -0.25915936 0.71606767 0.14414078 0.88156289 0.44952241
-0.68383336 -0.23376524 0.69117707 0.18156824 0.86296856 0.47150642
-0.73416400 -0.14862186 0.66250646 0.27275619 0.82899725 0.48822910
-0.65510368 -0.25147107 0.71246159 0.17071348 0.86933154 0.46380991
-0.59231400 -0.28933915 0.75196207 0.19008715 0.85676545 0.47939527
0.21090363 0.87830538 0.42906797 0.47962815 0.28948957 -0.82834333
-0.46518314 -0.32576543 0.82309276 0.11473148 0.89979225 0.42096397
-0.44561648 -0.32122236 0.83560884 0.03561276 0.92630798 0.37508035
-0.61056048 -0.27978528 0.74090225 0.20421964 0.84826028 0.48861939
-0.63757050 -0.26575351 0.72310364 0.12632707 0.88984823 0.43841949
0.21353616 0.87095606 0.44253576 0.14161637 0.42060289 -0.89612395
0.22665349 0.78862834 0.57157111 -0.29085055 0.61487019 -0.73303521
0.34108874 0.78845036 0.51186383 0.35821524 0.39441377 -0.84623855
0.39124280 0.76277494 0.51488203 0.42736822 0.34490299 -0.83570230
0.44464847 0.72583485 0.52483481 0.46851152 0.31092665 -0.82693511
0.48958427 0.68644601 0.53767937 0.46718717 0.31414911 -0.82646632
0.47847426 0.69678473 0.53437203 0.32695770 0.42342445 -0.84487301
0.46050963 0.71071547 0.53180301 0.48516876 0.30017167 -0.82128453
0.48368818 0.69012219 0.53830957 0.45924002 0.32346323 -0.82732719
0.54034454 0.63692707 0.54986513 0.48157546 0.30178621 -0.82280630
0.56127310 0.61402732 0.55492616 0.46871087 0.31678513 -0.82459527
0.66727376 0.47209489 0.57608348 0.50203639 0.28626385 -0.81609595
0.61661398 0.54648560 0.56669283 0.46735811 0.32516387 -0.82209790
0.64218956 0.52460879 0.55890805 0.33835688 0.46025208 -0.82078171
0.58435380 0.58267701 0.56481689 0.25183323 0.53144449 -0.80879343
0.59634966 0.57104862 0.56415474 0.20832185 0.56862354 -0.79578227
0.59571606 0.57275128 0.56309718 0.19350627 0.57807827 -0.79270482
0.52796263 0.62653327 0.57333374 0.05392347 0.64899904 -0.75887585
0.41576463 0.71204591 0.56580079 0.26322979 0.50127923 -0.82427496
0.44012994 0.69614857 0.56715322 0.13797660 0.57168651 -0.80878735
0.49860385 0.67257410 0.54684401 0.29068658 0.46459195 -0.83645427
0.53229433 0.64379972 0.54971325 0.30056748 0.46331978 -0.83366293
0.57504928 0.60285103 0.55307233 0.38511139 0.39698020 -0.83312422
0.50367695 0.67000997 0.54534042 0.05639844 0.60441077 -0.79467404
0.35049874 0.76085287 0.54612601 0.19748643 0.50996476 -0.83721870
0.36947703 0.75439727 0.54256016 0.25949109 0.47688422 -0.83978921
0.36996213 0.75610065 0.53985178 0.11718789 0.53846097 -0.83446199
0.42743909 0.72879326 0.53493577 0.30560151 0.44040045 -0.84418905
0.38044864 0.68152863 0.62512213 -0.14548032 0.71164113 -0.68731540
0.51221251 0.64013064 0.57260036 0.16661550 0.57997209 -0.79741567
0.57783586 0.59105414 0.56281501 0.26129603 0.51932400 -0.81365049
0.69826084 0.46460313 0.54458779 0.23876570 0.56603867 -0.78904450
0.69139743 0.47068900 0.54810715 0.24476503 0.56118405 -0.79067218
0.70919806 0.44833374 0.54409105 0.26813471 0.54222757 -0.79629964
0.76263165 0.37866133 0.52441257 0.28652674 0.52909362 -0.79872549
0.76789045 0.37006751 0.52287126 0.30404222 0.50788969 -0.80598164
0.76840997 0.36109298 0.52835399 0.35828984 0.44134390 -0.82270533
0.76035827 0.36993119 0.53385985 0.39627957 0.38700730 -0.83257902
0.72684211 0.41965744 0.54368037 0.41795585 0.35788205 -0.83500499
0.70889431 0.43262023 0.55705345 0.45468959 0.32346290 -0.82983685
0.63366276 0.52647537 0.56682914 0.47521797 0.31326449 -0.82221246
0.63873172 0.51753449 0.56936789 0.48922175 0.29798183 -0.81967610
0.63434237 0.52271938 0.56953859 0.51468349 0.26414514 -0.81567663
0.61230016 0.55323511 0.56481814 0.45672891 0.33562452 -0.82386589
0.56231529 0.61501098 0.55277765 0.34801450 0.43038577 -0.83285892
0.47063962 0.69928366 0.53805274 0.32382703 0.43035820 -0.84257221
0.33280647 0.78686082 0.51970178 0.37146795 0.39716297 -0.83920991
0.08557859 0.85661268 0.50881338 -0.08264922 0.51503026 -0.85317820
0.03508424 0.90527195 0.42338154 -0.01008791 0.42394155 -0.90563339
-0.52181894 -0.31339905 0.79340166 0.00804660 0.92821980 0.37194535
-0.41691959 -0.33761129 0.84391749 -0.01753289 0.93127429 0.36389679
-0.43645164 -0.31611902 0.84236497 -0.05784963 0.94416678 0.32434937
-0.37224668 -0.33077264 0.86719197 0.01196513 0.93255150 0.36083880
-0.28645226 -0.36974186 0.88387567 -0.00594652 0.92320329 0.38426614
-0.23170651 -0.38548633 0.89314747 0.01748876 0.91633469 0.40003118
0.14352182 0.87888873 0.45492426 0.31933087 0.39396781 -0.86186844
0.20104946 0.85445958 0.47903860 0.27103609 0.42141041 -0.86542052
0.23192912 0.84411818 0.48339775 0.25761959 0.42590040 -0.86731833
0.30149025 0.78962219 0.53441596 0.12143422 0.52413243 -0.84293473
0.40490779 0.72732621 0.55411750 0.01389271 0.60105473 -0.79908717
0.17098272 0.86261022 0.47609717 0.04130847 0.47651190 -0.87819707
0.02805893 0.88410938 0.46643689 0.03621301 0.46541527 -0.88435137
-0.08232265 0.88802946 0.45235682 0.02031636 0.45529848 -0.89010704
-0.23017454 0.91206640 0.33934429 0.00933526 0.35076067 -0.93641865
-0.14915843 -0.35538706 0.92274147 -0.15533292 0.93001592 0.33307967
-0.21530502 -0.34200254 0.91470104 -0.18632966 0.93384773 0.30530256
