0.97631669 -0.20389716 0.07233024 0.02539528 -0.22400692 -0.97425663
0.96901298 -0.23608731 0.07264125 0.08652645 0.04898171 -0.99504471
0.99092853 -0.12300946 0.05412311 0.04832981 -0.04960415 -0.99759895
-0.00734684 -0.12057113 -0.99267751 -0.99325156 0.11578579 -0.00671232
0.00141551 -0.21971157 -0.97556388 -0.99193609 0.12332608 -0.02921414
-0.00316968 -0.30966058 -0.95084190 -0.99466020 0.09906228 -0.02894586
0.00039736 -0.27234820 -0.96219873 -0.99195790 0.12167607 -0.03484979
-0.02423574 -0.25705484 -0.96609288 -0.99751312 0.07019439 0.00634687
-0.02643917 -0.24670960 -0.96872878 -0.99721861 0.07406288 0.00835487
-0.02875991 -0.20258592 -0.97884208 -0.99832350 0.05503034 0.01794296
-0.02340853 -0.11675323 -0.99288505 -0.99908084 0.03840628 0.01903841
-0.02734650 -0.15186463 -0.98802298 -0.99880910 0.04410188 0.02086634
-0.02969857 -0.17859060 -0.98347515 -0.99851358 0.05028760 0.02102090
-0.02575731 -0.10333427 -0.99431312 -0.99863291 0.04791615 0.02088952
0.99746341 -0.04936477 0.05128290 0.04919998 -0.04252365 -0.99788332
-0.03533893 0.10007364 -0.99435228 -0.99916708 -0.02385133 0.03310961
-0.05143986 -0.05142598 -0.99735111 -0.99859697 0.01522520 0.05071905
-0.06364886 -0.03825169 -0.99723905 -0.99765229 -0.02286878 0.06455243
-0.07938322 -0.16461384 -0.98315847 -0.99561924 -0.03578654 0.08638120
-0.10045252 0.08280635 -0.99149001 -0.99344152 -0.06305482 0.09538408
0.98539239 0.10168977 -0.13660526 -0.13472527 -0.02516362 -0.99056339
-0.16344123 0.10792527 -0.98063201 -0.97943139 -0.13697007 0.14816661
-0.19550388 0.24967007 -0.94838977 -0.97501737 -0.15346408 0.16059245
-0.18725465 0.19219011 -0.96332687 -0.96585387 -0.21478310 0.14489518
-0.19201982 0.19587773 -0.96164459 -0.96033818 -0.23937741 0.14300010
0.89065164 0.38212153 -0.24641992 -0.33669025 0.19003189 -0.92224056
0.86491412 0.42740193 -0.26315632 -0.25544104 -0.07649449 -0.96379381
0.85708821 0.43692631 -0.27293804 -0.33049843 0.05993102 -0.94190186
0.92241001 0.30378148 -0.23848818 -0.23929049 -0.03516908 -0.97031093
0.80917633 0.51638639 -0.28031906 -0.20763282 -0.19499928 -0.95857388
0.82496518 0.49167433 -0.27872732 -0.20727000 -0.19561185 -0.95852762
0.82262772 0.49368358 -0.28206408 -0.21810110 -0.18415166 -0.95839459
0.83529204 0.48045757 -0.26729721 -0.18974940 -0.20438017 -0.96032494
0.95676655 0.21166858 -0.19948488 -0.15770337 -0.19876203 -0.96727628
0.95738006 0.22592415 -0.17994913 -0.16495129 -0.08375373 -0.98273927
0.97685438 0.14417002 -0.15802059 -0.14504975 -0.09649459 -0.98470777
0.96864951 0.18726939 -0.16324313 -0.17196673 0.03121161 -0.98460823
0.98023480 0.12753567 -0.15124299 -0.13601190 -0.12072880 -0.98332363
-0.12201306 -0.19079317 -0.97401792 -0.97991562 -0.13279544 0.14876418
0.98211056 0.11803501 -0.14671952 -0.13312097 -0.11587189 -0.98430306
-0.09754924 -0.13689142 -0.98577124 -0.98980582 -0.08993363 0.11043734
-0.09765870 -0.12246884 -0.98765594 -0.98968923 -0.09252811 0.10933319
-0.08372026 -0.21220192 -0.97363305 -0.99311095 -0.06261979 0.09904300
-0.08445178 -0.19926602 -0.97629964 -0.99383992 -0.05372186 0.09693386
-0.08609905 -0.20404744 -0.97516751 -0.99368221 -0.05313951 0.09885285
-0.08844922 -0.21425840 -0.97276419 -0.99355048 -0.05058634 0.10148124
-0.12996997 -0.30768800 -0.94256884 -0.98875099 -0.03075037 0.14637601
-0.13999386 -0.31012896 -0.94033068 -0.98732340 -0.02801518 0.15622966
-0.14305310 -0.26854974 -0.95258433 -0.98405236 -0.06421730 0.16588271
-0.14714646 -0.26792330 -0.95213711 -0.97500783 -0.12270759 0.18520984
-0.16269715 -0.22241995 -0.96127993 -0.97302210 -0.12535085 0.19368808
-0.15389653 -0.32113808 -0.93444431 -0.98561269 -0.01699260 0.16816340
-0.15324740 -0.33084640 -0.93115842 -0.98643982 -0.00480668 0.16405332
-0.15807052 -0.32708943 -0.93167925 -0.98574412 -0.00280555 0.16822819
-0.17538543 -0.29956305 -0.93781763 -0.98407441 0.02534165 0.17594135
-0.18503915 -0.25833240 -0.94816923 -0.98269898 0.04083240 0.18065283
-0.18992367 -0.17582329 -0.96592712 -0.98158157 0.05470191 0.18304460
-0.19078809 -0.16933438 -0.96691561 -0.98145211 0.05172312 0.18459819
-0.19207537 -0.11222902 -0.97494191 -0.98108965 -0.00221177 0.19354117
-0.19197240 -0.11527172 -0.97460717 -0.98121864 0.00343427 0.19286850
-0.20989400 -0.04166481 -0.97683603 -0.97768235 -0.00029567 0.21008845
0.97353202 0.03930569 -0.22514561 -0.22515851 -0.00415572 -0.97431332
0.97326368 0.05123238 -0.22390418 -0.22331792 -0.01696827 -0.97459793
-0.22054674 0.12872209 -0.96684527 -0.96991897 -0.13365629 0.20345338
0.96915340 0.10422264 -0.22333701 -0.21681197 -0.07036340 -0.97367430
0.96583384 0.13354054 -0.22210817 -0.22471535 0.00458595 -0.97441369
0.93112218 0.28148571 -0.23189946 -0.22768013 -0.04808530 -0.97254801
0.96358186 0.12565072 -0.23605514 -0.23624840 -0.01357717 -0.97159785
0.95881051 0.13936204 -0.24750870 -0.22660527 -0.15010357 -0.96235079
-0.17250389 -0.21313623 -0.96167326 -0.97224557 -0.11981507 0.20095503
-0.16444987 -0.24161601 -0.95633572 -0.97016793 -0.13546774 0.20105405
-0.14372347 -0.33481187 -0.93125969 -0.97933912 -0.08715715 0.18247895
-0.14346935 -0.32276595 -0.93554193 -0.98466134 -0.04828802 0.16766159
-0.14298059 -0.34519643 -0.92757535 -0.98955542 0.03248382 0.14044562
-0.14567693 -0.28729042 -0.94670081 -0.98258883 -0.06952087 0.17229646
-0.13936709 -0.35803068 -0.92325014 -0.98700380 0.12555020 0.10030328
-0.13797548 -0.35872284 -0.92319053 -0.98635644 0.13427711 0.09524009
-0.14719054 -0.26351500 -0.95335972 -0.98783451 -0.00973477 0.15520392
-0.14610684 -0.29107898 -0.94547647 -0.98738205 -0.01609167 0.15753664
-0.14679070 -0.33611605 -0.93031102 -0.98326844 -0.05298048 0.17428820
-0.15263645 -0.32484552 -0.93336892 -0.98314524 -0.04626037 0.17687677
-0.16607234 -0.23703520 -0.95720130 -0.98165810 -0.05242994 0.18329895
-0.17621806 -0.18788147 -0.96625453 -0.97801268 -0.07779962 0.19349003
-0.16448604 -0.23895429 -0.95699799 -0.98150122 -0.05672237 0.18286064
-0.14262262 -0.35614675 -0.92348158 -0.98535115 -0.03704741 0.16646534
-0.14768527 -0.23841460 -0.95986855 -0.98698914 -0.02685552 0.15852852
-0.17340665 -0.19701336 -0.96494347 -0.97920752 -0.07024333 0.19031164
-0.18861791 -0.11800046 -0.97493547 -0.97730547 -0.07491933 0.19814421
-0.18059868 -0.15236217 -0.97168404 -0.98236710 -0.02063655 0.18582012
-0.19143637 -0.11220122 -0.97507083 -0.98134440 0.03985550 0.18808191
0.95512271 -0.08641343 -0.28332564 -0.28033751 0.04520453 -0.95883656
-0.26550964 0.42668372 -0.86454940 -0.95375502 0.01482002 0.30021957
0.94161755 -0.12512349 -0.31257093 -0.30437991 0.08045135 -0.94914722
0.91082448 0.22617808 -0.34531480 -0.31936783 -0.14390370 -0.93664080
0.95275956 -0.09328771 -0.28904435 -0.28487635 0.05556090 -0.95695275
0.95476264 -0.07753871 -0.28708199 -0.28152600 0.07521862 -0.95660090
-0.26477090 0.32285401 -0.90865928 -0.95524591 0.04109014 0.29294527
-0.26593214 0.40749323 -0.87362999 -0.92652947 0.14214471 0.34833622
-0.24889041 0.40092590 -0.88165301 -0.96426588 -0.01723266 0.26437560
-0.23782547 0.40295523 -0.88377953 -0.96707809 -0.01341158 0.25412622
-0.24389288 0.32144845 -0.91497940 -0.96963429 -0.06327319 0.23623247
-0.23711099 0.33393776 -0.91228503 -0.97145700 -0.07468776 0.22515121
-0.22235358 0.09770580 -0.97005802 -0.97156954 -0.10518497 0.21210565
0.97046804 0.07287327 -0.22995917 -0.23224606 0.02452287 -0.97234792
-0.23733374 0.16725165 -0.95692199 -0.97133666 -0.02733608 0.23613104
0.96884388 0.14063096 -0.20387389 -0.21036062 0.03275614 -0.97707504
-0.19042759 0.13144134 -0.97286201 -0.97325456 -0.15499645 0.16956319
-0.21446133 0.30416864 -0.92816365 -0.97533870 -0.11743983 0.18687534
-0.22617778 0.49443525 -0.83927196 -0.97406107 -0.10862958 0.19850618
-0.23634602 0.47953686 -0.84509462 -0.97099739 -0.08422992 0.22376195
-0.24037310 0.39672977 -0.88590425 -0.96967757 -0.05666335 0.23772816
-0.22185645 0.71425509 -0.66379166 -0.96893120 -0.08516123 0.23220655
-0.25467050 0.44685990 -0.85758919 -0.96139294 -0.02139914 0.27434584
-0.21977654 0.72965151 -0.64753920 -0.94415587 0.00794658 0.32940334
-0.26575911 0.59672713 -0.75715840 -0.93496764 0.03188363 0.35329729
-0.20233890 0.80913407 -0.55168921 -0.95590198 -0.04073348 0.29084730
-0.21769258 0.75667304 -0.61648667 -0.96700275 -0.08156174 0.24135764
-0.26667833 0.86226028 -0.43056929 -0.94730037 -0.15223013 0.28186527
-0.22856618 0.67835808 -0.69827491 -0.96795857 -0.08173885 0.23743424
-0.22850722 0.67381018 -0.70268369 -0.97132969 -0.10916138 0.21119292
-0.22064339 0.66842985 -0.71029443 -0.97367024 -0.10817099 0.20066215
-0.20899622 0.72478896 -0.65650707 -0.97592527 -0.11176436 0.18729293
-0.19326535 0.83975750 -0.50740105 -0.98035103 -0.14445953 0.13432549
-0.18593940 0.81091726 -0.55483305 -0.98125088 -0.12409968 0.14746535
-0.18200663 0.79088777 -0.58426887 -0.98219419 -0.11809012 0.14611395
-0.13691466 0.79405433 -0.59222645 -0.98380768 -0.17880505 -0.01229808
-0.13405201 0.86536306 -0.48288396 -0.98708862 -0.15971054 -0.01219006
-0.12508057 0.86777300 -0.48096246 -0.98823994 -0.15194711 -0.01714476
-0.12108098 0.96142036 -0.24700260 -0.99256015 -0.11405414 0.04261561
-0.10506257 0.99001473 0.09398230 -0.99443877 -0.10528392 -0.00261406
-0.12671261 0.98381370 0.12670660 -0.99183035 -0.12755580 -0.00147015
-0.13155571 0.88395184 0.44868949 -0.99108809 -0.10773211 -0.07834659
-0.13256051 0.74143517 0.65780056 -0.98205495 -0.00842651 -0.18840665
-0.10773012 0.82621890 0.55295253 -0.98481393 -0.01252004 -0.17316107
-0.14253604 0.88780159 0.43759790 -0.98957109 -0.11853161 -0.08184911
-0.14354569 0.95360345 0.26464167 -0.97982085 -0.09936208 -0.17343095
-0.18422534 0.88679576 0.42385650 -0.96380043 -0.07842269 -0.25483048
0.96559697 0.09395771 0.24247579 -0.13581954 0.97737598 0.16213964
-0.19728690 0.97100389 -0.13501582 -0.97517943 -0.18025662 0.12857947
-0.20841376 0.96723437 -0.14498799 -0.97803378 -0.20667160 0.02714602
-0.20607130 0.97852039 -0.00570872 -0.97853595 -0.20607615 -0.00026530
0.97490060 0.21927366 0.03857444 -0.21868752 0.97561270 -0.01886079
0.97479892 0.21918927 0.04151163 -0.21747915 0.97515857 -0.04205538
-0.20743318 0.97773969 -0.03156955 -0.97768682 -0.20611180 0.04057700
-0.18809181 0.95368791 0.23473576 -0.97173113 -0.21542566 0.09659436
-0.17527193 0.93433899 0.31030700 -0.96377897 -0.22718960 0.13969627
0.95355749 0.20792001 -0.21793906 -0.15208063 0.95688123 0.24748708
0.94336945 0.21892919 -0.24924704 -0.15185159 0.95296210 0.26230603
0.93698621 0.22526090 -0.26704767 -0.14610314 0.94697565 0.28616595
0.92881870 0.23110309 -0.28963295 -0.16328207 0.95695621 0.23994538
0.93303978 0.22897215 -0.27750418 -0.13312827 0.93631333 0.32495269
0.93157685 0.23098210 -0.28073472 -0.12275787 0.92672127 0.35513118
0.92454547 0.23883502 -0.29694033 -0.11880405 0.92103994 0.37090567
0.90333986 0.25049859 -0.34817752 -0.14608824 0.94289392 0.29934806
0.91174304 0.23158067 -0.33925673 -0.20401318 0.97215194 0.11532267
0.91279322 0.22811261 -0.33878186 -0.20171943 0.97305453 0.11168798
0.91414744 0.22151656 -0.33950689 -0.19552343 0.97457623 0.10941608
0.94541383 0.21766195 -0.24252023 -0.19883871 0.97493041 0.09986942
0.91207743 0.22665593 -0.34167528 -0.20539428 0.97379094 0.09769516
0.88968700 0.22591156 -0.39676329 -0.24889112 0.96850866 -0.00664853
0.88152212 0.22759733 -0.41366449 -0.20608306 0.97375536 0.09659363
0.95989519 0.20936926 -0.18645597 -0.17986713 0.97004551 0.16327778
0.88851523 0.21774077 -0.40389308 -0.29225379 0.94714367 -0.13231257
0.88641274 0.21773881 -0.40848789 -0.29218373 0.94763416 -0.12891123
0.87570661 0.21121426 -0.43419641 -0.25529426 0.96581239 -0.04507066
0.89788252 0.21483745 -0.38425502 -0.27397627 0.95590502 -0.10574834
-0.28434452 0.93148094 -0.22691733 -0.91418976 -0.19213448 0.35684934
0.91137183 0.18633726 -0.36698771 -0.27396518 0.94006121 -0.20304680
-0.24966665 0.94427180 -0.21451685 -0.92911536 -0.17119628 0.32777530
0.92492127 0.20784020 -0.31831294 -0.25426203 0.96068209 -0.11153798
-0.27502832 0.93115973 -0.23937640 -0.91554737 -0.17765208 0.36085024
-0.28046584 0.91066223 -0.30336970 -0.93375945 -0.18564478 0.30598927
-0.28666374 0.90414876 -0.31676325 -0.92791790 -0.17979008 0.32656384
-0.23127195 0.88407421 -0.40611100 -0.95609355 -0.12930201 0.26299468
-0.25653723 0.62822270 -0.73452365 -0.95864391 -0.06847370 0.27624851
-0.20034349 0.85829645 -0.47242954 -0.97020555 -0.10674750 0.21749985
-0.19836064 0.85352451 -0.48181844 -0.97625726 -0.12840386 0.17445412
-0.20100062 0.87136686 -0.44756958 -0.97244269 -0.12239330 0.19843192
-0.21068163 0.86223894 -0.46060529 -0.96765077 -0.11704494 0.22350053
-0.20855731 0.79215586 -0.57357913 -0.96708333 -0.07961450 0.24168453
-0.20626226 0.74807829 -0.63074148 -0.97058940 -0.07463371 0.22887999
-0.24555425 0.69296658 -0.67786467 -0.94663644 -0.02082171 0.32163036
-0.21797533 0.87643009 -0.42936823 -0.95882672 -0.11025103 0.26171765
-0.22951870 0.90191138 -0.36589220 -0.94896805 -0.12382628 0.29004604
-0.26825598 0.91339016 -0.30619794 -0.92785925 -0.15949804 0.33710182
-0.30783293 0.89556283 -0.32125705 -0.90800905 -0.17567563 0.38033894
-0.32106766 0.89174765 -0.31890702 -0.90299553 -0.18673715 0.38694745
-0.30175522 0.91739041 -0.25949687 -0.88955104 -0.17299967 0.42281219
-0.30514956 0.91714841 -0.25636435 -0.88755649 -0.17633399 0.42561701
0.94866741 0.18771759 -0.25454336 -0.19200645 0.98136008 0.00812549
0.95642650 0.17592825 -0.23301871 -0.11869549 0.96343791 0.24020575
0.91038042 0.22179516 -0.34930563 -0.25167623 0.96690017 -0.04199000
0.88765198 0.23375906 -0.39677542 -0.17830077 0.96884370 0.17190327
0.89828736 0.25404975 -0.35852295 -0.14360300 0.94085002 0.30688685
0.90425181 0.25663468 -0.34127313 -0.08614013 0.89243978 0.44286695
0.89747214 0.26988605 -0.34886292 -0.06193626 0.86022097 0.50614607
-0.10479096 0.83173287 0.54519653 -0.92196053 -0.28677508 0.26028621
0.02308959 0.62888962 0.77715176 -0.88448501 -0.34949321 0.30909669
-0.02971087 0.69329679 0.72003955 -0.84437346 -0.40291962 0.35311365
-0.10599571 0.78087819 0.61562508 -0.90060782 -0.33783054 0.27345210
-0.05998994 0.73043144 0.68034637 -0.89415759 -0.34229279 0.28864849
-0.07549955 0.74551266 0.66220140 -0.92521816 -0.30002537 0.23228458
0.05275821 0.51969671 0.85272032 -0.92215031 -0.30233487 0.24131410
-0.02236093 0.63396925 0.77303493 -0.94987530 -0.25464717 0.18136099
0.01879890 0.54235733 0.83993763 -0.94879419 -0.25527856 0.18607149
-0.07952641 0.75486922 0.65103614 -0.93137068 -0.28904060 0.22136912
-0.10291287 0.80356544 0.58625215 -0.93716592 -0.27585575 0.21359697
-0.11398122 0.81614846 0.56648922 -0.92517895 -0.29497299 0.23881951
-0.09921135 0.78868026 0.60674590 -0.91904879 -0.30637258 0.24796200
-0.10373233 0.81378496 0.57183361 -0.94066262 -0.26703957 0.20938902
-0.14028044 0.88045573 0.45290080 -0.94760007 -0.25198513 0.19636081
-0.14293236 0.88610727 0.44089025 -0.95207274 -0.24481091 0.18337157
-0.14480570 0.89020526 0.43193287 -0.96228158 -0.22831318 0.14794365
-0.11211786 0.83057725 0.54550076 -0.95159912 -0.24783233 0.18176445
-0.10137627 0.80436039 0.58542907 -0.96661681 -0.21883228 0.13328353
-0.14115685 0.89391482 0.42543054 -0.96834111 -0.21404366 0.12845533
-0.14326403 0.88635713 0.44028011 -0.96970046 -0.21466398 0.11662064
-0.12655488 0.88035274 0.45712462 -0.98032147 -0.18138203 0.07791245
-0.10995159 0.84821421 0.51811522 -0.97874874 -0.18317772 0.09217826
-0.10442314 0.82842690 0.55027699 -0.97683650 -0.18934779 0.09968882
-0.06877091 0.74095339 0.66802597 -0.97691476 -0.18577161 0.10548215
-0.00415377 0.56004256 0.82845348 -0.96869570 -0.20789288 0.13568068
-0.00819486 0.46845031 0.88345182 -0.98329890 -0.16440934 0.07805701
-0.00616249 0.27746466 0.96071613 -0.99816865 0.05610948 -0.02260772
-0.00798008 0.28637162 0.95808542 -0.99773443 0.06172473 -0.02675984
-0.00339215 0.40804985 0.91295338 -0.93453825 0.32358155 -0.14809902
0.00063779 0.07446539 0.99722344 -0.99999982 0.00030886 0.00061651
0.00448694 -0.07075559 0.99748361 -0.99995583 -0.00856023 0.00389085
0.05786442 0.37457564 0.92538905 -0.99086654 0.13463968 0.00745975
-0.99427629 0.04734975 0.09577413 -0.09514536 0.01536467 -0.99534482
-0.12697327 0.89589268 0.42573953 -0.98369247 -0.16885462 0.06194626
-0.10620950 0.94905192 0.29668161 -0.99392045 -0.09262280 -0.05952493
-0.08028173 0.95988739 0.26864684 -0.99559659 -0.09030595 0.02514573
-0.15610066 0.97110218 0.18053600 -0.98638362 -0.16283947 0.02303494
-0.15130582 0.98654163 0.06198554 -0.98759985 -0.14821632 -0.05175451
-0.14379516 0.98906577 0.03273872 -0.98932719 -0.14288840 -0.02854206
-0.10543431 0.98054624 -0.16556807 -0.98500824 -0.12583837 -0.11799779
-0.10256107 0.95474148 -0.27919534 -0.97786689 -0.14822711 -0.14766546
-0.16078828 0.87891328 -0.44906417 -0.96205473 -0.24118778 -0.12758979
-0.18326063 0.90167457 -0.39166141 -0.96494401 -0.24113196 -0.10362601
-0.13469154 0.66905284 -0.73090798 -0.89272380 -0.40203461 -0.20350040
-0.26446816 0.80628699 -0.52911043 -0.89827853 -0.40559626 -0.16907798
0.98610860 0.15583126 0.05750201 -0.15137112 0.98561597 -0.07515272
-0.17147112 0.97440010 0.14540350 -0.98406345 -0.17645282 0.02198831
-0.18816511 0.97120720 0.14611796 -0.98036200 -0.19467621 0.03148837
-0.09887233 0.80944586 0.57881069 -0.96640325 -0.21678704 0.13808805
0.01325837 0.52843428 0.84887069 -0.95480096 -0.24542585 0.16769400
0.07907251 0.47506431 0.87639117 -0.91824329 -0.30750620 0.24953811
-0.06363986 0.72736251 0.68329620 -0.92229587 -0.30440396 0.23813565
0.01009093 0.62142432 0.78340924 -0.89772141 -0.33945632 0.28083056
0.05447411 0.55881828 0.82749909 -0.88111371 -0.36297813 0.30312628
0.91662318 0.23744519 -0.32159263 -0.15223208 0.95120019 0.26840928
0.90340912 0.24818331 -0.34965271 -0.13490410 0.93856651 0.31763795
0.90184617 0.25454313 -0.34911507 -0.13611782 0.93427050 0.32956120
-0.11225832 0.80453610 0.58319789 -0.89295387 -0.33915302 0.29598761
0.90002143 0.25452980 -0.35380226 -0.14193517 0.93867576 0.31423277
0.91959172 0.24363115 -0.30821225 -0.09733263 0.90132648 0.42206284
-0.14486265 0.88991046 0.43252063 -0.94501233 -0.25397104 0.20603521
0.92602938 0.23054548 -0.29886189 -0.17262851 0.96281135 0.20783094
-0.14399263 0.89035976 0.43188611 -0.96238291 -0.22760931 0.14836812
-0.18531284 0.95942742 0.21250448 -0.97689152 -0.20329881 0.06597457
-0.20263898 0.96848726 -0.14480962 -0.97665083 -0.21065280 -0.04217287
0.95836830 0.20870028 -0.19487038 -0.18099315 0.97186685 0.15071958
0.96233153 0.21930389 -0.16069807 -0.22520144 0.97412252 -0.01922606
-0.23705769 0.94705629 -0.21653648 -0.93205601 -0.15884914 0.32563573
-0.21169448 0.93502676 -0.28444755 -0.97394353 -0.17759860 0.14104185
-0.19355410 0.95202714 -0.23702556 -0.97104412 -0.15141343 0.18478972
-0.13621226 0.89494163 -0.42488316 -0.98994642 -0.10645985 0.09312562
-0.17177597 0.85344213 -0.49206665 -0.98187619 -0.10771946 0.15593499
-0.20917898 0.75984937 -0.61552668 -0.97479898 -0.11212195 0.19286190
-0.22631197 0.58051199 -0.78216916 -0.97397560 -0.12461596 0.18932129
-0.19590317 0.56801373 -0.79936379 -0.98009694 -0.08670863 0.17858250
-0.19271559 0.54610103 -0.81525117 -0.97938401 -0.15832552 0.12545931
-0.17795476 0.62389284 -0.76097953 -0.98243690 -0.15674797 0.10123190
-0.14786363 0.48235875 -0.86340398 -0.98883098 -0.05559907 0.13828225
-0.14994855 0.63133091 -0.76087892 -0.97685874 -0.21332245 0.01551036
-0.13840869 0.65019691 -0.74705219 -0.97946608 -0.20151740 0.00607806
0.88149440 0.46213618 -0.09694196 -0.21417326 0.20833445 -0.95432001
0.91693449 0.38219166 -0.11472014 -0.12230441 -0.00448099 -0.99248254
-0.13730286 0.77968508 -0.61093295 -0.98965245 -0.13392448 0.05150025
-0.12404997 0.68818361 -0.71485311 -0.98802191 -0.15230243 0.02483313
-0.09730339 0.94020826 -0.32640544 -0.97878021 -0.14982565 -0.13979141
-0.16463633 0.30528671 -0.93792057 -0.97326863 -0.20465882 0.10422605
-0.17868729 0.78771257 -0.58955896 -0.98337162 -0.12323357 0.13339359
-0.15438606 0.17713289 -0.97200251 -0.97465342 -0.18852670 0.12045094
-0.15481611 0.18303156 -0.97084057 -0.97634518 -0.17848007 0.12204523
-0.17390758 0.43405584 -0.88394099 -0.98438638 -0.10141651 0.14386910
0.97673339 0.01995428 -0.21352698 -0.21373624 0.00899368 -0.97685003
-0.24217288 0.37790143 -0.89361221 -0.96622121 -0.01026415 0.25750962
-0.23345615 -0.07408600 -0.96954089 -0.97178221 -0.01680859 0.23528022
-0.23822123 0.04258345 -0.97027701 -0.97101188 0.00978263 0.23883106
0.93155831 -0.20101871 -0.30296969 -0.22538213 0.33461034 -0.91500759
0.95017946 -0.11787337 -0.28855646 -0.29501325 -0.04121739 -0.95460379
-0.18846215 -0.22922692 -0.95495397 -0.98195958 0.02872503 0.18689661
-0.18742932 -0.22771157 -0.95551962 -0.97437733 -0.08002933 0.21020028
-0.18932028 -0.17892139 -0.96547657 -0.98111421 0.07418182 0.17863931
-0.15746769 -0.32795110 -0.93147838 -0.98594779 -0.00106445 0.16705060
-0.14387950 -0.35842881 -0.92240316 -0.98256707 -0.05914874 0.17624815
-0.18465015 -0.22750998 -0.95610851 -0.97487849 -0.08090082 0.20752582
-0.14602305 -0.25373450 -0.95618832 -0.98691452 -0.02945464 0.15853146
-0.12750497 -0.29075119 -0.94826490 -0.99091709 -0.00384592 0.13441926
-0.08233453 -0.25508276 -0.96340746 -0.99660295 0.01922853 0.08008030
-0.07409318 -0.26339287 -0.96183908 -0.99701291 -0.00152417 0.07722011
-0.05390079 -0.24504063 -0.96801335 -0.99753046 -0.03050371 0.06326599
-0.03721568 -0.50602549 -0.86171526 -0.99521232 0.09675233 -0.01383478
-0.03178718 -0.61144942 -0.79064482 -0.99867630 -0.01257435 0.04987534
-0.08558384 -0.18306363 -0.97936875 -0.99327821 -0.06121302 0.09824128
-0.08722323 -0.17730647 -0.98028290 -0.99202585 -0.07440720 0.10172633
0.94457430 0.25876912 -0.20203458 -0.16305210 -0.16435784 -0.97283119
0.95185590 0.24957611 -0.17799512 -0.17410736 -0.03775433 -0.98400271
0.82754910 0.48623785 -0.28059804 -0.24808991 -0.13161977 -0.95975399
-0.18647067 0.18211289 -0.96543443 -0.96485299 -0.21915361 0.14501873
0.96051884 0.21779615 -0.17311379 -0.12411488 -0.22143896 -0.96724367
0.98486185 0.09927724 -0.14209542 -0.13369587 -0.08670475 -0.98722225
-0.08436035 -0.04633930 -0.99535722 -0.99559557 -0.03708214 0.08610693
-0.02994084 -0.16839507 -0.98526478 -0.99944842 0.01921388 0.02708795
-0.02778475 -0.21445391 -0.97633886 -0.99876064 0.04630502 0.01825188
-0.02118550 -0.35076961 -0.93622214 -0.99749553 0.07062282 -0.00388786
0.95548552 0.25843424 -0.14233461 -0.09437957 -0.18934925 -0.97736347
0.00153062 -0.28841561 -0.95750415 -0.99841774 0.05338205 -0.01767556
0.00941907 -0.34302929 -0.93927753 -0.99490982 0.09102948 -0.04322141
0.00920416 -0.37774795 -0.92586273 -0.99906075 0.03573320 -0.02451083
0.01719073 -0.28144687 -0.95942283 -0.99635828 0.07532725 -0.03994980
0.03812032 -0.28350371 -0.95821321 -0.99576038 0.06955557 -0.06019324
0.03615871 -0.27963790 -0.95942444 -0.99691093 0.05688746 -0.05415216
0.03562927 -0.34799373 -0.93681961 -0.99283183 0.09468815 -0.07293268
0.03294801 -0.40699083 -0.91283786 -0.96150327 -0.26221025 0.08220249
0.02480977 -0.40837228 -0.91247827 -0.99008864 -0.13625188 0.03405848
0.06153832 -0.32763633 -0.94279766 -0.99030465 0.09781791 -0.09863240
0.07804783 -0.21007910 -0.97456414 -0.98796254 0.11466370 -0.10383800
0.07531805 -0.24520013 -0.96654236 -0.99137342 0.08585539 -0.09903350
0.98713684 -0.14179234 0.07386324 0.06698374 -0.05269938 -0.99636137
0.99096978 -0.10375207 0.08493802 0.09396654 0.08547328 -0.99189949
0.99428886 -0.06421930 0.08523855 0.08742107 0.03197382 -0.99565822
0.99482352 -0.05620147 0.08466229 0.08208147 -0.04674550 -0.99552876
0.09355280 -0.25493431 -0.96242219 -0.98866355 0.09023770 -0.12000650
0.10031597 -0.22654869 -0.96882010 -0.99437326 0.01048284 -0.10541317
0.10345158 -0.21141377 -0.97190642 -0.99436247 0.00086830 -0.10603073
0.11238285 0.04876548 -0.99246764 -0.99364078 0.01249740 -0.11190161
0.11328624 0.13415143 -0.98446411 -0.99330103 -0.00743428 -0.11531623
0.99172366 0.09550466 0.08580861 0.09320886 -0.07592439 -0.99274755
0.10327103 -0.19848248 -0.97464859 -0.99431473 -0.04616396 -0.09595373
0.10432938 -0.19207011 -0.97581995 -0.99422133 -0.04508812 -0.09742211
0.10309564 -0.25594786 -0.96117741 -0.99448371 -0.00774780 -0.10460494
0.10116072 -0.27577367 -0.95588464 -0.99381715 0.01618277 -0.10984384
0.06234389 -0.33209994 -0.94118166 -0.99373573 0.06698039 -0.08945940
0.99582803 -0.03379891 0.08476013 0.08549264 0.02084815 -0.99612069
0.44817141 -0.47437966 -0.75769812 -0.80367392 0.15736137 -0.57388645
0.07685421 -0.20647168 -0.97542959 -0.99381953 0.06273359 -0.09158214
0.06333182 -0.32373765 -0.94402492 -0.99249226 0.07874363 -0.09358717
0.94744116 -0.31886360 -0.02610225 -0.02639262 0.00341069 -0.99964583
0.01157449 -0.34132379 -0.93987453 -0.99538064 0.08565586 -0.04336474
-0.02137274 -0.21756077 -0.97581279 -0.99720526 0.07452784 0.00522506
0.99149573 -0.11662387 0.05775036 0.05616767 -0.01681484 -0.99827975
0.00379691 -0.24876039 -0.96855766 -0.98685354 0.15556271 -0.04382272
