0.65483826 0.71871585 -0.23373993 -0.04413947 -0.27237663 -0.96117777
-0.71684396 -0.62506622 0.30891269 -0.23171410 0.63144535 0.73999017
-0.78711385 -0.56672388 0.24346654 -0.29940480 0.69614780 0.65248382
0.24159285 -0.64376950 -0.72608101 -0.88292807 -0.45625830 0.11075363
0.87941259 0.46088105 -0.11925679 0.08187616 -0.39319977 -0.91580033
0.24080169 -0.60509050 -0.75886762 -0.89687836 -0.43757659 0.06431112
-0.02563461 -0.29879504 -0.95397300 -0.97458971 -0.20495354 0.09038235
-0.02273627 -0.32573846 -0.94518650 -0.97999293 -0.17972612 0.08551233
0.04206461 -0.74673009 -0.66379571 -0.99194729 -0.11065200 0.06161729
0.02649455 -0.67304265 -0.73912901 -0.99240714 -0.10654706 0.06144710
0.04520230 -0.89772129 -0.43823883 -0.99720943 -0.06663960 0.03365203
-0.03462509 -0.71639818 -0.69683194 -0.99716961 0.07132602 -0.02378012
-0.02354477 -0.71744829 -0.69621384 -0.99748272 0.06345254 -0.03165466
-0.06211655 -0.07240538 -0.99543911 -0.99588847 -0.06139502 0.06661028
-0.04235940 -0.27817351 -0.95959640 -0.99818701 -0.02932414 0.05256356
-0.03519348 -0.20155761 -0.97884423 -0.99783939 0.06146073 0.02322081
-0.04238288 -0.35818440 -0.93268842 -0.99488747 -0.07051890 0.07229099
-0.07225806 -0.13391763 -0.98835462 -0.99131644 -0.09951345 0.08595822
0.98193640 0.16474876 -0.09305250 -0.10287116 0.05208590 -0.99333006
0.95845318 0.27385360 -0.07982346 -0.09824629 0.05420826 -0.99368465
0.97978854 0.17750271 -0.09223521 -0.09049080 -0.01791570 -0.99573618
0.95560837 0.28068370 -0.08960668 -0.08818857 -0.01770569 -0.99594647
0.90858197 0.40690970 -0.09435787 -0.04854542 -0.12149929 -0.99140370
0.88512766 0.45604864 -0.09256740 -0.08658715 -0.03404289 -0.99566251
0.93280095 0.34277463 -0.11130150 -0.08941475 -0.07905984 -0.99285173
0.90277207 0.41083372 -0.12735136 -0.09699687 -0.09399967 -0.99083591
0.85460383 0.50122213 -0.13575271 -0.06999288 -0.14785430 -0.98652935
0.90251666 0.41185960 -0.12583876 -0.05804288 -0.17320634 -0.98317373
0.78619212 0.58844239 -0.18877937 0.02983299 -0.34125993 -0.93949544
0.74934995 0.62944484 -0.20560639 0.04758564 -0.36088780 -0.93139446
0.94987166 0.30098432 -0.08457088 -0.09164901 0.00944778 -0.99574655
0.97234851 0.21823816 -0.08312896 -0.10254848 0.07920102 -0.99157000
0.96145582 0.25778556 -0.09565201 -0.08388089 -0.05630594 -0.99488372
0.11886626 -0.86073327 -0.49498391 -0.95189887 -0.24058188 0.18976006
0.11847528 -0.85351378 -0.50742286 -0.95068753 -0.24501568 0.19015945
0.07048219 -0.91871530 -0.38858008 -0.99062097 -0.11017905 0.08081230
0.07955938 -0.98066127 -0.17881221 -0.99510729 -0.08867554 0.04356830
0.07453796 -0.98082423 -0.18007776 -0.99577236 -0.08292685 0.03950420
0.05595594 -0.95938140 -0.27650729 -0.99836540 -0.05699333 -0.00428971
0.04907053 -0.95631021 -0.28820658 -0.99852973 -0.05362476 0.00792320
0.07396939 -0.79807514 -0.59800053 -0.99311322 -0.00431861 -0.11707915
0.03431757 -0.93785340 -0.34533086 -0.99137485 0.01178553 -0.13052605
0.03508037 -0.93740481 -0.34647021 -0.99037611 0.01383534 -0.13770901
0.01780652 -0.99486738 -0.09960826 -0.99689412 -0.01002188 -0.07811367
-0.99969178 -0.02402939 0.00624504 -0.02404765 0.99970675 -0.00286576
0.03273533 -0.96977270 0.24180438 -0.99843657 -0.02076280 0.05189716
0.08209416 -0.73980755 0.66779143 -0.97866857 0.06677742 0.19429033
0.08578838 -0.80992734 0.58022243 -0.99631244 -0.06892154 0.05110210
0.09253721 -0.80707854 0.58314759 -0.98895431 -0.14260083 -0.04042717
0.09974950 -0.85152245 0.51474231 -0.99469602 -0.09838668 0.02999944
0.10427535 -0.93892235 0.32795039 -0.99353611 -0.08346861 0.07693479
0.11868146 -0.94804561 0.29516813 -0.99248600 -0.12217861 0.00663617
0.13938342 -0.93586677 0.32361346 -0.98890972 -0.14847787 -0.00345437
-0.99096459 -0.12543009 0.04750295 -0.12456958 0.99199551 0.02067375
0.14383326 -0.95312536 0.26620308 -0.97492260 -0.18263756 -0.12715927
0.09593636 -0.72017008 0.68713272 -0.96338373 -0.24081852 -0.11789099
0.12406887 -0.77142054 0.62411320 -0.86833012 -0.38880271 -0.30795324
0.01235832 -0.64177901 0.76679009 -0.86210173 -0.39534199 -0.31699425
0.08434591 -0.72235698 0.68635720 -0.84891421 -0.41277075 -0.33009842
-0.81456578 -0.14074218 -0.56273824 0.18145725 0.85960686 -0.47764981
-0.73613715 -0.19785948 -0.64726645 0.08747095 0.92048621 -0.38085949
-0.72305137 -0.20527039 -0.65959138 0.12395187 0.90078121 -0.41620812
-0.68235195 -0.21901846 -0.69744307 -0.13009946 0.97521609 -0.17896327
-0.67163104 -0.22224322 -0.70676714 -0.05150954 0.96564746 -0.25469941
-0.71175927 -0.21375592 -0.66910923 -0.05400430 0.96640551 -0.25128460
-0.70870960 -0.21821599 -0.67090428 -0.05775311 0.96571535 -0.25309774
-0.81582391 -0.19142343 -0.54569995 -0.17367245 0.98116827 -0.08453813
-0.94326234 -0.17377512 -0.28294596 -0.12179061 0.97379762 -0.19205545
-0.97327888 -0.16082606 -0.16390021 -0.14210255 0.98252034 -0.12025273
-0.97388095 -0.15949248 -0.16161081 -0.13982683 0.98205298 -0.12657189
0.13579603 -0.98068357 0.14078104 -0.98687410 -0.14642955 -0.06810197
-0.96666747 -0.14337657 -0.21212544 -0.10875687 0.97998071 -0.16676246
0.13418116 -0.96726924 0.21537346 -0.99095684 -0.13098414 0.02911599
0.13205659 -0.98976195 0.05415146 -0.99020028 -0.12921664 0.05297606
-0.97115898 -0.17297585 0.16410246 -0.16034858 0.98318321 0.08740243
0.14189480 -0.92401630 -0.35504887 -0.96527088 -0.20864348 0.15722644
-0.87059969 -0.21075331 0.44456643 -0.13265856 0.97069430 0.20038521
-0.86633027 -0.21833469 0.44922370 -0.03095782 0.92114073 0.38799664
-0.90275836 -0.19574238 0.38303050 -0.05218899 0.93372589 0.35416418
-0.92200834 -0.17501149 0.34535727 -0.15606228 0.98432368 0.08216776
0.17755175 -0.97580487 0.12759417 -0.98409647 -0.17533347 0.02850281
0.18590526 -0.94273114 0.27694279 -0.96169305 -0.11678874 0.24800590
-0.87271518 -0.07009510 0.48317176 -0.25405759 0.91029686 -0.32682490
0.08129633 -0.65446818 0.75170636 -0.91200286 -0.35307866 -0.20877334
0.07488474 -0.58269870 0.80923080 -0.99291599 -0.11864363 0.00645150
0.10005912 -0.72686112 0.67945647 -0.95431912 -0.26333559 -0.14117177
0.02219239 -0.38741148 0.92163974 -0.98516715 -0.16537462 -0.04579318
0.08646976 -0.64592445 0.75848842 -0.97392380 -0.21509844 -0.07214662
0.09338552 -0.64542556 0.75809300 -0.98905635 -0.14749102 -0.00373427
0.09802788 -0.48695356 0.86790943 -0.99444634 -0.01436471 0.10426033
0.09087500 -0.75650489 0.64764351 -0.99525607 -0.09167985 0.03256055
0.08987867 -0.70999664 0.69844580 -0.99459338 -0.02735787 0.10017776
0.07172477 -0.86998206 0.48783898 -0.99230450 -0.01274600 0.12316363
0.04070741 -0.88296753 0.46766582 -0.96044105 0.09447331 0.26196903
0.09549563 -0.77181011 0.62864125 -0.95551938 0.10595634 0.27523825
0.11663109 -0.72540021 0.67837441 -0.95660579 0.10159222 0.27310145
0.06901042 -0.83944041 0.53905237 -0.92124861 0.15371518 0.35731319
-0.86030585 0.26141608 0.43764773 -0.02390493 0.83687395 -0.54687345
0.04096023 -0.89358675 0.44701803 -0.94934052 0.10470502 0.29629281
0.04180762 -0.89013505 0.45377499 -0.99133778 0.01963974 0.12986062
-0.90166247 0.09125709 0.42270210 -0.01775969 0.96884102 -0.24704599
0.03213686 -0.99785370 0.05705524 -0.99921960 -0.03338768 -0.02110653
-0.99834025 -0.00128480 -0.05757719 -0.00452155 0.99841380 0.05612082
-0.97741860 -0.01023365 -0.21106453 0.03208778 0.98005593 -0.19611414
0.03875873 -0.97408372 0.22284226 -0.98087090 -0.07966150 -0.17761287
-0.03545682 -0.81389320 0.57993156 -0.89530885 -0.23196326 -0.38028306
-0.10224900 -0.71905482 0.68739027 -0.94402152 -0.14772893 -0.29495686
-0.02223980 -0.83039933 0.55672473 -0.89773995 -0.22847250 -0.37664750
-0.74498212 -0.03244438 -0.66629499 0.21899781 0.93156385 -0.29022196
-0.78929269 -0.00481287 -0.61399829 0.17614301 0.95616537 -0.23392618
-0.81103128 0.01038477 -0.58491069 0.26460800 0.89822775 -0.35095525
-0.70529926 -0.07982677 -0.70440090 0.31535405 0.85458243 -0.41260242
-0.84696627 0.01948454 -0.53128952 0.18015307 0.95072371 -0.25232786
-0.98396027 -0.00582825 -0.17829286 0.01558614 0.99283516 -0.11847156
0.04129891 -0.98338979 0.17674536 -0.99692136 -0.05235731 -0.05836575
-0.89975876 0.09289265 0.42638627 -0.03490674 0.95862985 -0.28250745
-0.88272679 0.08453213 0.46222049 0.06188160 0.99603087 -0.06397828
-0.84365469 0.07952547 0.53096384 0.08294448 0.99640149 -0.01744525
-0.89529979 0.07874304 0.43844944 0.05998207 0.99659908 -0.05650208
-0.93598866 0.04690792 0.34889081 -0.02714391 0.97851515 -0.20438060
-0.79593217 0.10218068 0.59670019 -0.03158912 0.97729999 -0.20949213
0.02164053 -0.98470140 0.17290141 -0.99441642 -0.00333392 0.10547508
-0.99756527 0.00069006 -0.06973606 0.00030580 0.99998474 0.00552071
0.04630286 -0.98398775 -0.17211695 -0.99892735 -0.04551287 -0.00853534
-0.99279094 -0.10298070 0.06132884 -0.09873574 0.99274373 0.06863809
-0.99323994 -0.10356550 0.05242774 -0.10334615 0.99462163 0.00688516
0.16546303 -0.91121489 -0.37723926 -0.95193666 -0.24753886 0.18039161
-0.95705283 -0.10896494 0.26865685 -0.09663305 0.99358481 0.05874770
0.83501524 0.52885437 -0.15186407 0.03801695 -0.33079591 -0.94293624
