-0.49129400 0.14564785 -0.85872984 -0.20505530 0.93886608 0.27655527
-0.38550574 0.13225085 -0.91317856 0.05604069 0.99120390 0.11989282
-0.55678880 0.11227612 -0.82303119 -0.01924873 0.98881292 0.14791368
-0.32891774 0.09900022 -0.93915504 0.13855354 0.98878700 0.05570691
-0.34028688 0.10040974 -0.93494534 0.29573458 0.95525688 -0.00504575
-0.32716092 0.09643920 -0.94003469 0.32414380 0.94587630 -0.01577349
-0.45081523 0.08108310 -0.88892704 0.37867185 0.91918486 -0.10819863
-0.43515903 0.07349363 -0.89734906 0.24820499 0.96783537 -0.04109763
-0.55219990 0.09677085 -0.82807654 0.23201314 0.97184205 -0.04114557
-0.56259567 0.09250595 -0.82154053 0.21564375 0.97574002 -0.03780515
-0.61911434 0.09501051 -0.77953225 0.27316597 0.95671898 -0.10034557
-0.58098012 0.08012511 -0.80996424 0.12600647 0.99199915 0.00774946
-0.68418461 0.07922767 -0.72499275 0.08052739 0.99621022 0.03287180
-0.73136747 0.07337688 -0.67802471 0.02074681 0.99612874 0.08542355
-0.72764444 0.07390682 -0.68196148 0.02849522 0.99657738 0.07759893
-0.68044585 0.06512756 -0.72989857 0.21758260 0.96907973 -0.11637150
-0.72434431 0.06447426 -0.68641710 0.19806604 0.97310764 -0.11760724
-0.70781451 0.05885979 -0.70394188 0.11138278 0.99335623 -0.02893649
-0.77493650 0.05315787 -0.62979972 -0.10953321 0.97008419 0.21665442
-0.73693997 0.06196250 -0.67311233 -0.04970656 0.98812640 0.14538068
-0.68746138 0.07137377 -0.72270513 -0.00027093 0.99513346 0.09853630
-0.71531665 0.07567445 -0.69469094 -0.15184553 0.95353347 0.26022470
-0.74143195 0.06521388 -0.66785169 -0.20237759 0.92719179 0.31521216
-0.73025334 0.07169904 -0.67940378 -0.21057282 0.92243725 0.32367992
-0.76089352 0.05558636 -0.64649147 -0.20103031 0.92710811 0.31631851
-0.73823184 0.08643152 -0.66898686 -0.23401864 0.89734477 0.37417608
-0.78020161 0.05881909 -0.62275666 -0.22573921 0.90200585 0.36800453
-0.77493030 0.06511107 -0.62868398 -0.22264473 0.90280187 0.36793768
-0.76303154 0.08360432 -0.64093161 -0.21483304 0.90242153 0.37347317
-0.78266639 0.07089933 -0.61839044 -0.19518359 0.91542715 0.35198936
-0.83172095 0.04403562 -0.55344480 -0.10029821 0.96853060 0.22779140
-0.77963322 0.04947567 -0.62427896 0.03213325 0.99872160 0.03902145
-0.84740508 0.04699341 -0.52886325 -0.02016995 0.99250722 0.12051018
-0.89470202 0.03790990 -0.44505182 0.01936239 0.99874693 0.04614929
-0.88473690 0.03917583 -0.46444145 0.07011329 0.99630898 -0.04952309
-0.92348701 0.04158946 -0.38136879 0.10992888 0.98110694 -0.15920071
-0.93080258 0.03600442 -0.36374483 0.10129143 0.98157167 -0.16204056
-0.91467267 0.03465496 -0.40270701 0.03756020 0.99929416 0.00068342
-0.91466361 0.03260155 -0.40289912 -0.00789420 0.99511141 0.09844328
-0.90501773 0.03628353 -0.42382354 0.02067589 0.99893010 0.04136783
-0.92708308 0.03172204 -0.37351125 0.00063285 0.99654394 0.08306498
-0.95249051 0.03061244 -0.30302608 0.01928136 0.99900097 0.04031517
-0.96457189 0.03995006 -0.26077789 0.05091846 0.99807388 -0.03543781
-0.95718777 0.04498114 -0.28595155 0.07707321 0.99179626 -0.10198026
-0.97979492 0.01805992 -0.19918776 -0.01462120 0.98678237 0.16139041
-0.96479434 0.02917161 -0.26138273 -0.03860120 0.96736133 0.25044385
-0.93186849 0.03308991 -0.36128408 -0.04590573 0.97707325 0.20789561
-0.93306255 0.03231749 -0.35825962 -0.04460628 0.97787374 0.20438491
-0.91079712 0.02377409 -0.41216928 -0.10376576 0.95311129 0.28427380
-0.91585916 0.01668160 -0.40115297 -0.12450716 0.93808115 0.32326746
0.06212009 -0.91073447 -0.40829378 -0.95706350 0.06169835 -0.28323644
0.22546488 -0.87875432 -0.42066202 -0.89444894 -0.01555985 -0.44689929
0.20288695 -0.91028565 -0.36085588 -0.88972181 -0.01746902 -0.45616877
0.24066076 -0.87266791 -0.42489195 -0.86144274 0.00965875 -0.50776285
-0.83268625 0.03357621 -0.55272627 -0.24547480 0.87234229 0.42280138
-0.82009733 0.04877695 -0.57014149 -0.20921166 0.90182161 0.37808514
-0.76933378 0.07996470 -0.63382280 -0.21319097 0.90312552 0.37271172
-0.84783149 0.03587464 -0.52905083 -0.15639019 0.93641341 0.31412113
-0.84999382 0.04109434 -0.52518737 -0.13997881 0.94349384 0.30037540
-0.89198756 0.03332124 -0.45083028 -0.09559224 0.96082503 0.26014882
0.03777296 -0.93824643 -0.34389961 -0.97350729 0.04311448 -0.22455469
-0.93249744 0.03254802 -0.35970712 -0.04855874 0.97559112 0.21415886
-0.88018614 0.03728176 -0.47316220 -0.06256321 0.97909808 0.19352724
-0.92902642 0.03635260 -0.36822340 0.10069685 0.98244089 -0.15706702
-0.86499596 0.04750149 -0.49952546 0.08616509 0.99478310 -0.05460936
-0.84019876 0.06519587 -0.53834516 0.17637435 0.97162449 -0.15760078
-0.84573090 0.07129925 -0.52882487 0.20095262 0.96062911 -0.19185877
-0.82447135 0.04812107 -0.56385404 0.00566293 0.99702972 0.07680927
-0.84044254 0.04838271 -0.53973645 -0.03585224 0.98885953 0.14446950
-0.78478670 0.05618537 -0.61721396 -0.05274374 0.98621482 0.15683931
-0.77435899 0.05751471 -0.63012725 -0.03773925 0.98988932 0.13672943
-0.69134623 0.07753057 -0.71835196 -0.09539664 0.97572726 0.19711897
-0.69344640 0.07538453 -0.71655381 -0.10327077 0.97384405 0.20239305
-0.72988796 0.05721579 -0.68116814 0.08736607 0.99612665 -0.00994361
-0.56391901 0.09276862 -0.82060313 0.02249961 0.99502760 0.09702542
-0.55831134 0.10564862 -0.82287723 -0.17417893 0.95482600 0.24076754
-0.58644623 0.12009623 -0.80103546 -0.20517041 0.93467021 0.29033893
-0.55591685 0.13660270 -0.81993669 -0.22143897 0.92642188 0.30447882
-0.57427710 0.13225882 -0.80790687 -0.22850756 0.92174464 0.31332269
-0.51034313 0.14645730 -0.84740794 -0.06228232 0.97650909 0.20627871
-0.44268569 0.16020094 -0.88225001 -0.08396818 0.97218090 0.21866342
-0.59551322 0.12499041 -0.79356247 -0.15242849 0.95229691 0.26437891
0.68628395 -0.08643553 0.72217959 0.44936520 -0.73035514 -0.51444381
-0.63998038 0.11057405 -0.76039374 -0.11076953 0.96597898 0.23369807
-0.58809018 0.12862334 -0.79850245 -0.21793778 0.92555505 0.30959833
-0.59527600 0.12423375 -0.79385918 -0.21877247 0.92559278 0.30889595
-0.62679636 0.11147412 -0.77116787 -0.21318339 0.92741537 0.30733305
-0.66570222 0.09829311 -0.73971552 -0.19271426 0.93501347 0.29767618
-0.69479311 0.08537583 -0.71412432 -0.21940427 0.92043763 0.32350627
-0.73954332 0.06253196 -0.67019808 -0.16150509 0.95010507 0.26686430
-0.74027079 0.06143044 -0.66949642 -0.13808888 0.96069217 0.24083611
-0.75598371 0.05544726 -0.65223783 -0.18819369 0.93592870 0.29769212
-0.68912154 0.09433696 -0.71847898 -0.19864865 0.92891496 0.31249917
-0.62810147 0.11054713 -0.77023888 -0.22349669 0.92251873 0.31465611
-0.65268022 0.09993791 -0.75101334 -0.23266913 0.91692215 0.32422039
-0.64473933 0.10815449 -0.75671256 -0.16116717 0.94845283 0.27287805
-0.46316695 0.15969089 -0.87176555 -0.18875834 0.94329089 0.27307981
-0.49658081 0.14751674 -0.85536331 -0.21678433 0.93314463 0.28678501
-0.48904756 0.14296597 -0.86046106 -0.21303995 0.93702340 0.27676925
-0.44622424 0.16051343 -0.88040870 -0.17877242 0.94796646 0.26343897
-0.60945344 0.11355767 -0.78464723 -0.22997795 0.92181468 0.31203833
-0.48618948 0.13073786 -0.86401820 -0.14241734 0.96367073 0.22595596
-0.69205552 0.07978240 -0.71742177 -0.09868832 0.97408348 0.20352393
-0.71326983 0.07701774 -0.69664514 -0.15860298 0.95042574 0.26746237
-0.77096134 0.05358130 -0.63462412 0.00328169 0.99677575 0.08017105
-0.72897404 0.05263657 -0.68251473 0.08552913 0.99622989 -0.01452043
-0.87623173 0.03532548 -0.48059353 0.02600531 0.99932265 0.02604045
-0.85171324 0.04294366 -0.52224565 -0.06031172 0.98197919 0.17910744
-0.82575804 0.05035597 -0.56177211 -0.03103976 0.99044001 0.13440663
-0.83610123 0.04921686 -0.54636300 -0.09557672 0.96766514 0.23342952
-0.81970555 0.03686709 -0.57159758 -0.23674412 0.88689053 0.39670834
-0.71341395 0.07824371 -0.69636095 -0.15195434 0.95282722 0.26273599
-0.69727778 0.09141108 -0.71094853 -0.23845038 0.90576684 0.35032532
-0.53583139 0.15555726 -0.82987148 -0.22199461 0.92234379 0.31622839
-0.76761097 0.05076846 -0.63890225 -0.16873062 0.94568467 0.27786791
-0.74760419 0.06295891 -0.66115367 -0.10250080 0.97263134 0.20852317
-0.69504547 0.12039382 -0.70881397 0.33663955 0.92562753 -0.17288028
-0.62632215 0.10138579 -0.77294338 0.29202947 0.94982332 -0.11204693
-0.55563647 0.08882748 -0.82666671 0.38257709 0.91007733 -0.15935555
-0.72819078 0.07131854 -0.68165386 0.02191731 0.99648577 0.08084447
-0.69829166 0.07722704 -0.71163529 -0.05598143 0.98522639 0.16184904
-0.64952302 0.08813901 -0.75521606 -0.06866261 0.98240095 0.17370629
-0.56111002 0.09831651 -0.82188171 0.04811824 0.99511617 0.08618846
-0.54019761 0.10144611 -0.83540124 0.02538784 0.99422020 0.10431552
-0.48919213 0.10515963 -0.86581320 0.03600369 0.99429333 0.10042213
-0.42889929 0.10656638 -0.89704466 0.13124824 0.98983181 0.05483618
-0.49348176 0.10559274 -0.86332262 0.14513557 0.98868316 0.03796497
-0.53467470 0.09127448 -0.84011424 0.28609863 0.95499349 -0.07832646
-0.31083277 0.09941689 -0.94525093 0.31055659 0.95055252 -0.00214776
-0.44805652 0.10601566 -0.88769704 0.16859573 0.98514748 0.03255688
-0.46181941 0.11975720 -0.87885219 -0.01442286 0.98969829 0.14244060
-0.25977981 0.12854801 -0.95707363 0.06080165 0.99131101 0.11664308
-0.44272617 0.16420195 -0.88149381 -0.19286296 0.94264060 0.27245671
