0.74642193 -0.53674680 0.39339200 0.53005219 0.83695179 0.13622189
0.65275413 -0.51815820 0.55265194 0.49830583 0.84315062 0.20196119
0.58784330 -0.48924598 0.64426595 0.57364285 0.81364059 0.09446137
0.43453974 -0.52842009 0.72934735 0.28900439 0.84878403 0.44276658
0.58901256 -0.50342554 0.63216054 0.56646717 0.81510627 0.12131256
0.64308268 -0.51573271 0.56609583 0.57828003 0.81165415 0.08252093
0.54438454 -0.52643657 0.65307742 0.24290495 0.84412694 0.47796118
0.41551703 -0.53677821 0.73431247 0.36765894 0.83753163 0.40418771
0.45471910 -0.54370958 0.70541519 0.40056354 0.83225870 0.38326794
0.65476358 -0.53337586 0.53553236 0.63477898 0.77266604 -0.00655191
0.67027646 -0.52733886 0.52215242 0.60563803 0.79532266 0.02577710
0.38624957 -0.53016901 0.75480604 0.50798607 0.80529827 0.30568761
0.66677368 -0.54744548 0.50568408 0.62187368 0.78264165 0.02729890
0.71102720 -0.55060822 0.43734545 0.59770495 0.80088234 0.03655672
-0.72055691 0.48470503 -0.49584162 -0.62915319 -0.75763112 0.17367046
0.42443496 -0.54286391 0.72467500 0.18565056 0.83551180 0.51715958
0.56857598 -0.56379688 0.59904456 0.44105569 0.82362098 0.35653651
0.65155220 -0.53223139 0.54056406 0.58376455 0.80683291 0.09077308
0.61604321 -0.54812950 0.56572509 0.52622283 0.82079268 0.22223631
-0.67103148 0.49826241 -0.54904592 -0.67918968 -0.71008706 0.18568200
-0.74785274 0.52614832 -0.40482622 -0.60790974 -0.78779376 0.09913033
-0.76874536 0.44675267 -0.45764911 -0.63771421 -0.58970457 0.49554941
0.34986031 -0.55805552 0.75244397 0.01949696 0.80736852 0.58972538
0.50384676 -0.56196332 0.65599978 0.37356085 0.82650840 0.42111301
0.64795870 -0.52405834 0.55273181 0.57659322 0.81165057 0.09361436
0.66861409 -0.53784239 0.51349866 0.63791251 0.76972234 -0.02439737
-0.67495972 0.49917418 -0.54337335 -0.63853449 -0.76417643 0.09114878
0.69551146 -0.53613687 0.47835255 0.58554322 0.80876642 0.05510044
-0.78473163 0.43855578 -0.43802416 -0.61735797 -0.61613041 0.48913443
-0.75815064 0.48606250 -0.43468496 -0.65207398 -0.56236690 0.50847137
0.45852828 -0.56733149 0.68402249 0.36893380 0.82176697 0.43426597
0.54211485 -0.54659343 0.63823748 -0.02716361 0.74773526 0.66344112
0.64515829 -0.51205516 0.56707174 0.57314718 0.81513751 0.08398356
0.67236495 -0.54215127 0.50398147 0.63614219 0.77133983 -0.01892303
0.65854585 -0.53000641 0.53423834 0.64535534 0.76290381 -0.03865713
-0.64090991 0.46692699 -0.60927320 -0.64409608 -0.75890422 0.09594163
0.72170001 -0.55335045 0.41587538 0.57323253 0.81454176 0.08902934
-0.78679073 0.36818224 -0.49538088 -0.61491203 -0.53692037 0.57758099
-0.75489330 0.50497782 -0.41848952 -0.65579814 -0.57336020 0.49110776
-0.50178760 0.54280847 -0.67347473 0.14515063 -0.71471137 -0.68419218
0.61732543 -0.50741643 0.60119706 0.08685939 0.80348253 0.58895791
0.68420833 -0.52292556 0.50833827 0.49874866 0.84406543 0.19698580
0.64499563 -0.51116985 0.56805456 0.59547973 0.80207407 0.04561952
0.63092577 -0.49742979 0.59539604 0.63489431 0.77210146 -0.02772084
-0.71007288 0.53738600 -0.45498666 -0.70406753 -0.53339267 0.46880835
0.62416977 -0.49355611 0.60565215 0.62847054 0.77770889 -0.01391777
-0.64129788 0.49711734 -0.58447528 -0.73551148 -0.61523706 0.28373641
-0.74577427 0.50245446 -0.43744740 -0.66594940 -0.54429650 0.51014984
-0.48327643 0.55130583 -0.68007773 0.17379257 -0.70094210 -0.69171989
0.51398075 -0.51066214 0.68923724 0.12870216 0.84030569 0.52661383
0.61933142 -0.47248578 0.62704527 0.56709993 0.82153916 0.05891572
0.62948579 -0.48235479 0.60916460 0.60685879 0.79480648 0.00224853
-0.69846547 0.54077399 -0.46873191 -0.71564370 -0.52828711 0.45691022
-0.70407706 0.42459077 -0.56920850 -0.70840287 -0.47572303 0.52139533
0.60494113 -0.46960959 0.64304984 0.63842231 0.76868600 -0.03922799
-0.61451447 0.63865519 -0.46313232 -0.76667386 -0.34507361 0.54141992
-0.65240353 0.49241763 -0.57610297 -0.75681919 -0.46335343 0.46100807
-0.73641604 0.44653326 -0.50823176 -0.67497444 -0.43404540 0.59666926
-0.72991735 0.45943588 -0.50610220 -0.65725529 -0.26841441 0.70425081
-0.34235638 0.61466932 -0.71061504 0.25093010 -0.66903228 -0.69959271
0.59867173 -0.47015151 0.64849812 -0.03970984 0.79119998 0.61026698
0.68747413 -0.41139814 0.59844041 0.20993523 0.90146190 0.37854165
0.56850296 -0.43257204 0.69977564 0.53749228 0.83925945 0.08213244
-0.71137947 0.54732996 -0.44087332 -0.68421471 -0.68268657 0.25649416
-0.65539557 0.50665218 -0.56014305 -0.75306064 -0.49523702 0.43317437
-0.72380674 0.46089184 -0.51350027 -0.68795174 -0.42469722 0.58851910
0.57760841 -0.44475114 0.68451804 0.63294762 0.77355385 -0.03149217
-0.58772010 0.49749634 -0.63803017 -0.79699761 -0.49169222 0.35076150
-0.62801981 0.58814770 -0.50958163 -0.77022117 -0.37626690 0.51495892
-0.63460898 0.50157428 -0.58795816 -0.77121741 -0.46017772 0.43984115
-0.65200216 0.49314526 -0.57593495 -0.75671476 -0.47101671 0.45334980
-0.05545372 0.69408971 -0.71774960 0.08892866 -0.71256536 -0.69594705
-0.60123396 0.42446545 -0.67701328 0.17518060 -0.75662112 -0.62994933
0.70817143 -0.36345789 0.60530287 0.12587865 0.90858048 0.39829159
0.55113328 -0.38713342 0.73917514 0.53472239 0.84391773 0.04329896
-0.71761388 0.56168771 -0.41174901 -0.67858487 -0.69694406 0.23193017
0.56194836 -0.42869279 0.70741546 0.63534093 0.77133197 -0.03726846
0.55273235 -0.42630932 0.71606380 0.58248752 0.81213331 0.03388005
-0.57501483 0.46741968 -0.67147362 -0.80139154 -0.48702097 0.34724948
-0.25859091 0.66114086 -0.70428944 0.30579939 -0.63556355 -0.70890462
-0.66362685 0.36634579 -0.65221953 0.25924450 -0.70521837 -0.65989339
0.62935609 -0.36695123 0.68502390 0.19180113 0.92757070 0.32066327
0.55493218 -0.37762079 0.74125087 0.53234285 0.84590852 0.03240256
-0.54729676 0.35621464 -0.75734890 -0.63926947 -0.76197541 0.10357627
-0.77735722 0.55148292 -0.30262589 -0.62566024 -0.72775394 0.28093314
-0.53273243 0.34317935 -0.77357882 -0.65429831 -0.74676663 0.11930401
0.55749053 -0.42849883 0.71105069 0.59616965 0.80269289 0.01630545
-0.57087606 0.45308605 -0.68469971 -0.80329883 -0.48063862 0.35170662
-0.56899184 0.45904779 -0.68229276 -0.80154073 -0.49502587 0.33538327
-0.27559361 0.66605103 -0.69312650 0.40282780 -0.57466406 -0.71238410
-0.64544886 0.38005260 -0.66253740 0.13995939 -0.79388207 -0.59174544
0.64230472 -0.36157644 0.67580110 0.15741193 0.92516530 0.34538496
0.50917143 -0.34824282 0.78706515 0.49412850 0.86703289 0.06396150
-0.55066717 0.36476541 -0.75080752 -0.64519614 -0.75668585 0.10558680
0.72878051 -0.51948917 0.44610542 0.54406261 0.83488768 0.08341745
-0.78543127 0.54139107 -0.29998904 -0.61701787 -0.72312474 0.31045085
-0.56706977 0.42297852 -0.70676810 -0.77088732 -0.57477444 0.27453077
0.49596536 -0.37087986 0.78515381 0.62453961 0.78056705 -0.02579546
-0.55869091 0.39934266 -0.72690439 -0.81629694 -0.41980237 0.39676839
-0.20471047 0.70100439 -0.68314457 0.32952300 -0.60783041 -0.72246581
-0.69666392 0.31048498 -0.64672911 0.37430197 -0.61174911 -0.69689393
0.63115340 -0.36442661 0.68471789 0.25563103 0.93116766 0.25996083
0.70551056 -0.32820952 0.62811893 -0.06989956 0.84975070 0.52253020
0.61234498 -0.36999992 0.69866568 0.29995888 0.92638004 0.22769433
0.46280810 -0.32202673 0.82589805 0.67979962 0.72688568 -0.09751827
0.48894060 -0.33375010 0.80594540 0.65708661 0.74858594 -0.08863595
0.72218710 -0.51259917 0.46442205 0.53754240 0.83846766 0.08955582
-0.82516527 0.52050388 -0.21949491 -0.56474578 -0.75130582 0.34147006
-0.54566407 0.37886781 -0.74746907 -0.71274018 -0.67894256 0.17617761
-0.51258975 0.33601734 -0.79015452 -0.77769828 -0.57172120 0.26138166
-0.50612521 0.31593695 -0.80250931 -0.65725303 -0.74377936 0.12169949
-0.55865884 0.42836845 -0.71021181 -0.82230169 -0.39784011 0.40687004
-0.07177460 0.74581289 -0.66227764 0.38304400 -0.59246385 -0.70870578
-0.72118127 0.29091030 -0.62870407 0.27162176 -0.71613461 -0.64294076
0.72688621 -0.33218306 0.60107481 0.10546814 0.91884810 0.38025612
-0.75318038 0.26138505 -0.60365325 0.23556018 -0.74963993 -0.61850744
0.53838444 -0.36908519 0.75757396 0.52378750 0.85079980 0.04226466
0.46663365 -0.32616249 0.82211381 0.67006463 0.73707962 -0.08790390
0.46592298 -0.31121281 0.82828885 0.61120731 0.79007638 -0.04695663
0.44257838 -0.30274507 0.84407926 0.63299030 0.77220857 -0.05493023
0.73395878 -0.51602435 0.44161451 0.53021616 0.84167135 0.10227481
-0.82606429 0.53375489 -0.18089649 -0.55927944 -0.73683089 0.37985095
-0.91302562 0.39549354 -0.09984560 -0.40763614 -0.87583250 0.25836062
-0.54432219 0.37186420 -0.75195110 -0.83021349 -0.36728829 0.41933876
-0.49139401 0.31859654 -0.81057274 -0.74412417 -0.63719237 0.20066169
-0.49875334 0.32271630 -0.80442476 -0.66252112 -0.74035454 0.11375850
-0.54627377 0.38939756 -0.74158925 -0.70265764 -0.69495261 0.15268642
-0.22666022 0.70459253 -0.67243928 0.25653994 -0.62283909 -0.73909318
-0.76705617 0.22922350 -0.59923404 0.39123413 -0.57312888 -0.72004110
0.70333457 -0.33934745 0.62463105 0.11308931 0.92092282 0.37297723
-0.76220417 0.25494668 -0.59501851 0.23380095 -0.74871415 -0.62029368
0.45840806 -0.35804725 0.81342745 0.55071658 0.83279711 0.05621632
0.41032359 -0.26461324 0.87270528 0.71142548 0.69159228 -0.12479606
0.81998080 -0.49108016 0.29406095 0.36341703 0.84356773 0.39537519
-0.80087358 0.45464003 -0.38974875 -0.58564627 -0.73047674 0.35131508
0.82789147 -0.49061421 0.27183363 0.51799554 0.85466409 -0.03507161
-0.84049422 0.44901401 -0.30324256 -0.51733875 -0.83139068 0.20285465
-0.53348988 0.34345078 -0.77293599 -0.82220566 -0.42495620 0.37866899
-0.49440089 0.32785493 -0.80503350 -0.77293271 -0.58952361 0.23459944
-0.10655005 0.71977937 -0.68597728 0.10528496 -0.67785883 -0.72761434
0.77791119 -0.38432524 0.49714008 0.23821953 0.91246855 0.33264479
0.90921199 -0.22239964 0.35195461 -0.05696968 0.77095503 0.63433647
-0.82065970 0.18689099 -0.53999025 0.33736327 -0.60425436 -0.72184670
0.53855824 -0.40522423 0.73874784 0.49833906 0.86016285 0.10852718
0.44899693 -0.35554132 0.81975126 0.56930459 0.82093590 0.04423365
-0.48975074 0.33552441 -0.80471587 -0.77658623 -0.58742082 0.22770731
0.81548762 -0.48931122 0.30911872 0.42507219 0.86882204 0.25389358
0.82735103 -0.48726881 0.27939126 0.34459305 0.83313799 0.43259302
0.81136990 -0.48722064 0.32294726 0.52638918 0.84924155 -0.04127115
-0.80437779 0.48467624 -0.34360641 -0.57931703 -0.76814651 0.27265880
-0.82858104 0.45095024 -0.33180937 -0.50442290 -0.85843915 0.09295058
0.81879395 -0.48388994 0.30891272 0.49055916 0.86924547 0.06135164
-0.52905178 0.32745862 -0.78286344 -0.81717002 -0.44530660 0.36597165
-0.47178236 0.15300474 -0.86833805 -0.85945857 -0.29968014 0.41415319
-0.08824299 -0.65996999 0.74609178 -0.32140484 0.72781646 0.60579050
0.71649331 -0.42182532 0.55560857 0.33049321 0.90666741 0.26216137
0.92379010 -0.21044002 0.31988582 0.02206931 0.86330473 0.50420022
0.93047392 -0.18304306 0.31735402 -0.11716475 0.67206985 0.73115969
0.86462224 -0.19017582 0.46503943 -0.26503104 0.61370015 0.74372762
0.50814736 -0.39444885 0.76563472 0.53083223 0.84347701 0.08224221
0.30741310 -0.21904296 0.92602235 0.70482635 0.70621514 -0.06693298
0.85550392 -0.46400571 0.22980815 0.31386259 0.81768560 0.48257694
0.84829354 -0.46933633 0.24519710 0.31361195 0.81839925 0.48152912
0.79395509 -0.49869174 0.34776711 0.33444107 0.83592701 0.43517268
-0.80629051 0.47220886 -0.35625061 -0.57344252 -0.77174330 0.27491099
-0.51990420 0.29000691 -0.80348969 -0.81864637 -0.43778777 0.37169886
0.80800003 -0.42035794 0.41283795 0.28905940 0.89339703 0.34392801
0.95856994 -0.15733497 0.23746462 0.00013374 0.83387482 0.55195367
0.95995373 -0.14592776 0.23915273 -0.01149165 0.83240461 0.55404925
0.93062770 -0.17094675 0.32358825 -0.10447931 0.72329831 0.68258601
0.93571985 -0.14842209 0.31999904 -0.09356199 0.77024776 0.63084435
0.50328785 -0.40139425 0.76523471 0.47085220 0.86993945 0.14664064
0.28798249 -0.20308846 0.93585324 0.87485087 0.45326227 -0.17084882
0.09011453 0.00800628 0.99589926 0.62741876 0.77612835 -0.06301185
0.84173447 -0.47216848 0.26180151 0.33963236 0.84003854 0.42306632
-0.75008529 0.42106995 -0.50997269 -0.55493569 -0.82019764 0.13900441
0.82926744 -0.41361302 0.37581903 0.25853708 0.88012880 0.39816070
0.94157869 -0.22586524 0.24982885 0.08144401 0.87247157 0.48183009
0.95656109 -0.16792028 0.23831445 0.01821618 0.85028487 0.52600753
0.95730793 -0.15107453 0.24645106 -0.01099351 0.83292061 0.55328333
0.86770165 -0.26951155 0.41768104 -0.14945780 0.65992981 0.73631179
-0.73240125 0.28798229 -0.61697221 0.17993414 -0.79206914 -0.58330983
0.44478172 -0.37591270 0.81293231 0.45942622 0.87490380 0.15320216
0.16397026 -0.10073046 0.98130894 0.63115621 0.77522367 -0.02588605
0.31925181 -0.25953510 0.91143829 0.86772996 0.46667439 -0.17105488
0.80587077 -0.48892799 0.33394879 0.36666641 0.85495234 0.36689562
0.61929286 -0.42907655 0.65754831 0.38589731 0.89567542 0.22101784
0.97730839 -0.11606040 0.17719586 0.00409403 0.84672695 0.53201205
0.90461051 -0.21938059 0.36544776 0.00787403 0.86583173 0.50027329
0.76161313 -0.33214509 0.55643976 -0.06683257 0.81382370 0.57725596
0.91148901 -0.20966506 0.35387614 -0.01871838 0.83829874 0.54488981
0.59594524 -0.30274567 0.74377042 -0.04833239 0.91100878 0.40954491
0.41161510 -0.36296704 0.83595932 0.46911335 0.87079936 0.14710924
0.20748104 -0.17061423 0.96324581 0.63080382 0.77594084 0.00156423
0.12969404 -0.09197579 0.98727906 0.91376787 0.39766955 -0.08298998
0.90273875 -0.41316918 -0.11980829 0.42965499 0.87982178 0.20324942
0.88340259 -0.23702309 0.40425226 -0.00632702 0.85654229 0.51603812
0.49138674 -0.32606483 0.80760187 -0.09748555 0.90085596 0.42303094
0.71029031 -0.26512226 0.65207207 -0.06337865 0.89850849 0.43435672
0.16794915 -0.13416372 0.97662342 0.67757785 0.73528749 -0.01551236
0.06488094 -0.02518587 0.99757516 0.78424519 0.61944228 -0.03536713
0.76810044 -0.32129583 0.55388701 0.00098133 0.86559284 0.50074762
0.44218782 -0.34130219 0.82944733 -0.14349867 0.88593751 0.44104758
0.66228706 -0.28237090 0.69400477 -0.02194236 0.91855872 0.39467514
0.69538236 -0.27175981 0.66527444 -0.06468474 0.89831376 0.43456689
0.06709073 -0.03555316 0.99711329 0.77123719 0.63587689 -0.02921979
0.74646306 -0.30950874 0.58906472 0.08167320 0.92116493 0.38050589
0.42656612 -0.34500229 0.83607107 -0.12363082 0.89347291 0.43176576
0.73148108 -0.29147002 0.61642575 0.00203489 0.90496248 0.42548668
0.08933754 -0.09315988 0.99163508 0.65877694 0.75225317 0.01132100
-0.31363839 0.29227400 -0.90344173 0.23743595 -0.89708394 -0.37264538
0.08254142 -0.10948092 0.99055588 0.69913405 0.71468997 0.02073321
0.36016849 -0.28199685 0.88924491 0.02301189 0.95561349 0.29372317
-0.42346406 0.21760170 -0.87939060 0.40544048 -0.82255501 -0.39877483
0.16725266 -0.23144026 0.95836419 0.77946544 0.62626070 0.01520745
-0.37866747 0.25260597 -0.89039385 0.24527501 -0.90024835 -0.35971251
0.30814058 -0.28684551 0.90706617 -0.01907413 0.95140630 0.30734709
-0.33990085 0.23825884 -0.90978020 0.42780480 -0.82232481 -0.37518665
-0.41087639 0.21176049 -0.88675714 0.62736410 -0.64006901 -0.44353801
0.04222348 -0.06558992 0.99695295 0.80446428 0.59397990 0.00500707
0.05934297 -0.20797618 0.97633213 0.30267963 0.93576026 0.18093628
-0.38250557 0.14244322 -0.91290718 0.68656468 -0.61739093 -0.38400176
-0.23705664 0.28715444 -0.92808759 0.30362695 -0.88556337 -0.35155118
-0.42416927 0.19640568 -0.88402790 0.65585184 -0.60651779 -0.44943804
-0.46563902 0.10087220 -0.87920707 0.82950038 -0.29646343 -0.47332719
-0.20916387 0.24201341 -0.94745976 0.26313370 -0.91922534 -0.29289150
-0.34411955 0.19159286 -0.91917026 0.55591798 -0.74734849 -0.36390308
-0.38633525 0.24425530 -0.88942927 0.66695470 -0.59210759 -0.45230526
-0.53909373 0.15968502 -0.82696956 0.81041324 -0.16904037 -0.56094187
-0.40191314 0.18381317 -0.89703876 0.78502440 -0.43514502 -0.44089174
-0.03468157 -0.30041036 0.95317930 -0.03884608 0.95343757 0.29907829
-0.17025052 0.29833746 -0.93915361 0.54178602 -0.76774603 -0.34210247
-0.36439452 0.14588255 -0.91974723 0.83409327 -0.38808879 -0.39201468
-0.23011450 0.47089356 -0.85164934 0.81299740 -0.38796699 -0.43418530
-0.74353820 0.06160742 -0.66584945 0.59759617 -0.38558245 -0.70299721
-0.54811168 0.12974215 -0.82628119 0.80584890 -0.18266867 -0.56324047
-0.41197193 0.13938768 -0.90047222 0.83645844 -0.33411187 -0.43440363
-0.40105018 0.15837745 -0.90226126 0.78223097 -0.45337275 -0.42727968
-0.17083173 0.25899827 -0.95065051 0.45813096 -0.83331519 -0.30935711
-0.31906039 0.16233532 -0.93372786 0.78707761 -0.50342417 -0.35647297
-0.36400086 0.13711379 -0.92125088 0.85276783 -0.34869793 -0.38884032
-0.74303281 0.06271944 -0.66630960 0.59818834 -0.38422838 -0.70323485
-0.74287963 0.07894224 -0.66475409 0.56927001 -0.44798976 -0.68937433
-0.59448034 0.08164570 -0.79995447 0.79432815 -0.09507569 -0.60000288
-0.54576862 0.10383844 -0.83147717 0.82843596 -0.08213106 -0.55402929
-0.40829808 0.14277597 -0.90161395 0.79307735 -0.43359795 -0.42780980
-0.02839498 0.29209229 -0.95596856 0.47548133 -0.83728349 -0.26995170
-0.18866211 0.34125137 -0.92084426 0.78487337 -0.51118046 -0.35024041
-0.29488939 0.18658920 -0.93713641 0.87998110 -0.32918587 -0.34244704
0.80267471 -0.04144508 0.59497529 -0.46738201 0.57599097 0.67066276
-0.72899365 0.10039546 -0.67711824 0.57507747 -0.44671583 -0.68536925
-0.59160131 0.09027749 -0.80116034 0.79552197 -0.09605896 -0.59826201
-0.62360722 0.07680776 -0.77795547 0.74351519 -0.24909630 -0.62059343
-0.54659867 0.11040694 -0.83008450 0.82643807 -0.08870510 -0.55599600
-0.05953121 0.27350527 -0.96002656 0.53179657 -0.80520338 -0.26237383
0.20695077 0.24611828 -0.94688815 0.33470711 -0.92725074 -0.16786088
-0.14602834 0.32750830 -0.93349558 0.80683511 -0.50658995 -0.30394703
-0.20668964 0.27781901 -0.93813431 0.92927653 -0.24427938 -0.27707893
-0.29178524 0.15571359 -0.94372386 0.90713239 -0.26778609 -0.32465610
-0.59397298 0.11334144 -0.79646087 0.78498453 -0.13500524 -0.60462636
-0.61329138 0.10927665 -0.78226107 0.74559224 -0.24679562 -0.61901879
-0.52383798 0.19995528 -0.82801676 0.83245724 -0.08589840 -0.54739058
-0.35639769 0.06687049 0.93193829 -0.14705691 0.98098904 -0.12662850
-0.23148187 -0.19707258 0.95266920 -0.31182140 0.94263035 0.11922880
-0.12582064 0.31498799 -0.94071877 0.80735022 -0.51853853 -0.28160885
-0.00006597 0.50163269 -0.86508071 0.86613554 -0.43234664 -0.25077006
-0.24207658 0.23780647 -0.94066316 0.89296395 -0.32458997 -0.31186011
-0.56443721 0.21316941 -0.79747695 0.79241192 -0.13076290 -0.59580576
-0.61425662 0.12667136 -0.77887303 0.72689980 -0.29328707 -0.62096655
-0.54671216 0.24283017 -0.80133605 0.80548531 -0.10886107 -0.58253127
0.35702756 -0.21303873 0.90947556 -0.91999853 0.08830673 0.38184375
-0.51247382 0.31938517 0.79709709 -0.05637646 0.91374040 -0.40236831
-0.07623668 0.39170021 -0.91692907 0.66406196 -0.66603500 -0.33973390
-0.15749347 -0.22487086 0.96157628 0.06408262 0.96934879 0.23718439
-0.03665121 0.42064768 -0.90648341 0.72891837 -0.60926974 -0.31219941
0.03291184 0.56156367 -0.82677877 0.74980664 -0.56083232 -0.35108003
-0.58070201 0.24157026 -0.77745032 0.78231132 -0.09873638 -0.61501235
-0.20452805 0.38963738 -0.89797050 0.92425680 -0.22523862 -0.30824828
-0.56731486 0.38041273 0.73036981 0.08639763 0.90950847 -0.40660769
0.08149676 0.51532590 -0.85311049 0.63758284 -0.68485844 -0.35278472
-0.11537803 0.21706147 -0.96931535 0.25275898 -0.93729603 -0.23997732
0.13308732 0.55673158 -0.81996202 0.80288535 -0.54562300 -0.24014729
-0.14564446 0.37699670 -0.91469187 0.93636870 -0.24593434 -0.25045955
-0.62890458 0.31626356 -0.71025103 0.59419936 -0.39362311 -0.70141864
-0.43473721 0.32335901 -0.84050137 0.86647272 -0.10415030 -0.48823944
0.36486346 -0.33902985 0.86714095 -0.92953289 -0.07930119 0.36011115
-0.47040996 0.39616856 0.78852075 0.04269065 0.90273106 -0.42808202
-0.57858914 0.38253000 0.72035098 0.03353249 0.89360493 -0.44760013
-0.75564623 0.34905598 0.55421901 -0.08894673 0.78363568 -0.61482000
0.06758811 0.46940181 -0.88039416 0.83463633 -0.51006740 -0.20787857
-0.00193263 -0.63131946 0.77552050 -0.93616617 0.27377942 0.22053964
-0.62593180 0.32293245 -0.70987612 0.61681664 -0.35200605 -0.70400918
-0.61011589 0.33760250 -0.71678674 0.63331640 -0.33581701 -0.69723547
-0.42314845 0.38364309 -0.82083094 0.85738760 -0.12338574 -0.49966240
0.38783261 -0.35430482 0.85091364 -0.89124656 0.09130432 0.44423318
0.34456214 -0.46084639 0.81786162 -0.89705771 0.09515826 0.43154666
-0.69592512 0.35612318 0.62359011 0.08822621 0.90419364 -0.41791156
-0.75442946 0.35048264 0.55497581 -0.09252411 0.78028196 -0.61854619
-0.28405973 -0.61328053 0.73701912 -0.87187821 0.48503911 0.06756890
0.02038782 -0.59187669 0.80577058 -0.95529807 0.22622085 0.19034114
-0.68048298 0.25859582 -0.68561733 0.48423290 -0.54354948 -0.68561834
-0.65570879 0.32776466 -0.68015903 0.42842174 -0.58025801 -0.69264382
-0.52101529 0.39846781 -0.75482881 0.79452717 -0.09672269 -0.59947586
-0.47854963 0.55778176 -0.67813694 0.75445443 -0.13390784 -0.64254755
0.35301647 -0.44691122 0.82197917 -0.89708197 0.08786061 0.43304092
-0.60655767 0.40425631 0.68459088 0.11211824 0.89596641 -0.42973679
-0.82925981 0.30737668 0.46674180 0.00258029 0.83725941 -0.54679984
-0.32672241 -0.64449984 0.69128317 -0.86521667 0.49830049 0.05564851
0.02258391 -0.58117056 0.81346834 -0.95641112 0.22440201 0.18687308
0.02269600 -0.59269732 0.80510545 -0.95467591 0.22621429 0.19344540
-0.73632139 0.14977367 -0.65984756 0.53797805 -0.46186978 -0.70516384
-0.49281079 0.50172597 -0.71092093 0.78217387 -0.10253386 -0.61456567
-0.51115638 0.53124416 -0.67564696 0.63086092 -0.30198461 -0.71471667
-0.52058190 0.56479239 -0.64031565 0.42855048 -0.47579461 -0.76809120
0.09389039 -0.54405034 0.83378285 -0.94580811 0.21274933 0.24532601
-0.68018383 0.39371207 0.61833709 0.14932752 0.90025467 -0.40895328
-0.82388920 0.46446332 0.32477751 0.23343456 0.80028582 -0.55231416
-0.28602245 -0.61099029 0.73816127 -0.84037852 0.53006500 0.11311544
-0.33621252 -0.61835420 0.71035147 -0.89676976 0.44060281 -0.04090456
-0.18216084 -0.58934259 0.78707862 -0.93729573 0.34597915 0.04213256
0.02303594 -0.58609420 0.80991542 -0.95633709 0.22318099 0.18870512
0.10173781 -0.51826316 0.84914821 -0.94951046 0.20405906 0.23830633
0.48085937 -0.63238531 0.60734111 -0.76446128 0.03683857 0.64361626
-0.33218315 0.72526079 -0.60303497 0.51094401 -0.39904505 -0.76137990
-0.54447466 0.38842660 0.74341929 0.35005486 0.91066515 -0.21943276
-0.82507652 0.48276508 0.29357570 0.26992270 0.79323524 -0.54582006
-0.30983600 -0.62456864 0.71687919 -0.80434692 0.57421899 0.15263873
-0.32555029 -0.57936662 0.74722916 -0.89479053 0.44416654 -0.04545330
-0.24436712 -0.62603593 0.74051589 -0.92461944 0.38053119 0.01658252
-0.18950456 -0.60514069 0.77323532 -0.92772758 0.36826620 0.06084076
0.03844992 -0.54359084 0.83846927 -0.95283151 0.23285395 0.19465658
0.41524234 -0.72664207 0.54732537 -0.77870452 0.02713120 0.62680399
0.02793284 -0.55440199 0.83178014 -0.92653364 0.29794618 0.22970337
-0.45532724 0.36562791 0.81178397 0.38806453 0.90211809 -0.18865022
-0.80103910 0.49863246 0.33121318 0.25997984 0.78818512 -0.55783045
-0.44901204 -0.64348972 0.61992675 -0.79447305 0.60501903 0.05257970
-0.45496723 -0.68105292 0.57373500 -0.84320593 0.53666043 -0.03161214
-0.35537824 -0.63777316 0.68333864 -0.89204293 0.44979230 -0.04411751
-0.21147992 -0.58426762 0.78352261 -0.92394811 0.38094217 0.03468399
-0.39389384 0.74058491 -0.54440957 0.66497493 -0.17929277 -0.72502589
-0.21412925 -0.58560318 0.78180408 -0.88468105 0.45557711 0.09893947
-0.43401617 0.35716990 0.82707900 0.54397219 0.83570504 -0.07544133
-0.42210680 0.35032395 0.83612144 0.42594522 0.89080989 -0.15820388
-0.74297071 0.50983292 0.43366465 0.30864578 0.83588326 -0.45391291
-0.84499633 0.47216031 0.25108960 0.33944151 0.83637118 -0.43042171
-0.44939688 -0.63824475 0.62504888 -0.79366672 0.60640979 0.04858255
-0.39164379 -0.56085140 0.72942501 -0.78791761 0.61383402 0.04892433
-0.32084855 -0.56904876 0.75712603 -0.85900402 0.51155978 0.02046196
0.27843896 -0.82451463 0.49259263 -0.78960657 0.09547769 0.60613984
-0.46756712 0.39869931 0.78893596 0.65872639 0.75231338 0.01020616
-0.15730865 0.22568919 0.96141481 0.28458998 0.94259548 -0.17470622
-0.72846603 0.49425361 0.47439495 0.45416749 0.86683953 -0.20572096
-0.76652795 0.50753868 0.39349639 0.40358335 0.85730928 -0.31959563
-0.73325503 0.53186637 0.42362171 0.26968127 0.79940152 -0.53686982
-0.83765996 0.48050818 0.25968760 0.31294939 0.81190258 -0.49282551
-0.46870410 -0.66937780 0.57641119 -0.83506626 0.54854286 -0.04201268
-0.49124825 -0.69892323 0.51978993 -0.81215352 0.58320665 0.01663695
-0.59783983 -0.46708933 0.65147150 -0.65728128 0.75085193 -0.06482858
-0.40837464 -0.57558632 0.70847064 -0.78826541 0.61374187 0.04425561
0.38430378 -0.42351946 -0.82033032 -0.76844549 -0.63921243 -0.02998495
-0.18945025 0.23083749 0.95437032 0.61658525 0.78440386 -0.06732983
-0.72498757 0.49242261 0.48157343 0.44444144 0.86860424 -0.21908557
-0.77098036 0.50552481 0.38734230 0.40156913 0.85794753 -0.32041907
-0.83499491 0.49148822 0.24743247 0.33362955 0.80978459 -0.48263887
-0.86508065 0.46964753 0.17625737 0.35022026 0.81701326 -0.45807764
-0.48383793 -0.70576870 0.51748574 -0.81801754 0.57487255 0.01920654
-0.48021370 -0.67694646 0.55779767 -0.83644134 0.54489118 -0.05881779
-0.46838507 -0.67584604 0.56907606 -0.83778095 0.54430079 -0.04312353
-0.53207737 -0.29266533 0.79450655 -0.48805881 0.87279445 -0.00534727
0.37744239 -0.46387911 -0.80146956 -0.81552339 -0.57652748 -0.05037507
-0.17216337 0.19765075 0.96503580 0.82000053 0.57161671 0.02921505
-0.07504275 0.03853318 0.99643558 0.80718958 0.58906728 0.03801057
-0.74597514 0.49021086 0.45079309 0.44291168 0.87068039 -0.21388058
-0.77773780 0.51831627 0.35562932 0.43800750 0.85265774 -0.28482315
-0.79335088 0.52382672 0.31016117 0.42544648 0.84150332 -0.33296758
-0.79646116 0.50711179 0.32937405 0.35859910 0.83468807 -0.41797435
-0.87540972 0.45945588 0.15019384 0.36877999 0.83568352 -0.40698200
-0.47969177 -0.70510119 0.52223378 -0.82070386 0.57109416 0.01722272
-0.48884609 -0.67543793 0.55209887 -0.83309793 0.54920304 -0.06575651
-0.48985490 -0.72364295 0.48619244 -0.84808135 0.52475280 -0.07343414
-0.49949178 -0.73238111 0.46273738 -0.83820444 0.54353601 -0.04451944
0.13460821 -0.46130037 -0.87697351 -0.96790695 -0.25075591 -0.01666463
0.38604799 -0.48117802 -0.78704172 -0.80293328 -0.59531957 -0.02987906
-0.19071823 0.25058714 0.94912207 0.90832055 0.41170925 0.07382004
-0.33011925 0.35443774 0.87486869 0.55602181 0.82198542 -0.12320612
-0.10132169 0.07778672 0.99180806 0.89635980 0.43963599 0.05709052
-0.72484195 0.48720303 0.48707020 0.45416734 0.86955649 -0.19391656
-0.71267182 0.48676956 0.50512815 0.41803172 0.87294507 -0.25142866
-0.83001947 0.51394022 0.21664062 0.43284404 0.83853674 -0.33091110
-0.83014244 0.50511461 0.23605675 0.44241771 0.85442412 -0.27244449
-0.84834337 0.50898665 0.14576064 0.42854246 0.82179791 -0.37549913
-0.66494364 0.54364145 0.51215619 0.27404976 0.81547463 -0.50980186
-0.37111527 -0.81440943 0.44610628 -0.87627244 0.46612036 0.12197709
-0.46462512 -0.69348460 0.55063838 -0.82508445 0.56480700 0.01512803
-0.48242089 -0.70733774 0.51666570 -0.82788879 0.56086856 -0.00516275
-0.49247134 -0.69203401 0.52778882 -0.83739603 0.54200709 -0.07068403
-0.49079475 -0.76425719 0.41836759 -0.84971541 0.52601737 -0.03590931
-0.49039418 -0.75569844 0.43408918 -0.85436422 0.51516056 -0.06834799
0.27588594 -0.33849445 -0.89961576 -0.86084652 -0.50336736 -0.07459670
-0.18174990 0.23614213 0.95457000 0.92579252 0.36831594 0.08515643
-0.14477375 0.15841109 0.97670186 0.94437242 0.31671497 0.08861370
-0.70928937 0.48385397 0.51263434 0.48754448 0.86196315 -0.13899615
-0.76129740 0.49433947 0.41958895 0.48120931 0.86446762 -0.14537345
-0.83713776 0.50926811 0.19961537 0.45333210 0.85015947 -0.26780361
-0.79568350 0.51402009 0.32042336 0.43333668 0.85268593 -0.29179800
-0.79477102 0.50555998 0.33577999 0.43570393 0.86043763 -0.26421446
-0.86251193 0.49108577 0.12209850 0.43692639 0.84443498 -0.30987889
-0.39184102 -0.84563267 0.36244452 -0.88206136 0.45729876 0.11333867
-0.37857151 -0.82341886 0.42268777 -0.87654370 0.46561036 0.12197629
-0.84192485 0.51692003 0.15477794 0.40413290 0.79413390 -0.45390302
-0.49051332 -0.76546842 0.41647905 -0.84436840 0.53567100 -0.00992775
-0.50088209 -0.73320180 0.45992646 -0.82280159 0.56824416 0.00980824
-0.49351126 -0.77719039 0.39041233 -0.84617126 0.53283650 -0.00891279
-0.48997876 -0.77876431 0.39172310 -0.85814548 0.50993282 -0.05962258
-0.49444041 -0.77831370 0.38698387 -0.85560417 0.51427275 -0.05886496
-0.48611319 -0.74574000 0.45559403 -0.85121906 0.52205455 -0.05371429
0.19217555 -0.45195174 -0.87109596 -0.91163188 -0.41083145 0.01203382
0.11527292 -0.33728984 -0.93431669 -0.96301764 -0.26854959 -0.02186709
0.18160082 -0.42852882 -0.88508999 -0.90694249 -0.42088288 0.01769195
0.08338406 -0.21021326 -0.97409320 -0.98863679 -0.14014105 -0.05438602
0.04221635 -0.09412900 0.99466449 0.82702422 0.56187582 0.01807129
-0.71778655 0.48480856 0.49974310 0.50969118 0.85484636 -0.09722473
-0.75086802 0.49138221 0.44129452 0.50523740 0.85769385 -0.09537586
-0.77685660 0.49958894 0.38328147 0.43841138 0.86606240 -0.24027364
-0.75598389 0.49098498 0.43292284 0.48135453 0.86516863 -0.14064530
-0.84019810 0.50965762 0.18524662 0.45506433 0.84844351 -0.27029639
-0.86203080 0.49395013 0.11364911 0.44172135 0.84208626 -0.30947194
-0.82320493 0.50790858 0.25369778 0.45827913 0.85822499 -0.23114969
-0.86077213 0.49460882 0.12013948 0.44070154 0.84232324 -0.31028026
-0.40043885 -0.85733193 0.32346669 -0.89055306 0.44725224 0.08295015
-0.38815635 -0.84291309 0.37260202 -0.88690138 0.45153916 0.09756218
-0.39941108 -0.85131037 0.34020805 -0.89998853 0.43478385 0.03136502
-0.49332991 -0.78494126 0.37482384 -0.85609341 0.51445353 -0.04941151
-0.48829588 -0.74582320 0.45311695 -0.85293710 0.51769012 -0.06704754
-0.51164597 -0.75117260 0.41708285 -0.82734537 0.56168371 -0.00332433
-0.49903813 -0.77280545 0.39208764 -0.83518791 0.54959208 0.02024339
-0.50059092 -0.79747254 0.33681792 -0.84749979 0.53078812 -0.00285532
-0.49112129 -0.77139610 0.40465784 -0.83292931 0.55185187 0.04108912
-0.48966548 -0.78731805 0.37464392 -0.85944182 0.50824171 -0.05522875
-0.49733457 -0.77367127 0.39254439 -0.85072863 0.52360082 -0.04585925
-0.48927203 -0.75377721 0.43867171 -0.85213482 0.52027005 -0.05643865
0.18470097 -0.46892050 -0.86371249 -0.94144386 -0.33665931 -0.01854686
0.12445270 -0.35617480 -0.92609453 -0.92582548 -0.37738267 0.02072436
0.15747449 -0.40076360 -0.90254658 -0.94532722 -0.32548407 -0.02041197
0.06544717 -0.18209068 -0.98110127 -0.98893654 -0.14300308 -0.03942871
-0.00803459 -0.01280156 0.99988580 0.91075975 0.41274428 0.01260279
0.08369522 -0.10570226 0.99086940 0.84117573 0.54059619 -0.01338232
-0.71958381 0.48589188 0.49609295 0.52857643 0.84658366 -0.06247441
-0.77639574 0.49899116 0.38499039 0.49457446 0.86100876 -0.11857508
-0.78919226 0.50200689 0.35378623 0.47089598 0.86442375 -0.17614937
-0.77554327 0.50076145 0.38440952 0.49545696 0.86017138 -0.12094499
-0.84909558 0.50181967 0.16496572 0.46941674 0.86002284 -0.20002154
-0.86135197 0.49514085 0.11361516 0.44320700 0.84174448 -0.30827561
-0.82402509 0.50452530 0.25775379 0.45490104 0.86037999 -0.22980715
-0.38303670 -0.83365107 0.39788041 -0.88381934 0.45599324 0.10456408
-0.40247965 -0.86258858 0.30651441 -0.90376318 0.42769894 0.01690617
-0.40266380 -0.85512739 0.32652575 -0.89299560 0.44533816 0.06506038
-0.40369430 -0.85146922 0.33471042 -0.89902979 0.43702742 0.02743333
-0.49703500 -0.78268290 0.37465158 -0.85398853 0.51775557 -0.05131105
-0.90811253 0.29254979 0.29957691 0.19456555 0.92833322 -0.31676760
-0.50108033 -0.79798096 0.33488056 -0.83280045 0.54984862 0.06410877
-0.49697608 -0.80102062 0.33373758 -0.85006225 0.52667940 -0.00173646
-0.49285135 -0.80257815 0.33610377 -0.85689104 0.51477456 -0.02729234
-0.48843023 -0.80386174 0.33947349 -0.86367399 0.50086033 -0.05662315
0.10852543 -0.39641765 -0.91163331 -0.99091619 -0.11640253 -0.06734678
0.06478150 -0.17248546 -0.98287952 -0.99489427 -0.08754636 -0.05020989
0.00880287 -0.10333370 -0.99460787 -0.99837142 -0.05697429 -0.00291690
0.04129721 -0.08608512 0.99543154 0.98762012 0.15441425 -0.02761936
0.07467872 -0.08876801 0.99324888 0.75698173 0.65343440 0.00148365
-0.76549882 0.51091844 0.39111862 0.54828680 0.83607322 -0.01905383
-0.78241539 0.49780732 0.37418452 0.51915318 0.85324126 -0.04959150
-0.75010180 0.48568496 0.44884008 0.51341140 0.85546947 -0.06768081
-0.77195531 0.49927771 0.39345503 0.49095762 0.86144680 -0.12988475
-0.79381031 0.49988070 0.34638774 0.46992576 0.86570626 -0.17240208
-0.78425634 0.50457454 0.36103556 0.50531209 0.85709935 -0.10020147
-0.83164346 0.50619727 0.22832759 0.48304605 0.86226386 -0.15220903
-0.85506344 0.49869600 0.14201708 0.46105441 0.85654831 -0.23184866
-0.86595285 0.48873749 0.10611923 0.45308825 0.85648179 -0.24728522
-0.42424968 -0.86700296 0.26137722 -0.89374584 0.44734368 0.03319674
-0.44839868 -0.82369930 0.34707057 -0.87800711 0.47864497 0.00161998
-0.48853233 -0.80781472 0.32980534 -0.86224210 0.50486529 -0.04061653
-0.83243257 0.35557604 0.42499608 0.15194416 0.88403898 -0.44202715
-0.50348419 -0.80943143 0.30219951 -0.84250933 0.53748095 0.03594925
-0.50062191 -0.79776502 0.33607858 -0.83358496 0.54896790 0.06140374
-0.50013578 -0.80847365 0.31021711 -0.84778464 0.53013408 0.01480261
-0.49004683 -0.81400239 0.31185618 -0.86331373 0.50270700 -0.04444180
0.12452423 -0.45773229 -0.88032657 -0.97413111 -0.22502550 -0.02078943
0.09925282 -0.31117117 -0.94515681 -0.98845977 -0.14007032 -0.05768520
0.10049906 -0.35777688 -0.92838341 -0.98781693 -0.14731480 -0.05016122
-0.06268842 -0.04801078 0.99687767 0.96966368 0.23352970 0.07222413
0.03604095 -0.07138050 0.99679780 0.99415088 0.10417624 -0.02848521
-0.82335091 0.46020168 0.33212599 0.47899956 0.87736094 -0.02823677
-0.77142584 0.49058789 0.40524781 0.51875192 0.85368788 -0.04597276
-0.77292061 0.49302605 0.39939845 0.50493962 0.85912079 -0.08335199
-0.82104546 0.49766290 0.27967140 0.46155611 0.86700732 -0.18778788
-0.80999488 0.49615219 0.31263626 0.48938453 0.86562437 -0.10581774
-0.78963149 0.49972346 0.35603181 0.50898105 0.85752487 -0.07476246
-0.80147201 0.50394469 0.32199752 0.50110596 0.85978210 -0.09832442
-0.85125506 0.49652269 0.16979432 0.47625151 0.86688012 -0.14732057
-0.85950530 0.49383062 0.13184075 0.47052425 0.86520433 -0.17328720
-0.86478448 0.49083537 0.10596447 0.45526844 0.85542846 -0.24692675
-0.46496233 -0.84494025 0.26435974 -0.88342988 0.46235281 -0.07603693
-0.42298299 -0.86487252 0.27033508 -0.88894534 0.45390001 0.06124580
-0.46603292 -0.84357840 0.26681232 -0.87807125 0.47800559 -0.02239387
-0.83413178 0.49691153 0.23938072 0.42917138 0.85733974 -0.28421903
-0.84387040 0.53284138 0.06295136 0.50347960 0.82694530 -0.25033939
-0.86395270 0.49140087 0.11004990 0.44278032 0.84538382 -0.29878387
-0.49550417 -0.83596098 0.23589176 -0.85846961 0.51268405 0.01360169
-0.46455613 -0.83681023 0.28971756 -0.87856913 0.47651356 -0.03242213
0.11011399 -0.37226552 -0.92157114 -0.96106237 -0.27631268 -0.00321706
0.09634793 -0.31413183 -0.94447780 -0.99101049 -0.11876136 -0.06159497
-0.06319292 -0.02830323 0.99759990 0.99040568 0.12131361 0.06617902
0.04289201 -0.06304902 0.99708837 0.97535866 0.21882574 -0.02812022
0.03263246 0.00559159 0.99945182 0.99817920 0.05057334 -0.03287385
-0.83602697 0.43675241 0.33212379 0.45412546 0.89050078 -0.02790262
-0.81033987 0.46974519 0.35026971 0.49160808 0.87030518 -0.02984008
-0.78916407 0.49075973 0.36928979 0.50321001 0.86137629 -0.06935894
-0.77596384 0.49268797 0.39387646 0.50417113 0.85969156 -0.08210969
-0.84126395 0.49104270 0.22616845 0.47558436 0.87112314 -0.12232788
-0.72362053 0.46535224 0.50972605 0.45929998 0.87592602 -0.14763869
-0.84287906 0.50083077 0.19678268 0.47028044 0.86334622 -0.18294699
-0.84323895 0.48934567 0.22246094 0.48133919 0.87161231 -0.09276114
-0.86928135 0.48662004 0.08689610 0.46016628 0.86082906 -0.21730238
-0.45989296 -0.84491462 0.27316251 -0.87946248 0.47588906 -0.00868708
-0.46181294 -0.85099435 0.25007486 -0.88058227 0.47367868 -0.01426158
-0.44164994 -0.86357725 0.24326858 -0.88601249 0.46247232 0.03318667
-0.46442324 -0.84651190 0.26024747 -0.87973517 0.47477317 -0.02562286
-0.74380922 0.51036286 0.43159884 0.44495177 0.85993785 -0.25004965
-0.85162693 0.49381083 0.17573397 0.44188416 0.85673177 -0.26598698
-0.74596381 0.55037016 0.37500781 0.52603304 0.83225363 -0.17505215
-0.84605944 0.52954030 0.06140411 0.50540900 0.83342427 -0.22353023
-0.85102749 0.51221728 0.11569678 0.47920218 0.84762806 -0.22779799
-0.49320123 -0.83702999 0.23692492 -0.85995370 0.51022112 0.01240974
-0.48600727 -0.84250611 0.23233667 -0.86642027 0.49931237 -0.00177661
-0.46583235 -0.84589744 0.25972638 -0.87923032 0.47556916 -0.02807260
0.11066361 -0.37259191 -0.92137337 -0.96123689 -0.27569541 -0.00396369
-0.09118871 0.17595288 0.98016590 0.89502215 0.44601029 0.00320266
0.20538776 -0.11696120 0.97166663 0.94241738 0.29139501 -0.16412947
-0.23359190 0.11385562 -0.96564573 -0.97185469 -0.05854271 0.22819132
-0.88553262 0.37307256 0.27685553 0.38432449 0.92308253 -0.01460996
-0.82336342 0.47561738 0.30961412 0.47742206 0.87544918 -0.07521287
-0.81349868 0.49525216 0.30486920 0.49641982 0.86442429 -0.07961167
-0.80887192 0.49810255 0.31244212 0.49975836 0.86236918 -0.08099989
-0.83415735 0.47674105 0.27730781 0.47563979 0.87636214 -0.07587004
-0.85352027 0.47661695 0.21056940 0.47767848 0.87715626 -0.04919625
-0.87833571 0.47334346 0.06687611 0.46627167 0.87913597 -0.09854326
-0.86807293 0.48110336 0.12242978 0.47559676 0.87665009 -0.07274900
-0.86629611 0.49317598 0.07942589 0.46247238 0.85192496 -0.24564864
-0.46129408 -0.85794234 0.22614752 -0.88100427 0.47310314 -0.00224090
-0.46365601 -0.86014926 0.21252383 -0.87779218 0.47854653 0.02177563
-0.82543480 0.50293076 0.25635546 0.45064363 0.86058277 -0.23731329
-0.83280432 0.51274747 0.20863132 0.48225182 0.85705841 -0.18133968
-0.85087538 0.50218308 0.15434794 0.46165618 0.85492581 -0.23659143
-0.84491670 0.52389383 0.10794033 0.49249142 0.84067345 -0.22521159
-0.84610158 0.52987152 0.05786379 0.50684649 0.83339810 -0.22035046
-0.84670663 0.51184362 0.14527199 0.47413915 0.84974873 -0.23047619
-0.50331336 -0.84789616 0.16657683 -0.85824430 0.51293570 0.01771185
-0.49231735 -0.84622097 0.20379826 -0.86412251 0.50327653 0.00226028
-0.46206328 -0.84876883 0.25707790 -0.88205659 0.46992409 -0.03387693
-0.46655786 -0.85493642 0.22673233 -0.87925977 0.47613907 -0.01392363
-0.26397422 0.14187868 -0.95403779 -0.96444929 -0.05160580 0.25918046
-0.88766241 0.38568768 0.25159606 0.30698588 0.90286821 -0.30097964
-0.83830112 0.44310963 0.31765580 0.45321423 0.89022607 -0.04576568
-0.81043541 0.49533606 0.31278840 0.49722031 0.86394203 -0.07985170
-0.84743965 0.47998163 0.22685622 0.47912741 0.87551135 -0.06258518
-0.84795141 0.47294486 0.23937768 0.46340966 0.88066328 -0.09840599
-0.87616819 0.47415152 0.08665829 0.46250218 0.87764174 -0.12584412
0.84371430 -0.53508461 -0.04278736 -0.51785803 -0.83234751 0.19753689
-0.46514505 -0.86351866 0.19487356 -0.88139939 0.47223788 -0.01125009
-0.47804862 -0.85521960 0.20017225 -0.86979342 0.49264580 0.02756032
-0.46066567 -0.86456513 0.20078433 -0.88380980 0.46763223 -0.01415601
-0.82459313 0.50120950 0.26236492 0.48314771 0.86517769 -0.13429777
-0.83161229 0.51668692 0.20360675 0.48792189 0.85486019 -0.17648336
-0.83342314 0.51610202 0.19759701 0.48462439 0.85438621 -0.18751918
-0.84699023 0.51040155 0.14865372 0.47249556 0.85092801 -0.22949824
-0.84548169 0.52051646 0.11926189 0.49891648 0.84959567 -0.17108384
-0.85033780 0.52059311 0.07686710 0.50231963 0.84651989 -0.17629269
-0.85488969 0.51705176 0.04267601 0.50692362 0.84997964 -0.14339826
-0.49836764 -0.84781855 0.18119995 -0.86234814 0.50630808 -0.00280925
-0.50140351 -0.84970069 0.16310507 -0.86001968 0.51008254 0.01349180
-0.49641433 -0.85015595 0.17552145 -0.86385822 0.50372386 -0.00334849
-0.47423306 -0.86132944 0.18224902 -0.87700659 0.48032889 -0.01198420
-0.32883006 0.17662142 -0.92772609 -0.94431794 -0.07355825 0.32070687
-0.89071018 0.38183782 0.24664819 0.32923433 0.91602153 -0.22914925
-0.89851815 0.37531799 0.22759973 0.35972863 0.92677015 -0.10813190
-0.90620196 0.37439314 0.19653960 0.36002111 0.92693096 -0.10575386
-0.90291095 0.42776448 0.04206348 0.42684865 0.90385097 -0.02921714
-0.85685080 0.44859877 0.25409809 0.44239274 0.89283574 -0.08445738
0.90207833 -0.38612014 0.19278468 -0.41336882 -0.90139931 0.12886216
0.83825684 -0.54522586 0.00737045 -0.53360611 -0.81746066 0.21684708
0.79455686 -0.60695076 -0.01703415 -0.58923918 -0.77753466 0.21962939
0.84001297 -0.54248792 -0.00922861 -0.52907503 -0.82277638 0.20765060
-0.45754430 -0.86785489 0.19360045 -0.88481039 0.46594509 -0.00241355
-0.46452010 -0.86100811 0.20708977 -0.87986743 0.47521442 0.00216006
-0.47480151 -0.85732740 0.19888014 -0.87170535 0.48923576 0.02789714
-0.79927272 0.49816877 0.33614159 0.49269575 0.86345679 -0.10813586
-0.82794362 0.51701534 0.21726573 0.50338686 0.85590178 -0.11846498
-0.83353972 0.51752436 0.19333956 0.49975577 0.85551405 -0.13542536
-0.85069668 0.51801139 0.08932719 0.49978301 0.84971774 -0.16791892
-0.83697647 0.52157122 0.16563182 0.50704169 0.85298133 -0.12382083
-0.85788876 0.51239938 0.03839134 0.50278640 0.85250586 -0.14296731
-0.85490328 0.51741016 0.03777782 0.50977498 0.85133588 -0.12392186
-0.50120264 -0.85660255 0.12258902 -0.86095095 0.50787109 0.02881701
-0.41989511 0.21987095 -0.88053668 -0.88690507 -0.30528083 0.34670308
-0.91568124 0.35936889 0.17994967 0.34165183 0.93182325 -0.12239040
-0.89021730 0.40507030 0.20840181 0.38779694 0.91391921 -0.11985519
-0.86609340 0.38203347 0.32238582 0.41043073 0.91161811 0.02234206
-0.87421632 0.41058832 0.25915846 0.40328336 0.91127139 -0.08334856
-0.90292960 0.42605966 0.05649194 0.42491752 0.90468431 -0.03148907
-0.90189523 0.42865568 0.05328542 0.42764559 0.90345919 -0.02967830
-0.86421216 0.44227964 0.23984617 0.43480504 0.89638400 -0.08625765
-0.88416731 0.45404881 0.10994485 0.44716239 0.89066607 -0.08221823
0.91354722 -0.40562996 -0.02993317 -0.39765668 -0.90619975 0.14377493
0.83777362 -0.54600358 0.00394686 -0.53605461 -0.82109064 0.19610080
0.79650110 -0.60453212 -0.01127105 -0.59020758 -0.78140575 0.20263293
-0.45676851 -0.87398213 0.16588482 -0.88644785 0.46282220 -0.00243016
-0.46694034 -0.86973304 0.15978475 -0.88101453 0.47308907 0.00050069
-0.47528854 -0.86431515 0.16449974 -0.87306952 0.48645282 0.03336536
-0.82343984 0.50374568 0.26112679 0.50477272 0.86054313 -0.06833848
-0.82391942 0.51763248 0.23068054 0.51344657 0.85412443 -0.08272894
-0.84129566 0.52000427 0.14770658 0.50442600 0.85340452 -0.13135898
-0.85122007 0.51526427 0.09963466 0.50446373 0.85568869 -0.11538297
-0.84953511 0.51747257 0.10252937 0.50703508 0.85460705 -0.11208159
-0.85744143 0.51278365 0.04297871 0.51067412 0.85823047 -0.05150132
-0.93113291 0.34802994 0.10893407 0.32830784 0.93003523 -0.16507092
-0.90065730 0.40079606 0.16786607 0.38091385 0.91412753 -0.13883610
-0.90696716 0.41684180 -0.06044505 0.41798151 0.90842843 -0.00702322
-0.90383029 0.42544106 0.04572571 0.42446223 0.90495479 -0.02981008
-0.87246478 0.44113603 0.21024807 0.43245804 0.89733124 -0.08818525
-0.90709430 0.42040905 0.02088637 0.41967338 0.90710503 -0.03216617
-0.90330774 0.41247842 -0.11788433 0.41893458 0.90732563 -0.03541231
0.90775448 -0.41208827 0.07851823 -0.41620010 -0.90813082 0.04556162
0.89667618 -0.40176144 0.18590215 -0.42284685 -0.90161824 0.09102235
0.80161774 -0.59762049 0.01608513 -0.58834308 -0.78382617 0.19866782
0.78170973 -0.62348723 0.01391170 -0.61351275 -0.76481706 0.19661392
-0.97754806 0.18473007 0.10136425 0.17047571 0.97609514 -0.13481998
-0.89582056 0.44329643 0.03152512 0.44102883 0.89549488 -0.05985451
-0.47706705 -0.86557990 0.15224476 -0.87389010 0.48560300 0.02248996
-0.78308874 0.49560612 0.37569484 0.51800948 0.85408491 -0.04695907
-0.82443619 0.51434809 0.23611666 0.51389444 0.85512024 -0.06842514
-0.83475167 0.51800567 0.18670778 0.51139879 0.85504532 -0.08584130
-0.81885070 0.51540262 0.25267321 0.51699519 0.85348040 -0.06547635
-0.83562452 0.51929903 0.17905384 0.51175952 0.85443038 -0.08972705
-0.84876269 0.51869237 0.10276222 0.51195389 0.85472310 -0.08574159
-0.85590345 0.51579869 0.03716350 0.51103032 0.85462183 -0.09203014
-0.32030070 -0.93828362 0.13050398 -0.94577420 0.30887401 -0.10053905
-0.89514017 0.42897433 0.12126499 0.41633326 0.90171039 -0.11655479
-0.90569985 0.40363941 -0.12954956 0.40805024 0.91292143 -0.00833632
-0.90765244 0.40194073 -0.12087515 0.40612409 0.91375011 -0.01113616
-0.90510672 0.42212963 0.05087635 0.42123935 0.90652841 -0.02763523
-0.89889795 0.42914701 0.08840486 0.42368108 0.90275788 -0.07431471
-0.88626307 0.38813192 -0.25276753 0.39831474 0.91717345 0.01176047
-0.86859268 0.40888867 -0.27992308 0.42787182 0.90380865 -0.00746346
0.89933497 -0.41236952 0.14542389 -0.42847836 -0.89742666 0.10503221
0.75145990 -0.65629965 0.06766693 -0.65570188 -0.73149443 0.18700531
0.74322468 -0.66869259 0.02161682 -0.66219598 -0.73062527 0.16638309
-0.97369480 0.20081642 0.10766265 0.18770166 0.97478819 -0.12064885
-0.98715061 0.12116599 0.10417543 0.10958239 0.98781264 -0.11053446
-0.46316051 -0.88203692 0.08656331 -0.88436359 0.46636251 0.02017744
-0.45785522 -0.87014848 0.18223657 -0.88222373 0.47001392 0.02771754
-0.98421025 0.16393800 0.06674249 0.15818216 0.98383439 -0.08395476
-0.82561862 0.51174402 0.23763853 0.52109873 0.85308063 -0.02663736
-0.80999011 0.50760323 0.29369217 0.52642345 0.85004604 -0.01732554
-0.83701962 0.51839352 0.17511822 0.51511294 0.85447252 -0.06734546
-0.82658380 0.51590109 0.22495633 0.52375650 0.85140574 -0.02806086
-0.84595954 0.51897401 0.12254961 0.51748800 0.85444325 -0.04618427
-0.85357147 0.51716995 0.06285732 0.51345092 0.85552961 -0.06661309
-0.85547644 0.51531512 0.05109331 0.51154995 0.85629255 -0.07127286
-0.31204629 -0.93706441 0.15664428 -0.94863898 0.29827672 -0.10542817
-0.33068347 -0.93334031 0.13972962 -0.94307762 0.32125539 -0.08602078
-0.90170306 0.42299601 0.08947650 0.41293743 0.90388572 -0.11168405
-0.86943632 0.36914420 -0.32834896 0.38662109 0.92214727 0.01298276
-0.89365274 0.38254017 -0.23462272 0.39980668 0.91613722 -0.02910650
-0.90666801 0.40071008 -0.13185088 0.40923232 0.91135067 -0.04437160
-0.90538037 0.42351913 0.03029871 0.41997951 0.90374213 -0.08287014
-0.88644916 0.37595409 -0.26993802 0.38938606 0.92106551 0.00410235
-0.75125587 0.35056588 -0.55921221 0.41613880 0.90923530 0.01094417
-0.81701559 0.40706211 -0.40839434 0.46261555 0.88552272 -0.04285418
0.79734093 -0.59199679 0.11741977 -0.60351086 -0.78360224 0.14745279
0.72885245 -0.64250743 0.23655532 -0.68176907 -0.71284521 0.16444647
0.64558417 -0.76234877 0.04522786 -0.75767434 -0.63195699 0.16297254
-0.99482602 0.03027262 0.09697814 0.02208110 0.99618268 -0.08445417
-0.90667444 0.42120621 0.02295242 0.41938460 0.90593225 -0.05833806
-0.99534214 0.02256206 0.09372870 0.01948867 0.99924612 -0.03357741
-0.97832274 0.19286580 0.07541534 0.18974198 0.98072439 -0.04666550
-0.80549395 0.50563174 0.30905682 0.53194773 0.84677655 0.00104690
-0.82084984 0.51430756 0.24838138 0.53019267 0.84787017 -0.00345190
-0.84049314 0.51714337 0.16166025 0.51999080 0.85372800 -0.02753331
-0.83794612 0.51631862 0.17680866 0.52140182 0.85307485 -0.02008868
-0.84145612 0.51765400 0.15487422 0.52016300 0.85363752 -0.02708368
-0.85066420 0.51752907 0.09238025 0.51637298 0.85552561 -0.03787970
-0.85629451 0.51494843 0.03984886 0.51145744 0.85616881 -0.07339102
-0.85512519 0.51529676 0.05683454 0.51197869 0.85663772 -0.06363705
-0.85570413 0.51453286 0.05501401 0.51164782 0.85718560 -0.05873043
-0.29877278 -0.93821448 0.17460948 -0.95143288 0.27860740 -0.13097100
-0.34967527 -0.92831200 0.12634921 -0.93646014 0.34233499 -0.07648052
-0.85277724 0.21849370 -0.47437486 0.30650061 0.94479728 -0.11582508
-0.79842067 0.29777363 -0.52331197 0.35536242 0.93467152 -0.01033442
-0.87319040 0.33122107 -0.35753486 0.36657697 0.92976874 -0.03393372
-0.35488147 -0.93096793 0.08577844 -0.93451357 0.35055819 -0.06158992
-0.35298705 -0.93234223 0.07834613 -0.93346137 0.34523711 -0.09726911
-0.70110214 0.26238427 -0.66303110 0.34710252 0.93781823 0.00409384
-0.80544037 0.31071049 -0.50470281 0.36053869 0.93274355 -0.00114761
-0.79869723 0.38739911 -0.46043974 0.45772883 0.88784939 -0.04698698
0.86008412 -0.45329988 0.23403974 -0.48827359 -0.86436939 0.12022712
0.76501685 -0.52835256 0.36822936 -0.60721326 -0.78227174 0.13907939
0.66914058 -0.72983950 0.13994744 -0.74072641 -0.63988477 0.20462635
-0.94384605 -0.29593149 0.14689854 -0.29622069 0.95490140 0.02041307
0.60304725 -0.79462522 0.07003408 -0.79314804 -0.58791536 0.15897115
-0.97860426 -0.16534938 0.12244729 -0.17343067 0.98310679 -0.05850573
-0.90676057 0.42033798 0.03318591 0.42015195 0.90736449 -0.01273284
-0.94447327 0.32593402 0.04167985 0.32312444 0.94430196 -0.06232560
-0.98897672 -0.11129962 0.09765946 -0.11383330 0.99328315 -0.02075021
-0.98131049 0.18358308 0.05768082 0.18531603 0.98232853 0.02624213
-0.81145573 0.51081634 0.28391218 0.54517901 0.83665007 0.05288280
-0.82296985 0.51583195 0.23798767 0.53460765 0.84492236 0.01734576
-0.83027101 0.51786101 0.20608272 0.53430647 0.84476417 0.02983657
-0.84668952 0.51655382 0.12762834 0.52346593 0.85165745 0.02574826
-0.85102236 0.51836538 0.08401382 0.51908278 0.85459614 -0.01478360
-0.85538971 0.51602519 0.04501824 0.51680499 0.85607487 0.00696330
-0.85250682 0.19555883 -0.48475659 0.29878125 0.94325382 -0.14492102
-0.35133302 -0.93076158 0.10123298 -0.93289816 0.33888060 -0.12190588
-0.84434372 0.19259337 -0.49999157 0.29856616 0.94397867 -0.14057922
-0.84862888 0.24301586 -0.46986416 0.32855159 0.93827701 -0.10812106
-0.80533165 0.22137201 -0.54994136 0.32263461 0.94191313 -0.09330934
-0.36156785 -0.92735612 0.09632927 -0.92576575 0.34484142 -0.15505534
-0.70894378 0.24888194 -0.65989137 0.34800357 0.93727183 -0.02037445
-0.80394894 0.39360070 -0.44580784 0.46176615 0.88554072 -0.05088966
-0.76987976 0.42463207 -0.47641644 0.52453297 0.84625554 -0.09336376
0.75327259 -0.57290828 0.32304272 -0.63696796 -0.75783187 0.14128907
0.63472259 -0.75190538 0.17822912 -0.77253354 -0.61211044 0.16885744
0.64729005 -0.71842939 0.25470555 -0.76066852 -0.63029444 0.15528163
-0.94078821 -0.30883443 0.13978152 -0.30416998 0.95107865 0.05412949
-0.94912100 -0.28277290 0.13859618 -0.28766778 0.95759261 -0.01623620
0.46135470 -0.88352609 0.08082977 -0.88450962 -0.45092446 0.11962356
0.60488254 -0.77234900 0.19389237 -0.79615486 -0.58167988 0.16669150
-0.97772419 -0.18391630 0.10114481 -0.18136525 0.98282987 0.03394359
-0.89143819 0.45192307 0.03321864 0.45174867 0.89205039 -0.01300830
-0.94445413 0.32294452 0.06093660 0.32307497 0.94633979 -0.00797207
-0.99092489 -0.12635687 0.04584532 -0.12402935 0.99099290 0.05049578
-0.95260262 0.30062163 0.04663512 0.30164051 0.95327985 0.01644777
-0.65886408 -0.75067204 -0.04888435 -0.75208747 0.65591872 0.06430498
-0.61295342 -0.78933835 -0.03511570 -0.76805925 0.58482265 0.26089755
-0.82802600 0.51629341 0.21866438 0.53431809 0.84479767 0.02865505
-0.82214278 0.51532602 0.24190974 0.53903943 0.84134519 0.03968520
-0.63577521 -0.77075207 -0.04160779 -0.76118618 0.61712050 0.19939393
-0.63795483 -0.76854551 -0.04849223 -0.76314032 0.62252516 0.17343402
-0.84651744 0.51625234 0.12996890 0.52314073 0.85192549 0.02338429
-0.85059357 0.51887685 0.08519025 0.52069598 0.85374159 -0.00101033
-0.86282909 0.50217038 0.05788739 0.50243902 0.86454427 -0.01087497
-0.67568636 0.10293245 -0.72996777 0.28746271 0.94860721 -0.13232386
-0.75160277 0.18346503 -0.63358819 0.31116134 0.94556516 -0.09531675
-0.56489307 0.14641239 -0.81207103 0.31712225 0.94707394 -0.04984392
-0.69296724 0.16047172 -0.70288360 0.30542508 0.94845229 -0.08457988
-0.78766263 0.42896014 -0.44224516 0.51225346 0.85479110 -0.08323798
-0.66863775 0.31277671 -0.67460686 0.44040632 0.89756775 -0.02035856
0.72989351 -0.53756869 0.42222676 -0.63927776 -0.75552750 0.14318563
0.62462735 -0.66488808 0.40959078 -0.76442301 -0.62782687 0.14659737
0.61730975 -0.72381371 0.30825716 -0.78434449 -0.59666169 0.16970134
-0.94227564 -0.31370342 0.11707627 -0.31280553 0.94944894 0.02644710
-0.93584788 -0.30926496 0.16894937 -0.25044227 0.92094696 0.29855546
-0.93504310 -0.33440068 0.11777353 -0.31916383 0.93859440 0.13105363
0.46195260 -0.88424063 0.06869052 -0.88365948 -0.45226049 0.12085680
0.59166759 -0.76134092 0.26512167 -0.80534911 -0.57312632 0.15145653
-0.96172851 -0.26282650 0.07746337 -0.25873163 0.96414369 0.05903285
-0.65029705 -0.75931209 -0.02364324 -0.75932020 0.64871627 0.05098989
-0.76594186 -0.64290780 -0.00165091 -0.64182121 0.76449293 0.06013478
-0.73467082 -0.67709559 -0.04243238 -0.67653310 0.72652280 0.12028135
-0.64887184 -0.75467563 -0.09710866 -0.76072991 0.64074320 0.10362522
-0.66988313 -0.74148273 -0.03821044 -0.74204445 0.66688007 0.06812561
-0.62512261 -0.77512115 -0.09170002 -0.76304185 0.58215916 0.28081638
-0.61748070 -0.78591126 -0.03257485 -0.76498735 0.59037226 0.25740039
-0.63427156 -0.77154219 -0.04921750 -0.76190066 0.61300522 0.20912203
-0.63953638 -0.76698989 -0.05215166 -0.76286101 0.62477791 0.16641988
-0.84697926 0.51916963 0.11440807 0.52483314 0.85085744 0.02432894
-0.84875023 0.52015060 0.09521775 0.52360588 0.85184753 0.01387998
-0.64656246 -0.76257432 -0.02091647 -0.76216495 0.64455861 0.06040498
-0.59539163 0.04436243 -0.80220991 0.29534888 0.94064748 -0.16718672
-0.57558817 0.06082416 -0.81547451 0.26429364 0.95754629 -0.11512600
-0.68122256 0.14929874 -0.71669084 0.29360333 0.95251936 -0.08064744
-0.55682164 0.06780656 -0.82785988 0.31142926 0.94100130 -0.13239500
-0.66270071 0.19429941 -0.72323960 0.34597683 0.93594885 -0.06557269
-0.45524672 0.04935388 -0.88899648 0.32017443 0.94074672 -0.11173145
-0.45117918 0.04828176 -0.89112639 0.30849364 0.94541717 -0.10496771
-0.67493087 0.34968564 -0.64976025 0.52478302 0.84651381 -0.08953853
-0.65303010 0.19710246 -0.73123348 0.39016372 0.91510361 -0.10177250
0.61326379 -0.55048406 0.56645817 -0.69144595 -0.72082645 0.04808006
0.58943790 -0.68461299 0.42879844 -0.78923315 -0.60124481 0.12496305
0.60109329 -0.74328601 0.29362008 -0.79800797 -0.57811618 0.17019127
-0.95072609 -0.28784305 0.11517891 -0.28314951 0.95746392 0.05558110
-0.93372029 -0.31701255 0.16634142 -0.25831980 0.91828442 0.30004111
-0.91448605 -0.39916083 0.06622690 -0.38430056 0.90806764 0.16651207
-0.90870321 -0.41495988 0.04546284 -0.40452632 0.90223032 0.14946254
0.41068101 -0.90873402 0.07445586 -0.90894097 -0.40159720 0.11200946
0.45884708 -0.84922695 0.26129118 -0.88844234 -0.44228962 0.12267908
0.54788882 -0.79974008 0.24542551 -0.83648187 -0.52751428 0.14841445
-0.90329677 -0.42577115 0.05266818 -0.41106367 0.89409232 0.17783599
-0.65391177 -0.75491160 -0.05007957 -0.75652099 0.65167469 0.05473643
-0.64714086 -0.76203620 -0.02257429 -0.76206768 0.64576584 0.04732256
-0.74129039 -0.66984320 -0.04241111 -0.66938651 0.73320514 0.11971594
-0.65615034 -0.75373632 -0.03672052 -0.75425959 0.65352625 0.06321432
-0.66656023 -0.74478912 -0.03141112 -0.74490005 0.66385573 0.06647980
-0.62924963 -0.76822835 -0.11777139 -0.75499350 0.56824255 0.32723904
-0.63904536 -0.76313454 -0.09616014 -0.75978708 0.60683101 0.23340914
-0.63876230 -0.76467603 -0.08516692 -0.76119828 0.61194289 0.21471642
-0.64184338 -0.76419467 -0.06358919 -0.76235640 0.62694657 0.16047038
-0.64355117 -0.76354921 -0.05323947 -0.76345992 0.63540936 0.11568869
-0.64788574 -0.76023483 -0.04782434 -0.76068789 0.64242172 0.09299648
-0.64882070 -0.75959057 -0.04532073 -0.76053929 0.64539069 0.07106993
-0.41911465 -0.04494577 -0.90682018 0.22573960 0.96225256 -0.15202567
-0.39406577 -0.00998108 -0.91902810 0.28080380 0.95081997 -0.13073091
-0.57251990 0.07152978 -0.81676471 0.29785696 0.94626993 -0.12591451
-0.44981557 0.02565292 -0.89275301 0.32178614 0.93710899 -0.13520516
-0.38006133 -0.00232193 -0.92495841 0.27444813 0.95468062 -0.11516608
-0.52042311 0.09965658 -0.84807342 0.33311942 0.93816972 -0.09417612
-0.50169444 0.06754749 -0.86240369 0.32846391 0.93715709 -0.11767796
-0.42621997 0.01787769 -0.90444291 0.31417236 0.94049716 -0.12946379
-0.63618970 0.32941175 -0.69767517 0.51463908 0.85489047 -0.06564243
-0.57188594 0.14540194 -0.80734432 0.38183200 0.91823667 -0.10509885
0.54331183 -0.48660088 0.68412852 -0.68965822 -0.72337413 0.03318819
0.58835542 -0.60481185 0.53669405 -0.76466227 -0.63197774 0.12607840
0.52607405 -0.59632832 0.60633224 -0.80168116 -0.58567405 0.11955424
0.56205273 -0.67977142 0.47117689 -0.80958354 -0.56877595 0.14514925
-0.95491219 -0.27748576 0.10556670 -0.27304307 0.96044391 0.05472661
0.18378021 -0.95300102 -0.24086060 -0.96305579 -0.22363810 0.15003172
0.23806319 -0.85672230 -0.45755091 -0.94245368 -0.31762806 0.10437199
0.22119360 -0.81718808 -0.53223777 -0.93993008 -0.32414487 0.10705895
-0.90495801 -0.42291307 0.04685710 -0.40931174 0.89531928 0.17569087
-0.95511264 -0.27732632 0.10416349 -0.27355862 0.96059859 0.04915296
0.41618484 -0.82815647 0.37542921 -0.90498120 -0.41736329 0.08256506
-0.65382290 -0.75575876 -0.03666451 -0.75593698 0.65034181 0.07493232
-0.65532559 -0.75193113 -0.07174984 -0.75529784 0.65124208 0.07354490
-0.74481791 -0.65076327 -0.14749068 -0.66726625 0.72591341 0.16675001
-0.65074480 -0.75582725 -0.07250183 -0.75927919 0.64711195 0.06885609
-0.66365695 -0.72824603 -0.17093071 -0.74642509 0.65969956 0.08744243
-0.63956398 -0.75264210 -0.15648586 -0.76363331 0.59859550 0.24196611
-0.64508045 -0.74874181 -0.15250215 -0.75911754 0.60518080 0.23978487
-0.64671707 -0.75363588 -0.11743085 -0.76002735 0.62379229 0.18232314
-0.64840877 -0.75422353 -0.10350366 -0.75921088 0.63058442 0.16112806
-0.64803648 -0.75944293 -0.05740418 -0.76017797 0.64035994 0.10985768
-0.64886796 -0.75919366 -0.05094600 -0.76054043 0.64504409 0.07413691
-0.44681007 -0.04367318 -0.89356226 0.19852024 0.96906626 -0.14663002
-0.40963620 -0.02402892 -0.91193253 0.26408485 0.95372611 -0.14375594
-0.39420325 -0.00481683 -0.91901070 0.27803907 0.95249933 -0.12425527
-0.38002503 -0.00601126 -0.92495662 0.29223424 0.94797987 -0.12622742
-0.57673484 0.13009684 -0.80650598 0.37436140 0.91956723 -0.11937230
-0.49995834 0.06794594 -0.86338001 0.33729711 0.93347830 -0.12185648
-0.46761745 0.03373034 -0.88328713 0.32151949 0.93731338 -0.13442084
-0.39740705 -0.00269759 -0.91763848 0.31278795 0.93971169 -0.13822341
-0.54860616 0.45218444 -0.70324999 0.66883802 0.74206805 -0.04461709
-0.55842358 0.28264737 -0.77991897 0.53823662 0.83885640 -0.08137192
-0.59871209 0.16688336 -0.78338617 0.41855913 0.89907277 -0.12836084
0.53385109 -0.42742991 0.72959352 -0.67570359 -0.73437351 0.06418914
0.54071230 -0.53093928 0.65248275 -0.75132692 -0.65366435 0.09072365
0.52200764 -0.50329030 0.68862683 -0.76393962 -0.63495088 0.11503729
0.49626288 -0.65707320 0.56743103 -0.83535159 -0.53940785 0.10595734
0.45292330 -0.75416946 0.47548795 -0.87914723 -0.46645069 0.09759107
0.25035486 -0.92596048 -0.28270081 -0.95495576 -0.28423065 0.08527932
0.23480809 -0.89667153 -0.37529367 -0.94498330 -0.30103424 0.12800406
-0.74255055 -0.64937347 -0.16411218 -0.66201228 0.67432445 0.32714877
0.22632915 -0.81517792 -0.53316051 -0.93571019 -0.33401763 0.11348424
-0.76752013 -0.61802572 -0.17016777 -0.63650048 0.70327556 0.31665552
0.34550190 -0.87073541 0.34992632 -0.93685079 -0.34158972 0.07501428
0.40858653 -0.76320970 0.50056762 -0.90035105 -0.42700917 0.08385237
-0.65940374 -0.74648327 -0.08916052 -0.75178850 0.65460163 0.07944097
-0.69426179 -0.69614244 -0.18271957 -0.71711624 0.69067025 0.09337547
-0.74750543 -0.57943803 -0.32478803 -0.64013618 0.75894350 0.11929174
-0.65644121 -0.73694056 -0.16125636 -0.75299031 0.65304530 0.08085424
-0.64151269 -0.73795485 -0.20948535 -0.76474309 0.59377623 0.25019550
-0.64738709 -0.74591982 -0.15650460 -0.76061064 0.61920953 0.19506678
-0.64871484 -0.75232607 -0.11478065 -0.75893933 0.62835485 0.17082562
-0.64801931 -0.74620092 -0.15249661 -0.76010835 0.62100828 0.19126931
-0.65151232 -0.75040972 -0.11143143 -0.75755692 0.63568854 0.14834993
-0.65135729 -0.75365943 -0.08792723 -0.75800472 0.64110845 0.12003682
-0.23448125 -0.08027245 -0.96880078 0.05491627 0.99389964 -0.09564362
-0.46010107 -0.01019527 -0.88780808 0.27284175 0.94992626 -0.15230717
-0.55233014 0.10957604 -0.82639247 0.37747538 0.91674477 -0.13073421
-0.48185819 0.03994827 -0.87533820 0.32986993 0.93374091 -0.13897392
-0.46784475 0.01126443 -0.88373888 0.32121649 0.93370718 -0.15814827
-0.45178270 0.00293246 -0.89212322 0.31374025 0.93663889 -0.15580332
0.56745154 -0.46084976 0.68236083 -0.67773837 -0.73203909 0.06920618
-0.56479627 0.29265255 -0.77159560 0.54660177 0.83315867 -0.08410186
-0.54851580 0.27721334 -0.78884929 0.55940866 0.82286060 -0.09981199
-0.58066535 0.15440153 -0.79936719 0.46405190 0.86950988 -0.16914028
0.48114935 -0.43295270 0.76226461 -0.75804698 -0.64220840 0.11372430
0.46532437 -0.58742183 0.66212457 -0.82367265 -0.56126273 0.08091688
0.43745494 -0.54707366 0.71368319 -0.84020346 -0.53149045 0.10759221
0.42099792 -0.65328163 0.62927258 -0.87939095 -0.46400815 0.10662112
0.23620559 -0.90143168 -0.36280552 -0.94938493 -0.29365361 0.11151608
0.26029140 -0.93218380 -0.25155869 -0.94873798 -0.29531080 0.11264013
-0.74138504 -0.59130597 -0.31734142 -0.66743261 0.60046732 0.44042343
0.08676633 -0.70558709 -0.70329118 -0.95485580 -0.26023304 0.14328027
-0.76712584 -0.61850566 -0.17020223 -0.64149576 0.73918718 0.20514745
0.21308447 -0.77118599 0.59988940 -0.96592617 -0.25859836 0.01066267
0.24060142 -0.81652594 0.52478218 -0.96346676 -0.26644787 0.02715391
-0.65806460 -0.73662686 -0.15598710 -0.75206828 0.65311259 0.08852842
-0.65947378 -0.74118435 -0.12545981 -0.75169957 0.64875799 0.11857837
-0.69005781 -0.68558121 -0.23194528 -0.71881574 0.68657577 0.10916811
-0.74589032 -0.58594495 -0.31672740 -0.64705479 0.75024039 0.13586558
-0.76162797 -0.62877762 -0.15672104 -0.64744157 0.72819692 0.22483049
-0.67954588 -0.69621438 -0.23130703 -0.72802550 0.67886478 0.09550659
-0.64365816 -0.73256755 -0.22147001 -0.75670093 0.56589276 0.32736713
-0.65107644 -0.71751690 -0.24752578 -0.75900716 0.61666954 0.20887047
-0.65167624 -0.72066963 -0.23654470 -0.75847673 0.62145501 0.19623125
-0.64950281 -0.74408752 -0.15646051 -0.75997818 0.62877113 0.16456026
-0.65337801 -0.74360663 -0.14193802 -0.75689578 0.63812041 0.14110722
-0.65486723 -0.73960185 -0.15536436 -0.75530475 0.64751548 0.10118558
-0.53163576 -0.02881511 -0.84648281 0.22068827 0.96018571 -0.17128950
-0.49526432 -0.02776890 -0.86829847 0.25684017 0.95012909 -0.17688367
-0.48837709 -0.01384383 -0.87252289 0.26127541 0.95168453 -0.16134350
-0.47844386 -0.00248771 -0.87811464 0.29942858 0.93960136 -0.16580658
-0.55942655 0.08181749 -0.82483202 0.36850792 0.91591215 -0.15908143
-0.51630819 0.05456750 -0.85466266 0.34098151 0.92855233 -0.14670438
-0.52698714 0.04112715 -0.84887761 0.33718082 0.92697227 -0.16441271
-0.53144521 0.04300081 -0.84600055 0.36613190 0.91226512 -0.18362977
-0.47320119 0.00354405 -0.88094729 0.30489066 0.93885207 -0.15999515
-0.50011164 0.44909412 -0.74040729 0.68181986 0.73132366 -0.01695404
0.49930573 -0.38718733 0.77509987 -0.67182279 -0.73792815 0.06415752
-0.55576420 0.28631115 -0.78048193 0.58319926 0.80332828 -0.12059140
-0.61401325 0.18742293 -0.76672053 0.46974885 0.86740381 -0.16415450
0.41450599 -0.48084056 0.77264297 -0.81098974 -0.58037543 0.07389197
0.50100780 -0.44808316 0.74041390 -0.69692755 -0.71612346 0.03819931
0.48663837 -0.62102956 0.61441469 -0.82688606 -0.55435598 0.09459919
0.45428589 -0.56515509 0.68863928 -0.83326215 -0.54299629 0.10406339
0.33549112 -0.63009417 0.70030504 -0.91186392 -0.40386498 0.07346701
0.36926481 -0.72522509 0.58111286 -0.91131836 -0.40507817 0.07355702
0.21771447 -0.86658627 -0.44903085 -0.96237624 -0.26724064 0.04913653
0.20661391 -0.85081017 -0.48314875 -0.95182455 -0.28913793 0.10212442
0.26224381 -0.94948012 0.17238246 -0.96451390 -0.26357430 0.01554217
-0.74507952 -0.52573329 -0.41044015 -0.62720096 0.76160371 0.16303004
-0.73051780 -0.51741844 -0.44567028 -0.67628503 0.63871956 0.36698219
0.12464599 -0.76849204 -0.62760121 -0.93711156 -0.29901820 0.18002817
-0.75200784 -0.56214917 -0.34419852 -0.64956057 0.72076988 0.24199557
0.14628644 -0.84787536 0.50961530 -0.98452556 -0.17503014 -0.00859663
0.23159729 -0.83701688 0.49574733 -0.96583968 -0.25874281 0.01434948
0.22045623 -0.74486548 0.62974161 -0.96017480 -0.27934131 0.00572433
-0.65677601 -0.73736560 -0.15791546 -0.75316596 0.65177029 0.08908778
-0.65894049 -0.74137455 -0.12712653 -0.75201827 0.64564455 0.13270906
-0.72104186 -0.62631959 -0.29634875 -0.68050408 0.72062522 0.13271601
-0.73309785 -0.56032747 -0.38548762 -0.65767896 0.72844565 0.19189945
-0.75181651 -0.55670530 -0.35334298 -0.63859624 0.74821448 0.17991668
-0.67907542 -0.69061166 -0.24882153 -0.72734594 0.67879230 0.10103946
-0.64591908 -0.67602432 -0.35465443 -0.76281911 0.58975846 0.26512647
-0.65657532 -0.66768569 -0.35086280 -0.75324577 0.60455233 0.25910872
-0.66075069 -0.70982856 -0.24403276 -0.75058639 0.62715679 0.20807323
-0.65734249 -0.71553433 -0.23645638 -0.75356615 0.62672740 0.19837078
-0.65425563 -0.72810364 -0.20448644 -0.75615919 0.63449138 0.16013765
-0.65268672 -0.74020135 -0.16156161 -0.75744706 0.63286155 0.16050006
-0.53174913 -0.03150033 -0.84631586 0.21939792 0.96006930 -0.17358430
-0.49833092 -0.02561374 -0.86660850 0.23443852 0.95834512 -0.16313571
-0.50418121 -0.00116255 -0.86359715 0.28972080 0.94181836 -0.17041132
-0.54833055 0.05606822 -0.83438003 0.36079818 0.91597223 -0.17555515
-0.52412361 0.04490794 -0.85045743 0.33374310 0.92956626 -0.15659542
-0.34638983 -0.92078412 0.17936227 -0.42518681 -0.01632847 -0.90495837
0.51015705 -0.39901668 0.76192218 -0.68660712 -0.72245985 0.08137833
-0.57955247 0.27953705 -0.76549196 0.56381905 0.81576639 -0.12897038
-0.63928491 0.13978837 -0.75615740 0.43366092 0.87758768 -0.20439707
0.37372687 -0.46383631 0.80323350 -0.83961159 -0.53719789 0.08044177
0.36227763 -0.52317894 0.77138758 -0.84508353 -0.53348339 0.03506352
0.49047956 -0.42490840 0.76084334 -0.73627812 -0.66910386 0.10096899
0.39871016 -0.50969017 0.76239496 -0.83343345 -0.54825330 0.06933281
0.28805804 -0.61497343 0.73405063 -0.92226690 -0.38450032 0.03979145
0.13990499 -0.79033315 -0.59648985 -0.95901895 -0.25806206 0.11699024
0.14337727 -0.76162052 -0.63196295 -0.96585077 -0.24693206 0.07846580
-0.96391475 -0.23097935 0.13235143 -0.21780378 0.97013092 0.10680621
-0.73946196 -0.52526939 -0.42105591 -0.66706681 0.65594077 0.35321882
-0.73160768 -0.52270234 -0.43764433 -0.67117780 0.66476148 0.32804367
0.02303722 -0.81352401 0.58107495 -0.99631608 -0.06670731 -0.05389262
0.13726018 -0.83582133 0.53156602 -0.98579037 -0.16772912 -0.00918384
0.09507068 -0.80000573 0.59241241 -0.98759687 -0.15049963 -0.04474764
-0.66968745 -0.70925862 -0.22016115 -0.73934084 0.66466463 0.10768546
-0.66900897 -0.71213162 -0.21282762 -0.74196911 0.65671921 0.13491425
-0.68874502 -0.66836768 -0.28091812 -0.71462387 0.69118208 0.10761101
-0.71754640 -0.49549484 -0.48950180 -0.63464814 0.75467449 0.16639782
-0.71142977 -0.52229995 -0.47018129 -0.64062297 0.75705159 0.12835552
-0.70882124 -0.48070571 -0.51623112 -0.65911257 0.71206188 0.24194743
-0.67653841 -0.70011765 -0.22832245 -0.73235780 0.67213291 0.10903902
-0.65545106 -0.67444324 -0.33986801 -0.75385070 0.61151665 0.24032557
-0.65932029 -0.66444010 -0.35187525 -0.74773920 0.62840790 0.21445182
-0.66165882 -0.68150002 -0.31267476 -0.74547994 0.64264053 0.17684141
-0.65688396 -0.71238941 -0.24699146 -0.75229269 0.64121979 0.15130387
-0.61508882 -0.00245671 -0.78845406 0.17675225 0.97411466 -0.14092319
-0.56607455 -0.01628053 -0.82419330 0.24439500 0.95154196 -0.18665206
-0.56563413 -0.01185668 -0.82457119 0.25543189 0.94820291 -0.18885398
-0.53438103 0.01542744 -0.84510297 0.29798219 0.93907940 -0.17127907
-0.57222050 0.06398808 -0.81759971 0.36310476 0.91367626 -0.18262185
-0.57053840 0.04061895 -0.82026589 0.32857823 0.92664605 -0.18265675
-0.52901804 0.01579069 -0.84846371 0.32049045 0.92949975 -0.18252726
0.50608319 -0.39651668 0.76593369 -0.69107568 -0.71776187 0.08504295
-0.59238583 0.29449734 -0.74990022 0.57389086 0.80752307 -0.13621993
-0.62584490 0.10538740 -0.77279472 0.39542615 0.89692032 -0.19791976
-0.65980345 0.15785588 -0.73467064 0.44087678 0.87304854 -0.20836028
0.34863734 -0.49941927 0.79311568 -0.86221504 -0.50267410 0.06248172
0.32877886 -0.53712040 0.77679223 -0.85701877 -0.51524472 0.00646403
0.51863188 -0.46728978 0.71600378 -0.74412477 -0.65911484 0.10883905
0.24927565 -0.52412647 0.81434208 -0.92240858 -0.38464540 0.03479023
0.13394603 -0.68661714 0.71457362 -0.96927267 -0.24089830 -0.04978445
0.09030735 -0.63793963 -0.76477295 -0.97001040 -0.23034361 0.07759981
0.12063304 -0.94193125 -0.31338984 -0.98880589 -0.14194040 0.04599845
0.27126411 -0.95565635 0.11461571 -0.96082956 -0.26184207 0.09080370
-0.97251695 -0.22077595 0.07395159 -0.21427581 0.97291940 0.08668246
-0.71369243 -0.49308187 -0.49750733 -0.66280639 0.70512390 0.25196844
-0.02369166 -0.80480170 0.59307086 -0.99535501 -0.03638253 -0.08913326
0.02665430 -0.74114627 0.67081422 -0.99252927 -0.09954476 -0.07054421
0.07224769 -0.71840537 0.69186270 -0.98149079 -0.17456169 -0.07876652
-0.66678441 -0.70878959 -0.23025209 -0.74413270 0.65012807 0.15362310
-0.68519342 -0.65833968 -0.31160691 -0.71455884 0.69047761 0.11245637
-0.68100315 -0.44656911 -0.58035403 -0.64152235 0.74598491 0.17876141
-0.72093409 -0.49996498 -0.47988445 -0.64562333 0.73620391 0.20291495
-0.67530334 -0.48162070 -0.55857587 -0.66096473 0.73123199 0.16859885
-0.71446121 -0.54537970 -0.43829921 -0.65319663 0.74441880 0.13847344
-0.67533326 -0.68111724 -0.28285033 -0.72937667 0.67362183 0.11934541
-0.63923889 -0.58103502 -0.50375783 -0.75927049 0.58078760 0.29358828
-0.65868384 -0.64125681 -0.39360565 -0.73932934 0.64875829 0.18029119
-0.66453236 -0.67866760 -0.31274125 -0.74230295 0.64765513 0.17184097
-0.66535443 -0.72048652 -0.19545524 -0.74646723 0.63876045 0.18647236
-0.56370765 -0.04149792 -0.82493126 0.20384735 0.96085399 -0.18763232
-0.57444012 -0.00972487 -0.81848890 0.28113577 0.93675804 -0.20843965
-0.55565590 0.01108470 -0.83133858 0.28989118 0.93974411 -0.18122935
-0.61114752 0.06824451 -0.78856927 0.35269019 0.91538388 -0.19411841
-0.56498188 0.03382855 -0.82440960 0.33485851 0.92257720 -0.19162750
0.49384001 -0.41496855 0.76414871 -0.70169723 -0.70918852 0.06835744
-0.51530498 0.40627927 -0.75458467 0.66837335 0.74162894 -0.05712768
-0.58071452 0.32592747 -0.74601740 0.60001260 0.79069239 -0.12161611
-0.63532138 0.08534958 -0.76751691 0.37767783 0.90124518 -0.21240692
-0.66793841 0.11484749 -0.73530155 0.41569698 0.87709659 -0.24061917
0.23854297 -0.54333967 0.80490953 -0.91262782 -0.40875503 -0.00545634
0.27101123 -0.58185828 0.76680762 -0.88482165 -0.46424812 -0.03955363
0.33541477 -0.55887043 0.75839353 -0.85056484 -0.52574980 -0.01125270
0.49732545 -0.47112581 0.72849703 -0.75128168 -0.65380865 0.09005588
0.21581371 -0.48737562 0.84610254 -0.91972148 -0.39247930 0.00851394
0.09150472 -0.56171280 0.82225639 -0.97157711 -0.23139320 -0.04995114
0.04869616 -0.62459987 0.77942532 -0.98389345 -0.16437298 -0.07025114
0.11125445 -0.86103106 -0.49623385 -0.98784649 -0.15035352 0.03941031
0.12222712 -0.94578010 -0.30093291 -0.98828363 -0.14390405 0.05086352
0.14648670 -0.98366725 -0.10459647 -0.98543334 -0.15434301 0.07141086
0.21762459 -0.95608431 0.19632222 -0.97556454 -0.20684633 0.07408394
0.27253836 -0.96139836 0.03789438 -0.96092778 -0.27000195 0.06096470
-0.68743151 -0.44056118 -0.57735932 -0.67034334 0.69078332 0.27103192
-0.04236267 -0.67267412 0.73872524 -0.99425262 -0.04437983 -0.09742777
0.00929139 -0.70586008 0.70829046 -0.99095607 -0.10132302 -0.08797594
-0.66383868 -0.69096112 -0.28616616 -0.74412751 0.64850706 0.16035253
-0.68465143 -0.62133276 -0.38104862 -0.70238793 0.70207506 0.11722565
-0.68108487 -0.65921134 -0.31869084 -0.71790338 0.68681455 0.11358090
-0.68710339 -0.46065968 -0.56185555 -0.63606435 0.75513422 0.15872771
-0.70452154 -0.47604918 -0.52633321 -0.64968437 0.73108250 0.20839551
-0.70687240 -0.52938008 -0.46913549 -0.65243560 0.74416667 0.14333121
-0.67381746 -0.66934711 -0.31296086 -0.72757828 0.67489570 0.12306801
-0.67226982 -0.67462730 -0.30484647 -0.73051351 0.67127907 0.12543687
-0.64282453 -0.59518945 -0.48220968 -0.73542470 0.65564269 0.17112358
-0.65219986 -0.62448967 -0.42970690 -0.73971671 0.64820349 0.18069714
-0.66202652 -0.64599800 -0.38000995 -0.73598409 0.65613222 0.16678734
-0.66580075 -0.66174012 -0.34468731 -0.73694533 0.65548831 0.16506547
-0.66714031 -0.68937129 -0.28229606 -0.74139255 0.65134627 0.16150904
-0.57427371 -0.04227366 -0.81757128 0.20280495 0.96019137 -0.19210114
-0.61211151 -0.01697404 -0.79058927 0.25704592 0.94120556 -0.21922484
-0.59049857 0.00475895 -0.80702472 0.27037090 0.94336265 -0.19226700
-0.58750492 0.02789889 -0.80873954 0.32802454 0.92182481 -0.20649187
-0.60523653 0.06023803 -0.79376328 0.34901634 0.91626483 -0.19658686
-0.58629417 0.03431669 -0.80937117 0.32873225 0.92322290 -0.19898395
-0.54341507 0.37747228 -0.74980980 0.64238316 0.76198900 -0.08195547
-0.66159797 0.22559145 -0.71512002 0.49851000 0.84473157 -0.19472113
-0.65592074 0.09302355 -0.74907583 0.38214004 0.89673036 -0.22325715
-0.66994828 0.10682011 -0.73468280 0.39831224 0.88682729 -0.23427474
-0.68639219 0.12947252 -0.71561348 0.42070910 0.87334049 -0.24552062
0.23910856 -0.55363494 0.79769391 -0.90781254 -0.41896078 -0.01866074
0.18824543 -0.61494797 0.76576930 -0.92789835 -0.36685482 -0.06650048
0.27580929 -0.59425306 0.75550812 -0.87184745 -0.48561913 -0.06368828
0.19659086 -0.62644356 0.75426817 -0.91480327 -0.39401513 -0.08880956
0.35677201 -0.56575024 0.74339795 -0.79962867 -0.59638774 -0.07011241
0.52078909 -0.44826347 0.72652507 -0.71414334 -0.69505322 0.08306810
-0.08120786 -0.55571467 0.82739741 -0.96175581 -0.17418788 -0.21138681
-0.13243875 -0.49654618 0.85784721 -0.96743369 -0.12359636 -0.22089832
0.08611961 -0.72670853 -0.68152636 -0.99092531 -0.13333899 0.01696262
0.11641472 -0.88621843 -0.44840229 -0.98794371 -0.14971496 0.03940425
0.11007223 -0.98364335 -0.14258297 -0.99320024 -0.11432656 0.02197177
0.15509826 -0.97757930 0.14241910 -0.98778415 -0.15565917 0.00726344
0.18510829 -0.95600611 0.22756806 -0.98258442 -0.17623213 0.05890775
-0.65635800 -0.40125334 -0.63889742 -0.64129806 0.74279970 0.19231610
-0.03160328 -0.71505761 0.69835085 -0.99245745 -0.06034963 -0.10670619
-0.06419884 -0.69670874 0.71447563 -0.99452204 -0.01451361 -0.10351498
-0.67353928 -0.63786215 -0.37346596 -0.71628666 0.68796057 0.11680637
-0.67680210 -0.65748280 -0.33114246 -0.72175682 0.68119395 0.12264563
-0.68185055 -0.46087310 -0.56804568 -0.63708931 0.75574028 0.15157111
-0.70007664 -0.47701132 -0.53136897 -0.63488454 0.75639570 0.15743954
-0.66574699 -0.45046461 -0.59486359 -0.63652784 0.75885695 0.13772616
-0.68854558 -0.54971975 -0.47298333 -0.67159331 0.72944760 0.12987953
-0.67340839 -0.66280770 -0.32742509 -0.72577995 0.67696643 0.12231109
-0.67079771 -0.67709816 -0.30260295 -0.73540324 0.66007531 0.15324065
-0.60145593 -0.50683826 -0.61754823 -0.76805532 0.57957423 0.27236903
-0.65712297 -0.61667591 -0.43347469 -0.73032510 0.66321516 0.16361855
-0.66156214 -0.62849700 -0.40905637 -0.73033834 0.66376162 0.16132730
-0.66959023 -0.66833395 -0.32400417 -0.73436981 0.66100800 0.15417340
-0.60957885 -0.03823981 -0.79180264 0.18833768 0.96325046 -0.19151387
-0.61340696 -0.02630563 -0.78932875 0.21570301 0.95586526 -0.19948389
-0.65335613 -0.00033508 -0.75705063 0.25642756 0.94078952 -0.22172064
-0.61929345 -0.01874974 -0.78493577 0.22589029 0.95319283 -0.20099033
-0.62067729 0.02517380 -0.78366190 0.31033409 0.92575037 -0.21605326
-0.62724930 0.03399735 -0.77807623 0.29925570 0.93287283 -0.20048511
-0.60918766 0.04893161 -0.79151511 0.34273866 0.91630930 -0.20714156
0.56312507 -0.39264166 0.72713321 -0.65391970 -0.74971211 0.10159135
-0.66821247 0.23121229 -0.70713019 0.50283462 0.84087479 -0.20021741
-0.69618773 0.14133230 -0.70380956 0.42883021 0.86814636 -0.24985340
-0.66890311 0.09865355 -0.73677421 0.38009429 0.89717686 -0.22494897
-0.66428161 0.10052631 -0.74069190 0.38859206 0.89292967 -0.22731674
0.03946431 -0.60770828 0.79317921 -0.95500278 -0.25646579 -0.14898002
0.11417093 -0.64207113 0.75809610 -0.93989730 -0.31699064 -0.12692532
0.28517193 -0.63152158 0.72101146 -0.87284642 -0.48190340 -0.07686573
0.11965181 -0.67977750 0.72359246 -0.93485796 -0.32251731 -0.14840195
0.36318940 -0.58551878 0.72474909 -0.82748139 -0.56021136 -0.03791904
-0.58719587 0.44494709 -0.67618275 0.61611140 0.78747886 -0.01684698
-0.07075030 -0.58260065 0.80967331 -0.96068919 -0.17866030 -0.21250133
-0.12048439 -0.56627512 0.81536257 -0.95659554 -0.15331285 -0.24783097
-0.13629773 -0.51346499 0.84721708 -0.96490371 -0.12496276 -0.23096579
-0.13826194 -0.44634593 0.88411486 -0.97526586 -0.09408099 -0.20001343
0.08767924 -0.74547225 -0.66074467 -0.99094194 -0.13300225 0.01856155
0.10018579 -0.92280245 -0.37201947 -0.99448794 -0.10449634 -0.00861268
0.10778529 -0.97972310 -0.16889374 -0.99362326 -0.11181480 0.01450357
0.11971980 -0.98783237 0.09926966 -0.99268132 -0.11750932 0.02784435
0.15276790 -0.98444551 0.08676978 -0.98814404 -0.15080248 0.02881024
0.18213928 -0.93478924 0.30494991 -0.98321980 -0.17636627 0.04662289
0.17142166 -0.95692414 0.23433049 -0.98519707 -0.16621906 0.04192837
-0.69888449 -0.46914017 -0.53987783 -0.63207036 0.75837749 0.15921900
-0.09714238 -0.51131946 0.85388279 -0.97875732 -0.10655665 -0.17515668
-0.07570408 -0.60909635 0.78947484 -0.99235207 -0.03139543 -0.11938055
-0.07212715 -0.60581011 0.79233319 -0.99501252 -0.01117572 -0.09912216
-0.67173809 -0.63339537 -0.38415921 -0.71788824 0.68454516 0.12662768
-0.64111525 -0.41919214 -0.64284462 -0.63048315 0.76528072 0.12975566
-0.65565020 -0.44099724 -0.61289823 -0.63915217 0.75631428 0.13954636
-0.67425323 -0.53249711 -0.51169276 -0.67965519 0.71846735 0.14789720
-0.67154431 -0.63116270 -0.38815194 -0.71744484 0.68480921 0.12770778
-0.63751674 -0.56313473 -0.52578682 -0.72836715 0.66296405 0.17308958
-0.65999329 -0.59725320 -0.45573854 -0.72208542 0.67174625 0.16537730
-0.67206180 -0.63425702 -0.38216615 -0.71749187 0.68539739 0.12424120
-0.61581099 -0.05163608 -0.78620011 0.13245499 0.97686374 -0.16790719
-0.63216352 -0.02763976 -0.77434194 0.21002133 0.95583951 -0.20557714
-0.63321823 -0.01916002 -0.77373612 0.21322496 0.95668972 -0.19819175
-0.64062691 -0.00738216 -0.76781684 0.25209954 0.94250154 -0.21940057
-0.62920392 -0.01470301 -0.77710128 0.22488593 0.95361149 -0.20012850
-0.66471708 0.04513430 -0.74573064 0.29799798 0.93134803 -0.20925604
-0.62476331 0.03784445 -0.77989662 0.35763115 0.90176481 -0.24273477
-0.62944430 0.05651832 -0.77498746 0.33555683 0.91933340 -0.20549384
-0.60499704 0.35424063 -0.71308637 0.60826701 0.78353405 -0.12682918
-0.69120800 0.23553507 -0.68319458 0.48271126 0.85403591 -0.19393954
-0.70648944 0.13441175 -0.69484258 0.40182683 0.88438457 -0.23748508
-0.67867917 0.09979989 -0.72762257 0.37180895 0.90107489 -0.22320886
0.04818184 -0.64452296 0.76306534 -0.95875788 -0.24408278 -0.14562611
0.09087521 -0.71961766 0.68839830 -0.92602837 -0.31535780 -0.20741481
0.29840735 -0.62677073 0.71979970 -0.85921568 -0.50478071 -0.08333633
0.03645855 -0.71714616 0.69596857 -0.94330621 -0.25461301 -0.21294519
0.31945226 -0.64192700 0.69705099 -0.84656352 -0.52384228 -0.09444340
0.58346003 -0.38401422 0.71561688 -0.63954067 -0.76034492 0.11341694
-0.05805980 -0.63407630 0.77108777 -0.96651638 -0.15768360 -0.20244022
-0.12722811 -0.55164045 0.82432139 -0.96620929 -0.11890095 -0.22869667
-0.12400842 -0.56390560 0.81647557 -0.96514750 -0.12255856 -0.23123518
-0.12272599 -0.51901823 0.84590691 -0.98058993 -0.06791058 -0.18393359
-0.13286330 -0.44238755 0.88692766 -0.97632307 -0.09570844 -0.19399297
0.08890605 -0.78229773 -0.61652738 -0.99497747 -0.09833640 -0.01870346
0.10420085 -0.97199708 -0.21062747 -0.99439925 -0.10558441 -0.00469793
0.08774501 -0.82664192 -0.55584526 -0.99548948 -0.09297601 -0.01887463
0.10748383 -0.97992295 -0.16792350 -0.99374044 -0.11106297 0.01204189
0.10889389 -0.98923987 0.09770716 -0.99400800 -0.10930151 0.00118700
0.14632718 -0.97024739 0.19289503 -0.98923600 -0.14365441 0.02784840
0.16663338 -0.94300926 0.28803974 -0.98595017 -0.16280390 0.03737896
-0.56810611 -0.31977919 -0.75828528 -0.64223135 0.74842215 0.16553894
-0.08203392 -0.55536306 0.82755208 -0.98868531 -0.05928482 -0.13779235
-0.08537065 -0.52100217 0.84927541 -0.99128747 -0.04139715 -0.12504172
-0.07758192 -0.59777528 0.79790086 -0.99453950 -0.00962953 -0.10391591
-0.65877098 -0.46203378 -0.59375554 -0.65984315 0.73396116 0.16095965
-0.66868192 -0.52763277 -0.52389711 -0.68167919 0.71641266 0.14854778
-0.66523260 -0.53953499 -0.51610821 -0.69022697 0.70796859 0.14955723
-0.62473065 -0.50840050 -0.59265554 -0.71413827 0.67895985 0.17035286
-0.64370900 -0.57358640 -0.50659400 -0.72536349 0.66829288 0.16502240
-0.66189951 -0.58148915 -0.47303224 -0.70029283 0.70476842 0.11354047
-0.65444624 -0.57059002 -0.49611211 -0.71316528 0.68379897 0.15431885
-0.66495860 -0.03014177 -0.74627179 0.17623578 0.96463823 -0.19599479
-0.66306657 -0.01745429 -0.74835700 0.20343451 0.95789951 -0.20259057
-0.66166866 0.00660178 -0.74976742 0.26465687 0.93765414 -0.22530317
-0.68780255 0.01333125 -0.72577542 0.23867092 0.94839555 -0.20876315
-0.66216791 0.05389577 -0.74741483 0.31068304 0.92739230 -0.20837399
-0.66449815 0.02922053 -0.74671841 0.29316980 0.92932284 -0.22452299
-0.62142962 0.36693624 -0.69223052 0.60472715 0.78639889 -0.12602311
-0.68802720 0.25871521 -0.67800081 0.49878302 0.84721458 -0.18287440
-0.71538669 0.14195411 -0.68415713 0.40501434 0.88212031 -0.24047287
-0.68462187 0.10126557 -0.72182977 0.37046400 0.90119869 -0.22493854
-0.01844176 -0.65297580 0.75715423 -0.95447153 -0.21400759 -0.20780958
0.03591576 -0.73521334 0.67688370 -0.93181986 -0.26940244 -0.24317507
0.11024631 -0.75706643 0.64396912 -0.92026776 -0.32249862 -0.22158945
0.00218051 -0.70319599 0.71099269 -0.96303791 -0.19298856 -0.18791875
0.03360801 -0.71778381 0.69545448 -0.94343269 -0.25244400 -0.21495771
0.32265681 -0.64909875 0.68888563 -0.84524351 -0.52514517 -0.09892422
0.46379986 -0.54946840 0.69496346 -0.76983213 -0.63818026 0.00919208
-0.08680027 -0.64617884 0.75823390 -0.96982658 -0.11924344 -0.21264391
-0.10415629 -0.62964439 0.76986974 -0.97325706 -0.09483140 -0.20923133
-0.11860628 -0.55735260 0.82176065 -0.97862726 -0.07440315 -0.19171047
-0.11939262 -0.53786314 0.83453500 -0.98069787 -0.06720452 -0.18361712
0.10130649 -0.97336149 -0.20568046 -0.99471360 -0.10259241 -0.00443136
0.03712588 -0.80809218 -0.58788490 -0.99919093 -0.03912187 -0.00932456
0.10881194 -0.98900139 0.10018094 -0.99400669 -0.10931891 0.00043157
0.13267623 -0.94155878 0.30961922 -0.99076855 -0.13475908 0.01475300
-0.63538086 -0.39948729 -0.66083360 -0.63420045 0.75819445 0.15142962
-0.64183503 -0.44282129 -0.62606484 -0.66490996 0.72808957 0.16667432
-0.68898392 -0.58158022 -0.43251091 -0.69638336 0.69659418 0.17264667
-0.66185802 -0.53566152 -0.52441460 -0.68688792 0.71352434 0.13808697
-0.62357092 -0.49674016 -0.60366261 -0.71235192 0.67913622 0.17699918
-0.62723815 -0.51177698 -0.58707464 -0.71210706 0.68211627 0.16619566
-0.64547634 -0.55870229 -0.52078032 -0.71567810 0.68057746 0.15690519
-0.70302409 -0.02025747 -0.71087754 0.16439199 0.96789229 -0.19015735
-0.67205650 -0.02730471 -0.73999637 0.18811303 0.96024203 -0.20627360
-0.68018925 -0.01185239 -0.73294079 0.20745385 0.95588022 -0.20798041
-0.66986930 -0.02101986 -0.74218148 0.19591461 0.95916885 -0.20399158
-0.69039965 0.01935231 -0.72316939 0.25296471 0.94299388 -0.21626696
-0.69133282 0.00310223 -0.72252983 0.22880588 0.94946688 -0.21485002
-0.69083542 0.07648195 -0.71895552 0.36422101 0.89581329 -0.25467944
-0.70638490 0.05218260 -0.70590180 0.29243580 0.92970210 -0.22390927
0.63223326 -0.38251507 0.67376810 -0.61947244 -0.77187026 0.14307456
-0.63792759 0.36334965 -0.67898858 0.57894099 0.80768037 -0.11171322
0.69639945 -0.27597812 0.66246802 -0.52950889 -0.82067347 0.21474509
-0.72107661 0.21435001 -0.65886468 0.45524952 0.86343163 -0.21733326
-0.73360139 0.14726064 -0.66343296 0.39560658 0.88631350 -0.24071521
-0.00354727 -0.69055939 0.72326702 -0.96361125 -0.19095983 -0.18705024
0.05175069 -0.74335486 0.66689241 -0.95729077 -0.22713731 -0.17889415
0.05242484 -0.77556962 0.62908143 -0.92510647 -0.27494931 -0.26187986
-0.00532592 -0.70539320 0.70879626 -0.97016460 -0.16816428 -0.17464674
0.46474707 -0.56067878 0.68530983 -0.76479560 -0.64421821 -0.00840920
-0.07995107 -0.67000276 0.73804080 -0.96970224 -0.11918411 -0.21324351
-0.11097436 -0.62566602 0.77215719 -0.97562277 -0.07942843 -0.20457596
-0.12338021 -0.52988541 0.83904642 -0.98055327 -0.06493717 -0.18519852
-0.12617254 -0.50138932 0.85597265 -0.98696697 -0.02343339 -0.15920766
0.09940440 -0.99504274 -0.00296749 -0.99504685 -0.09940615 0.00045459
0.09154581 -0.97183317 -0.21716271 -0.99578780 -0.09045795 -0.01496653
0.01351061 -0.83386934 -0.55179662 -0.99989468 -0.01419564 -0.00302988
0.09984194 -0.94003904 0.32612610 -0.99456960 -0.10396183 0.00481895
0.09502175 -0.98011917 0.17417629 -0.99545926 -0.09454431 0.01105549
0.11644774 -0.93885261 0.32403052 -0.99267060 -0.12063679 0.00720325
-0.61592180 -0.38593125 -0.68680245 -0.64942968 0.74223167 0.16532773
-0.62735987 -0.42313901 -0.65373784 -0.66440219 0.72872555 0.16591825
-0.60171127 -0.40496713 -0.68843681 -0.67871600 0.71362960 0.17342846
-0.69305891 -0.03830704 -0.71986252 0.19832858 0.94991940 -0.24149330
-0.70541871 -0.01486261 -0.70863503 0.18550104 0.96106184 -0.20481601
-0.68933421 -0.00951480 -0.72438103 0.21065380 0.95407474 -0.21299386
-0.70546448 0.02884772 -0.70815796 0.25712046 0.94151860 -0.21778852
-0.71749973 0.01494827 -0.69639838 0.23804192 0.94484013 -0.22497368
-0.73330683 0.07449950 -0.67580396 0.30944014 0.92163503 -0.23417027
-0.68902725 0.32073286 -0.64990145 0.54232246 0.82304025 -0.16879310
-0.73357773 0.23312575 -0.63836986 0.46567816 0.85657352 -0.22231907
-0.74468023 0.15569673 -0.64900690 0.40018335 0.88238358 -0.24749252
-0.75312394 0.11253466 -0.64818239 0.35299093 0.90054846 -0.25379115
-0.06313281 -0.75083905 0.65746105 -0.94281107 -0.17117387 -0.28601903
-0.04253751 -0.79677635 0.60277528 -0.93506950 -0.18075326 -0.30491540
0.07531689 -0.80187875 0.59272081 -0.91787130 -0.28803197 -0.27303836
-0.06655434 -0.70621431 0.70486301 -0.95724767 -0.15411589 -0.24479625
0.23827688 -0.73103499 0.63938409 -0.87113965 -0.45191929 -0.19205403
-0.09800266 -0.67108864 0.73487115 -0.96776104 -0.10789413 -0.22759050
-0.10804761 -0.64119345 0.75973463 -0.97973520 -0.06096983 -0.19079229
-0.11182821 -0.60361844 0.78939170 -0.98529035 -0.03594480 -0.16706559
-0.11960164 -0.55376595 0.82403809 -0.98802531 -0.01510147 -0.15355131
0.09047671 -0.99585229 -0.00960050 -0.99589634 -0.09049271 0.00124471
0.02351345 -0.95909286 -0.28211367 -0.99972343 -0.02242664 -0.00708125
-0.02308208 -0.75472379 -0.65563655 -0.99935579 0.03544696 -0.00562119
0.07072957 -0.96216828 0.26311523 -0.99740720 -0.07173008 0.00581408
0.08286172 -0.98641568 0.14183833 -0.99653077 -0.08090515 0.01951619
0.10906889 -0.90813673 0.40421736 -0.99323261 -0.11589155 0.00763304
-0.64846092 -0.42194945 -0.63360643 -0.65039575 0.73960871 0.17310223
-0.69582993 -0.04596708 -0.71673411 0.12341212 0.97545362 -0.18237250
-0.71255243 -0.04027323 -0.70046210 0.15401514 0.96502250 -0.21215768
-0.71577901 -0.01129691 -0.69823551 0.19377476 0.95739138 -0.21413332
-0.73126709 0.00302089 -0.68208462 0.22258383 0.94630504 -0.23444241
-0.72961444 0.06529684 -0.68073434 0.30443409 0.92236751 -0.23781943
0.40444291 -0.64804935 0.64533556 -0.79821718 -0.59454322 -0.09678701
-0.71533573 0.27918780 -0.64058489 0.50724590 0.83798158 -0.20121747
-0.77223349 0.17185208 -0.61165541 0.40414929 0.87570304 -0.26421118
-0.76169842 0.11665187 -0.63734436 0.35655901 0.89678669 -0.26199120
-0.75222379 0.08267310 -0.65370071 0.31840929 0.91417915 -0.25078297
-0.07805432 -0.74886370 0.65811151 -0.94611210 -0.15246591 -0.28570282
-0.04877103 -0.78350163 0.61947286 -0.94217139 -0.16979614 -0.28893316
-0.04184251 -0.80596215 0.59048647 -0.94301885 -0.16340265 -0.28985360
0.13323104 -0.78194761 0.60893971 -0.91303575 -0.33583117 -0.23148048
0.03004269 -0.81270772 0.58189660 -0.91854811 -0.25201848 -0.30455872
-0.08338937 -0.71394938 0.69521397 -0.95734394 -0.13628694 -0.25479102
0.21736279 -0.76282299 0.60897833 -0.87578791 -0.42789137 -0.22339329
-0.08605387 -0.70603871 0.70292538 -0.97154784 -0.09679373 -0.21616170
-0.09897298 -0.67231935 0.73361510 -0.98271435 -0.04987223 -0.17828453
-0.10472036 -0.65614259 0.74733567 -0.98035634 -0.05818465 -0.18845710
-0.11082861 -0.61922199 0.77735525 -0.98419666 -0.04031163 -0.17242952
-0.11549114 -0.58501512 0.80275720 -0.98747885 -0.01980929 -0.15650289
-0.11990286 -0.53874624 0.83389199 -0.99031121 0.00563746 -0.13875176
0.08282281 -0.99654645 0.00597079 -0.99656367 -0.08281440 0.00164420
-0.01855391 -0.94713753 -0.32029095 -0.99964404 0.02371565 -0.01222226
-0.03495075 -0.82607991 -0.56246817 -0.99872458 0.04939107 -0.01048023
0.07152279 -0.95393276 0.29137057 -0.99741131 -0.06622329 0.02802296
0.00910129 -0.84569466 0.53358954 -0.99908692 -0.02996619 -0.03045274
0.07866541 -0.86827385 0.48980838 -0.99468839 -0.10108089 -0.01943278
0.10991206 -0.91847986 0.37988704 -0.99385828 -0.10649934 0.03006028
-0.60081875 -0.36671263 -0.71030891 -0.65720099 0.73245585 0.17775062
-0.62580013 -0.38747412 -0.67693281 -0.63389164 0.75835234 0.15193169
-0.74683422 -0.04407218 -0.66354835 0.14775901 0.96186250 -0.23019095
-0.73290449 -0.00580240 -0.68030685 0.19664238 0.95547581 -0.21999504
-0.74139082 0.00638928 -0.67104316 0.22236867 0.94579977 -0.23667499
-0.75577837 0.03432100 -0.65392756 0.26897210 0.92676449 -0.26222447
0.40993011 -0.64956850 0.64032662 -0.79353803 -0.60011953 -0.10076664
0.22354868 -0.75858426 0.61202615 -0.88009351 -0.42694929 -0.20772523
0.51756066 -0.55152249 0.65418190 -0.72092432 -0.69287676 -0.01378068
-0.79878145 0.11372497 -0.59077471 0.33374542 0.90078425 -0.27785212
-0.76977676 0.09324459 -0.63146597 0.33756050 0.89908856 -0.27873406
-0.76999027 0.08099295 -0.63289428 0.29946303 0.92174947 -0.24637353
-0.07529818 -0.74237031 0.66574508 -0.95012736 -0.14921281 -0.27384961
-0.06626195 -0.78386772 0.61738217 -0.96013111 -0.11832048 -0.25327548
-0.06244487 -0.79636508 0.60158402 -0.94935656 -0.13857748 -0.28199002
-0.03024552 -0.82605535 0.56277692 -0.94076413 -0.16670351 -0.29525056
-0.05919200 -0.79997444 0.59710747 -0.94861561 -0.14118373 -0.28318822
0.00597871 -0.82044184 0.57169878 -0.93904477 -0.20113082 -0.27882138
0.01530725 -0.83638299 0.54793179 -0.92324483 -0.22222711 -0.31342334
-0.08230092 -0.71304643 0.69626963 -0.96435362 -0.11932261 -0.23618686
-0.08087824 -0.72203994 0.68710780 -0.95714724 -0.13606548 -0.25564709
0.21310610 -0.76752710 0.60455596 -0.87637949 -0.42369953 -0.22899292
-0.09336593 -0.70230156 0.70573038 -0.96433747 -0.11253025 -0.23956239
-0.10228031 -0.67586082 0.72989792 -0.97922570 -0.06074069 -0.19346234
-0.10464276 -0.65487039 0.74846160 -0.98506820 -0.03520590 -0.16852641
-0.10882565 -0.63087898 0.76821136 -0.99112970 0.00955921 -0.13255417
-0.12831452 -0.43559286 0.89095134 -0.99108660 0.02387753 -0.13106208
-0.11179017 -0.61923987 0.77720326 -0.99238145 0.02880726 -0.11978833
-0.01320662 -0.99990708 -0.00339316 -0.99990785 0.01321720 -0.00311440
-0.02368980 -0.95680135 -0.28977588 -0.99947274 0.02910520 -0.01439247
-0.09561540 -0.81072855 -0.57756120 -0.99355096 0.11325281 0.00550846
-0.07870825 -0.90440339 0.41935620 -0.99689269 0.07006939 -0.03599016
-0.00832749 -0.88469851 0.46608928 -0.99955738 -0.00594844 -0.02914975
0.01046151 -0.88536870 0.46477178 -0.99915200 -0.02776596 -0.03040302
0.01787771 -0.89542490 0.44485360 -0.99883074 -0.03598270 -0.03228702
0.07768813 -0.83984393 0.53723997 -0.99414378 -0.10585937 -0.02172619
0.09567440 -0.86516643 0.49227381 -0.99532288 -0.07650376 0.05898836
-0.57453835 -0.33446550 -0.74701971 -0.65013611 0.74094939 0.16827679
-0.64419663 -0.40508649 -0.64878023 -0.63413596 0.75713199 0.15691637
-0.75647515 -0.06313137 -0.65096831 0.12299892 0.96383744 -0.23640785
-0.74686086 -0.04204930 -0.66364956 0.14754044 0.96264613 -0.22703364
-0.73232639 -0.02270404 -0.68057519 0.18516164 0.95514691 -0.23110518
-0.75491560 -0.01062309 -0.65573603 0.20044667 0.94828421 -0.24612650
-0.75953263 0.01910952 -0.65018845 0.24212672 0.93604422 -0.25533488
-0.77972221 0.05263008 -0.62390977 0.27392682 0.92471230 -0.26433176
0.23606607 -0.76750791 0.59599030 -0.86594528 -0.44444683 -0.22935969
-0.79366487 0.09186564 -0.60137904 0.33329177 0.89263868 -0.30350101
-0.07515863 -0.73461074 0.67431313 -0.96229571 -0.12384497 -0.24217632
-0.07070388 -0.78749430 0.61225295 -0.95888638 -0.11545994 -0.25924098
-0.07400610 -0.77130973 0.63214272 -0.96521288 -0.10399806 -0.23989260
-0.04567529 -0.83983874 0.54091096 -0.94814402 -0.13404821 -0.28819093
-0.06867985 -0.81048292 0.58172208 -0.96496087 -0.09404914 -0.24495995
0.01570636 -0.83693922 0.54707044 -0.92303032 -0.22248584 -0.31387126
-0.07716817 -0.73095053 0.67805344 -0.96149373 -0.12536287 -0.24456891
-0.08427743 -0.72829294 0.68006378 -0.97663939 -0.07501505 -0.20136583
-0.10323314 -0.68215764 0.72388113 -0.97976255 -0.05573503 -0.19224714
-0.10088322 -0.67799425 0.72811157 -0.98826534 -0.01607658 -0.15189873
-0.10523448 -0.65645367 0.74699020 -0.99128658 0.00940313 -0.13138704
-0.11183844 -0.60191655 0.79068869 -0.99258882 0.02960267 -0.11786086
-0.11888737 -0.57929033 0.80640459 -0.99276793 0.05571895 -0.10633633
-0.11518706 -0.57290888 0.81148469 -0.99312776 0.04938025 -0.10610808
-0.05431071 -0.99670273 -0.06028293 -0.99850106 0.05380001 0.01006378
-0.13451615 -0.93066829 -0.34023812 -0.99015391 0.13966461 0.00943532
-0.13690667 -0.83868045 -0.52713537 -0.98821753 0.15239652 0.01419292
-0.08003917 -0.93569130 0.34362128 -0.99664360 0.08106469 -0.01140499
-0.08002634 -0.88223082 0.46396625 -0.99679214 0.07134108 -0.03627491
-0.02563598 -0.89482504 0.44568029 -0.99952126 0.01521830 -0.02693857
0.01344129 -0.83583081 0.54882264 -0.99862176 -0.03906979 -0.03504406
0.09006664 -0.84861213 0.52129209 -0.99294728 -0.11703118 -0.01895798
0.00440879 -0.82888389 0.55940342 -0.99871415 -0.03190248 -0.03939971
-0.53655869 -0.29378793 -0.79107106 -0.65047723 0.74117696 0.16594008
-0.58411217 -0.34061402 -0.73674631 -0.63127518 0.76119465 0.14857483
-0.52810520 -0.28748018 -0.79903698 -0.63827300 0.75501275 0.15021095
-0.62335044 -0.37997812 -0.68341124 -0.63710672 0.75352597 0.16215333
-0.74635792 -0.08275642 -0.66037959 0.11718012 0.96039891 -0.25279018
-0.75212455 -0.03804241 -0.65792215 0.16806412 0.95425099 -0.24730456
-0.73461545 -0.03693569 -0.67747772 0.17454301 0.95462275 -0.24130924
-0.76777303 -0.00996491 -0.64064449 0.19582964 0.94838274 -0.24944139
-0.78170705 0.01145638 -0.62354064 0.22895971 0.93528426 -0.26985326
-0.78454089 0.01966297 -0.61976534 0.24941267 0.92508560 -0.28637373
0.15994024 -0.80917013 0.56538743 -0.88316303 -0.37315452 -0.28421605
-0.83422208 0.05707787 -0.54846674 0.27077150 0.90886062 -0.31726217
-0.81778556 0.04966661 -0.57337594 0.26994619 0.91298163 -0.30593085
-0.07720964 -0.74325979 0.66453260 -0.96726382 -0.10576802 -0.23068123
-0.06705321 -0.81149215 0.58050364 -0.96483183 -0.09547756 -0.24491554
-0.07694118 -0.77933407 0.62186688 -0.97372532 -0.07534607 -0.21490018
-0.07130390 -0.83921450 0.53910565 -0.92682058 -0.14402540 -0.34678572
-0.03535381 -0.84352028 0.53593254 -0.94190741 -0.15110479 -0.29996306
-0.08634393 -0.78817511 0.60936427 -0.96381497 -0.08875246 -0.25136369
-0.02425112 -0.84188378 0.53911382 -0.91955090 -0.19279157 -0.34242910
-0.09250873 -0.73000097 0.67715633 -0.97031677 -0.08652051 -0.22583094
-0.09744873 -0.71016574 0.69725782 -0.97974342 -0.05470000 -0.19264153
-0.09885144 -0.69066525 0.71638674 -0.98515332 -0.03362233 -0.16835266
-0.10296626 -0.67211556 0.73325205 -0.99053335 0.00200412 -0.13725773
-0.09979755 -0.67968160 0.72668654 -0.98818046 -0.01770565 -0.15226948
-0.10581505 -0.65759146 0.74590665 -0.99298573 0.03008565 -0.11434242
-0.10938375 -0.63536620 0.76442468 -0.99318892 0.03880787 -0.10986239
-0.11701468 -0.55482727 0.82369554 -0.99300939 0.05242690 -0.10575364
-0.11534560 -0.38914296 0.91392732 -0.99175984 0.09675325 -0.08397198
-0.11139809 -0.64374435 0.75708902 -0.99376476 0.06855467 -0.08793131
-0.06882709 -0.96874100 0.23833551 -0.99762785 0.06713524 -0.01521874
-0.14169125 -0.95508754 -0.26025265 -0.98824096 0.15174089 -0.01883064
-0.12999910 -0.76461214 -0.63124365 -0.98836482 0.15063356 0.02108580
-0.12984854 -0.73077822 -0.67015117 -0.98052168 0.19508865 -0.02275191
-0.08260746 -0.93329543 0.34947923 -0.99532443 0.09487703 0.01810435
-0.10376418 -0.86227649 0.49569368 -0.99428701 0.10247159 -0.02988245
