-0.45007336 0.46264762 -0.76380050 -0.11297099 0.81895673 0.56262547
-0.30710927 0.51423937 -0.80077577 -0.14141944 0.80743676 0.57275343
-0.49931276 0.44178686 -0.74532622 -0.12490334 0.81454623 0.56649238
-0.49199146 0.47780609 -0.72776765 -0.06784660 0.81235307 0.57920575
-0.37504449 0.53175676 -0.75932634 0.03128997 0.82591110 0.56293148
-0.05448013 0.57938510 -0.81323111 0.02302390 0.81495309 0.57906944
-0.37013084 0.53110170 -0.76219040 -0.02564141 0.81430650 0.57986856
-0.00071996 -0.57903159 0.81530476 0.08525418 -0.81237227 -0.57687360
0.00555180 0.60382837 -0.79709506 -0.20168394 0.78140295 0.59053624
-0.34301293 0.53156662 -0.77445406 0.03460376 0.83106554 0.55509698
-0.04361499 -0.59422243 0.80311733 -0.01478831 -0.80341023 -0.59524226
-0.00024955 -0.58116329 0.81378698 0.08455456 -0.81088501 -0.57906485
0.04074650 0.61500490 -0.78746974 -0.27402872 0.76478332 0.58310789
0.28527716 0.65617085 -0.69861060 -0.28422853 0.75403023 0.59215921
0.09689762 0.62974042 -0.77073854 -0.28535214 0.75945133 0.58464342
-0.10456971 0.43039641 -0.89656246 -0.54719156 0.72788209 0.41324225
0.22680995 0.65536749 -0.72045177 -0.28336856 0.75213301 0.59497762
0.19900176 0.64818776 -0.73501766 -0.34271893 0.74869037 0.56745619
0.13563648 0.63784945 -0.75812328 -0.31407571 0.75341058 0.57769287
0.28328925 0.04619236 -0.95792145 -0.79144406 0.57537127 -0.20631114
-0.30901769 0.29879841 -0.90289956 -0.55986822 0.71028179 0.42667010
0.09401637 0.63569504 -0.76619363 -0.46858943 0.70728117 0.52931792
0.24197571 0.66598487 -0.70562875 -0.40624535 0.72996819 0.54964644
0.19555521 0.64917219 -0.73507398 -0.30826524 0.75224292 0.58232558
0.13974823 0.64137131 -0.75439602 -0.31973189 0.75028950 0.57865119
0.38813052 0.21933122 -0.89512485 -0.82683009 0.51187885 -0.23309261
0.24472624 0.67377728 -0.69723260 -0.47131082 0.71109182 0.52174187
0.18339592 0.66350198 -0.72534895 -0.39919776 0.72455227 0.56184089
0.52046168 0.64646387 -0.55785680 -0.26522368 0.74339187 0.61402363
0.22866540 0.65578699 -0.71948290 -0.32297212 0.74830961 0.57941502
0.33692953 0.18822481 -0.92252368 -0.72512680 0.67685252 -0.12673514
0.37283954 0.23300150 -0.89816535 -0.90204257 0.31791398 -0.29197603
0.22343944 0.66048044 -0.71682662 -0.32003033 0.74436098 0.58609498
0.33882764 0.69521791 -0.63393056 -0.57580918 0.68609178 0.44465935
0.30272251 0.68531257 -0.66234875 -0.38367650 0.72378516 0.57352197
0.41673753 0.38353890 -0.82415277 -0.85241169 0.47983924 -0.20772238
0.39429066 0.31893274 -0.86186820 -0.77053225 0.62582618 -0.12092014
0.22211079 0.66331977 -0.71461445 -0.24199249 0.74749231 0.61862338
0.34024820 0.69354790 -0.63499808 -0.57498717 0.68778318 0.44310737
0.31363320 0.68805730 -0.65437865 -0.52993464 0.69867647 0.48064590
0.34045142 0.69568163 -0.63255042 -0.42247185 0.71418613 0.55808216
0.41556627 0.38399351 -0.82453239 -0.85133189 0.48335299 -0.20397058
0.31973445 0.68986970 -0.64949960 -0.55491734 0.69196123 0.46179703
0.32022047 0.68909079 -0.65008676 -0.50965321 0.70376456 0.49494362
0.33453947 0.69601941 -0.63532698 -0.41086248 0.71444774 0.56635374
0.34738761 0.69326311 -0.63143343 -0.42205563 0.71690285 0.55490476
0.31015679 0.68749756 -0.65662009 -0.55823636 0.69077253 0.45957094
0.36263227 0.69433498 -0.62160826 -0.47973824 0.71092540 0.51423371
0.39072368 0.70649308 -0.59008700 -0.45979586 0.70513690 0.53978688
0.38669902 0.70341676 -0.59637976 -0.45308256 0.70817107 0.54148859
0.34238163 0.69047225 -0.63719928 -0.59527642 0.68411869 0.42145893
0.38257226 0.70407009 -0.59826738 -0.45591542 0.70706093 0.54056078
0.40130803 0.70543206 -0.58422381 -0.45458147 0.70713443 0.54158711
0.36894086 0.69321185 -0.61914456 -0.59400737 0.68820369 0.41657048
0.37489259 0.70112264 -0.60653323 -0.50607109 0.70294046 0.49976668
0.43845862 0.72611582 -0.52963191 -0.51270723 0.68608308 0.51616025
0.40646932 0.70336235 -0.58315021 -0.45037782 0.70956790 0.54191625
0.35042775 0.68935782 -0.63402385 -0.56847453 0.69454330 0.44096076
0.35635936 0.70184064 -0.61678821 -0.73036188 0.62094826 0.28459603
0.42984432 0.71875709 -0.54646325 -0.51071578 0.69265342 0.50931388
0.40020210 0.72569841 -0.55964279 -0.64894682 0.65560484 0.38607046
0.37875596 0.60732269 -0.69835740 -0.89867425 0.42168847 -0.12067933
0.61074549 0.74404842 -0.27089092 -0.59257561 0.65639806 0.46690017
0.38985547 0.59251815 -0.70493621 -0.89413911 0.42668429 -0.13585185
0.39263588 0.58380300 -0.71064138 -0.88940787 0.43769026 -0.13183667
0.43623435 0.53452396 -0.72386718 -0.88319206 0.10034783 -0.45815080
0.43580174 0.75493091 -0.49005729 -0.82509524 0.55262560 0.11757040
0.59291613 0.25523812 -0.76374346 -0.73395759 -0.21890874 -0.64295042
0.45311722 0.48449934 -0.74829483 -0.88811427 0.17278594 -0.42590863
0.34603143 0.71242768 -0.61049908 -0.90016359 0.43554768 -0.00194700
0.49821907 0.45269468 -0.73948985 -0.75773871 -0.18721995 -0.62512469
0.47117969 0.44920823 -0.75907940 -0.87686080 0.14545722 -0.45821089
0.39476696 0.83185101 -0.39010641 -0.90386736 0.42780596 -0.00242537
0.48086491 0.48630348 -0.72957373 -0.75437272 -0.19461733 -0.62693381
0.54859787 0.34464899 -0.76174641 -0.73251271 -0.24109972 -0.63662875
-0.38280049 -0.92038643 0.07970332 0.90199190 -0.35370937 0.24758887
0.48323008 0.46695620 -0.74056780 -0.73869425 -0.23655818 -0.63116652
0.54510534 0.35271612 -0.76056004 -0.71678466 -0.27445343 -0.64101100
0.36835542 0.87444592 -0.31568763 -0.92410630 0.30724606 -0.22721671
0.46777564 0.47977260 -0.74229658 -0.72537607 -0.27145863 -0.63256603
0.49530193 0.43961683 -0.74927503 -0.70402485 -0.30217367 -0.64268196
0.52002484 0.39814392 -0.75568223 -0.71592695 -0.27935615 -0.63985068
0.55503321 0.33469972 -0.76152110 -0.71942222 -0.26642039 -0.64144516
0.34857160 0.88505685 -0.30850005 -0.91890895 0.25784552 -0.29853338
0.46193665 0.49774277 -0.73407543 -0.80249864 -0.11784658 -0.58490020
0.45804763 0.47793910 -0.74951094 -0.73270202 -0.27442488 -0.62276709
0.49217397 0.44362321 -0.74897480 -0.70020205 -0.30943340 -0.64340359
0.47883496 0.46010247 -0.74767834 -0.70300364 -0.30915993 -0.64047325
0.50486344 0.42388111 -0.75195593 -0.69290584 -0.32049596 -0.64588225
0.66341698 -0.01171335 -0.74815828 -0.74754840 0.03291171 -0.66339153
0.35019642 0.83791471 -0.41864246 -0.93591529 0.29500523 -0.19244359
0.42273444 0.50413126 -0.75309187 -0.88733739 0.06135112 -0.45702133
0.42781171 0.43994963 -0.78957051 -0.89409113 0.07784585 -0.44106820
0.45317566 0.48015395 -0.75105524 -0.74107188 -0.26532727 -0.61677706
0.47667721 0.46335363 -0.74704909 -0.70657533 -0.30363947 -0.63918257
0.47186589 0.46448481 -0.74939746 -0.70299762 -0.31476444 -0.63774425
0.48382062 0.45410785 -0.74813354 -0.71051204 -0.29529220 -0.63872939
0.66125661 0.02942131 -0.74958265 -0.75000864 0.04599097 -0.65982717
0.31714207 0.89031100 -0.32675272 -0.88201004 0.15026782 -0.44662952
0.33448979 0.86388367 -0.37659216 -0.89183789 0.16103749 -0.42271987
0.42234007 0.50368166 -0.75361377 -0.90471381 0.18298849 -0.38471818
0.42690253 0.47420424 -0.76999003 -0.88099712 0.41013888 -0.23586060
0.42830727 0.40020677 -0.81017739 -0.90033740 0.26550430 -0.34481883
0.45522496 0.47768137 -0.75139254 -0.69429785 -0.33788711 -0.63543904
0.45697981 0.45280004 -0.76559889 -0.75435507 -0.25876957 -0.60331321
0.48536828 0.44025648 -0.75537533 -0.70162386 -0.31936812 -0.63696784
0.46699181 0.46664444 -0.75110698 -0.69464535 -0.33200502 -0.63815409
0.51261836 0.39713317 -0.76125407 -0.73760128 -0.25015196 -0.62719083
0.69403774 -0.06503616 -0.71699512 -0.69995254 0.17207694 -0.69314933
0.33858696 0.86280614 -0.37539914 -0.93467546 0.26246440 -0.23977959
0.31544450 0.89134240 -0.32558173 -0.88838303 0.15678138 -0.43150347
0.33140165 0.87304837 -0.35771433 -0.92491049 0.22574961 -0.30590487
0.42634010 0.47525162 -0.76965582 -0.86628509 0.45941469 -0.19618443
0.41582397 0.40162826 -0.81595665 -0.84086263 0.51159221 -0.17670177
0.46150437 0.36343566 -0.80927640 -0.85881537 -0.04563464 -0.51024872
0.46046194 0.46219993 -0.75785619 -0.68839836 -0.35307872 -0.63359541
0.45599106 0.44630936 -0.76998711 -0.72908980 -0.30883062 -0.61077958
0.50312650 0.40228042 -0.76487535 -0.69834650 -0.33212087 -0.63404095
0.68816042 -0.13130489 -0.71357846 -0.71496356 0.04474092 -0.69772881
0.62674481 -0.34222898 -0.70005023 -0.69947606 0.14882810 -0.69898748
0.34650904 0.83354336 -0.43027541 -0.93094063 0.24922098 -0.26690543
0.34141541 0.86019719 -0.37880915 -0.90001369 0.18301716 -0.39557567
0.46459451 0.35076371 -0.81309092 -0.86273605 -0.02766746 -0.50489706
0.46289396 0.46211669 -0.75642407 -0.68807900 -0.35064876 -0.63528949
0.45631534 0.46132654 -0.76089036 -0.69065857 -0.35552961 -0.62975347
0.45268506 0.45101222 -0.76919711 -0.70607489 -0.34551316 -0.61812532
0.45855045 0.43831676 -0.77305239 -0.71920472 -0.32792711 -0.61254263
0.68424064 -0.05245505 -0.72736740 -0.72775567 -0.11307050 -0.67645168
0.64440620 -0.27397370 -0.71391821 -0.57145590 0.44782326 -0.68767190
0.64037508 -0.31062126 -0.70244873 -0.71036929 0.10823533 -0.69545722
-0.28682050 -0.92349714 0.25472930 0.80516160 -0.08830824 0.58644390
0.35097036 0.82908458 -0.43524528 -0.93463266 0.28173393 -0.21699744
0.34117696 0.86044735 -0.37845567 -0.89983064 0.18252060 -0.39622110
0.47083828 0.33269042 -0.81708533 -0.85846800 -0.04068631 -0.51125073
0.47318190 0.44083813 -0.76273239 -0.67413175 -0.37617987 -0.63563758
0.45401001 0.46188280 -0.76193130 -0.69199878 -0.35588697 -0.62807816
0.45077223 0.46128300 -0.76421362 -0.69232190 -0.35975218 -0.62551486
0.44741416 0.46086085 -0.76643842 -0.69316393 -0.36282048 -0.62280428
0.49820483 0.35305873 -0.79192269 -0.76733643 -0.24573423 -0.59229183
0.68513840 -0.08235984 -0.72374189 -0.72836113 -0.08931508 -0.67934746
0.61686730 -0.25791323 -0.74360973 -0.37616110 0.73329049 -0.56638151
0.64328176 -0.28729534 -0.70968300 -0.55146146 0.46913901 -0.68978184
0.63589370 -0.35188818 -0.68688709 -0.69138384 0.13577750 -0.70961457
0.39342842 0.81128561 -0.43246937 -0.84933007 0.14066719 -0.50877434
0.50521755 0.22516383 -0.83310056 -0.85627681 0.01059590 -0.51640850
0.48030937 0.38741186 -0.78690213 -0.71395910 -0.34843978 -0.60733211
0.44736230 0.47514692 -0.75769544 -0.68405581 -0.36397564 -0.63213086
0.44332230 0.47921115 -0.75751048 -0.72338164 -0.30777934 -0.61805421
0.49734786 0.37184113 -0.78382349 -0.70292032 -0.35682365 -0.61528856
0.68333244 -0.14285991 -0.71599436 -0.72909135 -0.08180033 -0.67951053
0.58942646 -0.39244887 -0.70608813 -0.61076093 0.35558078 -0.70748395
0.61498976 -0.40733477 -0.67517853 -0.69631618 0.12128386 -0.70741361
0.62304157 -0.35731611 -0.69580483 -0.78190613 -0.26060477 -0.56631082
0.36795279 0.84638196 -0.38503042 -0.87164873 0.16977318 -0.45978871
0.50254375 0.24739018 -0.82840085 -0.85256875 -0.01717117 -0.52233297
0.45321143 0.46563086 -0.76012319 -0.66883928 -0.38608447 -0.63528955
0.55527186 0.20830548 -0.80515963 -0.78588510 -0.18536541 -0.58993584
0.64050108 -0.27245510 -0.71800184 -0.37935543 0.70066422 -0.60428405
0.61603731 -0.38472548 -0.68737501 -0.66566950 0.21230221 -0.71541035
0.61648285 -0.40769219 -0.67359930 -0.69495600 0.12040074 -0.70890051
0.65056479 -0.07745377 -0.75549090 -0.75910646 -0.09627340 -0.64380819
0.63413799 -0.42486876 -0.64603055 -0.71023917 0.01022053 -0.70388627
0.37626934 0.84097332 -0.38882557 -0.86847234 0.17393960 -0.46422070
0.54175878 -0.15709117 -0.82572383 -0.83816785 -0.02730614 -0.54472846
0.49756840 0.40820205 -0.76537371 -0.63870960 -0.42460835 -0.64168352
0.71337134 -0.11682869 -0.69097942 -0.53565913 0.54485226 -0.64513975
0.61608881 -0.39283979 -0.68272358 -0.69044650 0.14782716 -0.70811778
0.67087728 -0.25292590 -0.69710273 -0.72786713 -0.04472090 -0.68425840
0.68188494 -0.24801420 -0.68812931 -0.69619280 0.06853331 -0.71457601
0.64585364 -0.39146131 -0.65546250 -0.70165789 0.03403843 -0.71170056
0.65438151 -0.34036171 -0.67523241 -0.73237425 -0.06305140 -0.67797679
0.40638271 0.79810935 -0.44483101 -0.84166402 0.13750848 -0.52220029
0.54082030 -0.16653591 -0.82448727 -0.84082693 -0.08037352 -0.53530383
0.38962984 0.79310924 -0.46815211 -0.67431545 -0.10055403 -0.73156524
0.71425402 -0.10973834 -0.69122988 -0.53826988 0.54511487 -0.64274055
0.68070060 -0.22822441 -0.69610375 -0.71484959 0.00075109 -0.69927794
0.65354919 -0.35014868 -0.67102116 -0.73073888 -0.06089579 -0.67993563
0.66185319 -0.30360305 -0.68540180 -0.74222475 -0.13717443 -0.65596163
0.40472648 0.80559826 -0.43267533 -0.84968781 0.15642822 -0.50354832
0.63115811 -0.49823529 -0.59447551 -0.64958894 0.07930455 -0.75613827
0.67438966 -0.26421610 -0.68948418 -0.71535236 -0.00243127 -0.69875979
0.40795720 0.80311286 -0.43425879 -0.84810627 0.15723063 -0.50595886
0.71043515 -0.06870174 -0.70040137 -0.70354605 -0.09402712 -0.70440185
0.68358731 -0.23342764 -0.69153452 -0.72754997 -0.14246616 -0.67109942
0.41522285 0.79251468 -0.44666594 -0.84248656 0.14974603 -0.51748681
0.41096610 0.80980998 -0.41870594 -0.87486684 0.22118042 -0.43091452
0.42626682 0.77051127 -0.47392941 -0.85806459 0.17853542 -0.48150831
0.45329756 0.73116904 -0.50981683 -0.82896608 0.13558157 -0.54261678
0.43985960 0.75505906 -0.48621950 -0.80730593 0.09526447 -0.58239329
0.38123661 0.85695881 -0.34681457 -0.91022080 0.28231424 -0.30297989
0.49676153 0.68736738 -0.52986234 -0.80329430 0.13303243 -0.58053482
0.50328994 0.67673761 -0.53733182 -0.80766022 0.14732304 -0.57094747
0.51042598 0.66172373 -0.54916942 -0.80463165 0.14222679 -0.57648891
