-0.38982642 0.02190587 0.92062777 0.88968396 0.26699832 0.37037060
-0.40793094 0.06541430 0.91066647 0.88318652 0.28113362 0.37542719
-0.38991353 0.01028189 0.92079413 0.89362603 0.24557482 0.37566698
-0.39855894 0.02943175 0.91667038 0.89865500 0.21220312 0.38391277
-0.37669852 0.03436859 0.92569816 0.90800047 0.21154124 0.36164278
-0.36798134 0.01596128 0.92969620 0.91688275 0.17252149 0.35994780
0.31768686 -0.08913068 -0.94399726 -0.94183242 -0.14480847 -0.30328569
0.31856775 -0.09218986 -0.94340640 -0.94126081 -0.14835575 -0.30334586
-0.37213928 0.02345384 0.92788053 0.92302173 0.11456611 0.36729479
-0.40531796 0.01002384 0.91412085 0.90891093 0.11158087 0.40178433
-0.43145552 -0.00415075 0.90212470 0.89550990 0.11899069 0.42883945
-0.43279585 -0.01161975 0.90141708 0.89114112 0.14557528 0.42973864
-0.45196861 -0.04860030 0.89070892 0.87631327 0.16244367 0.45352742
-0.45783359 -0.06826051 0.88641351 0.87141532 0.16307878 0.46264526
-0.47751164 -0.07414187 0.87549168 0.86076665 0.16040504 0.48306429
-0.48725808 -0.05112342 0.87176031 0.86565697 0.10315055 0.48989591
-0.47067755 -0.05524214 0.88057423 0.87335694 0.11261103 0.47388440
-0.47260377 -0.04887645 0.87991863 0.87664539 0.07613671 0.47507486
-0.49028713 -0.04366655 0.87046647 0.86628580 0.08530382 0.49221158
-0.51156163 -0.10266501 0.85309124 0.85050684 0.08074514 0.51972908
-0.51297289 -0.07283746 0.85530907 0.85556412 0.03761099 0.51632887
-0.50490379 -0.08872081 0.85860401 0.85792518 0.05796657 0.51049429
0.47846091 0.08748697 -0.87373984 -0.87585545 -0.02369241 -0.48199174
0.47140831 0.09164775 -0.87714022 -0.87938619 -0.02641905 -0.47537574
-0.48983541 -0.04392557 0.87070763 0.86955428 0.04725992 0.49157077
-0.48395783 -0.03297326 0.87446994 0.87401050 0.03143875 0.48488900
0.46211886 0.04552699 -0.88564855 -0.88665587 0.00462370 -0.46240684
0.46243837 0.08088708 -0.88295418 -0.88603973 0.00517302 -0.46358052
0.46108633 0.06702227 -0.88482064 -0.88734698 0.03050120 -0.46009248
0.45658371 0.06877790 -0.88701802 -0.88966376 0.02918403 -0.45568269
0.44819701 0.05551602 -0.89220929 -0.89392132 0.03331726 -0.44698393
0.43849447 0.05118765 -0.89727503 -0.89772016 0.07235314 -0.43458441
0.44547877 0.08854790 -0.89090288 -0.89463902 0.08204001 -0.43919295
0.45396784 0.08872399 -0.88658971 -0.89043570 0.08114476 -0.44781679
0.46174547 0.10681903 -0.88055712 -0.88701248 0.05591783 -0.45834717
0.46273938 0.10051985 -0.88077694 -0.88648176 0.04716426 -0.46035391
0.46670455 -0.11872621 -0.87640804 -0.87061417 0.11269272 -0.47888556
0.47962931 0.10526358 -0.87113452 -0.87724346 0.03490326 -0.47877523
0.48584384 0.09779765 -0.86855710 -0.87322688 0.01130736 -0.48718277
0.47658202 0.19939612 -0.85621893 -0.87255472 -0.01161005 -0.48837844
0.47798911 0.10295096 -0.87231159 -0.87792110 0.02439923 -0.47818327
0.47197670 0.11065709 -0.87463880 -0.88080853 0.01686642 -0.47317216
0.48113295 0.11490186 -0.86908501 -0.87475652 -0.00215698 -0.48455793
0.49685279 0.13867584 -0.85668337 -0.86466211 -0.00522913 -0.50232673
0.49368003 0.20100753 -0.84609461 -0.86491799 0.01219911 -0.50176501
0.48216894 0.20401385 -0.85199267 -0.87294871 0.02975455 -0.48690376
0.47917092 0.15334123 -0.86422324 -0.87746650 0.05995071 -0.47587651
0.49876764 0.26132345 -0.82640237 -0.85273254 -0.02274808 -0.52185225
0.50313824 0.27622095 -0.81887364 -0.84363234 -0.04853716 -0.53472304
-0.54170191 -0.19732168 0.81708217 0.82567453 0.05728006 0.56123132
-0.53930748 -0.21619648 0.81388366 0.81621510 0.10362524 0.56837904
-0.54634768 -0.16445929 0.82125354 0.81809109 0.10539238 0.56534898
-0.53820038 -0.12976508 0.83276737 0.82971996 0.09193560 0.55055672
-0.53177279 -0.15495771 0.83258986 0.82318676 0.13637678 0.55114883
-0.53338331 -0.14668438 0.83305824 0.83346158 0.07695761 0.54719222
-0.53684139 -0.12674296 0.83410889 0.82329768 0.13731955 0.55074883
-0.54428887 -0.16658203 0.82219225 0.81032348 0.14922053 0.56666493
-0.53647792 -0.19666606 0.82067895 0.80096835 0.18761185 0.56855214
-0.52919084 -0.19536050 0.82570660 0.80664468 0.18604401 0.56099188
-0.53517127 -0.13815005 0.83337045 0.81597680 0.17071770 0.55230188
-0.53225708 -0.14323607 0.83437753 0.80866545 0.20563750 0.55115652
-0.51003051 -0.14413485 0.84799415 0.82196790 0.20882078 0.52987051
-0.50166196 -0.10307543 0.85890096 0.83595502 0.19763200 0.51197737
-0.49172366 -0.09863403 0.86514699 0.84245718 0.19733071 0.50132489
-0.47940469 -0.16402316 0.86212969 0.78181416 0.36644924 0.50446177
-0.47933227 -0.12599948 0.86854172 0.83373654 0.24369350 0.49547651
-0.44217432 -0.07187758 0.89404452 0.86014181 0.24856311 0.44539028
-0.43582407 -0.05807488 0.89815629 0.86298758 0.25638726 0.43533674
-0.41193679 -0.03278045 0.91062260 0.87675899 0.25794601 0.40590349
-0.43638501 -0.07284947 0.89680606 0.85010159 0.29316324 0.43747297
-0.40298393 -0.05691794 0.91343546 0.86390269 0.30581421 0.40018722
-0.43149006 -0.04436843 0.90102595 0.87729597 0.21204548 0.43056765
-0.44043040 -0.04991857 0.89639789 0.87478894 0.20068237 0.44098872
-0.44114009 -0.22531632 0.86869329 0.81122398 0.31386039 0.49336323
-0.51095009 -0.23862441 0.82582593 0.78767782 0.25474092 0.56095529
-0.53805619 -0.21964261 0.81378907 0.79660559 0.18308064 0.57610857
-0.54314387 -0.21037808 0.81285655 0.80841786 0.13051467 0.57395691
-0.53499067 -0.22420567 0.81456542 0.81012112 0.13748451 0.56991380
-0.53244752 -0.25029519 0.80861109 0.81168067 0.12005539 0.57163036
-0.53750384 -0.24884561 0.80570811 0.80880094 0.11821538 0.57607830
-0.52997595 -0.28108510 0.80007297 0.81411338 0.09544516 0.57280856
-0.50578451 -0.37550324 0.77664632 0.79574490 0.14457396 0.58812284
-0.49384990 -0.41662475 0.76324058 0.80702156 0.10722129 0.58070630
0.50863111 0.31559652 -0.80105764 -0.83537084 -0.04435800 -0.54789418
0.50855696 0.31822184 -0.80006552 -0.83499980 -0.04446962 -0.54845029
-0.48333484 -0.44561622 0.75353414 0.80381614 0.11507864 0.58364075
0.42868385 0.46796465 -0.77281255 -0.87102038 -0.01306732 -0.49107307
0.44534978 0.17126226 -0.87882471 -0.88589853 0.22657658 -0.40478003
-0.53314698 -0.27796936 0.79905403 0.81593466 0.08070146 0.57248414
-0.48885924 -0.40327299 0.77355516 0.77297986 0.21079434 0.59838778
-0.44039750 -0.47667539 0.76080924 0.73858106 0.28943479 0.60887235
-0.52610832 -0.11249190 0.84294468 0.83009952 0.14744633 0.53776807
-0.54495823 -0.18012881 0.81888598 0.81136793 0.13298462 0.56920755
-0.54224128 -0.20536855 0.81473809 0.81734854 0.09579115 0.56812453
0.52258950 0.05407823 -0.85086769 -0.85213870 0.06539991 -0.51921338
-0.53725743 -0.17540956 0.82497638 0.83175766 0.05189554 0.55270791
0.47704852 0.16529839 -0.86319244 -0.87849081 0.06057263 -0.47390383
0.44378674 0.09138460 -0.89146072 -0.89447296 0.10568449 -0.43445244
0.44322178 0.07402128 -0.89335060 -0.88958615 0.15907195 -0.42817366
0.44458655 0.09107615 -0.89109373 -0.88830841 0.17267607 -0.42554814
0.45099548 0.10793424 -0.88597590 -0.88742602 0.16019717 -0.43221754
0.46492356 0.21642508 -0.85849071 -0.88077945 0.21147425 -0.42368171
0.47114486 0.30205685 -0.82872444 -0.88107133 0.20553932 -0.42598933
0.47534066 0.38432604 -0.79141951 -0.87973750 0.21851021 -0.42227396
0.47493863 0.33612424 -0.81329811 -0.87412244 0.28699359 -0.39184773
0.45545852 0.08557756 -0.88613433 -0.86429828 0.28111809 -0.41708642
0.45255581 0.08545387 -0.88763219 -0.86594594 0.27977431 -0.41456479
0.45087296 0.08646734 -0.88839012 -0.86672205 0.28028089 -0.41259620
0.44830856 0.07790258 -0.89047778 -0.87331396 0.25062898 -0.41774145
0.44234234 0.07535571 -0.89367491 -0.87538117 0.25298291 -0.41195565
0.43852222 0.07217159 -0.89581782 -0.87755424 0.24943942 -0.40948573
0.43300357 0.05342114 -0.89980787 -0.88583297 0.20989336 -0.41381735
0.43314490 0.04502889 -0.90019882 -0.89321625 0.15510763 -0.42202649
0.43539369 0.19791025 -0.87821633 -0.87758136 0.31080243 -0.36503807
0.42475286 0.04681621 -0.90409803 -0.90029532 0.12680490 -0.41640002
0.42404819 0.04132615 -0.90469629 -0.90249228 0.10249363 -0.41833323
0.41803876 0.02167943 -0.90817046 -0.90421993 0.10605734 -0.41368854
0.41561171 0.01851894 -0.90935355 -0.90621012 0.09393194 -0.41226208
0.41224992 -0.00258445 -0.91106713 -0.90804440 0.08027498 -0.41110989
0.40486524 -0.02886902 -0.91392052 -0.90845758 0.10084023 -0.40563056
0.40695521 -0.00696373 -0.91342157 -0.90313905 0.14674285 -0.40349281
0.41719076 0.01259987 -0.90873164 -0.90109694 0.13580430 -0.41180277
0.41815594 0.02846506 -0.90792918 -0.89791036 0.16423307 -0.40839273
0.41152179 0.14571068 -0.89967680 -0.90376407 0.19275491 -0.38217297
0.40360022 -0.02616448 -0.91456127 -0.89370930 0.20279054 -0.40019971
0.40502766 -0.01005263 -0.91424918 -0.90032870 0.16978134 -0.40072751
0.39391914 -0.02263716 -0.91886634 -0.90226811 0.18117028 -0.39126673
0.38231039 -0.04080795 -0.92313248 -0.90934694 0.16079599 -0.38370934
0.37471917 -0.05771962 -0.92534000 -0.90562129 0.19098791 -0.37864721
0.37032506 -0.06224526 -0.92681438 -0.89888722 0.22757195 -0.37445003
0.37193155 -0.05508561 -0.92662430 -0.89118278 0.25812134 -0.37305057
0.38100496 -0.04082954 -0.92367107 -0.88950235 0.25635555 -0.37824249
0.38467246 -0.02879817 -0.92260385 -0.88025904 0.28936321 -0.37604925
0.38990813 -0.01962978 -0.92064452 -0.87544471 0.30217642 -0.37720823
0.40219411 0.00818906 -0.91551781 -0.87235671 0.30695787 -0.38048741
0.40320152 -0.00408075 -0.91510218 -0.86734730 0.31714222 -0.38357460
0.42168519 0.04300384 -0.90572196 -0.86553925 0.31677642 -0.38793629
0.44386306 0.06736156 -0.89355922 -0.85397691 0.33391544 -0.39902872
0.41226545 0.01802676 -0.91088545 -0.87995327 0.26692042 -0.39298314
0.41187188 0.01890785 -0.91104561 -0.88138348 0.26210040 -0.39302236
0.39793596 -0.00710694 -0.91738570 -0.85423696 0.36178935 -0.37334660
0.40200508 0.00731012 -0.91560823 -0.82297647 0.44122633 -0.35781160
0.37305203 -0.04290935 -0.92681766 -0.84479594 0.39729920 -0.35843158
0.37211177 -0.04654432 -0.92702019 -0.85404021 0.37398505 -0.36159444
0.36814216 -0.04825026 -0.92851675 -0.85601789 0.37220901 -0.35873932
0.34893030 -0.08236931 -0.93352187 -0.84928787 0.39331999 -0.35215002
0.34438726 -0.08578139 -0.93490052 -0.83876282 0.41924003 -0.34744039
0.34626120 -0.07901711 -0.93480450 -0.82639521 0.44595081 -0.34380057
0.32766226 -0.08520354 -0.94094521 -0.81391126 0.48028576 -0.32691598
0.31636792 -0.09710972 -0.94365305 -0.83244562 0.44860542 -0.32524982
0.29160216 -0.10842558 -0.95037472 -0.82587993 0.47272342 -0.30733526
0.29783931 -0.09901825 -0.94946682 -0.79475981 0.52525061 -0.30408654
0.31909752 -0.07583280 -0.94468313 -0.80035561 0.51226830 -0.31146765
0.32278764 -0.07659069 -0.94336742 -0.81774932 0.47927600 -0.31871715
0.32427597 -0.06350522 -0.94382852 -0.76966977 0.56234980 -0.30227685
0.34398013 -0.03639835 -0.93827122 -0.75766581 0.57947719 -0.30024791
0.35554996 -0.03484586 -0.93400753 -0.79419905 0.51560050 -0.32156485
0.34674829 -0.06312922 -0.93583137 -0.80701548 0.48839068 -0.33196470
0.35368609 -0.06709034 -0.93295503 -0.82889497 0.43967915 -0.34585461
0.36796945 -0.03545634 -0.92916161 -0.80767190 0.48293796 -0.33828545
0.38932621 -0.00114790 -0.92109925 -0.80881131 0.47806385 -0.34246057
0.36203757 -0.03698754 -0.93142939 -0.79206508 0.51463491 -0.32830444
0.31926563 -0.10047519 -0.94232386 -0.84976560 0.40980348 -0.33160150
0.30836114 -0.10642111 -0.94529784 -0.85658759 0.40112862 -0.32458222
0.31097499 -0.09913293 -0.94523400 -0.88522345 0.33178997 -0.32602900
0.31055409 -0.08527410 -0.94672304 -0.88211536 0.34522507 -0.32045621
0.30647689 -0.10353261 -0.94623089 -0.89722770 0.30055952 -0.32349107
0.30827624 -0.10818923 -0.94512480 -0.91672117 0.23163421 -0.32552707
0.31067809 -0.11980023 -0.94293535 -0.91137999 0.24418029 -0.33130440
0.28392729 -0.23001717 -0.93084770 -0.95086312 0.05746481 -0.30423218
0.34011105 -0.09342213 -0.93573332 -0.92714554 0.13307247 -0.35027543
0.35453671 -0.07071839 -0.93236405 -0.92432117 0.12405757 -0.36088791
0.35443318 -0.07500803 -0.93206811 -0.92960656 0.07944074 -0.35989007
0.36487550 -0.00881386 -0.93101460 -0.92789567 0.07888160 -0.36439985
0.36299610 -0.04875368 -0.93051440 -0.93087566 0.02527112 -0.36446112
0.36065966 -0.03945779 -0.93186253 -0.93187904 0.02660256 -0.36179250
0.34945717 -0.07451909 -0.93398428 -0.93507671 0.03530441 -0.35268283
0.31057349 -0.06088617 -0.94859743 -0.94933814 0.03049485 -0.31277335
0.33994511 -0.07068828 -0.93778491 -0.93834078 0.04117815 -0.34325051
0.30774993 -0.10569271 -0.94557869 -0.95012426 0.01864804 -0.31131366
0.31394204 -0.08946934 -0.94521731 -0.94941247 -0.02170698 -0.31328076
0.31708819 -0.17584473 -0.93195158 -0.94838315 -0.06392810 -0.31061664
0.32729384 -0.05259868 -0.94345754 -0.94492018 -0.01596010 -0.32691148
0.34768021 -0.04374167 -0.93659234 -0.93759435 -0.02255354 -0.34699887
0.34109411 -0.03437480 -0.93940049 -0.93931490 -0.05141263 -0.33918175
0.37192324 -0.02145258 -0.92801553 -0.92826080 -0.01100191 -0.37176722
-0.43028677 0.00825301 0.90265453 0.90241891 0.02854062 0.42991346
-0.44638965 -0.00408437 0.89482939 0.89441246 0.02882495 0.44631320
-0.44424602 -0.01384794 0.89579785 0.89419770 0.05484377 0.44430026
-0.45069122 -0.01636514 0.89252990 0.89237297 0.01795871 0.45094126
0.42247015 0.00456599 -0.90636533 -0.90637386 0.00467699 -0.42245060
0.41449556 -0.00517450 -0.91003668 -0.90995139 0.01246847 -0.41452760
0.40080556 -0.00884784 -0.91612047 -0.91600525 0.01469452 -0.40089706
0.40071341 -0.01486152 -0.91608298 -0.91551000 0.03240000 -0.40098843
0.41069886 0.00722927 -0.91174239 -0.91036075 0.05884782 -0.40960985
0.39215395 -0.01162638 -0.91982621 -0.91934204 0.02985683 -0.39232495
0.38983718 -0.02972125 -0.92040408 -0.91803509 0.06601240 -0.39096546
0.38350329 -0.03410584 -0.92290962 -0.91630459 0.11078919 -0.38485286
0.38325596 -0.03543447 -0.92296225 -0.91967988 0.07782019 -0.38488063
0.37474823 -0.06533406 -0.92482173 -0.91540807 0.13202295 -0.38026047
0.38161546 -0.04894294 -0.92302454 -0.92257512 0.04118189 -0.38361335
0.37792909 -0.03036159 -0.92533660 -0.92480075 0.03483753 -0.37885335
0.41512439 0.01285221 -0.90967393 -0.90909958 0.04408723 -0.41423944
0.43748936 0.04005122 -0.89833122 -0.89920920 0.01383441 -0.43730018
0.43929583 0.02478359 -0.89800054 -0.89830893 0.00347915 -0.43935069
0.43026188 0.01862331 -0.90251201 -0.90268499 0.00235883 -0.43029565
-0.46196663 -0.00894663 0.88685226 0.88667357 0.01780549 0.46205315
-0.42910853 0.01122843 0.90318316 0.90269369 0.04051373 0.42837232
0.38324842 -0.02876996 -0.92319715 -0.92273170 -0.05637038 -0.38129854
0.37087429 -0.02119415 -0.92844129 -0.92862290 0.00292416 -0.37101358
0.32723176 -0.05523719 -0.94332826 -0.94444418 0.01335040 -0.32840061
0.37077564 -0.03575418 -0.92803401 -0.92815977 0.02051602 -0.37161621
0.37519187 -0.04228174 -0.92598242 -0.92428082 0.05865035 -0.37718052
0.34016794 -0.08063548 -0.93690115 -0.93542075 0.07301525 -0.34591457
0.32026249 -0.09381651 -0.94267201 -0.94101435 0.08319651 -0.32797918
0.36559212 -0.05883831 -0.92891359 -0.91983157 0.12974992 -0.37023619
0.34857681 -0.08109830 -0.93376511 -0.91484326 0.18723997 -0.35777518
0.32171673 -0.08037931 -0.94341809 -0.92658371 0.17825192 -0.33116311
0.33557570 -0.09309619 -0.93740177 -0.90950835 0.22713029 -0.34814724
0.32485798 -0.09800820 -0.94067091 -0.88054609 0.33160099 -0.33864346
0.33761331 -0.08963723 -0.93700719 -0.85335428 0.39095941 -0.34487283
0.34551400 -0.08666333 -0.93440330 -0.87818104 0.32112619 -0.35450828
0.35120782 -0.09027234 -0.93193561 -0.87494391 0.32273534 -0.36099193
0.35836506 -0.07531708 -0.93053848 -0.88940156 0.27545097 -0.36481738
0.33728936 -0.08929528 -0.93715650 -0.85057068 0.39771631 -0.34402224
0.32402471 -0.08060156 -0.94260883 -0.79428965 0.51807302 -0.31733948
0.33848000 -0.09736274 -0.93592298 -0.85408694 0.38565823 -0.34900317
0.36503920 -0.06012300 -0.92904878 -0.86305445 0.35235909 -0.36191168
0.35744643 -0.06115706 -0.93192917 -0.81476086 0.46732903 -0.34317398
0.39737403 -0.01273803 -0.91756833 -0.83911669 0.39970103 -0.36894757
0.42201820 0.02301311 -0.90629524 -0.81660444 0.44385678 -0.36898288
0.45003638 0.07724438 -0.88966322 -0.83674902 0.38449994 -0.38988581
0.45138887 0.07616553 -0.88907087 -0.84391481 0.36016044 -0.39760828
0.38389611 -0.03038015 -0.92287642 -0.86178309 0.34712642 -0.36990970
0.38663200 -0.02712677 -0.92183501 -0.87084919 0.31825590 -0.37461308
0.35507274 -0.08365152 -0.93108851 -0.87835199 0.31111422 -0.36291289
0.34994647 -0.08869693 -0.93256122 -0.90804988 0.21249445 -0.36095917
0.36407971 -0.07644956 -0.92822486 -0.91137338 0.17615540 -0.37197840
0.38202733 -0.04388233 -0.92310852 -0.91332197 0.13453829 -0.38437286
0.39119512 -0.03252029 -0.91973305 -0.89208061 0.23221560 -0.38764438
0.40504605 -0.00155298 -0.91429496 -0.89044046 0.22627306 -0.39486244
0.39321393 -0.02684561 -0.91905504 -0.91358149 0.10131928 -0.39383164
0.41275993 0.00738433 -0.91080993 -0.90934688 0.06057109 -0.41160586
0.41649050 0.02338275 -0.90883934 -0.90736037 0.07321167 -0.41392913
0.41701850 0.01334101 -0.90880013 -0.90130770 0.13502301 -0.41159841
0.42373136 0.03220995 -0.90521502 -0.89677799 0.15552448 -0.41424805
0.43099505 0.05019040 -0.90095741 -0.88056386 0.24149023 -0.40778640
0.44658515 0.08281686 -0.89090019 -0.86884469 0.27796170 -0.40969041
0.45123601 0.07544179 -0.88921016 -0.84463161 0.35774946 -0.39826235
0.46940082 0.18337135 -0.86373484 -0.82686448 0.43445969 -0.35712743
0.43878138 0.08494281 -0.89457011 -0.88651943 0.20356995 -0.41550282
0.43701091 0.07451610 -0.89636427 -0.89259344 0.15879971 -0.42197123
0.45262781 0.10518184 -0.88547438 -0.88804120 0.14303057 -0.43694985
0.42823493 0.05305295 -0.90210879 -0.90271616 0.07090741 -0.42435324
0.45437026 0.09606978 -0.88561749 -0.89081019 0.05147595 -0.45145041
0.46618348 0.09970782 -0.87905139 -0.88464719 0.04297874 -0.46427611
0.44869640 0.03207285 -0.89310849 -0.89367926 0.01274499 -0.44852546
-0.47150081 -0.01868816 0.88166761 0.88147491 0.01977291 0.47181681
0.47305632 0.02911185 -0.88055110 -0.88089669 0.03315929 -0.47214568
-0.51458418 -0.07223304 0.85439193 0.85530025 0.02710799 0.51742315
-0.52290648 -0.10373530 0.84605426 0.84357959 0.07936178 0.53110760
-0.48930547 -0.04517408 0.87094176 0.86960959 0.05033324 0.49116775
-0.45211762 -0.02626767 0.89157152 0.88878477 0.07097794 0.45279559
-0.44251511 -0.01552955 0.89662659 0.89269614 0.08746372 0.44209018
-0.50042933 -0.13648504 0.85495168 0.84145600 0.15574448 0.51739299
-0.49935231 -0.08808776 0.86190939 0.84620076 0.16396935 0.50700927
-0.46797568 -0.06197658 0.88156545 0.86008990 0.19729654 0.47044599
-0.44385472 -0.02133623 0.89584470 0.88142741 0.16976756 0.44075480
-0.44654784 -0.02066131 0.89452124 0.88861185 0.10675319 0.44606364
-0.41991046 0.01478416 0.90744513 0.90531617 0.07717617 0.41766793
-0.37689915 0.02117245 0.92601234 0.92505205 0.05952523 0.37514734
0.32101598 -0.11327744 -0.94027495 -0.94655645 -0.07118671 -0.31458449
-0.41176435 -0.00880009 0.91124791 0.89799702 0.16625619 0.40738225
-0.39883998 -0.03273583 0.91643608 0.89248157 0.21578570 0.39612287
-0.40211290 -0.02094834 0.91535044 0.88436788 0.24996358 0.39422286
-0.40156877 -0.01942194 0.91562295 0.87944007 0.27084327 0.39144489
-0.38137800 -0.05706993 0.92265588 0.86419129 0.33236057 0.37776959
