-0.41564456 0.61918032 -0.66622472 0.33327559 -0.57786423 -0.74498343
-0.39919356 0.64703262 -0.64961022 0.40858227 -0.50873327 -0.75779355
-0.35563338 0.68267810 -0.63833815 0.43393558 -0.48430601 -0.75970238
-0.36509773 0.68036389 -0.63545936 0.30463886 -0.55768913 -0.77212572
-0.33764949 0.69791710 -0.63158894 0.37027568 -0.51841354 -0.77080697
-0.38862830 0.66528291 -0.63746899 0.36132097 -0.52639908 -0.76964355
-0.41541815 0.64197999 -0.64442956 0.24363264 -0.60404235 -0.75879914
-0.39985734 0.64322627 -0.65297329 0.53658009 -0.41329622 -0.73570925
-0.41677222 0.62929237 -0.65596658 0.41025186 -0.51373780 -0.75350314
-0.43673632 0.60040557 -0.66990644 0.39094549 -0.54400778 -0.74244010
-0.49114835 0.54625767 -0.67851007 0.40232903 -0.54861176 -0.73290968
-0.50275022 0.53099132 -0.68212211 0.38907480 -0.56565189 -0.72708929
-0.49569142 0.54420680 -0.67685235 0.34758464 -0.58989310 -0.72884232
-0.44139227 0.58853269 -0.67734945 0.35262102 -0.58036768 -0.73405164
-0.46956372 0.56429988 -0.67902553 0.30532360 -0.61784780 -0.72459757
-0.46610704 0.55736750 -0.68708497 0.24926484 -0.66241455 -0.70645177
-0.46939915 0.55997664 -0.68270832 0.27033702 -0.64491248 -0.71484679
-0.43688682 0.59826028 -0.67172503 0.27749285 -0.62070256 -0.73329806
-0.46749961 0.53008372 -0.70742875 0.25512946 -0.68530345 -0.68210566
-0.49980545 0.49514282 -0.71065336 0.27998126 -0.68407518 -0.67353666
-0.53062201 0.46875483 -0.70619351 0.28648332 -0.68494463 -0.66990906
-0.55393964 0.40942642 -0.72492826 0.29919410 -0.71466172 -0.63225120
-0.56333959 0.40038157 -0.72273314 0.26160026 -0.74330318 -0.61568320
-0.50988781 0.45940465 -0.72729754 0.13409922 -0.79267448 -0.59471393
0.31102824 0.41712186 0.85397357 -0.39556384 0.87383103 -0.28275174
0.35348696 0.42104164 0.83532685 -0.50300854 0.83844262 -0.20975301
0.34696275 0.41872585 0.83921725 -0.51846999 0.83127874 -0.20041075
-0.62397236 0.29379186 -0.72411662 0.29900593 -0.76635957 -0.56858468
-0.63559967 0.02049554 -0.77174675 0.48149195 -0.77088124 -0.41702244
-0.67750394 -0.04007733 -0.73442656 0.45648834 -0.80584687 -0.37713301
0.46262842 0.35364571 0.81296349 -0.48586249 0.86816031 -0.10116985
0.55261332 0.39121401 0.73591447 -0.62375706 0.77975976 0.05386973
-0.61651725 0.31010544 -0.72369957 0.30802268 -0.75091159 -0.58416933
-0.62712687 0.30770630 -0.71556187 0.38108563 -0.67999709 -0.62640065
-0.59271479 0.33769712 -0.73119754 0.31957361 -0.73472452 -0.59837502
-0.58946991 0.35164508 -0.72723520 0.46469760 -0.58877593 -0.66136158
-0.53405714 0.47304377 -0.70072287 0.35333458 -0.62808335 -0.69330078
-0.59731913 0.33791509 -0.72733992 0.48308685 -0.57232392 -0.66262537
-0.63909703 0.17900108 -0.74800646 0.59926158 -0.49374041 -0.63016349
-0.67595690 0.10036087 -0.73007536 0.58828390 -0.52319199 -0.61659735
-0.64459670 0.38281697 0.66177517 -0.71950251 -0.01110588 -0.69440109
-0.61493701 0.48727262 0.62001443 -0.71080041 -0.00202143 -0.70339090
-0.57056123 0.59866768 0.56218946 -0.72133917 -0.03807583 -0.69153464
-0.62789881 0.27526879 0.72799051 -0.77435893 -0.12700097 -0.61987019
-0.60571885 0.56444055 0.56081325 -0.71682620 -0.08119033 -0.69250870
-0.61197478 0.58697671 0.53004271 -0.73685670 -0.17973176 -0.65171981
-0.53763366 0.81998360 0.19641003 -0.70699143 -0.31146088 -0.63494515
-0.58814853 0.76371872 0.26611105 -0.72413826 -0.35076627 -0.59379029
-0.57958341 0.79348397 0.18565100 -0.75525761 -0.43746978 -0.48806372
-0.60504252 0.75470513 0.25366092 -0.76030028 -0.45308131 -0.46546856
-0.59801292 0.77685553 0.19717008 -0.76901412 -0.48683646 -0.41425544
-0.57554698 0.80939907 0.11670014 -0.77963579 -0.50002360 -0.37702054
-0.57543099 0.81008124 0.11246164 -0.77914470 -0.50118876 -0.37648833
-0.59310621 0.78405917 0.18296549 -0.78922927 -0.52125221 -0.32467428
-0.59501874 0.77933544 0.19644055 -0.78216046 -0.50527918 -0.36457938
-0.60952127 0.75557423 0.23998217 -0.77376682 -0.50111675 -0.38751382
-0.64754492 0.64704281 0.40251860 -0.76045531 -0.51478887 -0.39585379
-0.64770615 0.56736290 0.50850385 -0.76132238 -0.50773871 -0.40322420
-0.65354115 0.52739787 0.54289544 -0.75686783 -0.44976199 -0.47419947
-0.65309751 0.42025360 0.62996078 -0.75674188 -0.39336154 -0.52211916
-0.64282662 0.36931640 0.67110306 -0.76315790 -0.38432530 -0.51950377
-0.63471657 0.26857096 0.72457200 -0.76683009 -0.33470443 -0.54767209
-0.63160330 0.22515970 0.74187624 -0.77207214 -0.26978457 -0.57543105
-0.62665856 0.21390830 0.74936128 -0.77904886 -0.19607033 -0.59551597
-0.62986654 0.19141141 0.75274819 -0.76815784 -0.29688543 -0.56726760
-0.63570940 0.24902171 0.73065847 -0.77070749 -0.25796974 -0.58263332
-0.64444876 0.44673169 0.62057775 -0.75066817 -0.21514472 -0.62466806
-0.62768036 0.17723818 0.75802642 -0.77692211 -0.20402266 -0.59562314
-0.63240629 0.19017287 0.75093049 -0.77064347 -0.25276080 -0.58499628
-0.63556498 0.21678634 0.74098647 -0.77204722 -0.17777230 -0.61019683
-0.63279617 0.25240853 0.73202389 -0.77277148 -0.14613594 -0.61763132
-0.62973541 0.32571295 0.70522648 -0.76731461 -0.11930663 -0.63007480
-0.62881094 0.30738345 0.71422142 -0.76307476 -0.06748785 -0.64277703
-0.63203853 0.26582727 0.72791696 -0.76859784 -0.09513436 -0.63261908
-0.61590022 0.35629183 0.70265436 -0.77389669 -0.10665154 -0.62426710
-0.62211663 0.30705911 0.72019833 -0.76573092 -0.04690970 -0.64144814
-0.66367841 0.08595117 -0.74306363 0.68836105 -0.31856900 -0.65166932
-0.57607549 0.47840589 0.66277057 -0.75537461 -0.00176707 -0.65529084
-0.57268351 0.47972047 0.66475707 -0.75769436 -0.00019228 -0.65260965
-0.69449604 0.13547720 -0.70662665 0.61554432 -0.39663070 -0.68102080
-0.69761485 0.12444190 -0.70558333 0.62411976 -0.37809289 -0.68375456
-0.58338636 0.42111713 -0.69449317 0.51401830 -0.47061712 -0.71715051
-0.59070569 0.41621363 -0.69125468 0.28335607 -0.69512862 -0.66068566
-0.49517739 0.54427773 -0.67717141 0.60062587 -0.34870896 -0.71947944
-0.61380821 0.39500126 -0.68353015 0.41643807 -0.57356143 -0.70541239
-0.14748326 0.84351891 0.51645386 -0.71911675 0.26704919 -0.64152628
-0.67422932 -0.00115481 -0.73852122 0.56103235 -0.65111005 -0.51117355
-0.59285194 0.42431414 0.68445903 -0.77640319 -0.07547598 -0.62570083
-0.59886152 0.39991954 0.69385111 -0.77685475 -0.07958607 -0.62463009
-0.69437158 0.08943069 -0.71403801 0.70867109 -0.08742273 -0.70010185
-0.62193924 0.30773652 0.72006238 -0.78093833 -0.17601980 -0.59929329
-0.62376118 0.39241314 0.67596889 -0.78002375 -0.25736806 -0.57037246
-0.62576824 0.34074643 0.70164526 -0.78000456 -0.27643335 -0.56140679
-0.56234193 0.70719516 0.42853999 -0.77819574 -0.27736175 -0.56345540
-0.60222310 0.56830519 0.56067514 -0.79042137 -0.32586011 -0.51869965
-0.62042630 0.41420105 0.66596454 -0.78409171 -0.30976066 -0.53781831
-0.62110329 0.41256240 0.66635048 -0.78318197 -0.29497057 -0.54737419
-0.62702751 0.29081649 0.72267723 -0.77577019 -0.31746703 -0.54533970
-0.62632573 0.19122972 0.75574291 -0.77950656 -0.16513655 -0.60423458
-0.62959838 0.18268809 0.75513643 -0.77610731 -0.19235697 -0.60054666
-0.62900996 0.22294022 0.74474436 -0.77732772 -0.19318879 -0.59869844
-0.63321972 0.23097709 0.73870319 -0.77392262 -0.17815566 -0.60770428
-0.63421631 0.27806267 0.72142285 -0.76561159 -0.09583699 -0.63612437
-0.68644917 -0.00510560 -0.72715992 0.67307055 -0.38297254 -0.63269901
-0.63426369 0.22141750 0.74073201 -0.77260578 -0.14669983 -0.61770499
-0.63689947 0.22050379 0.73874032 -0.76861483 -0.25608781 -0.58621699
-0.63625354 0.35861447 0.68306452 -0.76669317 -0.39239955 -0.50813806
-0.58748859 0.08389822 0.80487162 -0.77285540 -0.35302609 -0.52732074
-0.60460538 0.16978313 0.77821982 -0.75483942 -0.43405786 -0.49174303
-0.61802095 0.16303369 0.76907098 -0.76472026 -0.35158181 -0.53999370
-0.60216868 0.16413443 0.78131485 -0.75961614 -0.41898710 -0.49742666
-0.60675067 0.18879321 0.77214688 -0.75409412 -0.44391614 -0.48402542
-0.59451205 0.15562353 0.78888321 -0.73478347 -0.50360525 -0.45439523
-0.58766836 0.15218128 0.79466146 -0.73076993 -0.52141875 -0.44056523
-0.57360458 0.13248226 0.80834782 -0.73910946 -0.50912577 -0.44103092
-0.63682610 0.32850742 0.69752091 -0.73287201 -0.53891832 -0.41528988
-0.60315508 0.23158757 0.76326346 -0.74358106 -0.50949889 -0.43301049
-0.59371537 0.21672986 0.77493882 -0.74737781 -0.50542384 -0.43124601
-0.64365840 0.39861923 0.65330446 -0.74505424 -0.52149254 -0.41586033
-0.65466791 0.45907986 0.60054612 -0.73817170 -0.55938584 -0.37708104
-0.60829723 0.27487004 0.74459457 -0.76119667 -0.46778205 -0.44917667
-0.59589869 0.22872749 0.76979780 -0.76261520 -0.46154952 -0.45319989
-0.58180499 0.17310163 0.79469419 -0.78029895 -0.39441854 -0.48535311
-0.64266682 0.44697231 0.62225002 -0.74711668 -0.54551232 -0.37978014
-0.63028073 0.37999523 0.67701542 -0.75949329 -0.48260912 -0.43618631
-0.64286369 0.41562158 0.64341676 -0.74445081 -0.53676885 -0.39707956
-0.64800560 0.43341398 0.62629151 -0.74675232 -0.52331209 -0.41049409
-0.59066027 0.16312227 0.79026049 -0.79688334 -0.27190712 -0.53948444
-0.60978264 0.21423693 0.76306468 -0.78813022 -0.26565439 -0.55522835
-0.61735487 0.27133238 0.73841166 -0.78409541 -0.28832361 -0.54960352
-0.62812769 0.28123736 0.72550756 -0.77636826 -0.28887725 -0.56018066
-0.66029537 0.28383738 0.69530308 -0.75099629 -0.25426802 -0.60938692
-0.66823399 0.34842035 0.65731776 -0.74092340 -0.23205227 -0.63022560
-0.67374599 0.28089264 0.68349528 -0.73853248 -0.22438453 -0.63578409
-0.66781396 0.40922847 0.62173682 -0.73605835 -0.23891208 -0.63335550
-0.68827850 0.45226881 0.56720871 -0.72433740 -0.47166103 -0.50286305
-0.69218737 0.48626605 0.53331238 -0.71281374 -0.34489843 -0.61068952
-0.69452268 0.46712103 0.54720765 -0.70842099 -0.31121206 -0.63347203
-0.66198194 0.53097981 0.52899939 -0.73186946 -0.30565709 -0.60904914
-0.66686541 0.42895469 0.60933435 -0.73677933 -0.25712490 -0.62533444
-0.66418648 0.44405013 0.60139489 -0.74753708 -0.40170309 -0.52898300
-0.66071463 0.46236154 0.59133583 -0.75061923 -0.41241071 -0.51622492
-0.66256624 0.49524495 0.56190616 -0.74722964 -0.48865378 -0.45040587
-0.65838867 0.43502057 0.61423248 -0.73945349 -0.52614218 -0.41997972
-0.66330868 0.47142842 0.58118576 -0.74098015 -0.52244174 -0.42190412
-0.64892197 0.39793652 0.64849579 -0.75396866 -0.45073614 -0.47787887
-0.64578110 0.39997020 0.65037727 -0.75706524 -0.44597954 -0.47744578
-0.63859439 0.35156304 0.68454415 -0.74622387 -0.50022519 -0.43923199
-0.63695931 0.34108612 0.69133437 -0.74527413 -0.50174856 -0.43910706
-0.63587475 0.33667478 0.69448793 -0.74181122 -0.51497567 -0.42955348
-0.61148024 0.26256651 0.74642539 -0.73868555 -0.52754885 -0.41956627
-0.60844463 0.24874003 0.75360709 -0.73491472 -0.53497529 -0.41677561
-0.62313545 0.28594413 0.72796863 -0.73438960 -0.53407741 -0.41884765
-0.59386235 0.20283788 0.77857846 -0.73953551 -0.51874983 -0.42893574
-0.57284212 0.14300956 0.80709374 -0.74968159 -0.48952806 -0.44535354
-0.56996274 0.14383009 0.80898416 -0.75194007 -0.48822427 -0.44297090
-0.57083690 0.16220425 0.80488193 -0.68335152 -0.63729274 -0.35621458
-0.61634898 0.25158578 0.74620283 -0.73814899 -0.51467520 -0.43617156
-0.61686307 0.25492477 0.74464309 -0.73783654 -0.51666141 -0.43434805
-0.63170320 0.29435408 0.71715182 -0.74857187 -0.47205061 -0.46562690
-0.64268976 0.36827502 0.67180610 -0.74654067 -0.49805033 -0.44116092
-0.64514911 0.38519403 0.65985465 -0.73257935 -0.55718011 -0.39099589
-0.65731871 0.44717064 0.60660577 -0.73441786 -0.56061167 -0.38255075
-0.65976071 0.47783986 0.57998705 -0.73441011 -0.57354093 -0.36289468
-0.65219408 0.44909036 0.61070514 -0.74193287 -0.54341400 -0.39273006
-0.67442030 0.64495581 0.35942906 -0.73675346 -0.61981547 -0.27022818
-0.67480600 0.64985096 0.34975803 -0.73607683 -0.62681395 -0.25552937
-0.67457771 0.51695269 0.52697712 -0.73636556 -0.52156806 -0.43096703
-0.69175923 0.53592533 0.48399714 -0.72172672 -0.53544968 -0.43863913
-0.69104129 0.55305165 0.46539864 -0.72181106 -0.56193507 -0.40400225
-0.69106966 0.52413452 0.49770054 -0.71087509 -0.61737764 -0.33689994
-0.69112521 0.53344864 0.48762530 -0.72111350 -0.46380225 -0.51466781
-0.69078428 0.55125546 0.46790442 -0.71893901 -0.45464733 -0.52575898
-0.70718205 0.42312357 0.56644505 -0.70617384 -0.38325062 -0.59534663
-0.70355344 0.45666263 0.54449230 -0.71055454 -0.46410105 -0.52888799
-0.70525175 0.32957551 0.62769419 -0.70660812 -0.39877975 -0.58453375
-0.70563281 0.32326391 0.63054174 -0.70564324 -0.40149000 -0.58384365
-0.70295084 0.36530006 0.61025900 -0.70324212 -0.22868395 -0.67316729
-0.70390451 0.32821652 0.62991458 -0.70459706 -0.21055296 -0.67765075
-0.70593739 0.26988891 0.65483773 -0.70383090 -0.16391110 -0.69119841
-0.71151185 0.31774861 0.62672698 -0.69667107 -0.43533352 -0.57020533
-0.71072656 0.29706302 0.63766867 -0.70017213 -0.38636994 -0.60039759
-0.70833766 0.22621532 0.66864371 -0.70072556 -0.33954608 -0.62744898
-0.69972068 0.23170142 0.67579991 -0.71338165 -0.17570835 -0.67839020
-0.70181793 0.14032885 0.69839776 -0.71199912 -0.16923119 -0.68148232
-0.70401210 0.17723104 0.68771809 -0.70967662 -0.21230432 -0.67177826
-0.70996231 0.20092496 0.67496866 -0.70210665 -0.27648348 -0.65620357
-0.70041156 0.07175317 0.71012336 -0.69551569 -0.29200658 -0.65649843
-0.70361495 0.08586478 0.70537454 -0.69087464 -0.31482702 -0.65082741
-0.70435667 0.09012374 0.70410192 -0.69198406 -0.30829367 -0.65277344
-0.71259350 0.18392362 0.67703956 -0.69779563 -0.28586510 -0.65678185
-0.69429117 -0.04635541 0.71819985 -0.68739301 -0.25289804 -0.68083292
-0.68783730 -0.02942331 0.72526830 -0.67797261 -0.33088386 -0.65640616
-0.69227582 -0.03741892 0.72066230 -0.66777539 -0.34534490 -0.65940344
-0.75122762 -0.25155821 0.61022580 -0.49074805 -0.40537852 -0.77125514
-0.69211066 -0.36637926 0.62189162 -0.41421902 -0.50398552 -0.75790578
-0.74614614 -0.45640308 0.48472896 -0.32325390 -0.38814315 -0.86304802
-0.66977060 -0.56211263 0.48521838 -0.32764065 -0.36268348 -0.87241751
-0.69864994 -0.52789199 0.48292682 -0.36134395 -0.32222721 -0.87498581
-0.66784674 -0.55507410 0.49585640 -0.40363440 -0.28963777 -0.86786479
-0.69465035 -0.52452153 0.49227846 -0.41096213 -0.27229679 -0.87003720
-0.86821693 -0.20816943 0.45040521 -0.37768108 -0.31145719 -0.87198138
-0.79753947 -0.37180039 0.47507402 -0.33622140 -0.37990558 -0.86175805
-0.80322707 -0.35306934 0.47975853 -0.41656113 -0.24278124 -0.87609029
-0.80644679 -0.18484372 0.56167287 -0.51091707 -0.26035765 -0.81925434
-0.81298238 -0.15569980 0.56108588 -0.53215379 -0.19248727 -0.82447618
-0.80417174 -0.35448232 0.47712696 -0.35935450 -0.34945512 -0.86530083
-0.79735655 -0.34042338 0.49833176 -0.09868810 -0.74106181 -0.66414464
-0.77780145 -0.40584219 0.47991353 -0.40877783 -0.25335488 -0.87676227
-0.78938538 -0.38314897 0.47965372 -0.41030425 -0.25189602 -0.87646955
-0.71979654 -0.28915185 0.63109756 -0.52086604 -0.37602583 -0.76635718
-0.64638001 -0.27487186 0.71178544 -0.42341000 -0.64683557 -0.63429320
-0.65065491 -0.07390556 0.75576860 -0.50121474 -0.70587021 -0.50053090
-0.67216277 0.01692626 0.74020988 -0.59604686 -0.60544944 -0.52740794
0.53088462 -0.24841106 -0.81021821 0.55912650 0.82112312 0.11460567
0.53137076 -0.25274217 -0.80855829 0.57159483 0.81141454 0.12200743
0.50827193 -0.28257138 -0.81351900 0.61159372 0.78349185 0.10997106
0.40543529 -0.29507574 -0.86518925 0.55723071 0.83006698 -0.02197406
0.36757290 -0.33709690 -0.86675018 0.52998489 0.84177423 -0.10262631
-0.48550493 -0.50764602 0.71174473 -0.09992547 -0.77657598 -0.62204880
-0.73390484 -0.31951630 0.59941059 -0.27140346 -0.67101461 -0.68998516
-0.73889965 -0.27476880 0.61524749 -0.23968445 -0.74618131 -0.62109977
0.32083863 -0.34760237 -0.88104212 0.56119454 0.81911290 -0.11880548
0.30207306 -0.40771952 -0.86169404 0.51340955 0.83120823 -0.21331544
0.27945912 -0.44008821 -0.85336095 0.50478071 0.82337719 -0.25931939
0.34827775 -0.49518770 -0.79592198 0.40636924 0.84490675 -0.34784576
0.39988333 -0.50507343 -0.76484913 0.39870474 0.84723938 -0.35102701
0.45420173 -0.53424722 -0.71293807 0.35565427 0.84244680 -0.40471405
0.51209295 -0.59566724 -0.61882257 0.29296070 0.79838419 -0.52607673
0.33525357 -0.58803803 -0.73608178 0.37593433 0.79989892 -0.46779811
0.39897212 -0.60185045 -0.69180733 0.38193208 0.79496759 -0.47133270
0.36778662 -0.60373360 -0.70727557 0.33414981 0.79558676 -0.50535703
0.38291511 -0.60475814 -0.69831491 0.33316994 0.79546219 -0.50619924
0.36933538 -0.60387862 -0.70634419 0.34397450 0.79493511 -0.49975976
0.13286342 -0.56013602 -0.81767654 0.39732981 0.78589904 -0.47380561
-0.37483376 -0.82030749 0.43196675 0.01658902 -0.47179729 -0.88155103
-0.43486801 -0.80282342 0.40787771 0.03166024 -0.46629986 -0.88406003
0.10517630 -0.53678346 -0.83713877 0.34366673 0.80956185 -0.47592324
0.39264768 -0.59541816 -0.70093155 0.31862187 0.80300874 -0.50364381
-0.33550259 -0.84075928 0.42492580 -0.10339762 -0.41547936 -0.90370673
-0.41013351 -0.80918902 0.42071813 -0.27020377 -0.33278233 -0.90346324
-0.43320084 -0.79606712 0.42262769 -0.25160775 -0.34345475 -0.90483832
-0.44281599 -0.79186249 0.42055658 -0.19888985 -0.37061366 -0.90724218
-0.48434892 -0.76574528 0.42313159 -0.26326770 -0.33366075 -0.90518546
-0.51059264 -0.74952590 0.42131484 -0.25509581 -0.33588743 -0.90670055
-0.45831180 -0.78120661 0.42387086 -0.15122813 -0.40141028 -0.90332711
-0.48463488 -0.76531971 0.42357376 0.08332257 -0.52243030 -0.84860116
-0.43509614 -0.78398734 0.44278118 0.04642829 -0.51065040 -0.85853398
-0.44168317 -0.78980929 0.42557871 -0.15302885 -0.40108323 -0.90316910
-0.52405989 -0.74241835 0.41734427 -0.25564060 -0.33030701 -0.90859514
-0.64836860 -0.66160160 0.37669817 -0.12752968 -0.39341894 -0.91047114
-0.47740614 -0.76079279 0.43963373 0.01488875 -0.50726485 -0.86166161
-0.53939545 -0.72444010 0.42923075 -0.08629914 -0.45949969 -0.88397539
-0.66530448 -0.64130855 0.38222155 -0.08446420 -0.44402435 -0.89202470
-0.69317502 -0.61478919 0.37622163 -0.20768137 -0.32947227 -0.92104101
-0.66622549 -0.63676578 0.38816610 -0.17728880 -0.37034467 -0.91181880
-0.67154300 -0.63104415 0.38834685 -0.23056890 -0.32012224 -0.91889048
-0.66119838 -0.63904440 0.39298731 -0.26188973 -0.29426712 -0.91914129
-0.67819422 -0.61934888 0.39554963 -0.27914086 -0.28079873 -0.91827691
-0.57743818 -0.70666391 0.40889034 -0.25143620 -0.32255965 -0.91254324
-0.63682663 -0.66122800 0.39652166 -0.27676564 -0.28396288 -0.91802281
-0.43920717 -0.79428399 0.41977379 -0.29256177 -0.31532779 -0.90276027
-0.40037751 -0.81514609 0.41861057 -0.28686255 -0.32236725 -0.90210271
-0.47350749 -0.76916951 0.42914918 -0.32939792 -0.29723588 -0.89618522
-0.57402784 -0.69904256 0.42641723 -0.30337167 -0.30214188 -0.90370131
-0.37836882 -0.82646263 0.41688922 -0.29381251 -0.31985405 -0.90075952
-0.41190952 -0.80652714 0.42408097 -0.36355910 -0.28128979 -0.88808829
-0.28006998 -0.87855291 0.38691807 -0.28178039 -0.31005901 -0.90799958
-0.62729305 -0.66759622 0.40102217 -0.24388827 -0.32063228 -0.91526687
-0.34096038 -0.84675503 0.40835273 -0.20421509 -0.35729408 -0.91139299
-0.33911225 -0.84795338 0.40740395 -0.20721120 -0.35510281 -0.91157311
-0.37557375 -0.82844138 0.41548687 -0.00238283 -0.44744164 -0.89431000
0.40612644 -0.63027912 -0.66167182 0.37150133 0.77541631 -0.51060390
0.68352306 -0.61007291 -0.40075845 0.36790985 0.76214325 -0.53271008
0.74691409 -0.58595026 -0.31429547 0.39432800 0.77093410 -0.50016606
0.81037682 -0.54925025 -0.20399429 0.40372241 0.77577573 -0.48495382
0.84100944 -0.52514833 -0.13008641 0.43547294 0.79975736 -0.41322088
0.84021711 -0.52624661 -0.13076626 0.41340891 0.77772599 -0.47353506
0.36991307 0.79426593 -0.48198137 -0.86331832 0.48554924 0.13756241
0.83269560 -0.53228718 -0.15260577 0.41741437 0.78448325 -0.45864075
0.83358371 -0.53119385 -0.15156312 0.41579658 0.78400683 -0.46091926
0.83320802 -0.53103447 -0.15416493 0.40571460 0.77652949 -0.48207641
0.83042592 -0.53376180 -0.15965940 0.40314323 0.77349716 -0.48905802
0.82421517 -0.53902024 -0.17357005 0.39751169 0.76902699 -0.50058156
0.72768927 -0.59745997 -0.33691236 0.39487937 0.76654017 -0.50644505
0.81138659 -0.54678226 -0.20659362 0.33889595 0.72804910 -0.59589779
0.77787703 -0.57429755 -0.25512704 0.35025400 0.73329610 -0.58275121
0.72132379 -0.60136145 -0.34359360 0.40293792 0.76786584 -0.49801928
0.67847300 -0.61279291 -0.40516579 0.39905816 0.77049243 -0.49708554
0.83299273 -0.53003454 -0.15870281 0.38798457 0.76407599 -0.51541817
0.83482701 -0.52998322 -0.14893495 0.40477303 0.77429551 -0.48644146
0.61911130 -0.62121838 -0.48040509 0.47317347 0.78332102 -0.40313143
0.65557969 -0.61718160 -0.43508875 0.40341538 0.77331990 -0.48911387
0.39970109 -0.62666321 -0.66897863 0.37060612 0.77798158 -0.50734174
-0.35207793 -0.83787072 0.41714963 -0.03138954 -0.43486592 -0.89994800
-0.36632156 -0.83457255 0.41145754 -0.36811733 -0.27613467 -0.88782841
-0.36213267 -0.83879137 0.40655756 -0.37766752 -0.26672450 -0.88669348
-0.34650049 -0.82639754 0.44385192 -0.11439114 -0.43240833 -0.89439237
-0.34952733 -0.82324791 0.44731829 -0.09821428 -0.44260728 -0.89132082
0.19099469 -0.60013819 -0.77675945 0.39568335 0.77125782 -0.49859422
0.26870000 -0.61796439 -0.73886424 0.37369648 0.77387255 -0.51134354
-0.39467269 -0.81917226 0.41616133 -0.36688390 -0.27475449 -0.88876671
-0.43485981 -0.79611576 0.42082852 -0.23993157 -0.34800020 -0.90627187
-0.43815798 -0.79347199 0.42239776 -0.28408042 -0.32359144 -0.90254468
-0.40406489 -0.81277776 0.41967127 -0.27925214 -0.32728460 -0.90271986
-0.44535068 -0.78912038 0.42302698 -0.13770163 -0.40648067 -0.90322298
0.13450658 -0.56132001 -0.81659526 0.39274764 0.78679061 -0.47614059
-0.44239646 -0.77518243 0.45097402 -0.00112712 -0.50237828 -0.86464721
0.46302873 -0.48602626 -0.74120367 0.42244214 0.85617059 -0.29751405
0.33608639 -0.51650751 -0.78756964 0.40250927 0.83476889 -0.37569565
0.20040001 -0.46398139 -0.86287951 0.48297316 0.81307495 -0.32503238
0.50402385 -0.49175182 -0.71002829 0.48575252 0.84114414 -0.23774166
-0.69602317 -0.61983913 0.36242419 -0.03260072 -0.47695416 -0.87832338
0.48938078 -0.40958130 -0.76990235 0.46355140 0.86996639 -0.16816261
0.52752578 -0.42619011 -0.73490036 0.38439897 0.89118320 -0.24089402
0.57817698 -0.43734810 -0.68879461 0.40289629 0.88713509 -0.22509100
0.63854927 -0.44600099 -0.62716669 0.45944184 0.87471014 -0.15425780
0.66999817 -0.44679576 -0.59285408 0.54898387 0.83577943 -0.00945343
-0.69659239 0.38947475 0.60255170 -0.60196358 -0.77422976 -0.19546913
0.65862328 -0.43076935 -0.61697102 0.47207028 0.87504154 -0.10701410
0.71897924 -0.47421592 -0.50812215 0.53502101 0.84427363 -0.03089607
0.73722327 -0.45895922 -0.49584115 0.32837167 0.88475782 -0.33071992
0.73914510 -0.46024549 -0.49177089 0.35571727 0.88673556 -0.29523784
0.72943348 -0.45852378 -0.50762463 0.31680381 0.88414705 -0.34339371
0.76128930 -0.43107191 -0.48437124 0.04073226 0.77732909 -0.62777418
0.76340085 -0.43032557 -0.48170435 0.04299245 0.77795666 -0.62684542
0.76571000 -0.42650017 -0.48144138 0.02553204 0.76809162 -0.63983083
0.76546609 -0.42546484 -0.48274368 0.02174002 0.76688319 -0.64141834
0.76353943 -0.44374841 -0.46914274 0.20267761 0.85446167 -0.47834834
0.78037369 -0.45759299 -0.42617545 0.36753368 0.88703722 -0.27943516
0.76045823 -0.44656482 -0.47146925 0.21891484 0.85981470 -0.46129712
0.76020616 -0.43190974 -0.48532528 0.03196186 0.77097839 -0.63605881
0.76469344 -0.44310033 -0.46787402 0.23548910 0.86800593 -0.43716198
0.74983603 -0.46113214 -0.47445038 0.34234315 0.88405651 -0.31819063
-0.76321024 0.45716894 0.45662543 -0.55526495 -0.82543725 -0.10165790
-0.77346814 0.47324163 0.42165089 -0.60602713 -0.74704218 -0.27323839
0.71103537 -0.45648593 -0.53483582 0.30824453 0.88599485 -0.34640801
0.71044588 -0.45320076 -0.53840113 0.23703170 0.87443918 -0.42328724
0.53301448 -0.31304923 -0.78606349 0.51383114 0.85786462 0.00677502
-0.73756868 -0.26441023 0.62135309 -0.25399306 -0.74395216 -0.61807990
-0.63259232 0.28942710 0.71837240 -0.59309256 -0.77753204 -0.20901000
-0.64989817 0.27919409 0.70688272 -0.61390674 -0.74115044 -0.27168864
-0.69561779 0.20469825 0.68863243 -0.66828454 -0.53615212 -0.51569057
-0.69936645 0.17764758 0.69233513 -0.66551608 -0.51516294 -0.54008842
-0.69929862 0.15333454 0.69819051 -0.70967668 -0.26598814 -0.65238750
-0.70046097 0.15356365 0.69697398 -0.70856124 -0.26650980 -0.65338629
-0.69882119 0.13176198 0.70305604 -0.70104045 -0.32141584 -0.63658005
-0.69424725 0.11262213 0.71087068 -0.66003293 -0.49348730 -0.56641591
-0.70805132 0.27007449 0.65247470 -0.68506378 -0.48687217 -0.54188859
-0.70785499 0.30433625 0.63743299 -0.68372810 -0.52180284 -0.51013499
-0.72127688 0.37269694 0.58382928 -0.67835212 -0.55045336 -0.48666167
-0.71001035 0.35050061 0.61076564 -0.70167470 -0.27887404 -0.65565377
-0.70755106 0.40713483 0.57759219 -0.69500530 -0.25307527 -0.67299378
-0.71032399 0.39729747 0.58102888 -0.69280350 -0.24879840 -0.67684758
-0.72699326 0.43287185 0.53301299 -0.68284738 -0.37424999 -0.62742043
-0.72773188 0.48710430 0.48284131 -0.68083411 -0.42796788 -0.59439749
-0.72493845 0.49754995 0.47634900 -0.68155903 -0.41802520 -0.60060996
-0.69616550 0.52147532 0.49337327 -0.69629079 -0.32320768 -0.64087135
-0.69910568 0.49032083 0.52041984 -0.70059246 -0.32426938 -0.63562548
-0.71976936 0.53518319 0.44216633 -0.68955886 -0.47753257 -0.54449177
-0.72211117 0.46873391 0.50876719 -0.68619508 -0.57857913 -0.44088843
-0.69057280 0.55287790 0.46629968 -0.70434284 -0.36757913 -0.60727817
-0.73461032 0.48494458 0.47452769 -0.64669478 -0.71203959 -0.27346966
-0.73308808 0.48716518 0.47460729 -0.64840090 -0.71125829 -0.27145529
-0.71326089 0.55113977 0.43301708 -0.70075780 -0.57313377 -0.42480144
0.72898364 -0.51499218 -0.45096117 0.58514184 0.81068182 0.02009940
-0.76559496 0.45462444 0.45517147 -0.55333346 -0.82625979 -0.10543594
0.74040306 -0.52375901 -0.42128351 0.60015476 0.79736352 0.06344920
-0.70012975 0.43637756 0.56514871 -0.69852608 -0.58257997 -0.41552618
-0.68097836 0.40240082 0.61183506 -0.73121661 -0.41914731 -0.53818011
-0.74112648 0.44443992 0.50319457 -0.60661215 -0.76445270 -0.21825168
-0.70120084 0.53499806 0.47126898 -0.66814131 -0.72376430 -0.17248906
-0.67204130 0.52744895 0.51976752 -0.71709692 -0.63865733 -0.27908570
-0.61895388 0.62547326 0.47505715 -0.76633590 -0.61346734 -0.19075435
-0.63111746 0.67012310 0.39067349 -0.77323663 -0.58350873 -0.24823920
-0.62657189 0.67941886 0.38183472 -0.77731419 -0.58029228 -0.24298903
-0.62595880 0.71089226 0.32063678 -0.77973282 -0.57782954 -0.24110138
-0.63724369 0.67006510 0.38070095 -0.77018678 -0.53636950 -0.34513772
-0.64190096 0.66565466 0.38061419 -0.76632899 -0.53974116 -0.34845299
-0.64554906 0.63524514 0.42394590 -0.76368874 -0.53200454 -0.36571941
-0.63001186 0.71958762 0.29202539 -0.76933253 -0.52704585 -0.36104053
-0.64875793 0.51758224 0.55787253 -0.75651103 -0.51810777 -0.39906821
0.79842877 0.60089177 0.03795576 -0.59927958 0.79920530 -0.04620558
-0.64377296 0.68028265 0.35038835 -0.74375296 -0.66395479 -0.07743140
0.87478107 -0.44441682 -0.19300678 0.44365707 0.89482349 -0.04959305
0.82829595 -0.43969625 -0.34726506 0.48126146 0.87570399 0.03911457
0.83642864 -0.43651327 -0.33142626 0.44101521 0.89507812 -0.06588417
0.81893754 -0.44662508 -0.36037120 0.44032151 0.89173293 -0.10454351
0.80793846 -0.44873875 -0.38192809 0.44578969 0.88932341 -0.10186011
0.81484240 -0.44620159 -0.37004867 0.40029240 0.89484030 -0.19755220
0.80849493 -0.44420585 -0.38602743 0.35410061 0.89111137 -0.28378388
0.80029267 -0.45095763 -0.39518216 0.35317609 0.88712621 -0.29710895
0.77061313 -0.46156651 -0.43944493 0.39828721 0.88709283 -0.23331021
0.77717030 -0.46712539 -0.42166373 0.40789214 0.88417709 -0.22771682
0.74801105 -0.47683412 -0.46163711 0.45549348 0.87472659 -0.16546622
-0.64340270 0.67423886 0.36253971 -0.74346149 -0.66322923 -0.08597723
-0.71127242 0.55545157 0.43077278 -0.65614760 -0.74446380 -0.12346663
0.79613376 -0.45796347 -0.39552572 0.46836579 0.88022310 -0.07642545
0.74401122 -0.48018911 -0.46461362 0.48828405 0.86540323 -0.11249869
0.72995961 -0.47459051 -0.49185658 0.47269416 0.87031555 -0.13824320
0.70494163 -0.45796582 -0.54159456 0.57630372 0.81495571 0.06100251
0.69870716 -0.45269078 -0.55396706 0.47118413 0.87386042 -0.11980641
0.62932158 -0.35831115 -0.68961412 0.58079410 0.80644733 0.11100000
-0.71169841 0.37456900 0.59429252 -0.58675969 -0.78213298 -0.20971687
-0.72157907 0.38954917 0.57234186 -0.65356076 -0.65603262 -0.37746471
-0.73389584 0.44303405 0.51489580 -0.64956039 -0.67943889 -0.34122452
-0.73551822 0.44412637 0.51162952 -0.65017891 -0.67501694 -0.34873998
0.72987193 -0.47252858 -0.49396741 0.57987487 0.81063342 0.08135557
0.71555030 -0.46553716 -0.52082920 0.56351531 0.82529843 0.03651191
-0.75906372 0.46117228 0.45950234 -0.56020170 -0.82228070 -0.10014257
-0.74972254 0.49712601 0.43678585 -0.64547181 -0.69486344 -0.31706628
-0.74082774 0.48691994 0.46269137 -0.64111036 -0.71807623 -0.27082127
-0.74310195 0.48236322 0.46381596 -0.65654755 -0.65956968 -0.36594152
-0.72500265 0.38856566 0.56867212 -0.68355852 -0.50708699 -0.52498633
-0.71836156 0.34752166 0.60264868 -0.68314821 -0.51602095 -0.51675040
0.65383154 -0.37544051 -0.65692371 0.57847750 0.80767030 0.11416022
-0.71715784 0.38838106 0.57865775 -0.58661222 -0.78469545 -0.20034762
-0.78412873 -0.19020823 0.59073097 -0.53843707 -0.26480338 -0.79997802
-0.67736804 0.02256280 0.73529822 -0.60542345 -0.58489531 -0.53977770
-0.70013291 0.11625459 0.70448482 -0.70813602 -0.23938362 -0.66425818
-0.80005485 -0.14545053 0.58202791 -0.53790557 -0.25567475 -0.80329818
-0.69676328 0.01961172 0.71703303 -0.70286548 -0.21820447 -0.67702806
-0.70707810 0.15953250 0.68890494 -0.67788404 -0.43022478 -0.59613758
-0.70773649 0.16307710 0.68739724 -0.67981470 -0.42198265 -0.59981894
-0.70760596 0.16015910 0.68821722 -0.68059331 -0.41632453 -0.60288197
-0.70310569 0.13876076 0.69741523 -0.70982683 -0.19528970 -0.67676282
-0.70042312 0.13503119 0.70083815 -0.71182483 -0.20382065 -0.67213297
-0.69936621 0.24609113 0.67106342 -0.71335840 -0.18147458 -0.67689496
-0.71168745 0.23689215 0.66134948 -0.69647235 -0.36095676 -0.62019074
-0.70782000 0.25693661 0.65800792 -0.59279388 -0.72264862 -0.35549179
-0.70598954 0.28391525 0.64882284 -0.67318845 -0.55359209 -0.49025828
-0.70678174 0.28507936 0.64744836 -0.67013669 -0.56303853 -0.48363668
-0.70712000 0.36550239 0.60530102 -0.69608814 -0.51027197 -0.50505823
-0.70772070 0.32653251 0.62650466 -0.70601642 -0.29433426 -0.64413363
-0.70399475 0.19709264 0.68230927 -0.71003509 -0.17429537 -0.68225461
-0.70756149 0.26779509 0.65394396 -0.70644468 -0.29046816 -0.64541787
-0.71368045 0.29673582 0.63451415 -0.69377410 -0.17447671 -0.69873846
-0.70802766 0.36523789 0.60439903 -0.69519043 -0.51092499 -0.50563431
-0.70781684 0.36613005 0.60410607 -0.69589788 -0.50830448 -0.50729954
-0.70612192 0.36713433 0.60547858 -0.69818562 -0.50351292 -0.50893182
-0.68205661 0.39470661 0.61563420 -0.60594189 -0.77634126 -0.17357643
-0.69520539 0.42933840 0.57650506 -0.68331867 -0.64364207 -0.34467447
-0.70276052 0.45203179 0.54935867 -0.66489172 -0.69200903 -0.28114519
-0.69712490 0.43920574 0.56667030 -0.63145024 -0.75045300 -0.19516885
-0.70924342 0.42215526 0.56458724 -0.68979263 -0.25032315 -0.67935592
-0.69372571 0.52320319 0.49497783 -0.71466404 -0.41469762 -0.56327724
-0.71306735 0.54582965 0.44000572 -0.63995510 -0.76306212 -0.09051962
-0.71315527 0.59639388 0.36840725 -0.68387628 -0.70737350 -0.17870632
0.89472771 -0.32553115 -0.30576429 0.28384343 0.94305474 -0.17343785
-0.68773127 0.54801297 0.47613823 -0.70637578 -0.35380751 -0.61306906
-0.65466332 0.45840561 0.60106593 -0.74516714 -0.52499706 -0.41122282
-0.65095139 0.44598734 0.61429441 -0.74801487 -0.51474959 -0.41893518
-0.64134699 0.39357430 0.65861470 -0.76118034 -0.43415633 -0.48178086
-0.64001137 0.35979319 0.67892152 -0.73354101 -0.54910272 -0.40050453
-0.61925852 0.28903934 0.73005158 -0.75738221 -0.46512610 -0.45829028
-0.65890712 0.45733768 0.59723002 -0.74167591 -0.52748042 -0.41434440
-0.66123164 0.46304590 0.59022141 -0.74126476 -0.52423835 -0.41916683
-0.67071939 0.62262625 0.40307817 -0.74167889 -0.55793625 -0.37231651
-0.66547525 0.51485884 0.54042876 -0.74571788 -0.48998845 -0.45146000
-0.66428995 0.46269095 0.58705705 -0.74746275 -0.41569552 -0.51816666
-0.69515014 0.51496476 0.50157505 -0.70271140 -0.33970612 -0.62513727
-0.70904148 0.48255557 0.51419878 -0.68190998 -0.65493071 -0.32567555
-0.66407174 0.44813347 0.59848577 -0.73873061 -0.26986480 -0.61761653
-0.68058008 0.44648764 0.58091265 -0.73123884 -0.46352702 -0.50043237
-0.66606188 0.47158685 0.57789922 -0.74493641 -0.38127083 -0.54745084
-0.64793432 0.38447878 0.65753877 -0.75956959 -0.39060557 -0.52007830
-0.60242695 0.20295969 0.77193856 -0.77673334 -0.37172619 -0.50843394
-0.59071666 0.17487028 0.78770190 -0.78196508 -0.36478701 -0.50543159
-0.57362103 0.11057101 0.81162375 -0.79257721 -0.32511893 -0.51586741
-0.54526997 0.09835194 0.83247077 -0.77830768 -0.42821893 -0.45920128
-0.61457402 0.23262879 0.75377893 -0.78695738 -0.24710655 -0.56536400
-0.64250857 0.38675079 0.66151851 -0.75504631 -0.46679831 -0.46043932
-0.64576691 0.41811585 0.63887739 -0.75232995 -0.49125633 -0.43893820
-0.65092009 0.56037235 0.51213866 -0.75079066 -0.57501262 -0.32507515
-0.57890141 0.13879813 0.80349755 -0.77889723 -0.38565731 -0.49455804
-0.55755430 0.10226525 0.82381743 -0.77807313 -0.41030264 -0.47566158
-0.64381158 0.46793449 0.60542881 -0.75526500 -0.51559287 -0.40464655
-0.61307853 0.27112794 0.74204069 -0.75103343 -0.49144435 -0.44094369
-0.57366085 0.14613573 0.80595142 -0.73783505 -0.51947147 -0.43098599
-0.64528567 0.38855743 0.65774584 -0.75470084 -0.45774683 -0.46999419
-0.62891078 0.28592211 0.72299373 -0.75004584 -0.46796381 -0.46737701
-0.61740834 0.14302155 0.77353203 -0.76551676 -0.33559871 -0.54896057
-0.61798394 0.15760325 0.77023190 -0.76345628 -0.35419843 -0.54007232
-0.60572982 0.18662736 0.77347374 -0.75437433 -0.44380698 -0.48368877
-0.66078418 0.46149328 0.59193599 -0.75027913 -0.38394517 -0.53820759
-0.64921582 0.51506245 0.55966920 -0.75614959 -0.51657909 -0.40172616
-0.59967393 0.76687300 0.22868541 -0.75999880 -0.45628080 -0.46282801
-0.66178679 0.50998050 0.54950720 -0.73651749 -0.30546156 -0.60351908
-0.54305714 0.81483817 0.20279966 -0.70676392 -0.31314600 -0.63436925
0.73630255 0.40785363 0.53992045 -0.40131751 0.90565884 -0.13684449
0.78557670 0.41256753 0.46114781 -0.32593012 0.90940320 -0.25837076
0.60408109 0.26492074 0.75160027 -0.56057286 0.81160700 0.16447563
0.58320957 0.24664703 0.77397156 -0.45540684 0.88825285 0.06009607
-0.64553636 0.43975437 0.62441897 -0.75253963 -0.22680900 -0.61825711
-0.64567423 0.41765162 0.63927454 -0.74115187 -0.14120463 -0.65631938
-0.63989663 0.08532663 -0.76370925 0.53852314 -0.65917361 -0.52486479
-0.66736656 0.08370210 -0.74001074 0.66669804 -0.37564933 -0.64374018
-0.66222847 0.12603182 -0.73862672 0.55756730 -0.57564920 -0.59811944
-0.53181773 0.47323728 -0.70229369 0.34704110 -0.63467401 -0.69047189
-0.42029765 0.52849638 -0.73759168 0.13385420 -0.76787031 -0.62646490
-0.48878670 0.53591263 -0.68839329 0.36069483 -0.59433377 -0.71879530
-0.49222639 0.53981900 -0.68286800 0.35589445 -0.59111583 -0.72382402
-0.56913841 0.40137097 -0.71762311 0.56711584 -0.44033033 -0.69605231
-0.57077277 0.43993884 -0.69330537 0.48562732 -0.49998373 -0.71706522
-0.45151252 0.61630005 -0.64522147 0.45413545 -0.46372697 -0.76073539
-0.43567824 0.62478679 -0.64793980 0.16783112 -0.65083915 -0.74043310
0.18338518 0.62453640 0.75916022 -0.42842957 0.74583298 -0.51007974
-0.49271560 0.59327137 -0.63660067 0.07654073 -0.69918239 -0.71083444
-0.54712933 0.55363613 -0.62780297 0.22552770 -0.62478197 -0.74751908
-0.34250391 0.69233608 -0.63510776 0.43190849 -0.48429975 -0.76086062
-0.25802127 0.73908734 -0.62223393 0.38651177 -0.51129252 -0.76758617
-0.41820174 0.63697475 -0.64758819 0.32598421 -0.56019092 -0.76152509
-0.49142927 0.56420797 -0.66345060 0.47120225 -0.46840924 -0.74736959
-0.38831392 0.65513313 -0.64808404 0.39070398 -0.51989245 -0.75964612
-0.41469198 0.61875838 -0.66720968 0.31113529 -0.59261948 -0.74296504
-0.43972409 0.59697711 -0.67101496 0.35211009 -0.57272452 -0.74027365
