-0.39383098 0.16384178 0.90446281 0.03747410 0.98602962 -0.16230007
-0.73280299 0.24804014 0.63362122 0.12686005 0.96466815 -0.23091552
-0.86189348 0.24059522 0.44637841 0.14797822 0.96129560 -0.23240748
-0.91391557 0.22137891 0.34022024 0.16489463 0.96838790 -0.18717545
-0.88955384 0.22637510 0.39679751 0.16851158 0.96993607 -0.17557886
-0.84670174 0.24551071 0.47203889 0.13209116 0.95639652 -0.26049498
-0.88102657 0.22428718 0.41651839 0.18099348 0.97328728 -0.14125615
-0.79789186 0.22289668 0.56007653 0.22549273 0.97203344 -0.06560577
-0.89198494 0.23498943 0.38619021 0.21907894 0.97196150 -0.08541273
-0.77363080 0.23739223 0.58748645 0.20779766 0.97094285 -0.11870169
-0.64303505 0.23975523 0.72733998 0.14037073 0.97054106 -0.19582176
-0.74616039 0.23431709 0.62316954 0.21388730 0.97076750 -0.10891610
-0.84026492 0.34870428 0.41516289 0.36888027 0.92886990 -0.03358627
0.68560106 -0.56820977 -0.45507032 -0.66636491 -0.74153012 -0.07804480
0.68939841 -0.57430559 -0.44147807 -0.66062146 -0.74848074 -0.05792980
0.66419232 -0.53490222 -0.52223384 -0.66487914 -0.74203223 -0.08558027
0.62473375 -0.48707211 -0.61030197 -0.65899801 -0.74814105 -0.07750198
0.64096946 -0.50128615 -0.58126622 -0.74171609 -0.59938711 -0.30098569
0.60427010 -0.41355270 -0.68105209 -0.72283018 -0.64414048 -0.25019914
0.61683679 -0.43521044 -0.65582335 -0.72002029 -0.64857769 -0.24681529
0.52690339 -0.29217041 -0.79812860 -0.65936041 -0.73305815 -0.16694212
-0.30861303 0.04526222 0.95011020 0.60245252 0.78227478 0.15842082
0.53388935 -0.38337511 -0.75364828 -0.72339207 -0.66857904 -0.17235450
0.59733647 -0.49728099 -0.62920648 -0.74181372 -0.64076328 -0.19782533
0.57654756 -0.45477676 -0.67880118 -0.77513230 -0.56716013 -0.27838707
0.57102048 -0.44874844 -0.68743032 -0.77156073 -0.57938856 -0.26268438
0.57727987 -0.47423255 -0.66471916 -0.74718302 -0.63513017 -0.19577351
0.56918269 -0.45935166 -0.68192899 -0.77342039 -0.58057427 -0.25446898
0.57168931 -0.45869440 -0.68027258 -0.74693006 -0.63405418 -0.20017694
0.56155378 -0.45223713 -0.69292063 -0.71926689 -0.68076831 -0.13859926
0.56790948 -0.46019506 -0.68242168 -0.70681560 -0.69751436 -0.11783698
-0.52055746 0.45161122 0.72461522 0.59050256 0.80340159 -0.07650223
-0.55058730 0.47138920 0.68894553 0.57264006 0.81378680 -0.09916887
-0.59277159 0.48262846 0.64474159 0.47425392 0.85621196 -0.20490070
-0.66760743 0.50902414 0.54331827 0.48294973 0.85148025 -0.20430607
-0.65082282 0.50940925 0.56296700 0.52098858 0.83901829 -0.15690510
-0.66185427 0.51122993 0.54826361 0.56998628 0.81823444 -0.07488747
-0.67714721 0.51665777 0.52396232 0.56272089 0.82239902 -0.08369668
-0.66799074 0.55691171 0.49359679 0.61877739 0.78413969 -0.04732399
-0.66444141 0.56262457 0.49190575 0.62349087 0.78021705 -0.05020516
-0.61019748 0.50258863 0.61242455 0.64490771 0.76410335 0.01549825
-0.63271350 0.50267744 0.58905780 0.61053884 0.79173750 -0.01984942
-0.60775214 0.51204669 0.60699713 0.65327352 0.75696272 0.01553235
0.60844612 -0.52666545 -0.59364712 -0.71627373 -0.68651980 -0.12507054
0.65271336 -0.58302128 -0.48378876 -0.67696059 -0.73552603 -0.02694146
0.64406508 -0.57402879 -0.50563931 -0.70630616 -0.70009369 -0.10488337
0.68509102 -0.61636591 -0.38825691 -0.67789781 -0.73454082 -0.03007221
0.60667008 -0.52960998 -0.59284461 -0.69229418 -0.71854115 -0.06653965
-0.64120603 0.63186693 0.43542984 0.69543469 0.71835518 -0.01834498
0.60690904 -0.71355897 -0.34999299 -0.77189428 -0.63410568 -0.04570891
0.60895872 -0.72026843 -0.33223885 -0.76966625 -0.63783485 -0.02793968
0.58439177 -0.68738514 -0.43126321 -0.78582907 -0.61193341 -0.08949995
0.59581387 -0.69316542 -0.40561998 -0.78098267 -0.61783379 -0.09136456
0.60997587 -0.55502421 -0.56557721 -0.75024450 -0.63424355 -0.18673061
0.57386070 -0.48575249 -0.65933937 -0.72530890 -0.67530298 -0.13376442
-0.62837672 0.57287681 0.52626514 0.68196273 0.73115629 0.01836914
-0.62105137 0.50197673 0.60192579 0.52894825 0.83516145 -0.15072881
-0.61467445 0.51978171 0.59329790 0.64908701 0.76069021 0.00604126
0.53884578 -0.43710956 -0.72012532 -0.80151546 -0.52912039 -0.27857608
0.32926258 -0.45028716 -0.82995635 -0.91734850 -0.36081746 -0.16817401
0.34023154 -0.45396769 -0.82350218 -0.91298372 -0.36918092 -0.17368458
-0.24758022 0.19372870 0.94930142 0.88116419 0.45237821 0.13749075
-0.15964895 0.03907854 0.98640007 0.72264504 0.68536031 0.08980802
0.14050439 -0.18418039 0.97279811 0.61621964 0.78530985 0.05968052
0.32419807 -0.25166449 0.91189945 0.26072279 0.95040005 0.16959774
0.00390657 -0.12443574 0.99221998 0.39191392 0.91304046 0.11296268
0.15914869 -0.20520680 0.96569246 0.16320045 0.97017044 0.17926249
0.30486336 -0.24191818 0.92115903 0.27505028 0.94835323 0.15803039
0.43010214 -0.26465744 0.86311573 0.23347314 0.95614731 0.17684093
-0.19612314 0.02203776 0.98033160 0.57325256 0.81368911 0.09639206
0.51027036 -0.36401558 -0.77917707 -0.71668953 -0.68078208 -0.15130079
0.60324913 -0.52497751 -0.60040748 -0.74797904 -0.63367003 -0.19745792
0.60385114 -0.71005821 -0.36218950 -0.77078962 -0.63593423 -0.03835516
-0.93181598 0.21392770 0.29317904 0.21053132 0.97661942 -0.04348708
-0.95729721 0.20783676 0.20096251 0.23022947 0.96847785 0.09510598
-0.95470595 0.21611330 0.20452797 0.24040325 0.96527660 0.10221229
-0.94629830 0.21725285 0.23941769 0.24800891 0.96288455 0.10651262
-0.94834429 0.22314607 0.22549734 0.23655181 0.97102618 0.03393330
-0.95068842 0.23806572 0.19878714 0.24509627 0.96943438 0.01117330
-0.94944155 0.24302830 0.19874093 0.22530900 0.96831334 -0.10772724
-0.95834905 0.22514112 0.17572328 0.19944389 0.96797359 -0.15247735
-0.96647114 0.21757586 0.13636108 0.18974173 0.96294695 -0.19165391
-0.96202224 0.22898930 0.14858359 0.19337261 0.95587933 -0.22113737
-0.96561253 0.21024826 0.15293193 0.18599527 0.96965170 -0.15868640
-0.96758837 0.20751627 0.14390881 0.18250838 0.96849275 -0.16944760
-0.16079652 -0.96883088 0.18844430 -0.98402965 0.17213604 0.04533006
-0.16381337 -0.96750093 0.19263227 -0.98535126 0.15108894 -0.07908871
-0.16804944 -0.96560758 0.19839716 -0.98268968 0.14817506 -0.11119866
-0.16588305 -0.96919858 0.18203546 -0.97737569 0.13701928 -0.16112897
-0.15488215 -0.96796709 0.19761381 -0.98756969 0.14627187 -0.05753929
-0.15629758 -0.97146690 0.17839047 -0.98481166 0.16710234 0.04714781
-0.16282167 -0.97543108 0.14840259 -0.98326725 0.17287099 0.05745564
-0.16616453 -0.97670877 0.13575488 -0.98482150 0.17137207 0.02753624
-0.97149587 0.20595782 0.11737620 0.18563257 0.96889395 -0.16366178
-0.97285944 0.20127799 0.11415660 0.18815701 0.97525871 -0.11604920
-0.95872766 0.21074325 0.19086270 0.18907414 0.97389758 -0.12559675
-0.94514495 0.20682228 0.25283524 0.19472523 0.97819293 -0.07225458
-0.92529023 0.21205661 0.31443599 0.18850172 0.97656202 -0.10389279
-0.93095309 0.21325782 0.29639083 0.18417226 0.97514784 -0.12315553
-0.92945939 0.21310635 0.30114928 0.18243629 0.97499627 -0.12688318
-0.93150651 0.21375164 0.29428878 0.18450087 0.97495979 -0.12414851
-0.89015704 0.21373810 0.40241334 0.18872890 0.97678697 -0.10133420
-0.91803771 0.22225359 0.32834470 0.17473866 0.97015446 -0.16812716
-0.91194582 0.22200161 0.34506550 0.16591850 0.96868438 -0.18472081
-0.93731409 0.21915889 0.27094588 0.16974054 0.96614850 -0.19428162
-0.95091504 0.21456210 0.22298807 0.16432905 0.96071756 -0.22364685
-0.95046645 0.21183409 0.22746421 0.17087327 0.96739924 -0.18692538
-0.92439353 0.22609085 0.30721262 0.15444838 0.95828032 -0.24050887
-0.94931167 0.21449944 0.22977684 0.16854759 0.96437216 -0.20390712
-0.95710969 0.21192969 0.19755241 0.16263387 0.95729566 -0.23902985
-0.93597728 0.22284260 0.27255774 0.16111764 0.95947737 -0.23118028
-0.95774496 0.21515493 0.19087428 0.16223073 0.95210224 -0.25919586
-0.94373095 0.22246857 0.24470325 0.15334989 0.94993973 -0.27221003
-0.93733239 0.22676054 0.26455191 0.14128095 0.94138181 -0.30633315
-0.93266970 0.22822718 0.27935588 0.13485149 0.93885642 -0.31680256
-0.87553024 0.26114878 0.40650731 0.11442497 0.92948180 -0.35067150
-0.85135651 0.28312331 0.44162589 0.07695494 0.90015006 -0.42872801
-0.86601806 0.27667627 0.41648883 0.06098102 0.88518149 -0.46123213
-0.83657730 0.24909887 0.48794284 0.13080451 0.95571274 -0.26363510
-0.85055923 0.24491915 0.46536404 0.12520778 0.95379359 -0.27313167
-0.89658260 0.22795607 0.37970454 0.13955271 0.95910019 -0.24627620
-0.89622462 0.23157161 0.37835982 0.14318344 0.95828801 -0.24735126
-0.93451548 0.21031116 0.28714129 0.08636863 0.91663563 -0.39028141
-0.83828270 0.21877608 0.49941880 0.16003884 0.97435158 -0.15819794
-0.82183087 0.22333764 0.52413207 0.21619023 0.97340488 -0.07579415
-0.88056517 0.22692671 0.41606402 0.23999459 0.97053802 -0.02141529
-0.69106591 0.18371421 0.69905436 0.26064464 0.96542674 0.00394815
-0.76386297 0.20770855 0.61104053 0.24589849 0.96904576 -0.02200564
-0.77181226 0.20775674 0.60095179 0.20842305 0.97556043 -0.06958262
-0.62135768 0.17274627 0.76424700 0.22153215 0.97432745 -0.04011888
-0.64310616 0.17408468 0.74572718 0.16687045 0.98227370 -0.08539768
-0.66295934 0.17199908 0.72862977 0.24361700 0.96984422 -0.00727963
-0.53630126 0.18803208 0.82281524 0.12111991 0.98192412 -0.14544760
-0.31001019 0.01500642 0.95061481 -0.03511990 0.99901229 -0.02722357
0.22391818 0.13397254 -0.96535593 0.28930113 -0.95499933 -0.06543069
0.22426015 0.13424745 -0.96523833 0.28014803 -0.95753914 -0.06808800
-0.41020826 -0.21134008 0.88716662 -0.40509519 0.91377002 0.03036952
-0.52275264 0.13008372 0.84250098 -0.04651157 0.98246479 -0.18055375
-0.71087408 0.22760108 0.66547424 0.09827042 0.96905184 -0.22645408
-0.66279811 0.28559175 0.69219661 0.05570221 0.94065368 -0.33476558
-0.55363292 0.28558230 0.78226179 0.18835820 0.95795870 -0.21641697
-0.70567781 0.20826049 0.67723447 0.15971810 0.97798187 -0.13431899
-0.62022811 0.19517599 0.75975227 0.14451286 0.98040330 -0.13388605
0.16731520 0.31693193 -0.93357366 0.57382047 -0.80131400 -0.16919187
0.04695490 0.08004864 -0.99568444 0.28254339 -0.95714211 -0.06362571
-0.32847857 0.07435346 0.94158030 0.02121772 0.99722600 -0.07134562
-0.48972717 0.13910508 0.86070734 0.27162504 0.96240264 -0.00099096
-0.21852243 0.06094953 0.97392666 0.01749684 0.99813181 -0.05853851
-0.01747081 -0.00335694 0.99984175 -0.02714172 0.99962747 0.00288196
-0.01306006 -0.01730240 0.99976498 -0.01805694 0.99969131 0.01706524
0.01408356 -0.04353655 0.99895257 0.06130029 0.99721003 0.04259637
-0.00458295 -0.03310735 0.99944133 0.21379457 0.97631019 0.03332146
-0.07449025 -0.01887567 0.99704307 0.10973794 0.99359357 0.02700901
-0.08105716 -0.01358927 0.99661684 0.10785838 0.99391562 0.02232481
-0.07991107 -0.01530447 0.99668449 0.09340353 0.99536788 0.02277306
-0.04938838 -0.02428732 0.99848431 0.39724538 0.91675323 0.04194836
0.26313904 -0.16083604 0.95125681 0.42070794 0.90644610 0.03688226
0.11567184 -0.10303727 0.98792881 0.31383580 0.94744629 0.06206956
0.02099980 -0.07017738 0.99731344 0.33848169 0.93912429 0.05895562
-0.03862989 -0.04529569 0.99822646 0.41105396 0.90981531 0.05719111
-0.09910727 -0.02589335 0.99473983 0.34491494 0.93679357 0.05874933
-0.18023160 -0.00079956 0.98362392 0.32615846 0.94337529 0.06052959
-0.28684044 0.03446016 0.95735842 0.31810325 0.94607514 0.06125498
-0.28912079 0.05215374 0.95587087 0.29358894 0.95522773 0.03668274
-0.33889705 0.06824633 0.93834496 0.27290285 0.96161568 0.02862404
-0.42177373 0.09436286 0.90177751 0.26467890 0.96406436 0.02291335
-0.52690011 0.13016275 0.83990115 0.26228732 0.96487308 0.01501211
-0.73311698 0.20392096 0.64881104 0.29565963 0.95468742 0.03401963
-0.58495879 0.16815001 0.79344112 0.27824482 0.96050894 0.00157818
-0.75226635 0.22037223 0.62091178 0.27514929 0.96136945 -0.00784910
-0.67375100 0.18657377 0.71501744 0.27884707 0.96025819 0.01218781
-0.76570451 0.20824197 0.60854900 0.24960314 0.96819460 -0.01724846
-0.81743258 0.22539499 0.53009552 0.25438717 0.96691865 -0.01885375
-0.79140651 0.21341915 0.57282466 0.25659743 0.96650225 -0.00558151
-0.83638042 0.22523849 0.49973541 0.25078189 0.96790254 -0.01652839
-0.84466577 0.22342126 0.48643884 0.21421999 0.97387689 -0.07532392
-0.83776742 0.20848928 0.50465631 0.21639869 0.97532660 -0.04369975
-0.91308331 0.22534950 0.33984783 0.21090081 0.97427768 -0.07939724
-0.76231587 0.18312940 0.62075603 0.16507690 0.98242688 -0.08710429
-0.76074558 0.17943712 0.62375355 0.16280971 0.98305547 -0.08423178
-0.54649585 0.12248306 0.82845658 0.13880938 0.98881149 -0.05462437
-0.54742831 0.12175255 0.82794839 0.13732845 0.98901749 -0.05463856
-0.56719625 0.12798290 0.81357783 0.20700884 0.97829223 -0.00957502
-0.54216558 0.12745421 0.83054924 0.19686419 0.98018599 -0.02190820
-0.21452995 0.06738591 0.97439015 0.16336802 0.98603886 -0.03222303
-0.46512946 0.10930719 0.87846822 0.17590970 0.98397034 -0.02929447
-0.28892419 0.06406254 0.95520616 0.15907323 0.98710114 -0.01808627
-0.15473388 -0.02753213 0.98757249 0.21064778 0.97570628 0.06020583
-0.16347268 -0.02323698 0.98627424 0.19943112 0.97830445 0.05610446
-0.32628426 0.06478031 0.94304931 0.24390981 0.96963489 0.01778346
-0.07743482 -0.04167386 0.99612612 0.21145482 0.97570926 0.05725735
-0.09630580 -0.03675907 0.99467283 0.26383457 0.96262962 0.06111977
0.00565315 -0.07492784 0.99717295 0.27065867 0.96008259 0.07060646
0.02589056 -0.08182129 0.99631071 0.29607812 0.95255589 0.07053394
-0.46841893 0.10911531 0.87674260 0.08960959 0.99309450 -0.07572003
-0.61736315 0.09829857 0.78051281 -0.04751702 0.98569143 -0.16172357
-0.44789484 0.11256498 0.88697207 -0.02364751 0.99020451 -0.13760743
-0.64922571 0.13798223 0.74797523 0.03759966 0.98802692 -0.14962992
-0.74992752 0.13643871 0.64729691 -0.01004428 0.97603798 -0.21736830
-0.82894659 0.15346271 0.53786314 0.13186330 0.98813814 -0.07870909
-0.71925807 0.16912025 0.67384440 0.19651285 0.97983426 -0.03616025
-0.71054077 0.19963047 0.67474401 0.27871382 0.96032846 0.00937648
-0.66996276 0.19420075 0.71654445 0.30328000 0.95256299 0.02539663
-0.62358284 0.17697383 0.76146221 0.28698239 0.95785564 0.01239972
-0.46797332 0.13855878 0.87281293 0.33986369 0.93989503 0.03301557
-0.47883311 0.14204580 0.86633819 0.30567479 0.95204931 0.01285021
-0.38939485 0.10956237 0.91453141 0.33840638 0.94047546 0.03141826
-0.36020896 0.10167021 0.92731482 0.33039680 0.94351381 0.02489407
-0.21973298 0.01974043 0.97536033 0.40385872 0.91194201 0.07252596
-0.38111332 0.09733763 0.91939002 0.35237667 0.93467158 0.04711463
-0.29274845 0.04619018 0.95507324 0.34633613 0.93613267 0.06088458
0.61937684 -0.23279783 -0.74978507 -0.56816787 -0.79199630 -0.22344404
-0.47448763 0.14072183 0.86894131 0.34314281 0.93861717 0.03536845
-0.51369327 0.14881146 0.84497005 0.32182118 0.94635683 0.02898166
-0.56899053 0.16419087 0.80578607 0.30829060 0.95099157 0.02391490
-0.50618035 0.12181908 0.85378081 0.22063328 0.97532105 -0.00835401
-0.34415126 0.07113596 0.93621558 0.26116037 0.96502906 0.02267683
-0.27708772 0.04183988 0.95993328 0.31935978 0.94626343 0.05094012
-0.13321187 -0.01916872 0.99090219 0.27478999 0.95990056 0.05551036
-0.04446420 -0.05213411 0.99764973 0.37143466 0.92618424 0.06495398
0.04637776 -0.06493582 0.99681115 0.39455637 0.91793686 0.04144048
0.08107225 -0.08070685 0.99343532 0.41319945 0.90975338 0.04018814
-0.03578044 -0.03685790 0.99867976 0.40638432 0.91242820 0.04823447
-0.08388826 -0.01703851 0.99632949 0.20417984 0.97834551 0.03392236
-0.01637872 -0.00905575 0.99982488 -0.02803306 0.99957007 0.00859422
-0.66457087 0.18599118 0.72370768 0.28723052 0.95769918 0.01763340
-0.73306102 0.21064365 0.64672309 0.13642198 0.97704875 -0.16359933
-0.78995454 0.21547468 0.57405800 0.15406518 0.97593611 -0.15431371
-0.80231196 0.22576912 0.55256122 0.26958746 0.96297377 -0.00202057
-0.80574685 0.22393747 0.54829198 0.26668942 0.96378100 -0.00171902
-0.87869382 0.22007428 0.42363253 0.23505408 0.97182816 -0.01731180
-0.84941608 0.21786195 0.48065436 0.17093061 0.97528744 -0.13999008
-0.88975275 0.21410143 0.40311372 0.21926978 0.97507489 -0.03390870
-0.91254210 0.20611164 0.35324919 0.20537379 0.97786504 -0.04002031
-0.88246900 0.21437640 0.41867793 0.23545043 0.97188544 -0.00136524
-0.88233131 0.21542729 0.41842869 0.23705733 0.97149563 -0.00029532
-0.86887968 0.21501012 0.44589105 0.22444618 0.97395176 -0.03227868
-0.84896672 0.21850675 0.48115528 0.18084279 0.97566479 -0.12399285
-0.88338548 0.22086486 0.41333863 0.18026355 0.97426385 -0.13533315
-0.85236126 0.21453899 0.47692072 0.13171044 0.97064614 -0.20124221
-0.81227326 0.25112349 0.52644956 0.09449046 0.94730347 -0.30608451
-0.90012783 0.24764921 0.35838494 0.11436053 0.92817044 -0.35414881
-0.08404607 -0.89494336 0.43819237 -0.97707808 0.16033025 0.14004561
-0.09553570 -0.90354818 0.41770047 -0.93862307 0.22149163 0.26443917
-0.84703958 0.32231319 0.42265615 0.07497580 0.85967016 -0.50531763
-0.94723541 0.23401159 0.21905197 0.15481709 0.93239570 -0.32660371
-0.05003161 -0.80132312 0.59613603 -0.89225835 0.30404603 0.33381307
-0.06132289 -0.80392641 0.59155887 -0.91199940 0.28596166 0.29408002
-0.05304388 -0.76216435 0.64520687 -0.94603109 0.24521248 0.21188718
-0.05247896 0.35034150 -0.93515074 0.93264645 -0.31753370 -0.17129810
-0.12602103 -0.80748522 0.57626933 -0.97947288 0.19340535 0.05680985
-0.12378467 -0.78901923 0.60176915 -0.98016477 0.19180720 0.04986997
-0.13930734 -0.86999309 0.47297519 -0.98171794 0.18389677 0.04911124
-0.11985856 -0.92141247 0.36963916 -0.97250760 0.18384516 0.14293367
-0.93767667 0.21024117 0.27669689 0.10482908 0.93026567 -0.35159177
-0.12543336 -0.93107611 0.34258410 -0.97889757 0.17230210 0.10987070
-0.11221147 -0.90313059 0.41444397 -0.98291039 0.16213129 0.08718165
-0.11256534 -0.90423602 0.41193008 -0.98338312 0.16080357 0.08426069
-0.08754921 -0.87789971 0.47077313 -0.93773818 0.23209320 0.25841811
-0.09919996 -0.89667296 0.43143597 -0.95160806 0.21222277 0.22226922
-0.13744032 -0.95062423 0.27825135 -0.97233927 0.18304728 0.14508659
-0.13475853 -0.94378251 0.30185226 -0.96320027 0.19626616 0.18364321
-0.14084603 -0.95359337 0.26612428 -0.96764016 0.18943954 0.16668899
-0.96279848 0.20658129 0.17419368 0.15912436 0.95444918 -0.25240102
-0.96222615 0.21428815 0.16793294 0.17147788 0.95612878 -0.23751462
-0.96652031 0.20958076 0.14803535 0.17560983 0.96094167 -0.21389790
-0.12821336 -0.96531284 0.22744791 -0.97856271 0.16040787 0.12916790
-0.12998463 -0.97225964 0.19446120 -0.97717410 0.15885387 0.14105432
-0.12830816 -0.96967512 0.20800789 -0.97593868 0.16074112 0.14732982
-0.96488422 0.20382895 0.16568732 0.16717075 0.96303904 -0.21121010
-0.96703315 0.20730497 0.14789025 0.17633528 0.96412283 -0.19842651
-0.96589673 0.20929597 0.15244254 0.18100846 0.96678472 -0.18045282
-0.96776778 0.20493813 0.14637615 0.17727251 0.96717227 -0.18207791
-0.15330933 -0.97865337 0.13687174 -0.98100072 0.16739258 0.09806805
-0.97001535 0.20941868 0.12334538 0.18655102 0.96683520 -0.17443742
-0.96921170 0.20985693 0.12879752 0.18843640 0.96886158 -0.16062054
-0.96659350 0.20907854 0.14826733 0.18767615 0.97129571 -0.14615861
-0.96524656 0.20857684 0.15746352 0.18506554 0.97095025 -0.15167879
-0.96201289 0.21141423 0.17272881 0.17592846 0.96388632 -0.19993095
-0.13766405 -0.95645654 0.25737056 -0.97955465 0.16995516 0.10764737
-0.96360457 0.20930894 0.16630118 0.16936944 0.95929170 -0.22599447
-0.14310335 -0.96763706 0.20784622 -0.98639613 0.15660934 0.04996203
-0.12756291 -0.95221770 0.27750540 -0.97791427 0.16745467 0.12507051
-0.94033575 0.21824549 0.26103181 0.15998419 0.96068889 -0.22689639
-0.94487858 0.21647893 0.24564487 0.17065224 0.96588618 -0.19478662
-0.96228778 0.20512494 0.17867853 0.16442290 0.96184146 -0.21869177
-0.94373226 0.21486282 0.25140294 0.17125182 0.96783429 -0.18430871
-0.95969307 0.21001294 0.18677220 0.18274042 0.97117603 -0.15304635
-0.94786149 0.21388288 0.23624720 0.19801682 0.97612721 -0.08924713
-0.96418297 0.21073167 0.16106954 0.20318045 0.97716457 -0.06218667
-0.96306938 0.21505651 0.16201268 0.21197049 0.97660142 -0.03630709
-0.96678632 0.21050598 0.14495371 0.19823760 0.97557873 -0.09459431
-0.96355551 0.21214955 0.16295189 0.19982597 0.97579837 -0.08880986
-0.96698833 0.20929094 0.14536478 0.19260828 0.97381186 -0.12079968
-0.96737731 0.20612639 0.14728586 0.17712139 0.96596354 -0.18852708
-0.13987640 -0.96097863 0.23865189 -0.97487408 0.17585517 0.13673134
-0.13247286 -0.95691961 0.25837147 -0.97230816 0.17608999 0.15365291
-0.11780053 -0.91931969 0.37546554 -0.97906375 0.17072688 0.11084475
-0.07885886 -0.89238358 0.44433424 -0.93626571 0.21935897 0.27438691
-0.94426411 0.22284940 0.24228820 0.12831828 0.92696983 -0.35250729
-0.94414628 0.22324061 0.24238718 0.13593338 0.93391156 -0.33065292
-0.94826025 0.22374082 0.22526100 0.14667866 0.93796527 -0.31417590
-0.95749664 0.21340933 0.19405302 0.16135463 0.95393431 -0.25293088
-0.94806159 0.21991606 0.22981764 0.15506597 0.95036805 -0.26973173
-0.96743220 0.20534921 0.14800911 0.17325737 0.96346331 -0.20425557
-0.93794411 0.22461830 0.26421106 0.15915093 0.95572180 -0.24752146
-0.87454098 0.22150509 0.43140879 0.15621729 0.97084790 -0.18179813
-0.87009960 0.21703976 0.44251606 0.19001523 0.97613472 -0.10514387
-0.91934270 0.20824184 0.33383283 0.21284039 0.97681189 -0.02318483
-0.96175605 0.20993547 0.17593312 0.20186439 0.97739887 -0.06278740
-0.93325239 0.21083483 0.29084134 0.18317334 0.97577971 -0.11958896
-0.95666635 0.20716929 0.20462270 0.18957199 0.97651583 -0.10236862
-0.95602423 0.21040736 0.20431967 0.17707393 0.96944183 -0.16978644
-0.13084179 -0.97121757 0.19903974 -0.98003268 0.15702716 0.12197726
-0.15573426 -0.97155350 0.17841138 -0.98486316 0.16663253 0.04772969
-0.13378203 -0.96933693 0.20612687 -0.98148239 0.15837169 0.10775313
-0.96623588 0.20730434 0.15301386 0.17890890 0.96715629 -0.18055557
-0.96081173 0.21275233 0.17770003 0.18740517 0.97089708 -0.14912497
-0.96791708 0.21829407 0.12443605 0.21591531 0.97587246 -0.03245909
-0.95283663 0.21321051 0.21597156 0.24425550 0.96112072 0.12878790
-0.96026063 0.21433027 0.17877945 0.22563252 0.97316152 0.04524034
-0.94876271 0.21219870 0.23413901 0.19646689 0.97647542 -0.08886310
-0.92359555 0.21527623 0.31721833 0.18339400 0.97473216 -0.12752980
-0.92614812 0.21733145 0.30824783 0.16488764 0.96835893 -0.18733133
-0.88968420 0.23198982 0.39324656 0.14535086 0.96039510 -0.23772751
-0.76196980 0.24460241 0.59964305 0.15058599 0.96746880 -0.20329300
-0.71520501 0.17582652 0.67643690 -0.10347705 0.93053412 -0.35128164
