0.02695146 -0.41123450 0.91113108 0.41210335 0.83497608 0.36467221
0.38048062 -0.49336675 0.78219163 0.32879058 0.86271137 0.38422123
0.27543753 -0.48318845 0.83106142 0.25743800 0.87000042 0.42050567
0.21596232 -0.47926810 0.85068345 0.26374504 0.86749053 0.42178029
0.34605378 -0.51069373 0.78704429 0.27457336 0.85727304 0.43553695
0.40213367 -0.50426596 0.76420182 0.32003108 0.85942996 0.39869827
0.33291116 -0.50075942 0.79900575 0.24214819 0.86432427 0.44080362
0.41128615 -0.50853699 0.75646138 0.26793441 0.86068797 0.43292889
0.40592775 -0.52568966 0.74757808 0.27626157 0.85031772 0.44792777
0.40893233 -0.53649211 0.73820770 0.27684784 0.84374732 0.45983228
0.49283916 -0.53709626 0.68457085 0.24933256 0.84093398 0.48027423
0.38077319 -0.54659730 0.74581712 0.27813521 0.83692896 0.47137114
0.36487749 -0.58957386 0.72060186 0.29967311 0.80714393 0.50864005
0.54884195 -0.59642869 0.58570069 0.36532053 0.80134606 0.47369334
0.28344598 -0.59446168 0.75251162 0.25263968 0.80326188 0.53939188
-0.02496159 -0.57733035 0.81612909 -0.00487601 0.81644410 0.57740402
-0.04075329 0.63001525 -0.77551275 0.02110916 -0.77544147 -0.63106656
-0.00654912 -0.63889271 0.76926792 -0.04789171 0.76860207 0.63793200
0.00082598 0.66667551 -0.74534768 0.06595305 -0.74376142 -0.66518354
-0.01136184 -0.69210756 0.72170496 -0.22608840 0.70483875 0.67237377
-0.03215244 0.70451820 -0.70895725 0.21819140 -0.68726802 -0.69286013
-0.19471431 0.66246837 -0.72334087 0.29210633 -0.66483039 -0.68751323
-0.19567584 0.68238348 -0.70431799 0.24628320 -0.66098988 -0.70882791
-0.20851676 0.68056959 -0.70238584 0.15500090 -0.68609935 -0.71080405
0.34343261 -0.65094674 0.67699516 0.23436581 0.75743365 0.60939884
0.44091108 -0.65538001 0.61324906 0.36150393 0.75504780 0.54700810
0.43226382 -0.67024165 0.60326123 0.42928264 0.74127263 0.51597613
0.17895120 -0.71168637 0.67932254 0.03908365 0.69506526 0.71788353
0.42460483 -0.67017019 0.60875505 0.43902901 0.74044144 0.50892049
0.43185633 -0.66153270 0.61308622 0.43405518 0.74828321 0.50166571
0.41190326 -0.66065699 0.62758905 0.45846683 0.74546057 0.48383546
0.41846925 -0.65990812 0.62402302 0.45735541 0.74671441 0.48295301
0.45089644 -0.64717263 0.61470318 0.46194628 0.75847673 0.45969415
0.48681784 -0.64809996 0.58564061 0.41240680 0.76155305 0.49995765
0.35182768 -0.62083691 0.70055604 0.51019096 0.75465447 0.41255519
0.41112471 -0.63169450 0.65722036 0.48862213 0.76135629 0.42612797
0.43958744 -0.62166554 0.64830160 0.48446098 0.77189040 0.41168287
0.48170322 -0.62459791 0.61468649 0.32857794 0.77898723 0.53405565
0.58455956 -0.58965975 0.55730748 0.23554742 0.78064132 0.57889265
-0.31363416 0.65443957 -0.68799889 0.05246561 -0.71150666 -0.70071799
0.40931696 -0.58817780 0.69750029 0.43139884 0.79838508 0.42009082
0.50398159 -0.57372248 0.64563543 0.36142293 0.81900305 0.44565395
0.44490802 -0.55920446 0.69953358 0.45911285 0.81306672 0.35796356
0.42424208 -0.56935388 0.70416963 0.50163120 0.79516309 0.34070802
0.39767557 -0.56004566 0.72677577 0.53651381 0.78450847 0.31096533
0.38462472 -0.52982599 0.75587589 0.54333359 0.79193193 0.27862585
0.35596961 -0.50466561 0.78651023 0.50348991 0.81260973 0.29353598
0.33766121 -0.49415323 0.80112267 0.58987463 0.77434003 0.22900970
0.42042977 -0.50804442 0.75175112 0.37028247 0.85247296 0.36902681
0.47508982 -0.53948593 0.69515800 0.27241525 0.84137142 0.46678060
0.52881908 -0.52906859 0.66365421 0.03392573 0.79448539 0.60633492
-0.63926983 0.46981820 -0.60877329 0.15021805 -0.70011264 -0.69805217
-0.64845949 0.46323019 -0.60408443 0.12931056 -0.71498269 -0.68707979
-0.64091653 0.47021055 -0.60673565 0.13684066 -0.70777166 -0.69306135
-0.63937235 0.46967953 -0.60877270 0.13880734 -0.70823234 -0.69219899
-0.74710715 0.38829029 -0.53950131 0.10163814 -0.73536444 -0.67000663
-0.75157088 0.38628405 -0.53472036 0.10077196 -0.73386121 -0.67178327
-0.73614120 0.40073150 -0.54544520 0.08944920 -0.74121404 -0.66528237
0.66377795 -0.46654397 0.58458155 0.05494417 0.80990463 0.58398253
0.57053512 -0.49433529 0.65583718 0.14522405 0.84670252 0.51186413
0.57455444 -0.49299327 0.65333366 0.14175238 0.84611607 0.51380336
0.58805794 -0.48658529 0.64608252 0.09616493 0.83519387 0.54148281
0.52734065 -0.49736997 0.68886507 0.16707528 0.85563153 0.48987812
0.79347765 -0.39491695 0.46307003 0.04635990 0.79788858 0.60101962
0.78892672 -0.39457920 0.47106463 0.04081625 0.79855424 0.60053748
0.52709192 -0.49747720 0.68897790 0.20146762 0.86078340 0.46739998
0.41491154 -0.48563707 0.76941866 0.22871132 0.87415874 0.42841291
0.33109108 -0.48091790 0.81184775 0.29785588 0.86965108 0.39368635
0.37466943 -0.49104774 0.78644454 0.33209428 0.86302781 0.38065267
0.40972731 -0.49555203 0.76586664 0.30601987 0.86559141 0.39636260
0.57806838 -0.49378619 0.64962465 0.21603480 0.86032504 0.46170318
0.27475381 -0.47394153 0.83659416 0.37531102 0.85392183 0.36049849
0.77856910 -0.42921439 0.45782667 0.26248932 0.88538128 0.38366568
0.96040189 -0.27134287 0.06325600 0.19897637 0.82688558 0.52599311
0.93548584 0.02322112 -0.35260034 0.20490551 0.77730006 0.59482634
0.91990328 -0.06005134 -0.38752025 0.11769719 0.98492545 0.12676486
0.95765656 -0.15828027 -0.24050200 0.24220121 0.89452708 0.37571242
0.96508414 -0.18107237 -0.18927614 0.24143404 0.89518166 0.37464574
0.91888303 -0.02397528 -0.39380094 0.23137058 0.84123844 0.48865688
0.97897619 -0.19838062 -0.04744223 0.19230375 0.82010311 0.53893435
0.98377615 -0.13259608 -0.12084186 0.17816702 0.80096513 0.57158679
0.97301316 -0.22967249 0.02226893 0.17393598 0.79343754 0.58326936
0.96935844 0.02145885 -0.24471149 0.15343310 0.72507018 0.67136550
0.98730743 -0.07138374 -0.14187500 0.15171742 0.68808067 0.70959628
0.99129266 -0.05783154 -0.11829825 0.12572342 0.68277645 0.71972913
0.97212088 0.06481957 -0.22534287 0.09195780 0.77865213 0.62068081
0.97739947 0.12891921 0.16754131 -0.21024518 0.51004273 0.83405840
0.97701931 0.08203798 0.19673130 -0.21104911 0.50163192 0.83894205
0.96168905 -0.03878868 0.27138475 -0.21272185 0.51886076 0.82796919
0.97497630 0.05036484 0.21652868 -0.21297397 0.49089229 0.84478807
0.97937608 0.06869129 0.19001073 -0.19997825 0.46375725 0.86309785
-0.85626435 0.18266842 -0.48316005 0.38598284 -0.39532748 -0.83350676
0.88048780 -0.08298736 0.46674874 -0.35761160 0.53007209 0.76885468
0.86692804 -0.11577590 0.48480076 -0.33515382 0.58452642 0.73891866
-0.80452937 0.20394936 -0.55779666 0.31517985 -0.64941412 -0.69204265
-0.76805848 0.27033931 -0.58051944 0.54160947 -0.20945397 -0.81411809
-0.68842500 0.33720547 -0.64215535 0.50568801 -0.41154060 -0.75823087
-0.67662048 0.32705477 -0.65971196 0.52170706 -0.41932362 -0.74295992
-0.59890825 0.43542215 -0.67209864 0.57866877 -0.34485203 -0.73906666
-0.59128499 0.44571027 -0.67210454 0.59521532 -0.32113823 -0.73660648
-0.49619508 0.56365263 -0.66036826 0.62048167 -0.30179897 -0.72382307
-0.46593663 0.59700060 -0.65306467 0.56561333 -0.36662400 -0.73869371
-0.43310386 0.62887162 -0.64571017 0.66044295 -0.26609808 -0.70214456
-0.56676775 0.48877075 -0.66323268 0.46097535 -0.47907740 -0.74698502
-0.52278459 0.51853091 -0.67662549 0.61124408 -0.32524824 -0.72152221
-0.54505724 0.51371104 -0.66258097 0.44429272 -0.49321952 -0.74788946
0.93586713 0.15201117 0.31787628 -0.34882158 0.27229440 0.89676046
0.90009612 -0.02412426 0.43502301 -0.35966983 0.52237213 0.77315265
0.97632140 0.08855829 0.19736758 -0.21607618 0.44297451 0.87010616
0.92099172 -0.09985192 0.37656844 -0.21176402 0.68301570 0.69903189
0.97741789 0.11832768 0.17507954 -0.21124217 0.52527755 0.82429385
0.97677284 0.11734173 0.17929234 -0.21426937 0.52760017 0.82202601
0.94283009 -0.30703717 0.12961312 0.19303994 0.82014382 0.53860903
0.96944517 -0.24498104 0.01266378 0.20568176 0.83989292 0.50226969
0.94898170 -0.29682964 0.10642317 0.22383888 0.87182891 0.43567252
0.91705507 -0.33743566 0.21247888 0.21894276 0.87142718 0.43895191
0.96604210 -0.25763038 -0.01973327 0.24599479 0.89366579 0.37529725
0.89408171 -0.35577786 0.27210310 0.26417920 0.90945888 0.32108256
0.94364613 -0.15911770 -0.29019582 0.25998911 0.89896894 0.35250613
0.96183646 -0.26885244 0.05088269 0.24820159 0.93552881 0.25135994
0.89458805 -0.13862802 -0.42484647 0.23521821 0.95439142 0.18387340
0.85797292 -0.13724947 -0.49502039 0.21814576 0.96978652 0.10920859
0.93966699 -0.18598284 -0.28711733 0.19897829 0.97986513 0.01649234
0.85261059 -0.16828236 -0.49470836 0.18787010 0.98213983 -0.01030257
0.72691000 -0.10205296 -0.67910755 0.37826642 0.88485801 0.27192050
0.95938760 -0.19536771 -0.20348682 0.17571414 0.97819525 -0.11071886
0.81023431 -0.09394153 -0.57852864 0.21293476 0.96680593 0.14122689
0.96858686 -0.23201324 -0.08949523 0.23799314 0.96921569 0.06308904
0.92808604 -0.13005173 -0.34891683 0.29119894 0.83748692 0.46240544
0.94470304 0.00717732 -0.32784855 0.19198351 0.79841238 0.57068384
0.76950765 -0.44873422 0.45441782 0.19504055 0.84267479 0.50185490
0.28090987 -0.47600064 0.83337450 0.37036529 0.85484183 0.36342126
0.48219490 -0.50834012 0.71349740 0.23859181 0.85985029 0.45136625
-0.73479366 0.40122491 -0.54689753 0.10967927 -0.72539479 -0.67953873
-0.53037578 0.54128164 -0.65246898 0.14691012 -0.69930947 -0.69955969
-0.42872685 0.58839655 -0.68555290 0.08680665 -0.72848964 -0.67953479
-0.40879488 0.59812331 -0.68930060 0.09856920 -0.72193819 -0.68490100
-0.37247044 0.61227387 -0.69741416 0.02399898 -0.74488217 -0.66676438
-0.36927599 0.61465532 -0.69701797 0.17672406 -0.68989789 -0.70200396
-0.33391130 0.62829244 -0.70267487 0.25110030 -0.65923405 -0.70877296
-0.26198968 0.66100353 -0.70316130 0.27852964 -0.64581686 -0.71087402
-0.28732306 0.65223902 -0.70144838 0.21651816 -0.66914475 -0.71089047
0.34265402 -0.64142215 0.68641531 0.07695945 0.74735647 0.65995115
-0.29358736 0.64715987 -0.70355564 0.27326733 -0.64845866 -0.71051139
0.41217881 -0.61204892 0.67491096 0.08814111 0.76407450 0.63907850
-0.53569829 0.52584732 -0.66069061 0.19931765 -0.68157524 -0.70407933
0.73940808 -0.43614253 0.51288927 0.14294697 0.84613431 0.51344222
0.41566932 -0.50594229 0.75580525 0.36229128 0.85432988 0.37264666
0.34722847 -0.49227634 0.79818326 0.43144405 0.83957171 0.33011425
0.46117249 -0.55961537 0.68858600 0.26324302 0.82738841 0.49611649
0.47080016 -0.56580651 0.67691225 0.25121152 0.82147849 0.51192367
0.43333560 -0.60088617 0.67168152 0.03549467 0.75609285 0.65350115
0.43442652 -0.64394259 0.62977105 0.28176028 0.76126236 0.58402979
0.38491631 -0.65171975 0.65352952 0.41966477 0.75424087 0.50497752
0.13872223 -0.68484670 0.71536088 0.08809051 0.72801483 0.67987841
0.40788001 -0.62965560 0.66118670 0.28702503 0.77587599 0.56181234
0.33069283 -0.65110070 0.68316185 0.26759312 0.75887078 0.59372485
-0.15943587 0.69488961 -0.70121944 0.19076812 -0.67523074 -0.71251041
0.09460915 -0.55778509 0.82457566 0.14591132 0.82711530 0.54276162
0.37542877 -0.61324459 0.69497073 0.28177673 0.78984535 0.54474425
0.25461975 -0.59667677 0.76101619 0.22995995 0.80173808 0.55166519
-0.01792924 0.51201451 -0.85878968 -0.14300525 -0.85141003 -0.50462914
0.12233802 -0.48989818 0.86315310 0.27399251 0.85255933 0.44505143
0.21727826 -0.49461591 0.84151375 0.24782592 0.86181402 0.44255933
0.25074837 -0.46046343 0.85152727 0.31616920 0.87034613 0.37753767
0.32376933 -0.45904428 0.82731599 0.34041300 0.87237614 0.35082600
0.31677639 -0.45071569 0.83457059 0.32896590 0.87747645 0.34902227
0.56833202 -0.44422823 0.69257492 0.23901477 0.89456743 0.37765208
0.43637896 -0.44582900 0.78154331 0.32233977 0.88841915 0.32681584
0.32986879 -0.44912237 0.83034676 0.28374705 0.88607764 0.36654329
