0.05953893 -0.05654990 0.99662292 -0.08343252 0.99461883 0.06142050
0.40371519 -0.08819087 0.91062427 0.04558554 0.99604589 0.07625382
-0.10277489 -0.05181115 0.99335438 0.06489485 0.99616581 0.05867197
0.31473887 -0.10745403 0.94307643 0.12392132 0.98971915 0.07141145
0.09149580 -0.11039608 0.98966730 0.15242995 0.98367631 0.09563549
-0.08078038 -0.07513173 0.99389625 0.29418808 0.95093465 0.09579470
-0.07786707 -0.07557005 0.99409556 0.29393214 0.95106131 0.09532222
-0.05977752 -0.09332111 0.99383992 0.27512088 0.95551819 0.10627071
0.17935534 -0.14053006 0.97369552 0.16830038 0.97953713 0.11037213
0.22687678 -0.14764948 0.96266639 0.12272768 0.98489642 0.12213514
-0.03270330 -0.10349660 0.99409205 0.16287482 0.98077637 0.10746849
0.08749385 -0.11794537 0.98915809 0.11290900 0.98774141 0.10778932
0.23552580 -0.10747313 0.96590745 -0.02911368 0.99264050 0.11754669
0.34373608 -0.12334194 0.93093091 0.04476071 0.99236190 0.11495373
0.32487705 -0.13653344 0.93584913 0.04530277 0.99063534 0.12879966
0.34869757 -0.13388406 0.92762339 0.01166740 0.99028772 0.13854258
0.30777854 -0.13893522 0.94125950 0.09563506 0.98878849 0.11467944
0.30619216 -0.15216394 0.93973005 0.09527039 0.98708498 0.12878986
0.30189326 -0.15375330 0.94086152 0.09085353 0.98705727 0.13215040
0.30159965 -0.15687974 0.94043952 0.09062237 0.98662138 0.13552091
0.51028556 -0.16272905 0.84446907 0.02803463 0.98456067 0.17278427
0.53087240 -0.15941493 0.83232296 -0.02386872 0.97894549 0.20272154
0.48297137 -0.16085513 0.86073476 0.01582492 0.98442507 0.17509094
0.46534571 -0.15936099 0.87066495 0.01866559 0.98520690 0.17034976
0.46170679 -0.15831889 0.87278974 0.02340625 0.98577511 0.16643181
0.29596505 -0.14433597 0.94423085 0.15822071 0.98227012 0.10055707
0.30371860 -0.14231621 0.94207281 0.10075799 0.98803407 0.11677565
0.42510676 -0.14933980 0.89273846 0.06592716 0.98878413 0.13401321
0.66089612 -0.02594260 0.75002891 -0.17635897 0.96604681 0.18881500
0.61407882 -0.03556271 0.78844315 -0.10977440 0.98542571 0.12994538
0.82772100 0.14673950 0.54161382 -0.33693677 0.90180409 0.27059752
0.81797153 0.13918510 0.55816680 -0.43671083 0.78181416 0.44502854
0.75802559 0.08426335 0.64675879 -0.34361812 0.89443582 0.28620121
0.75958276 0.08684698 0.64458644 -0.36063069 0.88099051 0.30626997
0.83679146 0.13719106 0.53005546 -0.38365829 0.83760059 0.38888514
0.84388703 0.12278785 0.52228135 -0.35933253 0.85223079 0.38024050
0.86305898 0.12103287 0.49038792 -0.34094623 0.85591483 0.38880017
0.86944085 0.12352110 0.47834626 -0.33049321 0.86510736 0.37731090
0.85597318 0.11141266 0.50487339 -0.33962682 0.85743624 0.38659629
0.86115211 0.11381710 0.49544194 -0.32182729 0.87649477 0.35802820
0.86453038 0.11930893 0.48821378 -0.33741418 0.85772842 0.38788354
0.87499887 0.11649889 0.46989897 -0.31585065 0.87296301 0.37171760
0.87572938 0.11523344 0.46884894 -0.29580051 0.89555287 0.33239606
0.89306998 0.11641020 0.43459716 -0.28091562 0.89880234 0.33651277
0.89015180 0.12749554 0.43746394 -0.30186513 0.88416511 0.35655218
0.91254711 0.12494344 0.38941890 -0.24783026 0.92638689 0.28352699
0.88790703 0.10030396 0.44895458 -0.25785992 0.91672432 0.30516350
0.90676010 0.01855410 0.42123857 -0.17517094 0.92531407 0.33631691
0.92269033 0.03030394 0.38434911 -0.11248491 0.97469252 0.19318821
0.88452786 0.00257033 0.46648031 -0.17216246 0.93118966 0.32131913
0.92667830 0.03925977 0.37379941 -0.14764291 0.95260864 0.26596692
0.90716183 0.02822706 0.41983411 -0.13521792 0.96438330 0.22733465
0.80084103 -0.01518192 0.59868467 -0.10141076 0.98180407 0.16055126
0.46326339 -0.09435380 0.88118356 -0.02083039 0.99288219 0.11726518
0.78741878 -0.01369160 0.61626637 -0.10021957 0.98360783 0.14990585
0.85153967 0.02225215 0.52381790 -0.10893361 0.98480481 0.13525172
0.89968926 0.04365940 0.43434215 -0.12488609 0.97914177 0.16026522
0.80012548 0.01399822 0.59966946 -0.18593939 0.95627058 0.22577229
0.46170968 -0.01195387 0.88695061 -0.13378964 0.98753172 0.08295479
0.48610759 -0.01203881 0.87381607 -0.18622990 0.97551018 0.11704037
0.31281149 -0.04046788 0.94895279 -0.08001631 0.99441755 0.06878319
0.24557890 -0.05130631 0.96801794 -0.18925717 0.97684407 0.09978724
0.26445264 -0.06380995 0.96228534 0.03643132 0.99775749 0.05615018
0.24349290 -0.03914668 0.96911240 -0.18880272 0.97815812 0.08694942
0.96498889 0.15186864 0.21385129 -0.20592098 0.94365555 0.25905731
0.88120872 0.02519096 0.47205582 -0.10287122 0.98486727 0.13947769
0.90414977 0.12824573 0.40751228 -0.29043740 0.88405859 0.36617830
0.84485924 0.15670227 0.51152450 -0.41866124 0.78892541 0.44979942
0.72598314 0.08020350 0.68301976 -0.43420193 0.82364500 0.36479792
0.71360373 0.06445844 0.69757795 -0.49146095 0.75567341 0.43292487
-0.55225325 0.06371854 -0.83123779 0.39160925 -0.86039650 -0.32612893
0.78763455 0.14853179 0.59797180 -0.44523591 0.80806708 0.38573647
0.72021824 0.06520301 0.69067669 -0.47634736 0.77026820 0.42400485
0.70900738 0.04096839 0.70401013 -0.56477112 0.63082027 0.53207082
0.65657783 -0.01428919 0.75412291 -0.40256417 0.83886951 0.36638787
0.59280896 -0.03795426 0.80444825 -0.36503649 0.87772036 0.31041172
0.64884573 -0.01533385 0.76076549 -0.31419683 0.90518469 0.28621858
-0.60575831 0.03365704 -0.79493654 0.47723779 -0.78405678 -0.39686161
-0.63296187 -0.02775183 -0.77368546 0.57846797 -0.68112797 -0.44882014
-0.63162285 -0.03284824 -0.77457964 0.57900542 -0.68439555 -0.44312012
-0.62341756 -0.02541059 -0.78147608 0.58751732 -0.67471379 -0.44674912
-0.61961907 -0.00875333 -0.78485394 0.57815462 -0.68138307 -0.44883662
-0.41641095 0.32861960 -0.84770936 0.70860851 -0.46686602 -0.52906537
-0.57492304 0.17480597 -0.79931623 0.52231634 -0.67355025 -0.52298731
0.65122330 -0.19697407 0.73287749 -0.22770606 0.87051177 0.43630177
0.55003023 -0.25958803 0.79377627 -0.02140348 0.94577181 0.32412603
0.59018934 -0.14129199 0.79480392 -0.12067508 0.95805949 0.25992236
0.45618856 -0.17647384 0.87220931 0.24128631 0.96795160 0.06964622
0.45105436 -0.15884678 0.87824696 0.25454116 0.96606040 0.04400094
0.38661030 -0.12131029 0.91422993 0.28439498 0.95868206 0.00694350
0.35262018 -0.12937905 0.92677945 0.44717696 0.89329070 -0.04543748
0.40730798 -0.14133635 0.90228832 0.36523801 0.93071854 -0.01908481
0.38603958 -0.13140349 0.91307533 0.41664830 0.90792882 -0.04549213
0.38042480 -0.15214780 0.91221058 0.43532217 0.89972425 -0.03147991
0.39647022 -0.16009873 0.90398002 0.44778261 0.89332706 -0.03817776
0.35200891 -0.14462991 0.92475510 0.64263165 0.75567150 -0.12643276
0.25496194 -0.05021099 0.96564656 0.80879879 0.55838960 -0.18451431
0.21458247 0.01215257 0.97663027 0.82234800 0.53724915 -0.18736918
0.19861105 0.01631527 0.97994262 0.91257352 0.36157644 -0.19097690
0.17367761 0.07135210 0.98221433 0.80700624 0.56131864 -0.18347336
0.17758231 0.06190902 0.98215675 0.80602914 0.56343997 -0.18125267
0.15872729 0.08507333 0.98365045 0.79414052 0.58096212 -0.17839280
0.11022960 0.10510149 0.98833346 0.74090856 0.65413368 -0.15219606
0.12141024 0.04523597 0.99157107 0.63115543 0.76748490 -0.11229319
0.08442079 0.07714093 0.99343973 0.70012492 0.70482463 -0.11422529
0.19690457 -0.03256451 0.97988170 0.69415718 0.71043503 -0.11587904
0.41481087 -0.16716723 0.89442003 0.45819411 0.88762975 -0.04660152
0.44857013 -0.18512490 0.87436467 0.53237766 0.84115613 -0.09502868
0.37356418 -0.12108232 0.91966784 0.66377401 0.72744858 -0.17384653
0.54246032 -0.23279896 0.80718124 0.40205735 0.91559398 -0.00613342
0.49263638 -0.21106857 0.84425086 0.41147321 0.91133940 -0.01226124
0.51839840 -0.22282375 0.82559842 0.39267433 0.91967618 0.00165211
0.58395535 -0.24172918 0.77496016 0.29944268 0.95145816 0.07114441
0.60005981 -0.25211772 0.75918698 0.23942624 0.96213520 0.13027264
0.60718423 -0.27407783 0.74579394 0.35842967 0.93217582 0.05075915
0.70582718 -0.30133197 0.64109832 0.32183191 0.94262964 0.08873321
0.78979582 -0.31876251 0.52403539 0.26542830 0.94783455 0.17651473
0.75459892 -0.32569262 0.56965321 0.35683838 0.93221837 0.06029417
0.77180630 -0.34213153 0.53596741 0.36702400 0.92801619 0.06386983
0.63534683 -0.30120027 0.71106458 0.36185101 0.92957103 0.07043834
0.57055479 -0.28358281 0.77074510 0.32743454 0.93922299 0.10318344
0.56172198 -0.28879845 0.77528310 0.33512130 0.93620080 0.10593333
0.56772000 -0.29648843 0.76797700 0.34783024 0.93192106 0.10265107
0.41899604 -0.26559409 0.86827534 0.25880945 0.95152813 0.16616857
0.30746999 -0.24129708 0.92045528 0.21620575 0.95972967 0.17937121
0.26000306 -0.23444968 0.93671334 0.16829021 0.96623206 0.19512567
0.49785453 -0.26995665 0.82417494 0.24930128 0.95475715 0.16213459
0.48494989 -0.26618478 0.83304822 0.25244635 0.95461243 0.15806946
0.46870330 -0.26199669 0.84360832 0.35841796 0.92926466 0.08946400
0.44702333 -0.24562502 0.86013865 0.30469018 0.94587231 0.11175675
0.55189288 -0.27767286 0.78632826 0.33594859 0.93706572 0.09511301
0.59702605 -0.29174840 0.74729037 0.37232816 0.92589092 0.06401470
0.58473110 -0.28844124 0.75821584 0.38422793 0.92164022 0.05429727
0.57478315 -0.28289446 0.76785100 0.42021936 0.90720922 0.01967757
0.55626327 -0.27852789 0.78293902 0.43836647 0.89875817 0.00827910
0.51606268 -0.28080884 0.80921304 0.32701889 0.93776375 0.11686675
0.45708799 -0.26788309 0.84812099 0.27046806 0.95027030 0.15438083
0.38672096 -0.25203142 0.88708907 0.23359188 0.95733070 0.17015485
0.34831986 -0.23419566 0.90764844 0.27617869 0.95094597 0.13938092
0.48672599 -0.30050611 0.82024014 0.32401919 0.93409193 0.14994606
0.49943003 -0.31564182 0.80680847 0.30605784 0.93550217 0.17653404
0.50425625 -0.31997010 0.80208778 0.55107433 0.83434516 -0.01361096
0.51481658 -0.31062090 0.79904860 0.54622060 0.83722329 -0.02646199
0.50777805 -0.28060594 0.81450713 0.56683785 0.82079840 -0.07060327
0.50653362 -0.22645932 0.83194947 0.61191708 0.77418900 -0.16182981
0.54218262 -0.23260188 0.80742455 0.44685450 0.89359003 -0.04263684
0.53931838 -0.22870012 0.81045175 0.54665166 0.82715082 -0.13035914
0.49577874 -0.19766034 0.84565592 0.51315248 0.85225815 -0.10164003
0.54946357 -0.23647816 0.80135381 0.47660607 0.87647158 -0.06814878
0.58077741 -0.25799444 0.77209884 0.43486691 0.90010947 -0.02634072
0.49600434 -0.21187086 0.84207505 0.59546441 0.78881884 -0.15227291
0.46154970 -0.25592190 0.84939730 0.70549250 0.68637478 -0.17655046
-0.49933258 0.31542361 -0.80695415 -0.78231788 -0.56441367 0.26346901
-0.47314832 0.25884825 -0.84209758 -0.88090265 -0.15190381 0.44825870
-0.47458622 0.28784081 -0.83181465 -0.88020480 -0.15813097 0.44747534
-0.47545320 0.33947989 -0.81160194 -0.87397826 -0.07684777 0.47985044
-0.47112706 0.39682549 -0.78776193 -0.87580532 -0.10423440 0.47127527
-0.47170335 0.37493470 -0.79807264 -0.84525418 0.06545430 0.53034055
-0.47483242 0.28194126 -0.83369261 -0.87072200 -0.01275125 0.49161032
-0.47149622 0.28635734 -0.83408082 -0.86972290 0.00543533 0.49351043
-0.46501720 0.19363895 -0.86386514 -0.88529778 -0.10459804 0.45310831
-0.46575356 0.17725131 -0.86698079 -0.88470733 -0.11447006 0.45187351
-0.46925735 0.17852026 -0.86482835 -0.88267577 -0.12376866 0.45339265
-0.45889026 0.11417107 -0.88112694 -0.88143301 -0.18326846 0.43530282
-0.45659494 0.09999005 -0.88403797 -0.88066113 -0.19188274 0.43314779
-0.45955318 0.10312582 -0.88214284 -0.88091636 -0.17943531 0.43793762
-0.46628723 0.20902206 -0.85958487 -0.86677343 -0.30221617 0.39669797
-0.45443034 0.17172928 -0.87407219 -0.87367487 -0.27730742 0.39974102
0.30485028 -0.07624904 0.94934320 0.87746423 0.41004619 -0.24883477
0.29469794 -0.07789076 0.95241070 0.89447427 0.37319803 -0.24624993
0.26038715 -0.02203631 0.96525282 0.92208737 0.30210176 -0.24184591
0.27525714 -0.07730298 0.95825768 0.92963278 0.27540359 -0.24481779
0.26311752 -0.01692413 0.96461535 0.91464043 0.32246059 -0.24382831
0.28352484 -0.08603514 0.95509768 0.92466992 0.28849816 -0.24850433
0.29222381 -0.10303594 0.95078331 0.88364327 0.40931758 -0.22723070
0.30322292 -0.11586213 0.94584984 0.87154651 0.43506473 -0.22610919
0.34686932 -0.19051625 0.91836011 0.71419126 0.68834084 -0.12695555
0.40295559 -0.24774843 0.88104916 0.56731975 0.82302016 -0.02803784
0.41357654 -0.27396250 0.86827356 0.71307093 0.69043046 -0.12180191
-0.42610630 0.20271538 -0.88166887 -0.82357842 -0.49021554 0.28531995
0.44878051 -0.33045909 0.83029687 0.62133229 0.78317565 -0.02412912
0.46114558 -0.34300339 0.81834799 0.54668218 0.83626336 0.04245275
0.46569040 -0.32274190 0.82399642 0.52762967 0.84878361 0.03425496
0.43182817 -0.25353780 0.86558831 0.47682109 0.87878352 0.01952437
0.43580759 -0.25665155 0.86267126 0.53824919 0.84251755 -0.02125922
0.38825986 -0.23030506 0.89230818 0.58499104 0.80976015 -0.04554109
0.46340984 -0.31649038 0.82769871 0.54415238 0.83883214 0.01608887
0.45222673 -0.31984857 0.83257908 0.52845150 0.84807795 0.03876703
0.46684712 -0.41785949 0.77938902 0.63243568 0.77377468 0.03602597
0.46669248 -0.42103812 0.77776927 0.59695947 0.79882914 0.07423919
0.45773345 -0.41417933 0.78672451 0.57884037 0.81047028 0.08989865
0.48156980 -0.48456135 0.73026770 0.65989280 0.74882132 0.06171096
0.46369058 -0.47588232 0.74734670 0.62965810 0.77042180 0.09990484
0.47290766 -0.50434387 0.72249264 0.65725428 0.74803650 0.09196910
0.49069771 -0.52265340 0.69717234 0.67327869 0.73532879 0.07737795
0.49876729 -0.52953655 0.68616492 0.67271137 0.73569959 0.07877597
0.50670815 -0.53871280 0.67307907 0.68735623 0.72368968 0.06176377
-0.51884246 0.54520744 -0.65844625 -0.77199548 -0.62965268 0.08695111
-0.50390446 0.56004035 -0.65759802 -0.82767534 -0.53082150 0.18215966
-0.50875443 0.58490604 -0.63170707 -0.83278936 -0.52037114 0.18888037
-0.49954358 0.54544652 -0.67301136 -0.78202820 -0.61815524 0.07947350
-0.48768574 0.52879047 -0.69465339 -0.86362356 -0.40863684 0.29524609
-0.48815268 0.52609998 -0.69636613 -0.86162895 -0.41752231 0.28856656
-0.49943760 0.59362662 -0.63100678 -0.86140889 -0.26258740 0.43476731
-0.49717996 0.58741671 -0.63855594 -0.86627203 -0.29464480 0.40343189
-0.48288345 0.61424410 -0.62412161 -0.76309532 0.05444276 0.64398879
-0.47699594 0.51518351 -0.71208203 -0.79806310 0.08553202 0.59647268
-0.47571537 0.51442432 -0.71348619 -0.79867613 0.08722627 0.59540582
0.41341335 -0.53515851 0.73667824 0.79659903 -0.17931274 -0.57730144
-0.47628054 0.47748694 -0.73835164 -0.86004627 -0.07824434 0.50418085
-0.49119776 0.40744123 -0.76988083 -0.86804622 -0.15565462 0.47145256
-0.50441551 0.51161158 -0.69557071 -0.86343467 -0.30516002 0.40169388
-0.49192882 0.42453882 -0.76011372 -0.81747073 -0.52563858 0.23546925
-0.51493239 0.44776091 -0.73099583 -0.79687792 -0.56433469 0.21566629
-0.52236050 0.42485189 -0.73935139 -0.83879882 -0.41206244 0.35583872
-0.52318019 0.43440962 -0.73319221 -0.85043180 -0.32186091 0.41613865
-0.51548743 0.40147540 -0.75702727 -0.84128481 -0.40498984 0.35808268
-0.51496214 0.49488598 -0.69992995 -0.85606951 -0.25473985 0.44972518
-0.50442487 0.60139543 -0.61957991 -0.82625002 -0.12782639 0.54860854
-0.51535964 0.53843826 -0.66669989 -0.85504538 -0.27090859 0.44216055
-0.50050974 0.61701882 -0.60727078 -0.78636974 -0.03063446 0.61699605
-0.49237254 0.63821590 -0.59181911 -0.78130674 -0.02443516 0.62366873
-0.50595152 0.61427057 -0.60554498 -0.77370918 -0.01286218 0.63341033
-0.50673550 0.61338091 -0.60579121 -0.77269077 -0.01152217 0.63467813
-0.53087413 0.56983072 -0.62726849 -0.83078045 -0.20385021 0.51792765
-0.50137943 0.63028049 -0.59276068 -0.84477007 -0.20850165 0.49283937
-0.47629532 0.66151953 -0.57925355 -0.76845348 0.00700608 0.63986737
-0.56413108 0.43035716 -0.70466232 -0.81384754 -0.43381143 0.38660055
-0.55238998 0.43464997 -0.71129799 -0.81279266 -0.47024214 0.34386119
-0.46687898 0.46788707 -0.75040376 -0.86306798 -0.05616561 0.50195527
-0.47589642 0.38360184 -0.79143685 -0.87756968 -0.14750181 0.45619595
0.41796654 -0.42561042 0.80259567 0.84699667 -0.13687772 -0.51367432
-0.45478502 0.40271634 -0.79434896 -0.84587312 0.08378753 0.52676219
-0.46471867 0.36538377 -0.80655527 -0.87450939 -0.04659183 0.48276547
-0.46750253 0.34224632 -0.81505144 -0.87692332 -0.06318687 0.47645882
-0.46772107 0.33173552 -0.81926095 -0.87117410 -0.32959646 0.36389828
-0.46748167 0.34027892 -0.81588680 -0.86795092 -0.35176429 0.35060403
-0.47449443 0.43822640 -0.76342165 -0.87326699 -0.34343541 0.34562537
-0.47323230 0.44203565 -0.76200771 -0.88053674 -0.26344696 0.39401889
0.41732341 -0.50772429 0.75369579 0.82982635 -0.12517519 -0.54380095
-0.49273622 0.61958194 -0.61100680 -0.75332302 0.04774085 0.65591562
-0.50104064 0.63390833 -0.58916765 -0.84077418 -0.19522576 0.50496113
-0.52910358 0.53193599 -0.66113055 -0.75687593 -0.64810222 0.08427519
0.52444744 -0.53692323 0.66080892 0.68584180 0.72630644 0.04582688
0.53407031 -0.49579728 0.68480211 0.66737080 0.74449492 0.01853913
-0.55510587 0.37731227 -0.74127799 -0.65026075 -0.75257486 0.10388524
-0.61041683 0.36913446 -0.70080751 -0.61595964 -0.77747399 0.12699580
-0.63884479 0.40561241 -0.65372467 -0.75654471 -0.48551738 0.43807870
-0.54421192 0.36258456 -0.75654870 -0.66653150 -0.73450297 0.12744060
-0.54406232 0.36189264 -0.75698745 -0.67973793 -0.71901965 0.14480016
0.48852861 -0.52046490 0.70032573 0.68505752 0.72588164 0.06157959
-0.47691420 0.47127435 -0.74192542 -0.84493834 -0.47835758 0.23927665
0.47297648 -0.42393482 0.77238113 0.59094518 0.80285501 0.07878882
0.47631380 -0.47807470 0.73794973 0.60876912 0.78488755 0.11554959
0.48442668 -0.48330501 0.72920990 0.55753344 0.81289649 0.16839164
0.49485421 -0.48828289 0.71881789 0.58485454 0.79895014 0.14008552
0.49117661 -0.48780394 0.72165984 0.55052423 0.81588370 0.17679611
0.46436271 -0.47694197 0.74625307 0.44863510 0.85317713 0.26611155
0.48138708 -0.48209095 0.73202109 0.45528281 0.85118127 0.26116675
0.48530209 -0.48263580 0.72907102 0.41500911 0.86108220 0.29377702
0.47319835 -0.47283232 0.74331218 0.35882714 0.87404126 0.32755902
0.44405615 -0.46585652 0.76537043 0.17413163 0.88279200 0.43629870
0.39112177 -0.20115504 0.89808714 0.49631059 0.86787236 -0.02175845
0.39790565 -0.20120664 0.89509052 0.49130982 0.87068939 -0.02268648
0.40936640 -0.21126297 0.88757378 0.47477451 0.88005620 -0.00950167
0.52637362 -0.27731466 0.80375838 0.48974401 0.87163705 -0.01999433
0.45541686 -0.22938122 0.86022085 0.48037705 0.87682217 -0.02051251
0.32481134 -0.13087651 0.93667978 0.52645326 0.84778410 -0.06410189
0.39104804 -0.20148838 0.89804453 0.52564085 0.84984791 -0.03821228
0.45438769 -0.31713101 0.83244205 0.53580588 0.84384286 0.02900522
0.45182273 -0.33493695 0.82684553 0.55225730 0.83291256 0.03561819
0.41759831 -0.24384795 0.87529987 0.48877060 0.87235689 0.00983965
0.40584385 -0.22560553 0.88565964 0.48451343 0.87478346 0.00081207
0.25621378 -0.02538922 0.96628666 0.86162770 0.45909542 -0.21640038
0.24935944 -0.01546913 0.96828747 0.90536273 0.35860264 -0.22742568
0.23620605 0.01869770 0.97152311 0.88284534 0.41355908 -0.22260511
0.25314373 -0.00635111 0.96740788 0.85399312 0.47130880 -0.22037210
0.25840777 0.00098699 0.96603549 0.83848280 0.49640068 -0.22479549
0.28197587 -0.02952918 0.95896697 0.81997573 0.52636546 -0.22489847
0.34855437 -0.09564078 0.93239623 0.66705209 0.72414625 -0.17508219
0.22106558 0.04877596 0.97403848 0.80879468 0.54891634 -0.21104978
0.21585143 0.04997402 0.97514659 0.82940114 0.51763338 -0.21011780
0.20110662 0.04875574 0.97835529 0.81618994 0.54392672 -0.19487883
0.15586263 0.09420417 0.98327637 0.77780712 0.60188901 -0.18095776
0.18572620 0.05914554 0.98081988 0.76315004 0.62009186 -0.18190153
0.22489902 0.03410408 0.97378510 0.84913254 0.48331085 -0.21303670
0.25190511 -0.02655980 0.96738744 0.86172307 0.46108925 -0.21173106
0.25405627 -0.00923002 0.96714544 0.90005499 0.36830771 -0.23291750
0.28687546 -0.06438657 0.95580173 0.89700496 0.36829579 -0.24441829
0.29932499 -0.06181051 0.95214707 0.87604344 0.41322938 -0.24857484
-0.45886013 0.16837047 -0.87240976 -0.88541389 -0.16852827 0.43317491
0.29016891 -0.10201892 0.95152205 0.93726033 0.23108274 -0.26104382
0.34589285 -0.16995230 0.92275369 0.87981814 0.40045208 -0.25604343
-0.44873214 0.24428958 -0.85962909 -0.87607831 -0.31014937 0.36918044
-0.46980318 0.31063443 -0.82631183 -0.86862081 0.00425877 0.49545914
-0.45335671 0.45754051 -0.76493424 -0.83695060 0.07664686 0.54188472
-0.47632957 0.36977348 -0.79773289 -0.87720150 -0.13769944 0.45995271
-0.48712611 0.37364137 -0.78936702 -0.86724502 -0.31348321 0.38680023
-0.47124165 0.29750410 -0.83031482 -0.75004500 -0.63049304 0.19977738
0.38528141 -0.24806920 0.88883066 0.77651024 0.60756445 -0.16702500
-0.47163916 0.29459894 -0.83112454 -0.84025574 -0.43601835 0.32227051
-0.47212636 0.30357084 -0.82761186 -0.87316835 -0.03203282 0.48636511
-0.47179466 0.29401955 -0.83124143 -0.88105977 -0.12105282 0.45725271
-0.49804789 0.31254792 -0.80886477 -0.76630080 -0.59522736 0.24184200
0.50955379 -0.35156828 0.78533739 0.55004424 0.83496457 0.01689714
0.56391186 -0.29271147 0.77221984 0.28190067 0.94714028 0.15315808
0.54686654 -0.27704585 0.79005229 0.45813257 0.88886738 -0.00541784
0.62686491 -0.30126166 0.71852750 0.40773627 0.91270185 0.02695304
0.49419531 -0.25660607 0.83061683 0.26752234 0.95397025 0.13554542
0.37818274 -0.25396267 0.89021391 0.17547150 0.96386594 0.20043010
0.55066538 -0.28000167 0.78636307 0.32456261 0.93975395 0.10733880
0.60621971 -0.29226628 0.73964733 0.37127522 0.92646486 0.06178631
0.64217359 -0.31121853 0.70053989 0.37369892 0.92502582 0.06838374
0.58454704 -0.26217610 0.76783359 0.38585401 0.92231685 0.02117594
0.71617860 -0.31273898 0.62392521 0.26683372 0.94876045 0.16927315
0.55617911 -0.22800346 0.79917413 0.30759859 0.94981283 0.05690961
0.56252462 -0.20784622 0.80022871 0.15028948 0.97746599 0.14823398
0.44365215 -0.19184683 0.87542427 0.40991312 0.91209078 -0.00785577
0.37928054 -0.16619109 0.91023451 0.36422351 0.93113291 0.01824048
0.45268527 -0.18984559 0.87122595 0.29044512 0.95517898 0.05722543
0.30924827 -0.15221868 0.93871987 0.25239483 0.96484351 0.07330678
0.28456566 -0.14908279 0.94699353 0.40597278 0.91362423 0.02183726
0.28660485 -0.14885998 0.94641346 0.40458477 0.91425288 0.02128002
0.36460218 -0.16739455 0.91599369 0.40994620 0.91210294 0.00350852
0.36018842 -0.16680034 0.91784638 0.36689419 0.92992628 0.02501610
0.34416452 -0.16022974 0.92513633 0.38978538 0.92079204 0.01447132
0.39485538 -0.17909597 0.90111816 0.33859318 0.94014543 0.03848656
0.36157003 -0.16309705 0.91796869 0.35687006 0.93381011 0.02534747
0.34123790 -0.15134154 0.92771357 0.34999174 0.93644458 0.02402952
0.38530168 -0.16804424 0.90736091 0.44153798 0.89698803 -0.02137150
0.37690064 -0.17199889 0.91014409 0.45587486 0.88980478 -0.02062759
0.06602501 0.00180293 0.99781638 0.57393700 0.81794840 -0.03945506
0.09374830 0.00531503 0.99558181 0.61278588 0.78782034 -0.06190845
0.05083695 0.04006222 0.99790317 0.61765462 0.78392708 -0.06293751
0.00190609 0.07976495 0.99681187 0.66031301 0.74849617 -0.06115736
0.06478542 0.10059483 0.99281597 0.68881136 0.71536630 -0.11743071
0.31141245 -0.10583299 0.94436312 0.36887753 0.92931342 -0.01749438
0.35497493 -0.12809412 0.92605871 0.42603356 0.90389729 -0.03827762
0.35686484 -0.12971556 0.92510617 0.43203613 0.90095407 -0.04033129
0.30416703 -0.10061621 0.94729024 0.31179979 0.95014751 0.00080339
0.33608633 -0.11891571 0.93429393 0.30875483 0.95108932 0.00998741
0.08866052 0.00216841 0.99605954 0.53793174 0.84152120 -0.04971397
-0.03446275 0.07573022 0.99653262 0.60190475 0.79757571 -0.03979528
-0.03229795 0.07224876 0.99686360 0.62637120 0.77868664 -0.03614198
-0.07835862 0.08771374 0.99305904 0.58870238 0.80796587 -0.02491273
0.03295828 0.01149140 0.99939072 0.56408077 0.82524163 -0.02809143
-0.06350595 0.07560363 0.99511361 0.56762487 0.82286745 -0.02629270
-0.07987691 0.07010834 0.99433625 0.59363353 0.80468470 -0.00904875
-0.09552827 0.06186494 0.99350250 0.49883062 0.86667871 -0.00600360
-0.06495718 0.03793537 0.99716675 0.53814065 0.84284979 0.00299074
-0.18025136 0.05399065 0.98213774 0.50474006 0.86208498 0.04524371
0.00260135 -0.02728222 0.99962437 0.40686494 0.91317660 0.02386405
0.00491336 -0.01466353 0.99988043 0.40872908 0.91258490 0.01137484
0.26158285 -0.12928173 0.95648354 0.37008145 0.92868114 0.02431254
0.21735853 -0.11091352 0.96976984 0.35293159 0.93523425 0.02785962
0.32085842 -0.14707091 0.93563884 0.31203508 0.94913357 0.04218602
0.38355732 -0.16826119 0.90805948 0.27314210 0.95994115 0.06250160
0.38309023 -0.17090756 0.90776241 0.27412683 0.95949697 0.06496192
0.31141824 -0.15195625 0.93804479 0.32991746 0.94301927 0.04323389
0.27959028 -0.14026608 0.94981825 0.33547360 0.94118977 0.04024120
0.24231420 -0.13587362 0.96063638 0.36636123 0.92965168 0.03907890
0.25659394 -0.13794667 0.95662445 0.34312093 0.93829411 0.04326858
0.17698045 -0.10955193 0.97809833 0.39086080 0.91988266 0.03230779
0.31873280 -0.16769128 0.93289286 0.38027227 0.92416590 0.03619851
0.08864764 -0.07487303 0.99324501 0.40913996 0.91190243 0.03222529
0.22891659 -0.12074217 0.96592885 0.28531659 0.95702106 0.05201120
0.23474735 -0.17158869 0.95679206 0.05952195 0.98498720 0.16204153
0.19767927 -0.16309990 0.96660304 0.13378960 0.98132306 0.13822249
0.18211393 -0.11489933 0.97654122 0.20212996 0.97631305 0.07717753
0.13508560 -0.09850968 0.98592478 0.24318576 0.96790624 0.06338946
0.11308971 -0.08986994 0.98951209 0.41104206 0.91091502 0.03575423
0.02608386 -0.05262944 0.99827337 0.37513271 0.92614925 0.03902519
-0.14505163 0.00730694 0.98939711 0.33176571 0.94244069 0.04167872
0.17666976 -0.12001789 0.97692555 0.39131638 0.91928947 0.04217048
0.15536077 -0.11407015 0.98124975 0.24807900 0.96598411 0.07301730
0.16470550 -0.11614358 0.97948092 0.24860950 0.96586984 0.07272448
0.24228370 -0.13200244 0.96118367 0.26955637 0.96085483 0.06401075
0.27351919 -0.14103918 0.95147008 0.29308936 0.95437163 0.05721483
0.26509821 -0.13948521 0.95407903 0.32051840 0.94596165 0.04923997
0.24942133 -0.14096868 0.95807976 0.33152649 0.94199550 0.05229428
0.31838769 -0.15556154 0.93510956 0.26916552 0.96067840 0.06816912
0.35414702 -0.16260435 0.92094505 0.25899306 0.96330374 0.07048817
0.30719739 -0.14996141 0.93975604 0.20083265 0.97548145 0.09001201
0.29691276 -0.14039311 0.94452775 0.22312827 0.97195119 0.07432880
0.41735682 -0.15767451 0.89495927 0.15576145 0.98267001 0.10048938
0.54673523 -0.16674209 0.82053494 0.12890168 0.98505002 0.11428424
0.33870804 -0.13882358 0.93059385 0.18008871 0.98033470 0.08069695
0.42622831 -0.15055186 0.89199978 0.18618950 0.97954208 0.07635950
0.38994437 -0.13501984 0.91088587 0.14329511 0.98603892 0.08481599
0.23160398 -0.13089868 0.96396321 0.16324827 0.98208368 0.09413690
0.39525881 -0.15190776 0.90592194 0.18366447 0.97938544 0.08409251
0.24771236 -0.13524000 0.95934808 0.39141220 0.91977108 0.02859461
0.21807775 -0.12635390 0.96771735 0.34025067 0.93921113 0.04595545
0.26273796 -0.14481002 0.95393860 0.32881695 0.94292915 0.05257456
0.29622909 -0.14763108 0.94363838 0.25746047 0.96375328 0.06995545
0.41606709 -0.16377676 0.89446378 0.23651153 0.96928394 0.06746110
0.13423336 -0.11094122 0.98471999 0.29383051 0.95348054 0.06736780
0.28257000 -0.13384143 0.94986355 0.27496797 0.95996565 0.05346608
-0.02631577 -0.05953048 0.99787956 0.35514417 0.93254906 0.06499881
-0.11740299 -0.02976862 0.99263811 0.41998017 0.90427864 0.07679138
-0.19811007 0.00065187 0.98017961 0.31607732 0.94662243 0.06325474
-0.10556257 -0.02726565 0.99403882 0.39072421 0.91808987 0.06667563
-0.07718692 -0.03946801 0.99623519 0.31756523 0.94620144 0.06209033
-0.24578504 0.06399330 0.96720970 0.60152674 0.79251540 0.10042352
0.16161181 -0.10963452 0.98074555 0.28891045 0.95552355 0.05920702
0.26793930 -0.13368185 0.95411623 0.22826439 0.97093797 0.07193650
0.27474138 -0.13356277 0.95219648 0.21892978 0.97298276 0.07330966
0.24708100 -0.14286160 0.95840579 0.16152008 0.98130673 0.10463470
0.28644598 -0.14952916 0.94635606 0.17287330 0.97960073 0.10245619
0.27818274 -0.14961722 0.94880402 0.15664440 0.98163664 0.10886753
-0.12831181 -0.03579732 0.99108762 0.36798415 0.92628872 0.08109815
0.30365816 -0.13993429 0.94244903 0.27800044 0.95912659 0.05283851
-0.07074807 -0.01143784 0.99742866 0.38960814 0.92018872 0.03818719
0.13888109 -0.07088954 0.98776859 0.36696631 0.93011075 0.01515581
0.25384289 -0.11660437 0.96019125 0.27858329 0.95945495 0.04286673
0.29418948 -0.08212257 0.95221239 0.33124039 0.94331306 -0.02098286
0.41562760 -0.13193721 0.89991462 0.40963399 0.91054827 -0.05569418
0.29514936 -0.08070108 0.95203692 0.32942912 0.94392127 -0.02211608
0.27966914 -0.10727609 0.95408446 0.26238388 0.96444839 0.03152929
0.25146413 -0.12043116 0.96034485 0.22751328 0.97178060 0.06229141
-0.00465839 0.07758864 0.99697459 0.64993292 0.75792938 -0.05594833
0.35685927 -0.16237263 0.91993839 0.48256698 0.87524801 -0.03271107
0.41155198 -0.17886198 0.89366287 0.42831859 0.90347856 -0.01642387
0.34165862 -0.13678798 0.92981637 0.52884066 0.84583884 -0.06988735
0.10524011 -0.02979579 0.99400038 0.52668631 0.84951961 -0.03029820
-0.03048234 0.02988270 0.99908853 0.54741228 0.83682168 -0.00832767
0.38119096 -0.16889027 0.90893871 0.31524885 0.94799137 0.04393755
0.33777398 -0.15995602 0.92753589 0.34006006 0.93962747 0.03820402
0.28119072 -0.14860719 0.94807583 0.40163216 0.91547662 0.02437692
0.27849409 -0.14806300 0.94895649 0.40139326 0.91556311 0.02505421
0.40604150 -0.18177448 0.89559382 0.43318251 0.90120542 -0.01348150
0.47704604 -0.20488492 0.85466325 0.41201228 0.91110504 -0.01155680
0.52140284 -0.22642337 0.82272208 0.42642963 0.90426797 -0.02138540
0.59810638 -0.26340294 0.75689346 0.47812217 0.87523502 -0.07323152
0.38601053 -0.13231175 0.91295648 0.64748675 0.74378365 -0.16597220
0.36940417 -0.12137274 0.92130846 0.56792426 0.81422013 -0.12044767
0.54050910 -0.23634537 0.80745947 0.44753504 0.89345610 -0.03806081
0.03587737 0.06194362 0.99743468 0.51141798 0.85634595 -0.07157713
0.10556695 0.10038709 0.98933220 0.75062031 0.64451587 -0.14549388
0.23335862 -0.01404794 0.97228926 0.60551649 0.78447121 -0.13399540
0.19976978 0.03617133 0.97917503 0.78318268 0.59463602 -0.18174994
0.24838449 -0.02588865 0.96831554 0.65624332 0.73978108 -0.14855564
0.35619915 -0.11692343 0.92706585 0.37591022 0.92624462 -0.02761314
0.39961976 -0.13302748 0.90697730 0.37551859 0.92634249 -0.02958800
0.38782617 -0.11685170 0.91429567 0.29932263 0.95413870 -0.00502291
-0.64601606 -0.05594605 -0.76127088 0.59530026 -0.66117275 -0.45658326
0.64883947 0.00219636 0.76092213 -0.26178715 0.93959624 0.22051421
0.42674148 -0.12478288 0.89572370 0.10235286 0.99073571 0.08925593
0.25933835 -0.12367071 0.95783567 0.23054120 0.97102404 0.06295344
0.24214284 -0.12760434 0.96181291 0.23339026 0.96986645 0.06991524
0.25536627 -0.14283866 0.95623493 0.15833573 0.98185253 0.10438114
0.27827901 -0.15285176 0.94826007 0.13467388 0.98371309 0.11904470
-0.07680355 -0.07336219 0.99434364 0.27906278 0.95584822 0.09207695
0.38251942 -0.15294011 0.91120154 0.17974339 0.97968113 0.08897832
-0.07795505 -0.09245083 0.99266100 0.17843111 0.97832030 0.10512765
0.26377332 -0.07199717 0.96189398 0.00578059 0.99731058 0.07306290
0.42303047 -0.11414691 0.89889699 0.09667245 0.99205703 0.08048180
0.04873819 -0.05160102 0.99747777 -0.08511345 0.99481750 0.05562216
