-0.63228202 -0.24180034 -0.73603815 -0.77033019 0.29741883 0.56403321
-0.60773897 -0.11332314 -0.78600973 -0.78357846 0.24643181 0.57032990
-0.56603718 -0.17446870 -0.80570632 -0.79929805 0.35539854 0.48457664
-0.40655500 -0.20175271 -0.89107180 -0.86338204 0.40382093 0.30248994
0.82574278 -0.55612797 -0.09418370 -0.11314973 0.00026304 -0.99357796
0.58449531 -0.80153668 -0.12611182 -0.03740349 0.12864389 -0.99098527
0.57798547 -0.80144453 -0.15368636 -0.05207084 0.15172595 -0.98705012
0.82413906 -0.55508339 -0.11259332 -0.00441454 0.19249068 -0.98128891
0.80259639 -0.58406568 -0.12126970 -0.04512154 0.14327063 -0.98865443
0.57496423 -0.80133754 -0.16514963 -0.02879302 0.18190789 -0.98289394
0.33571196 -0.90418899 -0.26408306 0.07669876 0.30566141 -0.94904608
0.46987727 -0.85178125 -0.23169817 -0.05289761 0.23483680 -0.97059447
0.63597333 -0.74110508 -0.21517718 -0.07959574 0.21435019 -0.97350836
0.42514202 -0.86688173 -0.26032731 -0.01017261 0.28301981 -0.95906013
0.47351146 -0.84649503 -0.24337842 -0.06726857 0.24075642 -0.96825171
0.48856133 -0.83598036 -0.24988931 -0.05619112 0.25565636 -0.96513337
0.50663817 -0.82730943 -0.24264543 -0.04593322 0.25513855 -0.96581286
0.52042115 -0.82141715 -0.23331466 -0.02368153 0.25924230 -0.96552193
0.68654186 -0.70624340 -0.17285982 0.17334756 0.38987362 -0.90440542
0.64125717 -0.74153745 -0.19726014 -0.05989952 0.20791437 -0.97631127
0.51572448 -0.82592368 -0.22776826 0.04859146 0.29361928 -0.95468664
0.87554544 -0.47569484 -0.08446702 0.10598005 0.35967320 -0.92704010
0.72133148 -0.66778266 -0.18370417 0.06337404 0.32776937 -0.94262981
0.93374509 -0.35492614 -0.04634272 0.06436317 0.29384992 -0.95368218
0.93601000 -0.34983915 -0.03870266 0.07283965 0.30010799 -0.95112020
0.67481035 -0.70108420 -0.23046054 0.07483078 0.37567380 -0.92372596
0.93135756 -0.35967535 -0.05662784 0.03743623 0.24929558 -0.96770358
0.90252334 -0.42194700 -0.08609535 -0.00976159 0.17982732 -0.98364979
0.94895679 -0.30434817 -0.08278452 -0.02966153 0.17519301 -0.98408723
-0.37574637 0.25674742 -0.89044678 -0.92664140 -0.09137392 0.36467326
-0.35651845 0.38879079 -0.84955072 -0.89986318 0.10166503 0.42415857
-0.45266753 0.22554423 -0.86268300 -0.89034677 -0.16720243 0.42346904
-0.46128941 0.19930971 -0.86457372 -0.79872918 -0.51757032 0.30684325
-0.36355123 0.32147321 -0.87434864 -0.87213439 -0.44734368 0.19815488
-0.35166532 0.37002426 -0.85989165 -0.80304307 -0.59131294 0.07396546
-0.28211892 0.37314755 -0.88383818 -0.95504510 -0.19670644 0.22180054
-0.24724795 0.54943007 -0.79811978 -0.96336102 -0.05102865 0.26330924
-0.10487770 0.48087260 -0.87049538 -0.97659028 -0.21510506 -0.00116669
-0.08817331 0.52398062 -0.84715396 -0.96383047 -0.25961450 -0.06025922
-0.07784944 0.54251450 -0.83643138 -0.99680650 -0.05732176 0.05559684
-0.07525275 0.61610574 -0.78406036 -0.99686903 -0.02734022 0.07419412
-0.08307651 0.61424172 -0.78473270 -0.99572241 -0.01921145 0.09037557
-0.09074207 0.71915084 -0.68890351 -0.99120569 -0.13212521 -0.00736519
-0.07934649 0.69857955 -0.71111935 -0.99201137 0.01484546 0.12527204
-0.09406655 0.62278795 -0.77671534 -0.90972972 -0.37068266 -0.18704611
-0.10025916 0.60893404 -0.78685921 -0.96549124 -0.25059608 -0.07091121
-0.05074491 0.63480836 -0.77100152 -0.88880420 0.32336870 0.32474574
-0.02564611 0.65916932 -0.75155711 -0.88527972 0.33424062 0.32336214
-0.01507974 0.71152788 -0.70249611 -0.90789860 0.28461197 0.30776003
0.01211178 0.63552260 -0.77198732 -0.91685814 0.31514925 0.24505545
-0.00347578 0.66406697 -0.74766505 -0.91275799 0.30330759 0.27363738
0.06261188 0.63329673 -0.77137214 -0.90620291 0.35991746 0.22193632
0.12929231 0.56981558 -0.81153792 -0.94568664 0.31702197 0.07193015
0.12850663 0.56485528 -0.81512249 -0.92698836 0.36048189 0.10366038
0.12747177 0.50899822 -0.85127658 -0.95490545 0.29502392 0.03341237
0.13707586 0.55393624 -0.82119727 -0.90712994 0.40321124 0.12056510
0.13669284 0.49644092 -0.85724062 -0.88632882 0.44777411 0.11798158
0.15039423 0.47854802 -0.86508584 -0.88207668 0.46011305 0.10117714
0.13562866 0.45912835 -0.87795562 -0.90079391 0.42610845 0.08367737
0.05283088 0.49533162 -0.86709607 -0.89244461 0.41301194 0.18155915
0.08088034 0.67618412 -0.73227966 -0.96763009 0.22948094 0.10502699
-0.02831311 0.47830305 -0.87773830 -0.94267148 0.27932280 0.18261810
0.04236258 0.44826344 -0.89289719 -0.99633431 -0.04752506 -0.07112917
0.03895601 0.39681217 -0.91707277 -0.96507925 -0.22298339 -0.13747890
0.07447083 0.32123408 -0.94406718 -0.99625927 0.06558071 -0.05627301
0.09972735 0.35295922 -0.93030870 -0.95348263 -0.23340765 -0.19076644
0.11916965 0.35329980 -0.92788893 -0.95262730 -0.22269730 -0.20714030
0.31056115 0.22717513 -0.92300773 -0.92969346 -0.12971674 -0.34473717
0.35930437 0.19858730 -0.91184622 -0.90232867 -0.17539215 -0.39375201
0.37230268 0.20309609 -0.90561736 -0.87839627 -0.23796521 -0.41447869
0.82502246 0.38267395 -0.41581079 -0.36692214 -0.19685154 -0.90918517
0.73145759 0.55314642 -0.39874673 -0.28935587 -0.27771994 -0.91604853
0.81638408 0.42854142 -0.38712960 -0.26289949 -0.32107884 -0.90983093
0.88969356 0.28673476 -0.35528672 -0.24739340 -0.35126451 -0.90300041
0.91321892 0.23243430 -0.33467242 -0.24018884 -0.35640627 -0.90293074
-0.24922109 -0.39946944 -0.88222051 -0.93495572 -0.13825032 0.32671812
-0.01623866 -0.16144308 -0.98674846 -0.99623036 -0.08149466 0.02972814
0.02376149 -0.18856025 -0.98177415 -0.98220640 -0.18740660 0.01222149
0.39795536 -0.01770516 -0.91723400 -0.91168863 -0.11906930 -0.39325109
0.40102968 -0.03310419 -0.91546673 -0.91446507 0.04457149 -0.40220267
0.43537632 0.13086011 -0.89068693 -0.85762370 0.36112273 -0.36615840
0.45449638 0.12605537 -0.88178408 -0.80903643 0.47260153 -0.34943941
0.87271875 -0.38991100 -0.29382208 -0.06536824 0.50308156 -0.86176336
0.89285094 -0.33948350 -0.29591918 -0.09804797 0.49479032 -0.86346346
0.89428300 -0.44072169 -0.07760393 0.12454058 0.41167450 -0.90278107
0.08661141 0.44593555 -0.89086473 -0.92102617 0.37670371 0.09902087
0.24364765 0.25931522 -0.93455416 -0.96943951 0.03661596 -0.24258260
0.47232771 0.08519775 -0.87729579 -0.76351076 0.53686166 -0.35893014
0.29008037 0.18954322 -0.93804413 -0.92453510 0.30865291 -0.22353579
0.41367322 -0.13088331 -0.90096837 -0.90044188 0.08733516 -0.42611861
0.40899128 -0.14311203 -0.90124643 -0.89483392 0.13070345 -0.42683607
0.35743839 -0.15622325 -0.92077804 -0.93273741 -0.00976434 -0.36042425
0.36340564 -0.16794333 -0.91636860 -0.92590714 0.04375887 -0.37520814
0.34206489 -0.31904745 -0.88385540 -0.91012931 0.12152659 -0.39610100
0.38256243 -0.39593840 -0.83479267 -0.92379135 -0.17955293 -0.33818692
0.40815935 -0.46347472 -0.78650951 -0.91090441 -0.14967629 -0.38451287
0.42527848 -0.49246427 -0.75935316 -0.89204723 -0.08629996 -0.44362614
0.30295220 -0.40671340 -0.86186087 -0.95267665 -0.15301162 -0.26266843
0.14228171 -0.30782732 -0.94074351 -0.98868191 -0.08988459 -0.12012031
0.29771927 -0.39630428 -0.86850798 -0.95437282 -0.10149563 -0.28084025
0.04661394 -0.38740262 -0.92073143 -0.99009180 -0.14014314 0.00884052
0.28611967 -0.17709517 -0.94168615 -0.95354050 0.04411403 -0.29801762
0.05551487 -0.32000497 -0.94578803 -0.99817115 -0.04048584 -0.04489133
-0.24897321 -0.43389404 -0.86588013 -0.94658905 -0.08012185 0.31232929
0.84398526 0.37834293 -0.38019150 -0.24906828 -0.35132080 -0.90251803
0.96470934 0.25732130 -0.05587176 -0.00640818 -0.18917850 -0.98192185
0.37003890 0.13444516 -0.91923654 -0.91534609 -0.11635508 -0.38549069
0.22967283 0.26878029 -0.93541843 -0.93270451 0.33536220 -0.13264456
0.04614095 0.47643059 -0.87800056 -0.91672307 0.36937317 0.15225755
0.22445655 0.40289974 -0.88729429 -0.87840694 0.47788501 -0.00521187
0.20916383 0.48332757 -0.85008526 -0.91273803 0.40847358 0.00766364
0.03471509 0.57328784 -0.81861836 -0.88593268 0.39673132 0.24026582
-0.02922549 0.47021240 -0.88206929 -0.99905717 -0.04208422 0.01066743
0.91916537 -0.37996304 -0.10374586 0.01375386 0.29420280 -0.95564413
0.91869199 -0.38498464 -0.08827197 0.02876510 0.28810808 -0.95716578
-0.10391878 0.56477630 -0.81867486 -0.90020013 -0.40340400 -0.16402766
0.16973037 -0.43065241 0.88641417 0.86482376 0.49635842 0.07555281
0.64391500 0.03543833 0.76427585 0.55069220 0.67200249 -0.49512699
0.69716501 0.10333399 0.70942450 0.47901919 0.66909510 -0.56820107
0.70099699 0.10487764 0.70541048 0.57922244 0.49332798 -0.64894450
0.70332491 0.06127124 0.70822310 0.67694885 0.24634883 -0.69357961
-0.54057246 0.07254563 -0.83816385 -0.84101743 -0.02089156 0.54060459
-0.55771506 -0.05805300 -0.82799989 -0.82604533 0.13647890 0.54682964
0.71894944 0.07859431 0.69060457 0.68766987 0.06409580 -0.72318870
-0.72685206 -0.28869426 -0.62317073 -0.66587055 0.07396134 0.74239224
0.71742302 0.29967433 0.62888759 0.59695888 0.20087191 -0.77671784
-0.69504493 -0.37278759 -0.61476982 -0.68120611 0.06799074 0.72892761
0.65334469 0.49520281 0.57263863 0.62285125 0.07836859 -0.77840525
-0.71661437 -0.41167814 -0.56301421 -0.64823455 0.09521259 0.75546449
-0.70063370 -0.50816274 -0.50088227 -0.63677633 0.12860531 0.76024771
0.59792095 0.65349984 0.46414289 0.60566258 0.01094908 -0.79564631
-0.76122820 -0.21354550 -0.61231524 -0.64176762 0.11253080 0.75859815
-0.72996897 -0.37229127 -0.57318807 -0.66974705 0.22235444 0.70851785
-0.71393621 -0.42592394 -0.55577326 -0.69096833 0.30000490 0.65769285
0.67731917 0.39197084 0.62257344 0.61758554 0.15692194 -0.77069032
-0.65143669 -0.30206028 -0.69598126 -0.75816321 0.29376841 0.58214146
-0.65586418 -0.34708226 -0.67035526 -0.75487161 0.29763499 0.58445042
-0.65014535 -0.34881213 -0.67501199 -0.75900662 0.25731042 0.59808064
-0.60523140 -0.34586489 -0.71698850 -0.79470247 0.31489107 0.51893318
-0.72558713 -0.35627821 -0.58871830 -0.67871219 0.51159072 0.52690107
-0.48262587 0.09268367 -0.87090874 -0.87497002 -0.00705497 0.48412573
0.92849940 -0.35558066 -0.10701064 -0.10340629 0.02918735 -0.99421090
0.91900820 -0.38060361 -0.10278600 -0.08441724 0.06469429 -0.99432814
-0.35892791 0.36934373 -0.85717911 -0.91497457 0.04217536 0.40130135
0.84228832 -0.52748829 -0.11093500 -0.03984529 0.14431314 -0.98872954
0.92672807 -0.36046270 -0.10602731 -0.10205707 0.03008985 -0.99432337
-0.39385432 -0.16814131 -0.90366328 -0.90347850 0.25171554 0.34693804
-0.55720663 -0.06829432 -0.82756066 -0.82267505 0.18079911 0.53899676
-0.59094912 -0.25296980 -0.76601923 -0.79924268 0.31248698 0.51338398
-0.66185737 -0.32016113 -0.67782128 -0.74947053 0.26397622 0.60713303
