-0.22680730 -0.66437006 0.71215934 0.62319100 0.46293133 0.63033926
-0.26708329 -0.62892413 0.73015141 0.62412083 0.46441349 0.62832588
-0.36279750 -0.52929860 0.76695573 0.66437429 0.43020612 0.61117065
-0.23165222 -0.64154661 0.73126960 0.63159502 0.47254625 0.61464447
-0.22364968 -0.63673151 0.73793888 0.64502370 0.47091362 0.60181803
-0.14939292 -0.68459553 0.71344995 0.71349037 0.42490631 0.55712306
-0.19119641 -0.64344704 0.74122864 0.66260290 0.47252184 0.58110291
-0.19077647 -0.64213276 0.74247551 0.67021304 0.46743461 0.57647151
-0.22363037 -0.61601830 0.75532174 0.68501306 0.45194331 0.57140559
-0.24164295 -0.62273610 0.74418306 0.68000948 0.43842560 0.58768195
-0.26994294 -0.59427428 0.75760740 0.71290433 0.40552765 0.57211441
-0.29410458 -0.57917589 0.76030117 0.71978104 0.38914859 0.57487273
-0.22690746 -0.68053782 0.69669312 0.71367460 0.37057897 0.59442401
-0.29945239 -0.61543185 0.72908986 0.69786149 0.37981480 0.60723156
-0.31359524 -0.60096854 0.73518360 0.64386618 0.43448496 0.62980890
-0.30029061 -0.61341512 0.73044336 0.63879347 0.43936613 0.63158566
-0.31064159 -0.61729580 0.72280544 0.63954055 0.42682782 0.63937932
-0.34950608 -0.58022594 0.73565173 0.65241539 0.41281745 0.63555956
-0.27207178 -0.64845234 0.71097583 0.57316959 0.48427534 0.66102499
-0.36918631 -0.55729330 0.74372423 0.68327463 0.37967849 0.62368262
-0.35207656 -0.57681811 0.73710448 0.71337885 0.34444296 0.61028653
-0.38305452 -0.53842276 0.75057983 0.72996038 0.32149816 0.60315579
-0.36955303 -0.53971589 0.75639766 0.74220771 0.31831461 0.58974874
-0.37272388 -0.53498411 0.75820118 0.76408333 0.28669989 0.57791001
-0.39022219 -0.52577454 0.75583589 0.76595998 0.27015209 0.58337229
-0.42801160 -0.48581129 0.76209813 0.76824695 0.24857347 0.58992195
-0.42753571 -0.49068767 0.75923574 0.78759956 0.21006911 0.57927364
-0.47997910 -0.39075989 0.78544694 0.77085888 0.23955783 0.59024459
-0.43987039 -0.48518917 0.75571519 0.77084869 0.22776291 0.59490877
-0.48340333 -0.41482759 0.77086920 0.77754909 0.20108721 0.59580320
-0.49203536 -0.39610761 0.77524191 0.78761089 0.17685208 0.59024787
-0.49237955 -0.39615279 0.77500027 0.78911239 0.17251052 0.58952671
-0.51073879 -0.35074288 0.78493655 0.79033899 0.16781241 0.58923966
-0.51189023 -0.34709990 0.78580534 0.79096740 0.16645929 0.58878005
-0.53363967 -0.29329407 0.79322588 0.78947240 0.16356266 0.59159154
0.50729847 0.29318044 -0.81036627 -0.84206045 -0.03132616 -0.53847277
-0.53909272 -0.27713257 0.79534686 0.78814012 0.16701481 0.59240299
-0.53998727 -0.28641489 0.79144192 0.78179318 0.17765252 0.59769475
-0.54020119 -0.28848740 0.79054272 0.76198816 0.23100522 0.60498810
-0.53919154 -0.28883612 0.79110444 0.76261222 0.23112270 0.60415632
-0.55417538 -0.23558530 0.79836667 0.76929134 0.22137830 0.59931844
-0.54220796 -0.24106508 0.80492115 0.77368504 0.23043430 0.59017932
-0.55004406 -0.21715805 0.80640811 0.78181326 0.20560861 0.58863658
-0.55517948 -0.18398634 0.81112570 0.78908199 0.19176413 0.58358908
-0.54713541 -0.22917268 0.80506074 0.77646720 0.22027114 0.59040612
-0.55305457 -0.21698095 0.80439413 0.78666210 0.18198526 0.58995265
-0.55173039 -0.21832123 0.80494070 0.78782314 0.18033528 0.58890915
-0.53868055 -0.25854492 0.80185902 0.78988189 0.17612654 0.58742326
-0.54978174 -0.21436130 0.80733460 0.78992653 0.18081552 0.58593678
-0.56531525 -0.16855316 0.80747044 0.77977997 0.21003099 0.58977133
-0.57655483 -0.13113981 0.80646569 0.77694303 0.21748286 0.59081364
-0.55518496 -0.18706535 0.81041729 0.77128553 0.24886197 0.58582121
-0.55899370 -0.21207839 0.80159152 0.76292229 0.24710080 0.59740341
-0.55487150 -0.24503621 0.79503143 0.75225931 0.26032946 0.60525578
-0.56129771 -0.24504185 0.79050577 0.75516528 0.23917627 0.61034435
-0.54581392 -0.28584963 0.78764033 0.75367945 0.24326441 0.61056513
-0.53084260 -0.32227308 0.78380239 0.73537266 0.28453502 0.61503404
-0.54655367 -0.28866902 0.78609747 0.72709602 0.30213258 0.61647987
-0.54706144 -0.28839016 0.78584665 0.72702897 0.30162629 0.61680681
-0.51969123 -0.30196512 0.79921091 0.74153161 0.30518079 0.59749109
-0.53368831 -0.25756991 0.80550265 0.75367182 0.28719693 0.59118259
-0.52114993 -0.28365177 0.80494994 0.74783897 0.30271584 0.59084690
-0.57022327 -0.13419254 0.81045532 0.76368892 0.27692875 0.58317208
-0.51613337 -0.25773838 0.81680924 0.75483090 0.31379855 0.57598680
-0.51430666 -0.22263087 0.82820547 0.75714636 0.33566368 0.56040990
-0.54711235 -0.14442705 0.82450533 0.77475286 0.28553766 0.56411552
-0.51949334 -0.21510574 0.82695603 0.77744067 0.28259432 0.56189543
-0.50936580 -0.15744361 0.84602481 0.78587919 0.31546396 0.53186125
-0.48014480 -0.15956312 0.86255473 0.79839849 0.32781193 0.50507355
-0.44299728 -0.11011677 0.88973463 0.82320589 0.34310836 0.45233700
-0.34423503 -0.30498946 0.88796610 0.89667606 0.17358772 0.40723374
-0.35694385 -0.00861470 0.93408614 0.92627609 -0.13262652 0.35273620
0.86799967 -0.38132054 0.31807417 0.33420128 -0.02515490 -0.94216597
-0.39889938 0.02154459 0.91674161 0.87771302 0.29844180 0.37490320
-0.38419649 -0.01606195 0.92311168 0.87017566 0.32782146 0.36786872
-0.41860998 -0.05366533 0.90657920 0.85975236 0.29816350 0.41463774
-0.43099722 -0.06662938 0.89989001 0.84623164 0.31636891 0.42872232
-0.48159167 -0.09341992 0.87140238 0.83564949 0.25070512 0.48870951
-0.49385187 -0.18053997 0.85059726 0.79684281 0.29760188 0.52580857
-0.47676450 -0.19148850 0.85792065 0.79705471 0.31738505 0.51378065
-0.45031416 -0.10914893 0.88617355 0.82746947 0.32183906 0.46012390
-0.50467652 -0.36526257 0.78223073 0.71963626 0.32252935 0.61489719
-0.50665534 -0.36894798 0.77921617 0.72448498 0.30774108 0.61677963
-0.47207138 -0.43027520 0.76942301 0.71724629 0.31998956 0.61900288
-0.52305454 -0.34500587 0.77934909 0.71266985 0.32447854 0.62194490
-0.49136639 -0.39543942 0.77600700 0.73620182 0.28749180 0.61266249
-0.50852311 -0.36348781 0.78056443 0.74320805 0.27246791 0.61106718
-0.51822984 -0.34672928 0.78180337 0.74144959 0.27345750 0.61275899
-0.45951450 -0.44838220 0.76668108 0.71611410 0.32357916 0.61844742
-0.47520223 -0.42468515 0.77060068 0.71325135 0.32691166 0.62000108
-0.43733254 -0.48575762 0.75682223 0.71094269 0.32862458 0.62174475
-0.41096592 -0.51856947 0.74979520 0.69946921 0.34811738 0.62414509
-0.40985814 -0.51937586 0.74984342 0.69711035 0.35180935 0.62471384
-0.40823567 -0.52130610 0.74938887 0.67210269 0.38388121 0.63317716
-0.41111058 -0.51997524 0.74874157 0.66728204 0.38794142 0.63579571
-0.43853417 -0.47832483 0.76085031 0.66896194 0.39161205 0.63176739
-0.42326397 -0.50375068 0.75304908 0.68883562 0.36097986 0.62864852
-0.32680550 -0.63404191 0.70084888 0.70427364 0.33113417 0.62797207
-0.50628793 -0.37707517 0.77555591 0.71148789 0.32554156 0.62274212
-0.43789116 -0.48566613 0.75655782 0.69544280 0.35032040 0.62740338
-0.43755123 -0.48931167 0.75440252 0.69422764 0.34938830 0.62926608
-0.35189402 -0.58759797 0.72862840 0.64675438 0.41008973 0.64306700
-0.33075368 -0.61167431 0.71864915 0.65678596 0.39762884 0.64072120
-0.34632945 -0.59344405 0.72655362 0.64242136 0.41435909 0.64467150
-0.43556678 -0.47293556 0.76590699 0.74963105 0.28046525 0.59949362
-0.29527891 -0.64361197 0.70609772 0.65279377 0.40372697 0.64098740
-0.44576037 -0.47731903 0.75727427 0.73489970 0.28787819 0.61404288
-0.44289994 -0.47699383 0.75915521 0.73785508 0.28709126 0.61085892
-0.46442765 -0.44233680 0.76723212 0.75044572 0.26345152 0.60615557
-0.46848667 -0.42480659 0.77463520 0.74201214 0.28670579 0.60598505
-0.45240411 -0.46620679 0.76025116 0.74505651 0.27092448 0.60950047
-0.46418163 -0.44214374 0.76749223 0.70449227 0.34090838 0.62247264
-0.46386382 -0.44004014 0.76889211 0.70549297 0.34146026 0.62103510
-0.41213018 -0.51230121 0.75345623 0.70458597 0.34510630 0.62004858
-0.60325998 -0.05204230 0.79584485 0.78889644 0.10761458 0.60503024
-0.51759017 -0.35007465 0.78073573 0.73305935 0.28915855 0.61563903
-0.51631773 -0.34819555 0.78241676 0.70455718 0.34666339 0.61921221
-0.53776842 -0.28133124 0.79476911 0.73504162 0.30526832 0.60541320
-0.54726255 -0.18655348 0.81590533 0.76660925 0.27948278 0.57810014
-0.55372357 -0.23590085 0.79858696 0.76409841 0.23724338 0.59989107
-0.52274567 -0.33226040 0.78507334 0.76081717 0.23360774 0.60546249
-0.52056700 -0.33541083 0.78518128 0.76295960 0.23007601 0.60411739
-0.49553221 -0.39002162 0.77609986 0.77427059 0.20659161 0.59818476
-0.49178344 -0.39893234 0.77395231 0.77313817 0.20878917 0.59888607
-0.51948392 -0.33723322 0.78511798 0.77021426 0.21306831 0.60114223
-0.50462306 -0.33926767 0.79388481 0.78654522 0.19846508 0.58477199
-0.50738651 -0.35490888 0.78523791 0.80798972 0.12079052 0.57668221
-0.48236302 -0.41989601 0.76877385 0.80039001 0.14535400 0.58159113
-0.50474715 -0.34970102 0.78926528 0.78834128 0.18584363 0.58649832
-0.44849622 -0.45497882 0.76931489 0.80656868 0.16482913 0.56769568
-0.46909121 -0.40036178 0.78718740 0.82190013 0.12825283 0.55500579
-0.40917468 -0.49544558 0.76623094 0.79545552 0.21771292 0.56555426
-0.35652035 -0.54888093 0.75605756 0.82206118 0.20025298 0.53302372
-0.33426422 -0.52121806 0.78523833 0.83734441 0.21816522 0.50125676
-0.30861446 -0.55923933 0.76942098 0.85236156 0.19643565 0.48465747
0.32167223 0.52156347 -0.79025227 -0.86705863 -0.17308658 -0.46717274
0.32029286 0.52026671 -0.79166603 -0.86458772 -0.18100530 -0.46874857
0.33499867 0.52432841 -0.78285098 -0.85791659 -0.17377487 -0.48350957
0.35471874 0.48475581 -0.79949135 -0.87000775 -0.14204673 -0.47213277
0.27709559 0.66164821 -0.69673502 -0.94967264 0.07834818 -0.30328777
0.24689880 0.71508777 -0.65398049 -0.91222537 0.39920080 0.09210721
0.28266272 0.59260523 -0.75426847 -0.87663239 -0.15960768 -0.45391744
0.22717904 0.66107714 -0.71509916 -0.88216305 -0.17135526 -0.43866369
0.20248803 0.67608404 -0.70845538 -0.88107735 -0.18999052 -0.43313548
0.16134416 0.69472080 -0.70095015 -0.87445647 -0.22860931 -0.42785937
0.14109373 0.71461940 -0.68513620 -0.85305500 -0.26343384 -0.45044410
0.16583122 0.67129648 -0.72239953 -0.91902804 -0.16044427 -0.36006278
0.17692356 0.64741242 -0.74131995 -0.87426847 -0.24256860 -0.42049405
0.11755502 0.67249280 -0.73070806 -0.87756902 -0.27405554 -0.39340338
0.09132929 0.67485809 -0.73227429 -0.87596375 -0.29531729 -0.38141224
0.05043041 0.72201979 -0.69003206 -0.90129298 -0.26475209 -0.34289545
0.06671449 0.69438171 -0.71650767 -0.90065092 -0.26712844 -0.34273955
-0.03329315 0.71551979 -0.69779873 -0.89172965 -0.33656180 -0.30256313
-0.06993564 0.70141739 -0.70931149 -0.86400580 -0.39799297 -0.30837566
-0.10290810 0.76491028 -0.63586336 -0.91036302 -0.33001533 -0.24965802
-0.05011815 0.69418985 -0.71804506 -0.84034961 -0.41783187 -0.34529570
-0.06768774 0.68212181 -0.72809905 -0.83273423 -0.44057184 -0.33533597
-0.10636222 0.68650484 -0.71930408 -0.82389349 -0.46584761 -0.32277793
0.11302477 -0.70313519 0.70201600 0.82634121 0.45884264 0.32653296
0.21401428 -0.77403891 0.59587049 0.81223339 0.47988281 0.33164653
0.00093331 0.68485469 -0.72867906 -0.86295873 -0.36763102 -0.34662619
-0.09066471 -0.67915636 0.72837251 0.80307871 0.38265967 0.45676714
0.04558424 0.66575557 -0.74477625 -0.84903347 -0.36702332 -0.38004759
-0.09973010 -0.67059839 0.73508620 0.82029331 0.36273408 0.44220233
-0.16840783 -0.62079120 0.76567429 0.79092151 0.37848306 0.48082617
-0.18343073 -0.63951612 0.74657375 0.78537297 0.36142126 0.50255758
-0.17430703 -0.67558134 0.71638471 0.79148328 0.33668971 0.51009238
-0.22629187 -0.61425424 0.75596547 0.74546868 0.39032063 0.54030198
-0.26203507 -0.57999933 0.77132249 0.75653172 0.37276590 0.53731316
-0.23441553 -0.62083173 0.74807584 0.78182328 0.33693936 0.52461809
-0.28352699 -0.58677989 0.75848657 0.77296340 0.32829130 0.54291105
-0.28111267 -0.59107566 0.75604582 0.76924270 0.33225548 0.54577649
-0.22737777 -0.62157631 0.74962807 0.78430748 0.33938435 0.51930737
-0.21543774 -0.60901117 0.76334262 0.82428551 0.30571353 0.47654250
-0.19565360 -0.63577783 0.74666345 0.83976042 0.28460535 0.46238759
0.19789304 0.61507308 -0.76323229 -0.87424260 -0.24140310 -0.42121786
-0.23572466 -0.60692310 0.75899816 0.82196438 0.29215392 0.48889741
-0.14490691 -0.64669043 0.74886143 0.76902974 0.40260804 0.49648774
-0.14822331 -0.64842463 0.74670970 0.74237239 0.42589590 0.51719999
-0.17587739 -0.63524497 0.75201797 0.70806748 0.44908106 0.54494655
-0.16628297 -0.64224023 0.74824965 0.69796288 0.45936531 0.54939175
-0.17206928 -0.64147735 0.74759555 0.73213887 0.42446816 0.53272831
-0.15849440 -0.65490127 0.73890722 0.68128103 0.46913487 0.56193298
-0.13689049 -0.65126765 0.74639904 0.67887521 0.48704085 0.54947221
-0.14721438 -0.65278476 0.74310160 0.66019899 0.49458504 0.56526375
-0.14216731 -0.64775801 0.74846375 0.66616392 0.49666399 0.55637264
-0.11774819 -0.63716650 0.76167858 0.66398668 0.51982653 0.53749615
-0.09263252 -0.62426114 0.77570438 0.66767514 0.53900284 0.51350361
-0.10956946 -0.61174756 0.78342807 0.64551771 0.55555141 0.52408928
-0.10756066 -0.63661081 0.76364744 0.64022791 0.54328990 0.54308784
-0.10056913 -0.63882619 0.76274961 0.65832168 0.53208923 0.53244132
-0.09026808 -0.65642768 0.74896890 0.79706466 0.40327278 0.44950986
0.01603466 0.58013999 -0.81435895 -0.92793500 -0.29470873 -0.22821809
-0.09007867 -0.59697831 0.79718429 0.68021947 0.54777974 0.48707175
-0.12330788 -0.54478431 0.82946086 0.69584447 0.54846174 0.46367040
-0.03316653 -0.60796165 0.79327333 0.67994666 0.56799603 0.46373826
-0.03077698 -0.60593927 0.79491532 0.68015933 0.57006592 0.46087751
-0.01027164 -0.60022527 0.79976505 0.67967761 0.58244997 0.44585916
0.02232242 -0.61286676 0.78987092 0.64994562 0.60922295 0.45433268
-0.01578739 -0.58544564 0.81055790 0.72915417 0.54795450 0.40997565
-0.04464239 -0.57013732 0.82033563 0.68970591 0.57646078 0.43817669
0.01467714 -0.57635343 0.81706876 0.72727400 0.56693906 0.38684979
0.05126176 -0.60421568 0.79517025 0.77581310 0.52547449 0.34927163
0.06342834 -0.61805433 0.78357244 0.70278805 0.58511764 0.40463117
0.07986152 -0.62749135 0.77451712 0.72158742 0.57244819 0.38937721
0.07746980 -0.62983918 0.77285254 0.70448714 0.58310276 0.40458500
0.08670721 -0.63541049 0.76729101 0.72888279 0.56549609 0.38593274
0.14810908 -0.62758088 0.76433372 0.75593781 0.57016391 0.32166928
0.15593359 -0.61762881 0.77085626 0.75400257 0.57856458 0.31103575
0.12958783 -0.58883643 0.79779619 0.76640707 0.56998509 0.29620478
0.13938710 -0.60341883 0.78514779 0.60836303 0.67779142 0.41290841
0.16044563 -0.61567622 0.77149206 0.67994738 0.63552350 0.36576158
0.19442004 -0.63933635 0.74394214 0.70151788 0.62072229 0.35010940
0.19824965 -0.63682377 0.74508566 0.71720088 0.61238599 0.33257535
0.17249319 -0.63361323 0.75417536 0.70080429 0.61697978 0.35806331
-0.26811579 0.61004245 -0.74562871 -0.82594621 -0.54396152 -0.14805010
0.23633817 -0.66803265 0.70560378 0.77625036 0.56659198 0.27642184
0.23702985 -0.66573238 0.70754313 0.77396446 0.56959665 0.27665627
0.26061776 -0.67932999 0.68599510 0.76826644 0.57624167 0.27876922
0.29226264 -0.65559101 0.69626355 0.78509009 0.58021086 0.21676925
-0.35273573 0.67763323 -0.64528346 -0.83647043 -0.53743774 -0.10713534
0.17418200 -0.55913144 0.81057554 0.78064686 0.58014387 0.23242994
-0.31297335 0.51490843 -0.79807079 -0.91802025 -0.37942806 0.11520927
0.23554209 -0.65572447 0.71731824 0.73514503 0.60297763 0.30980605
-0.34631440 0.64529830 -0.68092322 -0.80331582 -0.57886100 -0.14001308
0.31617463 -0.66606110 0.67557114 0.79721522 0.57255411 0.19138899
-0.30111718 0.65361154 -0.69434893 -0.81582326 -0.55357349 -0.16729861
-0.29976591 0.65506214 -0.69356620 -0.82218122 -0.54613996 -0.16046591
-0.36351755 0.64697820 -0.67027926 -0.87368864 -0.48646680 0.00427844
0.34415051 -0.69141424 0.63522184 0.81584954 0.55506366 0.16215403
0.34875193 -0.67214477 0.65314126 0.80139399 0.57520628 0.16402909
0.38528109 -0.73468190 0.55839157 0.82570159 0.54464948 0.14688058
0.35825038 -0.70720315 0.60952479 0.79320282 0.57489383 0.20081453
-0.47327498 0.68799454 -0.55015856 -0.81164891 -0.58331031 -0.03122945
-0.43824810 0.64984906 -0.62099510 -0.83554143 -0.54922509 0.01491322
-0.41413981 0.66042817 -0.62635678 -0.84645379 -0.53245932 -0.00175776
-0.34700698 0.55315554 -0.75736725 -0.93508363 -0.26617959 0.23402363
-0.36663651 0.59405398 -0.71601510 -0.85468328 -0.51910317 0.00695911
-0.41940302 0.62807894 -0.65545255 -0.86022228 -0.50564271 0.06590309
-0.30367452 0.55295146 -0.77590358 -0.94314754 -0.28994030 0.16250350
-0.31225392 0.63973647 -0.70230681 -0.92173272 -0.38301027 0.06092636
-0.29648757 0.60922790 -0.73548388 -0.89362127 -0.44867641 -0.01141912
-0.28702188 0.69848967 -0.65553850 -0.84766054 -0.50395525 -0.16583371
-0.26877078 0.70121938 -0.66034359 -0.85323584 -0.49143809 -0.17457744
-0.21965091 0.71495050 -0.66377652 -0.86834222 -0.45340362 -0.20101492
-0.21500583 0.72194809 -0.65769565 -0.88136661 -0.43352363 -0.18775032
-0.16814995 0.75601131 -0.63259196 -0.88296878 -0.40083334 -0.24433349
-0.12229297 0.73388737 -0.66817194 -0.87766409 -0.39430535 -0.27245015
-0.11991256 0.73577446 -0.66652602 -0.89603364 -0.36929682 -0.24646224
-0.16252308 0.77679801 -0.60841697 -0.90752417 -0.35970178 -0.21682838
-0.18822739 0.75158781 -0.63220751 -0.89318222 -0.39868081 -0.20803657
-0.24224170 0.75423515 -0.61028552 -0.89067030 -0.42231542 -0.16839273
-0.24590594 0.75495768 -0.60792202 -0.89503068 -0.41761553 -0.15658042
-0.27699947 0.75667620 -0.59220988 -0.90544391 -0.41185030 -0.10271677
-0.32956845 0.73304343 -0.59500593 -0.88759786 -0.45536500 -0.06937423
-0.26109964 0.75492543 -0.60159343 -0.91266590 -0.39605731 -0.10089374
-0.26539317 0.74041116 -0.61754167 -0.92088848 -0.38435677 -0.06507174
-0.27194640 0.72954655 -0.62754053 -0.95499253 -0.28487933 0.08266246
-0.29530191 0.67376453 -0.67737597 -0.91130698 0.01427215 0.41148016
-0.31813380 0.64558136 -0.69427353 -0.90202349 0.01927829 0.43125632
-0.35344064 0.61384279 -0.70588726 -0.91418976 -0.06666549 0.39976600
-0.37172854 0.60754490 -0.70193100 -0.90629804 -0.07370526 0.41616279
-0.32973737 0.74308735 -0.58231825 -0.92843074 -0.36705545 0.05732963
-0.34661636 0.77131015 -0.53379565 -0.92195207 -0.38497749 0.04238817
-0.39756930 0.76254284 -0.51035976 -0.89300311 -0.44940016 0.02418648
-0.41252834 0.78573042 -0.46092090 -0.89549762 -0.44257560 0.04702097
0.36131057 -0.91292161 0.18981269 0.89203554 0.39769265 0.21473974
-0.39526951 0.61495864 -0.68234009 -0.86794126 -0.49323866 0.05825454
-0.45249450 0.73939484 -0.49854192 -0.87452668 -0.47732246 0.08582772
-0.46398571 0.70000774 -0.54286867 -0.84935254 -0.52562404 0.04816376
-0.40855375 0.69668728 -0.58967006 -0.86218405 -0.50659382 -0.00116834
-0.41574672 0.71094888 -0.56719166 -0.86529809 -0.50122178 0.00599761
-0.37491858 0.71940655 -0.58471394 -0.87956214 -0.47532713 -0.02084650
-0.30298135 0.75895995 -0.57635248 -0.91170996 -0.40692073 -0.05657208
-0.29420507 0.75277549 -0.58887392 -0.95382088 -0.27031046 0.13098873
-0.32813734 0.72941554 -0.60023242 -0.89742011 -0.43907911 -0.04297347
-0.36823258 0.63689750 -0.67732292 -0.89587247 -0.04824416 0.44168425
0.37685591 -0.42853665 0.82117963 0.86401761 -0.15689391 -0.47839093
-0.45643419 0.40257347 -0.79347491 -0.85401964 0.05198582 0.51763690
-0.45262119 0.40593556 -0.79394615 -0.86799526 0.00337413 0.49656108
-0.27405930 0.73916399 -0.61524647 -0.95967382 -0.25182906 0.12493287
-0.30083069 0.70953947 -0.63722426 -0.87747604 -0.46765321 -0.10647219
-0.29818496 0.70425326 -0.64429271 -0.87237018 -0.47501114 -0.11547627
-0.15915407 0.71828824 -0.67729759 -0.86429560 -0.43293750 -0.25604367
0.03208673 -0.65666902 0.75349605 0.66838658 0.57461405 0.47231150
0.10332951 -0.65986073 0.74424922 0.60870367 0.63372594 0.47735864
-0.28855196 0.68942088 -0.66440701 -0.84313655 -0.51179379 -0.16488777
-0.43607113 0.63527316 -0.63739312 -0.84844995 -0.52631539 0.05590049
-0.49584126 0.64652818 -0.57977819 -0.83861077 -0.52988434 0.12631162
-0.50035799 0.66739386 -0.55156815 -0.82510084 -0.56061292 0.07015656
-0.55159104 0.72680664 -0.40926704 -0.79443955 -0.60729367 -0.00776823
-0.50408030 0.64184809 -0.57787037 -0.83224738 -0.53980035 0.12641187
0.31037945 -0.67947966 0.66480982 0.79313928 0.57061273 0.21291138
-0.30318227 0.67248487 -0.67516267 -0.82106370 -0.54395807 -0.17310143
0.30289039 -0.65016055 0.69681323 0.80251551 0.56836289 0.18147331
0.23652619 -0.66724372 0.70628691 0.80805361 0.53873795 0.23835024
-0.22151637 0.65649617 -0.72107100 -0.82179952 -0.52373803 -0.22437450
-0.18611649 0.62958503 -0.75430983 -0.81837386 -0.52418000 -0.23558357
0.16731814 -0.63795298 0.75167859 0.77946484 0.55244625 0.29536042
0.16969000 -0.69552928 0.69817215 0.75072068 0.55019712 0.36565244
0.40063170 -0.76638603 0.50214213 0.79083544 0.56599385 0.23287421
0.19808197 -0.64834338 0.73512888 0.77449083 0.56320751 0.28803015
0.04779318 -0.63531184 0.77077538 0.72014630 0.55664849 0.41416389
0.02809918 -0.63064468 0.77556282 0.72314900 0.54847938 0.41979280
0.01743624 -0.63674718 0.77087545 0.72320282 0.54041803 0.43003017
0.02698252 -0.64349663 0.76497328 0.73754644 0.52936268 0.41928560
0.03007486 -0.63814384 0.76932949 0.73003405 0.53975779 0.41918001
0.06269604 -0.64514244 0.76148570 0.73860836 0.54312915 0.39933494
0.10554231 -0.64898729 0.75344306 0.76126087 0.54021269 0.35868120
0.05393666 -0.67139137 0.73913765 0.77319503 0.49648300 0.39455554
-0.09701347 0.65472841 -0.74961263 -0.81896049 -0.48051420 -0.31370351
0.03256768 -0.64539635 0.76315331 0.76548964 0.50704801 0.39614144
-0.08431054 0.64477378 -0.75970954 -0.83176613 -0.46536610 -0.30265415
-0.02711326 -0.64311922 0.76528597 0.73988515 0.50188255 0.44797766
-0.04064005 -0.65666825 0.75308377 0.74008989 0.48658216 0.46422502
-0.08348209 -0.63687289 0.76643568 0.69473362 0.51419246 0.50294262
-0.02376354 -0.67262697 0.73960006 0.72084439 0.50107419 0.47886115
0.01135290 -0.64516193 0.76396161 0.73716664 0.52161098 0.42954317
-0.05024734 -0.62537920 0.77870160 0.68463266 0.54610127 0.48275405
0.10683712 -0.62613654 0.77235925 0.71375477 0.58909708 0.37883887
0.07372743 -0.60264033 0.79459983 0.77729404 0.53390628 0.33280346
0.22097175 -0.68127626 0.69787836 0.75092280 0.57545048 0.32399338
0.03126466 -0.61177683 0.79041243 0.68942070 0.58576965 0.42611399
-0.03793761 -0.59432971 0.80332613 0.68847525 0.56711543 0.45208621
-0.05037701 -0.62397039 0.77982259 0.67833096 0.55170906 0.48526728
-0.14358401 -0.64510733 0.75047994 0.65231544 0.50858778 0.56198132
-0.15873492 -0.64578086 0.74684030 0.63445634 0.51285851 0.57830918
-0.14853989 -0.63764817 0.75587088 0.63564187 0.52397197 0.56693286
-0.19876760 -0.64068007 0.74163371 0.61394000 0.50845164 0.60378361
-0.17407411 -0.67115152 0.72059274 0.80907124 0.31965956 0.49317503
-0.11885403 -0.64699930 0.75317037 0.68833959 0.49298957 0.53211844
-0.13255045 -0.64551497 0.75215751 0.70424455 0.47265726 0.52974969
-0.12110934 -0.65378433 0.74692613 0.73104209 0.45028061 0.51266444
-0.10276952 -0.65465248 0.74891162 0.77317470 0.42110682 0.47420466
-0.13244149 -0.59373540 0.79368609 0.85516870 0.33640575 0.39435720
0.01731005 -0.71441323 0.69950998 0.72684795 0.48940495 0.48184535
-0.02073890 -0.67195654 0.74030012 0.70279783 0.51684642 0.48882008
-0.03408250 0.67962730 -0.73276544 -0.82031149 -0.43784609 -0.36794016
-0.04889673 -0.69284272 0.71942902 0.82189494 0.38137022 0.42313778
-0.03660870 -0.65886819 0.75136715 0.77985299 0.45131731 0.43375331
-0.06991735 -0.68141329 0.72855163 0.81658256 0.38039994 0.43415299
0.00633237 0.68691248 -0.72671264 -0.83565754 -0.39550194 -0.38112301
0.08562953 0.65727180 -0.74877328 -0.85093963 -0.34266195 -0.39810124
0.01154917 0.69072771 -0.72302270 -0.85844070 -0.36395404 -0.36140963
-0.11861442 0.73006094 -0.67300951 -0.87374264 -0.39873344 -0.27854171
-0.08615264 0.75328517 -0.65202701 -0.89971238 -0.33991209 -0.27382007
0.06945340 0.67666465 -0.73300833 -0.86552668 -0.32447812 -0.38154632
0.07852849 0.71845740 -0.69112390 -0.90095240 -0.24562265 -0.35770696
0.19781692 0.61545116 -0.76294720 -0.86620152 -0.25460079 -0.42996907
-0.27381736 -0.58482361 0.76354796 0.81343830 0.28277013 0.50829053
0.24479091 0.58823961 -0.77074748 -0.86944646 -0.21864508 -0.44300926
-0.37155235 -0.51697695 0.77115738 0.84430444 0.15730879 0.51225388
0.34675804 0.56339037 -0.74990010 -0.84591401 -0.15754649 -0.50951809
0.39175394 0.47465870 -0.78818011 -0.87021047 -0.08702385 -0.48493361
0.40102649 0.44998235 -0.79793084 -0.85432297 -0.13065854 -0.50305134
-0.46808082 -0.42011824 0.77743232 0.82140481 0.11757862 0.55809456
-0.44571939 -0.45815068 0.76904625 0.81542301 0.14667109 0.55997580
-0.45249850 -0.44291219 0.77399868 0.80094087 0.17976747 0.57111943
-0.50053191 -0.34878594 0.79234862 0.81789392 0.10947353 0.56485844
-0.51377571 -0.34644172 0.78486478 0.77446759 0.20629895 0.59803069
-0.49835232 -0.38005018 0.77923477 0.77247709 0.21340372 0.59811211
-0.45398685 -0.45661020 0.76511639 0.75799882 0.25343144 0.60100782
-0.40899423 -0.49698010 0.76533300 0.79768038 0.21262810 0.56435382
-0.30846184 -0.56406510 0.76595157 0.78128684 0.30909678 0.54226393
-0.40968367 -0.51228088 0.75480300 0.72537446 0.31880176 0.61007982
-0.42511457 -0.49155819 0.76003170 0.70059639 0.35295817 0.62014943
-0.39748147 -0.53100961 0.74835634 0.68128729 0.37555170 0.62833792
-0.33965111 -0.59475803 0.72862887 0.64965153 0.41184479 0.63901240
-0.27846402 -0.65171176 0.70549953 0.66940260 0.39505479 0.62915182
-0.46789545 -0.42357150 0.77566814 0.67232674 0.39906532 0.62347710
-0.34109652 -0.60419518 0.72013986 0.74711454 0.29069048 0.59776163
-0.36368251 -0.54236704 0.75734609 0.71673948 0.35637730 0.59939957
-0.34687787 -0.55602413 0.75532311 0.72990954 0.34569257 0.58968520
-0.26770934 -0.60629547 0.74882418 0.74686927 0.36041608 0.55882615
-0.09009979 -0.75292033 0.65191489 0.77276134 0.36007842 0.52266949
-0.18126923 -0.63625246 0.74988282 0.67342728 0.47538170 0.56613433
-0.20211463 -0.62515926 0.75387371 0.67710137 0.46695429 0.56875956
-0.25309291 -0.62473720 0.73867959 0.65710407 0.44937927 0.60520458
-0.21131785 -0.64794433 0.73178750 0.61968958 0.49017096 0.61295795
-0.27573016 -0.62043977 0.73418492 0.64372200 0.44804406 0.62038577
-0.23705968 -0.65948325 0.71336150 0.67997539 0.41180736 0.60666978
-0.36372894 -0.54619813 0.75456536 0.71726519 0.35261628 0.60099298
