-0.69478887 0.15626287 0.70203310 -0.07020517 0.95671481 -0.28243220
-0.74012649 0.15283009 0.65487075 0.00862931 0.97591066 -0.21799985
-0.79287493 0.17031351 0.58510065 0.05598547 0.97644812 -0.20836213
-0.80413759 0.16896783 0.56992334 0.10421193 0.98397470 -0.14468491
-0.84366494 0.17056721 0.50905442 0.11717596 0.98383069 -0.13545111
-0.85344416 0.17634691 0.49044371 0.13598843 0.98376685 -0.11708937
-0.63410401 0.13785061 0.76086092 0.28004432 0.95812273 0.05979991
-0.71593475 0.16103023 0.67934281 0.21093678 0.97745454 -0.00939550
-0.87615860 0.18051682 0.44694501 0.16809443 0.98344463 -0.06768371
-0.88081098 0.18245815 0.43689945 0.17036988 0.98309392 -0.06708600
-0.89394122 0.17962812 0.41061285 0.16357583 0.98373431 -0.07422847
-0.87529111 0.18091008 0.44848305 0.14384001 0.98281169 -0.11572047
-0.87794799 0.17980310 0.44370964 0.12288880 0.98037994 -0.15412189
-0.87871194 0.18033911 0.44197640 0.12852192 0.98108011 -0.14478916
-0.86589497 0.18108404 0.46629879 0.11339608 0.97896671 -0.16960405
-0.86719263 0.17990258 0.46434042 0.11964627 0.98041993 -0.15640187
-0.86825097 0.18557346 0.46011177 0.11009576 0.97635621 -0.18603107
-0.91900212 0.18416204 0.34859642 0.14169247 0.97940016 -0.14387015
-0.87613076 0.19766979 0.43968350 0.13266996 0.97571564 -0.17429194
-0.90178210 0.19788009 0.38422990 0.16226645 0.97900617 -0.12335549
-0.89810348 0.20879641 0.38705841 0.16999340 0.97651899 -0.13233659
-0.89857817 0.20624349 0.38732547 0.16780554 0.97708076 -0.13097544
-0.89361203 0.19653666 0.40352318 0.17570604 0.98046285 -0.08843081
-0.90220273 0.19680788 0.38379276 0.17866065 0.98042309 -0.08277085
-0.91155767 0.19453056 0.36224377 0.18827988 0.98069209 -0.05285563
-0.90835631 0.18632238 0.37439668 0.19113210 0.98125577 -0.02460987
-0.89435190 0.18214281 0.40860581 0.20470902 0.97875214 0.01176989
-0.91527486 0.18985623 0.35528374 0.19334675 0.98078555 -0.02601536
-0.91198426 0.18716840 0.36503804 0.20223470 0.97933221 0.00310877
-0.92171133 0.18548650 0.34065095 0.20206566 0.97927874 0.01351302
-0.93731099 0.18811856 0.29335898 0.20451687 0.97851849 0.02596962
-0.95319033 0.16957630 0.25034407 0.18348864 0.98246300 0.03314300
-0.95505857 0.16600384 0.24557261 0.17987227 0.98306704 0.03500249
-0.95321596 0.19057649 0.23464881 0.20065485 0.97946548 0.01962201
-0.95828915 0.19307786 0.21071993 0.20318040 0.97876394 0.02718271
-0.95113516 0.19468702 0.23966435 0.19539191 0.98049921 -0.02105597
-0.95290583 0.19757999 0.23007075 0.19692084 0.98007298 -0.02606067
-0.92941374 0.19427386 0.31376410 0.19566225 0.98028886 -0.02738784
-0.92700720 0.19326605 0.32141247 0.20244065 0.97928196 -0.00497179
-0.90746051 0.18733364 0.37606055 0.20508018 0.97871774 0.00732704
-0.90470952 0.19238664 0.38011593 0.20701870 0.97833395 -0.00243759
-0.94284219 0.15243480 0.29633141 0.16924043 0.98506320 0.03175202
-0.95478874 0.16159418 0.24953124 0.17056204 0.98523885 0.01459473
-0.95016539 0.16432744 0.26491937 0.16649392 0.98593706 -0.01441854
-0.94436246 0.17108105 0.28091079 0.17068855 0.98498046 -0.02605682
-0.94021887 0.18747488 0.28432688 0.17720550 0.98224008 -0.06166631
-0.95003712 0.21633564 0.22500752 0.20506154 0.97605175 -0.07261401
-0.93525177 0.27667776 0.22080216 0.26373458 0.96069103 -0.08670028
-0.93536556 0.26926807 0.22931626 0.25493744 0.96270764 -0.09055925
-0.76893109 0.62815374 0.11902929 0.62008512 0.77808189 -0.10041493
-0.74079859 0.66082573 0.12052769 0.64310277 0.74954134 -0.15686488
-0.76134026 0.62684464 0.16561007 0.58426255 0.77405405 -0.24388048
-0.75083816 0.64444798 0.14466856 0.59067881 0.75318229 -0.28950834
-0.74267578 0.65964431 0.11533479 0.61084539 0.73791063 -0.28697708
-0.73519754 0.66950542 0.10605194 0.62642330 0.73082817 -0.27107963
-0.74231613 0.66266310 0.09921927 0.60308290 0.72528917 -0.33203426
-0.74441481 0.66222346 0.08548002 0.60898936 0.72585303 -0.31979585
-0.74116534 0.66697443 0.07628302 0.63570738 0.73381859 -0.23955461
-0.74746531 0.66315371 0.03902414 0.62937182 0.72573829 -0.27784014
-0.74928874 0.66169488 0.02695185 0.63472128 0.72916472 -0.25582755
-0.48736212 -0.79901946 0.35220185 -0.83953643 0.53968173 0.06262872
-0.45531350 -0.77097154 0.44530052 -0.83677167 0.54140997 0.08178355
-0.43967807 -0.75944358 0.47950876 -0.85097885 0.52299899 0.04803143
-0.37453201 -0.70237094 0.60531056 -0.86149377 0.50500160 0.05293387
-0.40026847 -0.72907627 0.55518740 -0.85994893 0.50817859 0.04735439
-0.38040057 -0.70005566 0.60433233 -0.84282976 0.53141510 0.08506453
-0.41923663 -0.73684448 0.53037798 -0.83112401 0.54657918 0.10239145
-0.40991646 -0.72456753 0.55404913 -0.82112288 0.55762017 0.12172517
-0.76615298 0.63365352 0.10720494 0.51169968 0.70240486 -0.49476352
-0.75999856 0.63757086 0.12611754 0.48803455 0.68799341 -0.53711021
-0.76956433 0.62503690 0.13076587 0.50133640 0.71821183 -0.48252836
-0.78752983 0.59930789 0.14362045 0.40242180 0.67659003 -0.61667073
-0.78670096 0.60024047 0.14426740 0.39997482 0.67360419 -0.62151229
-0.78929746 0.58512902 0.18610138 0.38197407 0.70522475 -0.59728873
-0.78122282 0.59741801 0.18105972 0.42880630 0.72434914 -0.53985506
-0.33038408 -0.80005723 0.50075418 -0.86784673 0.46608087 0.17207779
-0.86829305 0.44718888 0.21468401 0.29021475 0.80894357 -0.51125896
-0.87716591 0.43664414 0.19980478 0.30388668 0.82695025 -0.47308159
-0.29351935 -0.77297449 0.56245613 -0.87755299 0.45122623 0.16215943
-0.30581310 -0.78828293 0.53393674 -0.87998152 0.44811338 0.15756597
-0.31246111 -0.80252075 0.50826037 -0.91559523 0.39698434 0.06394412
-0.32275712 -0.83139932 0.45233074 -0.90401500 0.41233945 0.11284097
-0.31737593 -0.80901563 0.49473855 -0.92685878 0.37495154 0.01855318
-0.31675535 -0.86816669 0.38203752 -0.91132206 0.39023185 0.13119164
-0.35074994 -0.88224882 0.31402493 -0.93229592 0.36059159 -0.02825022
-0.93274570 0.33280000 0.13867132 0.31356815 0.93865412 -0.14353904
-0.92199236 0.33889478 0.18729764 0.28500262 0.92139441 -0.26420811
-0.92487079 0.33314851 0.18337454 0.27080256 0.91552210 -0.29746467
-0.33578756 -0.89080042 0.30613950 -0.91249961 0.38825208 0.12885986
-0.88441062 0.39701813 0.24534567 0.29076713 0.87992448 -0.37574911
-0.87918711 0.40568408 0.24990097 0.28579405 0.86864984 -0.40468413
-0.88708901 0.41041753 0.21125953 0.30288976 0.86290711 -0.40453565
-0.84075725 0.46228284 0.28181875 0.33528584 0.85326815 -0.39939570
-0.83204681 0.49566153 0.24903379 0.37702802 0.83464044 -0.40152854
-0.80337489 0.54834825 0.23217048 0.43067157 0.80430907 -0.40940070
-0.78476405 0.59674644 0.16744913 0.45460236 0.73783660 -0.49893281
-0.77260417 0.61156446 0.17050427 0.48019457 0.73857170 -0.47320724
-0.74287218 0.65220755 0.15088525 0.51757646 0.70252430 -0.48844069
-0.75899404 0.64081621 0.11525045 0.51616871 0.70009577 -0.49339214
-0.75292075 0.64558965 0.12776658 0.54069281 0.71749520 -0.43914923
-0.77957720 0.59896797 0.18302131 0.49776062 0.76988816 -0.39938277
-0.76588404 0.62390870 0.15543383 0.54444146 0.75788122 -0.35944322
-0.83034658 0.48802823 0.26898539 0.39720368 0.85690266 -0.32855311
-0.81381273 0.53460360 0.22783287 0.46443161 0.83397734 -0.29796821
-0.79139048 0.57580036 0.20531723 0.50798500 0.80626917 -0.30311933
-0.86457223 0.41229171 0.28728124 0.34554368 0.90285844 -0.25582457
-0.88935447 0.33892018 0.30689040 0.28495336 0.93577695 -0.20766100
-0.88901317 0.35316187 0.29143140 0.30564523 0.93162900 -0.19659230
-0.90572107 0.25803754 0.33628261 0.20821297 0.96188176 -0.17728747
-0.90322322 0.25505930 0.34515601 0.20168555 0.96216005 -0.18322375
-0.90044641 0.26884678 0.34193239 0.21770278 0.95912004 -0.18081541
-0.89615178 0.29505026 0.33144745 0.22353864 0.94539583 -0.23718619
-0.88961244 0.34229141 0.30236796 0.26461652 0.92589903 -0.26960909
-0.88652241 0.34445751 0.30891266 0.25131693 0.91906357 -0.30358180
-0.89660525 0.28640750 0.33774221 0.19524284 0.94023073 -0.27900979
-0.90953308 0.26509854 0.32011321 0.18626735 0.94849449 -0.25624740
-0.88431591 0.25298643 0.39240709 0.20927009 0.96609157 -0.15123878
-0.82549727 0.19261746 0.53052127 0.15952024 0.98126328 -0.10805396
-0.86364818 0.20169397 0.46198642 0.23566382 0.97169745 0.01633187
-0.70317364 0.15245344 0.69448167 0.20436476 0.97886246 -0.00795853
-0.72836584 0.15781866 0.66676575 0.24614829 0.96841997 0.03967101
-0.56219471 0.13161722 0.81646436 0.11455424 0.99013096 -0.08073407
-0.68516839 0.13871935 0.71505332 -0.18412271 0.91682971 -0.35429114
-0.67325550 0.12086501 0.72946477 -0.09906834 0.96290964 -0.25097916
-0.50685966 0.13846685 0.85083503 0.00768965 0.98770189 -0.15615998
-0.84038764 0.12470321 0.52744454 0.00452420 0.97475058 -0.22325084
-0.72987264 0.15551372 0.66565871 -0.07999985 0.94765496 -0.30911192
-0.65188038 0.13875873 0.74551862 0.11752234 0.98972446 -0.08144987
-0.70035285 0.17573272 0.69182658 0.03461526 0.97644174 -0.21298674
-0.77690321 0.17597306 0.60452873 -0.00174649 0.95954239 -0.28155896
-0.83315808 0.15991224 0.52941078 0.07207809 0.98051584 -0.18273906
-0.80883229 0.16783690 0.56357890 0.01910862 0.96539885 -0.26007697
-0.82396853 0.16527578 0.54199606 0.04207229 0.97172064 -0.23235528
-0.79401499 0.17062959 0.58346027 0.00125903 0.96025872 -0.27910873
-0.62335038 0.09128435 0.77659613 0.42465496 0.87346148 0.23818746
-0.40383202 -0.08193631 0.91115654 0.43399614 0.85961342 0.26965189
-0.83937156 0.18996064 0.50928414 0.14591339 0.98130029 -0.12553482
-0.89134276 0.25214368 0.37673822 0.18189932 0.96013927 -0.21223855
-0.89126086 0.23181783 0.38976234 0.16659847 0.96674550 -0.19403145
-0.89278346 0.28169990 0.35154355 0.20894770 0.95029044 -0.23084395
-0.89637148 0.26584050 0.35474923 0.19383335 0.95472497 -0.22567441
-0.91170198 0.22092387 0.34639880 0.19246835 0.97454464 -0.11497275
-0.91598529 0.20712809 0.34361151 0.17857343 0.97740006 -0.11314043
-0.91663802 0.19707888 0.34775671 0.18590754 0.98037708 -0.06556799
-0.91835332 0.19653958 0.34351048 0.19058238 0.98032558 -0.05138361
-0.92252594 0.19402058 0.33361953 0.18862008 0.98083478 -0.04884373
-0.91780335 0.19386002 0.34649006 0.18980347 0.98074579 -0.04596129
-0.91755486 0.19545548 0.34625173 0.18181252 0.98070824 -0.07180275
-0.86078674 0.41353205 0.29671115 0.32559192 0.89548314 -0.30347967
-0.87572598 0.40822780 0.25778702 0.29829067 0.87730753 -0.37597093
-0.91186005 0.30941984 0.26976028 0.29118654 0.95074898 -0.10623952
-0.35015640 -0.89088756 -0.28932667 -0.91551352 0.26019427 0.30681264
-0.88842529 0.28503808 0.35979706 0.27448842 0.95814860 -0.08128573
-0.91532868 0.29197106 0.27735585 0.32632294 0.94133925 0.08598673
-0.92029226 0.29411164 0.25799337 0.32622215 0.94089782 0.09105178
-0.36114410 -0.92313874 0.13187078 -0.93041849 0.36617905 0.01530984
-0.35928038 -0.91815668 0.16705075 -0.92969304 0.36770704 0.02150377
-0.34110737 -0.94001311 -0.00459976 -0.93249363 0.33898881 -0.12466843
-0.36393428 -0.84225595 0.39768928 -0.92926013 0.29923725 -0.21663964
-0.36089039 -0.83228093 0.42079276 -0.92935061 0.35862133 -0.08773913
-0.35371020 -0.82519919 0.44038099 -0.93441719 0.29066235 -0.20586403
-0.35497954 -0.81431735 0.45921332 -0.93274748 0.34161294 -0.11525127
-0.44153064 -0.89032209 -0.11125349 -0.89529628 0.44534141 -0.01075543
-0.97883797 0.13049026 0.15763439 0.13918263 0.98922664 0.04537591
-0.36301956 -0.88267267 0.29850590 -0.93164259 0.34936899 -0.09991746
-0.33136737 -0.89336795 0.30346221 -0.91475976 0.38298455 0.12859789
-0.32823783 -0.81560421 0.47649726 -0.93275827 0.35947189 -0.02724000
-0.30213147 -0.81695402 0.49122566 -0.88226724 0.43478942 0.18045132
-0.86701423 0.44876963 0.21654581 0.30384830 0.82059592 -0.48404396
-0.80066580 0.56631231 0.19551119 0.39174393 0.74178016 -0.54433352
-0.76146817 0.62808466 0.16023737 0.44717425 0.68796766 -0.57160801
-0.75103354 0.64679319 0.13269272 0.53381008 0.71308225 -0.45448935
-0.76269114 0.63833207 0.10408878 0.53866601 0.71601361 -0.44403106
-0.76231909 0.64173627 0.08392966 0.56940693 0.72666723 -0.38435736
-0.38230041 -0.69609296 0.60770142 -0.81611657 0.56278878 0.13123490
-0.41381180 -0.74652618 0.52101672 -0.87875885 0.47704828 -0.01441750
-0.44678551 -0.78438222 0.43026426 -0.85391122 0.51734912 0.05644046
-0.45176545 -0.76512432 0.45879501 -0.83311224 0.54576349 0.08981271
-0.47124007 -0.79574978 0.38041434 -0.85443348 0.51886290 0.02692290
-0.73192424 0.67748612 0.07279766 0.65823561 0.73062217 -0.18143079
-0.66500252 -0.68171340 -0.30502206 -0.71676755 0.69729936 0.00424224
-0.74932480 0.65790147 0.07535312 0.58899820 0.71416599 -0.37821704
-0.74548459 0.65551549 0.12063238 0.57770425 0.72574145 -0.37357354
-0.72314817 0.68618435 0.07878947 0.67309064 0.72570777 -0.14246875
-0.74392998 0.65631217 0.12578759 0.58328718 0.72958642 -0.35704309
-0.76251578 0.62455487 0.16882199 0.55553186 0.76580524 -0.32392389
-0.79270238 0.57920086 0.19012982 0.53395039 0.81017607 -0.24189216
-0.72178161 0.68749732 0.07986706 0.66991979 0.72295475 -0.16894963
-0.96235466 0.21425337 0.16723959 0.21469544 0.97655571 -0.01564934
-0.85044092 0.47409195 0.22800702 0.43395334 0.87721342 -0.20538047
-0.91518724 0.27133727 0.29800725 0.24208605 0.96126342 -0.13178390
-0.92343211 0.22298391 0.31233215 0.19950972 0.97418511 -0.10563733
-0.93631405 0.16840136 0.30815101 0.16797456 0.98539031 -0.02811645
-0.96401978 0.17266227 0.20212300 0.17659153 0.98428321 0.00143049
-0.93624175 0.17028378 0.30733511 0.18093392 0.98347527 0.00627323
-0.93437052 0.18622451 0.30376348 0.19766313 0.98024458 0.00706153
-0.92086315 0.18375358 0.34386867 0.19970399 0.97979200 0.01122453
-0.90185356 0.19147000 0.38729766 0.20883884 0.97794598 0.00282655
-0.89798826 0.19186574 0.39598572 0.20747067 0.97823501 -0.00349396
-0.90050226 0.19256842 0.38988867 0.19482371 0.98024273 -0.03417541
-0.88938957 0.19501846 0.41346598 0.21233453 0.97718823 -0.00416390
-0.88515544 0.19214983 0.42376682 0.20051180 0.97936583 -0.02525184
-0.89882547 0.18921156 0.39536300 0.19467953 0.98050457 -0.02665876
-0.92497265 0.18601269 0.33139852 0.19582549 0.98063123 -0.00385224
-0.91725749 0.18786116 0.35120785 0.19186085 0.98113543 -0.02372224
-0.90713501 0.19215250 0.37441108 0.18672848 0.98108214 -0.05109213
-0.90046692 0.20718496 0.38240528 0.17144611 0.97714192 -0.12569794
-0.89730763 0.22801410 0.37795323 0.17930429 0.97070807 -0.15992460
-0.88795704 0.20234857 0.41302234 0.13934213 0.97417051 -0.17769547
-0.84810293 0.17643738 0.49959123 0.08008222 0.97477901 -0.20830926
-0.84236109 0.18473898 0.50626004 0.12361100 0.98059660 -0.15215369
-0.89082450 0.18958217 0.41290480 0.17233787 0.98186457 -0.07900423
-0.88791597 0.18722390 0.42018151 0.19405140 0.98062301 -0.02688055
-0.75774997 0.17310277 0.62916648 0.19345120 0.98042113 -0.03675657
-0.86127919 0.17952147 0.47536331 0.14259209 0.98331052 -0.11299516
-0.84745127 0.17223799 0.50215578 0.10621664 0.98179054 -0.15749739
-0.77914250 0.16833639 0.60382104 0.11148380 0.98512280 -0.13078418
-0.80854571 0.16870870 0.56372976 0.05819847 0.97624838 -0.20869127
-0.75974542 0.14702943 0.63337928 -0.05038668 0.95785707 -0.28279144
