0.03691801 -0.42115253 0.90623820 -0.95506448 -0.28174904 -0.09202905
-0.93801171 -0.32836905 -0.11094066 0.03647751 0.22477645 -0.97372735
-0.94216114 -0.31750038 -0.10735896 0.04826154 0.18846449 -0.98089349
-0.93955845 -0.32521021 -0.10708988 0.05554025 0.16386759 -0.98491764
-0.94451553 -0.31054425 -0.10701749 0.06078781 0.15492187 -0.98605484
-0.94452709 -0.31073371 -0.10636356 0.05999762 0.15515587 -0.98606646
-0.94528121 -0.30661461 -0.11149411 0.03376144 0.24797304 -0.96817851
-0.93937171 -0.32600415 -0.10631203 0.08336458 0.08361270 -0.99300516
-0.95493960 -0.27692577 -0.10678251 0.08792624 0.07967438 -0.99293554
-0.94147730 -0.32112047 -0.10248012 0.12798488 -0.05929018 -0.99000233
-0.94226700 -0.31873760 -0.10266148 0.12756696 -0.05821387 -0.99012011
-0.94681597 -0.30406487 -0.10528109 0.11974496 -0.02926448 -0.99237335
-0.19141464 0.25045696 0.94901621 -0.93544662 -0.33928075 -0.09913732
-0.25117651 0.44285154 0.86069328 -0.93205893 -0.35052350 -0.09164872
-0.29119575 0.58407319 0.75766987 -0.93259025 -0.34986293 -0.08872040
-0.30031148 0.61732364 0.72713447 -0.93380946 -0.34569037 -0.09218493
-0.31376234 0.70259559 0.63868034 -0.93677598 -0.33881828 -0.08748159
-0.35404608 0.87768984 0.32297358 -0.93364674 -0.35177612 -0.06750895
-0.35305026 0.88202554 0.31206810 -0.93429571 -0.35000271 -0.06774797
-0.35076314 0.87438363 0.33528876 -0.93499118 -0.34706903 -0.07303849
-0.34925902 0.86129785 0.36903149 -0.93412453 -0.35100833 -0.06484206
-0.34924793 0.86021888 0.37154990 -0.93439180 -0.34945202 -0.06924832
-0.35869357 0.88923055 0.28391558 -0.93181628 -0.35911605 -0.05247902
-0.32723838 0.73855698 0.58944774 -0.93325990 -0.35038728 -0.07908680
-0.29860002 0.62258095 0.72334707 -0.93043274 -0.35861647 -0.07542633
-0.29911104 0.63305676 0.71398306 -0.93649477 -0.33829567 -0.09237698
-0.18859299 0.24141605 0.95191967 -0.94825214 -0.29689327 -0.11257135
-0.23796572 0.42251545 0.87455875 -0.93682551 -0.33752418 -0.09184425
-0.93152523 -0.35171545 -0.09250426 0.17346010 -0.20612755 -0.96302807
-0.23208845 0.40274438 0.88539934 -0.94166231 -0.32111996 -0.10076774
-0.21417530 0.34403744 0.91420305 -0.93193972 -0.35233095 -0.08573967
-0.25634685 0.48379639 0.83679587 -0.93470293 -0.34458882 -0.08711484
-0.18600366 0.24404550 0.95175862 -0.94645202 -0.30465022 -0.10684960
-0.21647337 0.32990596 0.91885865 -0.92375606 -0.37378514 -0.08342377
-0.25843078 0.46958777 0.84421617 -0.94522423 -0.30331174 -0.12063675
-0.25168240 0.43161324 0.86623675 -0.95825249 -0.23661049 -0.16052318
-0.33211702 0.75885946 0.56020588 -0.93165797 -0.35669586 -0.06914848
-0.32957876 0.76195502 0.55749667 -0.93278688 -0.35404000 -0.06755962
-0.35383457 0.85754377 0.37338969 -0.93221235 -0.35579574 -0.06625398
-0.36230120 0.89022052 0.27612549 -0.93036634 -0.36326531 -0.04956670
-0.36713305 0.90928417 0.19599913 -0.92986083 -0.36419025 -0.05219485
-0.33772933 0.81546938 0.47005174 -0.93701315 -0.33857813 -0.08585591
-0.30345383 0.65183610 0.69500041 -0.93494380 -0.34441572 -0.08519366
-0.30597341 0.66068506 0.68547469 -0.93606317 -0.34012544 -0.09000282
-0.35148808 0.87087744 0.34355292 -0.93442434 -0.34889093 -0.07159820
-0.35165638 0.87304854 0.33782259 -0.93407547 -0.35113141 -0.06488273
-0.35366526 0.87704313 0.32514024 -0.93381596 -0.35110170 -0.06866882
-0.34751466 0.87142915 0.34618595 -0.93626380 -0.34272161 -0.07714868
-0.34197575 0.86601371 0.36479157 -0.93773651 -0.33963302 -0.07279862
-0.32887864 0.87229723 0.36185130 -0.94244528 -0.32762331 -0.06678219
-0.32692504 0.92978704 0.16916306 -0.94499308 -0.31965542 -0.06934394
0.95056891 0.29366091 0.10090662 -0.28056532 0.95151383 -0.12611380
0.95467365 0.27965173 0.10194729 -0.26550961 0.95488775 -0.13301949
-0.30857307 0.87815481 -0.36555004 -0.93062305 -0.35821792 -0.07497098
-0.20000328 0.60739070 -0.76881409 -0.89486057 -0.43279859 -0.10913269
-0.28095156 0.71099752 -0.64463073 -0.92233062 -0.38569140 -0.02341707
-0.26105973 0.69574666 -0.66916698 -0.93342519 -0.35866517 -0.00875767
-0.21038605 0.59111774 -0.77866399 -0.93352038 -0.35799155 -0.01954049
-0.13700655 0.40463769 -0.90415567 -0.93987739 -0.34135541 -0.01034768
-0.15827520 0.45594537 -0.87582117 -0.93703717 -0.34901121 -0.01235449
-0.12247580 0.37059522 -0.92068392 -0.94563562 -0.32518819 -0.00510023
-0.14494677 0.43727258 -0.88757151 -0.94316673 -0.33218053 -0.00962676
-0.24047571 0.68598479 -0.68672872 -0.94350249 -0.33136499 -0.00061433
-0.31887305 0.86528891 -0.38677529 -0.93137401 -0.36170828 -0.04134738
-0.31249073 0.85393417 -0.41610813 -0.93497759 -0.35388774 -0.02409236
-0.28386876 0.78145379 -0.55565155 -0.92590833 -0.37401450 -0.05298032
-0.27249599 0.76051670 -0.58937275 -0.93442029 -0.35519895 -0.02631438
-0.25376314 0.71622944 -0.65009212 -0.93175411 -0.36144635 -0.03450841
-0.14782867 0.44801131 -0.88172138 -0.93908656 -0.34326163 -0.01696818
-0.12524925 0.39004907 -0.91223592 -0.94558120 -0.32525504 -0.00924332
-0.14986919 0.45288289 -0.87888360 -0.94108939 -0.33788303 -0.01363221
-0.25390565 0.71615881 -0.65011424 -0.93171668 -0.36155355 -0.03439642
-0.34645930 0.91338354 -0.21376735 -0.93112594 -0.36251470 -0.03984583
0.92649412 0.36577490 0.08841626 -0.36119604 0.93030775 -0.06375705
-0.36237296 0.92804736 0.08610445 -0.93191254 -0.35929036 -0.04949148
-0.36260664 0.92458832 0.11684521 -0.93190473 -0.35860455 -0.05437297
-0.36342853 0.92523295 0.10892097 -0.93154103 -0.35936254 -0.05558677
0.93431890 0.34754527 0.07912368 -0.35071498 0.93600023 0.03004410
0.92787516 0.37036678 -0.04331423 -0.37090629 0.92865753 -0.00486789
-0.37563285 0.90941542 0.17850360 -0.92651415 -0.37301099 -0.04933908
-0.33555672 0.89550501 -0.29235679 -0.92924273 -0.36560333 -0.05331160
0.93584675 0.34793413 0.05597077 -0.34849530 0.93731052 0.00028379
-0.34529278 0.93715709 0.05009453 -0.93801570 -0.34291863 -0.05033273
-0.34540769 0.93544447 0.07508119 -0.93802023 -0.34171313 -0.05788064
-0.34621501 0.93461281 0.08144958 -0.93776572 -0.34226298 -0.05874987
-0.34952530 0.93322062 0.08325490 -0.93657404 -0.34557271 -0.05838314
0.93964314 0.33846200 0.05014293 -0.33939263 0.94057912 0.01112181
-0.34493259 0.86720616 -0.35913101 -0.92218071 -0.38441324 -0.04253416
-0.35645059 0.91970152 -0.16459717 -0.92921913 -0.36733523 -0.04020761
-0.34798452 0.90431386 -0.24723123 -0.92516005 -0.37389499 -0.06543306
-0.34001371 0.89963818 -0.27393770 -0.93177974 -0.36167669 -0.03124901
-0.33484140 0.89502269 -0.29464489 -0.93318331 -0.35831362 -0.02793337
-0.15583920 0.46610355 -0.87089700 -0.94467664 -0.32793933 -0.00647151
-0.20585714 0.59132141 -0.77971911 -0.93799931 -0.34631285 -0.01499043
-0.33771598 0.88011539 -0.33368388 -0.92807096 -0.37047336 -0.03786473
-0.11798985 0.35399657 -0.92777419 -0.92836159 -0.37093666 -0.02346805
-0.35299650 0.93418998 -0.05179476 -0.93557686 -0.35299700 0.00944354
-0.25962308 0.77824497 0.57177842 -0.94431692 -0.32852381 0.01837347
-0.26330194 0.78424942 0.56180513 -0.91765505 -0.38326973 0.10494514
0.91421032 0.35082170 -0.20283911 -0.29078940 0.91653681 0.27459407
-0.31224293 0.69118065 0.65174663 -0.93767411 -0.33439144 -0.09460299
-0.31168914 0.69079274 0.65242267 -0.94092953 -0.31999260 -0.11070888
-0.30025116 0.63352454 0.71308899 -0.93919712 -0.32692993 -0.10500360
-0.28937757 0.57231879 0.76727551 -0.93048495 -0.35629189 -0.08517011
-0.26858231 0.50143236 0.82245314 -0.92756844 -0.36489165 -0.08044219
-0.19349214 0.24778852 0.94929534 -0.93542629 -0.33838513 -0.10233878
-0.93242157 -0.34671456 -0.10187802 0.18321982 -0.21057460 -0.96025455
-0.92666841 -0.36359602 -0.09530813 0.18733041 -0.22691226 -0.95572913
-0.27456972 0.48394212 0.83091003 -0.94909763 -0.27510625 -0.15339562
-0.27709550 0.48968673 0.82669520 -0.93240780 -0.34480390 -0.10828672
-0.20207819 0.22543341 0.95307100 -0.94106323 -0.31420010 -0.12521334
-0.93011498 -0.33363482 -0.15353820 0.13665508 0.07364920 -0.98787713
0.00121604 -0.48063958 0.87691742 -0.95573580 -0.25856897 -0.14039665
0.00199166 -0.44772148 0.89417082 -0.94832152 -0.28457159 -0.14037596
0.10481259 -0.74131262 0.66292536 -0.95996416 -0.24954113 -0.12727174
0.09559133 -0.69664079 0.71102315 -0.95444107 -0.26698631 -0.13326886
0.12630077 -0.77400023 0.62046105 -0.96113729 -0.25026435 -0.11654602
0.12593751 -0.76311034 0.63387889 -0.96077657 -0.25296515 -0.11365346
0.10874330 -0.70858330 0.69719774 -0.96245289 -0.25052702 -0.10450260
0.11390776 -0.70591378 0.69907856 -0.96163946 -0.25508860 -0.10089327
0.12736817 -0.73215520 0.66912347 -0.96310443 -0.25254577 -0.09300807
0.13147809 -0.73402631 0.66627246 -0.96000808 -0.26186487 -0.09905209
0.21829689 -0.93557352 0.27757645 -0.96509755 -0.24913736 -0.08072925
0.21611758 -0.93955642 0.26556921 -0.96580899 -0.24561340 -0.08298908
0.21654370 -0.94797903 0.23333371 -0.96878195 -0.23820537 -0.06870012
0.24977733 -0.96673566 -0.05507737 -0.96783143 -0.24747580 -0.04536692
0.22308108 -0.96209818 0.15684998 -0.97167110 -0.23234917 -0.04323425
0.21570423 -0.96365947 0.15758210 -0.97329682 -0.22516419 -0.04465824
-0.98156434 -0.18480222 -0.04878183 -0.18545519 0.98260987 0.00917770
0.24580875 -0.92866081 -0.27778977 -0.96833092 -0.24819063 -0.02714019
0.24899495 -0.92215306 -0.29603264 -0.96793318 -0.24743836 -0.04335475
0.25327775 -0.91262776 -0.32087526 -0.96579552 -0.25760230 -0.02966729
0.25121188 -0.96549553 -0.06863714 -0.96764737 -0.24878575 -0.04200318
-0.97311705 -0.22324242 -0.05662221 -0.22534151 0.97369325 0.03380355
0.26237077 -0.91318822 -0.31184766 -0.96389508 -0.26324594 -0.04009904
0.26726454 -0.90212321 -0.33873808 -0.96136522 -0.27367175 -0.02967845
0.27667916 -0.95811903 -0.07386915 -0.96093994 -0.27532879 -0.02808084
0.27916461 -0.93527699 -0.21754110 -0.95574093 -0.29254392 0.03126105
0.25921920 -0.92357749 -0.28250682 -0.96504766 -0.25936896 -0.03756212
0.24137303 -0.91672528 -0.31836125 -0.96901035 -0.24543434 -0.02794650
0.23686089 -0.90970254 -0.34108388 -0.96943051 -0.24444409 -0.02125216
-0.98296088 -0.16780685 -0.07502560 -0.16149640 0.98333359 -0.08351084
0.23174979 -0.89749593 -0.37522411 -0.97045839 -0.23991330 -0.02553757
0.22389826 -0.88928181 -0.39880762 -0.97162026 -0.23570843 -0.01989153
-0.98493242 -0.16424647 -0.05414084 -0.16594084 0.98572624 0.02841615
0.22622888 -0.95282340 -0.20235649 -0.97358936 -0.21462953 -0.07783290
-0.98137176 -0.17765318 -0.07313611 -0.17425984 0.98340529 -0.05047322
0.21858983 -0.96230489 0.16182646 -0.97216642 -0.22908773 -0.04910553
0.22438976 -0.96457505 0.13872355 -0.96893531 -0.23602693 -0.07386271
-0.97209883 -0.22740154 -0.05755343 -0.22856045 0.97342414 0.01433826
-0.97166365 -0.23166980 -0.04689273 -0.23087665 0.97273988 -0.02175175
0.16708651 -0.80364299 0.57117432 -0.95789039 -0.26952434 -0.09900795
0.16898610 -0.79399580 0.58396435 -0.95891064 -0.26943511 -0.08885437
0.15260834 -0.74984503 0.64377266 -0.95384681 -0.28221974 -0.10260775
0.21129146 -0.94641227 0.24425344 -0.96877038 -0.23595431 -0.07622050
0.08511611 -0.67148787 0.73611099 -0.95495534 -0.26576760 -0.13201487
0.04203269 -0.50269514 0.86344129 -0.94438487 -0.30209517 -0.12990664
0.05420986 -0.53632754 0.84226727 -0.95346594 -0.27834499 -0.11587391
0.03787735 -0.49535972 0.86786181 -0.94988638 -0.28752574 -0.12265719
-0.94796920 -0.29850554 -0.11067452 0.06450076 0.16034627 -0.98495120
-0.94241703 -0.31238979 -0.11942728 0.03228870 0.27044067 -0.96219504
-0.94770461 -0.30082479 -0.10658547 0.08364961 0.08815873 -0.99258792
-0.94134605 -0.32023087 -0.10639454 0.09407330 0.05375088 -0.99411321
-0.94137031 -0.31627470 -0.11744040 0.03460710 0.25574008 -0.96612597
0.05120799 -0.52673018 0.84848875 -0.95701128 -0.26875693 -0.10908309
-0.93307507 -0.34327570 -0.10739094 0.07011276 0.11925663 -0.99038482
-0.19597907 0.25329444 0.94733000 -0.93407935 -0.34226933 -0.10172282
-0.93544769 -0.33994296 -0.09683221 0.15930650 -0.16092679 -0.97402465
-0.94292587 -0.31667200 -0.10300341 0.17733389 -0.21570146 -0.96022171
0.06975856 -0.53486496 0.84205300 -0.95089072 -0.29082686 -0.10595574
0.04018313 -0.42836347 0.90271264 -0.95101756 -0.29353809 -0.09695899
-0.96645421 -0.23170863 -0.11080353 0.09274296 0.08747023 -0.99184060
-0.97302669 -0.20163111 -0.11208964 0.06548052 0.22450481 -0.97227049
