0.13645020 0.97928673 -0.14959593 -0.99060750 0.13353279 -0.02942391
0.13348369 0.87970388 -0.45640239 -0.98961282 0.14311570 -0.01357952
0.13955136 0.92930990 -0.34191889 -0.99010235 0.13615815 -0.03403435
0.13677765 0.85995835 -0.49169463 -0.98955053 0.14147407 -0.02783555
0.14251931 0.88041621 -0.45227817 -0.98864526 0.14861301 -0.02224240
0.15013516 0.95229894 -0.26568067 -0.98855746 0.14857000 -0.02609954
0.14555509 0.90984386 -0.38858452 -0.98917413 0.14124303 -0.03981180
0.14311050 0.89322096 -0.42623433 -0.98861593 0.14923061 -0.01920408
0.14744896 0.89178872 -0.42775205 -0.98797262 0.15316324 -0.02124198
0.15015540 0.91639006 -0.37105620 -0.98856962 0.14430909 -0.04364744
0.14946426 0.89456445 -0.42120659 -0.98873067 0.13887984 -0.05589407
0.14762978 0.87349403 -0.46391127 -0.98833483 0.14803231 -0.03578770
0.15213831 0.88990474 -0.43002743 -0.98788214 0.15043394 -0.03819025
0.15278208 0.89025241 -0.42907849 -0.98778552 0.15101533 -0.03839437
0.15417133 0.89570838 -0.41705838 -0.98776728 0.14971602 -0.04359945
0.15761647 0.93820387 -0.30810827 -0.98739052 0.14507569 -0.06334924
0.99085039 -0.10966443 0.07867187 0.10451804 0.99227673 0.06680550
0.12993632 0.94937772 -0.28600436 -0.96947289 0.06115367 -0.23745027
0.15080310 0.97707599 -0.15026982 -0.98855662 0.14962986 -0.01915002
0.15412913 0.98160392 -0.11268558 -0.98640186 0.14628191 -0.07491980
0.12344452 0.94888628 0.29047608 -0.98354715 0.15589583 -0.09127741
0.12890844 0.93975204 0.31662083 -0.98313957 0.16286816 -0.08313004
0.98291516 -0.16186705 0.08761840 0.15279776 0.98299187 0.10188220
0.98557156 -0.15797663 0.06076284 0.16056575 0.98619956 -0.04036310
0.98182571 -0.15599661 0.10808976 0.15840289 0.98727542 -0.01399208
0.14401799 0.98198080 0.12236255 -0.98660958 0.15205012 -0.05901143
0.14256248 0.96629804 0.21434575 -0.98297369 0.16358520 -0.08368200
0.13984425 0.96563971 0.21905136 -0.98217559 0.16333884 -0.09301405
0.12207028 0.91592824 0.38232750 -0.98379433 0.16263020 -0.07549956
0.12394574 0.92560363 0.35762468 -0.98311782 0.16343439 -0.08227120
0.13268991 0.95826620 0.25321788 -0.98399293 0.15802179 -0.08238364
0.15401916 0.98282194 -0.10168173 -0.98735511 0.14918269 -0.05361413
0.13030002 0.95946616 0.24989320 -0.98435205 0.15534435 -0.08318169
0.12781797 0.95678997 0.26118112 -0.98497480 0.15329409 -0.07953387
0.12490144 0.95223171 0.27866548 -0.98439240 0.15403096 -0.08512405
0.12238703 0.94937891 0.28931147 -0.98468733 0.15261543 -0.08425838
0.12058945 0.94372141 0.30797404 -0.98393399 0.15477045 -0.08899488
0.11775849 0.94472510 0.30598605 -0.98466605 0.15102050 -0.08732447
0.11142368 0.87213522 0.47640836 -0.97903222 0.17859842 -0.09797181
0.05528202 0.69997054 0.71202892 -0.96891612 0.20982864 -0.13104838
0.08962141 0.81235611 0.57623392 -0.98053288 0.17345381 -0.09202774
0.08390776 0.79603654 0.59940422 -0.97748691 0.18261699 -0.10569006
0.08391371 0.79408640 0.60198456 -0.97883236 0.17885625 -0.09948737
0.08236299 0.78598177 0.61273891 -0.97911310 0.17849469 -0.09735122
0.09367064 0.83841538 0.53692228 -0.98156738 0.16800587 -0.09110197
0.08730329 0.83789861 0.53879869 -0.98225206 0.16253746 -0.09360840
0.03945852 0.60970324 0.79164708 -0.97877026 0.18305346 -0.09219696
0.03569650 0.59282988 0.80453622 -0.98346448 0.16386499 -0.07711004
-0.00423325 0.41044107 0.91187733 -0.98461431 0.15758847 -0.07550237
-0.02972572 0.20888275 0.97748882 -0.99539161 0.08301077 -0.04800899
-0.02637068 0.23806676 0.97089076 -0.99569935 0.08003097 -0.04666847
-0.02724895 0.20891578 0.97755396 -0.99648726 0.07179128 -0.04311942
-0.00519072 0.47496149 0.87999129 -0.99757618 0.05860420 -0.03751500
-0.99083406 0.12776765 -0.04385549 0.02734346 -0.12823319 -0.99136710
-0.98391753 0.15896182 -0.08147044 0.07347778 -0.05553575 -0.99574941
-0.98080933 0.17546411 -0.08500268 0.11077768 0.14275484 -0.98353916
-0.11142518 -0.17417759 0.97838980 -0.98498410 0.15000285 -0.08547199
-0.14502612 -0.32328624 0.93512219 -0.98174500 0.16456825 -0.09536295
-0.16645014 -0.44900730 0.87788773 -0.97572023 0.20353192 -0.08090041
-0.13198829 -0.23356271 0.96334189 -0.97659767 0.19712737 -0.08601086
-0.13168393 -0.21011952 0.96876681 -0.97458851 0.20608911 -0.08777578
-0.14795938 -0.25513476 0.95551777 -0.97257984 0.21282610 -0.09377430
-0.18017885 -0.39874363 0.89918810 -0.97017962 0.22272137 -0.09563866
-0.18289497 -0.38486534 0.90467018 -0.96824282 0.23005676 -0.09787641
-0.14660607 -0.16959314 0.97454858 -0.97445226 0.19421761 -0.11279341
-0.18675508 -0.35182080 0.91724849 -0.96461618 0.24255127 -0.10336611
-0.19471695 -0.36718592 0.90953827 -0.96501988 0.23768866 -0.11063831
-0.20711738 -0.41889304 0.88409901 -0.96281964 0.24748740 -0.10829773
-0.21282858 -0.42026830 0.88208765 -0.96170503 0.24967125 -0.11308329
-0.21405976 -0.39158198 0.89489776 -0.96083403 0.24947324 -0.12066929
-0.19364575 -0.27898651 0.94056785 -0.95747483 0.26274544 -0.11919236
-0.19030569 -0.25186503 0.94886661 -0.96162885 0.24238576 -0.12852697
-0.19467680 -0.25490853 0.94716555 -0.96130836 0.24146152 -0.13259968
-0.96939903 0.16399205 -0.18268034 0.14858140 -0.20042811 -0.96837604
-0.17433533 -0.19564281 0.96505499 -0.96247691 0.24083576 -0.12504566
-0.96523821 0.21397965 -0.15009344 0.10746616 -0.19855855 -0.97417945
-0.96626598 0.20233655 -0.15934266 0.11594034 -0.21071947 -0.97064680
-0.96020430 0.21288425 -0.18079847 0.15060292 -0.15051810 -0.97706866
-0.95240504 0.24365915 -0.18318005 0.11742796 -0.26128477 -0.95809233
-0.10219056 0.35035095 0.93102705 -0.96336275 0.19844870 -0.18041719
-0.00915192 0.61987704 0.78464562 -0.97798753 0.15803449 -0.13625568
-0.00952858 0.56678569 0.82381022 -0.97260225 0.18611889 -0.13930032
0.07789717 0.82188779 0.56429821 -0.98042542 0.16581550 -0.10616617
0.10081364 0.85430264 0.50990558 -0.98264408 0.16571504 -0.08336225
0.09371889 0.81117332 0.57724744 -0.97950184 0.17896238 -0.09245892
0.09525660 0.81188351 0.57599604 -0.97873497 0.18198532 -0.09465332
0.08614653 0.77390105 0.62742013 -0.97997373 0.17930375 -0.08661185
0.07899925 0.73859495 0.66950476 -0.97369981 0.20114252 -0.10700639
0.07246464 0.70982325 0.70064253 -0.97622895 0.19435465 -0.09593389
0.06013074 0.67180455 0.73828387 -0.97352898 0.20286097 -0.10530356
-0.01148046 0.41457823 0.90994126 -0.97084868 0.21326388 -0.10941403
-0.02970555 0.32502443 0.94523895 -0.97555047 0.19658871 -0.09825600
-0.97133762 0.21419442 -0.10307314 0.09452669 -0.04979515 -0.99427623
-0.00846933 0.42182916 0.90663582 -0.97527766 0.19673392 -0.10064465
-0.00568278 0.43550268 0.90016955 -0.97597867 0.19364050 -0.09984479
-0.96739662 0.22652917 -0.11326194 0.08368283 -0.13619058 -0.98714203
-0.06874900 0.27687052 0.95844471 -0.97412854 0.18868738 -0.12438101
-0.96759671 0.21191551 -0.13728969 0.11378080 -0.11945633 -0.98629820
-0.05076965 0.36739635 0.92867780 -0.96400762 0.22496720 -0.14170088
-0.03152430 0.45488021 0.88999450 -0.97356719 0.18755591 -0.13034518
-0.96592849 0.21446210 -0.14487287 0.10179822 -0.19981739 -0.97453076
-0.16655231 -0.19130696 0.96729624 -0.96292472 0.24269083 -0.11780144
-0.96223974 0.23440027 -0.13838825 0.16722614 0.10789931 -0.97999650
-0.97189438 0.20863843 -0.10904747 0.11321491 0.00810096 -0.99353749
-0.96527898 0.23810741 -0.10743047 0.13297960 0.09392951 -0.98665786
-0.97251511 0.20836531 -0.10391467 0.12646095 0.09794567 -0.98712426
-0.97571856 0.19688886 -0.09595875 0.07957704 -0.08950866 -0.99280196
-0.05062339 0.20814218 0.97678769 -0.98098481 0.17312430 -0.08773171
-0.03989646 0.26113823 0.96447659 -0.97226781 0.21246459 -0.09774491
-0.97896051 0.18685058 -0.08199511 0.04508208 -0.19385111 -0.97999454
-0.04140921 0.26870754 0.96233130 -0.97165245 0.21354599 -0.10143781
0.10621247 0.83300930 0.54296815 -0.97967780 0.18110597 -0.08620939
0.09387173 0.83268410 0.54573381 -0.98031956 0.17292921 -0.09523161
0.11781723 0.93385035 0.33770204 -0.98364449 0.15640531 -0.08933581
0.15070778 0.98684388 -0.05853521 -0.98663902 0.14644113 -0.07140404
0.16119131 0.97068131 -0.17831205 -0.98644328 0.15282758 -0.05977856
0.15387458 0.92950565 -0.33517450 -0.98808926 0.14527337 -0.05074796
0.98437971 -0.15761533 0.07844699 0.15818594 0.98740876 -0.00107451
0.15089090 0.98522019 -0.08107507 -0.98803574 0.14765811 -0.04452510
0.15001872 0.97760028 -0.14762139 -0.98801756 0.14275920 -0.05866159
0.14419121 0.96888727 -0.20116262 -0.98891258 0.13379468 -0.06442825
0.14218350 0.95374495 -0.26486701 -0.98984009 0.13680950 -0.03872721
0.13987409 0.94518143 -0.29507181 -0.99014109 0.13576534 -0.03447364
0.12615575 0.82620484 -0.54906321 -0.99026054 0.13774593 -0.02025396
0.12746386 0.89070278 -0.43635029 -0.99103862 0.13209021 -0.01986590
0.13942698 0.95703948 -0.25423524 -0.99023235 0.13467234 -0.03610172
0.96661437 -0.23348305 0.10555762 0.22090332 0.96807814 0.11843344
0.96768242 -0.22985584 0.10371649 0.21719517 0.96868187 0.12034002
