-0.55871093 0.08899280 -0.82457411 -0.34587401 0.87864059 0.32918367
-0.64649278 0.00743842 -0.76288390 -0.44689646 0.80674589 0.38658080
-0.66098613 0.04290456 -0.74917060 -0.37654656 0.84460717 0.38059357
-0.58114064 0.05445671 -0.81197917 -0.47352105 0.78883743 0.39180782
-0.65633619 -0.03630197 -0.75359470 -0.44606650 0.82423812 0.34879240
-0.53105283 -0.03520687 -0.84660697 -0.60658532 0.71342540 0.35082555
-0.52801257 -0.04063085 -0.84826404 -0.61356127 0.70884567 0.34796605
-0.32728001 0.15670547 -0.93184292 -0.52920026 0.78659487 0.31814420
-0.57962406 -0.00991789 -0.81482363 -0.51302266 0.78133142 0.35542795
-0.44043264 -0.09766033 -0.89245820 -0.70643175 0.65116769 0.27737132
-0.42662111 -0.08145872 -0.90075463 -0.70279783 0.65672487 0.27347338
-0.30366248 -0.10705347 -0.94674641 -0.76203656 0.62374949 0.17388746
-0.29417193 -0.11078698 -0.94930983 -0.74904424 0.64364922 0.15699810
-0.19608694 0.00421524 -0.98057741 -0.67483169 0.72494203 0.13806303
0.00325322 0.03074339 -0.99952197 -0.64425164 0.76451367 0.02141809
-0.00676686 -0.04629509 -0.99890488 -0.80385780 0.59441072 -0.02210291
0.07087915 -0.05439571 -0.99600065 -0.82190645 0.56259257 -0.08921546
0.33524773 0.17854759 -0.92505658 -0.77361792 0.61255854 -0.16213366
0.29049787 0.13774571 -0.94690925 -0.73258847 0.66862720 -0.12748303
-0.00320366 -0.11012347 -0.99391276 -0.63576663 0.76740825 -0.08297800
0.16080475 -0.04206744 -0.98608935 -0.83722520 0.52327812 -0.15885252
0.28295770 0.15488751 -0.94654363 -0.68397325 0.72442919 -0.08592363
0.23712282 0.12311123 -0.96364748 -0.69770062 0.71182477 -0.08074231
0.31885850 -0.04283624 -0.94683385 -0.82918829 0.47128507 -0.30056152
0.31778115 -0.05633335 -0.94648916 -0.85665452 0.41079906 -0.31206939
0.44924164 0.12236517 -0.88499087 -0.72328591 0.63129282 -0.27986944
0.46660778 0.10776680 -0.87787449 -0.70910972 0.63880259 -0.29848734
0.53165573 0.19353890 -0.82455134 -0.75095958 0.55791956 -0.35325006
0.51756096 0.12107035 -0.84703761 -0.84963435 0.18986309 -0.49200976
0.55077595 0.22662854 -0.80329663 -0.79254085 0.44385120 -0.41818070
0.44874129 0.10188539 -0.88783479 -0.74169028 0.59666806 -0.30640301
0.56110352 0.24317637 -0.79121941 -0.79075122 0.44004539 -0.42552629
0.57821804 0.29435751 -0.76093209 -0.80656356 0.34678745 -0.47874194
0.58147961 0.31606945 -0.74965429 -0.70341146 0.65829855 -0.26805863
0.59371716 0.33638874 -0.73098743 -0.65059310 0.73525751 -0.19006610
0.55358076 0.25008956 -0.79435736 -0.70659089 0.64588463 -0.28907162
0.55061251 0.24449949 -0.79815155 -0.66778165 0.70274103 -0.24540339
0.59050465 0.30714193 -0.74630296 -0.65516526 0.72241330 -0.22108267
0.55198193 0.24812806 -0.79608327 -0.66132939 0.71177053 -0.23669848
0.52981782 0.21696088 -0.81989092 -0.67988122 0.68656492 -0.25766289
0.53008902 0.22083858 -0.81867945 -0.68361229 0.68252480 -0.25852308
0.52397662 0.21310447 -0.82464242 -0.71104068 0.64246196 -0.28576899
0.37999699 0.02950083 -0.92451721 -0.74778491 0.59809488 -0.28827125
0.59372205 0.32170832 -0.73756218 -0.64934438 0.73288971 -0.20303831
0.62458128 0.36086977 -0.69258302 -0.76532751 0.45938402 -0.45082164
0.62601155 0.35508612 -0.69427907 -0.77380639 0.39315560 -0.49664116
0.63981593 0.37690717 -0.66975862 -0.76796317 0.34696531 -0.53837508
0.63402015 0.30400252 -0.71105623 -0.76628971 0.37065127 -0.52480268
0.64924991 0.37337551 -0.66262001 -0.75117707 0.45132014 -0.48170862
0.64401728 0.37666747 -0.66585541 -0.75256997 0.46826923 -0.46299291
0.62129653 0.36167210 -0.69511443 -0.77318925 0.42692679 -0.46894777
0.67930532 0.47465289 -0.55968654 -0.65860111 0.73073339 -0.17964785
0.64812648 0.32734030 -0.68759030 -0.73667461 0.49830824 -0.45716459
0.65925562 0.34867620 -0.66618836 -0.72661936 0.52331203 -0.44516155
0.64377904 0.38108188 -0.66357011 -0.69753295 0.64881235 -0.30412227
0.61779881 0.35680747 -0.70072329 -0.77836525 0.40405142 -0.48051012
0.53784198 0.16406481 -0.82692730 -0.71343374 0.61116505 -0.34276766
0.46217600 0.13006692 -0.87719780 -0.70434099 0.65484792 -0.27400371
0.34645653 0.19946553 -0.91661412 -0.72259873 0.67983842 -0.12518325
0.03662756 -0.13723773 -0.98986071 -0.88234532 0.46060070 -0.09650848
-0.11757439 -0.16824177 -0.97870886 -0.87127143 0.49037865 0.02037074
-0.10349244 -0.13786872 -0.98502874 -0.85135466 0.52434480 0.01605845
0.10414422 0.28162903 -0.95385492 -0.51009285 0.83844769 0.19186148
0.42149636 0.38105053 -0.82288599 -0.23608708 0.92224967 0.30613464
0.28637567 0.32846060 -0.90005702 -0.45893785 0.87164664 0.17207019
0.25550252 0.29758540 -0.91987032 -0.50266266 0.85363209 0.13653761
0.38461033 0.36560842 -0.84758806 -0.40651757 0.89146805 0.20007055
0.27348572 0.30046338 -0.91374356 -0.46221089 0.87414527 0.14910150
0.38755062 0.27450657 -0.88002878 -0.56836909 0.82274932 0.00633877
0.53479522 0.31663844 -0.78341186 -0.50195640 0.86486542 0.00690027
0.56808513 0.30746627 -0.76337665 -0.43599343 0.89915985 0.03770087
0.55404675 0.29011562 -0.78029811 -0.53320074 0.84348905 -0.06498639
0.61476177 0.30421144 -0.72768366 -0.54819626 0.82813674 -0.11692087
0.67629939 0.29779729 -0.67374778 -0.43041778 0.90201324 -0.03335693
0.85043365 0.25624609 -0.45945683 -0.14932555 0.95501214 0.25623000
-0.93072951 -0.19534661 0.30916390 0.04146075 -0.89629662 -0.44151255
-0.91356444 -0.21380036 0.34596169 0.02168739 -0.87506837 -0.48351336
0.86276358 0.24116160 -0.44438729 -0.05220174 0.91670763 0.39613399
0.83682024 0.25431398 -0.48482600 -0.05306006 0.91906780 0.39051136
-0.92316139 -0.19988713 0.32835698 0.01095421 -0.86751008 -0.49729905
-0.91168350 -0.21064745 0.35279009 -0.01896777 -0.83610255 -0.54824513
-0.91184658 -0.20687521 0.35459623 0.00778080 -0.87230355 -0.48890281
0.89564598 0.22742228 -0.38222694 -0.13326314 0.95712161 0.25721425
0.89753681 0.22668426 -0.37820885 -0.12735569 0.95444870 0.26982999
0.90712053 0.22016355 -0.35869265 -0.13626623 0.95999438 0.24462701
0.91118187 0.21799228 -0.34960970 -0.14318702 0.96321505 0.22740787
0.90845007 0.21959744 -0.35566202 -0.14898974 0.96510828 0.21533245
0.86576527 0.23600091 -0.44130957 -0.17443225 0.96883011 0.17590240
0.86257905 0.23739961 -0.44676501 -0.22848830 0.97068059 0.07464774
0.74237263 0.22194740 -0.63215679 -0.29567719 0.95521438 -0.01185665
0.86672419 0.23290940 -0.44106960 -0.20763801 0.97249848 0.10551429
0.82799464 0.23084015 -0.51101643 -0.16136415 0.97087210 0.17711286
0.87207484 0.21644035 -0.43890679 -0.10451315 0.95855707 0.26503843
0.89166582 0.21698487 -0.39730301 -0.12758665 0.96251851 0.23933198
0.92369115 0.20212699 -0.32548320 -0.12295011 0.96096635 0.24784473
0.83958095 0.25092077 -0.48181179 -0.15942322 0.96168697 0.22303012
0.86308879 0.24070588 -0.44400272 -0.13720994 0.95780987 0.25253466
0.84007901 0.24685727 -0.48304120 -0.13899843 0.95868564 0.24819599
0.76142067 0.27260250 -0.58815521 -0.19484633 0.96157157 0.19342980
0.69900435 0.28420353 -0.65621752 -0.18431760 0.95823324 0.21866901
0.67110145 0.28664792 -0.68370748 -0.11827303 0.95181161 0.28295964
0.69196630 0.24908432 -0.67759848 -0.06648005 0.95659053 0.28375173
0.81907064 0.20632498 -0.53530681 -0.07786126 0.96443552 0.25259021
0.71023643 0.22345512 -0.66755676 -0.07101658 0.96618921 0.24786112
0.78428459 0.20520960 -0.58547997 -0.05474523 0.96292186 0.26416779
0.79898334 0.20347884 -0.56588155 -0.05941663 0.96312118 0.26242575
0.75831354 0.21845461 -0.61419725 -0.20937005 0.97387886 0.08788737
0.79700208 0.22497609 -0.56051177 -0.25057709 0.96756572 0.03205767
0.72626787 0.21859565 -0.65172917 -0.13549034 0.97501373 0.17604162
0.72489589 0.21341695 -0.65496498 -0.15026575 0.97689039 0.15200493
0.68618691 0.21452656 -0.69507259 -0.12338562 0.97600353 0.17942457
0.65702784 0.21746658 -0.72181904 -0.27176252 0.96143478 0.04228816
0.58306950 0.20592557 -0.78589106 -0.24256818 0.96734571 0.07350519
0.62735921 0.23760192 -0.74159676 -0.19843486 0.96965516 0.14280263
0.62526971 0.24259542 -0.74174476 -0.12991720 0.96955132 0.20758545
0.31727135 0.24357505 -0.91652066 -0.22230732 0.95862579 0.17780896
0.35375884 0.23894028 -0.90430212 -0.11560445 0.97057641 0.21122773
0.29494745 0.25047404 -0.92210025 -0.10574280 0.96765983 0.22902618
0.24472924 0.25487983 -0.93549132 -0.10685880 0.96604300 0.23524906
0.03225359 0.21753067 -0.97552043 -0.12132002 0.96966332 0.21221341
0.09335066 0.18078084 -0.97908324 -0.00824839 0.98348403 0.18080698
0.40730557 0.27259785 -0.87166083 -0.23398520 0.95370841 0.18892136
0.58447731 0.24879931 -0.77232456 -0.09842389 0.96654058 0.23687981
0.43856239 0.26773611 -0.85789305 -0.06875962 0.96179080 0.26501060
0.39941970 0.29475507 -0.86809176 -0.09923067 0.95524120 0.27868891
0.30015332 0.29411837 -0.90741521 -0.09384656 0.95576787 0.27874842
0.33719552 0.30248186 -0.89151782 -0.08379272 0.95286232 0.29160276
0.33304837 0.43732724 -0.83535844 0.04107682 0.87836641 0.47621965
0.50105947 0.37409148 -0.78038132 -0.21082424 0.92734206 0.30917615
0.53760171 0.34404823 -0.76981509 -0.49408793 0.86834610 0.04303685
0.52394158 0.33091095 -0.78484601 -0.46314287 0.88400328 0.06353672
0.57510281 0.35335988 -0.73783034 -0.22158848 0.93547314 0.27529708
0.65087986 0.32646191 -0.68540353 -0.12948135 0.93732864 0.32349604
0.73184192 0.29280403 -0.61536437 -0.07687441 0.93269712 0.35237262
0.74745506 0.28872606 -0.59828770 -0.20650443 0.95697826 0.20383470
0.71647537 0.30529064 -0.62726444 -0.28531584 0.94875455 0.13586630
0.55811608 0.31051424 -0.76947212 -0.52352047 0.85124332 -0.03620927
0.59450537 0.39994875 -0.69757038 -0.55055797 0.83474422 0.00938296
0.52850121 0.40994036 -0.74339455 -0.35702273 0.90180576 0.24347724
0.56760377 0.42431545 -0.70553696 -0.39510626 0.89221692 0.21872368
0.56607503 0.42583507 -0.70584959 -0.40732408 0.88890499 0.20960683
0.59034950 0.42653254 -0.68524265 -0.50696981 0.85655588 0.09640323
0.59479225 0.42549768 -0.68203658 -0.50649959 0.85720277 0.09306788
0.61223674 0.36482346 -0.70147711 -0.26285428 0.93063998 0.25459170
0.64162672 0.37704870 -0.66794425 -0.39846829 0.90795606 0.12976490
0.68367970 0.40593556 -0.60646397 -0.52642006 0.84986907 -0.02458619
0.65754694 0.42308086 -0.62340575 -0.53112251 0.84716702 0.01472919
0.72273529 0.41132641 -0.55539560 -0.45541167 0.88790798 0.06495898
0.66164404 0.39065522 -0.64001232 -0.47185194 0.88028628 0.04951540
0.66338885 0.38744125 -0.64015985 -0.51726788 0.85563034 -0.01818806
0.63505512 0.38347587 -0.67056036 -0.46315080 0.88376063 0.06677195
0.73414415 0.41871396 -0.53451943 -0.50559139 0.86256993 -0.01872130
0.74995601 0.42346090 -0.50817996 -0.47611502 0.87888044 0.02972609
0.74020094 0.41644409 -0.52789861 -0.52003860 0.85224771 -0.05686599
0.28496560 0.12632097 -0.95017773 -0.14741737 0.98526061 0.08677344
0.28675511 0.11518207 -0.95105445 -0.13200077 0.98802745 0.07985994
0.35081908 0.11894429 -0.92885858 -0.02236142 0.99268174 0.11867148
0.18109488 0.12347621 -0.97568351 -0.06667085 0.99134612 0.11308372
-0.25676474 -0.86976266 0.42140815 -0.02340095 -0.43030372 -0.90238082
-0.26025289 -0.86071551 0.43753541 -0.03141496 -0.44536254 -0.89479911
0.52513862 0.47674426 -0.70494282 -0.36560249 0.87440073 0.31899548
0.53001022 0.48369807 -0.69650936 -0.35675460 0.87232691 0.33432317
0.41014928 0.68708426 -0.59974390 -0.12850891 0.69457871 0.70784593
0.38756210 0.69194692 -0.60910195 -0.11415710 0.69168222 0.71312267
0.36505491 0.66438693 -0.65216941 -0.02521783 0.70731437 0.70644915
-0.35037455 -0.76288402 0.54336512 0.02862711 -0.58859205 -0.80792320
-0.21348634 -0.83865976 0.50107229 -0.27650252 -0.44005543 -0.85434049
-0.36000964 -0.78422946 0.50534856 -0.46976763 -0.31561038 -0.82444441
-0.42424774 -0.72661370 0.54041332 -0.31600860 -0.44046849 -0.84031314
-0.45535544 -0.70352829 0.54561841 -0.57830882 -0.23222251 -0.78206879
-0.37636113 -0.63377619 0.67578107 -0.77150780 -0.18945827 -0.60735607
-0.35422122 -0.66021538 0.66230130 -0.75270200 -0.21899141 -0.62087238
-0.54775786 -0.62686807 0.55407375 -0.51645827 -0.26766655 -0.81340373
-0.54092497 -0.63557833 0.55085421 -0.46264845 -0.32210591 -0.82595658
-0.58830798 -0.57782906 0.56569195 -0.53323007 -0.24870256 -0.80858690
-0.59015197 -0.57346815 0.56820327 -0.51916289 -0.26939473 -0.81110811
-0.52781975 -0.64781517 0.54931039 -0.52979374 -0.25439084 -0.80907601
-0.80331904 -0.18772565 -0.56518811 0.19670793 0.81212163 -0.54933089
-0.25546113 -0.66894037 0.69803900 -0.90064442 -0.09786463 -0.42339358
-0.29070145 -0.58116418 0.76009268 -0.90794265 -0.08308723 -0.41077572
-0.18828204 -0.81628609 0.54610157 -0.91811335 -0.05115274 -0.39300305
-0.87618238 -0.04620445 -0.47976002 0.10975355 0.95011687 -0.29194549
-0.87536031 -0.03117762 -0.48246482 0.17820767 0.90684581 -0.38193288
-0.79199779 -0.07994250 -0.60526747 0.00474536 0.99055421 -0.13703975
-0.76364607 -0.08080959 -0.64055794 0.21925367 0.90071732 -0.37501493
-0.78585064 -0.06237470 -0.61526275 0.28198147 0.84931320 -0.44626620
-0.19497907 -0.81290787 0.54878414 -0.85524559 -0.13299495 -0.50086665
-0.21875164 -0.77545696 0.59229577 -0.88036454 -0.10494512 -0.46254185
-0.17999794 -0.74047154 0.64753592 -0.83947730 -0.22748458 -0.49348626
-0.16053045 -0.75947446 0.63041937 -0.79136801 -0.28267819 -0.54206061
-0.69531471 -0.27194121 -0.66527098 0.17936578 0.83070272 -0.52703029
-0.23958291 -0.65310806 0.71836621 -0.86314785 -0.19547038 -0.46558255
-0.25630993 -0.59152913 0.76445967 -0.81941450 -0.28652942 -0.49644816
-0.18714967 -0.68174744 0.70724499 -0.91553503 -0.13990171 -0.37712494
-0.23610352 -0.65690267 0.71605456 -0.90821218 -0.11286421 -0.40300405
-0.24615796 -0.65822852 0.71143627 -0.90974998 -0.09626622 -0.40384132
-0.20935616 -0.75819862 0.61749893 -0.91209406 -0.07622798 -0.40283221
-0.24659686 -0.62465024 0.74094677 -0.92458498 -0.07746205 -0.37301794
-0.23718046 -0.61005539 0.75602770 -0.93863750 -0.05669163 -0.34021437
-0.16578434 -0.67145514 0.72226274 -0.94654763 -0.09715419 -0.30758533
-0.13684970 -0.66866821 0.73085910 -0.95119846 -0.11729269 -0.28541905
-0.06854299 -0.73521715 0.67435724 -0.95857495 -0.13878559 -0.24874224
-0.06587422 -0.75725561 0.64978808 -0.93917805 -0.17291431 -0.29672432
-0.12456613 -0.70121670 0.70198178 -0.92771590 -0.16860248 -0.33304119
-0.06771529 -0.83444738 0.54691160 -0.91069037 -0.17219864 -0.37548736
-0.15468550 -0.69684619 0.70034122 -0.91629994 -0.16386712 -0.36543402
-0.09552646 -0.80186814 0.58981538 -0.86873454 -0.22211967 -0.44267729
-0.15964124 -0.68309188 0.71267116 -0.94143373 -0.11186102 -0.31810325
-0.27834296 -0.54918760 0.78798366 -0.92111301 -0.07984724 -0.38101858
-0.25847027 -0.62750447 0.73445982 -0.92411667 -0.06088091 -0.37722924
-0.27531800 -0.55692321 0.78360480 -0.91878569 -0.08743142 -0.38495275
-0.24770278 -0.63667715 0.73026407 -0.90468669 -0.11771363 -0.40949431
-0.14192620 -0.65778500 0.73971331 -0.95279753 -0.11183506 -0.28225848
-0.22133219 -0.68611598 0.69300574 -0.87242508 -0.17822893 -0.45509219
-0.19428842 -0.81071377 0.55226380 -0.87216651 -0.11491287 -0.47552145
-0.27028492 -0.63681579 0.72208846 -0.91657007 -0.05937197 -0.39544192
-0.20855300 -0.75675350 0.61954004 -0.91263622 -0.07713062 -0.40142989
-0.65602398 -0.48236740 0.58047771 -0.45049146 -0.36681959 -0.81394160
-0.30782059 -0.50421923 0.80685157 -0.86014724 -0.21500488 -0.46251455
-0.25620127 -0.61431265 0.74631160 -0.87345237 -0.18359478 -0.45097002
-0.37645566 -0.77467299 0.50809741 -0.54117972 -0.26125684 -0.79929310
-0.42289564 -0.72958654 0.53745949 -0.39039186 -0.38855919 -0.83463520
-0.47393528 -0.62359679 0.62170130 -0.19799063 -0.61248547 -0.76528507
-0.48787656 -0.55553585 0.67331749 -0.25789681 -0.64517975 -0.71918863
0.52931464 0.44641402 -0.72148490 -0.07805527 0.87239730 0.48252505
0.38990274 0.65504456 -0.64721900 -0.12713771 0.73440689 0.66669530
0.63616502 0.41600096 -0.64979792 -0.55770117 0.82991183 -0.01469049
0.49724638 0.43719703 -0.74940300 -0.26541376 0.89899904 0.34836221
0.52899277 0.44195595 -0.72445953 -0.20503360 0.89495516 0.39625320
0.61913019 0.40888393 -0.67044151 -0.53972739 0.84170777 0.01491448
0.56127524 0.35508165 -0.74758762 -0.20847046 0.93481904 0.28749508
0.56085718 0.33822066 -0.75567591 -0.21266724 0.94097674 0.26331636
0.57736337 0.41302937 -0.70431405 -0.14826503 0.90130931 0.40701222
0.44231474 0.24254134 -0.86344159 -0.25001597 0.95791948 0.14100473
0.69706804 0.21319139 -0.68457693 -0.24042514 0.96899539 0.05695313
0.74317265 0.21008672 -0.63526219 -0.07080970 0.96879113 0.23754962
0.52751261 0.32851467 -0.78345942 -0.16792001 0.94433343 0.28290862
0.62627786 0.33296162 -0.70492035 -0.23414128 0.94279712 0.23730026
0.82939482 0.24859388 -0.50030524 -0.15111627 0.96198612 0.22747870
0.83380628 0.22977394 -0.50196719 -0.12033874 0.96305031 0.24094138
0.82093370 0.19723693 -0.53587836 -0.06880818 0.96578264 0.25005874
0.79430461 0.23120506 -0.56180465 -0.28927448 0.95712721 -0.01509303
0.90334111 0.22205229 -0.36697102 -0.14062507 0.96159917 0.23569407
0.90382886 0.22153859 -0.36607930 -0.14023687 0.96164942 0.23572032
0.75145435 0.26735088 -0.60319144 -0.14797324 0.95922589 0.24081041
0.86683941 0.24548985 -0.43396339 -0.15490000 0.95991409 0.23360434
0.90346640 0.22504708 -0.36483189 -0.17534225 0.97066087 0.16453765
0.79449600 0.26686162 -0.54549152 0.03529362 0.87645972 0.48017997
0.83607489 0.25202981 -0.48729852 -0.12101232 0.95107663 0.28426990
0.80363882 0.26532549 -0.53269798 -0.11193220 0.94652796 0.30258226
0.84362119 0.25119618 -0.47455648 -0.06294656 0.92399228 0.37719488
0.77969813 0.30111024 -0.54900223 -0.10336068 0.92664754 0.36144289
0.74704617 0.33427376 -0.57461560 -0.09765539 0.91018474 0.40252611
0.77529699 0.32159221 -0.54359281 -0.06458874 0.89652133 0.43826699
0.87091517 0.24872731 -0.42384136 -0.02871293 0.88674027 0.46137545
0.89037931 0.22811177 -0.39394140 -0.04059063 0.90172452 0.43040144
0.87162548 0.23212999 -0.43172291 -0.10439307 0.94846052 0.29920694
0.74978691 0.33969399 -0.56782711 -0.05799387 0.88859546 0.45501083
0.75380492 0.34074086 -0.56184870 -0.06624524 0.89009607 0.45093298
0.73899424 0.34908026 -0.57622093 -0.08432193 0.89649194 0.43496200
0.87267381 0.23242968 -0.42943791 -0.10197233 0.94680369 0.30522859
-0.92559135 -0.19602345 0.32381395 -0.01148464 -0.84052718 -0.54164779
0.70094889 0.30458209 -0.64490342 -0.41481486 0.90965790 -0.02124119
0.45093852 0.07790703 -0.88914847 -0.72784698 0.60869485 -0.31579956
0.49137774 0.29901883 -0.81800717 -0.59675503 0.79969245 -0.06614736
0.12766099 0.38786536 -0.91283250 -0.37466344 0.87102848 0.31770545
0.05358941 0.36408466 -0.92982286 -0.35347742 0.87778550 0.32333639
-0.11676878 -0.14718743 -0.98219198 -0.84912592 0.52773786 0.02186439
-0.60606694 0.01519996 -0.79526842 -0.43428054 0.83132148 0.34685031
