-0.61064130 0.50824016 -0.60729665 -0.79071659 -0.43335578 0.43240047
-0.60497266 0.53847945 -0.58655602 -0.77162778 -0.21471582 0.59873849
-0.59811503 0.57308435 -0.56020790 -0.78640574 -0.28506824 0.54799819
-0.59112418 0.55926061 -0.58120555 -0.75662720 -0.13483879 0.63979197
-0.61596811 0.45982596 -0.63964319 -0.78715181 -0.32707191 0.52289200
-0.67699039 0.37832510 -0.63131148 -0.72373742 -0.49807855 0.47762114
-0.71523625 0.33704334 -0.61224097 -0.67464185 -0.56168735 0.47892150
-0.73265922 0.23919623 -0.63717794 -0.64353704 -0.54818773 0.53418183
-0.76721263 0.19413918 -0.61130589 -0.59520715 -0.57062376 0.56578881
-0.77907139 0.22211668 -0.58626950 -0.60589069 -0.50700694 0.61305827
-0.81924331 0.07875226 -0.56801289 -0.51305419 -0.54312283 0.66467518
-0.83788067 0.15621552 -0.52302277 -0.53109592 -0.45460296 0.71503383
0.79984218 0.09971133 0.59187007 0.49605849 0.44533300 -0.74538881
0.80375421 0.09163213 0.58786291 0.49430498 0.44705707 -0.74552172
-0.84445387 -0.01133750 -0.53550828 -0.45945743 -0.49855003 0.73508292
-0.83104181 0.00002702 -0.55621004 -0.48057914 -0.50348431 0.71801621
0.79645622 0.06743235 0.60092461 0.60025263 0.03208906 -0.79916650
-0.81638980 -0.06598492 -0.57371926 -0.57326585 0.21269357 0.79128224
-0.81041127 -0.02147856 -0.58546764 -0.57555026 0.21585211 0.78876477
-0.80864465 0.00058115 -0.58829713 -0.58033985 0.16313308 0.79786801
0.77991736 0.06278761 0.62272519 0.60025859 0.20673914 -0.77262449
-0.80836338 0.03036169 -0.58790040 -0.58834016 -0.07579099 0.80505383
-0.80820912 -0.02790874 -0.58823401 -0.58868384 0.01150007 0.80828154
-0.81347919 -0.17018764 -0.55613661 -0.57602364 0.10373272 0.81082451
0.80189580 0.12236536 0.58479905 0.57370949 0.11554922 -0.81086737
0.78944242 0.22667186 0.57043898 0.58951265 -0.02102186 -0.80748564
-0.82396394 -0.21737471 -0.52328932 -0.56400299 0.22558694 0.79436213
-0.81059301 -0.37181652 -0.45242852 -0.56453550 0.29074791 0.77250588
-0.81139845 -0.36789709 -0.45418540 -0.56716579 0.30777231 0.76393670
-0.80483884 -0.42133731 -0.41798261 -0.57811308 0.39727470 0.71271181
-0.80600739 -0.38986140 -0.44537646 -0.58158821 0.38175005 0.71834671
-0.82432747 -0.23259342 -0.51612455 -0.56441063 0.26700944 0.78111887
-0.82426655 -0.22630702 -0.51900858 -0.56585526 0.29717681 0.76908630
-0.82207358 -0.21958235 -0.52533668 -0.56937212 0.31178728 0.76066035
-0.81956291 -0.31747466 -0.47699744 -0.56519192 0.31104562 0.76407379
-0.82128042 -0.29326501 -0.48938149 -0.56112313 0.26012248 0.78579718
-0.82263744 -0.35828438 -0.44147480 -0.56662089 0.45243695 0.68865198
0.77424532 -0.09571596 0.62560594 0.62201440 -0.06734591 -0.78010428
-0.81819600 -0.08796168 -0.56817085 -0.56800956 0.27664140 0.77513534
-0.84427291 -0.08907041 -0.52845991 -0.41048101 -0.52648473 0.74452621
0.83314568 0.18191881 0.52227765 0.37836388 0.50127977 -0.77817702
0.82039869 0.20678696 0.53309023 0.46471649 0.30206054 -0.83234489
0.81876612 0.22197314 0.52948087 0.34640360 0.54446000 -0.76391619
0.84361899 0.16563651 0.51075602 0.39530957 0.45213944 -0.79956263
0.81491703 0.27423775 0.51059180 0.36275068 0.44574365 -0.81836700
0.81379205 0.29061785 0.50327313 0.34817362 0.44956255 -0.82259876
0.79768729 0.31472611 0.51443416 0.44649619 0.26519248 -0.85458416
0.78623796 0.34730175 0.51108855 0.38048503 0.37961289 -0.84328240
0.83680415 0.20536187 0.50752872 0.50964719 0.04652929 -0.85912442
0.79521453 0.34750909 0.49686140 0.45413283 0.20159604 -0.86782634
0.75488180 0.43695241 0.48910746 0.54196006 0.00440907 -0.84039271
0.74183232 0.45212042 0.49524948 0.52673405 0.06420021 -0.84760225
0.76020271 0.40745983 0.50603211 0.54947221 0.01236774 -0.83542049
0.83947009 0.26133373 0.47643965 0.33547354 0.44050348 -0.83271497
0.85828912 0.20960948 0.46840540 0.39734235 0.30617425 -0.86508757
0.68730927 0.52598250 0.50094759 0.61241490 -0.04877630 -0.78903037
0.59116906 0.69782495 0.40442485 0.61910176 -0.07122662 -0.78207397
0.66489172 0.56232285 0.49164227 0.62655354 -0.06155133 -0.77694410
-0.72385848 -0.50736499 -0.46755728 -0.59955889 0.12723453 0.79015219
0.67913580 0.52719802 0.51072186 0.61099488 -0.02044445 -0.79137051
0.68060619 0.52231312 0.51377451 0.62122607 -0.03966296 -0.78262699
0.67800558 0.52650642 0.51293218 0.49445695 0.18965533 -0.84825891
0.72552055 0.45006433 0.52063632 0.37579504 0.37468615 -0.84757799
0.73105288 0.40243196 0.55100840 0.39418879 0.41005543 -0.82247788
0.72234130 0.41984838 0.54950011 0.31165501 0.51169670 -0.80064833
0.69895750 0.49764395 0.51362342 0.29667115 0.45172098 -0.84138840
0.71743143 0.47993091 0.50493431 0.29426548 0.44820097 -0.84411126
0.71785700 0.48072398 0.50357306 0.29227105 0.44840237 -0.84469700
0.69571197 0.51021856 0.50563020 0.32121250 0.40863329 -0.85430753
0.71362150 0.47844961 0.51169372 0.40285289 0.31729230 -0.85850751
0.68020046 0.53070158 0.50565124 0.36002046 0.35901564 -0.86109996
0.69085717 0.51314867 0.50930822 0.36175367 0.36457729 -0.85803133
0.72321856 0.47595644 0.50042033 0.34146887 0.38338876 -0.85814458
0.77431333 0.39842588 0.49162558 0.31777459 0.42702052 -0.84656531
0.80092359 0.35265934 0.48389345 0.35093197 0.37832582 -0.85657245
0.78123003 0.38709193 0.48973417 0.34953833 0.37874848 -0.85695541
0.76733553 0.41669419 0.48740354 0.30573356 0.43039757 -0.84928489
0.80716342 0.31787100 0.49743867 0.35851061 0.40550235 -0.84085554
0.75241166 0.42890117 0.49992049 0.37911344 0.33867016 -0.86114782
0.74872720 0.44508743 0.49122778 0.25725543 0.48786670 -0.83414972
0.77752256 0.38835314 0.49461162 0.34738865 0.39037588 -0.85260063
0.67456430 0.53388917 0.50982893 0.39294067 0.32498008 -0.86022419
0.74059534 0.36721778 0.56273419 0.27487555 0.59862339 -0.75239187
0.69853872 0.38998282 0.59996420 0.41043922 0.46844414 -0.78236812
0.60705698 0.50215608 0.61589050 0.28331199 0.58734441 -0.75812995
0.73001719 0.18380496 0.65824831 0.46285361 0.57567471 -0.67406625
0.71156955 0.17946847 0.67930835 0.48183167 0.57903421 -0.65769118
0.70193654 0.10730233 0.70411038 0.54074788 0.56311572 -0.62489390
0.68480492 0.06004715 0.72624838 0.56324995 0.58872676 -0.57978469
-0.72777075 0.00620750 -0.68579245 -0.57399923 -0.55276620 0.60413116
0.66707468 -0.00192373 0.74498838 0.74215370 0.08890503 -0.66430700
0.64079452 -0.05382079 0.76582354 0.62960392 0.60764855 -0.48410970
0.60925388 -0.07419775 0.78949636 0.65639389 0.60580778 -0.44960436
-0.62324697 0.08745778 -0.77711934 -0.65824646 -0.59519541 0.46092749
0.52481472 -0.15953770 0.83613235 0.72952646 0.59042013 -0.34524673
0.52096146 -0.16517399 0.83744663 0.72099733 0.61031467 -0.32814473
0.61432254 -0.06042662 0.78673786 0.64789414 0.60773528 -0.45922872
0.69597757 0.07648794 0.71397829 0.55651027 0.57089102 -0.60363877
-0.53975749 0.19876614 -0.81801832 -0.72217149 -0.60867023 0.32861674
-0.48033905 0.25168326 -0.84019637 -0.76940453 -0.58079219 0.26588941
-0.53945953 0.19510263 -0.81909609 -0.74063635 -0.57270992 0.35137039
0.61095601 -0.46453795 0.64104390 0.62480962 0.78019649 -0.03010765
-0.52527559 0.30131105 -0.79579967 -0.74980068 -0.60608995 0.26543158
-0.51078284 0.28183717 -0.81219995 -0.76417637 -0.58166897 0.27873945
0.37354320 -0.25302619 0.89243674 0.81999159 0.53986520 -0.19015607
-0.42923233 0.30440366 -0.85035175 -0.79412544 -0.57570064 0.19476525
0.55544758 -0.12245128 0.82248628 0.70779431 0.58878314 -0.39033523
-0.62719232 0.09337431 -0.77324706 -0.64638889 -0.61627281 0.44987690
0.71390498 0.11682513 0.69042861 0.34581774 0.79853767 -0.49269435
0.71439910 0.17846350 0.67659789 0.48896086 0.56436473 -0.66513896
0.71357685 0.20061921 0.67123771 0.49225512 0.53816533 -0.68415135
0.71225822 0.34908879 0.60895425 0.43458313 0.46196067 -0.77312988
0.69724882 0.39723033 0.59670115 0.37501213 0.50728166 -0.77590674
0.72735292 0.37455624 0.57503510 0.42375028 0.41397509 -0.80564284
0.71137941 0.47457162 0.51838332 0.36224642 0.38447416 -0.84909201
0.67189103 0.53813744 0.50889146 0.46379760 0.22999525 -0.85556650
0.65153104 0.56992316 0.50069451 0.48353103 0.19658777 -0.85296601
0.66522449 0.56038088 0.49340627 0.60686409 -0.02083124 -0.79453266
-0.73608422 -0.49148613 -0.46542603 -0.60102034 0.15826103 0.78340799
-0.74372733 -0.48201391 -0.46317631 -0.60425752 0.18840669 0.77419370
-0.74777025 -0.48007721 -0.45865619 -0.59752584 0.18539488 0.78012288
0.66822469 0.55751145 0.49260199 0.60296655 -0.01800105 -0.79756343
0.71962112 0.45243853 0.52673036 0.51933134 0.15283884 -0.84079444
0.82634997 0.28953221 0.48302883 0.34656775 0.41461286 -0.84141964
0.75590223 0.42920765 0.49436080 0.29923919 0.44510925 -0.84399861
0.79732579 0.35037771 0.49143368 0.38034597 0.34052128 -0.85987341
0.82784033 0.23724186 0.50832731 0.46423650 0.21894988 -0.85822225
0.82860398 0.23656580 0.50739741 0.46346462 0.21853089 -0.85874605
0.71203548 0.50199586 0.49092332 0.45812377 0.19770172 -0.86662370
0.87535703 0.21052159 0.43523651 0.29690945 0.47639686 -0.82758129
-0.87912291 -0.10388709 -0.46513486 -0.41033340 -0.33144066 0.84957260
0.85916787 0.11090501 0.49953055 0.44097573 0.33471641 -0.83276969
0.85638094 0.12331472 0.50140321 0.43786645 0.34120297 -0.83177733
0.85789639 0.12350260 0.49875942 0.42476699 0.37571222 -0.82365853
0.85643953 0.12583633 0.50067610 0.42319354 0.38431764 -0.82049203
0.84378612 0.16084230 0.51201046 0.43642482 0.34959817 -0.82904428
0.85184240 0.13882338 0.50506705 0.44291452 0.32385105 -0.83603066
-0.89446974 0.01344504 -0.44692641 -0.41687092 -0.38652411 0.82268935
0.82695115 0.23973177 0.50860643 0.46509689 0.21666896 -0.85833532
0.81860220 0.26178491 0.51123303 0.43145165 0.30726862 -0.84819549
0.78270876 0.37933996 0.49342501 0.34777853 0.39090705 -0.85219818
0.77595431 0.34836841 0.52586538 0.44091573 0.29663292 -0.84711415
-0.82647812 -0.22653115 -0.51538104 -0.55254406 0.15104492 0.81968319
0.84409392 0.16125736 0.51137221 0.39421850 0.45981586 -0.79571426
-0.85802615 -0.05610359 -0.51053274 -0.42525786 -0.47979191 0.76743442
-0.86440575 -0.02936942 -0.50193650 -0.45801145 -0.36585975 0.81016803
-0.86140281 -0.04105923 -0.50626028 -0.46487275 -0.33785087 0.81838268
-0.86546850 -0.03250680 -0.49990761 -0.45929575 -0.34695938 0.81772035
-0.88911617 0.12697817 -0.43971473 -0.44565997 -0.45894772 0.76860541
-0.85394979 -0.01987000 -0.51997590 -0.46666294 -0.41283727 0.78217065
-0.85836148 0.00309455 -0.51303607 -0.46507972 -0.42687452 0.77555072
-0.82748222 0.19187689 -0.52768987 -0.54985225 -0.46727690 0.69232571
-0.83756483 0.32642138 -0.43810311 -0.54470116 -0.43689477 0.71583772
-0.79186851 0.22576892 -0.56742638 -0.59870565 -0.47018677 0.64844120
-0.77727056 0.28168103 -0.56258893 -0.62294608 -0.46997529 0.62534910
-0.77174836 0.28148103 -0.57023942 -0.63087207 -0.45173255 0.63082343
-0.77680117 0.35891324 -0.51745659 -0.61899137 -0.58637214 0.52251065
-0.82880336 0.21261661 -0.51757050 -0.54593873 -0.50998598 0.66472942
-0.81265354 0.03279381 -0.58182377 -0.51780397 -0.49867505 0.69512761
-0.73236126 0.23488402 -0.63912177 -0.62808883 -0.59552091 0.50085860
-0.71068752 0.32777119 -0.62248647 -0.69143939 -0.48862752 0.53212297
-0.73541963 0.27461755 -0.61947012 -0.65839916 -0.50574636 0.55743271
-0.71555126 0.33363652 -0.61373711 -0.68259746 -0.52068776 0.51278156
-0.70994955 0.31931308 -0.62770289 -0.69259793 -0.47805014 0.54016322
-0.68467945 0.35989207 -0.63379163 -0.71484184 -0.50122446 0.48762199
-0.66405320 0.38644522 -0.64007300 -0.73432225 -0.49821314 0.46103641
-0.64203489 0.40011451 -0.65398741 -0.75357580 -0.48635411 0.44224787
-0.67535371 0.43425351 -0.59608829 -0.73577458 -0.45189703 0.50440550
-0.60611463 0.49837467 -0.61987734 -0.73477340 -0.05246201 0.67628086
0.65334195 -0.31613958 0.68789542 0.71875674 -0.02634840 -0.69476229
0.64317411 -0.36687618 0.67210782 0.71712500 -0.01910640 -0.69668269
0.66478127 -0.33733958 0.66653425 0.69382435 -0.05190875 -0.71827108
0.66192639 -0.35489658 0.66022873 0.70302051 -0.01162049 -0.71107459
-0.75014448 0.16332433 -0.64078742 -0.65445793 -0.04459211 0.75478232
0.70141989 -0.23320809 0.67351621 0.66843390 -0.11276738 -0.73517323
-0.79111141 0.00583482 -0.61164433 -0.58578628 0.28059390 0.76034302
0.74312586 -0.08341089 0.66393274 0.66453034 -0.02441715 -0.74686229
0.73543113 -0.13174345 0.66466892 0.65687591 -0.10212536 -0.74705058
-0.57697308 0.56739187 -0.58751053 -0.72051728 -0.01482323 0.69327861
-0.57191175 0.57925504 -0.58084476 -0.72358799 -0.02266154 0.68986011
-0.62630355 0.48956457 -0.60668808 -0.77768689 -0.44654709 0.44249168
-0.59944141 0.41588503 -0.68389302 -0.79285270 -0.42571715 0.43606138
-0.59394878 0.43645489 -0.67581946 -0.79801667 -0.42608440 0.42617071
-0.58406955 0.38919950 -0.71231079 -0.80771935 -0.36552003 0.46258476
