-0.33588254 -0.12448757 -0.93364114 0.80680376 -0.54953390 -0.21697965
-0.24737597 -0.00647704 -0.96889794 0.70300722 -0.68934560 -0.17488135
-0.21106149 -0.10397921 -0.97192663 0.67694640 -0.73282814 -0.06860439
-0.34272873 -0.21515253 -0.91446513 0.64078355 -0.76536691 -0.06008354
-0.30937994 -0.24862345 -0.91786194 0.66018856 -0.75085604 -0.01914087
0.44341278 0.40193573 0.80114472 -0.69711941 0.71646947 0.02638349
0.44606489 0.51943892 0.72884113 -0.70922303 0.70187283 -0.06616059
0.59678519 0.55484807 0.57964742 -0.71674824 0.69336945 0.07423488
0.47809806 0.41874725 0.77205765 -0.84472758 0.45996088 0.27362627
0.45537424 0.56917822 0.68459511 -0.67584759 0.72154492 -0.15034309
0.31907836 0.56097984 0.76386559 -0.72344398 0.66483837 -0.18606117
0.27344364 0.60209543 0.75013977 -0.74365366 0.62696517 -0.23215067
0.29473743 0.62181520 0.72558653 -0.74724871 0.62325776 -0.23058446
0.14571577 0.51481438 0.84482729 -0.85596859 0.49378935 -0.15326414
0.15691820 0.53671885 0.82904130 -0.85511738 0.49382108 -0.15784453
0.19820572 0.61360341 0.76433337 -0.89015204 0.43911475 -0.12168653
0.11854700 0.47838962 0.87010920 -0.94653922 0.31921327 -0.04654463
0.15521260 0.58962727 0.79262143 -0.94644082 0.31870356 -0.05174825
0.10529561 0.45019078 0.88670236 -0.97831243 0.20683396 0.01116188
0.09003264 0.36523232 0.92655247 -0.98411953 0.17552765 0.02643618
0.15713356 0.69043905 0.70611823 -0.96897745 0.24590051 -0.02481235
0.10699132 0.50767630 0.85487872 -0.98351282 0.18011788 0.01612598
0.08790344 0.32225668 0.94256228 -0.97995627 0.19779012 0.02376749
0.10157781 0.31701812 0.94296420 -0.97874987 0.20156887 0.03766663
0.10089683 0.17722148 0.97898543 -0.98058575 0.18401507 0.06775033
-0.07782984 -0.05209110 -0.99560487 0.98121130 -0.18083942 -0.06724294
-0.07527632 -0.03999710 -0.99636024 0.97970599 -0.18911320 -0.06642645
-0.07266516 -0.01584041 -0.99723059 0.98255926 -0.17273313 -0.06885235
-0.07823506 0.03126756 -0.99644452 0.98309970 -0.16351995 -0.08231840
-0.08020162 0.03416317 -0.99619305 0.98094422 -0.17472623 -0.08496597
-0.10328583 0.02234560 -0.99440068 0.97619951 -0.18939987 -0.10565142
0.15189016 -0.22218294 0.96310133 -0.97216165 0.14230482 0.18614811
-0.15091310 0.11413991 -0.98193550 0.97277796 -0.15956527 -0.16805351
-0.14279713 0.14336990 -0.97931308 0.96807492 -0.18571556 -0.16834691
-0.15672539 0.11159677 -0.98131716 0.96675807 -0.18591306 -0.17554247
-0.19708619 0.09875067 -0.97540015 0.95337093 -0.21264498 -0.21416348
-0.25061071 0.04382660 -0.96709543 0.92958879 -0.26802367 -0.25303757
-0.24251199 0.05760812 -0.96843654 0.93122232 -0.26610672 -0.24902251
-0.30956912 0.00944929 -0.95082998 0.85173661 -0.44180489 -0.28169712
-0.24888757 0.07473703 -0.96564454 0.85610896 -0.44926023 -0.25542653
-0.29161584 0.05031627 -0.95521128 0.72034401 -0.64547068 -0.25391385
-0.21181180 0.11963078 -0.96996099 0.74496281 -0.62264216 -0.23947263
-0.21403413 0.10896941 -0.97072917 0.81547940 -0.52714586 -0.23897830
-0.22851439 0.08844098 -0.96951497 0.82374829 -0.51319718 -0.24097207
-0.18797775 0.16602826 -0.96803874 0.73688740 -0.62778556 -0.25076330
-0.24689198 0.11290631 -0.96244299 0.63385487 -0.73243690 -0.24852425
-0.22205020 0.13270879 -0.96596175 0.55414069 -0.79796833 -0.23701191
-0.21847394 0.13533774 -0.96641237 0.50365818 -0.83259678 -0.23045853
-0.23438807 0.11605010 -0.96519154 0.55092043 -0.80217105 -0.23023535
-0.36429936 0.07228409 -0.92847240 0.51966876 -0.81154937 -0.26708075
-0.36295033 0.08100611 -0.92828071 0.49197084 -0.82938612 -0.26473278
-0.46059719 -0.00343341 -0.88760263 0.56773794 -0.76982021 -0.29163432
0.51648468 -0.08355647 0.85221004 -0.29494879 0.91696614 0.26866028
0.53851426 -0.08351059 0.83846790 -0.19567214 0.95548064 0.22083730
0.52756226 -0.08348758 0.84540397 -0.07657787 0.98643404 0.14520229
0.58332425 -0.07027233 0.80919385 -0.19763543 0.95402902 0.22531976
0.62892807 -0.04891365 0.77592337 -0.15065907 0.97143322 0.18335584
0.63470513 -0.04942128 0.77117246 -0.18661267 0.95861405 0.21502316
0.64078313 -0.04423071 0.76644677 -0.21105415 0.94972414 0.23125793
0.65293151 -0.03939882 0.75639164 -0.19066465 0.95793760 0.21448225
-0.51594615 0.03415718 -0.85593981 0.53486496 -0.76764661 -0.35304132
-0.50300443 0.01016597 -0.86422414 0.58094943 -0.73636478 -0.34679201
-0.51274633 0.00179428 -0.85853833 0.57156974 -0.74546343 -0.34291753
-0.47815847 -0.03670156 -0.87750643 0.69013315 -0.63366222 -0.34955478
-0.39310509 0.06380024 -0.91727746 0.77132958 -0.52014899 -0.36673659
-0.35046488 0.04626517 -0.93543249 0.80151582 -0.50186974 -0.32511404
-0.31219983 0.03005376 -0.94954097 0.86921608 -0.39433235 -0.29827076
-0.32543597 0.01149413 -0.94549423 0.85770929 -0.41732284 -0.30029398
-0.32247898 0.01720219 -0.94642031 0.86298949 -0.40545619 -0.30142075
-0.42797932 -0.00530039 -0.90377301 0.62202001 -0.72720164 -0.29029107
-0.27702239 0.03862015 -0.96008706 0.84493297 -0.46600467 -0.26254129
-0.23510703 0.09800311 -0.96701610 0.88596129 -0.38757068 -0.25467923
-0.20081533 0.11814809 -0.97247839 0.89756072 -0.37554914 -0.23097105
-0.17913271 0.10290018 -0.97842884 0.92589569 -0.31859034 -0.20302059
-0.22424249 0.11912179 -0.96722561 0.86556721 -0.43169251 -0.25384042
-0.22002895 0.13721658 -0.96579444 0.83169621 -0.49099636 -0.25923744
-0.21872145 0.08922120 -0.97169983 0.85573620 -0.46099386 -0.23494729
-0.16300474 0.12755501 -0.97834516 0.84479463 -0.49418753 -0.20518488
-0.17313251 -0.01551540 -0.98477638 0.83778447 -0.52801931 -0.13897094
-0.13049547 -0.07232748 -0.98880720 0.83428937 -0.54685181 -0.07010321
-0.17697461 -0.16304541 -0.97061640 0.88115942 -0.46557400 -0.08245599
-0.10922900 -0.16006489 -0.98104453 0.93385285 -0.35467312 -0.04610709
-0.09222826 -0.13405649 -0.98667258 0.94373524 -0.32780513 -0.04367672
0.13234068 0.38408509 0.91376400 -0.91548371 0.40075389 -0.03586030
0.13592310 0.40303218 0.90503591 -0.91467386 0.40203938 -0.04166631
-0.08020646 -0.35952970 -0.92968023 0.91461986 -0.39734399 0.07475532
-0.06345987 -0.33283126 -0.94084871 0.87016499 -0.48006490 0.11113374
0.16439535 0.53697246 0.82742661 -0.84822899 0.50511342 -0.15927345
-0.22866689 -0.52417052 -0.82033950 0.77457488 -0.60840726 0.17284244
-0.12840153 -0.42150837 -0.89768809 0.82245827 -0.55104685 0.14110246
-0.14525142 -0.43260965 -0.88980389 0.79542029 -0.58589923 0.15501134
-0.09140603 -0.36991322 -0.92455894 0.75278467 -0.63345629 0.17902027
-0.27345598 -0.27720889 -0.92107391 0.64341754 -0.76451790 0.03906831
0.24977295 0.56343669 0.78749758 -0.82032418 0.55522990 -0.13706976
-0.17172715 -0.44313824 -0.87985134 0.80549091 -0.57735825 0.13357352
0.13404855 0.40035680 0.90650177 -0.90957326 0.41278481 -0.04780380
-0.09675164 -0.13198490 -0.98651874 0.94324374 -0.32853296 -0.04855354
0.11478375 0.20093769 0.97285599 -0.96849215 0.24052244 0.06459036
-0.11458926 -0.16367747 -0.97983623 0.93364590 -0.35469940 -0.04993640
-0.11713489 -0.00061909 -0.99311584 0.94075596 -0.32048491 -0.11075941
-0.12910996 -0.05001169 -0.99036843 0.95115298 -0.28867880 -0.10941990
-0.10746215 0.08583990 -0.99049658 0.93707752 -0.32411325 -0.12975530
-0.15832864 0.11721731 -0.98040408 0.93196708 -0.31023291 -0.18759792
-0.09730370 -0.01042011 -0.99520016 0.83694249 -0.54196638 -0.07615579
-0.14338471 -0.07801932 -0.98658699 0.79316211 -0.60526848 -0.06740884
-0.13136919 -0.01190493 -0.99126202 0.66841233 -0.73950839 -0.07970142
-0.16699092 0.23318924 -0.95798582 0.70452219 -0.65150946 -0.28139642
-0.16924778 0.23363596 -0.95748079 0.70384640 -0.65138865 -0.28336051
-0.20132367 0.28141645 -0.93822896 0.66414332 -0.66483229 -0.34192348
-0.26681912 0.29487035 -0.91752881 0.61771309 -0.67844737 -0.39766783
-0.24651124 0.26794913 -0.93136221 0.74248499 -0.56541997 -0.35918853
-0.18027771 0.33019078 -0.92653883 0.81562155 -0.47632527 -0.32844454
-0.19946577 0.17438114 -0.96426386 0.75349832 -0.60180891 -0.26470065
-0.33385518 0.17036051 -0.92710203 0.69219863 -0.62330568 -0.36380112
-0.33747855 0.18336029 -0.92330241 0.69189882 -0.61673987 -0.37537709
-0.31579003 0.22155468 -0.92259973 0.63819456 -0.66994113 -0.37932381
-0.37703168 0.13372961 -0.91649526 0.68459970 -0.62624711 -0.37301186
-0.36017904 0.14791167 -0.92108262 0.74210286 -0.55286777 -0.37897301
-0.39335746 0.11185577 -0.91255587 0.73161668 -0.56302112 -0.38437533
-0.39569777 0.10993111 -0.91177762 0.73295313 -0.56040019 -0.38565695
-0.44311053 0.08302574 -0.89261401 0.61424017 -0.69712585 -0.36976302
-0.52611375 0.04659772 -0.84913659 0.47324371 -0.81356633 -0.33786127
-0.56791323 0.07536100 -0.81963128 0.35604805 -0.87531775 -0.32718286
-0.48112684 0.14514945 -0.86455119 0.42014897 -0.82737672 -0.37272310
-0.43086588 0.14044861 -0.89141953 0.74236757 -0.50646269 -0.43861818
-0.42367142 0.21486089 -0.87996447 0.45202512 -0.79170567 -0.41094461
-0.28063864 0.30558953 -0.90986651 0.60930741 -0.67573166 -0.41488695
-0.21499090 0.13208990 -0.96764213 0.76351708 -0.59506834 -0.25086936
-0.14261141 0.02525549 -0.98945653 0.77134401 -0.62359935 -0.12709174
-0.20214044 0.13250326 -0.97035158 0.82866490 -0.50493211 -0.24157414
-0.33004847 0.16754790 -0.92897564 0.76629734 -0.52712637 -0.36732307
-0.37556487 0.09564786 -0.92184740 0.74621040 -0.55869669 -0.36197808
-0.10644276 0.03978657 -0.99352252 0.89774060 -0.42572406 -0.11322955
-0.19308037 0.14243755 -0.97078913 0.93455881 -0.27467182 -0.22617531
-0.22705607 0.11228588 -0.96738696 0.92073500 -0.29890794 -0.25080097
-0.23491380 0.09707445 -0.96715671 0.89669627 -0.36239690 -0.25417373
-0.39153746 0.06640192 -0.91776317 0.77929372 -0.50642234 -0.36910409
-0.51706600 0.03262125 -0.85532361 0.53469181 -0.76800382 -0.35252646
0.63873351 -0.05994842 0.76708913 -0.17587554 0.95919049 0.22140786
0.62045068 -0.03901890 0.78327423 -0.27687871 0.92354685 0.26532897
-0.43521553 0.00232403 -0.90032333 0.61117339 -0.73352540 -0.29733422
0.39161143 -0.12928176 0.91100317 -0.25734535 0.93517935 0.24333723
-0.29333365 0.08122499 -0.95255339 0.67978984 -0.68285763 -0.26756543
-0.28003067 0.07112363 -0.95735276 0.84706229 -0.45096657 -0.28127337
-0.23980381 0.11647227 -0.96380931 0.87088782 -0.41290271 -0.26658171
-0.21050216 0.11185770 -0.97117287 0.87700540 -0.41730508 -0.23815565
-0.18975133 0.10121238 -0.97660154 0.88143754 -0.42060292 -0.21485136
-0.18732820 0.09040877 -0.97812802 0.85457623 -0.47599962 -0.20766278
-0.17000695 0.09955340 -0.98040134 0.86373591 -0.46389413 -0.19688196
-0.14623493 0.15575810 -0.97691083 0.87166065 -0.44668257 -0.20169869
-0.15974964 0.11875045 -0.97998899 0.90659100 -0.37516516 -0.19324562
-0.12636985 0.19599676 -0.97242790 0.90471679 -0.37927040 -0.19401406
-0.12630245 0.18771388 -0.97406948 0.92440623 -0.33396912 -0.18422242
-0.10917909 0.22730121 -0.96768492 0.93680865 -0.30198038 -0.17662819
-0.11054654 0.21981439 -0.96925801 0.94224423 -0.28704950 -0.17256443
-0.10925919 0.20356311 -0.97294635 0.94566017 -0.28027853 -0.16483583
-0.11587672 0.15383476 -0.98127848 0.96042150 -0.23459187 -0.15019068
-0.12045140 0.15631297 -0.98033553 0.96202785 -0.22527523 -0.15412176
-0.15030795 0.10945252 -0.98256177 0.94362676 -0.28058937 -0.17560810
-0.15088993 0.11483280 -0.98185825 0.94241238 -0.28318459 -0.17794770
-0.17918797 0.07476906 -0.98096955 0.91550881 -0.35238212 -0.19408904
-0.18947236 0.07109077 -0.97930914 0.92756140 -0.31419307 -0.20226860
-0.23391439 0.05523804 -0.97068679 0.82003647 -0.52515328 -0.22749542
-0.22697064 0.07467814 -0.97103429 0.86534292 -0.44199950 -0.23625852
-0.14733061 0.10064106 -0.98395383 0.96527833 -0.20232931 -0.16522901
-0.14225569 0.12662517 -0.98169720 0.96030980 -0.22275236 -0.16788842
-0.12285340 0.13301574 -0.98347032 0.98046553 -0.13711303 -0.14102277
-0.09405588 0.11163350 -0.98928839 0.97933286 -0.16834354 -0.11210562
-0.09902225 0.14892340 -0.98387825 0.97299802 -0.19267282 -0.12709089
-0.10144479 0.15094529 -0.98332322 0.97215676 -0.19483095 -0.13020039
-0.10288291 0.15166976 -0.98306227 0.96849650 -0.21005072 -0.13376579
-0.09609842 0.18926932 -0.97721148 0.97087908 -0.19862585 -0.13394614
-0.08932573 0.21824734 -0.97179681 0.96294725 -0.23035571 -0.14024588
0.07657513 -0.23915784 0.96795654 -0.97539413 0.18332997 0.12245977
-0.06643293 0.20293541 -0.97693598 0.97472537 -0.19610569 -0.10701893
0.05773591 -0.21716094 0.97442687 -0.98011357 0.17328657 0.09669153
-0.04128855 0.16704690 -0.98508406 0.98488337 -0.15919533 -0.06827588
-0.03199126 0.17578860 -0.98390806 0.98525280 -0.16000584 -0.06062222
-0.04514312 -0.01219752 -0.99890614 0.99053365 -0.13030435 -0.04317361
-0.01162548 0.06794656 -0.99762124 0.99334323 -0.11356238 -0.01931019
-0.00784856 0.09887132 -0.99506932 0.99366993 -0.11074772 -0.01884156
0.03927793 0.23071957 0.97222722 -0.99312961 0.11634909 0.01251154
0.04663161 0.37945065 0.92403615 -0.99531215 0.09611455 0.01075962
0.04841086 0.26397863 0.96331292 -0.99162275 0.12833272 0.01466628
0.06686610 0.26181680 0.96279848 -0.99041677 0.13428925 0.03226648
0.08983175 0.62123585 0.77845764 -0.98269957 0.18239404 -0.03215602
0.07645516 0.34191343 0.93661618 -0.98347491 -0.12875068 0.12728089
0.09337817 0.68343610 0.72401357 -0.98811483 0.15279782 -0.01679415
0.09363680 0.68089628 0.72636932 -0.98790306 0.15412441 -0.01712442
0.08483210 0.65435654 0.75141275 -0.99091399 0.13439786 -0.00516735
0.08526546 0.66661841 0.74050635 -0.99407327 0.10722231 0.01793872
0.06152954 0.49194849 0.86844736 -0.99218053 0.12481024 -0.00040508
0.06289413 0.50002110 0.86372638 -0.99015862 0.13967553 -0.00875920
0.06376422 0.56438714 0.82304400 -0.99499428 0.09954206 0.00882671
0.06335702 0.55594265 0.82880259 -0.99649411 0.08070801 0.02203886
0.02996756 0.50954884 0.85991973 -0.99845272 0.05557638 0.00186333
0.03258825 0.55011719 0.83445138 -0.99867177 0.05125964 0.00520840
0.03705502 0.46865669 0.88260293 -0.99881786 0.04517618 0.01794588
0.02306578 0.21391778 0.97657931 -0.99794436 0.06334937 0.00969385
0.02194950 0.25254381 0.96733648 -0.99932402 0.03408195 0.01377750
0.01549189 -0.11044139 0.99376190 -0.99923301 0.03403869 0.01936006
0.02120413 0.11714866 0.99288797 -0.99848038 0.05300852 0.01506920
-0.00281643 -0.22387117 0.97461474 -0.99755341 0.06870811 0.01289969
-0.00628930 -0.18297952 0.98309666 -0.99967557 0.02541597 -0.00166480
-0.01209340 -0.24322487 0.96989459 -0.99972880 -0.01636522 -0.01656938
-0.01300199 -0.25072256 0.96797168 -0.99965525 -0.01882577 -0.01830380
0.02244895 0.03395461 0.99917126 -0.99854106 -0.04833326 0.02407729
0.02558203 -0.02518089 0.99935549 -0.99810159 -0.05666981 0.02412202
-0.00526091 0.43133664 0.90217578 -0.99577683 -0.08495199 0.03480943
0.01141402 0.28658327 0.95798737 -0.99297583 -0.10958438 0.04461320
0.02062183 0.22450002 0.97425586 -0.99448913 -0.09558148 0.04307516
0.03745165 0.11432189 0.99273759 -0.99429309 -0.09504388 0.04845542
0.00935792 0.33019245 0.94386733 -0.99207473 -0.11521181 0.05014034
0.00730478 0.32278529 0.94644403 -0.99299902 -0.10924716 0.04492290
-0.01485881 -0.10278875 0.99459225 -0.99680531 -0.07654580 -0.02280270
0.00560306 0.33462194 0.94233578 -0.99350107 -0.10527024 0.04328857
-0.00371207 0.45089328 0.89257020 -0.99823356 -0.05459767 0.02342921
0.00731627 0.39373496 0.91919494 -0.99941921 -0.02771630 0.01982702
0.00892209 0.41315752 0.91061586 -0.99948287 -0.02445109 0.02088656
0.01687128 0.07071417 0.99735397 -0.99981135 -0.00841218 0.01750929
0.00397728 0.20092344 0.97959888 -0.99729872 -0.07105343 0.01862276
0.01576588 0.00539790 0.99986118 -0.99694663 -0.07640141 0.01613239
-0.01500953 -0.20801795 0.97800982 -0.99812943 -0.05485773 -0.02698628
-0.01474144 -0.22128434 0.97509789 -0.99780679 -0.05968236 -0.02862880
-0.01756543 -0.22183527 0.97492594 -0.99777067 -0.05889893 -0.03137893
-0.01670020 -0.24056847 0.97048849 -0.99753833 -0.06210538 -0.03256059
-0.01893892 -0.19590357 0.98044032 -0.99637586 -0.07763409 -0.03475896
-0.01712458 -0.22940615 0.97318012 -0.99606532 -0.08073053 -0.03655776
-0.02493539 -0.18071920 0.98321861 -0.99260646 -0.11239161 -0.04583146
-0.02904251 -0.18223302 0.98282641 -0.99008572 -0.12993880 -0.05334992
0.00589481 -0.13672516 0.99059153 -0.98633897 -0.16387480 -0.01674911
0.01128860 -0.14671499 0.98911440 -0.98170543 -0.18965219 -0.01692700
0.01009085 -0.12821789 0.99169475 -0.97844243 -0.20584659 -0.01665826
0.02917767 -0.18201159 0.98286343 -0.96956593 -0.24427703 -0.01645354
0.03116802 -0.17643113 0.98381943 -0.96804774 -0.25036201 -0.01422976
0.03897762 -0.45034438 0.89200377 -0.95049149 -0.29212970 -0.10595363
0.03373069 -0.23677936 0.97097778 -0.95287561 -0.30068314 -0.04022173
-0.01992336 -0.27959320 0.95991182 -0.97078586 -0.22421442 -0.08545591
0.03601053 -0.26076472 0.96473056 -0.92778635 -0.36746064 -0.06469235
-0.01362136 -0.26670107 0.96368307 -0.98035556 -0.18609467 -0.06535906
-0.00662732 -0.29826379 0.95446050 -0.97699624 -0.20152445 -0.06975910
-0.00961227 -0.29441911 0.95562810 -0.97706634 -0.20053293 -0.07161003
0.01381830 -0.21712221 0.97604662 -0.96867037 -0.24497882 -0.04078183
0.01278801 -0.21403474 0.97674239 -0.95957857 -0.27728310 -0.04819808
0.03796910 -0.27329582 0.96118039 -0.93739045 -0.34298661 -0.06049327
0.03264008 -0.25007752 0.96767551 -0.93873793 -0.34001750 -0.05620711
-0.02039530 -0.30514869 0.95208633 -0.96558481 -0.24095498 -0.09791181
-0.04200050 -0.20102000 0.97868633 -0.98259079 -0.16911867 -0.07690465
-0.00269387 -0.46444657 0.88559705 -0.98249865 -0.16371471 -0.08884791
-0.04269967 -0.27874747 0.95941472 -0.99874258 0.03715663 -0.03365453
-0.02810417 -0.21036336 0.97721922 -0.99559170 -0.08162359 -0.04620344
-0.01025323 -0.38715243 0.92195874 -0.99361181 -0.09968127 -0.05290863
-0.01491010 -0.22968100 0.97315180 -0.99822628 -0.05268265 -0.02772831
-0.01626840 -0.26060909 0.96530735 -0.99815249 -0.05229192 -0.03093946
-0.01263709 -0.27162674 0.96231973 -0.99504346 -0.09151749 -0.03889877
-0.01877666 -0.25398099 0.96702695 -0.99030715 -0.12840451 -0.05295299
-0.01094859 -0.24298999 0.96996701 -0.99758476 -0.06388583 -0.02726460
-0.00789973 -0.25695291 0.96639168 -0.98877984 -0.14216004 -0.04588153
-0.01242609 -0.24126333 0.97038013 -0.99708849 -0.07002731 -0.03017882
-0.01828783 -0.23940516 0.97074753 -0.99883533 -0.03898309 -0.02843096
-0.01944750 -0.24836378 0.96847165 -0.99973971 -0.00673209 -0.02180182
-0.01675624 -0.25331810 0.96723795 -0.99977350 -0.00845324 -0.01953377
-0.01386224 -0.25290576 0.96739161 -0.99987018 -0.00444471 -0.01548962
-0.01288818 -0.26142398 0.96513802 -0.99941760 -0.02713295 -0.02069536
-0.01558417 -0.23128776 0.97276056 -0.99830037 -0.05104104 -0.02812907
-0.02760220 -0.23930755 0.97055143 -0.99930108 0.03109197 -0.02075353
-0.03089613 -0.24185741 0.96981984 -0.99858940 0.04938739 -0.01949624
-0.02924336 -0.25246495 0.96716404 -0.99711698 0.07514580 -0.01053324
-0.03048605 -0.24229608 0.96972328 -0.99541205 0.09539001 -0.00745940
-0.04742592 -0.29726940 0.95361507 -0.99345297 0.11337293 -0.01406555
-0.02948594 -0.27359557 0.96139282 -0.99134529 0.13109851 0.00690375
-0.01864392 -0.26507682 0.96404701 -0.98100668 0.19104905 0.03355942
0.02006634 -0.22932164 0.97314388 -0.99315959 0.10741236 0.04579083
0.02290115 -0.23686226 0.97127330 -0.98649901 0.15222867 0.06038381
-0.13979806 0.26593891 -0.95379931 0.94578773 -0.24932504 -0.20814076
0.16476086 -0.28699809 0.94365567 -0.95591372 0.18931188 0.22447734
-0.19270810 0.30706707 -0.93197286 0.91833353 -0.27819780 -0.28154862
-0.14589080 0.27366915 -0.95069510 0.93547595 -0.27449363 -0.22257166
-0.14203899 0.27252892 -0.95160550 0.93604869 -0.27567646 -0.21866748
0.11224540 -0.29298905 0.94950432 -0.96281809 0.20422925 0.17683840
0.10813380 -0.29270822 0.95006794 -0.96228272 0.20916083 0.17396481
-0.09012569 0.25437927 -0.96289593 0.95946807 -0.23703879 -0.15242609
-0.09111939 0.25792870 -0.96185762 0.95804161 -0.24087833 -0.15535106
-0.21832334 0.25605354 -0.94168550 0.88993949 -0.34371048 -0.29978466
-0.19562623 0.25611150 -0.94664532 0.89805365 -0.34102768 -0.27784845
-0.19042288 0.25264698 -0.94863516 0.89699268 -0.34789783 -0.27271098
-0.16660525 0.24433549 -0.95527112 0.90131795 -0.35511816 -0.24802615
-0.14834289 0.27690935 -0.94937646 0.93374914 -0.27698979 -0.22669207
-0.16542897 0.28296441 -0.94475633 0.92517078 -0.28728551 -0.24804454
-0.18206553 0.26611450 -0.94659138 0.91664398 -0.30244058 -0.26133040
-0.17989482 0.27553499 -0.94430840 0.92080516 -0.29054585 -0.26019427
-0.18965048 0.21484751 -0.95805705 0.94014955 -0.24161913 -0.24028954
0.13450558 -0.29082432 0.94727480 -0.95856500 0.20407556 0.19876224
0.02154709 -0.29564482 0.95505494 -0.98396087 0.16292723 0.07263464
0.02547865 -0.24329452 0.96961778 -0.97651398 0.20151997 0.07622485
0.02702055 -0.26396802 0.96415293 -0.97664052 0.19871165 0.08177425
0.01639888 -0.25317010 0.96728277 -0.98995936 0.13173018 0.05126150
0.01136575 -0.25259680 0.96750492 -0.98742253 0.14975496 0.05069785
0.00247658 -0.27424115 0.96165776 -0.98876417 0.14306211 0.04334418
0.01053183 -0.26108029 0.96525967 -0.98985046 0.13409179 0.04706885
0.01554395 -0.24515089 0.96936035 -0.99146163 0.12175371 0.04668982
0.02411036 -0.24840772 0.96835548 -0.98876631 0.13700217 0.05976308
0.02130825 -0.19252086 0.98106152 -0.99201810 0.11791267 0.04468509
0.00925217 -0.25380746 0.96721059 -0.99609393 0.08260303 0.03120448
-0.00195823 -0.29761487 0.95468402 -0.99509227 0.09502922 0.02758346
-0.00144889 -0.25826696 0.96607250 -0.99794614 0.06224350 0.01514329
-0.01451250 -0.25930339 0.96568692 -0.99749261 0.07065938 0.00398276
0.00138142 -0.26262435 0.96489716 -0.99453419 0.10037715 0.02874436
-0.00111949 -0.26138273 0.96523458 -0.99432117 0.10300674 0.02674070
-0.01958815 -0.25675416 0.96627825 -0.99459600 0.10355985 0.00735516
0.03563974 -0.25750905 0.96561843 -0.98114753 0.17463247 0.08278351
0.00833195 -0.26511407 0.96418107 -0.98256034 0.17694560 0.05714426
-0.02654721 -0.26342610 0.96431428 -0.98083264 0.19314179 0.02575946
-0.07845132 -0.47528666 0.87632644 -0.99587530 0.07755607 -0.04709017
-0.03560853 -0.24341032 0.96926957 -0.98458880 0.17471561 0.00770459
-0.03199001 -0.18708724 0.98182231 -0.99259770 0.12109468 -0.00926638
-0.93236285 0.12074830 -0.34076303 0.34729624 0.03732501 -0.93701237
-0.92885178 0.15691817 -0.33557585 0.34831208 0.06146986 -0.93536097
-0.93152416 0.14587158 -0.33314314 0.33080772 -0.04071055 -0.94281971
-0.91304755 0.22140123 -0.34252849 0.34942633 -0.00849478 -0.93692535
-0.04074974 -0.25306767 0.96659005 -0.99906224 0.02448754 -0.03570751
-0.02578171 -0.17248011 0.98467559 -0.99747926 0.06957853 -0.01392926
-0.02308343 -0.18147726 0.98312420 -0.99956071 0.02247421 -0.01932079
-0.02632190 -0.17542626 0.98414069 -0.99954796 -0.00969220 -0.02846165
-0.03397205 -0.36626783 0.92988914 -0.99942255 0.01311798 -0.03134539
-0.04084699 -0.25553560 0.96593642 -0.99891835 0.03194095 -0.03379183
-0.03866748 -0.19487083 0.98006642 -0.99906367 0.02658791 -0.03413041
-0.02318202 -0.26257849 0.96463215 -0.99971759 0.01113471 -0.02099426
-0.03100576 -0.25878647 0.96543682 -0.99818182 0.05796805 -0.01651899
-0.02798194 -0.19483061 0.98043770 -0.99581105 0.09084512 -0.01036813
-0.03695937 -0.26814559 0.96266919 -0.99666232 0.08005901 -0.01596450
-0.02233020 -0.25966281 0.96544117 -0.99954861 0.02521256 -0.01633798
-0.04800588 -0.31643322 0.94739932 -0.99603462 0.08629316 -0.02164821
-0.03349046 -0.23466595 0.97149897 -0.99382299 0.11072262 -0.00751494
-0.03583336 -0.26279634 0.96418571 -0.99551404 0.09392523 -0.01139760
-0.02326065 -0.25395107 0.96693736 -0.99440616 0.10555578 0.00380114
-0.02129964 -0.25494629 0.96672064 -0.99722165 0.07445436 -0.00233635
-0.03787811 -0.20489512 0.97805077 -0.99852967 0.04574256 -0.02908846
-0.01914139 -0.26362866 0.96443433 -0.99978334 0.01293947 -0.01630596
-0.01410958 -0.23201539 0.97260976 -0.99776816 -0.06022313 -0.02884074
-0.01491111 -0.26359391 0.96451855 -0.99857825 -0.04544705 -0.02785792
-0.02010973 -0.24138999 0.97021985 -0.99942958 -0.02148168 -0.02605978
-0.02386455 -0.19909954 0.97968870 -0.99915862 -0.02794711 -0.03001844
-0.01772089 -0.27976838 0.95990396 -0.99054176 -0.12573543 -0.05493266
-0.01723246 -0.26969633 0.96279126 -0.98854065 -0.13983554 -0.05686395
-0.00227894 -0.30238149 0.95318431 -0.96744359 -0.24056305 -0.07862756
-0.01741388 -0.23275332 0.97237992 -0.99256301 -0.11316424 -0.04486284
-0.01664123 -0.21312584 0.97688305 -0.99830961 -0.05087271 -0.02810510
-0.01576406 -0.20886602 0.97781724 -0.99525416 -0.09064035 -0.03540634
-0.01895594 -0.21812032 0.97573781 -0.99478769 -0.09367991 -0.04026761
0.02076690 -0.16209935 0.98655593 -0.98609233 -0.16607019 -0.00652957
0.01900809 -0.14486764 0.98926848 -0.98544091 -0.16991456 -0.00594759
-0.02555488 -0.18635994 0.98214918 -0.98395991 -0.16882244 -0.05763556
-0.02140487 -0.19686687 0.98019654 -0.99325120 -0.10759708 -0.04330020
-0.01674974 -0.24609320 0.96910143 -0.97789019 -0.19803129 -0.06718963
0.02280410 -0.20374011 0.97875941 -0.93539560 -0.34989968 -0.05104191
0.02759411 -0.24963069 0.96794784 -0.96708345 -0.25170442 -0.03734430
-0.02510829 -0.12185682 0.99223006 -0.99864882 -0.04211544 -0.03044296
-0.02687423 -0.16840909 0.98535079 -0.98860973 -0.14154191 -0.05115443
-0.02329837 -0.20161054 0.97918868 -0.98868990 -0.14050245 -0.05245325
-0.01764304 -0.22268555 0.97473073 -0.99640715 -0.07685086 -0.03559263
-0.01282317 -0.26461020 0.96427017 -0.99876922 -0.04281911 -0.02503215
-0.01669841 -0.21240711 0.97703862 -0.99860334 -0.04544590 -0.02694686
-0.01246086 -0.24112771 0.97041345 -0.99972945 -0.01606026 -0.01682795
-0.01210935 -0.26436341 0.96434712 -0.99968517 0.02439649 -0.00586511
0.03091946 0.01413292 0.99942201 -0.99851108 -0.04452099 0.03152086
0.02090350 0.09572479 0.99518836 -0.99977493 0.00560653 0.02046056
0.01842395 0.52895141 0.84845215 -0.99982429 0.01268133 0.01380503
0.04959107 0.40460187 0.91314733 -0.99473614 0.10209280 0.00878619
0.02272868 0.10783238 0.99390930 -0.99829680 0.05587842 0.01676659
-0.00772206 0.05112841 -0.99866229 0.99470544 -0.10195327 -0.01291115
0.02372264 -0.18896165 0.98169786 -0.98945785 0.13589136 0.05006714
-0.05066535 -0.00747844 -0.99868768 0.98615766 -0.15845342 -0.04884313
0.03556578 -0.16836670 0.98508263 -0.98661453 0.15105347 0.06143860
0.04216179 -0.21158056 0.97645080 -0.98307902 0.16559103 0.07832879
-0.07357915 0.25578788 -0.96392882 0.96466798 -0.22693336 -0.13385455
0.08023182 -0.18680300 0.97911566 -0.98354095 0.14470498 0.10820233
-0.12168249 0.15030360 -0.98112297 0.96278787 -0.22244471 -0.15348601
-0.09605028 0.19997005 -0.97508270 0.95910877 -0.24343185 -0.14439979
-0.10252455 0.20762047 -0.97282195 0.96197599 -0.22820339 -0.15008487
-0.11012247 0.22719997 -0.96760178 0.95101541 -0.25885063 -0.16901478
-0.14509335 0.12748756 -0.98117018 0.92586529 -0.33218333 -0.18007696
-0.13299704 0.17491770 -0.97555918 0.92707294 -0.32613128 -0.18486227
-0.16929823 0.11585312 -0.97873193 0.88339061 -0.42247725 -0.20281526
-0.30861726 0.02051673 -0.95096505 0.86115259 -0.41854978 -0.28850040
-0.21278106 0.06686572 -0.97480935 0.92636633 -0.30348900 -0.22302434
-0.20614113 0.11089433 -0.97221828 0.88520044 -0.40231881 -0.23358038
-0.21095400 0.12103756 -0.96997339 0.75664318 -0.60801733 -0.24042912
-0.32630986 0.06688014 -0.94289392 0.76355475 -0.56937146 -0.30463144
-0.23876320 0.06414929 -0.96895671 0.86869496 -0.43184629 -0.24264760
-0.31784904 0.01299075 -0.94805235 0.85831016 -0.42088547 -0.29352880
-0.20067756 0.05117032 -0.97832006 0.93243164 -0.29634362 -0.20676476
-0.25648326 0.04713997 -0.96539849 0.91259146 -0.31724057 -0.25794438
-0.23113590 0.08771867 -0.96895903 0.93245035 -0.26428536 -0.24635254
-0.14242345 0.12100388 -0.98238164 0.97577834 -0.14933613 -0.15986046
-0.14655265 0.12097572 -0.98177755 0.96442312 -0.20328183 -0.16901073
-0.11124248 -0.00469366 -0.99378222 0.98253584 -0.15060872 -0.10927224
-0.09159331 -0.02825479 -0.99539554 0.97902048 -0.18526532 -0.08482768
-0.07590246 0.04226997 -0.99621886 0.98272347 -0.16596469 -0.08191619
-0.08853869 -0.08134408 -0.99274576 0.96099919 -0.26912555 -0.06365562
-0.07058808 0.00725155 -0.99747926 0.98211747 -0.17446238 -0.07076930
-0.06747282 -0.00491016 -0.99770904 0.96836454 -0.24111275 -0.06430170
0.09692687 0.27394754 0.95684791 -0.96747881 0.25161606 0.02596555
0.08019900 0.28473964 0.95524418 -0.98808968 0.14897199 0.03855095
0.11082986 0.35371631 0.92876345 -0.96828914 0.24897118 0.02072667
0.16484511 0.54153979 0.82435483 -0.90776962 0.41015285 -0.08791447
0.15127033 0.52313465 0.83871770 -0.85699916 0.49224749 -0.15246271
-0.14163789 -0.43339783 -0.89000285 0.74164450 -0.64195216 0.19457884
-0.28570265 -0.26346678 -0.92138988 0.63834685 -0.76943225 0.02207801
0.42075035 0.34364802 0.83956844 -0.73224431 0.67497718 0.09068641
-0.18865979 -0.11081239 -0.97577053 0.66364324 -0.74678320 -0.04350404
-0.23745018 0.20161077 -0.95024765 0.64413571 -0.69955230 -0.30937985
0.42654073 0.33207285 0.84130299 -0.78293073 0.60128516 0.15961127
