-0.39622399 -0.89930373 -0.18509267 0.20411626 0.11027074 -0.97271627
-0.72742569 -0.65002334 -0.21982153 0.28584331 0.00418136 -0.95826727
-0.59511721 -0.76904798 -0.23323961 0.37290865 -0.00717154 -0.92784041
-0.62130356 -0.74417925 -0.24531464 0.45390081 -0.08661513 -0.88683248
0.55726731 0.81177151 0.17458616 -0.61774868 0.26482880 0.74044061
0.42424473 0.90344322 0.06169948 -0.67097414 0.26786166 0.69140720
0.44727561 0.88931084 0.09524092 -0.67328554 0.26469001 0.69038093
0.17399679 0.98093385 0.08656773 -0.61830962 0.04040772 0.78489518
0.00386669 0.99994797 -0.00944286 -0.69687170 0.00946687 0.71713334
-0.04145304 0.99865472 -0.03115130 -0.83745557 -0.01772353 0.54621804
-0.04038392 0.99875754 -0.02919855 -0.83678436 -0.01783611 0.54724216
-0.30510876 0.95123637 -0.04536556 -0.76824534 -0.21770440 0.60199994
-0.43096274 0.87329596 -0.22721216 -0.59147090 -0.08321702 0.80202073
-0.29854706 0.94249642 -0.15023382 -0.50679666 -0.02317037 0.86175424
-0.18536799 0.97770524 -0.09864706 -0.52697915 -0.01417475 0.84976006
0.14646155 0.98807687 0.04746746 -0.20983328 -0.01586120 0.97760856
0.04631124 0.99850690 0.02897005 -0.06673668 -0.02584370 0.99743593
-0.23231374 -0.97075963 -0.06046610 0.24531551 0.00167725 -0.96944189
0.14817674 0.98715258 0.05977879 -0.59423119 0.04055367 0.80327123
0.18817398 0.98056650 0.05549705 -0.32945019 0.00978817 0.94412225
0.19287267 0.97970545 0.05456578 -0.20942782 -0.01322638 0.97773468
-0.32238501 -0.94360334 -0.07537029 -0.00894682 0.08265516 -0.99653804
-0.33181855 -0.94005656 -0.07867745 -0.01364088 0.08817548 -0.99601156
-0.14165989 -0.98891020 -0.04459944 -0.00398873 0.04562364 -0.99895078
0.09675132 0.99453533 0.03922687 -0.45213887 0.00880655 0.89190412
0.06898115 0.99727011 0.02634313 -0.44440499 0.00707676 0.89579809
-0.07820790 -0.99641180 -0.03235945 0.08127499 0.02597831 -0.99635315
-0.04572950 0.99887317 0.01269613 -0.15716416 -0.01974512 0.98737508
0.47217783 -0.86570185 0.16615768 0.27999067 -0.03144368 -0.95948762
-0.12024098 0.99274403 -0.00121028 -0.35725126 -0.04213269 0.93305761
0.33904248 -0.91731733 0.20875612 0.33024007 -0.09173072 -0.93942910
0.53456694 -0.79746848 0.27978957 0.35454768 -0.08890527 -0.93080169
0.56338507 -0.77328968 0.29089582 0.35705703 -0.08962546 -0.92977285
0.46121469 -0.85842377 0.22447655 0.48114002 0.02939522 -0.87615085
0.57531226 -0.76241356 0.29621175 0.36454564 -0.08518217 -0.92728126
0.52261591 -0.80683023 0.27549520 0.24593714 -0.16672985 -0.95483828
0.61694866 -0.72830254 0.29824442 0.49192849 0.06106224 -0.86849171
-0.63768262 0.74414438 -0.19902296 -0.53878218 -0.24622566 0.80565917
-0.42600673 0.90316588 -0.05300651 -0.72743815 -0.30710649 0.61361176
-0.81128484 0.56313711 -0.15714161 -0.53067422 -0.59648877 0.60215122
-0.87505847 0.47302499 -0.10256734 -0.43581727 -0.67783731 0.59211475
-0.87996894 0.47363639 -0.03637838 -0.45158738 -0.81032258 0.37342501
-0.89350748 0.38175377 -0.23644957 -0.44472048 -0.67935693 0.58369333
-0.88876259 0.32914937 -0.31900135 -0.45423278 -0.53918278 0.70919287
-0.88684410 0.25672624 -0.38418642 -0.46097437 -0.54875731 0.69740093
-0.87665170 0.18595226 -0.44373822 -0.45420331 -0.62405366 0.63581169
0.78497243 0.13689020 0.60421789 0.47995266 0.48232630 -0.73280746
-0.87607384 0.09179381 -0.47335878 -0.46609560 -0.41264200 0.78261203
0.83596057 0.07913104 0.54305458 0.51857847 0.20989355 -0.82886738
-0.88167632 0.04830539 -0.46937567 -0.47183263 -0.08061332 0.87799513
-0.88152355 0.05090134 -0.46938825 -0.47210187 -0.08237623 0.87768674
-0.88070899 0.06188524 -0.46959755 -0.47318608 -0.15918675 0.86646092
-0.84617585 0.38765904 -0.36565962 -0.48435768 -0.27333677 0.83107436
-0.84730417 0.37670380 -0.37439272 -0.45672256 -0.15701629 0.87564290
-0.79077679 0.55819523 -0.25117767 -0.58771902 -0.57773072 0.56640410
-0.76858443 0.56939232 -0.29166827 -0.57704633 -0.42017150 0.70033818
-0.64245099 0.74136341 -0.19400272 -0.68271685 -0.43872458 0.58431029
-0.88062686 0.09317339 -0.46455905 -0.47195590 -0.08582970 0.87743431
0.84471530 -0.28762028 0.45136532 0.47400904 0.01041038 -0.88045841
0.83269119 -0.33370408 0.44189021 0.45780975 -0.03404304 -0.88839823
0.79931366 -0.43550113 0.41404879 0.45463699 -0.01228692 -0.89059210
0.76792443 -0.51079482 0.38649806 0.48806319 0.07582766 -0.86950821
0.71879989 -0.59432292 0.36070356 0.45681944 0.01266494 -0.88946933
0.75587869 -0.52858555 0.38632223 0.45408151 -0.00182849 -0.89095831
-0.79497886 0.51428735 -0.32174078 -0.50205189 -0.26005948 0.82481092
-0.86904663 0.27937877 -0.40829578 -0.49126780 -0.38985595 0.77888918
0.66146541 -0.66609180 0.34465238 0.40222991 -0.07278672 -0.91264081
-0.85711813 0.32648242 -0.39844418 -0.47246566 -0.19006716 0.86061072
-0.88029152 0.13656892 -0.45435190 -0.47427899 -0.27772555 0.83542091
-0.88249785 0.20997907 -0.42084000 -0.46751511 -0.29414010 0.83361340
-0.85190606 0.39315557 -0.34595498 -0.45625138 -0.23290071 0.85883176
-0.75403732 0.61582655 -0.22844137 -0.54514813 -0.39275256 0.74064773
0.66318923 -0.67454791 0.32429197 0.45425346 0.01840466 -0.89068240
0.72203803 -0.58844036 0.36386672 0.37161306 -0.11376628 -0.92139077
-0.44300282 0.86323899 -0.24200623 -0.77227449 -0.23033871 0.59206104
-0.51900226 0.82722175 -0.21526939 -0.73855835 -0.30720097 0.60013258
0.78229910 0.49207801 -0.38192591 -0.40620410 0.86783773 0.28610471
0.86013448 0.37458667 -0.34619886 -0.30590665 0.92195565 0.23752670
0.91065532 0.32469341 -0.25550163 -0.21081594 0.89699799 0.38852447
0.89669609 0.33838218 -0.28536597 -0.20125851 0.88585931 0.41802913
0.89379388 0.36362496 -0.26250601 -0.06566200 0.68512076 0.72546411
0.97426051 0.19867080 -0.10651984 -0.06519129 0.70064729 0.71052343
0.99737418 0.06316427 0.03542694 -0.07199180 0.81156242 0.57981348
0.99466681 0.10181126 -0.01650678 -0.07185538 0.79883760 0.59723973
0.98385650 -0.02279062 0.17750236 -0.09471353 0.77524847 0.62451512
0.97603565 -0.02248325 0.21644652 -0.17738615 0.49394515 0.85120642
0.97919714 0.01439977 0.20239973 -0.19197844 0.38874552 0.90112221
-0.78353679 0.32155430 -0.53167003 0.29150724 -0.56542277 -0.77157027
0.93683052 -0.15472232 0.31370312 -0.06713584 0.80063730 0.59537619
0.84179640 -0.27809280 0.46264803 -0.17906894 0.66468024 0.72535133
0.80684716 -0.22478218 0.54632479 -0.05998488 0.88883024 0.45429355
0.71111983 -0.25378230 0.65567005 0.02901652 0.94237959 0.33328500
0.44988334 -0.28443334 0.84658295 0.02152109 0.95110595 0.30811429
0.74339586 -0.26478612 0.61420757 0.13739105 0.95917159 0.24721181
0.60919130 -0.06789505 0.79011160 0.20458403 0.97605813 -0.07386463
0.59340072 0.00635844 0.80488211 0.25003582 0.94904202 -0.19183663
0.74266934 -0.05536114 0.66736609 0.32233763 0.90308326 -0.28379408
0.75931799 -0.05469377 0.64841712 0.36478120 0.86094648 -0.35455042
-0.88624370 0.11682884 -0.44824451 -0.28619534 -0.89898431 0.33154109
-0.91387725 0.20928724 -0.34788981 -0.39647111 -0.64452738 0.65375471
-0.85423595 0.06354895 -0.51598692 -0.36602920 -0.77833462 0.51011556
0.78351861 -0.12213610 0.60924649 0.11939647 0.99181360 0.04528033
0.78517270 -0.14313851 0.60250747 0.13078740 0.98930413 0.06459147
0.90223956 -0.14454825 0.40628758 0.13792525 0.98938715 0.04571288
0.87705821 -0.14290239 0.45863691 0.13175046 0.98967630 0.05641563
0.90671307 -0.13423918 0.39981401 0.18128254 0.97999972 -0.08208047
0.95425105 -0.15503718 0.25567248 0.18812281 0.97592753 -0.11034174
0.95510554 -0.15109134 0.25484279 0.17926106 0.97957772 -0.09106600
0.96095449 -0.15166393 0.23144011 0.17561921 0.98064530 -0.08656044
0.99699807 -0.05326915 0.05618949 0.05600867 0.99725831 -0.04836209
-0.99714655 -0.02833367 0.06997140 0.03343226 -0.99678570 0.07280500
-0.90463084 0.42430755 0.04007718 -0.39609790 -0.87173057 0.28843084
-0.90463150 0.42265651 -0.05480322 -0.37150806 -0.71899241 0.58739400
-0.92310929 0.38371944 -0.02507309 -0.38062444 -0.90249234 0.20157568
-0.99806094 -0.03745773 0.04971271 0.04209088 -0.99452138 0.09568479
0.97654033 0.11252262 -0.18359667 -0.06771027 0.96981925 0.23423508
0.99562573 0.00625449 0.09322188 -0.04371047 0.91301435 0.40557885
0.98975557 -0.03156108 0.13924049 -0.02257097 0.92840719 0.37087831
0.91399157 -0.16515251 0.37059960 -0.03167587 0.88157409 0.47098169
0.92371184 -0.15549543 0.35011095 -0.09777574 0.78795421 0.60792118
0.92872423 -0.14525603 0.34113345 -0.06536520 0.84150982 0.53627288
0.93846053 -0.10351968 0.32950816 0.00047964 0.95441657 0.29847747
0.99474555 -0.00474232 0.10226858 -0.03592935 0.91921949 0.39210275
0.98395115 0.10557643 -0.14385344 -0.07304709 0.97385812 0.21509187
0.96780974 0.05735970 -0.24505953 -0.04995861 0.99809080 0.03631678
0.98497701 -0.04853097 0.16572593 -0.01116739 0.93978697 0.34157842
0.90907186 -0.14886680 0.38913631 0.10571038 0.98583812 0.13018642
0.94374520 -0.14208716 0.29859048 0.00724055 0.91163933 0.41092750
0.78476608 -0.17338181 0.59504712 0.08226854 0.98071975 0.17725891
0.77125734 -0.22889757 0.59394288 0.05101335 0.95233059 0.30077255
0.83605462 -0.20341522 0.50954396 -0.00734362 0.92449719 0.38111821
0.97949153 0.13002270 0.15391701 -0.17573951 0.17767815 0.96826965
0.88404614 -0.22160093 0.41152820 -0.15433107 0.69268590 0.70453405
0.98523456 -0.00930855 0.17095664 -0.10401969 0.76055688 0.64088464
0.99531436 0.03057734 0.09172985 -0.07319254 0.85817683 0.50810969
0.99590635 0.07700679 -0.04733499 -0.05311711 0.92228156 0.38285163
0.97616142 0.13112406 -0.17296076 -0.07232358 0.94785154 0.31039789
0.89806300 0.37202972 -0.23468433 -0.37745532 0.92573935 0.02311156
-0.05721327 0.99725544 -0.04699241 -0.59912044 0.00335613 0.80065191
0.14986569 0.98669547 0.06302633 -0.54522818 0.02929888 0.83777553
0.81125522 0.52021259 -0.26691565 -0.37528533 0.81334412 0.44455862
-0.60297233 -0.76004773 -0.24238779 0.08703778 0.23934522 -0.96702552
-0.64664060 -0.72298992 -0.24319047 0.09720932 0.23810898 -0.96636152
