-0.02697247 -0.06953552 -0.99721479 -0.99963593 0.00258502 0.02685770
-0.01972525 -0.20941986 -0.97762686 -0.99958092 -0.01658997 0.02372199
-0.01267671 -0.30471641 -0.95235878 -0.99977463 -0.01236227 0.01726329
-0.00981856 -0.35857630 -0.93344879 -0.99977416 -0.01407542 0.01592316
-0.00502417 -0.48311228 -0.87554407 -0.99987698 -0.01058584 0.01157874
-0.00736024 -0.50959897 -0.86038059 -0.99984151 -0.01019882 0.01459398
-0.00705104 -0.53579575 -0.84431827 -0.99977416 -0.01315207 0.01669545
-0.01223658 -0.36050546 -0.93267685 -0.99973935 -0.01357033 0.01836174
-0.01086037 -0.36719096 -0.93008220 -0.99978793 -0.01228920 0.01652601
-0.03586230 -0.02973731 -0.99891424 -0.99913168 -0.02014622 0.03646985
-0.03459255 0.03944046 -0.99862295 -0.99923581 -0.01955873 0.03384131
-0.05138074 0.41096550 -0.91020185 -0.99814451 -0.05095136 0.03334003
-0.05166645 0.31011271 -0.94929487 -0.99855900 -0.02985536 0.04459465
-0.04419585 0.30986571 -0.94975263 -0.99892575 -0.02696853 0.03768534
-0.03087320 0.10378009 -0.99412102 -0.99916852 -0.02970464 0.02792897
-0.06813633 0.69760221 -0.71323812 -0.99739444 -0.06461281 0.03208572
-0.07668607 0.80156124 -0.59297466 -0.99693245 -0.07097880 0.03298113
-0.06710215 0.80432719 -0.59038544 -0.99763507 -0.06291709 0.02767266
-0.06326218 0.82238621 -0.56540155 -0.99777621 -0.06403323 0.01850271
-0.05459100 0.74042261 -0.66992110 -0.99841011 -0.04990993 0.02619676
-0.04982512 0.72574341 -0.68615890 -0.99859273 -0.04869459 0.02100858
-0.04870974 0.72492987 -0.68709826 -0.99801743 -0.06277563 0.00451936
-0.04521555 0.64692384 -0.76121294 -0.99865484 -0.04863005 0.01799075
-0.03392329 0.52230740 -0.85208225 -0.99908292 -0.04000903 0.01525108
-0.03468668 0.40598667 -0.91322052 -0.99884313 -0.04453625 0.01813958
-0.03131323 0.38942045 -0.92052770 -0.99911481 -0.03807988 0.01787717
-0.03027667 0.38338375 -0.92309278 -0.99915797 -0.03719234 0.01732463
-0.03077347 0.30361518 -0.95229769 -0.99920207 -0.03361274 0.02157264
-0.02831331 0.29110616 -0.95627171 -0.99942780 -0.02595492 0.02168994
-0.02431665 0.26500553 -0.96394026 -0.99958348 -0.02143943 0.01932169
-0.02402552 0.27718192 -0.96051705 -0.99958169 -0.02213774 0.01861423
-0.02574801 0.03190568 -0.99915922 -0.99940014 -0.02397942 0.02498850
-0.02904913 0.03585657 -0.99893469 -0.99928015 -0.02543869 0.02814605
-0.01537506 -0.31324458 -0.94954801 -0.99950212 -0.02135414 0.02322839
-0.01539006 -0.31288663 -0.94966578 -0.99967575 -0.01445617 0.02096339
-0.01318423 -0.47710496 -0.87874752 -0.99985456 -0.00322031 0.01674968
-0.01250354 -0.56608999 -0.82424861 -0.99983490 -0.00379392 0.01777277
-0.01950177 -0.48859665 -0.87229180 -0.99951130 -0.01179199 0.02895105
-0.02177352 -0.47400320 -0.88025391 -0.99947548 -0.01079275 0.03053426
-0.02666527 -0.45982468 -0.88760930 -0.99923038 -0.01329211 0.03690451
-0.01071003 -0.48831022 -0.87260443 -0.99986601 -0.00557907 0.01539404
-0.00659983 -0.53785503 -0.84301150 -0.99996084 -0.00142910 0.00874036
-0.01635783 -0.27314499 -0.96183378 -0.99976385 -0.00929586 0.01964278
-0.01985724 -0.12438905 -0.99203485 -0.99955630 -0.01956497 0.02246100
-0.01872832 -0.11544453 -0.99313742 -0.99976814 -0.00839333 0.01982902
-0.01773752 -0.16692641 -0.98580986 -0.99983418 -0.00111182 0.01817812
-0.02037665 -0.18151161 -0.98317766 -0.99363267 0.11266806 -0.00020714
-0.01553651 0.21609865 -0.97624791 -0.99943393 0.02578388 0.02161293
-0.01853891 -0.29933771 -0.95396715 -0.99948192 -0.01955952 0.02556085
-0.01909116 -0.30848151 -0.95103878 -0.99973726 -0.00618131 0.02207373
-0.02408062 -0.23216157 -0.97237909 -0.99949646 -0.01451367 0.02821740
-0.01838373 -0.18950383 -0.98170787 -0.99974346 -0.00951048 0.02055733
-0.01766619 0.21331881 -0.97682291 -0.99984396 -0.00382985 0.01724617
-0.02437507 0.57339752 -0.81891465 -0.99963069 -0.02382605 0.01307130
-0.02233863 0.57280153 -0.81938970 -0.99967706 -0.02273089 0.01136349
0.96697515 -0.24732910 -0.06154200 0.00300838 0.25252277 -0.96758628
-0.04265000 0.81261051 -0.58124447 -0.99892932 -0.04512092 0.01021705
-0.04387598 0.80721569 -0.58862358 -0.99882084 -0.04769921 0.00903921
-0.04666012 0.97650003 -0.21040562 -0.99890602 -0.04626639 0.00679613
-0.04737122 0.96837866 -0.24494630 -0.99866319 -0.05099318 -0.00846232
-0.04498572 0.92946279 -0.36616290 -0.99871039 -0.05047907 -0.00543667
-0.04637434 0.92920280 -0.36664915 -0.99864805 -0.05175506 -0.00485289
-0.04613000 0.88689250 -0.45966697 -0.99845868 -0.05515181 -0.00621064
-0.05414650 0.99016237 -0.12902175 -0.99836928 -0.05602396 -0.01096418
-0.04947273 0.97047883 -0.23605801 -0.99853688 -0.05322546 -0.00954780
0.99891967 0.04003258 0.02359855 -0.04042943 0.99904478 0.01658609
-0.07567751 0.99661392 -0.03214994 -0.99707276 -0.07528112 0.01336777
-0.07836676 0.99561083 0.05116463 -0.99683833 -0.07758151 -0.01716013
-0.07940320 0.99678403 -0.01080479 -0.99682456 -0.07946235 -0.00515821
-0.07992728 0.99658340 -0.02081304 -0.99678540 -0.08002440 -0.00387478
-0.08444736 0.99639392 -0.00823899 -0.99642563 -0.08446231 -0.00148304
-0.06981077 0.93367374 0.35125479 -0.99754542 -0.06341606 -0.02969215
-0.08130133 0.93908113 0.33394119 -0.99663693 -0.08004173 -0.01755464
-0.10585319 0.99116445 0.07992608 -0.99437970 -0.10534666 -0.01053970
-0.11765290 0.99153078 -0.05499640 -0.99264967 -0.11900622 -0.02200488
-0.16154584 0.96467817 0.20808417 -0.98323202 -0.13925622 -0.11773904
-0.07609145 0.91732228 0.39080688 -0.99707037 -0.07306799 -0.02262405
-0.08129021 0.91534597 0.39437753 -0.99666935 -0.07723090 -0.02618420
-0.06905467 0.73835224 0.67087072 -0.99760151 -0.05432145 -0.04290047
-0.06879424 0.68694216 0.72344863 -0.99749094 -0.05950993 -0.03834651
-0.05869978 0.48930731 0.87013370 -0.99794430 -0.05122020 -0.03851901
-0.05944638 0.46748751 0.88199866 -0.99791169 -0.05019515 -0.04065385
-0.06764451 0.48216236 0.87346649 -0.99748105 -0.05141839 -0.04886518
-0.06616075 0.65088165 0.75629091 -0.99775982 -0.05068028 -0.04366795
-0.06767880 0.65729439 0.75058889 -0.99758065 -0.05656380 -0.04041626
-0.07213481 0.50675100 0.85906929 -0.99728358 -0.04951496 -0.05453239
-0.07299442 0.50487536 0.86010045 -0.99722576 -0.04955793 -0.05554158
-0.04880950 0.30766425 0.95024228 -0.99844456 -0.04069669 -0.03810886
-0.04580167 0.31973726 0.94639862 -0.99856108 -0.04110790 -0.03443797
-0.04758993 0.37359360 0.92637092 -0.99863827 -0.03764051 -0.03612254
-0.05081332 0.33426064 0.94110990 -0.99857998 -0.03210597 -0.04251299
-0.04833722 0.19066153 0.98046505 -0.99854064 -0.03289398 -0.04283177
-0.03548984 -0.11226922 0.99304390 -0.99552506 -0.08310926 -0.04497449
-0.03414613 -0.13399598 0.99039346 -0.99896455 -0.02523518 -0.03785585
-0.02861289 -0.36709112 0.92974484 -0.99958944 0.00908413 -0.02717566
-0.03026488 -0.28125408 0.95915604 -0.99950743 0.00054259 -0.03137901
-0.99686736 -0.03781319 -0.06946780 0.06958283 -0.00173284 -0.99757469
-0.99789780 -0.02332414 -0.06046449 0.06086425 -0.01682702 -0.99800426
-0.03376879 -0.15516405 0.98731142 -0.99892712 -0.02608528 -0.03826559
-0.03042549 -0.22536503 0.97379923 -0.99815571 -0.04435110 -0.04145060
-0.03102196 -0.18634678 0.98199415 -0.99910712 -0.02241153 -0.03581547
-0.03713058 0.15669249 0.98694927 -0.99884993 -0.03579938 -0.03189462
-0.04066713 0.32170779 0.94596529 -0.99892700 -0.03408868 -0.03135094
-0.04255105 0.29990560 0.95301944 -0.99877316 -0.03695421 -0.03296478
-0.04155632 0.29525995 0.95451277 -0.99890769 -0.03270822 -0.03337147
-0.06630064 0.67105401 0.73843801 -0.99583012 -0.09097848 -0.00673408
-0.04457475 0.34206122 0.93861985 -0.99825948 -0.05156789 -0.02861412
-0.03029818 0.12302135 0.99194151 -0.99344349 -0.11315522 -0.01631046
-0.99713296 -0.07201277 -0.02323781 0.01894296 0.05975949 -0.99803305
-0.02710569 -0.08919045 0.99564576 -0.99923086 -0.02581809 -0.02951609
-0.02674343 -0.13582936 0.99037129 -0.99833119 -0.04709762 -0.03341782
-0.03000288 -0.17455955 0.98418945 -0.99870837 -0.03515797 -0.03668123
-0.01712691 -0.48566252 0.87397861 -0.99963725 -0.00985566 -0.02506608
-0.00380577 -0.69267553 0.72123933 -0.99945760 -0.02095856 -0.02540238
-0.00315834 -0.67518723 0.73763973 -0.99961227 -0.01827553 -0.02100825
-0.00588943 -0.64682889 0.76261246 -0.99914545 -0.02739406 -0.03095106
-0.00601926 -0.63478273 0.77266723 -0.99965012 -0.01608365 -0.02100098
-0.00293243 -0.66374117 0.74795657 -0.99999100 0.00424999 -0.00014909
-0.01720306 -0.54307836 0.83950585 -0.99925047 -0.01978284 -0.03327409
-0.00948683 -0.81831264 0.57469505 -0.99984300 -0.00084061 -0.01770195
-0.00865579 -0.81466001 0.57987428 -0.99986172 -0.00118441 -0.01658892
-0.01472775 -0.76307452 0.64614266 -0.99877149 -0.01935137 -0.04561870
-0.01306063 -0.79504234 0.60641336 -0.99909323 -0.01420227 -0.04013797
-0.00648785 -0.87592918 0.48239622 -0.99995482 0.00232930 -0.00921910
-0.00508799 -0.91514653 0.40308926 -0.99988210 -0.00118442 -0.01531003
-0.00518663 -0.92160326 0.38809869 -0.99988002 -0.00088537 -0.01546505
-0.00702331 -0.99748409 0.07054257 -0.99996394 0.00666885 -0.00525896
-0.00536707 -0.98349541 0.18085369 -0.99961239 0.00033569 -0.02783928
-0.01609651 -0.94879431 -0.31548420 -0.99978572 0.01116428 0.01743496
-0.01795950 -0.93685365 -0.34926039 -0.99978888 0.01333749 0.01563427
-0.01639693 -0.88179785 -0.47134250 -0.99984258 0.01126314 0.01371093
-0.02198288 -0.62994295 -0.77633023 -0.99926239 -0.01061282 0.03690714
-0.02519693 -0.62935120 -0.77671248 -0.99888968 -0.01508727 0.04462932
-0.03141595 -0.49878636 -0.86615545 -0.99943393 0.00523664 0.03323445
-0.01909974 -0.53049797 -0.84747100 -0.99966598 0.02489252 0.00694765
-0.02588290 -0.65273720 -0.75714219 -0.99962997 0.01055744 0.02507071
-0.02932351 -0.66431034 -0.74688143 -0.99952775 0.01261752 0.02802012
-0.02418916 -0.83468240 -0.55020016 -0.99965990 0.01482932 0.02145248
-0.02325013 -0.90482265 -0.42515352 -0.99971783 0.02311646 0.00547395
-0.02168525 -0.92563331 -0.37780005 -0.99975944 0.01882753 0.01125635
-0.01872852 -0.48815206 -0.87255764 -0.99966240 -0.00657624 0.02513575
-0.02339516 -0.58782685 -0.80864835 -0.99946433 -0.00476442 0.03237908
-0.02256837 -0.74825418 -0.66302818 -0.99949807 0.03163589 -0.00168114
-0.01752860 -0.75674266 -0.65347791 -0.99977964 0.00571308 0.02020177
-0.01384290 -0.78321487 -0.62159705 -0.99975675 0.00016499 0.02205658
-0.01031032 -0.88866889 -0.45843351 -0.99994421 0.01021513 0.00268715
-0.01390140 -0.97980344 -0.19947946 -0.99984127 0.01139746 0.01369526
-0.00970745 -0.99442810 -0.10496947 -0.99995029 0.00989210 -0.00123861
-0.01518424 -0.98184317 -0.18908569 -0.99985939 0.01625686 -0.00412289
-0.00713365 -0.99877810 0.04890291 -0.99995363 0.00680849 -0.00681251
-0.00669233 -0.99788380 -0.06467774 -0.99990326 0.00746666 -0.01173779
-0.00502864 -0.98869962 0.14982590 -0.99991441 0.00316106 -0.01270049
-0.00377085 -0.98048151 0.19657546 -0.99986655 0.00057192 -0.01632753
-0.00380905 -0.95173687 0.30689159 -0.99997783 0.00194705 -0.00637323
-0.00287694 -0.95984775 0.28050697 -0.99985629 -0.00192607 -0.01684546
-0.00858112 -0.84737605 0.53092384 -0.99985558 -0.00051902 -0.01698866
-0.00809421 -0.86833125 0.49591866 -0.99963987 -0.00566269 -0.02623090
-0.01294446 -0.79415840 0.60757303 -0.99975985 -0.00046555 -0.02190860
-0.01517720 -0.77324718 0.63392317 -0.99936426 -0.00872487 -0.03456892
-0.00704071 -0.86168998 0.50738627 -0.99977982 -0.00396351 -0.02060457
-0.00757068 -0.92780656 0.37298492 -0.99978769 -0.00012618 -0.02060711
-0.01614978 -0.76955980 0.63837051 -0.99943620 -0.00637172 -0.03296532
-0.00648860 -0.87825930 0.47814074 -0.99985844 -0.00172563 -0.01673824
-0.00215056 -0.93006152 0.36739767 -0.99992013 -0.00257735 -0.01237756
-0.00475128 -0.99316972 0.11658214 -0.99998856 0.00479428 0.00008845
-0.00184440 -0.94155771 0.33684677 -0.99972576 0.00960024 0.02136071
-0.00289226 -0.77186888 0.63577521 -0.99999344 0.00362824 -0.00014425
-0.00283931 -0.89124149 0.45352024 -0.99994779 -0.00192320 -0.01003967
-0.00376186 -0.87615538 0.48201412 -0.99883056 -0.01994204 -0.04404390
0.00703438 -0.93766081 0.34748057 -0.99144769 -0.05182413 -0.11977429
-0.00734401 -0.89093471 0.45407209 -0.99983370 -0.00103809 -0.01820780
-0.00614696 -0.99713588 0.07538175 -0.99991775 0.00528026 -0.01169132
-0.00694015 -0.87146658 -0.49040592 -0.99765188 -0.02738200 0.06277728
-0.00577905 -0.73368740 -0.67946261 -0.99996734 0.00808326 -0.00022330
-0.01460448 -0.88669348 -0.46212718 -0.99988925 0.01162368 0.00929662
-0.01608505 -0.92831355 -0.37145019 -0.99986053 0.01326202 0.01015343
-0.01566012 -0.98305792 -0.18262514 -0.99941176 0.02096306 -0.02714301
-0.01260312 -0.98324615 0.18184657 -0.99978954 0.01533561 0.01362803
-0.01475925 -0.96877784 0.24749097 -0.99987572 0.01567369 0.00172493
-0.02736843 -0.99123621 0.12923525 -0.99808550 0.03427039 0.05148770
-0.00823688 -0.95620489 0.29258233 -0.99981731 0.00282880 -0.01890224
-0.00923988 -0.95103055 0.30895871 -0.99961984 0.00075818 -0.02756133
-0.02053495 -0.82283884 0.56790376 -0.99956173 0.00478092 -0.02921625
-0.01891320 -0.81320530 0.58166963 -0.99953830 0.00154150 -0.03034526
-0.01520863 -0.82661909 0.56255639 -0.99955601 -0.00184885 -0.02973955
-0.00691494 -0.99584311 0.09082239 -0.99997240 0.00713358 0.00208301
-0.00743387 -0.90192842 0.43182155 -0.99953711 -0.00603728 -0.02981699
-0.01882713 -0.71334434 0.70056081 -0.99960560 -0.00117371 -0.02805890
-0.02157998 -0.67234302 0.73992515 -0.99927133 -0.00880045 -0.03714047
-0.01820503 -0.66727334 0.74459046 -0.99938381 -0.01020897 -0.03358355
-0.01614902 -0.68389142 0.72940511 -0.99937761 -0.01184206 -0.03322934
-0.01607504 -0.72658110 0.68689269 -0.99952215 -0.00646386 -0.03022871
-0.01649299 -0.69782454 0.71607888 -0.99933898 -0.01170041 -0.03441928
-0.01637792 -0.74440312 0.66752964 -0.99858814 -0.02156324 -0.04854697
-0.01576078 -0.73174185 0.68139964 -0.99950552 -0.00701551 -0.03065239
-0.00641232 -0.16919011 0.98556256 -0.99043745 -0.13475506 -0.02957725
-0.03678359 0.12403567 0.99159575 -0.99864626 -0.04108182 -0.03190634
-0.03156383 -0.17526092 0.98401594 -0.99911845 -0.02172929 -0.03591841
-0.02640754 -0.34620845 0.93778586 -0.99938083 -0.01267698 -0.03282207
-0.02919480 -0.30816799 0.95088392 -0.99936742 -0.01032844 -0.03403069
-0.03967675 0.06682318 0.99697566 -0.99877673 -0.03212096 -0.03759548
-0.04275040 0.30983886 0.94982749 -0.99872917 -0.03865257 -0.03234272
-0.05495264 0.53449702 0.84338194 -0.99835587 -0.04320581 -0.03766848
-0.05688916 0.53081930 0.84557354 -0.99819398 -0.04661262 -0.03789564
-0.05758959 0.55356884 0.83080989 -0.99813288 -0.04889186 -0.03661134
-0.06387676 0.72222859 0.68869853 -0.99790990 -0.05298873 -0.03698756
-0.05454287 0.56064707 0.82625663 -0.99838668 -0.04370145 -0.03625240
-0.06082025 0.80807471 0.58593190 -0.99717790 -0.07507479 0.00002974
-0.06027358 0.68976498 0.72152019 -0.99810308 -0.03256198 -0.05224959
-0.05510562 0.87292892 0.48472524 -0.99845558 -0.05160865 -0.02056802
-0.07040247 0.75899500 0.64727902 -0.99733925 -0.06586502 -0.03124455
-0.06823743 0.73113763 0.67880881 -0.99750489 -0.06234561 -0.03312266
-0.06265522 0.84973979 0.52346605 -0.99799526 -0.05803895 -0.02523872
-0.06036047 0.99743074 0.03858229 -0.99802101 -0.05962347 -0.01997609
-0.05849545 0.99634188 0.06229861 -0.99804807 -0.05700015 -0.02551635
-0.04772511 0.97123039 -0.23331068 -0.99863446 -0.05136368 -0.00954102
-0.04383720 0.82269043 -0.56679690 -0.99884129 -0.04737038 0.00849555
-0.02984498 0.66535670 -0.74592882 -0.99885005 -0.04786675 -0.00273190
-0.03111943 0.68157363 -0.73108757 -0.99913120 -0.04149766 0.00384179
-0.03167759 0.60625350 -0.79464042 -0.99944931 -0.02707279 0.01918752
-0.03077357 0.08355839 -0.99602759 -0.99914563 -0.03007587 0.02834679
-0.03151939 0.08089783 -0.99622393 -0.99914593 -0.02919593 0.02924100
-0.02668099 0.39679337 -0.91752017 -0.99932885 -0.03363274 0.01451503
-0.03957612 0.42615220 -0.90378541 -0.99892282 -0.03880548 0.02544460
-0.03029950 0.53465933 -0.84452438 -0.99918544 -0.03873145 0.01132790
-0.03764722 0.69473195 -0.71828282 -0.99903738 -0.04236234 0.01138898
-0.04973267 0.79364246 -0.60634834 -0.99868137 -0.04725963 0.02005421
-0.06254587 0.89531803 -0.44101435 -0.99796742 -0.06150918 0.01666263
-0.06098568 0.96878725 -0.24027504 -0.99812478 -0.05792127 0.01980203
-0.06386065 0.98288029 -0.17282419 -0.99795884 -0.06292471 0.01089458
-0.06948450 0.98585594 -0.15251240 -0.99738193 -0.07172349 -0.00922187
-0.05727692 0.97415191 -0.21851178 -0.99784714 -0.06286288 -0.01869183
-0.05264633 0.95171750 -0.30242723 -0.99834681 -0.05715548 -0.00607281
-0.06330352 0.90804100 -0.41407028 -0.99796915 -0.06054717 0.01979288
-0.06303985 0.93149590 -0.35824779 -0.99788707 -0.06448788 0.00791756
-0.09320551 0.86769164 -0.48828679 -0.99546957 -0.09046912 0.02925322
-0.10046659 0.87308085 -0.47711250 -0.99471128 -0.09843357 0.02933227
-0.10867096 0.95362502 -0.28069541 -0.99389529 -0.10964047 0.01229679
-0.10221498 0.95783502 -0.26852238 -0.99473774 -0.10031579 0.02082178
-0.04566476 0.44276571 -0.89547378 -0.99861193 -0.04378769 0.02927353
-0.03439678 0.07602107 -0.99651277 -0.99903077 -0.03001924 0.03219362
-0.02530176 -0.27930525 -0.95986897 -0.99936867 0.03102458 0.01731534
