-0.53266615 0.69388795 -0.48454759 -0.81673682 -0.57152021 0.07940826
-0.48818797 0.63151824 -0.60237640 -0.79515928 -0.60633755 0.00875530
-0.51074851 0.66905665 -0.53990674 -0.80268306 -0.59604633 0.02070808
-0.54180431 0.70080489 -0.46402648 -0.79833657 -0.60175949 0.02333102
-0.52655131 0.69383603 -0.49125892 -0.79960728 -0.60045594 0.00898974
-0.54080552 0.68989789 -0.48121747 -0.79011697 -0.61288577 0.00929119
-0.55775326 0.71255845 -0.42564282 -0.78639787 -0.61770982 -0.00361422
-0.56230003 0.72442937 -0.39877409 -0.79376256 -0.60805130 0.01465125
-0.55266100 0.73153067 -0.39928526 -0.79784262 -0.60286576 -0.00019585
-0.54876286 0.73310447 -0.40176761 -0.80770534 -0.58888847 0.02867822
-0.53188616 0.74496174 -0.40265268 -0.81928241 -0.57296109 0.02218021
-0.42748764 0.85659820 -0.28895313 -0.90020764 -0.43268192 0.04911889
-0.41450569 0.82168108 -0.39118451 -0.90176195 -0.42871970 0.05499864
-0.45070302 0.81119442 -0.37259948 -0.88272041 -0.46715558 0.05069988
-0.36635891 0.87649482 -0.31231070 -0.91896689 -0.39346084 -0.02623895
-0.35328814 0.88612312 -0.29995546 -0.92954111 -0.36867461 0.00568349
-0.34782904 0.87964982 -0.32439357 -0.93652928 -0.34219098 0.07627736
-0.32011437 0.86597764 -0.38419983 -0.92395490 -0.37499681 -0.07539719
-0.28270796 0.88348901 -0.37352830 -0.95646536 -0.28906438 0.04019812
-0.24692531 0.89772654 -0.36484930 -0.96897066 -0.23306254 0.08232703
-0.17825249 0.91697580 -0.35690540 -0.98341632 -0.17834523 0.03294473
-0.17714036 0.88527089 -0.43001950 -0.98413968 -0.16355217 0.06870124
-0.25032938 0.91271698 -0.32292870 -0.96625543 -0.21461344 0.14244863
-0.06343806 0.88313186 -0.46481586 -0.99269331 -0.10374260 -0.06162412
-0.05958550 0.93113679 -0.35976925 -0.99818963 -0.05262331 0.02912460
-0.01741605 0.93307716 -0.35925448 -0.99926555 -0.00397746 0.03811221
-0.00364930 0.93352509 -0.35849360 -0.99926299 0.01029463 0.03697946
-0.01533828 0.94595873 -0.32392406 -0.99873215 0.00104027 0.05032934
-0.02862725 0.95328391 -0.30071631 -0.99956614 -0.02521455 0.01522434
-0.08691227 0.95023823 -0.29915485 -0.99565721 -0.09291131 -0.00585998
-0.12269106 0.96423471 -0.23494336 -0.99239981 -0.12145595 0.01977730
-0.15138970 0.95999241 -0.23557526 -0.98844111 -0.14897136 0.02813720
-0.18488680 0.95500088 -0.23192708 -0.98261935 -0.18362930 0.02719458
-0.21875764 0.94660836 -0.23680748 -0.97207642 -0.23253472 -0.03154543
-0.22175296 0.96002513 -0.17081377 -0.97165143 -0.23227704 -0.04405520
-0.21712099 0.94092941 -0.25982761 -0.97528517 -0.22027168 0.01729909
-0.20939173 0.92923617 -0.30442622 -0.97782916 -0.19825079 0.06743032
-0.21157846 0.91178262 -0.35197595 -0.97188115 -0.23435763 -0.02288256
-0.21119979 0.92291164 -0.32191417 -0.96539646 -0.24850662 -0.07908366
-0.23589781 0.92860270 -0.28644243 -0.97032315 -0.24120218 0.01716276
-0.26058310 0.92103988 -0.28945121 -0.96530926 -0.25370574 0.06173792
-0.26589841 0.91245759 -0.31099716 -0.95776868 -0.28667930 -0.02223014
-0.15943360 0.92470080 -0.34570131 -0.98638147 -0.16354530 0.01744823
-0.15642291 0.93090832 -0.33006296 -0.98663527 -0.16271405 0.00866656
-0.24150783 0.90507096 -0.35002947 -0.96622080 -0.25771564 0.00028273
0.15105550 -0.98698437 0.05517400 0.95754880 0.15995687 0.23982109
-0.11906577 0.96931899 -0.21504442 -0.99135673 -0.10404275 0.07991856
-0.05822975 0.98166388 -0.18150873 -0.99303567 -0.03830400 0.11141383
-0.01944820 0.97540152 -0.21957614 -0.98892611 0.01355142 0.14778888
0.00311080 0.96649724 -0.25665835 -0.99205202 0.03526815 0.12078509
0.06632985 0.94952559 -0.30659670 -0.99582195 0.08232334 0.03951574
0.07807346 0.94791692 -0.30880097 -0.99529362 0.09194549 0.03060441
0.02316110 0.95938528 -0.28114682 -0.99053162 0.06008615 0.12343715
0.02721039 0.94853902 -0.31548899 -0.99634951 0.05128183 0.06824886
0.11903790 0.85611695 -0.50288546 -0.99192220 0.12489478 -0.02217560
0.12685972 0.92926645 -0.34694451 -0.97893131 0.17370962 0.10732430
-0.03720579 0.96395737 -0.26344267 -0.99762869 -0.02055405 0.06568538
0.08200826 0.95079756 -0.29876181 -0.97393507 0.14006600 0.17841534
0.26777545 0.92076588 -0.28370166 -0.95443487 0.29375693 0.05254498
0.27113453 0.86166418 -0.42897677 -0.95540249 0.29509750 -0.01111412
0.30015478 0.85544616 -0.42204148 -0.94958192 0.30996698 -0.04706045
0.29435226 0.80608714 -0.51340073 -0.95566612 0.24394543 -0.16490276
0.29400709 0.88606435 -0.35839891 -0.94569981 0.32405102 0.02535613
0.39687648 0.80533606 -0.44036683 -0.90942526 0.40995091 -0.06989913
0.47715771 0.83449751 -0.27556202 -0.87523705 0.47952420 -0.06337731
0.48057914 0.87114739 -0.10072730 -0.87429118 0.46701032 -0.13234968
0.58298379 0.68788052 -0.43237746 -0.76731759 0.64109999 -0.01464812
0.59868020 0.67224813 -0.43550485 -0.74742752 0.66434038 -0.00199424
0.56399864 0.59362400 -0.57403505 -0.81858301 0.49345946 -0.29397210
0.57329375 0.62402815 -0.53096443 -0.78572279 0.60245502 -0.14031272
0.60407972 0.65946019 -0.44743708 -0.73568147 0.67730904 0.00502436
0.59275562 0.63585019 -0.49430287 -0.73117781 0.68218654 0.00072557
0.57091630 0.53286147 -0.62459040 -0.80787647 0.50013828 -0.31176484
0.56905478 0.39870501 -0.71917391 -0.81750405 0.36862361 -0.44249725
0.57272309 0.36720285 -0.73290545 -0.80787951 0.10124128 -0.58058673
0.61981159 0.32846245 -0.71270341 -0.72717124 -0.10107187 -0.67897463
0.62175006 0.23120405 -0.74831259 -0.76886761 -0.00186666 -0.63940537
0.60518444 0.30503553 -0.73532665 -0.77127278 -0.00415255 -0.63649130
0.60593766 0.30214295 -0.73590028 -0.77070558 -0.00624669 -0.63716090
0.61566222 0.34177661 -0.71003431 -0.73535323 -0.07466862 -0.67355788
0.60709149 0.37170869 -0.70233363 -0.74477941 -0.04196280 -0.66599005
0.59780878 0.32949126 -0.73079425 -0.76851350 -0.02379163 -0.63939106
0.56314278 0.44729170 -0.69483846 -0.78097570 0.01325585 -0.62442070
0.57185650 0.41644382 -0.70679182 -0.77694345 -0.00161758 -0.62956834
0.56529135 0.43867067 -0.69857985 -0.80812883 0.12465003 -0.57566500
0.55288827 0.53838271 -0.63597065 -0.83267826 0.38538745 -0.39764744
0.55492324 0.53512150 -0.63695002 -0.83186895 0.35015440 -0.43056482
0.55736578 0.48223442 -0.67586499 -0.83014023 0.30944747 -0.46379903
0.54879868 0.52753431 -0.64848101 -0.82727861 0.23125646 -0.51198685
0.62106985 0.31229120 -0.71885085 -0.74518043 -0.04891197 -0.66506678
0.60402554 0.36944407 -0.70616162 -0.72654808 -0.10889170 -0.67843246
0.60451025 0.36201718 -0.70958501 -0.74656552 -0.05324271 -0.66317809
0.56066728 0.43501562 -0.70456624 -0.82146966 0.18522519 -0.53933227
0.56305242 0.41471320 -0.71483213 -0.81535405 0.13768265 -0.56235337
0.53534383 0.56698149 -0.62605029 -0.84395576 0.38877666 -0.36958271
0.55202174 0.48338759 -0.67941773 -0.82832706 0.22445008 -0.51331913
0.58235443 0.32169557 -0.74657571 -0.78234482 -0.02778001 -0.62222576
0.56001586 0.41113594 -0.71927017 -0.78745973 -0.00565550 -0.61634016
0.59993088 0.37981579 -0.70414704 -0.71668005 -0.13606201 -0.68400067
0.59650624 0.39298880 -0.69981438 -0.71158844 -0.14435592 -0.68760699
0.64995998 0.23422790 -0.72297269 -0.72549760 -0.09202596 -0.68204433
0.56317908 0.46029571 -0.68626326 -0.70806319 -0.15933363 -0.68793851
0.61003751 0.33903417 -0.71617746 -0.70980632 -0.16790088 -0.68409383
0.53161800 0.49959710 -0.68394822 -0.70066160 -0.19429091 -0.68653077
0.48914453 0.56281906 -0.66631252 -0.67717326 -0.23641360 -0.69681060
0.47899428 0.57708859 -0.66146296 -0.66645777 -0.25134665 -0.70189667
0.49222535 0.55080116 -0.67404181 -0.65025103 -0.28212446 -0.70539314
0.51590222 0.50971764 -0.68850052 -0.65780431 -0.27913663 -0.69955438
0.49089622 0.54686761 -0.67820114 -0.64761406 -0.29166204 -0.70393842
0.50646836 0.52210027 -0.68622231 -0.64293629 -0.30164251 -0.70402044
0.50699443 0.51860958 -0.68847722 -0.63921887 -0.30961493 -0.70394444
0.61221361 0.31195962 -0.72655058 -0.64759141 -0.32939529 -0.68711287
0.60972548 0.31155449 -0.72881329 -0.64955479 -0.33052677 -0.68471211
0.66349924 0.17842062 -0.72659135 -0.68696177 -0.23945078 -0.68611002
0.68769461 0.09838431 -0.71930301 -0.67998695 -0.25982594 -0.68564445
0.70463490 -0.05979781 -0.70704591 -0.70175290 -0.20622894 -0.68191826
0.66961998 0.16248938 -0.72471124 -0.63864338 -0.37213951 -0.67353314
0.64855474 0.20481798 -0.73309374 -0.66929919 -0.30524012 -0.67739737
0.68188637 -0.07002947 -0.72809809 -0.72915798 -0.14395714 -0.66903293
0.68288934 -0.18032646 -0.70791572 -0.73043597 -0.15368071 -0.66546649
0.68050700 -0.25987777 -0.68510854 -0.73195654 -0.19782464 -0.65200084
0.66126418 0.18915242 -0.72591400 -0.66473162 -0.30071396 -0.68388820
0.55813837 0.41625282 -0.71778494 -0.70272076 -0.22285606 -0.67566174
0.53921646 0.45181939 -0.71070737 -0.69294196 -0.24157844 -0.67931676
0.68761969 0.07460940 -0.72222757 -0.70706981 -0.15726575 -0.68943447
0.65699869 0.19504936 -0.72822285 -0.69054031 -0.23189342 -0.68511283
0.65275776 0.20479777 -0.72935951 -0.65217388 -0.33794916 -0.67857176
0.61617953 0.28329846 -0.73489100 -0.71916556 -0.17806086 -0.67163634
0.46391231 0.56180722 -0.68495113 -0.83951640 0.03194754 -0.54239428
0.46484500 0.56088978 -0.68507063 -0.81527239 -0.03062750 -0.57826722
0.45256472 0.61904311 -0.64184958 -0.74592024 -0.13163109 -0.65289843
0.54576594 0.45878375 -0.70118266 -0.66097057 -0.27862233 -0.69676942
0.48378086 0.57120109 -0.66308784 -0.73189896 -0.15137854 -0.66438586
0.46725267 0.60590088 -0.64386266 -0.79027224 -0.04030284 -0.61142910
0.49188852 0.55580091 -0.67017245 -0.82147533 0.04122385 -0.56875211
0.55720711 0.45321816 -0.69578272 -0.68049920 -0.23094784 -0.69540203
0.55082798 0.46596447 -0.69243461 -0.67545575 -0.23844984 -0.69778311
0.58614182 0.27667722 -0.76150346 -0.78819847 -0.02286317 -0.61499631
0.57756299 0.42048097 -0.69972622 -0.71769977 -0.14690918 -0.68067968
0.51479131 0.56136519 -0.64796531 -0.74773502 -0.07573010 -0.65966457
0.60658133 0.36305773 -0.70728230 -0.72344983 -0.11683357 -0.68041921
0.61386842 0.34266424 -0.71115881 -0.72986299 -0.09687880 -0.67669386
0.53531581 0.56240296 -0.63019043 -0.82822841 0.49591827 -0.26096535
0.52471745 0.61528534 -0.58829886 -0.83729434 0.49776518 -0.22620369
0.56645626 0.43614003 -0.69922042 -0.77831852 0.00429761 -0.62785494
0.56935942 0.42804712 -0.70185870 -0.77824271 0.00554927 -0.62793911
0.52898067 0.54220384 -0.65283567 -0.79066038 0.03543334 -0.61122882
0.48144653 0.63750613 -0.60149425 -0.85036838 0.17350180 -0.49676031
0.34663826 0.82677019 -0.44304961 -0.78636062 -0.00135273 -0.61776626
0.47853348 0.64698201 -0.59364974 -0.75015444 -0.05016116 -0.65935749
0.47637796 0.65102667 -0.59095556 -0.74988645 -0.05008268 -0.65966815
0.53281653 0.53699762 -0.65401858 -0.76846105 -0.01660069 -0.63968122
0.57478547 0.54431349 -0.61101925 -0.65457380 -0.14226563 -0.74249160
0.43576431 0.75317591 -0.49278340 -0.66622663 -0.09821615 -0.73925346
0.39125505 0.79871911 -0.45712951 -0.69712692 -0.06704184 -0.71380639
0.43522784 0.71737546 -0.54401219 -0.75962752 -0.03174105 -0.64958346
0.42876530 0.72749346 -0.53564310 -0.75951999 -0.03076527 -0.64975607
0.40562466 0.78849560 -0.46232384 -0.69432920 -0.06315113 -0.71688145
0.45303580 0.68889916 -0.56584150 -0.76766253 -0.02125696 -0.64050180
0.53087765 0.53455108 -0.65758961 -0.77112424 -0.01712312 -0.63645446
0.56641316 0.44302708 -0.69491237 -0.77886218 0.01217596 -0.62707698
0.59875995 0.33443078 -0.72776550 -0.77122259 -0.00443155 -0.63655025
0.70436209 0.29905295 -0.64377123 -0.57182789 -0.29830113 -0.76421815
0.56252480 0.46225452 -0.68548280 -0.81457132 0.16790619 -0.55523080
0.59613764 0.34361351 -0.72563750 -0.77080488 -0.00797616 -0.63702136
0.62084711 0.31995490 -0.71566594 -0.73799711 -0.06936217 -0.67122960
0.57596475 0.47179532 -0.66758811 -0.78998154 0.53124189 -0.30612302
0.61440814 0.54464990 -0.57084072 -0.66287535 0.74872923 0.00090957
0.60472345 0.50916773 -0.61241961 -0.65425801 0.75607044 -0.01743656
0.60781229 0.55877030 -0.56421626 -0.70053977 0.71188354 -0.04965705
0.59351480 0.50685024 -0.62517440 -0.65681601 0.75395060 -0.01230055
0.57361287 0.48572975 -0.65957177 -0.64508945 0.76410520 0.00169361
0.60600305 0.50347859 -0.61584878 -0.63280463 0.77424324 0.01028404
0.50429213 0.43296769 -0.74714684 -0.61939573 0.78423488 0.03639439
0.54619658 0.46093938 -0.69943136 -0.63358206 0.77353013 0.01499811
0.58180815 0.48246500 -0.65477234 -0.62711930 0.77874684 0.01657820
0.50108600 0.46649846 -0.72889787 -0.82614172 0.50866151 -0.24239096
0.57416815 0.48006126 -0.66322863 -0.66468143 0.74629539 -0.03523895
0.60631680 0.50197434 -0.61676711 -0.54659647 0.82640082 0.13525583
0.60198200 0.49565756 -0.62605214 -0.61001128 0.79138279 0.03999523
0.61381245 0.50113404 -0.60999912 -0.52690727 0.83545512 0.15615223
0.58677953 0.55011517 -0.59419119 -0.72135365 0.68850213 -0.07492547
0.58227515 0.54182780 -0.60611737 -0.73882008 0.66377628 -0.11638686
0.56298846 0.49944133 -0.65848494 -0.80711132 0.50366700 -0.30804378
0.61011916 0.61655909 -0.49760386 -0.72011209 0.69345254 -0.02371296
0.59725744 0.60343015 -0.52835184 -0.73201376 0.67933178 -0.05161594
0.59169751 0.62020808 -0.51501077 -0.75330591 0.65287954 -0.07923752
0.60057801 0.60732198 -0.52006364 -0.71950972 0.69418740 -0.02024084
0.58936960 0.68251318 -0.43222600 -0.76237738 0.64687991 -0.01808769
0.57337797 0.69988430 -0.42591047 -0.77956557 0.62597382 -0.02084109
0.50022584 0.78893942 -0.35685959 -0.85471869 0.51588815 -0.05757973
0.27959010 0.89024073 -0.35958427 -0.95773083 0.23219410 -0.16981651
0.07494085 0.95426828 -0.28940618 -0.97437674 0.13179591 0.18226302
0.07558429 0.95316559 -0.29285216 -0.96862060 0.13992231 0.20541637
0.00296376 0.96942180 -0.24538258 -0.98220134 0.04890720 0.18135232
-0.09961899 0.96641785 -0.23688091 -0.99414361 -0.08664730 0.06458136
-0.13604678 0.94444281 -0.29919735 -0.99013132 -0.13987263 0.00869819
-0.02860973 0.95542908 -0.29383123 -0.99871677 -0.01503319 0.04836063
-0.01450906 0.94983333 -0.31241983 -0.99772650 0.00681272 0.06704768
0.12218166 0.91716021 -0.37932682 -0.98437476 0.16080816 0.07174369
0.24940597 0.96774429 0.03560464 -0.96666455 0.24659142 0.06893662
0.25654438 0.87251663 -0.41581216 -0.96371597 0.26373422 -0.04118066
0.18128408 0.89042050 -0.41747749 -0.98065734 0.19553506 -0.00878889
0.18914588 0.94246781 -0.27564156 -0.97990692 0.19925763 0.00888313
0.19300973 0.79595506 -0.57376200 -0.98074716 0.17420076 -0.08825573
0.17023376 0.95258927 -0.25217891 -0.97952914 0.13568121 -0.14870572
0.19685084 0.87384874 -0.44456524 -0.97709244 0.21225481 -0.01543728
0.19772403 0.88397664 -0.42366320 -0.91871715 0.31783304 0.23439503
0.30396348 0.84689933 -0.43631151 -0.94983554 0.30479124 -0.07010543
0.31673840 0.86810464 -0.38219261 -0.94807714 0.30196795 -0.09982581
0.43927065 0.79136527 -0.42518505 -0.89156348 0.44211698 -0.09821996
0.47575787 0.77013993 -0.42489880 -0.87080222 0.48047113 -0.10416836
0.58054417 0.66923702 -0.46377832 -0.79319310 0.59347320 -0.13650775
0.58972466 0.62747943 -0.50842345 -0.77846408 0.60924751 -0.15103418
0.59190685 0.62175417 -0.51290160 -0.77558780 0.61253625 -0.15252197
0.59009206 0.61452645 -0.52359205 -0.77362174 0.61586857 -0.14904840
0.60005188 0.61004180 -0.51748127 -0.76667154 0.62322009 -0.15430991
0.55940002 0.53163218 -0.63595510 -0.73719466 0.66986287 -0.08847487
0.58441299 0.55883420 -0.58835864 -0.74088264 0.66322130 -0.10597393
0.58964002 0.56652266 -0.57565331 -0.73864996 0.66653514 -0.10063396
0.58763313 0.57637119 -0.56787640 -0.73525077 0.67336184 -0.07739606
0.58942139 0.58014345 -0.56215310 -0.73378128 0.67553639 -0.07221943
0.59715950 0.59514850 -0.53777206 -0.74501801 0.65996695 -0.09691131
0.59622777 0.59619445 -0.53764737 -0.74110514 0.66622955 -0.08307506
0.59864801 0.60536307 -0.52455330 -0.74412429 0.66267991 -0.08446524
0.60061032 0.61123586 -0.51542020 -0.75772136 0.64089686 -0.12292130
0.60844243 0.63422811 -0.47702467 -0.77004886 0.61717010 -0.16163474
0.59694868 0.62529010 -0.50265765 -0.77569377 0.60979319 -0.16263902
0.60686868 0.66064698 -0.44187784 -0.77097547 0.62442088 -0.12528154
0.71034199 0.69220531 -0.12753893 -0.66937792 0.72037995 0.18162040
0.59882325 0.60241711 -0.52773517 -0.74823004 0.65579545 -0.10042003
0.59333932 0.59215844 -0.54524934 -0.75433654 0.64544767 -0.11989063
0.57034087 0.53844297 -0.62031490 -0.75353706 0.64356011 -0.13421011
0.57853228 0.55476981 -0.59793884 -0.75072318 0.64879829 -0.12440063
0.68069082 0.57755935 -0.45064980 -0.51984423 0.81425667 0.25835657
0.59754127 0.60478973 -0.52647316 -0.75360310 0.64787656 -0.11107852
0.60672146 0.64958847 -0.45817459 -0.77071059 0.62185317 -0.13893840
0.57400155 0.63268131 -0.51984292 -0.81274301 0.51760399 -0.26746038
0.52681017 0.66602165 -0.52809680 -0.84468335 0.47949126 -0.23790389
0.58661634 0.61317843 -0.52904963 -0.77811426 0.60785770 -0.15826349
0.57147074 0.64465088 -0.50778592 -0.80195069 0.56995869 -0.17894745
0.59791523 0.66274667 -0.45084840 -0.75198460 0.65853184 -0.02924094
0.63906115 0.68012315 -0.35921216 -0.70063478 0.70743728 0.09297024
0.64665294 0.68078452 -0.34405312 -0.66097426 0.72523683 0.19272916
0.52956390 0.71464592 -0.45699382 -0.83489877 0.53438956 -0.13180256
0.46795675 0.75460476 -0.45998698 -0.87426013 0.47135869 -0.11614782
0.42803591 0.79154366 -0.43616965 -0.90135497 0.40908745 -0.14215046
0.31005353 0.85066372 -0.42454463 -0.94663131 0.31759554 -0.05497502
0.00609640 0.92399180 -0.38236374 -0.99965286 0.01543257 0.02135475
-0.11801295 0.92970324 -0.34889093 -0.99254888 -0.12116817 0.01284981
-0.23828009 0.92202640 -0.30510637 -0.97116810 -0.22861272 0.06759293
-0.27858627 0.87778008 -0.38973311 -0.95916039 -0.27499017 0.06627100
-0.42527568 0.82132757 -0.38021269 -0.90310997 -0.41268507 0.11867324
-0.50983649 0.74023449 -0.43831453 -0.83754748 -0.54344165 0.05643886
-0.53223044 0.72596681 -0.43554908 -0.82494611 -0.56033152 0.07411194
-0.52473038 0.70955426 -0.47030926 -0.81815177 -0.57296199 0.04839705
-0.53708011 0.72944510 -0.42362112 -0.81613606 -0.57630450 0.04236805
-0.53417683 0.70928943 -0.45996046 -0.81409770 -0.57823199 0.05378354
-0.56708640 0.55743086 -0.60636944 -0.82344168 -0.36680636 0.43289360
-0.56850958 0.57708555 -0.58631825 -0.82262957 -0.40639982 0.39764288
-0.60725886 0.34934673 -0.71357799 -0.78094065 -0.09720843 0.61699450
-0.60456544 0.35305107 -0.71404171 -0.77757049 -0.06702694 0.62521327
-0.58996385 0.35126200 -0.72701973 -0.78827453 -0.05560303 0.61280632
0.60272563 -0.28236112 0.74632037 0.75365233 -0.10585053 -0.64869404
-0.57768148 0.46294975 -0.67228091 -0.77965212 -0.06905022 0.62239438
0.60034382 -0.36691692 0.71060497 0.73190784 -0.10605156 -0.67310035
0.59733820 -0.39384222 0.69862401 0.69604450 -0.17812982 -0.69555151
0.60206407 -0.38875088 0.69741780 0.69587898 -0.17280379 -0.69705904
0.60405141 -0.39372614 0.69289374 0.69490540 -0.16543710 -0.69981223
0.59588253 -0.43552130 0.67471862 0.69658327 -0.13777407 -0.70412368
0.56642884 -0.48884887 0.66346455 0.64241916 -0.24234650 -0.72702533
0.58698118 -0.42239583 0.69067717 0.73356938 -0.08345383 -0.67447126
