0.11349361 0.24867181 0.96191555 0.30447865 0.91288126 -0.27192014
0.31404549 0.18243554 0.93171495 0.24142994 0.93375772 -0.26421234
0.38340223 0.17754222 0.90635616 0.07446589 0.97221208 -0.22194263
0.38917932 0.21147665 0.89655846 -0.10826994 0.97704589 -0.18346377
0.42195177 0.23289640 0.87619400 -0.23932777 0.96077436 -0.14012437
0.13710074 0.22755469 0.96406549 -0.05564241 0.97348833 -0.22186585
0.14064825 0.22055708 0.96518010 0.06439298 0.97076875 -0.23121765
0.11631396 0.23374102 0.96531665 -0.09113599 0.97032499 -0.22397248
0.17867959 0.24792613 0.95215881 -0.26605889 0.94385433 -0.19583590
-0.17950650 -0.22535427 -0.95759749 0.33329085 -0.92977333 0.15632927
0.47130919 0.39710161 0.78751379 -0.45249942 0.87530237 -0.17055811
0.53756398 0.42961693 0.72557175 -0.51249164 0.84977061 -0.12345956
-0.21949169 -0.26811773 -0.93804920 0.51167345 -0.85028559 0.12330759
-0.23025551 -0.29287228 -0.92801309 0.56605417 -0.81601191 0.11707827
-0.21659523 -0.31592399 -0.92373079 0.57045412 -0.80880958 0.14286055
0.48154289 0.44351500 0.75591725 -0.56197238 0.81810796 -0.12200989
-0.26289186 -0.31664056 -0.91138721 0.58886331 -0.80092961 0.10840554
0.44792202 0.44174036 0.77732319 -0.57412291 0.80859405 -0.12868048
-0.35106313 -0.33383244 -0.87482041 0.58673674 -0.80654186 0.07232136
0.55398428 0.50274932 0.66358459 -0.57486576 0.80754668 -0.13190030
0.68448889 0.57553685 0.44747317 -0.60462004 0.79110783 -0.09264477
0.75226587 0.58768094 0.29787117 -0.59592950 0.79972911 -0.07281063
0.74812835 0.57873142 0.32461342 -0.64049679 0.75766116 0.12535360
0.75912416 0.56690353 0.31992322 -0.62883234 0.76567042 0.13534684
0.70494169 0.46139580 0.53867537 -0.65421563 0.71635741 0.24255714
0.70305789 0.45503294 0.54649305 -0.65342945 0.71659827 0.24396080
0.70879674 0.45498595 0.53906870 -0.65136951 0.71549201 0.25256479
0.64763021 0.47656810 0.59452331 -0.59181559 0.80607206 -0.00146434
0.59511036 0.40817690 0.69226819 -0.52209073 0.85123599 -0.05309113
0.56424367 0.38722152 0.72916979 -0.54015529 0.84107697 -0.02866817
0.57416975 0.36528653 0.73273116 -0.51417071 0.85733789 -0.02450112
-0.51828700 -0.16635971 -0.83887017 0.64032763 -0.72568935 -0.25170517
0.56835103 0.14962007 0.80906796 -0.75607628 0.48283568 0.44183528
-0.48663718 -0.10883941 -0.86679769 0.68704963 -0.66051793 -0.30278516
-0.54286724 -0.17774282 -0.82079399 0.68297249 -0.66218519 -0.30831695
-0.52752131 -0.19024262 -0.82796687 0.69509757 -0.65698361 -0.29191083
0.59462851 0.29547602 0.74773723 -0.68138438 0.67886490 0.27360177
0.66816759 0.40836588 0.62192398 -0.67997015 0.67445123 0.28767371
0.66750801 0.41392666 0.61894900 -0.68174243 0.67402005 0.28447199
0.67025667 0.41309181 0.61653155 -0.68213284 0.67015433 0.29255411
0.53818840 0.38906705 0.74764973 -0.50716108 0.85799724 -0.08141553
0.32959521 0.30041113 0.89505321 -0.35098743 0.91906840 -0.17922360
0.38469857 0.32157120 0.86521620 -0.48173141 0.86951631 -0.10897853
0.39269075 0.34947976 0.85068083 -0.47929865 0.86720467 -0.13501464
0.72708362 0.67233574 0.13897531 -0.67876250 0.73435622 -0.00156014
0.72399104 0.68052328 0.11280580 -0.68161380 0.73089212 -0.03463338
0.68407089 0.67059612 0.28696319 -0.67190361 0.73243791 -0.10991069
0.72958016 0.67448163 0.11308136 -0.67567575 0.73644823 -0.03326146
0.66875082 0.70253700 0.24333960 -0.74115545 0.65583432 0.14342256
0.53381759 0.63498461 0.55842048 -0.74329549 0.66722733 -0.04816240
0.72114933 0.67073596 0.17336942 -0.65251303 0.74169534 -0.15528925
0.73706752 0.66786283 0.10339612 -0.61326319 0.72525424 -0.31291303
-0.71635485 0.68243420 -0.14532492 -0.69138992 -0.72229958 0.01622975
-0.69603306 0.67975211 -0.23124668 -0.71216023 -0.69460505 0.10174313
-0.69015139 0.67248780 -0.26730368 -0.72359961 -0.64625120 0.24241079
-0.68657964 0.68012536 -0.25697845 -0.72289699 -0.67633528 0.14138791
-0.69068104 0.68452507 -0.23320624 -0.71558172 -0.69349343 0.08372422
0.63735026 0.73507214 0.23120049 -0.67044151 0.67688572 -0.30386499
0.64562678 0.72436142 0.24179868 -0.65898728 0.68846858 -0.30289748
0.69920117 0.71203113 0.06426056 -0.65903974 0.67677462 -0.32808948
0.59394443 0.74158186 0.31190789 -0.64751160 0.67073894 -0.36171538
0.64905047 0.73526067 0.19525716 -0.65173542 0.66980749 -0.35580739
0.68608594 0.71873343 0.11273141 -0.63927555 0.66955453 -0.37818450
0.67442757 0.72420108 0.14380656 -0.60879064 0.65564364 -0.44666028
0.71530479 0.69841480 0.02357721 -0.62353796 0.65312260 -0.42968738
-0.67859375 0.60004836 -0.42361835 -0.73364097 -0.52559990 0.43071532
-0.67507148 0.64161354 -0.36415735 -0.73412859 -0.53535354 0.41767439
-0.67668575 0.59429502 -0.43463752 -0.72965401 -0.46231845 0.50385183
-0.66463655 0.61781925 -0.42018756 -0.74419636 -0.49729416 0.44594890
-0.66422033 0.60290122 -0.44195181 -0.74442470 -0.47958353 0.46457666
-0.66128832 0.59507334 -0.45671162 -0.74802607 -0.47753379 0.46088883
-0.66101950 0.60092008 -0.44938660 -0.74590230 -0.46096885 0.48076767
-0.63971114 0.66226453 -0.39009666 -0.73911977 -0.66929430 0.07581046
-0.63973016 0.67338085 -0.37054515 -0.73600489 -0.67561537 0.04290439
-0.62556618 0.68292654 -0.37719798 -0.74562216 -0.66562647 0.03144760
-0.62379301 0.67892051 -0.38723293 -0.77788621 -0.49111128 0.39204949
-0.64807308 0.63029772 -0.42746469 -0.69673574 -0.26405704 0.66695815
-0.66607922 0.64666939 -0.37169510 -0.67609030 -0.31297728 0.66704363
-0.66790575 0.64585555 -0.36982781 -0.66889852 -0.30305988 0.67877060
-0.65798819 0.67456460 -0.33468527 -0.65423822 -0.29203135 0.69763178
-0.63583040 0.76188052 -0.12352222 -0.72580850 -0.53577691 0.43144545
-0.66614014 0.69229078 -0.27747223 -0.73220390 -0.53624910 0.41989812
-0.65803748 0.73761886 -0.15134428 -0.74392605 -0.60576987 0.28216478
-0.66839743 0.68003106 -0.30133489 -0.74279815 -0.63132811 0.22288062
-0.66968954 0.68429625 -0.28853884 -0.74262321 -0.61435592 0.26660392
-0.66533804 0.67466795 -0.31960666 -0.73433620 -0.51435095 0.44293731
-0.68098176 0.57749838 -0.45028827 -0.71612185 -0.39662617 0.57433194
-0.67027116 0.62610561 -0.39840725 -0.71309453 -0.39471251 0.57939476
-0.68307036 0.56576717 -0.46186841 -0.72700018 -0.46618888 0.50412166
-0.65552729 0.74075270 -0.14686556 -0.75058115 -0.61769181 0.23470131
-0.64421779 0.76110035 -0.07556318 -0.75286198 -0.61360687 0.23808715
0.59786344 -0.80112702 0.02747272 0.74850720 0.54567301 -0.37679982
0.61974406 -0.78364325 0.04266880 0.70374578 0.53084791 -0.47216770
0.60316551 -0.79596037 -0.05136639 0.63050073 0.51524556 -0.58050925
0.55380642 -0.82756704 -0.09182192 0.68062299 0.51345670 -0.52260369
0.62279052 -0.78211784 -0.02058432 0.56858748 0.47051817 -0.67477471
0.60216099 -0.79729873 -0.04143599 0.59145087 0.48035267 -0.64764750
0.58483583 -0.80877376 -0.06206527 0.63498950 0.50409251 -0.58538806
-0.68462676 0.72576284 -0.06748712 -0.56225574 -0.46691987 0.68253523
-0.68574649 0.72558302 -0.05728024 -0.60603207 -0.52562761 0.59702659
0.61805910 -0.78475493 0.04650491 0.71311903 0.53477764 -0.45329267
-0.65416795 0.75331664 -0.06766340 -0.75628775 -0.65035009 0.07123015
0.59837961 0.80120921 0.00239444 -0.78351849 0.58578682 -0.20724997
0.58925438 0.80590743 0.05738077 -0.79127890 0.58999205 -0.16058379
0.57822883 0.80967450 0.10039309 -0.80168742 0.58670354 -0.11435201
-0.69051886 0.62135309 -0.37027574 -0.67815900 -0.73418945 0.03265316
-0.69054580 0.64731699 -0.32268769 -0.70098758 -0.70888895 0.07805733
-0.69270557 0.64339441 -0.32588756 -0.71840572 -0.65542716 0.23304193
-0.69288731 0.64306438 -0.32615235 -0.71830821 -0.65498459 0.23458163
-0.69472373 0.64819652 -0.31176972 -0.71558207 -0.66673058 0.20835711
-0.69027489 0.66784549 -0.27839357 -0.72354054 -0.63547415 0.26955849
-0.68587881 0.63434768 -0.35661361 -0.72771567 -0.59818220 0.33557123
-0.68867677 0.63589793 -0.34836501 -0.72367090 -0.57300031 0.38467014
-0.69616586 0.64346856 -0.31827882 -0.68439412 -0.72872746 0.02368575
-0.69710672 0.64338470 -0.31638345 -0.68621874 -0.72657925 0.03444473
0.58504266 0.79696387 0.15024589 -0.74065793 0.60051805 -0.30133685
0.48352459 0.79636496 0.36332753 -0.79065305 0.57545316 -0.20909655
0.54159725 0.79764766 0.26538795 -0.73577756 0.60248405 -0.30926415
0.54512864 0.79494148 0.26627588 -0.72960812 0.60629356 -0.31635457
0.56541342 0.79665220 0.21366577 -0.72479302 0.60353541 -0.33229509
0.45259804 0.75685024 0.47152174 -0.76419711 0.60170424 -0.23228191
0.39104265 0.71935177 0.57412434 -0.77090228 0.59676993 -0.22265516
0.35786286 0.70920104 0.60742748 -0.77097321 0.59141231 -0.23628758
0.38941181 0.73659408 0.55298066 -0.81618220 0.55419374 -0.16345020
0.33501244 0.73318338 0.59178436 -0.85520595 0.50023067 -0.13561733
0.35845873 0.74964982 0.55635643 -0.83953536 0.51949608 -0.15907310
0.39357159 0.78341478 0.48100188 -0.87655127 0.47749379 -0.06047803
0.44956064 0.82044691 0.35321692 -0.84955335 0.51488435 -0.11468756
0.44921640 0.80492920 0.38767740 -0.83541316 0.53225267 -0.13708417
0.40237278 0.82832706 0.38983396 -0.89250630 0.44972369 -0.03436856
0.41573206 0.84339792 0.34036282 -0.88204283 0.46512935 -0.07520103
0.56963044 0.80675739 0.15704706 -0.79313815 0.58967477 -0.15236691
0.36711466 0.67452109 0.64050615 -0.72752798 0.63727701 -0.25412819
0.45714915 0.72634882 0.51325625 -0.72862059 0.63679278 -0.25220439
0.48820519 0.70044047 0.52061397 -0.72365022 0.65834707 -0.20714602
0.49053124 0.69225037 0.52930963 -0.72368360 0.66198111 -0.19509803
0.51901555 0.71165645 0.47346386 -0.75564015 0.64091986 -0.13501732
0.50468826 0.70296681 0.50112611 -0.76350951 0.63437068 -0.12094207
0.42579436 0.64239979 0.63719833 -0.76592654 0.63082540 -0.12416068
0.29270935 0.54586214 0.78508329 -0.72987735 0.65796882 -0.18535411
0.37193140 0.62495077 0.68636990 -0.71802342 0.66231525 -0.21396489
0.49129778 0.74230444 0.45564303 -0.72424793 0.63876176 -0.25970837
0.47677603 0.81466371 0.33016312 -0.80382884 0.55606878 -0.21129784
0.59484857 0.78198946 0.18613905 -0.72939062 0.62241203 -0.28388825
-0.69030118 0.63813388 -0.34098315 -0.69811124 -0.71125418 0.08220829
0.55285573 0.80551952 0.21328115 -0.79461795 0.58670175 -0.15608802
0.57856888 0.80461109 0.13363777 -0.79152423 0.59342146 -0.14608365
-0.65378898 0.74380630 -0.13896818 -0.72916311 -0.57022566 0.37836999
-0.68856871 0.72125047 -0.07530582 -0.58222681 -0.48794410 0.65032494
-0.65613157 0.70100158 -0.27944249 -0.71933132 -0.46901542 0.51243252
-0.61342126 0.69473171 -0.37558240 -0.76527840 -0.40540665 0.49999449
-0.60886753 0.68342745 -0.40274975 -0.76624131 -0.37527755 0.52157563
-0.59000856 0.71251565 -0.37975174 -0.77603608 -0.37063596 0.51029110
-0.57464689 0.70507759 -0.41550764 -0.80789709 -0.40763775 0.42559823
-0.56217438 0.71190810 -0.42088816 -0.81483728 -0.38977188 0.42908984
-0.55981070 0.71251917 -0.42299947 -0.82587111 -0.43822458 0.35481846
-0.55669677 0.70402515 -0.44095039 -0.81387818 -0.35590360 0.45927662
-0.55317533 0.66750658 -0.49842954 -0.83284533 -0.45685986 0.31248650
-0.53596938 0.66941917 -0.51440740 -0.84351563 -0.39943004 0.35907799
-0.52596122 0.60094631 -0.60185415 -0.85025197 -0.38890025 0.35472274
-0.52518201 0.64309627 -0.55732501 -0.83413327 -0.25931382 0.48680398
-0.52395874 0.65649962 -0.54265594 -0.82948816 -0.24860996 0.50014246
-0.49992895 0.72655731 -0.47136572 -0.86360168 -0.45923752 0.20807007
-0.46862563 0.63744193 -0.61160272 -0.83662158 -0.54254258 0.07557663
-0.53764582 0.69488424 -0.47756991 -0.80894649 -0.58483881 0.05974298
-0.53488344 0.68498570 -0.49466592 -0.82999820 -0.53553587 0.15589885
0.76309741 0.63561338 0.11695290 -0.47659361 0.67567056 -0.56243038
-0.44371867 0.64317703 -0.62404895 -0.81731313 -0.57605654 -0.01257789
-0.55749613 0.70601797 -0.43673414 -0.81611955 -0.56249690 0.13246186
0.70905280 0.64463603 0.28581217 -0.50957274 0.74857998 -0.42422128
0.67025137 0.65086156 0.35657024 -0.54137331 0.75744241 -0.36496016
0.73419255 0.63263410 0.24644573 -0.50603980 0.75189531 -0.42258406
0.73328179 0.62975109 0.25634226 -0.50172698 0.75561577 -0.42108780
0.75926620 0.61546141 0.21147606 -0.46600744 0.74101269 -0.48346388
0.72752875 0.63268751 0.26534608 -0.45750409 0.73560452 -0.49957585
0.70358396 0.64420921 0.29994035 -0.46623245 0.73702353 -0.48930937
0.68817687 0.65105999 0.32020861 -0.41777885 0.71641088 -0.55876321
0.70009255 0.64493531 0.30647808 -0.47150385 0.73986834 -0.47987393
0.72415572 0.63449043 0.27022302 -0.41400135 0.71333522 -0.56546944
0.79003006 0.60001463 0.12583724 -0.52030808 0.76477599 -0.37999645
0.73706454 0.63371027 0.23483422 -0.54198408 0.76184070 -0.35475641
0.69028932 0.64944386 0.31894118 -0.54652405 0.75689083 -0.35836822
0.68640542 0.65461230 0.31674963 -0.55130625 0.75245738 -0.36037385
0.68371320 0.65518010 0.32136482 -0.56938559 0.75439483 -0.32663202
0.67243332 0.65917361 0.33663583 -0.57596594 0.75166321 -0.32134989
0.69672596 0.65708250 0.28777689 -0.56201530 0.74931419 -0.35023862
0.68227255 0.65823686 0.31816426 -0.55652297 0.74981570 -0.35785288
0.70915955 0.64031363 0.29511219 -0.51819772 0.75719041 -0.39766049
0.71415275 0.63169473 0.30157527 -0.50086612 0.76211119 -0.41026789
0.73917258 0.63057762 0.23663452 -0.55435407 0.76914614 -0.31797147
0.73967957 0.60772967 0.28903076 -0.47391421 0.77533966 -0.41743711
0.79430389 0.58222455 0.17348194 -0.50867999 0.79350632 -0.33405453
0.79337656 0.58329052 0.17414288 -0.49266168 0.78329402 -0.37912402
0.80385095 0.57459366 0.15383705 -0.50911522 0.79835308 -0.32161179
0.81535178 0.56639665 0.11998476 -0.50466579 0.79685384 -0.33216923
0.82781661 0.54999888 0.11054885 -0.49198079 0.80643159 -0.32805958
0.82830125 0.54924691 0.11065701 -0.47218069 0.79061931 -0.38982889
-0.50685138 0.78842926 -0.34854120 -0.82494956 -0.56094676 -0.06926008
0.77160180 0.59117669 0.23482089 -0.50342143 0.79318064 -0.34268260
-0.49945191 0.78419828 -0.36821306 -0.82792568 -0.55720913 -0.06369518
-0.49070865 0.77648222 -0.39532310 -0.83372796 -0.55026299 -0.04591680
-0.46329424 0.75421947 -0.46530798 -0.83272433 -0.55013764 -0.06259969
0.60258645 0.63225698 0.48697090 -0.34079850 0.75562882 -0.55935812
0.55989152 0.63540047 0.53177798 -0.46162447 0.77218211 -0.43662056
0.51659691 0.63550371 0.57381409 -0.34934461 0.76828569 -0.53637242
0.82968628 0.51419353 0.21731472 -0.26282102 0.70325798 -0.66057050
0.54754096 0.62516761 0.55620545 -0.37772486 0.77778107 -0.50237489
0.55355734 0.62307888 0.55258220 -0.42412752 0.78193998 -0.45682141
0.22390367 0.58157355 0.78207386 -0.29475984 0.80527574 -0.51443905
0.22351982 0.57238322 0.78893375 -0.28946877 0.81187582 -0.50701624
0.18393388 0.56799418 0.80221629 -0.29412356 0.81055039 -0.50645781
0.10626908 0.56761634 0.81640589 -0.04665901 0.82299739 -0.56612575
0.29548058 0.57498497 0.76294398 -0.33530563 0.81021559 -0.48075032
-0.24488480 0.83301628 -0.49610019 0.02776545 -0.50544459 -0.86241227
-0.33839640 0.80805159 -0.48222452 0.04530810 -0.49787199 -0.86606622
-0.28109568 0.82959217 -0.48245427 0.08276500 -0.47989488 -0.87341332
-0.61384398 0.65445501 -0.44145700 0.21977220 -0.39543164 -0.89181507
-0.35865796 0.80755997 -0.46820024 0.19309869 -0.42653617 -0.88361746
-0.28690812 0.83689046 -0.46615240 0.26532081 -0.39815342 -0.87811089
-0.35484985 0.80698407 -0.47207874 0.25262320 -0.40339381 -0.87946290
-0.28982696 0.83546305 -0.46690670 0.30255365 -0.38284966 -0.87286162
-0.30210641 0.82496661 -0.47766298 0.27858257 -0.40279835 -0.87186313
-0.24234438 0.84141546 -0.48300025 0.42750156 -0.35429242 -0.83169663
-0.23348728 0.82742143 -0.51074213 0.43241492 -0.38210720 -0.81670767
-0.24819010 0.81916207 -0.51708335 0.45311061 -0.37362477 -0.80937964
-0.19394347 0.84220523 -0.50306684 0.13429195 -0.48518354 -0.86403853
-0.22167775 0.83733892 -0.49972251 0.08026864 -0.49506417 -0.86514068
-0.12789954 0.85866553 -0.49632180 0.12752537 -0.48203954 -0.86681896
-0.37587133 0.78285408 -0.49584293 0.05253889 -0.51621550 -0.85484570
-0.18270341 0.84783483 -0.49779063 0.39854375 -0.39898077 -0.82581913
-0.52386838 0.63776350 -0.56464118 0.36259633 -0.43285531 -0.82532436
-0.21593723 0.81743270 -0.53401768 0.47323793 -0.39077073 -0.78952146
-0.27393121 0.76711142 -0.58008778 0.42320055 -0.44548196 -0.78895324
-0.22814173 0.80394721 -0.54919964 0.34066960 -0.46250498 -0.81855571
-0.30746010 0.78049034 -0.54433745 0.32233256 -0.45280179 -0.83130765
-0.26573312 0.80994296 -0.52285594 0.27821979 -0.45484817 -0.84599465
-0.25198913 0.81887174 -0.51570392 0.29466790 -0.44266888 -0.84688550
-0.23155819 0.82666928 -0.51283395 0.17015466 -0.48461854 -0.85801649
-0.24738123 0.83334339 -0.49430889 0.16072370 -0.46780428 -0.86909556
0.08961162 0.59680957 0.79736322 -0.25587797 0.78750789 -0.56067622
-0.30346709 0.80210340 -0.51433241 -0.05990774 -0.55478120 -0.82983667
-0.26454803 0.75993371 -0.59372985 0.42822048 -0.45907211 -0.77838302
-0.32672346 0.71631104 -0.61656338 0.48600176 -0.43217114 -0.75962520
-0.32035255 0.71830952 -0.61758047 0.48852447 -0.43328834 -0.75736719
-0.31996399 0.71855772 -0.61749321 0.49237236 -0.43071637 -0.75634181
-0.32390329 0.71546018 -0.61903423 0.53291672 -0.40265766 -0.74422216
-0.32589892 0.71296167 -0.62086684 0.48157805 -0.43993935 -0.75798154
-0.34931329 0.69632453 -0.62698686 0.43986100 -0.46896929 -0.76589173
-0.29501835 0.73054445 -0.61584824 0.43688637 -0.47007817 -0.76691377
-0.41511187 0.66126198 -0.62483180 0.37982580 -0.49811414 -0.77949649
-0.21076049 0.77642041 -0.59392875 0.45100659 -0.46181360 -0.76375473
-0.35342631 0.70563906 -0.61413634 0.19378227 -0.58703941 -0.78602368
0.18948013 0.67762715 0.71057636 -0.33282292 0.72516853 -0.60279310
0.18509348 0.68576527 0.70389378 -0.32828546 0.71827012 -0.61344659
0.24632552 0.69409329 0.67643058 -0.29614255 0.71845907 -0.62937766
-0.36884582 0.69338220 -0.61901051 0.13143423 -0.62036794 -0.77321959
-0.33981815 0.69473594 -0.63392878 0.12049959 -0.63632286 -0.76195353
-0.37318623 0.68037325 -0.63073319 0.18145204 -0.61319196 -0.76881135
-0.37639022 0.67058456 -0.63925481 0.18981434 -0.61954230 -0.76166779
-0.36816251 0.66534704 -0.64943802 0.21292947 -0.61959898 -0.75548542
-0.40112579 0.64962387 -0.64582276 0.18589094 -0.63263100 -0.75181288
-0.42480016 0.63633394 -0.64391303 0.20157209 -0.62693888 -0.75253993
-0.37989450 0.65858054 -0.64957821 0.04144360 -0.68940133 -0.72319311
0.18177947 0.72660840 0.66256809 -0.37533075 0.67405003 -0.63622594
0.16515926 0.72677338 0.66672552 -0.39910135 0.66743755 -0.62868536
0.51866472 0.71640223 0.46664205 -0.26124310 0.65248555 -0.71134704
0.43325907 0.71154886 0.55315894 -0.31209704 0.69423097 -0.64856672
0.38883677 0.71314555 0.58329189 -0.32749867 0.69875395 -0.63599336
0.39249930 0.70121008 0.59518808 -0.31965902 0.71077734 -0.62658900
0.68413329 0.63032013 0.36695808 -0.27927420 0.69116861 -0.66655225
0.82170892 0.54197007 0.17624693 -0.39402777 0.76370239 -0.51137155
0.65013194 0.64616770 0.39974475 -0.29117006 0.69781220 -0.65442961
-0.31820965 0.62881476 -0.70946079 -0.87410730 -0.48430663 -0.03719701
-0.32504848 0.64173073 -0.69464034 -0.89443505 -0.44716483 0.00543499
-0.29396158 0.58688438 -0.75442255 -0.91469765 -0.40174958 0.04388176
-0.32762557 0.64249879 -0.69271702 -0.90984613 -0.41215533 0.04804195
-0.30439681 0.60686940 -0.73420173 -0.89436144 -0.44734395 0.00103703
-0.25315875 0.55693656 -0.79103249 -0.91790950 -0.39652169 0.01458777
-0.25801763 0.57352066 -0.77749664 -0.92255676 -0.38523430 0.02198866
-0.23285551 0.51834619 -0.82285821 -0.92856872 -0.36996934 0.02971369
-0.24298839 0.55195737 -0.79768401 -0.88604760 -0.46098933 -0.04907605
-0.19866973 0.45842001 -0.86624557 -0.90392870 -0.42726976 -0.01880038
-0.19856673 0.45161721 -0.86983514 -0.92314154 -0.38429683 0.01120916
-0.20028919 0.45863074 -0.86576104 -0.92152745 -0.38824049 0.00752279
-0.18503882 0.41584414 -0.89041245 -0.92863727 -0.37045106 0.01997283
0.72192764 0.61030996 0.32610172 -0.16398177 0.60873473 -0.77624226
0.78383863 0.56617832 0.25502783 -0.17427005 0.59476250 -0.78478509
0.55015123 0.70337826 0.45010307 -0.25028986 0.65311402 -0.71470076
0.34926635 0.74701595 0.56566799 -0.37920061 0.66472608 -0.64369726
0.21104610 0.74643719 0.63110316 -0.37784827 0.65775543 -0.65160459
-0.52016628 0.52016610 -0.67738789 0.15009487 -0.72511369 -0.67207265
-0.32519937 0.61855990 -0.71528256 0.19146723 -0.69766021 -0.69036996
-0.46181065 0.55619150 -0.69092834 0.19259219 -0.69750571 -0.69021314
-0.46416390 0.56047368 -0.68587250 0.18847208 -0.69411290 -0.69475579
-0.47004059 0.55862761 -0.68337184 0.30173540 -0.62588906 -0.71917921
-0.39419615 0.60117209 -0.69512707 0.19345601 -0.68514609 -0.70224613
-0.48351496 0.55835778 -0.67412907 0.21218880 -0.67240304 -0.70911926
-0.41547209 0.60508913 -0.67915398 0.27686360 -0.62709504 -0.72807860
-0.41544634 0.59223837 -0.69040436 0.10450751 -0.72290158 -0.68300182
0.16136959 0.74450368 0.64782274 -0.36211026 0.65530920 -0.66290736
0.13766655 0.73583138 0.66302347 -0.37109095 0.65895766 -0.65426779
0.40241003 0.74366707 0.53387779 -0.30126545 0.65827358 -0.68986601
0.67688429 0.65033579 0.34480593 -0.14982325 0.58034587 -0.80046964
0.36833188 0.74887216 0.55092847 -0.35017326 0.66069943 -0.66396910
0.36755610 0.75204772 0.54710770 -0.35235304 0.65704006 -0.66644263
0.23298532 0.75397766 0.61419505 -0.34833381 0.65437227 -0.67116356
0.42686293 0.73575687 0.52578497 -0.30171168 0.66397411 -0.68418461
0.37142855 0.74808460 0.54991841 -0.25975454 0.65236449 -0.71200299
0.91719294 0.33563662 0.21472134 0.06783919 0.39948601 -0.91422582
0.91396248 0.34215447 0.21818091 0.06490839 0.40747330 -0.91090751
0.82663113 0.50273699 0.25285691 0.14482468 0.24414133 -0.95886439
0.85822874 0.45148748 0.24413621 0.05610399 0.39028180 -0.91898447
0.78226560 0.55568326 0.28156132 -0.04528771 0.50151777 -0.86396116
0.81626278 0.51946306 0.25273153 -0.08256680 0.53791100 -0.83894849
-0.16489150 0.58134377 -0.79677492 -0.93782061 -0.34259266 -0.05588205
0.74584228 0.59310824 0.30321947 -0.11771376 0.56539130 -0.81637996
0.74479103 0.59720618 0.29770967 -0.11367283 0.55316848 -0.82527769
-0.20821799 0.56389493 -0.79916698 -0.81290698 -0.55413753 -0.17920341
-0.20698377 0.55073154 -0.80861145 -0.83825231 -0.52601093 -0.14368606
-0.23506573 0.57643408 -0.78260326 -0.83224839 -0.53529477 -0.14429918
-0.24177760 0.57760900 -0.77968681 -0.82950705 -0.53993917 -0.14277208
0.76021999 0.59829152 0.25320530 -0.29295313 0.66356939 -0.68837070
-0.25827020 0.59494168 -0.76114446 -0.82458419 -0.54625875 -0.14718167
0.79139686 0.57268333 0.21383357 -0.25551292 0.62766880 -0.73535371
0.75960964 0.60198975 0.24617378 -0.32896173 0.68214470 -0.65304124
0.72135305 0.62927133 0.28925329 -0.31806514 0.67201114 -0.66875672
-0.26027113 0.59321249 -0.76181227 -0.81450933 -0.55858982 -0.15669098
-0.24864706 0.57867193 -0.77673256 -0.84035981 -0.52763635 -0.12407792
-0.26220575 0.56717354 -0.78074473 -0.78328127 -0.59765524 -0.17111023
0.74848741 0.62453979 0.22297245 -0.27831799 0.60103190 -0.74919945
0.78313851 0.59451765 0.18232627 -0.32352233 0.63992524 -0.69701439
0.76444519 0.61057693 0.20692845 -0.34410924 0.65786809 -0.66992426
0.77181977 0.60641938 0.19118023 -0.34555113 0.65243644 -0.67447841
0.76533175 0.61200082 0.19930467 -0.35089922 0.65632617 -0.66791141
0.69195890 0.66151524 0.28912020 -0.37096581 0.66936630 -0.64368719
0.70004475 0.65857899 0.27606344 -0.36686507 0.66335499 -0.65220422
0.69410104 0.65980262 0.28789645 -0.38713318 0.67929208 -0.62345028
0.69251949 0.65666896 0.29866809 -0.35214147 0.66904837 -0.65450042
0.71991581 0.63581270 0.27832261 -0.39022148 0.70241272 -0.59526771
0.69469893 0.64653289 0.31525958 -0.42723134 0.72347760 -0.54226714
0.76003063 0.61113697 0.22105414 -0.41092047 0.71542728 -0.56507373
0.76106942 0.60738081 0.22773212 -0.40556782 0.71954775 -0.56370723
0.77024937 0.60298705 0.20765984 -0.44069654 0.73862040 -0.51012409
0.80861086 0.57195288 0.13790725 -0.43824953 0.74193203 -0.50741917
-0.45404592 0.76621944 -0.45469779 -0.84563106 -0.53133178 -0.05093794
-0.42190209 0.73381644 -0.53245854 -0.87005168 -0.49285576 0.01016223
-0.41023511 0.71291572 -0.56873405 -0.87219280 -0.48889086 0.01629263
0.69611269 0.60548139 0.38577139 -0.44224292 0.78492469 -0.43395227
0.75643492 0.58693469 0.28864169 -0.32220268 0.71842438 -0.61648351
0.55448991 0.66922766 0.49464670 -0.34912142 0.72662354 -0.59171993
-0.39667019 0.70879722 -0.58331758 -0.87523860 -0.48363307 0.00751440
-0.37295625 0.70641929 -0.60156089 -0.84267169 -0.52923870 -0.09905019
-0.39957309 0.74237591 -0.53779131 -0.87370378 -0.48597440 -0.02169468
-0.34552544 0.64112520 -0.68525231 -0.88262433 -0.47004962 0.00526591
0.79657006 0.58065528 0.16827236 -0.37312093 0.69121283 -0.61887449
0.76112831 0.60927039 0.22242586 -0.44883546 0.74232537 -0.49749357
0.77189219 0.60313475 0.20102479 -0.47880042 0.75952441 -0.44031006
0.77398288 0.60293972 0.19342770 -0.47884881 0.75720400 -0.44423640
0.76526392 0.60881293 0.20908874 -0.48725274 0.76011032 -0.42990375
0.76659036 0.60683429 0.20997947 -0.49299416 0.76571637 -0.41308028
0.78174794 0.59634900 0.18231328 -0.50263673 0.77562195 -0.38179415
0.80952138 0.57451993 0.12083849 -0.50819647 0.78879100 -0.34575301
0.71142459 0.63041383 0.31056976 -0.48215795 0.75936091 -0.43691504
0.79834819 0.57871932 0.16650596 -0.38639861 0.70436209 -0.59545791
0.66960597 0.67576241 0.30817696 -0.34887597 0.65248573 -0.67271686
0.69160348 0.66407865 0.28404981 -0.33206072 0.64158279 -0.69145304
0.69782919 0.66238797 0.27253738 -0.30585647 0.61963379 -0.72284567
0.70388764 0.65544724 0.27373549 -0.34171700 0.65031952 -0.67846453
0.76579607 0.60884541 0.20703556 -0.34422106 0.66002035 -0.66774625
-0.31997159 0.62792832 -0.70945346 -0.81979775 -0.55886495 -0.12490615
0.72325563 0.64417708 0.24887177 -0.28563619 0.60715866 -0.74146509
-0.23303631 0.56015325 -0.79493552 -0.83113623 -0.53911990 -0.13624357
-0.19670476 0.51347858 -0.83525264 -0.87578869 -0.47501385 -0.08576764
-0.18463992 0.49186620 -0.85086763 -0.88030034 -0.46773240 -0.07935803
-0.16813570 0.49607474 -0.85184520 -0.86184204 -0.49343857 -0.11724668
-0.17107166 0.50195760 -0.84780484 -0.86222249 -0.49266320 -0.11770897
0.86128682 0.46659580 0.20118012 -0.08693614 0.52541161 -0.84639519
0.85418075 0.46990091 0.22263975 -0.06133060 0.51623136 -0.85425037
-0.17756459 0.42119327 -0.88941950 -0.94567567 -0.32313797 0.03577048
-0.18353367 0.51907557 -0.83479100 -0.85081524 -0.50923532 -0.12958737
0.65169966 0.65460026 0.38312683 -0.36173645 0.71222246 -0.60156965
0.43791053 0.71055949 0.55076271 -0.68503088 0.66046953 -0.30742931
-0.70605886 0.26550102 -0.65649843 0.29300618 -0.73445016 -0.61215228
-0.41250294 0.56570208 -0.71401858 0.37420487 -0.60940021 -0.69900084
0.84182739 0.48638022 0.23401076 -0.06053954 0.51590657 -0.85450304
0.96696275 0.20166788 0.15592691 0.12806720 0.14456894 -0.98117214
-0.19238484 0.43478113 -0.87974632 -0.93027669 -0.36616993 0.02246939
-0.19799697 0.45815152 -0.86654168 -0.90444976 -0.42617175 -0.01866376
0.71871060 0.62554872 0.30355209 -0.20065966 0.60459954 -0.77084059
-0.22879347 0.51843417 -0.82394153 -0.92831659 -0.37099290 0.02434321
-0.24785513 0.57417208 -0.78031677 -0.85275543 -0.51153743 -0.10553497
-0.31202778 0.62054944 -0.71941441 -0.82694292 -0.55020547 -0.11592834
-0.34371540 0.65518719 -0.67274779 -0.88037872 -0.47412089 -0.01194832
-0.40166235 0.73824978 -0.54189914 -0.89419651 -0.44389445 0.05805524
0.65468484 0.64122987 0.40026501 -0.29806745 0.70560712 -0.64286423
0.35691085 0.70047176 0.61802435 -0.34226090 0.71364951 -0.61119717
0.55724674 0.66967756 0.49092570 -0.34920281 0.72540879 -0.59316057
0.27062201 0.68831348 0.67304415 -0.24470030 0.72535217 -0.64341754
0.31238693 0.70050883 0.64163995 0.10588187 0.64555812 -0.75633579
0.39518264 0.66451061 0.63423681 -0.34258780 0.74723864 -0.56944543
-0.31974748 0.71706283 -0.61934036 0.21046156 -0.58357668 -0.78431135
-0.36830735 0.68318123 -0.63056582 0.42454225 -0.47981119 -0.76781845
-0.34096801 0.70439792 -0.62254679 0.55237377 -0.38573214 -0.73898172
-0.64647502 0.42397377 0.63428408 0.05530359 0.85522813 -0.51529253
-0.30760324 0.77658165 -0.54981929 0.23013979 -0.49995860 -0.83491147
-0.35315046 0.75506550 -0.55241370 0.17614685 -0.52623671 -0.83189374
-0.21782093 0.83150989 -0.51102382 0.48022655 -0.36451697 -0.79781574
-0.20677342 0.85526466 -0.47514969 0.32678884 -0.39738220 -0.85749429
-0.25669467 0.83577865 -0.48536775 0.33381543 -0.39462131 -0.85606152
-0.23962571 0.84072816 -0.48554680 0.30956990 -0.40784717 -0.85896868
-0.29406092 0.82406455 -0.48419598 0.17218512 -0.45263153 -0.87491542
0.11905453 0.54658693 0.82889611 -0.35491902 0.80310249 -0.47860107
0.43887204 0.60373014 0.66550827 -0.35539025 0.79688221 -0.48854536
0.62548476 0.59494096 0.50479114 -0.38344690 0.79784417 -0.46520227
0.50518078 0.60251868 0.61787027 -0.35856608 0.79776317 -0.48477250
0.15761611 0.55337715 0.81788200 -0.36894557 0.80125648 -0.47102794
0.15011348 0.54975682 0.82172590 -0.35321179 0.80611354 -0.47478679
0.11668570 0.53802431 0.83481395 -0.37577403 0.80198485 -0.46434286
0.09894397 0.53022981 0.84206086 -0.37719479 0.80304837 -0.46134305
0.16283318 0.54848582 0.82015169 -0.41650945 0.79176080 -0.44680512
-0.45941740 0.77797753 -0.42858672 -0.09686026 -0.52352643 -0.84648579
0.26414636 0.56705338 0.78017771 -0.41944909 0.79594594 -0.43650037
0.55667311 0.62473005 0.54756504 -0.52073753 0.77597916 -0.35593387
0.68788582 0.63301802 0.35510746 -0.54406267 0.77354121 -0.32500744
0.80317223 0.59300697 0.05707050 -0.54654574 0.77157265 -0.32552034
-0.54350317 0.75251532 -0.37192079 -0.80443835 -0.59349811 -0.02527873
-0.54257303 0.76356089 -0.35012764 -0.81094968 -0.58481735 -0.01869096
-0.54617810 0.78847253 -0.28284350 -0.81973368 -0.57259130 -0.01326498
0.72600406 0.62016040 0.29718566 -0.50829697 0.77499849 -0.37551504
-0.51459992 0.76437104 -0.38848904 -0.81738222 -0.57417554 -0.04699834
-0.50461829 0.76236457 -0.40516752 -0.82042968 -0.56956661 -0.04988956
0.83569640 0.53556693 0.12157182 -0.47271359 0.81415832 -0.33717662
0.82896757 0.53755808 0.15441562 -0.43440023 0.79272950 -0.42764062
0.82803094 0.53905374 0.15422660 -0.43550467 0.79159909 -0.42861009
0.82431281 0.54073733 0.16766527 -0.44084015 0.79889822 -0.40917188
0.82472759 0.53873515 0.17201439 -0.42279637 0.78936863 -0.44512969
0.79670209 0.56454515 0.21576539 -0.40624699 0.76456064 -0.50041008
0.79005063 0.57341152 0.21683913 -0.44134149 0.77750051 -0.44800740
0.74691200 0.59821039 0.29028738 -0.47099257 0.78415054 -0.40407175
0.55516267 0.61670363 0.55809599 -0.39546502 0.78601527 -0.47517100
0.52418101 0.62144810 0.58226854 -0.41726634 0.78345388 -0.46053115
0.53328508 0.62146229 0.57392651 -0.38929135 0.78263444 -0.48573208
0.08837589 0.56118011 0.82296216 -0.37760767 0.78340203 -0.49365354
0.18303439 0.58343369 0.79126698 -0.37639731 0.78512496 -0.49183732
0.45095780 0.63115317 0.63109654 -0.48567516 0.76675171 -0.41977531
0.39411098 0.62211013 0.67650247 -0.36836395 0.78129184 -0.50387603
-0.38038296 0.75250441 -0.53762996 -0.00490421 -0.58296210 -0.81248456
-0.44776684 0.72519082 -0.52307087 -0.04844953 -0.60381037 -0.79565430
-0.31921706 0.80617678 -0.49817628 0.15756802 -0.47321171 -0.86674279
-0.40861693 0.76675957 -0.49508795 0.03709656 -0.52803916 -0.84840947
0.43400943 0.61393690 0.65933102 -0.44010264 0.78306562 -0.43945181
0.26203191 0.57610387 0.77423745 -0.46829498 0.77738899 -0.41995969
0.33130509 0.59349662 0.73348397 -0.47784799 0.77586091 -0.41194808
0.36881587 0.59820920 0.71142161 -0.44576433 0.78545415 -0.42936701
0.34976542 0.59012038 0.72761399 -0.45038265 0.78694868 -0.42174312
0.58318704 0.60352814 0.54373413 -0.43342406 0.79728717 -0.42009121
0.56815785 0.60117155 0.56195152 -0.47184765 0.79745907 -0.37605700
0.48524332 0.60107702 0.63501608 -0.31486115 0.79764581 -0.51441586
0.60230267 0.60799968 0.51726979 -0.50837553 0.79174310 -0.33866972
0.59495211 0.60751408 0.52626860 -0.51352370 0.79100382 -0.33257535
0.75112015 0.60267365 0.26944965 -0.51472229 0.79021090 -0.33260751
0.70522207 0.61146849 0.35884279 -0.53055191 0.79088318 -0.30498946
0.72961342 0.61350530 0.30211842 -0.54425436 0.78842312 -0.28666404
0.76762462 0.60439450 0.21321303 -0.53766036 0.78835547 -0.29902694
0.75409395 0.61150557 0.23958983 -0.53670627 0.78403139 -0.31183526
0.76903129 0.60899770 0.19419758 -0.56397241 0.78944278 -0.24231224
0.75605839 0.61258727 0.23046158 -0.56683177 0.78889245 -0.23738270
-0.59096783 0.77824974 -0.21233100 -0.80137217 -0.59655464 0.04387841
-0.58316433 0.78275990 -0.21727011 -0.80692953 -0.58902442 0.04376066
-0.59429318 0.77799767 -0.20380200 -0.79901624 -0.60001379 0.03945265
0.80076408 0.59627032 0.05690877 -0.59165299 0.80220586 -0.08007798
0.79386747 0.60009009 0.09831767 -0.47100642 0.70907545 -0.52475226
-0.60187232 0.74153870 -0.29642904 -0.78547412 -0.61669552 0.05212560
-0.61472899 0.75296992 -0.23482896 -0.78675056 -0.60649717 0.11482501
-0.61253768 0.74679804 -0.25901785 -0.77941281 -0.62519079 0.04064770
0.78176677 0.62273818 0.03221793 -0.59792316 0.76327652 -0.24473853
0.67737663 0.64790452 0.34839731 -0.57753879 0.76171809 -0.29365715
0.56191587 0.62392408 0.54311079 -0.62193125 0.75155616 -0.21992007
0.67106962 0.64794970 0.36031488 -0.60169387 0.75992233 -0.24593197
0.76658338 0.63606763 0.08813579 -0.60548121 0.76168799 -0.23070303
-0.62600160 0.73950517 -0.24749580 -0.77625072 -0.62125742 0.10711738
-0.62610203 0.73837680 -0.25059152 -0.77639049 -0.62010163 0.11265749
-0.62266177 0.73550570 -0.26706493 -0.77600902 -0.62426496 0.09001813
-0.62712073 0.74048859 -0.24165320 -0.77594239 -0.62100750 0.11073934
-0.62901628 0.74219078 -0.23128198 -0.77458405 -0.62362850 0.10538960
0.63824821 0.68813729 0.34511784 -0.63148880 0.72439629 -0.27653575
0.54296786 0.66857457 0.50812787 -0.60973382 0.72994083 -0.30888692
0.26612961 0.55814874 0.78590399 -0.64658469 0.70804542 -0.28390142
0.34876779 0.59378135 0.72511017 -0.62039202 0.72618407 -0.29626092
0.36248854 0.59899718 0.71400595 -0.63426864 0.71987921 -0.28191710
0.29356384 0.53619528 0.79140061 -0.68770248 0.69349891 -0.21476638
0.29344463 0.52439809 0.79931033 -0.68690282 0.69717443 -0.20521306
-0.60743695 0.69731027 -0.38049808 0.00236574 -0.47740465 -0.87868047
-0.60575402 0.70081174 -0.37672943 0.04075839 -0.44553173 -0.89433789
-0.60198194 0.68000168 -0.41858754 0.01474722 -0.51465386 -0.85727119
-0.15932514 -0.35457668 -0.92135274 0.62796670 -0.75652641 0.18255301
-0.18552245 -0.35171089 -0.91754067 0.60507822 -0.77661669 0.17534800
0.26994109 0.45396984 0.84914273 -0.61711633 0.75851512 -0.20933808
-0.28840426 -0.39765915 -0.87102830 0.60732907 -0.77924937 0.15466703
-0.24979268 -0.36383489 -0.89734483 0.60330987 -0.78333712 0.14966708
-0.18007931 -0.35048664 -0.91909230 0.63184857 -0.75732601 0.16499951
-0.17694677 -0.34513840 -0.92172086 0.61998945 -0.76642102 0.16796431
0.48996705 0.58135331 0.64958495 -0.66447473 0.73140174 -0.15337797
0.42409396 0.54249567 0.72515023 -0.60172617 0.76721442 -0.22205339
-0.58787042 0.71489596 -0.37859237 -0.02609034 -0.48451364 -0.87439454
-0.52542472 0.74920744 -0.40325817 -0.00613251 -0.47727531 -0.87873244
-0.48029602 0.77133244 -0.41756681 -0.01996793 -0.48556542 -0.87397230
0.12845966 0.49722970 0.85805637 -0.40923604 0.81470066 -0.41083902
-0.49422920 0.77179724 -0.40008324 0.02032289 -0.44983593 -0.89287996
-0.51128864 0.76439369 -0.39279303 -0.01409878 -0.46444905 -0.88548762
0.41228819 0.59940225 0.68610156 -0.55464643 0.76258111 -0.33292249
0.45614913 0.61644417 0.64181346 -0.57983553 0.75298882 -0.31112480
0.61072159 0.66172099 0.43490747 -0.61494642 0.74236017 -0.26597443
0.52516544 0.64582443 0.55417693 -0.65775281 0.72123986 -0.21719661
0.54359090 0.64711958 0.53455144 -0.55229390 0.75533444 -0.35276264
0.61357623 0.66262281 0.42948258 -0.59272939 0.74585265 -0.30393383
0.58126545 0.66219831 0.47288889 -0.60972399 0.73929590 -0.28579432
0.47268063 0.63346136 0.61261714 -0.62174022 0.73238409 -0.27758354
-0.53892171 0.74609941 -0.39102325 -0.08404125 -0.50950962 -0.85635108
-0.60772401 0.70511943 -0.36534667 -0.12019963 -0.53641951 -0.83534801
-0.63240880 0.67240196 -0.38462284 -0.03098808 -0.51808387 -0.85476834
-0.31702131 0.81813121 -0.47974873 0.10482728 -0.47251511 -0.87506610
-0.36603326 0.79992145 -0.47554737 0.02462806 -0.50250494 -0.86422348
0.13375139 0.55077791 0.82386553 -0.40663558 0.78862959 -0.46120596
0.46457008 0.63842189 0.61367106 -0.39148176 0.76966381 -0.50434095
0.31799540 0.62619865 0.71186674 -0.43572247 0.76337546 -0.47686875
0.25902885 0.61965281 0.74090111 -0.50131589 0.74191999 -0.44523826
0.75447750 0.59441721 0.27826586 -0.43874669 0.77210528 -0.45973334
0.67157894 0.61906129 0.40711787 -0.41581950 0.76968217 -0.48444143
0.26256609 0.62175810 0.73788619 -0.51187539 0.73799741 -0.43970844
0.17401244 0.59634006 0.78364426 -0.53785634 0.72415531 -0.43163598
-0.58137596 0.72159916 -0.37589443 -0.01505506 -0.47145540 -0.88176131
0.25180662 0.49148113 0.83369046 -0.55998576 0.77658296 -0.28867769
-0.57493079 0.72530031 -0.37867409 -0.04641460 -0.49097833 -0.86993450
0.44282198 0.62862229 0.63932991 -0.53668112 0.75704247 -0.37263954
0.59618640 0.68467319 0.41926664 -0.64040792 0.72051185 -0.26597056
0.66662270 0.69943887 0.25768116 -0.65560365 0.71466374 -0.24380267
-0.63643253 0.73169649 -0.24407779 -0.76953143 -0.62393051 0.13613285
-0.63448578 0.73788106 -0.23012911 -0.77058405 -0.62707108 0.11393930
-0.63835645 0.74898243 -0.17755705 -0.76882261 -0.63166392 0.09956089
-0.62684470 0.73012018 -0.27201170 -0.77148181 -0.63046813 0.08559130
0.74316472 0.65729600 0.12517250 -0.62074298 0.74710655 -0.23771839
0.59704161 0.63811600 0.48615763 -0.63073075 0.74787128 -0.20704417
0.59267288 0.63579577 0.49447215 -0.63736022 0.74556053 -0.19470887
0.62496954 0.64406151 0.44113258 -0.61789167 0.75347364 -0.22469410
0.52124512 0.60313421 0.60376543 -0.61174917 0.75735414 -0.22842455
0.47802365 0.57942933 0.66011745 -0.56242645 0.77918762 -0.27666435
-0.61768198 0.72488534 -0.30497596 -0.14679995 -0.48726046 -0.86082929
-0.60480887 0.73662519 -0.30263767 -0.06901508 -0.42707315 -0.90157950
-0.59537387 0.73946273 -0.31420508 -0.12348612 -0.47064245 -0.87364000
-0.57089514 0.75593883 -0.32036743 -0.06879224 -0.43287551 -0.89882505
0.48570785 0.58330369 0.65103358 -0.60224330 0.76311862 -0.23442049
0.47931358 0.58436322 0.65481150 -0.61572230 0.75557613 -0.22358616
0.60757554 0.64799505 0.45929784 -0.72175336 0.69182283 -0.02128920
0.47261149 0.57481867 0.66799843 -0.63073128 0.75001222 -0.19914743
0.47631115 0.56978172 0.66968387 -0.61884940 0.75828511 -0.20501029
0.46832180 0.56182986 0.68192518 -0.62881148 0.75412124 -0.18946604
0.49171913 0.53361386 0.68809056 -0.60683262 0.77672130 -0.16869588
0.63665771 0.59575659 0.48963362 -0.61184615 0.77672035 -0.14949888
0.61343479 0.58836079 0.52681059 -0.61626822 0.77377546 -0.14657788
0.74673510 0.63189042 0.20760842 -0.60821843 0.77505594 -0.17134370
0.77963549 0.61890805 0.09550598 -0.58903039 0.77652323 -0.22372968
0.76533657 0.62093353 0.16941540 -0.60123760 0.78366446 -0.15615146
-0.61528540 0.75760132 -0.21786278 -0.78829056 -0.59295046 0.16433996
-0.61658275 0.73012108 -0.29453179 -0.78549242 -0.59577090 0.16750732
-0.62331021 0.75612849 -0.19938435 -0.78124005 -0.61319137 0.11687753
-0.63834125 0.75709677 -0.13901414 -0.76966739 -0.62507308 0.12998396
0.77504158 0.62601697 0.08610095 -0.60992676 0.77672875 -0.15710452
0.73372483 0.61601353 0.28666225 -0.58408362 0.78740466 -0.19707949
0.77734202 0.55129325 0.30301014 -0.55477875 0.82785201 -0.08295559
0.63108206 0.50888634 0.58546573 -0.53155738 0.83338135 -0.15140092
0.59241605 0.49364221 0.63667935 -0.52488428 0.83603525 -0.15981743
0.51278138 0.46036926 0.72464848 -0.54885483 0.82484013 -0.13563605
0.50021964 0.47194004 0.72598416 -0.57064384 0.81026661 -0.13354287
0.79192841 0.54901487 0.26726788 -0.54027998 0.83396679 -0.11223600
0.44797257 0.50160205 0.74007839 -0.53350151 0.81422859 -0.22892796
0.58261347 0.61519456 0.53112829 -0.65052128 0.74472499 -0.14901920
0.51517379 0.61081761 0.60124683 -0.58300126 0.76394939 -0.27656993
0.60749817 0.63871646 0.47221532 -0.63551080 0.74746603 -0.19344394
0.73303640 0.66116452 0.15974744 -0.63253152 0.74897212 -0.19734411
-0.63028908 0.74381208 -0.22243953 -0.77449411 -0.62226826 0.11375935
0.61191839 0.63996226 0.46476266 -0.59109247 0.76046622 -0.26888818
0.53656203 0.62239748 0.56984442 -0.60812712 0.75336766 -0.25023717
0.47013882 0.59086496 0.65562809 -0.73237020 0.67572898 -0.08381110
0.46446386 0.58254105 0.66702276 -0.53766072 0.78398514 -0.31030363
0.52293789 0.59230608 0.61295140 -0.43758932 0.80367047 -0.40327317
0.55257964 0.59921485 0.57930762 -0.50263655 0.79402900 -0.34186888
0.55897838 0.60315251 0.56899065 -0.53854305 0.78585732 -0.30397320
0.58217943 0.60582328 0.54225951 -0.52935475 0.78864521 -0.31276572
0.23628174 0.53890902 0.80854690 -0.46543789 0.79320741 -0.39267001
0.55347931 0.60373491 0.57372880 -0.51703310 0.78912157 -0.33160809
0.52832365 0.60727978 0.59336787 -0.49255514 0.78846580 -0.36838996
0.48858514 0.60126638 0.63226843 -0.48704591 0.78918689 -0.37412614
0.62864125 0.62389684 0.46428752 -0.51712734 0.78124285 -0.34962681
0.49889749 0.60450810 0.62102437 -0.49250057 0.78737563 -0.37078676
-0.62508935 0.75111985 -0.21232605 -0.77601147 -0.62732011 0.06538941
-0.61995357 0.75393116 -0.21736005 -0.78208923 -0.61606824 0.09378923
-0.59956455 0.74462289 -0.29335845 -0.78826225 -0.61282980 0.05551934
-0.57980829 0.77511096 -0.25104865 -0.80891269 -0.58447099 0.06367022
-0.57352889 0.76598579 -0.29039717 -0.80973721 -0.58378237 0.05936231
0.72303563 0.61654317 0.31159931 -0.54562211 0.78632867 -0.28979945
0.57511908 0.60327804 0.55253392 -0.49784642 0.79404449 -0.34877256
0.55653328 0.60057211 0.57409394 -0.47345915 0.79706967 -0.37485516
0.59201968 0.60688448 0.53028667 -0.45023850 0.79478717 -0.40693825
0.58932042 0.60803366 0.53197414 -0.44205785 0.79383570 -0.41762391
0.53250712 0.60620761 0.59071875 -0.44728416 0.79403150 -0.41164419
0.32242709 0.58450478 0.74457699 -0.44593889 0.78762394 -0.42519066
0.24938086 0.56757039 0.78464836 -0.35073876 0.80817413 -0.47311401
-0.48243773 0.78156739 -0.39548233 0.15812074 -0.36637598 -0.91693324
-0.47219694 0.78811163 -0.39485458 -0.05897892 -0.47518146 -0.87790895
0.32767001 0.58941549 0.73839134 -0.44109291 0.78657234 -0.43213537
0.18189129 0.56302136 0.80617774 -0.33719969 0.80585557 -0.48671678
0.52216256 0.61397362 0.59193128 -0.45409784 0.78765374 -0.41640943
0.75054055 0.59516662 0.28716841 -0.40093356 0.75556189 -0.51805270
0.71076429 0.62201071 0.32850689 -0.28040189 0.67883110 -0.67864799
0.59979343 0.60715830 0.52115893 -0.38939553 0.79047954 -0.47277191
0.81789982 0.54652262 0.17986944 -0.44117677 0.79639065 -0.41367269
0.64123982 0.59966826 0.47875831 -0.46293974 0.79991126 -0.38187534
-0.53865182 0.79140145 -0.28902936 -0.82422429 -0.56609136 -0.01396223
-0.56560087 0.78218484 -0.26130924 -0.81690401 -0.57480669 0.04759341
-0.57027638 0.76174295 -0.30746141 -0.79789400 -0.60265404 -0.01316397
0.62462682 0.63106608 0.45999670 -0.55933201 0.77259594 -0.30040511
0.62622571 0.63090348 0.45804170 -0.53262448 0.77522993 -0.33960235
0.41930881 0.59513354 0.68556273 -0.54259443 0.76972389 -0.33632797
-0.32440439 0.82122064 -0.46942359 0.19878298 -0.42599452 -0.88261771
-0.20492090 0.86118942 -0.46514532 0.38530353 -0.36588168 -0.84715509
-0.40918452 0.78822845 -0.45963457 0.07654892 -0.47230545 -0.87810469
-0.45441934 0.76807040 -0.45118833 0.05703873 -0.48037669 -0.87520564
-0.38589373 0.79271179 -0.47190475 0.09790137 -0.47344905 -0.87536359
-0.25323260 0.83373451 -0.49067301 0.05620104 -0.49366981 -0.86783153
0.33687368 0.57928586 0.74225610 -0.29597920 0.81352359 -0.50057530
0.34528300 0.58987796 0.72994769 -0.31385651 0.80557716 -0.50253314
0.64594167 0.61616570 0.45066544 -0.43729612 0.78255183 -0.44315308
0.63083321 0.61656523 0.47105932 -0.42208511 0.78210026 -0.45843583
-0.24107765 0.83687651 -0.49144605 0.07722092 -0.48823500 -0.86928910
-0.29696921 0.80400229 -0.51515990 -0.05345774 -0.55265045 -0.83169693
0.35518959 0.65315330 0.66875345 -0.41543275 0.75116539 -0.51299733
0.44784093 0.65042496 0.61350304 -0.19493538 0.74067938 -0.64295745
0.54881310 0.64357084 0.53349859 -0.35284060 0.75690025 -0.55009598
-0.47070616 0.76468772 -0.44010049 -0.83859730 -0.54278952 -0.04619734
0.63727647 0.61360604 0.46622574 -0.41899610 0.78363991 -0.45864025
0.80598354 0.57454300 0.14244628 -0.50232124 0.79116935 -0.34889039
0.80404675 0.56585300 0.18253553 -0.47514525 0.79607338 -0.37483889
0.65594196 0.62057763 0.42967841 -0.44308561 0.77742535 -0.44641364
0.56858855 0.65674579 0.49537063 -0.45797899 0.75295120 -0.47256720
0.58617663 0.65850991 0.47197637 -0.45905560 0.74997234 -0.47624519
0.49933875 0.66551375 0.55475432 -0.53959191 0.73983359 -0.40185422
0.59592617 0.67239529 0.43904063 -0.52117723 0.73977715 -0.42556331
0.69277757 0.65899980 0.29287997 -0.52397239 0.73901981 -0.42344141
0.70608491 0.65402836 0.27146092 -0.52990621 0.74230212 -0.41010618
0.41797674 0.66411757 0.61987364 -0.47048768 0.74194682 -0.47765711
0.57317799 0.67670679 0.46209833 -0.54903489 0.73577714 -0.39647546
0.24668615 0.61041963 0.75268447 -0.51031774 0.74210030 -0.43458366
0.35535467 0.63755697 0.68355262 -0.57295442 0.72636425 -0.37962919
0.33304721 0.63218349 0.69958818 -0.60693443 0.71153671 -0.35404253
0.51089370 0.68375719 0.52102184 -0.58528310 0.72058749 -0.37174904
0.43098801 0.65975839 0.61560392 -0.60767365 0.71653920 -0.34249714
0.43568292 0.66144961 0.61046278 -0.60482371 0.71742046 -0.34568220
0.44089344 0.66262734 0.60542387 -0.60990399 0.71604788 -0.33954775
0.59108871 0.70288914 0.39567795 -0.64762378 0.70598221 -0.28665763
0.30766651 0.59670383 0.74113828 -0.59107077 0.73025870 -0.34257510
0.19640942 0.54263467 0.81668299 -0.62535369 0.71084601 -0.32191721
0.46521947 0.66722381 0.58170724 -0.58609194 0.72465241 -0.36245719
0.51189458 0.65833932 0.55186355 -0.45479667 0.75268596 -0.47605035
0.68115616 0.66010672 0.31667873 -0.55909431 0.74824882 -0.35712373
0.74444366 0.62966961 0.22208069 -0.55642092 0.76891154 -0.31491396
0.70846117 0.64109123 0.29510152 -0.49364567 0.74897307 -0.44198793
0.68980402 0.65023124 0.31838641 -0.54068536 0.75512379 -0.37073886
-0.56863910 0.71601868 -0.40492833 -0.80478948 -0.58610618 0.09377395
-0.56996351 0.70738477 -0.41802934 -0.78687930 -0.61638546 0.02983227
-0.58067089 0.71719509 -0.38529542 -0.77908432 -0.62687707 0.00726292
-0.60138017 0.70663840 -0.37283248 -0.77374816 -0.63141036 0.05133133
-0.61015552 0.69346696 -0.38316298 -0.76661164 -0.63886076 0.06452463
-0.61562413 0.69735330 -0.36702231 -0.76684046 -0.63742530 0.07513130
-0.61964619 0.67966491 -0.39254844 -0.71886361 -0.29067579 0.63146079
-0.63063014 0.65530908 -0.41578335 -0.68972999 -0.22764090 0.68735164
-0.61785018 0.68035513 -0.39418033 -0.76699960 -0.63186419 0.11162107
0.71090376 0.69697946 0.09399766 -0.60894632 0.67688328 -0.41353771
0.70309174 0.70596403 0.08530462 -0.61862457 0.66639805 -0.41619381
0.71333051 0.69887310 0.05230692 -0.60876286 0.65487355 -0.44782645
0.69368756 0.71431333 0.09248869 -0.60792434 0.64950347 -0.45669830
0.69685972 0.71395588 0.06821758 -0.61201376 0.64154500 -0.46244922
-0.67027855 0.62052298 -0.40703565 -0.70355171 -0.35684422 0.61455452
-0.66485149 0.67685670 -0.31597075 -0.73130262 -0.50360489 0.45997688
-0.67207426 0.64533293 -0.36312762 -0.73710215 -0.62985218 0.24488086
-0.68473834 0.63999528 -0.34862509 -0.72871387 -0.59437990 0.34013048
0.70449984 0.70807010 0.04813346 -0.60836703 0.63744110 -0.47281969
0.50761926 0.68418413 0.52365524 -0.58208483 0.72043520 -0.37702835
0.68112403 0.71949828 0.13561852 -0.63443512 0.67244822 -0.38118958
-0.66883832 0.64174688 -0.37525493 -0.71637493 -0.69126403 0.09466232
-0.68724275 0.66119725 -0.30085823 -0.72367316 -0.65919292 0.20435718
0.67725986 0.72594112 0.11970238 -0.66424280 0.67325854 -0.32481468
-0.69038206 0.66794002 -0.27790070 -0.72343642 -0.63552725 0.26971284
0.61296719 0.76946878 0.17941304 -0.72153795 0.63767582 -0.26972681
0.54017514 0.76264220 0.35579163 -0.73051828 0.63482940 -0.25166377
-0.66944045 0.65522975 -0.35003355 -0.70080423 -0.71333617 0.00499247
0.63147938 0.48429689 0.60554969 -0.56793642 0.82057935 -0.06401446
0.44332671 0.37762776 0.81293219 -0.54019737 0.83628517 -0.09388313
0.47434098 0.40422356 0.78205109 -0.54216719 0.83402675 -0.10224545
-0.23490986 -0.26210803 -0.93601114 0.47795790 -0.86964720 0.12357173
0.33124116 0.29722276 0.89550990 -0.35026741 0.92000538 -0.17579210
0.21350732 0.28137302 0.93554467 0.14721753 0.93742424 -0.31553587
0.45745790 0.16125934 0.87448710 0.11699315 0.96395612 -0.23895878
0.57906801 0.17820376 0.79556501 -0.26560351 0.96381819 -0.02256702
0.11037500 0.25106585 0.96165657 0.30764738 0.91141760 -0.27326015
0.20813021 0.21543632 0.95408022 0.05870507 0.97093135 -0.23204775
