-0.07097164 -0.49657130 0.86508960 -0.21732268 -0.83874452 -0.49927801
-0.09317905 -0.38745081 0.91716939 -0.04158046 -0.91885912 -0.39238897
-0.00566120 0.34965819 -0.93686026 0.00876390 0.93685669 0.34960386
-0.05837096 0.28772551 -0.95593244 -0.11698439 0.94899625 0.29278105
-0.04883724 0.28151891 -0.95831209 -0.07377309 0.95581955 0.28454626
-0.13747483 0.26372361 -0.95475155 -0.12606141 0.95140678 0.28095132
-0.15894437 0.26636484 -0.95067686 -0.12254278 0.95014924 0.28670505
-0.15173185 0.34187374 -0.92741567 -0.03401616 0.93591744 0.35057300
-0.07668243 0.35706982 -0.93092477 0.03507460 0.93406212 0.35538399
-0.08211435 0.38633689 -0.91869533 0.11214317 0.91953582 0.37666681
-0.10605307 0.38879961 -0.91519815 0.13095737 0.91783303 0.37474361
-0.13397352 0.37827978 -0.91594517 0.12398586 0.92341340 0.36322895
-0.18822610 0.39002994 -0.90135878 0.15377566 0.91814750 0.36518249
-0.16258784 0.45281422 -0.87665534 0.19057223 0.88615930 0.42237902
-0.12433130 0.45212495 -0.88324672 0.23404185 0.87840003 0.41669881
-0.13204557 0.48000586 -0.86727065 0.20187463 0.86961752 0.45056859
0.03534000 -0.55704850 0.82972777 -0.26947159 -0.80480653 -0.52883989
-0.01097985 -0.54663944 0.83729619 -0.28237969 -0.80156958 -0.52701789
-0.00527275 -0.51486123 0.85725737 -0.25154176 -0.82902133 -0.49945009
-0.07926172 -0.55491138 0.82812488 -0.31653348 -0.77373558 -0.54876220
-0.08943412 -0.55242604 0.82875031 -0.31898388 -0.77236974 -0.54926705
-0.11760051 -0.54214394 0.83201575 -0.31588462 -0.77389038 -0.54891771
-0.12651110 -0.52058542 0.84438485 -0.25818443 -0.80460572 -0.53474337
-0.23951073 -0.48564199 0.84070599 -0.29552823 -0.78835374 -0.53959388
-0.26099780 -0.49320439 0.82983702 -0.33956361 -0.75778931 -0.55718207
-0.27604496 -0.48700362 0.82862937 -0.33783036 -0.75795507 -0.55800968
-0.29297158 -0.49050978 0.82071185 -0.34075755 -0.74844474 -0.56895936
-0.29161939 -0.49731085 0.81709248 -0.12257826 -0.82774937 -0.54754508
0.46015918 0.52312118 -0.71735471 -0.17765459 0.84589261 0.50289619
0.46228278 0.52303374 -0.71605194 -0.42786828 0.83886290 0.33650833
0.47695684 0.51574534 -0.71170145 -0.41745442 0.84550536 0.33294526
0.42694584 0.49955943 -0.75376230 -0.37045383 0.85702038 0.35816193
0.39764947 0.49729899 -0.77108276 -0.01713400 0.84426111 0.53565818
0.44622475 0.48338297 -0.75314301 -0.06310095 0.85647494 0.51231730
0.42527080 0.48402193 -0.76476634 -0.42165443 0.85363746 0.30579522
0.41298369 0.45834264 -0.78699839 -0.41325122 0.86435986 0.28654066
0.41390297 0.44686490 -0.79309285 -0.40517801 0.87060046 0.27908009
0.43346587 0.44099972 -0.78589231 -0.12013703 0.89257431 0.43460119
0.49152228 0.42683870 -0.75908792 0.00358179 0.87065011 0.49188992
-0.53163129 -0.36082932 0.76627052 -0.33335227 -0.74255431 -0.58093834
-0.55850482 -0.33988827 0.75666922 -0.19135015 -0.83480465 -0.51622325
-0.57161456 -0.33027530 0.75111598 -0.31173858 -0.75935549 -0.57113779
-0.55914503 -0.34058562 0.75588250 -0.32004428 -0.75238276 -0.57575339
-0.63263059 -0.29296708 0.71690232 -0.27323472 -0.78172815 -0.56057471
-0.66123873 -0.27319095 0.69866306 -0.26296607 -0.78782696 -0.55693591
-0.67646694 -0.26249927 0.68810368 -0.26575562 -0.78436744 -0.56048346
-0.67106861 -0.27058679 0.69025338 -0.22843236 -0.81026292 -0.53971523
0.75334972 0.23448373 -0.61439532 0.19055487 0.81635302 0.54521245
0.79581380 0.27582684 -0.53907329 0.10721581 0.81198543 0.57374603
0.81932592 0.25278339 -0.51459271 0.13030951 0.79195684 0.59650975
-0.09595256 0.75810212 0.64503819 -0.87735963 -0.37049124 0.30492038
-0.14307408 0.79339784 0.59165001 -0.89047921 -0.36409590 0.27291200
-0.10848086 0.76789111 0.63132817 -0.89884019 -0.34704533 0.26766753
-0.12334249 0.78263801 0.61013472 -0.88125372 -0.36906815 0.29526383
0.89716351 0.28406957 -0.33823380 -0.08680566 0.86421824 0.49557206
0.87568939 0.30359435 -0.37549785 -0.08337356 0.86101180 0.50170457
0.83612418 0.33426550 -0.43492866 -0.16955465 0.91154635 0.37461251
0.83532792 0.34191051 -0.43049330 -0.18057735 0.91026616 0.37256855
0.85741317 0.35420778 -0.37333563 -0.24234538 0.91787845 0.31427354
0.84294605 0.36798728 -0.39246315 -0.30366004 0.92761141 0.21754949
0.83473939 0.39916098 -0.37931615 -0.34758073 0.91623187 0.19926567
0.86100262 0.39862049 -0.31587380 -0.36236799 0.91659129 0.16896719
0.89159286 0.38203982 -0.24312118 -0.33702427 0.91840827 0.20722216
0.90619248 0.34248814 -0.24802655 -0.28855926 0.92958897 0.22934234
0.91956496 0.31870130 -0.22984746 -0.25396854 0.92840272 0.27123496
0.92147940 0.31491369 -0.22738746 -0.23495775 0.91806704 0.31929263
-0.30295417 0.87318355 0.38179752 -0.90746373 -0.38667962 0.16428185
0.91566437 0.31438440 -0.25044200 -0.20086978 0.89760834 0.39236540
0.88264835 0.34437168 -0.31990629 -0.11939483 0.82254326 0.55602837
-0.24834386 0.82526499 0.50721103 -0.90392262 -0.38565919 0.18490802
0.72175223 0.39005443 -0.57177907 -0.15881038 0.89737403 0.41170272
0.78118849 0.35560685 -0.51311630 -0.09387739 0.87947953 0.46658635
0.57429421 0.44209620 -0.68901175 0.01029840 0.83767688 0.54606909
0.67682755 0.39153773 -0.62338012 -0.06079835 0.87365949 0.48272428
0.74919605 0.35662717 -0.55814183 -0.05014642 0.87079322 0.48908541
0.80026585 0.31617230 -0.50951916 0.01632842 0.83789581 0.54558599
0.70694691 0.33536664 -0.62270004 0.05779558 0.85009456 0.52344906
0.81009364 0.25646639 -0.52723169 0.12275653 0.80512601 0.58026117
0.04393083 0.79026997 0.61118209 -0.85589898 -0.28576314 0.43101782
-0.72129673 -0.22992101 0.65335095 -0.24961501 -0.79361665 -0.55485594
-0.68513513 -0.27624112 0.67400354 -0.20777357 -0.81274641 -0.54431015
0.51555324 0.41583297 -0.74919152 -0.11956723 0.90070635 0.41765034
0.36277288 0.41557097 -0.83408433 -0.25424075 0.90523970 0.34044486
0.36927146 0.41598457 -0.83102077 -0.25788021 0.90497267 0.33841139
0.44319317 0.43143108 -0.78577799 -0.14126799 0.89922839 0.41404319
0.54056066 0.42022395 -0.72883886 -0.12741950 0.89721918 0.42280266
0.35337278 0.43003985 -0.83077884 -0.18393050 0.90267974 0.38902313
0.34953317 0.42465559 -0.83516121 -0.19058111 0.90497565 0.38039187
0.29945809 0.42029804 -0.85654801 -0.09607339 0.90646625 0.41120413
0.58809924 0.42365199 -0.68895459 -0.32151231 0.90409505 0.28149965
0.54227531 0.41778705 -0.72896606 -0.26727316 0.90831697 0.32175359
0.33147460 0.40257284 -0.85326415 -0.42686701 0.87052536 0.24488817
0.39582056 0.41461354 -0.81940329 -0.19577159 0.90986359 0.36581662
0.38543695 0.40903482 -0.82712090 -0.06796083 0.90652990 0.41663525
0.47946295 0.42898399 -0.76556391 -0.12165584 0.89644414 0.42613125
0.62985426 0.40219989 -0.66446888 -0.08917104 0.88727558 0.45253795
0.45672697 0.43105876 -0.77819592 -0.15524824 0.89996135 0.40739122
0.34044206 0.43027365 -0.83604056 -0.11784851 0.90166813 0.41606054
0.52030420 0.42880166 -0.73852062 -0.23997939 0.90336579 0.35544360
0.66843635 0.40299448 -0.62513065 -0.14963894 0.89617014 0.41771674
0.56354171 0.42697668 -0.70718580 -0.16109219 0.89643204 0.41286662
0.77728057 0.37534076 -0.50492996 -0.18490103 0.90339160 0.38690466
0.71960670 0.39788479 -0.56908166 -0.19281834 0.90182024 0.38670585
0.91776246 0.31477439 -0.24213465 -0.23947395 0.92504150 0.29487368
0.89854902 0.32441804 -0.29557174 -0.19655462 0.89963502 0.38990149
0.51117969 0.43232387 -0.74282664 -0.23416613 0.90163952 0.36361024
0.74881208 0.41280335 -0.51853055 -0.30605128 0.90931052 0.28193438
0.82725364 0.40952158 -0.38463429 -0.35421535 0.91157305 0.20872511
0.81262022 0.41852981 -0.40556276 -0.36135164 0.90781981 0.21281044
0.89435732 0.41437960 -0.16856617 -0.40664884 0.91010004 0.07971636
0.86080366 0.43138394 -0.27004623 -0.42787632 0.90072423 0.07495156
0.85820544 0.43207017 -0.27712610 -0.43297023 0.89932042 0.06131572
0.81061745 0.43120116 -0.39618808 -0.45935431 0.88785881 0.02646515
0.79021972 0.42192915 -0.44444197 -0.43195984 0.89793301 0.08442243
0.71680838 0.46872646 -0.51621836 -0.53964728 0.84175807 0.01497547
0.72062135 0.47677836 -0.50337595 -0.56450415 0.82499754 -0.02672501
0.74635065 0.49318093 -0.44691545 -0.57883477 0.81242371 -0.07012905
0.72892135 0.52556974 -0.43869156 -0.61648971 0.78256321 -0.08680588
0.73256713 0.53372055 -0.42247814 -0.62391764 0.77463955 -0.10324924
0.81724912 0.45280847 -0.35646659 -0.50928503 0.85696095 -0.07903573
0.73162347 0.53427756 -0.42340827 -0.62558907 0.77297211 -0.10560490
0.73119795 0.49226883 -0.47225094 -0.57661498 0.81592125 -0.04228073
0.74614960 0.52454937 -0.41001078 -0.60391259 0.79249001 -0.08514176
0.75588745 0.44497725 -0.48023891 -0.46265706 0.88205135 0.08907255
0.56663370 0.42974603 -0.70302534 -0.41731837 0.88537008 0.20485410
0.65309125 0.44272831 -0.61438066 -0.53440320 0.84426779 0.04031241
0.61862600 0.42211172 -0.66266406 -0.52079248 0.85181701 0.05641797
0.67367738 0.48255977 -0.55972749 -0.64194292 0.75735289 -0.11969101
0.67048270 0.48525003 -0.56123555 -0.67063385 0.71994001 -0.17870830
0.58337086 0.40173197 -0.70589656 -0.53505516 0.84395665 0.03812005
0.66057050 0.50566107 -0.55493563 -0.70924270 0.66271597 -0.24037960
0.67405009 0.51591116 -0.52867025 -0.68642014 0.70188105 -0.19023801
0.65867865 0.49147338 -0.56973362 -0.68640387 0.70265222 -0.18742926
0.66616285 0.50778466 -0.54624331 -0.69437146 0.68956202 -0.20579734
0.59889233 0.40357983 -0.69170177 -0.67804503 0.71513462 -0.16981596
0.64544028 0.47601730 -0.59733951 -0.67848110 0.71650159 -0.16213873
0.59953934 0.41434774 -0.68473983 -0.66140813 0.73825073 -0.13238260
0.58720320 0.39942724 -0.70402443 -0.64595151 0.75538224 -0.11020151
0.54388154 0.35490212 -0.76041925 -0.65184277 0.74935448 -0.11648542
0.44173270 0.26910594 -0.85583538 -0.61265177 0.78736687 -0.06863842
0.47541872 0.32472283 -0.81763816 -0.66644800 0.73963165 -0.09376588
0.45801431 0.31119755 -0.83269382 -0.64500880 0.76092505 -0.07040433
0.41174790 0.33044001 -0.84927803 -0.54436576 0.83658457 0.06158121
0.38647988 0.31915805 -0.86531585 -0.52105802 0.84969997 0.08067595
0.52674323 0.36709976 -0.76666778 -0.38084072 0.90826631 0.17324205
0.52952963 0.36951274 -0.76358283 -0.34426564 0.91629213 0.20467031
0.46940190 0.36733711 -0.80294794 -0.29193938 0.92278028 0.25149149
0.32682911 0.35495532 -0.87589353 -0.25400555 0.92568022 0.28035218
0.40205675 0.36229685 -0.84088725 -0.22843187 0.92903513 0.29105440
0.26866508 0.33040136 -0.90479499 -0.39223486 0.89545113 0.21052116
0.17363089 0.28373989 -0.94305038 -0.35738572 0.91046941 0.20813660
0.17802963 0.28392786 -0.94217330 -0.35559186 0.91133004 0.20744176
0.12946910 0.18601570 -0.97397941 -0.52867395 0.84394318 0.09090512
0.27557182 0.21699499 -0.93646854 -0.60063452 0.79947853 0.00850525
0.29262367 0.22494262 -0.92939347 -0.65810657 0.75250715 -0.02507724
0.26343819 0.19856428 -0.94401938 -0.69231701 0.72038919 -0.04167202
0.26836595 0.20574366 -0.94108939 -0.69530374 0.71752208 -0.04140970
-0.03654916 0.01340699 -0.99924195 -0.67087156 0.74077165 0.03447745
0.07874776 0.08617187 -0.99316323 -0.65590125 0.75472641 0.01347758
0.08422754 0.07908477 -0.99330330 -0.76538062 0.64343268 -0.01367196
0.26328853 0.05911322 -0.96290433 -0.79648781 0.57648903 -0.18239401
0.27453828 0.05279278 -0.96012586 -0.79636568 0.57208854 -0.19625624
0.39814633 0.19335362 -0.89671284 -0.78676933 0.57460868 -0.22543077
0.42096525 0.22331223 -0.87915862 -0.58420700 0.80818272 -0.07445042
0.47350991 0.32483628 -0.81870008 -0.61853331 0.78438032 -0.04652065
0.47829250 0.33059055 -0.81360078 -0.56630468 0.82419366 0.00198045
0.53467810 0.30744797 -0.78714359 -0.72298318 0.64867449 -0.23773250
0.54329872 0.32455510 -0.77426779 -0.75529367 0.59161812 -0.28199199
0.52523643 0.28583950 -0.80151272 -0.75742745 0.58634031 -0.28724346
0.55315238 0.33708450 -0.76183760 -0.73873425 0.62118983 -0.26152444
0.55209923 0.33101678 -0.76525450 -0.72667748 0.64104772 -0.24697724
0.59504265 0.39188120 -0.70167905 -0.66842914 0.72606486 -0.16134530
0.59849250 0.40965664 -0.68846804 -0.72710079 0.63856310 -0.25211453
0.60130918 0.41352266 -0.68368590 -0.72417635 0.64362037 -0.24763179
0.55264688 0.34010127 -0.76086307 -0.73842478 0.62310052 -0.25782669
0.50087488 0.30428067 -0.81027019 -0.70774168 0.68287683 -0.18105546
0.40774512 0.20347191 -0.89013654 -0.75901210 0.61744738 -0.20654170
0.53918076 0.31942749 -0.77926260 -0.78380352 0.52884042 -0.32554567
0.48342922 0.33832970 -0.80735940 -0.55596322 0.83106482 0.01536494
0.55533075 0.38212535 -0.73863930 -0.57300335 0.81952459 -0.00683054
0.53577906 0.37347743 -0.75726843 -0.60881084 0.79230708 -0.03998482
0.41330543 0.20887543 -0.88631243 -0.77254307 0.59567994 -0.21986979
0.16972645 0.15470813 -0.97327203 -0.70264739 0.71147561 -0.00943908
0.01442769 0.05648124 -0.99829942 -0.58379352 0.81103802 0.03744933
-0.07374570 0.10246766 -0.99199897 -0.49308136 0.86087209 0.12557894
-0.06001178 0.16343674 -0.98472685 -0.45007259 0.87610614 0.17283738
-0.07628356 0.14663640 -0.98624474 -0.45393163 0.87557113 0.16529174
0.16606769 0.20592454 -0.96437371 -0.48402685 0.86906201 0.10222174
-0.01936879 0.25655705 -0.96633500 -0.17598552 0.95055109 0.25589389
-0.07276712 0.24604563 -0.96652287 -0.29750443 0.91961795 0.25650352
-0.01915493 0.26163971 -0.96497554 -0.29188916 0.92164314 0.25568482
-0.08588875 0.23766801 -0.96754181 -0.31847346 0.91362983 0.25269592
-0.18107229 0.22346964 -0.95774430 -0.20658934 0.94347107 0.25919729
-0.20930390 0.21400811 -0.95414490 -0.24874088 0.93200809 0.26360747
-0.28270796 0.17925641 -0.94230747 -0.31374756 0.91106373 0.26744235
-0.31153062 0.22183025 -0.92398053 -0.26922065 0.91192240 0.30970612
-0.32283393 0.32141367 -0.89020872 -0.09987489 0.92375034 0.36974362
-0.25920466 0.33827093 -0.90464675 -0.02959729 0.93343753 0.35751694
-0.44914904 0.32312211 -0.83298093 -0.05430025 0.92071688 0.38643488
-0.19723518 0.38301161 -0.90244132 0.06469992 0.92360252 0.37785214
0.16081500 0.42616111 -0.89023888 -0.10309787 0.90429729 0.41426706
-0.02253101 -0.35458094 0.93475384 0.08700173 -0.93213946 -0.35149217
0.09842268 0.39517856 -0.91331643 -0.13574803 0.91452509 0.38107273
-0.30074006 0.26286548 -0.91676456 -0.26384950 0.90081322 0.34484628
0.13698499 0.46074024 -0.87690002 -0.01295707 0.88600278 0.46349895
0.19172522 0.45996273 -0.86699235 -0.03163601 0.88581759 0.46295404
0.45512548 0.48120803 -0.74919939 -0.25490138 0.87659109 0.40818316
0.50146461 0.45773011 -0.73417741 -0.25019202 0.88904989 0.38339838
0.29648003 0.45300567 -0.84076488 -0.19672927 0.89043462 0.41039488
0.48958245 0.46522745 -0.73747712 -0.27155796 0.88506103 0.37805197
0.43839106 0.49799839 -0.74820513 -0.27688286 0.86680704 0.41470650
0.42686242 0.49945152 -0.75388098 -0.27476639 0.86586684 0.41806474
0.43918082 0.50279260 -0.74452662 -0.26281747 0.86437547 0.42869818
0.43723798 0.52938086 -0.72703427 -0.23349234 0.84750283 0.47667634
0.48973891 0.54840803 -0.67779380 -0.38300586 0.83369833 0.39781114
0.46086824 0.54780120 -0.69822234 -0.41391999 0.82862419 0.37689823
0.46114850 0.54124725 -0.70313120 -0.40885302 0.83289701 0.37299049
0.49647629 0.54328781 -0.67701524 -0.43976438 0.82985204 0.34344271
0.28314960 0.52685022 -0.80140829 -0.16411604 0.84989631 0.50074178
0.38964954 0.53160155 -0.75204581 -0.20263219 0.84606200 0.49307141
0.46227241 0.50531679 -0.72866940 -0.33033967 0.86072838 0.38732731
0.73754507 0.46925890 -0.48561653 -0.25804439 0.86038446 0.43949035
-0.32519341 0.22664310 -0.91808617 -0.27279955 0.90709603 0.32055777
-0.23812848 0.22504142 -0.94480222 -0.39041573 0.86855042 0.30527973
-0.29833654 0.10823212 -0.94830436 -0.41858515 0.87807035 0.23190303
-0.32922405 0.09036346 -0.93991810 -0.50701845 0.82282323 0.25669876
-0.23317583 -0.00357016 -0.97242808 -0.59620899 0.79051733 0.14006096
-0.08213378 0.08467606 -0.99301767 -0.68699038 0.71702778 0.11796387
-0.13667183 0.02632283 -0.99026662 -0.71706510 0.68707711 0.11722945
-0.11503943 0.04932052 -0.99213582 -0.54512769 0.83180726 0.10455862
-0.23563884 0.07655204 -0.96882099 -0.40443704 0.89874369 0.16938293
-0.26504803 0.11706400 -0.95710278 -0.38298255 0.89816791 0.21591403
0.00211042 0.14451583 -0.98950028 -0.49886194 0.85773498 0.12420765
-0.00113329 0.04245244 -0.99909782 -0.65606046 0.75399607 0.03278205
0.12903455 0.14236481 -0.98136759 -0.61551052 0.78742486 0.03329992
0.34313056 0.16974229 -0.92382300 -0.74090767 0.65344560 -0.15512787
0.10113345 0.17209503 -0.97987515 -0.51930314 0.84923142 0.09555258
0.09927400 0.25918385 -0.96071243 -0.37138215 0.90536749 0.20587644
0.17706637 0.33873001 -0.92407227 -0.20740266 0.93066585 0.30140546
0.13244002 0.33925179 -0.93132585 -0.12103523 0.93810654 0.32450983
0.15254471 0.34644821 -0.92558295 -0.13624281 0.93497366 0.32750911
0.36072329 0.34374183 -0.86701804 -0.12718977 0.93905127 0.31938308
0.14790609 0.33981600 -0.92878896 -0.16169195 0.93479061 0.31626305
0.30460986 0.39065522 -0.86867797 0.00227141 0.91171914 0.41080785
0.30315152 0.41453671 -0.85805511 0.02308076 0.89696884 0.44149089
0.15920034 0.43930802 -0.88411748 0.04971039 0.89083588 0.45159751
-0.23861954 -0.44168386 0.86485612 -0.14212951 -0.86510819 -0.48102707
-0.23994920 -0.45837763 0.85575372 -0.17819378 -0.84573263 -0.50297457
-0.31676197 -0.44520783 0.83752722 -0.22659762 -0.82190931 -0.52260756
-0.34540528 -0.43435478 0.83188415 -0.22062439 -0.82401299 -0.52185017
-0.44012943 -0.40200958 0.80291623 -0.26596186 -0.79569358 -0.54418385
-0.40184814 -0.42082292 0.81328112 -0.29241091 -0.78267509 -0.54946858
-0.36793709 -0.45180193 0.81270993 -0.34168777 -0.74717909 -0.57006389
-0.22705205 -0.52184039 0.82227123 -0.33620498 -0.75041443 -0.56907332
-0.38526434 -0.44790554 0.80681598 -0.34397292 -0.74159604 -0.57594961
-0.42962083 -0.42329860 0.79764920 -0.34242973 -0.74097925 -0.57766056
-0.57868600 -0.32232374 0.74915290 -0.29197526 -0.77581930 -0.55933446
-0.51534265 -0.36656910 0.77462840 -0.31644711 -0.75862265 -0.56951994
-0.53296739 -0.35586947 0.76766056 -0.28207174 -0.78063190 -0.55771810
-0.60124886 -0.31469548 0.73448390 -0.27023506 -0.78494203 -0.55752939
0.67881346 0.28077599 -0.67851102 0.18727121 0.82726216 0.52968562
0.67416066 0.29699457 -0.67624092 0.13692053 0.84946460 0.50957102
0.72735339 0.35034069 -0.59010041 0.01622966 0.85085297 0.52515316
0.80571169 0.30462608 -0.50796825 0.05443317 0.81589746 0.57562876
0.53084671 0.37530994 -0.75983179 0.14558928 0.84287399 0.51804173
0.52895677 0.37516424 -0.76122051 0.14440806 0.84410757 0.51636112
0.44319791 0.40708238 -0.79866111 0.11827686 0.85659683 0.50224745
0.45436993 0.40008813 -0.79591304 0.01934689 0.88882524 0.45783779
0.29485399 0.43482324 -0.85087597 0.03634097 0.88471681 0.46471018
0.53550804 0.38192990 -0.75323349 -0.05733396 0.90627998 0.41877139
0.54439837 0.37869638 -0.74847817 -0.02871679 0.90018249 0.43456519
0.58539259 0.38105521 -0.71562034 -0.26504344 0.92411190 0.27526212
0.62942314 0.38297093 -0.67613602 -0.21679613 0.92211378 0.32047725
0.61933684 0.38194507 -0.68595910 -0.24262191 0.92403680 0.29544994
0.61833459 0.38497543 -0.68516886 -0.24632409 0.92281485 0.29620481
0.63316858 0.38879326 -0.66928130 -0.37149644 0.91123229 0.17789391
0.66274518 0.39315522 -0.63733661 -0.40700281 0.90352517 0.13413075
0.64699394 0.41200635 -0.64159936 -0.45784503 0.88278687 0.10519160
0.67488283 0.47250587 -0.56680816 -0.63232994 0.76624525 -0.11413611
0.74941194 0.39990097 -0.52769399 -0.36853465 0.91406345 0.16932274
0.78468710 0.36553666 -0.50064868 -0.26010045 0.92725420 0.26934633
0.47010413 0.38013783 -0.79655343 -0.15681738 0.92411149 0.34846276
0.69809425 0.37260962 -0.61141354 -0.19937101 0.92130804 0.33383045
0.68799567 0.37074333 -0.62386811 -0.09345451 0.89776367 0.43044937
0.47959134 0.37969795 -0.79108888 -0.14843099 0.92364597 0.35333616
0.53383893 0.38901907 -0.75078642 -0.06201600 0.90350980 0.42405665
-0.34696460 -0.47005397 0.81158167 -0.27620324 -0.77575046 -0.56738263
-0.48901623 -0.37718368 0.78650856 -0.26099622 -0.79709530 -0.54453665
-0.39348632 -0.41320345 0.82123780 -0.13538943 -0.85751402 -0.49632594
0.33271569 0.42265818 -0.84300679 0.05459036 0.88380533 0.46465901
0.42447492 0.37868372 -0.82244742 -0.18122488 0.92549276 0.33259708
0.47067457 0.36912978 -0.80137932 -0.08066732 0.92247671 0.37753099
0.57738036 0.37702370 -0.72421348 -0.33899310 0.91763103 0.20745359
0.57777047 0.39187497 -0.71597159 -0.48750618 0.86922717 0.08235206
0.39697170 0.31593561 -0.86174136 -0.52100217 0.85052854 0.07181871
0.57204783 0.39144689 -0.72078472 -0.49923262 0.86341339 0.07269239
0.37825480 0.24493870 -0.89270848 -0.64973021 0.75715727 -0.06755447
0.49924597 0.30697942 -0.81025743 -0.69043499 0.70593774 -0.15796036
0.60413295 0.41776672 -0.67859745 -0.71598846 0.65840477 -0.23208559
0.64888173 0.48084348 -0.58969665 -0.70390201 0.67363000 -0.22526589
0.48160061 0.34367219 -0.80619496 -0.50150049 0.86247456 0.06807972
0.72053570 0.52874196 -0.44862032 -0.63928199 0.75713551 -0.13440366
0.69677150 0.53579515 -0.47689945 -0.67359507 0.71727192 -0.17829962
0.65929973 0.47609577 -0.58194214 -0.65879983 0.73880595 -0.14194569
0.62629431 0.42073694 -0.65630472 -0.50566000 0.85998726 0.06877353
0.80493349 0.44710463 -0.39010200 -0.50007373 0.86503959 -0.04040722
0.83374459 0.46265671 -0.30136153 -0.49861380 0.86532271 -0.05099927
0.83532357 0.43658006 -0.33411443 -0.44987741 0.89214838 0.04100683
0.63929611 0.41982287 -0.64424324 -0.29261094 0.90759748 0.30107433
0.40128511 0.43266538 -0.80732334 -0.16176143 0.90102440 0.40247765
0.62637502 0.41495228 -0.65990072 -0.13642812 0.89183491 0.43129784
0.58638579 0.42759356 -0.68797934 -0.23843627 0.90280902 0.35788828
0.77401763 0.37678418 -0.50885206 -0.18450965 0.90300918 0.38798288
0.92465752 0.30439833 -0.22880149 -0.21466677 0.91294700 0.34705329
0.90825373 0.32338661 -0.26551130 -0.22638604 0.91345608 0.33815306
0.90436357 0.32544386 -0.27606678 -0.25681892 0.93166482 0.25699165
0.88514966 0.41020119 -0.21964779 -0.39007047 0.91151112 0.13035531
0.86846548 0.40941405 -0.27954957 -0.42062452 0.90697825 0.02157656
0.79451603 0.41291273 -0.44524986 -0.42447942 0.90198272 0.07902189
0.87174100 0.34988201 -0.34300178 -0.24652258 0.91819435 0.31007373
0.77608955 0.37133098 -0.50970423 -0.26732278 0.92576092 0.26740468
0.73262376 0.35007817 -0.58370179 -0.04937936 0.88266355 0.46740428
0.88840127 0.26420698 -0.37541708 -0.06723060 0.88384408 0.46292520
0.84926564 0.29665762 -0.43674049 -0.00133806 0.82842022 0.56010550
-0.19127232 0.84342748 0.50204080 -0.90495747 -0.34960160 0.24255048
0.81370622 0.32186502 -0.48403010 -0.05698815 0.87286401 0.48462439
-0.09576590 0.75646353 0.64698672 -0.88409984 -0.36329785 0.29390857
0.81678498 0.24779269 -0.52101940 0.13906585 0.79188603 0.59462368
0.80704695 0.30182180 -0.50752223 0.05961630 0.81345767 0.57856071
-0.71172690 -0.24052304 0.65999514 -0.22839007 -0.80927312 -0.54121637
-0.64384592 -0.28955892 0.70825005 -0.26733291 -0.78216791 -0.56280243
-0.73723179 -0.21591100 0.64021236 -0.25173604 -0.79155672 -0.55683655
-0.63258791 -0.29367203 0.71665150 -0.27315223 -0.78126454 -0.56126070
-0.53551722 -0.35491961 0.76632464 -0.32497078 -0.75093359 -0.57488507
-0.51883149 -0.36592418 0.77260172 -0.30835444 -0.76281345 -0.56836003
-0.78736150 -0.17051777 0.59244037 -0.33069330 -0.69421172 -0.63930589
-0.47412848 -0.40226200 0.78319061 -0.23942029 -0.79710442 -0.55434883
0.49821782 0.42892703 -0.75352550 -0.08802367 0.88959748 0.44818318
0.49501544 0.45118299 -0.74255890 -0.37241128 0.88230544 0.28783154
0.68197733 0.45066494 -0.57602793 -0.37666103 0.89153785 0.25156868
-0.38846135 -0.45353296 0.80212575 -0.10654588 -0.84254372 -0.52798486
0.19254810 0.45563617 -0.86909205 -0.22947277 0.88201535 0.41157159
0.50331157 0.53932369 -0.67513520 -0.43494952 0.83323842 0.34136888
0.41509461 0.52653974 -0.74192482 -0.13009918 0.84147382 0.52440071
-0.28963125 -0.48989764 0.82226163 -0.34351373 -0.74864483 -0.56703562
-0.30246538 -0.45991060 0.83486342 -0.24923724 -0.80725348 -0.53499776
-0.15811180 -0.53821141 0.82784611 -0.33606780 -0.75900757 -0.55764323
-0.09318732 -0.57237357 0.81468070 -0.35670096 -0.74473554 -0.56403321
-0.15599886 -0.55024010 0.82030499 -0.30626294 -0.76260000 -0.56977564
-0.15824229 -0.54672235 0.82222503 -0.35464653 -0.74568087 -0.56407970
0.26940000 0.51057470 -0.81653976 0.03140949 0.84277803 0.53734416
-0.18697548 0.48966807 -0.85162514 0.23317784 0.86426002 0.44573838
-0.25625786 0.38049862 -0.88856781 0.08205559 0.92450839 0.37222457
-0.25280604 0.37193322 -0.89317119 0.01882343 0.92487419 0.37980714
-0.07510630 0.44303286 -0.89335376 0.21033680 0.88276589 0.42009857
-0.30694816 0.32980162 -0.89275622 0.01472538 0.93957239 0.34203357
-0.19664259 0.25736585 -0.94609439 -0.14623213 0.94644386 0.28785476
-0.09561279 0.24732171 -0.96420443 -0.27731884 0.92367405 0.26442510
0.01344408 0.28306586 -0.95900625 -0.15232325 0.94847876 0.27782315
-0.08057590 0.34928674 -0.93354505 0.03765401 0.93698847 0.34732515
0.10055239 0.42426947 -0.89993590 0.03569568 0.90239954 0.42941928
-0.15513232 -0.47443086 0.86651564 -0.22873601 -0.83604884 -0.49870050
-0.08943269 -0.50096107 0.86083668 -0.22573340 -0.83161455 -0.50740689
