0.11679973 -0.88682431 -0.44710231 -0.98843938 -0.14761955 0.03458526
0.18567435 -0.64176095 -0.74408871 -0.96679026 -0.25465608 -0.02161008
0.19003925 -0.51487249 -0.83593744 -0.97237974 -0.21622983 -0.08787680
0.17605057 -0.45034114 -0.87532800 -0.97180498 -0.22119690 -0.08165248
0.20081487 -0.63335621 -0.74735093 -0.97295254 -0.21786427 -0.07680152
0.18837443 -0.56524688 -0.80312586 -0.97814626 -0.18126251 -0.10185163
0.17243138 -0.56783873 -0.80487680 -0.98060799 -0.17622210 -0.08575459
0.14658485 -0.65399462 -0.74216169 -0.98675668 -0.14935279 -0.06328496
0.10004414 -0.72726732 -0.67902386 -0.99329585 -0.11272783 -0.02561055
0.10383619 -0.84649968 -0.52216512 -0.99339283 -0.11406743 -0.01262449
0.08880270 -0.88863909 -0.44992736 -0.99531484 -0.09651169 -0.00582889
0.02424044 -0.72132069 -0.69217688 -0.99967879 -0.02261623 -0.01144086
-0.00438919 -0.78555268 -0.61877930 -0.99972957 0.01757931 -0.01522589
-0.02062715 -0.75652671 -0.65363747 -0.99937338 0.03441122 -0.00829020
-0.05787488 -0.74180025 -0.66811895 -0.99755311 0.06926385 0.00950928
-0.08084752 -0.75050062 -0.65590584 -0.99473119 0.10237189 0.00547543
-0.07882998 -0.71579200 -0.69384986 -0.99331027 0.11531400 -0.00610826
-0.08274539 -0.72560000 -0.68312365 -0.99066854 0.13438272 -0.02274092
-0.08175083 -0.72302604 -0.68596661 -0.99044937 0.13561022 -0.02489867
-0.13343324 -0.78468257 -0.60536677 -0.98045921 0.19361106 -0.03485055
-0.11094435 -0.69773185 -0.70771581 -0.97618794 0.21007681 -0.05408209
-0.11174557 -0.69235408 -0.71285260 -0.96809900 0.23774004 -0.07914615
-0.14391272 -0.72103375 -0.67779016 -0.96171457 0.26332515 -0.07592817
-0.10873382 -0.68744683 -0.71804863 -0.94712979 0.29099044 -0.13516544
-0.11362402 -0.70057952 -0.70446998 -0.94821590 0.28815192 -0.13362280
-0.05701650 -0.63910997 -0.76699901 -0.94063991 0.29185033 -0.17326288
-0.04460217 -0.63430065 -0.77179885 -0.93756497 0.29333162 -0.18689194
0.00947093 -0.69711667 -0.71689516 -0.99092317 0.08959807 -0.10021726
-0.05534284 -0.69033527 -0.72136986 -0.97981721 0.17653695 -0.09377136
0.02974779 -0.65403426 -0.75587976 -0.98645997 0.10280829 -0.12777844
0.04587395 -0.60414982 -0.79554921 -0.99425960 -0.10467515 0.02215935
0.05060397 -0.59977847 -0.79856437 -0.97238815 -0.21198246 0.09759492
0.05086049 -0.47699633 -0.87743247 -0.99600822 -0.08875658 -0.00948325
0.90272582 0.42751682 -0.04812001 0.10956562 -0.33662224 -0.93524379
0.91586649 0.39999613 -0.03452160 0.10052250 -0.31170988 -0.94484508
0.88641208 0.46014830 -0.05037048 0.07993193 -0.25933570 -0.96247387
0.08298337 -0.36845189 -0.92593575 -0.99525130 0.01679567 -0.09587890
0.95818138 0.28476062 0.02828193 0.09374476 -0.21897912 -0.97121578
0.13603191 -0.12111159 -0.98327380 -0.98891687 0.04299554 -0.14210847
0.14011270 -0.11979027 -0.98286253 -0.98759097 0.05421346 -0.14739424
0.12905137 -0.22892092 -0.96485287 -0.98173082 0.10769919 -0.15686154
0.15118927 -0.26221314 -0.95309287 -0.92271084 0.30844477 -0.23122849
0.17023569 -0.21720140 -0.96116775 -0.93012196 0.28669232 -0.22952285
0.16467325 -0.23289362 -0.95845884 -0.93917513 0.25989401 -0.22451112
0.14151821 -0.29253951 -0.94572371 -0.94893432 0.23200846 -0.21376553
0.14015715 -0.30388194 -0.94234377 -0.95418715 0.21264945 -0.21049273
0.15212512 -0.24591924 -0.95727831 -0.94836491 0.23642211 -0.21144412
0.09105798 -0.33235008 -0.93875021 -0.96445566 0.20538175 -0.16626364
0.08368098 -0.34729692 -0.93401414 -0.97488332 0.16560590 -0.14892025
0.07159887 -0.37214765 -0.92540789 -0.97657406 0.16259670 -0.14094494
0.07682417 -0.34255147 -0.93635279 -0.98634577 0.11109839 -0.12156969
0.07093766 -0.39052877 -0.91785359 -0.98798043 0.09918772 -0.11855996
0.04019693 -0.45673409 -0.88869470 -0.98975289 0.10376227 -0.09809531
-0.01103129 -0.48094708 -0.87668025 -0.99308914 0.10771622 -0.04659709
-0.02559117 -0.56388587 -0.82545614 -0.99081200 0.12400276 -0.05399120
-0.03711881 -0.56937230 -0.82124138 -0.99286252 0.11422157 -0.03431478
-0.02590276 -0.56176078 -0.82689410 -0.99130100 0.12120836 -0.05129151
-0.05375178 -0.69083244 -0.72101408 -0.97838742 0.18081972 -0.10031161
0.00361482 -0.52708244 -0.84980649 -0.98599863 0.13979802 -0.09090224
0.03129219 -0.47379988 -0.88007641 -0.98428780 0.13847928 -0.10954956
0.05159669 -0.43603027 -0.89845169 -0.96144742 0.22163588 -0.16277720
0.05168561 -0.43408960 -0.89938587 -0.97364050 0.17843497 -0.14207469
0.04150346 -0.44542688 -0.89435589 -0.97176468 0.19009776 -0.13977240
0.01846301 -0.48528600 -0.87416053 -0.96956563 0.20479539 -0.13416921
-0.01722269 -0.54779673 -0.83643425 -0.97614592 0.19029661 -0.10452944
-0.03048953 -0.56591231 -0.82390147 -0.98805612 0.14162871 -0.06071608
-0.04172943 -0.57393563 -0.81783658 -0.97372484 0.20677137 -0.09542309
-0.03148956 -0.56242704 -0.82624716 -0.96177709 0.24202688 -0.12809305
-0.04378407 -0.58874422 -0.80713272 -0.95295417 0.26716498 -0.14318292
0.01188891 -0.50409371 -0.86356717 -0.94059426 0.28743306 -0.18073389
0.03108241 -0.50117064 -0.86479008 -0.96674472 0.20466299 -0.15335494
0.05142803 -0.46928173 -0.88154972 -0.94900912 0.25194725 -0.18948439
0.05270130 -0.41139975 -0.90993011 -0.94766098 0.26673010 -0.17548123
0.03912047 -0.44702229 -0.89366704 -0.93661737 0.29521441 -0.18867016
0.03925371 -0.44146281 -0.89642054 -0.94674164 0.27050009 -0.17467122
0.11238956 -0.34861809 -0.93050212 -0.93748868 0.27319729 -0.21558839
0.12192903 -0.35215312 -0.92796630 -0.93110931 0.28322580 -0.22982314
0.11582296 -0.36310396 -0.92452180 -0.94114792 0.25743678 -0.21901362
0.07006206 -0.37472233 -0.92448610 -0.95230812 0.25078863 -0.17382279
0.07625466 -0.38967702 -0.91778916 -0.91905981 0.32948869 -0.21625535
0.10944995 -0.32029182 -0.94097501 -0.98396838 0.09919180 -0.14821392
0.01351887 -0.49285564 -0.87000608 -0.96428472 0.22375232 -0.14173882
0.05089173 -0.41703841 -0.90746301 -0.95210588 0.25405416 -0.17014980
0.07778785 -0.35237232 -0.93262148 -0.96261907 0.21689413 -0.16223899
-0.01739931 -0.48559397 -0.87401134 -0.99397582 0.10300584 -0.03744177
-0.00402386 -0.48612273 -0.87388134 -0.99479347 0.09093608 -0.04600532
0.05092236 -0.45293587 -0.89008766 -0.99574137 0.04555618 -0.08014889
0.08434659 -0.44091630 -0.89357626 -0.99348128 0.03180343 -0.10946956
0.11190126 -0.33794174 -0.93449110 -0.98774511 0.06513722 -0.14183390
0.11538685 -0.20915772 -0.97105044 -0.99276894 -0.05686063 -0.10572021
0.09303555 -0.38163364 -0.91961962 -0.98631716 0.09092651 -0.13751683
0.08494198 -0.40538886 -0.91018945 -0.98530012 0.10171210 -0.13725308
0.10582904 -0.32431266 -0.94001150 -0.97848397 0.13441150 -0.15653357
0.11249088 -0.32672298 -0.93840188 -0.97786111 0.13130015 -0.16293579
0.13433957 -0.36619046 -0.92079175 -0.99049926 -0.02205708 -0.13573769
0.12441027 -0.47614154 -0.87052363 -0.99219877 -0.05264269 -0.11300595
0.10322577 -0.48175138 -0.87020695 -0.99461359 -0.04173218 -0.09487998
0.09513827 -0.57600534 -0.81189078 -0.99545312 -0.05888283 -0.07487319
0.12103804 -0.56340396 -0.81726724 -0.99242610 -0.08608566 -0.08763390
0.12195763 -0.60554832 -0.78640807 -0.99186832 -0.10339960 -0.07420124
0.13950819 -0.49102753 -0.85990089 -0.98951453 -0.10192554 -0.10233405
0.14614694 -0.49131063 -0.85863554 -0.98707914 -0.13006224 -0.09358759
0.04256557 -0.61088294 -0.79057598 -0.99907970 -0.02183634 -0.03691859
0.02587146 -0.62355667 -0.78134996 -0.99965358 -0.01235292 -0.02324150
0.02668332 -0.56062001 -0.82764322 -0.99905074 0.01356367 -0.04139714
-0.02219239 -0.58484799 -0.81083930 -0.99849784 0.05360613 -0.01133688
0.04232366 -0.53852767 -0.84154421 -0.99855584 0.00509692 -0.05348188
0.05154952 -0.50439340 -0.86193389 -0.99761057 0.01374476 -0.06770718
0.07071989 -0.50282931 -0.86148793 -0.99723232 -0.01577488 -0.07265578
0.13851579 -0.43336573 -0.89050972 -0.99006629 -0.08250107 -0.11385239
0.04073070 -0.49072391 -0.87036258 -0.99720538 0.03463640 -0.06619515
-0.01086121 -0.51649797 -0.85621959 -0.99729240 0.06787722 -0.02829489
-0.04800641 -0.58513564 -0.80951321 -0.99737608 0.07204859 0.00706875
0.04186279 -0.46999434 -0.88167620 -0.98428673 0.13211128 -0.11715928
0.09164967 -0.30220610 -0.94882661 -0.98718625 0.09741938 -0.12638351
0.06026387 -0.40331540 -0.91307449 -0.97624373 0.16691290 -0.13816044
0.11156362 -0.31921613 -0.94109225 -0.97683513 0.13879327 -0.16287915
0.13249399 -0.30245203 -0.94391108 -0.97368491 0.13843815 -0.18103223
0.16806674 -0.26108104 -0.95057368 -0.94718027 0.22441313 -0.22910325
0.08380867 -0.35356691 -0.93164724 -0.96212012 0.21469048 -0.16802654
0.12681554 -0.34081405 -0.93153834 -0.93875605 0.26210475 -0.22369218
0.18937315 -0.16508454 -0.96792817 -0.96130812 0.16967718 -0.21701713
0.13269368 -0.30435282 -0.94327182 -0.92417789 0.30591705 -0.22871377
0.17545518 -0.21169695 -0.96145719 -0.92885303 0.28805500 -0.23293021
0.12631632 -0.23810966 -0.96298909 -0.97878706 0.12793961 -0.16002303
0.04224342 -0.43343636 -0.90019357 -0.95427948 -0.28436172 0.09213653
0.01398657 -0.54188997 -0.84033304 -0.93325204 0.29462180 -0.20552041
-0.02185636 -0.52189893 -0.85272735 -0.95344698 0.26747638 -0.13926697
-0.05192340 -0.56475776 -0.82362175 -0.95497227 0.26932326 -0.12447095
-0.07823111 -0.63489723 -0.76862574 -0.97858322 0.19615735 -0.06242844
-0.03151314 -0.56869060 -0.82194763 -0.98728198 0.14591779 -0.06310587
-0.05992759 -0.59934330 -0.79824579 -0.99393916 0.10966033 -0.00771666
-0.04854723 -0.58294106 -0.81106287 -0.99724418 0.07389732 0.00657861
-0.02024422 -0.67895442 -0.73390126 -0.99947906 0.03219777 -0.00221711
0.03256493 -0.66842216 -0.74306887 -0.99940151 -0.03045651 -0.01640175
0.09123159 -0.63794982 -0.76465476 -0.99535757 -0.08205833 -0.05029586
0.15091284 -0.60093355 -0.78492302 -0.98784536 -0.12158652 -0.09684150
0.15743268 -0.44184309 -0.88317025 -0.98287642 -0.15682387 -0.09674841
0.10732810 -0.84392029 -0.52562267 -0.98998189 -0.13949761 0.02182553
