0.72545356 -0.61288720 -0.31318760 0.47056937 0.77373558 -0.42414331
0.80681831 -0.57631445 -0.13002327 0.48017305 0.76788574 -0.42401087
0.78077143 -0.59841830 -0.17969832 0.48987472 0.76480579 -0.41844344
0.78451264 -0.61252302 -0.09672399 0.54174262 0.75287735 -0.37375203
0.77606261 -0.62030995 -0.11376506 0.54592443 0.75108868 -0.37125796
0.78225410 -0.61558819 -0.09554942 0.54566211 0.75108296 -0.37165475
0.43529248 0.80831838 -0.39641136 -0.86955982 0.49154264 0.04745094
0.41983134 0.80714971 -0.41503152 -0.86774445 0.49099398 0.07710090
0.50282514 0.77214336 -0.38853776 -0.84375787 0.53606325 -0.02662544
0.53100485 0.74934781 -0.39561564 -0.82793891 0.55821812 -0.05394140
0.59195238 0.75335562 -0.28643972 -0.77976471 0.62520826 0.03288859
0.58145964 0.73726290 -0.34401771 -0.79457730 0.60546058 -0.04543648
0.58387566 0.73937941 -0.33527201 -0.78946412 0.61339825 -0.02211607
0.56774318 0.68203104 -0.46097875 -0.80417019 0.57922858 -0.13343415
0.62747782 0.70332861 -0.33406651 -0.76483554 0.63716137 -0.09514162
0.63069940 0.69240266 -0.35042390 -0.76425856 0.63254505 -0.12568080
0.63412106 0.69401842 -0.34092370 -0.75106370 0.65766096 -0.05818444
0.64691645 0.69248605 -0.31931511 -0.75044811 0.65247554 -0.10537262
0.64649314 0.69260323 -0.31991795 -0.75114590 0.65123564 -0.10803651
0.63675308 0.67432010 -0.37394917 -0.73416656 0.67844313 -0.02672827
0.67432803 -0.73626703 -0.05650394 0.70786703 0.66630834 -0.23443034
0.65369743 0.68264335 -0.32661563 -0.75255680 0.63181019 -0.18567239
0.65252787 0.68169785 -0.33090103 -0.75262040 0.63383704 -0.17836264
0.66327488 0.69083029 -0.28778464 -0.74478519 0.64695978 -0.16351795
0.66989708 0.69939190 -0.24917638 -0.72783524 0.68488938 -0.03438778
0.66796440 0.69082975 -0.27672696 -0.74262935 0.64285785 -0.18771115
0.66879070 0.68431103 -0.29058114 -0.73922694 0.65369707 -0.16193733
0.66871917 0.70150262 -0.24639139 -0.73979235 0.66089433 -0.12619857
0.66504508 0.71991873 -0.19857506 -0.74657840 0.64743555 -0.15312718
0.66256279 0.72273284 -0.19664156 -0.74887085 0.64420080 -0.15555665
0.61686957 -0.78426766 -0.06630445 0.74154568 0.60736090 -0.28499609
0.59855813 -0.78975016 -0.13424923 0.77730542 0.61310518 -0.14106184
0.60842210 -0.79018122 -0.07373103 0.77542019 0.61168200 -0.15674399
-0.68382287 0.72240555 -0.10255039 -0.72947836 -0.67990941 0.07472985
0.61478978 -0.77750033 0.13238904 0.78129256 0.62331933 0.03248204
0.51803946 -0.79975474 -0.30336049 0.79214549 0.58237553 -0.18260418
0.55122083 -0.82354063 -0.13392717 0.82792509 0.55977374 -0.03454756
-0.57015806 0.78621960 0.23828247 -0.80712485 -0.59016430 0.01598927
-0.57084727 0.78653789 0.23556674 -0.80745417 -0.58979619 0.01258252
0.43445158 -0.78146476 -0.44784451 0.76500058 0.58260494 -0.27449149
0.46283764 -0.79074717 -0.40062487 0.77318645 0.58116269 -0.25383577
0.30128458 -0.75467128 -0.58283681 0.58517891 0.62893528 -0.51186544
0.21595591 -0.73595560 -0.64166385 0.52453566 0.64173371 -0.55950004
0.23882553 -0.74361843 -0.62449509 0.51834726 0.64144307 -0.56556785
0.22456616 -0.73103255 -0.64433026 0.55505818 0.63942760 -0.53201765
0.22256488 -0.72705263 -0.64950711 0.51842630 0.65247631 -0.55272859
0.21204665 -0.74304491 -0.63476020 0.45206863 0.65043825 -0.61038023
0.21039887 -0.74279660 -0.63559860 0.46044186 0.64881837 -0.60582840
0.28057417 -0.75810868 -0.58868444 0.49172437 0.64025235 -0.59015608
0.28510755 -0.75309438 -0.59292722 0.48393291 0.64706790 -0.58916217
0.26920030 -0.74761713 -0.60712427 0.48120356 0.65047979 -0.58763874
0.24585783 -0.74196202 -0.62373579 0.46168953 0.65544224 -0.59769422
0.47767597 -0.78966475 -0.38503915 0.80792803 0.56699556 -0.16052549
0.53561521 -0.80977392 -0.23954672 0.78050953 0.58300507 -0.22563261
0.52885711 -0.80157560 -0.27890262 0.75483787 0.59446508 -0.27718404
0.54742092 -0.80148095 -0.24074601 0.75044191 0.59745717 -0.28263384
0.32696414 -0.71935707 -0.61287832 0.68690598 0.62630153 -0.36865520
0.30481803 -0.70915198 -0.63575900 0.64760011 0.64378941 -0.40761417
0.28640521 -0.71439582 -0.63844407 0.60032570 0.65314132 -0.46153611
0.27717435 -0.71423072 -0.64268881 0.58751506 0.65526187 -0.47482416
0.19166712 -0.68635064 -0.70156014 0.50183702 0.68283933 -0.53093320
0.31566316 -0.70322680 -0.63704699 0.62195033 0.66038108 -0.42080235
0.31840658 -0.69947112 -0.63981044 0.63759094 0.65748304 -0.40148956
0.30713218 -0.69277430 -0.65248269 0.64064693 0.65750974 -0.39655086
0.32132855 -0.69211906 -0.64631206 0.62896252 0.66620559 -0.40071973
0.39203045 -0.71365333 -0.58052653 0.65633905 0.65914673 -0.36707595
0.36798143 -0.70416582 -0.60723978 0.67374319 0.65200442 -0.34779373
0.30749899 -0.67217761 -0.67351443 0.70662546 0.63534760 -0.31147045
0.48866099 -0.73666745 -0.46747366 0.66883355 0.66035080 -0.34146547
0.47601959 -0.73542124 -0.48224580 0.68274474 0.65467328 -0.32444197
0.63054186 -0.75214100 -0.19157496 0.67929453 0.65418136 -0.33257443
0.59415179 -0.76712769 -0.24186525 0.71463543 0.64145535 -0.27898258
0.54342288 -0.76465350 -0.34640521 0.69625479 0.64108074 -0.32286972
0.56908268 -0.76979935 -0.28905690 0.69901919 0.63802445 -0.32295057
0.45063132 -0.73639876 -0.50462699 0.68039405 0.64926612 -0.33987868
0.41613489 -0.73699343 -0.53260911 0.68077672 0.64081520 -0.35482246
0.47158146 -0.75882268 -0.44922066 0.65633553 0.64225626 -0.39589226
0.49351195 -0.73440158 -0.46594030 0.67204839 0.66206020 -0.33170360
0.43996549 -0.70822847 -0.55212569 0.72286230 0.64410573 -0.25019571
0.60533541 -0.73548448 -0.30435455 0.60736883 0.67394185 -0.42060146
0.59655291 -0.73642516 -0.31906521 0.63905311 0.67636168 -0.36625960
0.63078696 -0.73636711 -0.24468623 0.66579366 0.67557651 -0.31672576
0.57316595 -0.73463827 -0.36302552 0.65617079 0.67683220 -0.33367378
0.64122146 0.69790977 -0.31899390 -0.74632615 0.66386271 -0.04778795
0.53953004 -0.72297394 -0.43152764 0.65657449 0.68211836 -0.32190782
0.51640612 -0.70698959 -0.48320866 0.60260999 0.70092726 -0.38152626
0.51808417 -0.70339990 -0.48663893 0.61224043 0.70227349 -0.36328170
0.55570197 -0.70112467 -0.44678804 0.58976907 0.71121818 -0.38254559
0.63131988 -0.69842720 -0.33709759 0.59672427 0.71510595 -0.36406550
0.63783801 -0.69191855 -0.33824766 0.59131056 0.72135341 -0.36055672
0.52950263 -0.69805497 -0.48202315 0.59320670 0.71087629 -0.37783697
0.54415393 -0.68994325 -0.47736239 0.57525063 0.72099501 -0.38633266
0.56347871 -0.67091519 -0.48204213 0.51805842 0.74147397 -0.42641747
0.57848918 -0.66503942 -0.47230598 0.52629602 0.74669063 -0.40677467
0.59443945 -0.65962332 -0.45993361 0.52904040 0.75154173 -0.39408287
0.61514354 -0.63687450 -0.46474648 0.46662205 0.76923507 -0.43651041
0.62702101 -0.63442761 -0.45204684 0.46420425 0.77030385 -0.43720302
0.62933195 -0.63000125 -0.45501626 0.46065578 0.77396697 -0.43447840
0.62665868 -0.63029873 -0.45828196 0.50060129 0.77627927 -0.38313028
0.57742524 -0.62922430 -0.52024698 0.47278115 0.77719921 -0.41525838
0.61257517 -0.62724787 -0.48094893 0.44248140 0.77633381 -0.44890538
0.76685256 -0.58788693 -0.25753868 0.44007903 0.77370381 -0.45575526
0.49866280 -0.62761497 -0.59785867 0.23857206 0.76247144 -0.60143226
0.61861861 -0.60732317 -0.49846727 0.39572293 0.78892654 -0.47010466
0.60011518 -0.61023724 -0.51717728 0.41723981 0.79041958 -0.44849512
0.57975584 -0.61221349 -0.53765959 0.39723554 0.78851593 -0.46951735
0.61874217 -0.60873431 -0.49658903 0.41795456 0.79031020 -0.44802204
0.60417944 -0.60966617 -0.51310271 0.39775515 0.78869849 -0.46877024
0.60589260 -0.61002010 -0.51065618 0.39562801 0.78793633 -0.47184196
0.50997162 -0.61553490 -0.60087085 0.40142679 0.78810304 -0.46663710
0.64334333 -0.61071622 -0.46166551 0.46834072 0.79098123 -0.39370766
0.62640119 -0.60577184 -0.49057323 0.39894620 0.78981197 -0.46587446
0.33965153 -0.58712518 -0.73479313 0.38732043 0.79923135 -0.45957822
0.38828179 -0.59660411 -0.70235378 0.40561157 0.79499698 -0.45106441
0.29242647 -0.59709948 -0.74696654 0.45090103 0.77492279 -0.44292557
0.36658075 -0.61173612 -0.70099753 0.45668361 0.77474576 -0.43727469
0.53872228 -0.66982633 -0.51099020 0.51863247 0.74165237 -0.42540827
0.49570549 -0.66456258 -0.55913574 0.52120286 0.74261439 -0.42056087
0.43290693 -0.67385530 -0.59875762 0.56660348 0.72001886 -0.40066615
0.49160284 -0.69450718 -0.52534419 0.57400185 0.71210259 -0.40426707
0.51641881 -0.70480853 -0.48637089 0.60521752 0.70221204 -0.37497997
0.41899896 -0.68614078 -0.59468544 0.58649415 0.70450497 -0.39962161
0.49724528 -0.70246339 -0.50920755 0.56768489 0.70725852 -0.42133027
0.48722988 -0.70822519 -0.51090527 0.65094447 0.68454003 -0.32814083
0.32622600 -0.65681785 -0.67982858 0.59628844 0.70102447 -0.39115834
0.44984472 -0.70799947 -0.54440475 0.63201296 0.68304724 -0.36606854
0.44856656 -0.71192080 -0.54033029 0.63607192 0.67899632 -0.36657405
0.47498384 -0.71838200 -0.50824952 0.62041569 0.68297100 -0.38553226
0.42125094 -0.70872426 -0.56591302 0.63737869 0.67524683 -0.37120089
0.41902018 -0.71210605 -0.56331795 0.66106087 0.66456062 -0.34836429
0.45123008 -0.71097898 -0.53935182 0.65118951 0.67557704 -0.34575713
0.50032049 -0.71344954 -0.49058044 0.63027692 0.68858337 -0.35861403
0.64668036 -0.70700991 -0.28625423 0.62353420 0.70615715 -0.33548057
0.54799169 -0.72989839 -0.40859944 0.66864246 0.67572874 -0.31033525
0.53013313 -0.72865045 -0.43362126 0.66353470 0.67489380 -0.32286227
0.49735504 -0.72305024 -0.47941250 0.65493852 0.67533326 -0.33908784
0.35230884 -0.70859128 -0.61137307 0.67180175 0.64628959 -0.36192864
0.42842758 -0.74948752 -0.50469631 0.71549147 0.62251735 -0.31708708
0.66089869 0.72419298 -0.19686913 -0.75030476 0.64319885 -0.15276818
0.52232701 -0.76679122 -0.37310296 0.71163172 0.63302618 -0.30472657
0.62163389 -0.76728612 -0.15761751 0.71348786 0.63768750 -0.29032689
0.65429741 0.68136936 -0.32807121 -0.75081921 0.63713533 -0.17415279
0.65341300 0.67265916 -0.34724808 -0.74522942 0.65216589 -0.13897046
0.65935659 -0.74480325 -0.10255282 0.69048083 0.65386176 -0.30935600
0.62390560 -0.74321437 -0.24160758 0.66358709 0.66711521 -0.33854020
0.63987762 0.69236487 -0.33344805 -0.75916845 0.63685036 -0.13447997
0.65271682 0.68584162 -0.32184166 -0.74624133 0.65532362 -0.11693981
0.64529145 0.71033335 -0.28111470 -0.75151205 0.65635133 -0.06657805
0.65118450 -0.71110237 -0.26512668 0.62688112 0.70090699 -0.34021974
0.69973892 -0.70295739 -0.12734357 0.62779826 0.69013506 -0.35997641
0.58389270 0.73957622 -0.33480793 -0.77713478 0.62847006 0.03296876
0.76670927 -0.63649625 -0.08384219 0.56671333 0.73237008 -0.37745214
0.62589347 -0.67016554 -0.39891803 0.53747565 0.74127793 -0.40202850
0.62878054 -0.65892178 -0.41286448 0.52844059 0.75161135 -0.39475408
0.73094451 -0.61920565 -0.28688771 0.47352654 0.76291007 -0.44016016
0.60846782 -0.63406420 -0.47721025 0.45909062 0.77174717 -0.44004798
0.77183956 -0.58540368 -0.24812540 0.47050992 0.78835881 -0.39637208
