0.47486150 -0.57225531 0.66860336 0.20022348 0.81005096 0.55111533
0.47134256 -0.57363564 0.66990918 0.28968939 0.81813014 0.49673250
0.39767975 -0.58276320 0.70868748 0.46293384 0.79431140 0.39339766
0.33877656 -0.56729913 0.75060123 0.57740307 0.75523716 0.31019765
0.39132464 -0.59981602 0.69791538 0.55138922 0.76001376 0.34401914
0.36024240 -0.58976257 0.72277635 0.53669560 0.76475590 0.35651958
0.37590617 -0.60179842 0.70465118 0.50886452 0.76956654 0.38577753
0.43727583 -0.62779391 0.64394468 0.46174854 0.77117044 0.43827453
0.43925351 -0.62114948 0.64902210 0.70194614 0.68817306 0.18354699
0.47485632 -0.62829578 0.61624342 0.53733510 0.76154321 0.36238506
0.47285432 -0.62030083 0.62580806 0.52603304 0.76850140 0.36427319
0.54025108 -0.63676798 0.55014116 0.55454254 0.76112759 0.33640361
0.48271573 -0.61043185 0.62797970 0.62129962 0.74405956 0.24568723
0.43912810 -0.56758821 0.69642675 0.64870387 0.73660612 0.19129767
0.54764915 -0.62537456 0.55586606 0.62144947 0.74885982 0.23023829
0.52941006 -0.62115955 0.57782847 0.58841574 0.75950325 0.27734783
0.49286944 -0.62260354 0.60781956 0.45498151 0.77986103 0.42989355
0.48770446 -0.63398182 0.60017622 0.66041201 0.71754885 0.22131352
0.52020597 -0.65732813 0.54525733 0.67816836 0.70599759 0.20409606
0.51566511 -0.68110853 0.51978916 0.59367889 0.72146827 0.35641125
0.50686193 -0.68991315 0.51682764 0.59948766 0.71293944 0.36377469
0.50973707 -0.70351338 0.49521425 0.60597372 0.70218837 0.37380120
0.46973601 -0.69476515 0.54465544 0.56241512 0.71106678 0.42198732
0.47889692 -0.68491125 0.54913974 0.54855955 0.72184533 0.42192638
0.38447249 -0.68179375 0.62236506 0.61929482 0.69046056 0.37381577
0.36475310 -0.67342132 0.64300770 0.60398942 0.69670498 0.38703886
0.41030607 -0.69882745 0.58590889 0.60798770 0.68848264 0.39540181
0.40504304 -0.69975710 0.58845580 0.51545143 0.70635086 0.48515803
0.40009052 -0.70716500 0.58296251 0.51985222 0.69897187 0.49111304
0.41849667 -0.70994431 0.56642705 0.57893401 0.68906510 0.43591836
0.41015455 -0.70999014 0.57243985 0.56865776 0.68980217 0.44810858
0.34607461 -0.70353818 0.62069833 0.57490295 0.68184274 0.45230210
0.30305412 -0.69649303 0.65042734 0.60361916 0.66844434 0.43454131
0.30405805 -0.69579321 0.65070778 0.60400558 0.66901124 0.43312955
0.29377654 -0.69237792 0.65902060 0.58569032 0.67524761 0.44833869
0.23076630 -0.68466657 0.69136000 0.15354280 0.72725946 0.66896814
-0.22273408 0.71014661 -0.66789323 0.19357467 -0.63924515 -0.74424088
-0.22299854 0.71527112 -0.66231340 0.19380771 -0.63332802 -0.74922240
-0.24383703 0.71109700 -0.65945780 0.29039118 -0.59524935 -0.74923378
-0.17998102 0.72006655 -0.67015749 0.36079419 -0.58547795 -0.72597742
-0.17653129 0.72292119 -0.66799825 0.50440443 -0.51633126 -0.69208258
-0.19156086 0.72561854 -0.66089493 0.49753356 -0.50864387 -0.70266759
-0.23507006 0.70839608 -0.66552013 0.61241436 -0.42375523 -0.66736805
-0.24313909 0.70615053 -0.66500747 0.57050252 -0.45035818 -0.68680745
-0.23535642 0.71476603 -0.65857190 0.44913501 -0.52092820 -0.72588676
-0.30683467 0.67180204 -0.67419183 0.53407323 -0.46479326 -0.70621032
-0.31534582 0.67767143 -0.66431814 0.52938312 -0.45536926 -0.71581596
-0.38105810 0.64381796 -0.66354591 0.34152535 -0.56891400 -0.74812919
-0.35694024 0.65778291 -0.66326112 0.49398911 -0.46970937 -0.73167473
-0.39554253 0.63466758 -0.66388494 0.45620841 -0.49158967 -0.74176383
-0.40748444 0.62956953 -0.66151237 0.39372146 -0.53248161 -0.74929756
-0.40272093 0.64398980 -0.65045601 0.37068394 -0.53500229 -0.75918770
-0.40458137 0.63366073 -0.65938461 0.36585104 -0.54866922 -0.75174147
-0.39785907 0.63918567 -0.65814120 0.33924541 -0.56402093 -0.75285661
-0.15429264 0.73504341 -0.66023105 0.60662168 -0.45697811 -0.65052378
0.05535838 -0.77563739 0.62874651 -0.83245093 0.31185657 0.45800769
0.07780376 -0.75515890 0.65090835 -0.75792247 0.37935099 0.53070366
0.03168631 -0.78695035 0.61620224 -0.66119254 0.44583282 0.60337186
0.02619803 -0.79401147 0.60733801 -0.60451931 0.47128651 0.64221913
-0.16974020 0.71376854 -0.67950189 0.19720554 -0.65095997 -0.73304927
-0.17494847 0.71476680 -0.67712736 0.17799768 -0.65344077 -0.73575270
-0.14851066 0.72271204 -0.67500520 0.22015162 -0.64128351 -0.73504341
0.10550948 -0.67089295 0.73400992 0.23422036 0.73412931 0.63733435
0.20627998 -0.68778467 0.69598913 0.50038791 0.68539321 0.52900678
0.27421016 -0.70578235 0.65320760 0.58806133 0.66050953 0.46680957
0.31776330 -0.70775765 0.63095617 0.57706952 0.67236823 0.46358579
0.26880592 -0.70105314 0.66050577 0.47335848 0.69337130 0.54329371
0.25420028 -0.69753826 0.66994232 0.42643771 0.70256370 0.56969750
0.27700299 -0.69839013 0.65993989 0.38961008 0.70945835 0.58725876
0.39869648 -0.69923389 0.59339124 0.33605742 0.71342838 0.61488652
0.12049378 -0.66781765 0.73450726 0.42497110 0.70337290 0.56979477
0.28507623 -0.70264959 0.65193188 0.40107560 0.70519292 0.58467209
0.14407012 -0.67863876 0.72020364 0.35223579 0.71529818 0.60355490
0.20433274 -0.69085974 0.69351357 0.39665624 0.70612705 0.58655649
0.11373751 -0.66765487 0.73573142 0.38958919 0.71119809 0.58516461
0.09194435 -0.65949786 0.74606228 0.36481541 0.71945179 0.59101522
0.09426302 -0.66032970 0.74503636 0.37256467 0.71738696 0.58868641
0.13153024 -0.64769489 0.75046062 0.79457551 0.52154750 0.31086633
0.29984197 -0.70851052 0.63883305 0.41028517 0.70032251 0.58413565
0.35246879 -0.71500969 0.60376060 0.39989462 0.69837195 0.59360009
0.39634043 -0.74369729 0.53835744 0.56609428 0.65960389 0.49442902
0.40711764 -0.73168057 0.54671639 0.55842954 0.67305666 0.48492393
0.34728241 -0.71399152 0.60795653 0.46054932 0.69459397 0.55266041
0.16027632 -0.68036640 0.71513152 0.40463927 0.70611173 0.58109659
0.39108202 -0.72389686 0.56835568 0.50847948 0.68467861 0.52217221
0.40709770 -0.72639734 0.55373144 0.53695339 0.68074888 0.49825907
0.41639540 -0.72047174 0.55455875 0.52404159 0.68862802 0.50117058
0.43401998 -0.71959281 0.54204512 0.51995403 0.69142723 0.50157380
0.40508920 -0.72853148 0.55239892 0.80848539 0.56756163 0.15564439
0.40256190 -0.74053603 0.53809893 0.79979366 0.57048243 0.18676174
0.31288445 -0.70935798 0.63159692 0.46395302 0.69439739 0.55005449
0.20413780 -0.68692440 0.69746876 0.39830068 0.70911491 0.58181840
0.18712626 -0.67889178 0.70999277 0.39380872 0.71398330 0.57891506
-0.14103463 0.72552031 -0.67359447 0.21411005 -0.64193940 -0.73625457
0.29446751 -0.69847846 0.65223974 0.59106576 0.66941714 0.45002443
0.35011250 -0.70917469 0.61195791 0.63909417 0.65847844 0.39744794
0.31490707 -0.70458353 0.63592118 0.57464188 0.67478806 0.46308520
0.34782410 -0.70285076 0.62049925 0.62382656 0.66755456 0.40646195
0.45709389 -0.72760993 0.51151639 0.64216447 0.66789806 0.37621418
0.39215857 -0.70524246 0.59063089 0.59685075 0.68363833 0.42000943
0.40289709 -0.71806014 0.56750643 0.50364125 0.69167799 0.51761669
0.42248780 -0.70568967 0.56877613 0.54025263 0.69994169 0.46712831
0.41126186 -0.70895362 0.57292986 0.61737776 0.67906994 0.39712557
0.17845826 -0.53316694 0.82697386 0.67240614 0.67967844 0.29309943
0.44547415 -0.66298181 0.60167092 0.67616862 0.68962204 0.25926337
0.46363333 -0.66561401 0.58480954 0.69310868 0.68362689 0.22859299
0.47777504 -0.66237909 0.57704854 0.68553030 0.69188207 0.22659968
0.48681447 -0.65696150 0.57568514 0.68061692 0.69837701 0.22142771
0.42476022 -0.64291757 0.63736635 0.58634746 0.73178571 0.34739953
0.43740016 -0.65801322 0.61294347 0.55097675 0.73478055 0.39562878
0.43781769 -0.69894248 0.56550437 0.53470737 0.70808703 0.46119502
0.46689358 -0.67354786 0.57301289 0.57121235 0.72436249 0.38602528
0.47469515 -0.70520991 0.52663416 0.56391299 0.70309079 0.43320376
0.50641924 -0.68337828 0.52586478 0.58287215 0.72071481 0.37527359
0.53159219 -0.68715101 0.49521020 0.61498606 0.71515656 0.33217961
0.52360052 -0.69732195 0.48947394 0.61550683 0.70685184 0.34858564
0.55796456 -0.69832015 0.44835761 0.74118513 0.66235262 0.10924135
0.60276347 -0.70387512 0.37581387 0.62439084 0.70933318 0.32708183
0.61413318 -0.69176435 0.37987176 0.61337978 0.72125620 0.32179928
0.58207458 -0.69689542 0.41895831 0.48643792 0.71130842 0.50736421
0.46135283 -0.69302642 0.55395675 0.48928842 0.71958554 0.49274093
0.61699599 -0.70464307 0.35041988 0.68418860 0.70031923 0.20356569
0.54377717 -0.64023536 0.54259109 0.65677446 0.72714025 0.19978581
0.56263620 -0.64710730 0.51448286 0.65056324 0.73057079 0.20744586
0.57559294 -0.65105164 0.49479753 0.65971351 0.72724259 0.18946345
-0.63308543 0.63126206 -0.44800785 -0.75445068 -0.63270259 0.17461888
0.57815385 -0.63579649 0.51137179 0.42052111 0.76927662 0.48101494
0.38858071 -0.59970713 0.69954020 0.50140673 0.77457750 0.38551414
0.41318572 -0.59420854 0.69006795 0.59599972 0.74939400 0.28843215
0.35698768 -0.56479347 0.74402165 0.61284196 0.74273163 0.26976755
0.52797920 -0.55838114 0.63988167 0.18499783 0.81098616 0.55504704
0.72577244 -0.44584581 0.52390456 -0.03015387 0.74021190 0.67169720
0.68765426 -0.46049121 0.56131941 0.12889594 0.83827567 0.52979231
-0.81334084 0.31129602 -0.49149930 0.14507940 -0.70959699 -0.68951011
0.34828612 -0.58396429 0.73326844 0.51287270 0.77348912 0.37239245
