-0.96400714 -0.23426849 -0.12573196 -0.23432930 0.97204894 -0.01451737
-0.94535232 -0.22403035 -0.23689523 -0.22917752 0.97336644 -0.00595254
-0.96247739 -0.23421870 -0.13703656 -0.23349319 0.97211903 -0.02157494
-0.96180886 -0.23562722 -0.13929652 -0.23581930 0.97167552 -0.01536371
-0.94977540 -0.22741500 -0.21496297 -0.23241931 0.97261357 -0.00205027
-0.94278491 -0.21702008 -0.25309879 -0.22423317 0.97453547 -0.00035617
-0.95349324 -0.23138618 -0.19316097 -0.23150149 0.97257906 -0.02229352
-0.96590483 -0.24001500 -0.09706059 -0.23517022 0.97017556 -0.05877433
-0.96249986 -0.23686913 -0.13223906 -0.23514959 0.97153538 -0.02870040
-0.96730131 -0.25145480 -0.03314681 -0.25066632 0.96771944 -0.02618173
-0.92758417 -0.22416234 -0.29889610 -0.23968762 0.97072107 0.01582930
-0.91614187 -0.21761866 -0.33663961 -0.22824046 0.97357017 -0.00821767
-0.94261318 -0.21675405 -0.25396484 -0.22481963 0.97439635 0.00280976
-0.95164907 -0.23461565 -0.19829170 -0.23054062 0.97207958 -0.04373010
-0.96704125 -0.24271525 -0.07694508 -0.23814705 0.96912014 -0.06397025
-0.94035047 -0.22418819 -0.25589204 -0.22380210 0.97414076 -0.03102268
-0.95436114 -0.25473362 -0.15590280 -0.25076479 0.96700382 -0.04495220
-0.95917231 -0.25311613 0.12617727 -0.26195183 0.96328032 -0.05892613
-0.96443725 -0.26227900 -0.03272050 -0.26149005 0.96484238 -0.02649997
-0.90660918 -0.21908408 -0.36064103 -0.24073410 0.97046518 0.01563396
-0.89662689 -0.20867771 -0.39053023 -0.23030120 0.97307968 0.00879371
-0.86724526 -0.20884937 -0.45195967 -0.21162435 0.97631115 -0.04507428
-0.91331708 -0.22145027 -0.34177727 -0.20389262 0.97512305 -0.08696499
-0.96093267 -0.22107208 -0.16653998 -0.21811748 0.97525609 -0.03606146
-0.96701199 -0.23973709 -0.08610465 -0.23211043 0.96852839 -0.08987489
0.25160667 -0.96564382 0.06500892 -0.96577078 -0.24612546 0.08190934
-0.91638571 -0.29274726 -0.27301338 -0.26117080 0.95411873 -0.14644873
-0.93831468 -0.28906399 -0.18975659 -0.28742665 0.95709884 -0.03671087
-0.95674944 -0.28852472 -0.03720327 -0.28757992 0.95732480 -0.02875842
-0.92169183 -0.22322986 -0.31725803 -0.24283302 0.96979290 0.02310570
-0.87682712 -0.21282075 -0.43113980 -0.24812074 0.96836370 0.02660638
-0.81948996 -0.20114386 -0.53663510 -0.22308834 0.97448814 -0.02458595
-0.87972033 -0.21938881 -0.42185384 -0.18893340 0.97543335 -0.11328714
-0.96170902 -0.21284635 -0.17266239 -0.20744279 0.97702062 -0.04897238
-0.94974667 -0.21819861 -0.22443408 -0.21764702 0.97563982 -0.02750796
-0.96512032 -0.21610455 -0.14778911 -0.20487720 0.97486293 -0.08756514
0.20541690 -0.97225136 0.11194331 -0.97532856 -0.21282136 -0.05866261
-0.93461239 -0.18662454 0.30277207 -0.23749153 0.96115166 -0.14066042
-0.91200608 -0.29403797 -0.28598353 -0.26442641 0.95446837 -0.13808982
-0.93171102 -0.31110620 -0.18742338 -0.30730262 0.95030898 -0.04977896
-0.92748296 -0.37098032 -0.04635802 -0.37023765 0.92862678 -0.02401157
-0.92495203 -0.20892085 -0.31751513 -0.22990710 0.97275996 0.02967796
-0.90703994 -0.21999325 -0.35900080 -0.25355905 0.96609741 0.04861635
-0.87722009 -0.20978996 -0.43182540 -0.24608473 0.96880734 0.02923497
-0.84166396 -0.20357849 -0.50015759 -0.21290797 0.97628975 -0.03909695
-0.81931525 -0.22820601 -0.52597010 -0.20243005 0.97343153 -0.10701919
-0.96443063 -0.21602644 -0.15233596 -0.20471150 0.97498393 -0.08660012
-0.95890659 -0.21386136 -0.18644452 -0.21104930 0.97684711 -0.03504149
-0.97461128 -0.21013516 -0.07730547 -0.20066413 0.97291231 -0.11478522
0.14584924 -0.98205566 0.11956070 -0.98748624 -0.13718532 0.07778896
-0.86692530 -0.25891820 -0.42591318 -0.22136740 0.96560156 -0.13641936
-0.90429091 -0.38311163 -0.18837087 -0.35343149 0.91931653 -0.17304158
-0.91684651 -0.37657487 -0.13260444 -0.36814708 0.92595327 -0.08413261
-0.93674344 -0.21157196 -0.27883527 -0.21938869 0.97563213 -0.00324753
-0.93509996 -0.20092268 -0.29192150 -0.23333989 0.96906018 0.08046667
-0.85273927 -0.16418061 -0.49586344 -0.24637543 0.96350509 0.10467634
-0.79790562 -0.17370312 -0.57721221 -0.23153391 0.97244036 0.02741854
-0.80268455 -0.16515855 -0.57307953 -0.16484116 0.98489743 -0.05295739
-0.86834246 -0.25134534 -0.42755938 -0.17202504 0.96119249 -0.21567674
-0.96558541 -0.20109862 -0.16493683 -0.18851587 0.97804254 -0.08885112
-0.94817466 -0.21064492 -0.23789419 -0.20529075 0.97755474 -0.04735497
-0.98077136 -0.16841759 -0.09860568 -0.15568589 0.97985655 -0.12507229
0.12514962 -0.98406768 0.12628704 -0.98718488 -0.13621503 -0.08313597
-0.88273084 -0.44844466 -0.14029862 -0.41824198 0.88596267 -0.20035931
-0.93606734 -0.20455554 -0.28624302 -0.21329032 0.97698867 -0.00067898
-0.90727109 -0.15473153 -0.39104661 -0.22307001 0.96532780 0.13558052
-0.83252859 -0.17506963 -0.52559185 -0.27028084 0.95653343 0.10950815
-0.88856494 -0.16843291 -0.42671144 -0.23085915 0.96797341 0.09864938
-0.82743382 -0.17340210 -0.53412074 -0.23097767 0.97204149 0.04224641
-0.68627024 -0.15369095 -0.71092361 -0.14987120 0.98632598 -0.06855483
-0.77806747 -0.14857878 -0.61035675 -0.10269507 0.98863977 -0.10975085
-0.97042668 -0.17843357 -0.16258410 -0.16869369 0.98303717 -0.07197474
-0.95514041 -0.20767996 -0.21113014 -0.20066623 0.97815019 -0.05436343
-0.98103887 -0.12844062 -0.14514048 -0.11191264 0.98682553 -0.11683742
0.13210240 -0.98322123 0.12579741 -0.98512650 -0.14429542 -0.09329887
0.09737887 -0.99059445 0.09612504 -0.99265963 -0.10363198 -0.06234802
-0.88593727 -0.44766644 -0.12128460 -0.43448681 0.89255452 -0.12069685
-0.86178046 -0.44829226 -0.23742071 -0.40057400 0.88853276 -0.22371858
-0.94475800 -0.20400682 -0.25654158 -0.21463604 0.97659630 0.01382551
-0.91037852 -0.13066493 -0.39260373 -0.20091131 0.96906310 0.14335783
-0.84983003 -0.18152313 -0.49481136 -0.25698569 0.96237111 0.08831969
-0.87748182 -0.19243774 -0.43931013 -0.25561771 0.96268427 0.08887365
-0.85272872 -0.15707310 -0.49817845 -0.26763532 0.95040208 0.15845264
-0.75877303 -0.15717538 -0.63210708 -0.24280626 0.96875542 0.05057742
-0.75874686 -0.15871623 -0.63175339 -0.23680833 0.97071034 0.04053812
-0.73889613 -0.15156217 -0.65655279 -0.07371999 0.98670918 -0.14481150
-0.96085489 -0.18012039 -0.21051036 -0.17125735 0.98341256 -0.05975560
-0.97929150 -0.13418201 -0.15160316 -0.11732621 0.98639303 -0.11516680
-0.95568043 -0.19879115 -0.21715665 -0.19193938 0.98000574 -0.05242183
-0.98440909 -0.09769478 -0.14626853 -0.07879884 0.98839921 -0.12983750
0.08724387 -0.99126196 0.09893569 -0.99300706 -0.09446446 -0.07080619
-0.99663162 -0.03888740 -0.07220287 -0.03336414 0.99653524 -0.07618685
-0.80615556 -0.49916202 -0.31772727 -0.58044672 0.77137882 0.26087585
-0.83666044 -0.53219324 -0.12949820 -0.48300874 0.82837516 -0.28372025
-0.85700643 -0.43826056 -0.27104926 -0.33103153 0.87133515 -0.36220604
-0.94541323 -0.17516524 -0.27479270 -0.18756838 0.98206168 0.01931125
-0.91369867 -0.09372173 -0.39543775 -0.19029015 0.95844811 0.21252503
-0.87267059 -0.10527167 -0.47682700 -0.24898465 0.93593842 0.24905004
-0.85500294 -0.16591640 -0.49136719 -0.24520148 0.96418697 0.10109255
-0.87777907 -0.13381127 -0.45999837 -0.23343059 0.95796549 0.16677000
-0.69257051 -0.14068678 -0.70749801 -0.23318756 0.97180092 0.03502383
-0.72547334 -0.14831129 -0.67208058 -0.21255919 0.97705030 0.01383533
-0.67852634 -0.15367925 -0.71832079 -0.09529895 0.98802316 -0.12136058
-0.97199351 -0.10506778 -0.21021287 -0.08951390 0.99258679 -0.08221179
-0.98680091 -0.09370207 -0.13207524 -0.07972387 0.99101156 -0.10742556
-0.95151204 -0.17655972 -0.25189590 -0.17638913 0.98404133 -0.02344488
-0.98539698 -0.07922031 -0.15072148 -0.05994347 0.98990911 -0.12840098
-0.98143071 -0.04689457 -0.18599649 -0.03142794 0.99586380 -0.08525034
-0.99113756 -0.04084856 -0.12640297 -0.03123967 0.99653476 -0.07708839
-0.83223522 -0.55321503 -0.03657569 -0.54378927 0.82735378 -0.14063807
-0.82646382 -0.54969054 -0.12164705 -0.50758487 0.82100004 -0.26137459
-0.82862025 -0.53358543 -0.16933708 -0.46968538 0.82723999 -0.30833375
-0.85696083 -0.43271753 -0.27995306 -0.32441440 0.87498462 -0.35938442
-0.93676639 -0.10753786 -0.33302298 -0.14242965 0.98639226 0.08212288
-0.91507584 -0.09277966 -0.39246434 -0.18488033 0.96139896 0.20379245
-0.91416347 -0.08934657 -0.39537627 -0.18427804 0.96038532 0.20904927
-0.86386377 -0.10036718 -0.49362522 -0.28015453 0.91013759 0.30522627
-0.88823235 -0.08898074 -0.45069477 -0.23209104 0.93357104 0.27309152
-0.75739956 -0.11996263 -0.64183718 -0.29053867 0.94222283 0.16674376
-0.88066912 -0.09164280 -0.46478331 -0.00808209 0.98387414 -0.17867969
-0.83786339 -0.11206250 -0.53425372 -0.27135950 0.93471384 0.22950855
-0.65221500 -0.12544048 -0.74758297 -0.21057290 0.97737944 0.01971132
-0.58606732 -0.10144622 -0.80388665 -0.16724068 0.98591298 -0.00249145
-0.59044117 -0.09564347 -0.80139357 -0.02137836 0.99445844 -0.10293419
-0.97677737 -0.09582136 -0.19163561 -0.07711422 0.99170673 -0.10281631
-0.96526676 -0.08334057 -0.24761750 -0.06797443 0.99522942 -0.06998511
-0.97737515 -0.08078362 -0.19547850 -0.05777412 0.99100888 -0.12067977
-0.95387310 -0.11067457 -0.27906486 -0.11140461 0.99368620 -0.01329414
-0.98199177 -0.06971683 -0.17558971 -0.04661145 0.99009514 -0.13243510
-0.98547542 -0.06695987 -0.15605949 -0.04454213 0.98872614 -0.14295702
-0.98629391 -0.02388686 -0.16325998 -0.01435735 0.99813682 -0.05930288
-0.99787629 -0.01816543 -0.06255367 -0.01677338 0.99960142 -0.02270733
-0.82401282 -0.56543607 -0.03584464 -0.56013280 0.82252765 -0.09848671
-0.82988036 -0.55394214 -0.06668393 -0.54006588 0.82754499 -0.15329111
-0.82859546 -0.55545872 -0.06996559 -0.52682078 0.81589043 -0.23829110
-0.86548442 -0.42593065 -0.26366609 -0.31452933 0.87171626 -0.37574208
-0.82913357 -0.55572093 -0.06092435 -0.50071365 0.78665978 -0.36118191
-0.86486882 -0.42567602 -0.26608631 -0.31713948 0.87419587 -0.36770111
-0.76276100 -0.37599555 -0.52613974 -0.18797147 0.90738094 -0.37593418
-0.95977205 -0.11450223 -0.25637254 -0.14527814 0.98386145 0.10445562
-0.90303630 -0.08440221 -0.42119092 -0.19164218 0.95667982 0.21917367
-0.83528900 -0.09127242 -0.54218245 -0.32844257 0.87366974 0.35892433
-0.88219392 -0.08712398 -0.46275616 -0.24007528 0.92863601 0.28284115
-0.76921421 -0.12791443 -0.62605703 -0.27929166 0.94851923 0.14935669
-0.82684523 -0.12295906 -0.54882425 -0.27344960 0.94059974 0.20123969
-0.85153747 -0.11039556 -0.51253957 -0.27417639 0.92702156 0.25584829
-0.83443123 -0.10286729 -0.54142678 -0.26799914 0.93418163 0.23554450
-0.76734638 -0.13406111 -0.62706232 -0.28400460 0.94780988 0.14490664
-0.65795684 -0.12367014 -0.74283141 -0.24481356 0.96796960 0.05568936
-0.60851723 -0.09787877 -0.78748119 -0.09710864 0.99409044 -0.04851934
-0.96174526 -0.07515909 -0.26343349 -0.05769318 0.99563009 -0.07343225
-0.96320820 -0.08783301 -0.25399867 -0.07268604 0.99500424 -0.06843510
-0.97795147 -0.06080300 -0.19978487 -0.03732201 0.99216080 -0.11926448
-0.94496602 -0.09504441 -0.31305882 -0.11181328 0.99307662 0.03601041
-0.95583934 -0.09142862 -0.27930635 -0.09288516 0.99564433 -0.00804525
-0.98033565 -0.06185272 -0.18739328 -0.03753190 0.99071670 -0.13065919
-0.96690094 -0.03096169 -0.25326672 -0.00651164 0.99528128 -0.09681290
-0.97885573 -0.01630314 -0.20390134 -0.00969967 0.99939692 -0.03334322
-0.99385011 -0.01893465 -0.10910303 -0.01768872 0.99976695 -0.01237640
-0.81339300 -0.58137906 -0.01975480 -0.57803565 0.81159598 -0.08477474
-0.82387197 -0.56671494 -0.00832490 -0.56643069 0.82379383 -0.02280670
-0.80824512 -0.58750451 -0.03972851 -0.57027215 0.79777890 -0.19580251
-0.79698545 -0.60385734 -0.01306204 -0.57088155 0.76017350 -0.31021065
-0.89412737 -0.40031767 -0.20070390 -0.30420467 0.87187338 -0.38379213
0.09116117 -0.93849182 0.33305067 -0.95423305 -0.17798091 -0.24033763
-0.82478261 -0.36490285 -0.43194854 -0.14988317 0.87766236 -0.45524043
-0.82777393 -0.34832129 -0.43984392 -0.13570599 0.88497138 -0.44543192
-0.76092666 -0.36118445 -0.53901422 -0.10104961 0.88656962 -0.45142373
-0.94354475 -0.09528470 -0.31724474 -0.11974780 0.99108052 0.05848048
-0.93300092 -0.09510412 -0.34708008 -0.13731195 0.98556226 0.09905826
-0.90273607 -0.08628810 -0.42145219 -0.18556705 0.96195292 0.20052800
-0.84495699 -0.09964569 -0.52546960 -0.32397521 0.87708467 0.35463017
-0.81538272 -0.07945320 -0.57344431 -0.31160328 0.89504504 0.31905761
-0.87840635 -0.08275737 -0.47069481 -0.23914793 0.92883021 0.28298914
-0.84874743 -0.09750919 -0.51973051 -0.32723767 0.86890429 0.37137708
-0.67309368 -0.08853125 -0.73423922 -0.31630212 0.93188614 0.17759867
-0.76324654 -0.08319558 -0.64072871 -0.30099902 0.92327416 0.23867218
-0.78913110 -0.06622267 -0.61064458 -0.32910484 0.88500643 0.32932311
-0.72332418 -0.11390930 -0.68104827 -0.27555934 0.95197725 0.13344084
-0.53839260 -0.08525560 -0.83837044 -0.18419321 0.98271871 0.01835224
-0.52777326 -0.09030249 -0.84457141 -0.02840471 0.99565274 -0.08870615
-0.96259475 -0.06329156 -0.26344937 -0.04645078 0.99648768 -0.06967558
-0.98213387 -0.03829563 -0.18424581 -0.01865945 0.99406755 -0.10715231
-0.92693430 -0.08908797 -0.36449447 -0.11852188 0.99118823 0.05914784
-0.94488019 -0.07774338 -0.31805262 -0.07183434 0.99695677 -0.03028412
-0.96325576 -0.04965077 -0.26395684 -0.00585634 0.98641390 -0.16417478
-0.93708485 -0.04332719 -0.34640253 -0.01496951 0.99634278 -0.08412478
-0.96553111 0.01302274 -0.25996175 0.01003048 0.99986738 0.01283370
-0.99923581 -0.00585463 -0.03864710 -0.00709131 0.99946463 0.03194017
0.00087167 -0.99969012 -0.02487935 -0.99999774 -0.00082292 -0.00196966
-0.78365296 -0.62116522 -0.00647257 -0.61736751 0.77993286 -0.10277236
-0.81385088 -0.58095944 -0.01152827 -0.58079773 0.81391561 -0.01467700
-0.78837961 -0.61518627 0.00186676 -0.61512643 0.78825229 -0.01666805
-0.78289652 -0.62214583 0.00276629 -0.61736459 0.77631402 -0.12726963
-0.78166234 -0.62369967 0.00165901 -0.61773801 0.77381831 -0.14001800
-0.78835958 -0.61503023 0.01506661 -0.59720236 0.75916570 -0.25887617
0.11191174 -0.91894144 0.37818310 -0.94147700 -0.21982101 -0.25553843
-0.87209046 -0.32211462 -0.36837551 -0.12684357 0.87586600 -0.46558514
0.16992754 -0.91886264 0.35611242 -0.95929992 -0.23694466 -0.15362595
0.11664212 -0.90287799 0.41377047 -0.93936974 -0.23555684 -0.24919373
-0.85171020 -0.28738317 -0.43817884 -0.08743709 0.90241593 -0.42190081
-0.77309322 -0.33654055 -0.53764975 -0.08170526 0.89341259 -0.44174451
-0.80691594 -0.12445553 -0.57740575 0.19331099 0.86807156 -0.45725566
-0.93332762 -0.09190851 -0.34706274 -0.13007361 0.98756731 0.08827055
-0.90596163 -0.08315757 -0.41511253 -0.16403340 0.97287756 0.16310237
-0.88270110 -0.07145758 -0.46447027 -0.17671484 0.96630102 0.18717419
-0.84801841 -0.10011204 -0.52042520 -0.33987376 0.85619998 0.38911116
-0.83357084 -0.08764616 -0.54541528 -0.37013397 0.82154453 0.43366516
-0.81082076 -0.07918428 -0.57991344 -0.33100602 0.87917715 0.34275728
-0.86669362 -0.07062651 -0.49381590 -0.22020932 0.94241935 0.25170147
-0.85253429 -0.06694984 -0.51836574 -0.26620546 0.90910852 0.32040039
-0.84273136 -0.08862098 -0.53098994 -0.31799078 0.87783492 0.35817292
-0.75469291 -0.08735736 -0.65023643 -0.30587366 0.92364311 0.23092158
-0.73579532 -0.07023600 -0.67355198 -0.39249593 0.85474807 0.33963612
-0.58400398 -0.05591554 -0.80982274 -0.30726621 0.93862063 0.15677655
-0.55125892 -0.06800908 -0.83155787 -0.19060674 0.98058063 0.04616069
-0.56492579 -0.07237488 -0.82196152 0.07631847 0.98729289 -0.13938545
-0.95058155 -0.06737764 -0.30307597 -0.05752971 0.99748856 -0.04131553
-0.96304023 -0.05070971 -0.26454145 -0.03196550 0.99669456 -0.07468782
-0.97002000 -0.04262398 -0.23925808 -0.01510417 0.99316972 -0.11569721
-0.97078067 -0.03835707 -0.23688306 -0.00074535 0.98761982 -0.15686485
-0.92518342 -0.08423231 -0.37005487 -0.11320996 0.99191993 0.05725709
-0.92762876 -0.08918320 -0.36270007 -0.12422144 0.98946071 0.07440890
-0.94768769 -0.07124414 -0.31114691 -0.07076237 0.99741042 -0.01285252
-0.95135170 -0.05314659 -0.30348894 -0.00169829 0.98590022 -0.16732593
-0.96074480 -0.04642672 -0.27352160 0.00751860 0.98117948 -0.19295153
-0.94496602 -0.04688879 -0.32379100 -0.01537891 0.99494886 -0.09919795
-0.92590463 -0.04539787 -0.37501961 -0.00955604 0.99524957 -0.09688619
-0.95735514 0.01155546 -0.28868264 0.00661875 0.99981481 0.01807117
-0.97910285 0.01066522 -0.20308596 0.00147157 0.99896932 0.04536704
0.06924451 -0.98449469 -0.16116889 -0.99748075 -0.07082200 0.00405666
-0.81650275 -0.57717180 -0.01400180 -0.57666385 0.81647915 -0.02864708
-0.78366655 -0.62117416 -0.00308161 -0.61933666 0.78171128 -0.07314035
-0.79636014 -0.60455340 -0.01804968 -0.60471731 0.79530895 0.04243504
-0.81826055 -0.57479221 0.00798717 -0.57480776 0.81828845 0.00042675
-0.77727866 -0.62915659 0.00006278 -0.62908906 0.77719378 -0.01472630
-0.77358830 -0.63356727 -0.01239886 -0.61988920 0.76065862 -0.19270684
-0.78240651 -0.62259835 0.01453730 -0.60507709 0.75444919 -0.25433853
0.14882651 -0.93430561 0.32391942 -0.96797836 -0.20461239 -0.14543642
0.10361896 -0.91154993 0.39791951 -0.93934262 -0.22120069 -0.26211771
0.15200461 -0.89831758 0.41221374 -0.96013981 -0.23318923 -0.15412465
0.10747386 -0.86482966 0.49042743 -0.95895469 -0.22036654 -0.17845042
-0.87959355 -0.26400071 -0.39575103 -0.05431241 0.88217711 -0.46777532
-0.77839392 -0.32874054 -0.53482020 -0.01569955 0.86185533 -0.50691122
-0.64913476 -0.21956044 -0.72829753 0.03913073 0.94653165 -0.32022905
-0.90030813 -0.08157355 -0.42754063 -0.16042249 0.97531712 0.15172732
-0.87584597 -0.07109722 -0.47732487 -0.18537328 0.96277249 0.19673809
-0.89376140 -0.07823364 -0.44166738 -0.16287686 0.97406530 0.15706024
-0.81929958 -0.06303523 -0.56989020 -0.37655178 0.80870092 0.45189771
-0.83034194 -0.08644861 -0.55050790 -0.34073460 0.86046487 0.37881419
-0.82183599 -0.06768427 -0.56568944 -0.38181120 0.80238497 0.45869231
-0.78494024 -0.04398692 -0.61800814 -0.34927854 0.85528255 0.38274831
-0.86679345 -0.07004076 -0.49372402 -0.21949953 0.94260162 0.25163904
-0.85312963 -0.06313244 -0.51786512 -0.24134225 0.92780703 0.28447852
-0.85933042 -0.07201074 -0.50632572 -0.27423456 0.90055019 0.33734968
-0.79169625 -0.03137118 -0.61010903 -0.33475766 0.85767722 0.39029104
-0.78621674 -0.10483462 -0.60899347 -0.27141848 0.94393951 0.18791042
-0.54937792 -0.04160047 -0.83453780 -0.29641297 0.94350767 0.14809680
-0.57322037 -0.05489723 -0.81756026 -0.31751883 0.93467963 0.15986215
-0.53269917 -0.06390467 -0.84388858 -0.18295930 0.98226064 0.04110879
-0.56838894 -0.05552532 -0.82088435 -0.32938045 0.92963564 0.16518514
-0.57594299 -0.07195072 -0.81431735 0.06233316 0.98935413 -0.13150291
-0.93736136 -0.06827647 -0.34160224 -0.05970608 0.99758267 -0.03555379
-0.94562310 -0.05527896 -0.32053277 -0.02145175 0.99390614 -0.10812259
-0.96902490 -0.03720034 -0.24414526 -0.00790801 0.99275708 -0.11987878
-0.96902514 -0.03771881 -0.24406464 -0.00080084 0.98874253 -0.14962488
-0.96993464 -0.03831164 -0.24033111 0.00735863 0.98246264 -0.18631439
-0.90928990 -0.08063678 -0.40827638 -0.11394094 0.99180031 0.05787685
-0.90962231 -0.08261122 -0.40713966 -0.13467593 0.98574150 0.10087677
-0.93839401 -0.04513261 -0.34260726 0.01717590 0.98411763 -0.17668499
-0.92811781 -0.03443076 -0.37069115 -0.00499684 0.99677658 -0.08007238
-0.97936505 0.00853599 -0.20191871 -0.00046067 0.99901080 0.04446695
-0.93123543 0.01843953 -0.36395136 0.02401507 0.99965328 -0.01079967
0.06518565 -0.98393089 -0.16622515 -0.98920691 -0.04181036 -0.14043365
0.07003636 -0.97609884 -0.20573296 -0.99165344 -0.04574537 -0.12054362
-0.81712133 -0.57607585 -0.02119964 -0.57620978 0.81730187 0.00025535
-0.77316511 -0.63227916 -0.04938467 -0.62760806 0.77400178 -0.08384172
-0.79464126 -0.60682499 -0.01757213 -0.60706723 0.79410952 0.02931772
-0.81840461 -0.57357466 0.03501427 -0.57297736 0.81915212 0.02620561
-0.81149364 -0.58430272 -0.00827919 -0.58315253 0.80882281 0.07575528
-0.89510936 -0.43453613 0.09978828 -0.43721962 0.89933699 -0.00566151
-0.77238464 -0.63408822 -0.03679973 -0.62581551 0.76964796 -0.12647924
-0.78961551 -0.61323959 -0.02108490 -0.60582328 0.78459930 -0.13184118
-0.77398968 -0.63297260 -0.01690170 -0.60656697 0.74883258 -0.26706994
0.16314638 -0.93264449 0.32180366 -0.96520114 -0.21844628 -0.14376365
-0.90713602 -0.23731320 -0.34754378 -0.04789724 0.87869263 -0.47497916
0.15888329 -0.89729834 0.41183957 -0.95736223 -0.24196175 -0.15783583
0.10000359 -0.85430002 0.51006949 -0.95767409 -0.22171505 -0.18358345
-0.00582170 -0.79103374 0.61174488 -0.89228982 -0.27205735 -0.36028284
-0.05916025 -0.76173490 0.64518219 -0.86722690 -0.28087103 -0.41113141
-0.65888071 -0.22408698 -0.71809554 0.12198307 0.91013849 -0.39593959
-0.56036747 -0.25231788 -0.78887516 0.12118948 0.91723710 -0.37945920
-0.86451668 -0.06771772 -0.49802142 -0.18522651 0.96406472 0.19044794
-0.87448514 -0.07101476 -0.47982576 -0.14715451 0.98144412 0.12293509
-0.78116292 -0.01731995 -0.62408698 -0.35095885 0.83890641 0.41600966
-0.81964684 -0.07948412 -0.56732821 -0.38878110 0.80453187 0.44897425
-0.82097888 -0.06626112 -0.56710070 -0.38767031 0.79388571 0.46846265
-0.76870126 -0.02516967 -0.63911259 -0.37625593 0.82584012 0.42002344
-0.82641244 -0.04666556 -0.56112826 -0.22959964 0.93787313 0.26015013
-0.81867361 -0.04187203 -0.57273060 -0.26373374 0.91335261 0.31021205
-0.77173221 -0.01102601 -0.63585198 -0.32320270 0.86789668 0.37722069
-0.79240167 -0.02941865 -0.60928988 -0.37897474 0.80642664 0.45393211
-0.69257784 -0.05020729 -0.71959370 -0.40298954 0.85431212 0.32825327
-0.64160925 -0.08962051 -0.76177806 -0.34250662 0.92211252 0.17999367
-0.57071900 -0.07366842 -0.81783420 -0.06472026 0.99690473 -0.04463413
-0.55576938 -0.04733287 -0.82998800 -0.26773524 0.95537639 0.12479495
-0.55315781 -0.04757943 -0.83171672 -0.31868851 0.93451464 0.15849310
-0.65455467 -0.09745219 -0.74970752 0.15997413 0.95134854 -0.26333311
-0.93717414 -0.06574557 -0.34261093 -0.05722535 0.99775004 -0.03493040
-0.93995488 -0.05901100 -0.33615866 -0.02707541 0.99472779 -0.09891224
-0.95198137 -0.04582284 -0.30270743 -0.00080160 0.98910546 -0.14720650
-0.96044815 -0.04264379 -0.27517432 -0.00248598 0.98947793 -0.14466259
-0.96067226 -0.03458938 -0.27552202 0.01995031 0.98105025 -0.19272372
-0.91208261 -0.07925694 -0.40227312 -0.11406014 0.99145705 0.06327149
-0.91339612 -0.05729548 -0.40301964 0.02304575 0.98117900 -0.19172022
-0.91083467 0.02112289 -0.41223052 0.02426832 0.99970263 -0.00239629
-0.89410973 -0.04168932 -0.44590345 -0.00032299 0.99571764 -0.09244603
-0.98665094 0.00250635 -0.16283019 -0.00834338 0.99779046 0.06591415
-0.95814741 0.01311005 -0.28597507 -0.00870320 0.99715513 0.07487261
-0.97589993 -0.03048576 -0.21607880 -0.07320242 0.97855270 0.19255158
0.06402222 -0.97796029 -0.19873317 -0.99607122 -0.05041273 -0.07280636
0.06388295 -0.97787809 -0.19918194 -0.99758798 -0.05714387 -0.03940671
-0.77194422 -0.63296068 -0.05884761 -0.63184297 0.77414697 -0.03835349
-0.74591148 -0.66459763 -0.04388757 -0.63926810 0.69587195 0.32725915
-0.80611479 -0.59154063 -0.01608131 -0.59170651 0.80538273 0.03524445
-0.74796516 -0.66283149 -0.03467945 -0.66345370 0.74509412 0.06829372
-0.85342067 -0.50607407 0.12474900 -0.50909823 0.86066449 0.00869834
-0.78410912 -0.62038296 0.01725855 -0.61851645 0.78343475 0.06055971
-0.82217115 -0.56923795 -0.00166932 -0.56791747 0.82005703 0.07054269
-0.89338863 -0.43041122 0.12885267 -0.43396488 0.90092963 0.00055011
-0.76756459 -0.63668621 -0.07399452 -0.62647039 0.76960069 -0.12348988
-0.77445614 -0.63072336 -0.04904930 -0.60994959 0.76501924 -0.20665708
-0.78124684 -0.62210590 -0.05135854 -0.60120338 0.77202350 -0.20623831
-0.77449685 -0.63225502 -0.02020609 -0.59998596 0.74433875 -0.29321778
-0.77228224 -0.63499749 -0.01892987 -0.60267204 0.74174124 -0.29428980
0.16820437 -0.91116571 0.37614408 -0.95261359 -0.24835834 -0.17562914
0.07810508 -0.83987445 0.53713173 -0.95330554 -0.22058001 -0.20628370
0.11641747 -0.86109644 0.49493426 -0.94227117 -0.25328285 -0.21902737
0.09710480 -0.85225618 0.51403320 -0.95417923 -0.22659571 -0.19543914
0.07495553 -0.81173772 0.57919210 -0.95633906 -0.22305356 -0.18884595
-0.04415188 -0.68981957 0.72263378 -0.98064613 -0.10818265 -0.16318622
-0.07989319 -0.73912448 0.66881400 -0.85090727 -0.29891264 -0.43198159
-0.40042821 -0.73834002 0.54268891 -0.47590277 -0.33853480 -0.81173325
-0.71775031 -0.17858782 -0.67300886 0.20680285 0.86826062 -0.45095032
-0.62454510 -0.22696401 -0.74728233 0.11650968 0.91905737 -0.37650904
-0.82324892 -0.04962461 -0.56550741 -0.14312011 0.98213661 0.12216518
-0.84770721 -0.05981914 -0.52708083 -0.19879891 0.95703173 0.21111457
-0.88823885 -0.07384861 -0.45340729 -0.12650982 0.98815238 0.08689156
-0.86748022 -0.06876509 -0.49269617 -0.15087157 0.98012114 0.12884207
-0.77509534 -0.00655103 -0.63181043 -0.36498186 0.82088614 0.43924266
-0.80366504 -0.06294587 -0.59174341 -0.37088159 0.83062112 0.41534966
-0.81006116 -0.05681339 -0.58358651 -0.41189477 0.76349425 0.49741250
-0.82731521 -0.07592091 -0.55658388 -0.38588643 0.79684716 0.46489382
-0.83233380 -0.08563809 -0.54761904 -0.40675685 0.76552325 0.49852088
-0.73096764 -0.06939477 -0.67887467 -0.39377663 0.85537720 0.33655584
-0.84471673 -0.05731096 -0.53213644 -0.23114207 0.93581432 0.26612943
-0.82036632 -0.04277849 -0.57023597 -0.27581269 0.90313768 0.32904372
-0.78632450 -0.01626076 -0.61759979 -0.31300181 0.87235123 0.37554401
-0.77710694 -0.01098947 -0.62927264 -0.33784476 0.85086513 0.40235493
-0.75349635 0.00063740 -0.65745175 -0.35786337 0.83848059 0.41095522
-0.64778936 -0.09238078 -0.75619763 -0.35590616 0.91433632 0.19318379
-0.56850100 -0.05032153 -0.82114220 -0.37915313 0.90183014 0.20723264
-0.68589079 -0.07769319 -0.72354513 -0.12216787 0.99246645 0.00924050
-0.60388118 -0.06819903 -0.79415137 -0.29130679 0.94629318 0.14024834
-0.69860083 -0.08572143 -0.71035826 0.16580677 0.94637847 -0.27726525
-0.92627954 -0.06779406 -0.37068877 -0.06338973 0.99769861 -0.02406717
-0.93014121 -0.06089622 -0.36211741 -0.02392391 0.99410760 -0.10572475
-0.95771027 -0.04195417 -0.28465939 0.00060314 0.98901796 -0.14779435
-0.95613766 -0.04109013 -0.29002145 -0.00172184 0.99088341 -0.13471146
-0.95982826 -0.03415317 -0.27850193 0.02072087 0.98122662 -0.19174184
-0.95853406 -0.03267959 -0.28309813 0.02417211 0.98049974 -0.19502820
-0.91242379 -0.07464316 -0.40238202 -0.10784633 0.99232697 0.06046777
-0.92108595 -0.05376370 -0.38562953 0.02620518 0.97961497 -0.19916770
-0.92059004 0.02667010 -0.38961858 0.00479468 0.99836206 0.05701082
-0.84939128 -0.05282127 -0.52511376 0.02780090 0.98911935 -0.14446470
0.03462966 -0.98170972 -0.18720797 -0.98148316 0.00190405 -0.19153909
-0.95182097 0.01622696 -0.30622455 -0.01615000 0.99456060 0.10290030
-0.89718461 0.02650869 -0.44085950 -0.00743581 0.99714899 0.07509062
0.03542845 -0.97999263 -0.19585535 -0.98283166 0.00134196 -0.18449998
0.03517491 -0.97254348 -0.23004766 -0.98156023 0.00965707 -0.19090916
0.06120348 -0.97587711 -0.20956631 -0.99527478 -0.04381167 -0.08665267
0.04173440 -0.98711491 -0.15447475 -0.99696916 -0.05130341 0.05848499
-0.75692815 -0.65137947 -0.05257936 -0.64970320 0.75875121 -0.04671649
-0.75741768 -0.64922470 -0.06946802 -0.63864970 0.75877678 -0.12800179
-0.80209792 -0.59707510 -0.01184672 -0.59451973 0.79647601 0.11032840
-0.72979939 -0.68205875 -0.04678411 -0.68016452 0.71745199 0.15046239
-0.68874955 -0.72168738 -0.06921981 -0.72498405 0.68496770 0.07223205
-0.84924161 -0.50336254 0.15942022 -0.50775605 0.86137211 0.01489679
-0.76910579 -0.61717570 0.16604373 -0.61507082 0.78534770 0.07012056
-0.83455670 -0.54982787 -0.03470426 -0.54844236 0.82318056 0.14691794
-0.88853872 -0.37731218 0.26102585 -0.39287779 0.91955459 -0.00815241
-0.77889258 -0.62411463 -0.06170356 -0.59572667 0.76702374 -0.23829469
-0.78383565 -0.61788940 -0.06176133 -0.56744367 0.75311691 -0.33290046
0.16924250 -0.91311467 0.37091601 -0.94931304 -0.25217628 -0.18764836
0.01133201 -0.76889688 0.63927245 -0.94038308 -0.22552954 -0.25459024
0.15230815 -0.90119433 0.40577203 -0.94421363 -0.25397849 -0.20965594
0.11055156 -0.87062722 0.47936070 -0.94481754 -0.24171737 -0.22111672
0.07332702 -0.81067729 0.58088338 -0.95621538 -0.22261998 -0.18998054
-0.04020646 -0.71269321 0.70032269 -0.92990929 -0.22975223 -0.28719792
-0.76573837 -0.14389417 -0.62684870 0.21803559 0.85885459 -0.46349689
-0.07208315 -0.75012034 0.65736103 -0.89966655 -0.23562877 -0.36753124
-0.72174114 -0.17036220 -0.67086995 0.22139716 0.86149579 -0.45695552
-0.85732287 -0.06316478 -0.51088917 -0.19240543 0.95983368 0.20420453
-0.87706834 -0.07057923 -0.47515228 -0.09718359 0.99476391 0.03162559
-0.85664850 -0.06510419 -0.51177627 -0.17458524 0.97006005 0.16883005
-0.85054636 -0.06364240 -0.52203506 -0.14647421 0.98203963 0.11892637
-0.79308558 -0.02620640 -0.60854620 -0.37275234 0.81103605 0.45086163
-0.68899828 0.01956171 -0.72449893 -0.39666402 0.82645267 0.39954185
-0.78377461 -0.03322694 -0.62015605 -0.38687396 0.80727124 0.44569248
-0.80458272 -0.04777235 -0.59191597 -0.41653594 0.75583154 0.50518966
-0.80869251 -0.06139210 -0.58501917 -0.41035014 0.77145308 0.48628491
-0.81441712 -0.05617223 -0.57755482 -0.36467394 0.82374591 0.43411472
-0.84298563 -0.10099117 -0.52837116 -0.39051175 0.79041290 0.47196189
-0.67313969 -0.05469785 -0.73748982 -0.45718798 0.81462765 0.35687682
-0.83969599 -0.05447240 -0.54031795 -0.23492336 0.93347788 0.27098006
-0.79685128 -0.02416017 -0.60369235 -0.27485850 0.90431058 0.32661188
-0.79706657 -0.08854762 -0.59736437 -0.35856649 0.86533970 0.35016751
-0.65000916 0.05251896 -0.75810939 -0.44155997 0.78581500 0.43303540
-0.60692972 -0.07085495 -0.79159075 -0.42032290 0.87393987 0.24404469
-0.68474615 -0.07880575 -0.72450835 -0.17591262 0.98261338 0.05937807
-0.77898526 -0.07305133 -0.62277240 0.04807304 0.98330969 -0.17547387
-0.61094892 -0.07153545 -0.78843147 -0.42182022 0.87217951 0.24773091
-0.91304684 -0.06721257 -0.40227854 -0.05300382 0.99751747 -0.04636278
-0.91549981 -0.07145260 -0.39592245 -0.08044386 0.99674034 0.00612911
-0.92525727 -0.05949572 -0.37464550 -0.01311686 0.99205130 -0.12514855
-0.94634002 -0.04043663 -0.32063302 0.02335877 0.98098749 -0.19265999
-0.93572539 -0.05120330 -0.34899324 0.00717040 0.98644209 -0.16395336
-0.92657417 -0.05365643 -0.37226510 0.04326520 0.96799558 -0.24720986
-0.89824295 -0.07056861 -0.43379685 -0.08261751 0.99654108 0.00895828
-0.89634484 -0.06424645 -0.43867797 0.06264293 0.96116662 -0.26876482
-0.92578089 -0.04834924 -0.37495625 0.06623681 0.95570517 -0.28677583
-0.88727713 0.02943358 -0.46029660 0.03413167 0.99941558 -0.00188547
-0.86666095 -0.04616095 -0.49675760 -0.00828242 0.99690431 -0.07818703
-0.96664029 -0.00060414 -0.25613710 -0.03628114 0.99023747 0.13458635
-0.91619027 0.02621839 -0.39988497 -0.00903302 0.99625289 0.08601501
-0.96249062 -0.00165590 -0.27131000 -0.05098358 0.98327130 0.17486648
0.02023592 -0.97021306 -0.24140660 -0.98065346 0.02776066 -0.19377342
0.03383923 -0.97082460 -0.23739102 -0.98537356 0.00728469 -0.17025255
0.02816425 -0.97823268 -0.20559101 -0.99422276 -0.00610268 -0.10716278
0.04325515 -0.98391366 -0.17332897 -0.99690503 -0.05390685 0.05722300
-0.69527203 -0.71433967 -0.07947136 -0.71828640 0.69452286 0.04126378
-0.73371798 -0.67234010 -0.09806563 -0.67275518 0.73909473 -0.03375733
-0.75036240 -0.65494293 -0.08947695 -0.64433700 0.75491017 -0.12223171
-0.78119576 -0.62385267 -0.02326126 -0.62151027 0.77367210 0.12311183
-0.82755971 -0.56124032 -0.01242485 -0.55910116 0.82201034 0.10818953
-0.76732606 -0.63696569 -0.07406354 -0.64076227 0.75706625 0.12757121
-0.66612858 -0.74297839 -0.06523768 -0.74275315 0.65288585 0.14851902
-0.63289618 -0.76916051 -0.08851282 -0.77377343 0.62441617 0.10667351
-0.69428623 -0.71555167 -0.07715269 -0.71872538 0.69492573 0.02262840
-0.88057953 -0.42159322 0.21642298 -0.43261495 0.90157014 -0.00395527
-0.66372639 -0.74389756 0.07799800 -0.74204534 0.66797936 0.05632304
-0.83524472 -0.54827517 -0.04195930 -0.54652089 0.81930494 0.17336203
-0.89675832 -0.37930214 0.22793518 -0.39458877 0.91854739 -0.02388303
-0.77566546 -0.62581652 -0.08183464 -0.59174448 0.76619881 -0.25055534
-0.79101300 -0.60829550 -0.06538373 -0.55893463 0.76198119 -0.32707301
-0.79626918 -0.60229099 -0.05657715 -0.54383671 0.75366104 -0.36910260
0.00460814 -0.76673669 0.64194518 -0.93888384 -0.22428171 -0.26114145
-0.79689187 -0.59796095 -0.08605850 -0.51094919 0.74311954 -0.43209293
0.11686172 -0.88254035 0.45548424 -0.95393974 -0.22734028 -0.19574317
0.02639034 -0.79663664 0.60388213 -0.95610601 -0.19646862 -0.21739696
0.00021553 -0.80034488 0.59953988 -0.95757723 -0.17293863 -0.23051704
-0.30511630 -0.74980640 0.58710682 -0.69446898 -0.24665780 -0.67592365
-0.06724279 -0.74456757 0.66415179 -0.91080701 -0.22594237 -0.34551522
-0.82598811 -0.04989481 -0.56147504 -0.18635675 0.96423674 0.18846440
-0.89964896 -0.07121193 -0.43076751 -0.08355623 0.99645513 0.00977739
-0.87170553 -0.06969764 -0.48504820 -0.09543416 0.99502677 0.02853214
-0.84145588 -0.06302480 -0.53663766 -0.12020050 0.99012130 0.07219252
-0.82218111 -0.05609561 -0.56645530 -0.16172919 0.97714192 0.13797611
-0.79324496 -0.02359322 -0.60844547 -0.37365350 0.80784595 0.45581591
-0.75772667 -0.02557798 -0.65207064 -0.35716647 0.85253483 0.38159734
-0.68724567 0.01461044 -0.72627825 -0.40070403 0.82630825 0.39579159
-0.77945060 -0.02360660 -0.62601882 -0.41155019 0.77270132 0.48327965
-0.80315804 -0.04743850 -0.59387434 -0.41760820 0.75576401 0.50440478
-0.87647355 -0.16076119 -0.45381722 -0.38866997 0.79254699 0.46989888
-0.84482706 -0.10900426 -0.52381802 -0.37991062 0.81158632 0.44384184
-0.66904944 -0.06325015 -0.74052167 -0.46563366 0.81225789 0.35131523
-0.75238943 -0.00930354 -0.65865296 -0.40439978 0.79581416 0.45071125
-0.81438249 -0.03752407 -0.57911408 -0.23494172 0.93379110 0.26988259
-0.79693741 -0.02455822 -0.60356253 -0.27091235 0.90758246 0.32078132
-0.49247947 0.04790351 -0.86900479 -0.47563103 0.82137674 0.31482607
-0.58100569 -0.00137216 -0.81389838 -0.50643671 0.78343898 0.36020175
-0.80411673 -0.09508006 -0.58681870 -0.39704376 0.82057410 0.41111374
-0.75587445 -0.08884615 -0.64866036 -0.25226259 0.95377678 0.16332035
-0.79261339 -0.06988115 -0.60570675 0.05776498 0.98033589 -0.18869244
-0.60172248 -0.05972582 -0.79646909 -0.40496850 0.88232875 0.23978439
-0.90432894 -0.06895319 -0.42122996 -0.05600082 0.99750185 -0.04305904
-0.91569191 -0.06455271 -0.39666274 -0.01370655 0.99145752 -0.12970789
-0.94846308 -0.03928191 -0.31444368 0.03351047 0.97428995 -0.22279160
-0.93377930 -0.04911076 -0.35446349 0.01690929 0.98337615 -0.18079126
-0.93048137 -0.04976894 -0.36294284 0.04022051 0.97086096 -0.23624423
-0.94286948 -0.03601215 -0.33121049 0.05029667 0.96736079 -0.24836147
-0.92162418 0.02590656 -0.38721788 0.01343035 0.99930090 0.03489177
-0.83461416 -0.03951126 -0.54941618 -0.05245832 0.99859208 0.00787531
-0.77634257 -0.07693952 -0.62559772 0.01610638 0.98977637 -0.14171566
-0.92768800 0.02530424 -0.37249795 -0.04031546 0.98507780 0.16732126
-0.89413232 0.02808484 -0.44692138 0.00192449 0.99826312 0.05888130
-0.90753460 0.02293288 -0.41935089 -0.08114370 0.97011894 0.22865897
0.03105353 -0.97097164 -0.23717035 -0.97792512 0.01954013 -0.20804012
0.02061668 -0.98047113 -0.19557971 -0.99360555 0.00162696 -0.11289532
0.02027264 -0.98615277 -0.16459583 -0.99558794 -0.00482590 -0.09370904
-0.98090261 -0.14280373 0.13205016 -0.12213359 0.98061395 0.15323092
-0.73264825 -0.67299581 -0.10150485 -0.67340040 0.73842943 -0.03541022
-0.73410964 -0.67090023 -0.10476667 -0.66375601 0.74154449 -0.09767158
-0.74272966 -0.65870345 -0.12025997 -0.63295245 0.74926841 -0.19485393
-0.77988970 -0.62512279 -0.03152215 -0.61905909 0.76293129 0.18628410
-0.82830238 -0.56014180 -0.01250653 -0.55423284 0.81588501 0.16479577
-0.63660389 -0.76766241 -0.07368795 -0.76856321 0.62365073 0.14272501
-0.67092001 -0.73520440 -0.09664803 -0.73479301 0.64162487 0.21999289
-0.63545203 -0.76635730 -0.09432484 -0.77214026 0.63062698 0.07816070
-0.63153738 -0.76473695 -0.12782028 -0.77524084 0.62010384 0.12030393
-0.63231409 -0.76313007 -0.13345985 -0.77303970 0.63282996 0.04399984
-0.73979211 -0.38312027 0.55310625 -0.44365269 0.89578927 0.02709115
-0.62905836 -0.72879344 0.27045462 -0.74275923 0.66615063 0.06746908
-0.55884528 -0.82915473 -0.01394254 -0.82732588 0.55630380 0.07783309
-0.79490596 -0.60385340 -0.05903946 -0.60530925 0.78261584 0.14530359
-0.78353077 -0.34699228 0.51543754 -0.40243861 0.91543585 0.00451292
-0.77441365 -0.62665230 -0.08712345 -0.59263176 0.76669824 -0.24690384
-0.77935511 -0.61603141 -0.11450335 -0.55340898 0.76244879 -0.33527675
-0.79361576 -0.60317814 -0.07968827 -0.52998650 0.74967939 -0.39635238
0.00316462 -0.77209425 0.63550013 -0.95728225 -0.18608807 -0.22131874
-0.79607528 -0.58900142 -0.13907407 -0.47055292 0.74691057 -0.46979204
0.09971958 -0.87360585 0.47630748 -0.93775910 -0.24255474 -0.24854593
0.04027810 -0.83064204 0.55534810 -0.93861085 -0.22203556 -0.26402649
0.02268486 -0.79807383 0.60213250 -0.95011932 -0.20460625 -0.23539265
0.00241613 -0.76947755 0.63866937 -0.95795363 -0.18502457 -0.21929613
-0.06360965 -0.68781561 0.72309303 -0.94083905 -0.20031419 -0.27330601
-0.07118820 -0.71174204 0.69882441 -0.93597925 -0.19450447 -0.29344666
-0.82679605 -0.04890529 -0.56037188 -0.18527076 0.96430212 0.18919873
-0.89564848 -0.07000356 -0.43921903 -0.07386542 0.99723357 -0.00831582
-0.87366283 -0.07074341 -0.48136124 -0.09590695 0.99500096 0.02783890
-0.84298348 -0.06457563 -0.53404951 -0.11233360 0.99201334 0.05736451
-0.81769371 -0.05725778 -0.57279897 -0.15808986 0.97911865 0.12780559
-0.87148517 -0.12922786 -0.47308952 -0.31282628 0.88940501 0.33331442
-0.73221177 -0.00295860 -0.68107069 -0.29067376 0.90570194 0.30856583
-0.43069592 0.12747836 -0.89344859 -0.29332766 0.91645330 0.27216226
-0.77854055 -0.02898321 -0.62692475 -0.41723967 0.77010632 0.48254246
-0.85381627 -0.12056649 -0.50642031 -0.37125304 0.82296586 0.42999816
-0.83584225 -0.10182910 -0.53944284 -0.37773424 0.81972426 0.43054515
-0.66802257 -0.05718866 -0.74194026 -0.46712026 0.80835527 0.35827428
-0.76083922 -0.02203760 -0.64856625 -0.37147072 0.83427328 0.40742815
-0.81451672 -0.03659892 -0.57898456 -0.23252052 0.93493545 0.26801097
-0.79498458 -0.02249633 -0.60621250 -0.27639759 0.90299040 0.32895705
-0.51499897 0.02788938 -0.85673702 -0.31182969 0.92489594 0.21755421
-0.42845094 0.07542046 -0.90041190 -0.47206727 0.83101040 0.29423517
-0.53894401 0.01601109 -0.84218949 -0.54717648 0.75349307 0.36448064
-0.83547765 -0.08524025 -0.54287320 -0.08856462 0.99586827 -0.02006788
-0.75782162 -0.09242932 -0.64588183 -0.33035365 0.90800542 0.25766760
-0.82884353 -0.08711203 -0.55265713 -0.11233361 0.99359983 0.01185632
-0.68622333 -0.07029194 -0.72398669 -0.40951020 0.85993278 0.30465907
-0.89642644 -0.06863161 -0.43784633 -0.06875217 0.99751186 -0.01559812
-0.89522749 -0.06749928 -0.44046760 -0.03725947 0.99633813 -0.07695551
-0.90693581 -0.06379240 -0.41641089 0.01700726 0.98211777 -0.18749787
-0.93838263 -0.04420866 -0.34275892 0.04527971 0.96750832 -0.24875192
-0.92770374 -0.05079212 -0.36984584 0.02616553 0.97941810 -0.20013903
-0.93512648 -0.04506493 -0.35143650 0.05664325 0.96010715 -0.27383548
-0.82924855 -0.10479850 -0.54896641 0.10264768 0.93699247 -0.33392906
-0.88328117 0.02804968 -0.46800384 0.02180697 0.99958634 0.01875282
-0.86999410 0.00013743 -0.49306220 -0.05364482 0.99403733 0.09493180
-0.82613140 -0.06679674 -0.55950445 0.05027416 0.98025113 -0.19125967
-0.79702914 -0.07840910 -0.59882939 -0.08402669 0.99628967 -0.01861374
0.01446990 -0.97209114 -0.23415700 -0.99754137 0.00202508 -0.07005083
-0.93168396 0.02324521 -0.36252540 -0.02895486 0.99002367 0.13789405
-0.92084593 0.01382363 -0.38968152 -0.07683722 0.97334301 0.21610051
-0.94558489 -0.02184404 -0.32464153 -0.10319842 0.96636438 0.23556310
-0.97635329 0.00026863 -0.21618105 -0.04109254 0.98153651 0.18680872
-0.96343577 -0.03435726 -0.26572764 -0.09802378 0.96818960 0.23021792
-0.98218107 0.00837806 -0.18775031 -0.02614972 0.98319596 0.18067096
-0.98976707 0.02637147 -0.14023422 0.00858089 0.99199516 0.12598416
-0.97499651 -0.14752145 0.16619046 -0.12474475 0.98225266 0.14006600
0.10959374 -0.97326326 -0.20186096 -0.98913765 -0.12680206 0.07435062
-0.69541317 -0.70402789 -0.14403206 -0.71109974 0.70308322 -0.00334764
-0.72748333 -0.67085242 -0.14396222 -0.66081768 0.74151409 -0.11609022
-0.75545096 -0.64327598 -0.12445839 -0.61590135 0.76200479 -0.20003599
-0.79916000 -0.60056603 -0.02576293 -0.59405768 0.78249776 0.18652806
-0.82597423 -0.56311691 -0.02580655 -0.55611664 0.80650890 0.20069315
-0.62120068 -0.77800035 -0.09394278 -0.78209823 0.60795414 0.13679940
-0.66565841 -0.73373783 -0.13611691 -0.74102920 0.62835562 0.23673823
-0.68686235 -0.71959919 -0.10196615 -0.71320403 0.64036095 0.28509298
-0.62645143 -0.76931477 -0.12535334 -0.77806365 0.60756558 0.15962796
-0.63146913 -0.76237178 -0.14154825 -0.77540076 0.62098420 0.11459573
-0.63343668 -0.76039684 -0.14336875 -0.76944286 0.63859087 0.01263041
-0.62827140 -0.76444387 -0.14457050 -0.77750337 0.62353981 0.08177242
-0.83261752 -0.46792477 0.29630151 -0.49034303 0.87152815 -0.00154769
-0.60279322 -0.71302766 0.35809499 -0.74511033 0.66356689 0.06700476
-0.54416001 -0.81196433 0.21119615 -0.81887925 0.56879282 0.07688665
-0.47988072 -0.86577833 -0.14192382 -0.87658733 0.47982883 0.03686433
-0.53512412 -0.84251285 0.06176091 -0.84185082 0.53792179 0.04390102
-0.79676044 -0.59220046 -0.12029771 -0.60003221 0.75170028 0.27369326
-0.70147556 -0.30467981 0.64428437 -0.40097690 0.91608202 -0.00335841
-0.77041525 -0.62832743 -0.10800467 -0.59754592 0.77070469 -0.22125350
-0.75469917 -0.63706893 -0.15675589 -0.57988650 0.75949377 -0.29478937
-0.77493358 -0.62035722 -0.12097524 -0.55727154 0.76093233 -0.33231086
-0.77797830 -0.60141164 -0.18180698 -0.52213520 0.77982122 -0.34533131
-0.82772958 -0.52640378 -0.19432649 -0.38056594 0.78113437 -0.49497336
0.10770283 -0.88073623 0.46119827 -0.92334312 -0.26058897 -0.28201210
0.06991678 -0.83901036 0.53960472 -0.91555846 -0.26873761 -0.29922041
0.02576029 -0.79962867 0.59994209 -0.94798398 -0.21001253 -0.23920923
0.04409545 -0.84018826 0.54049909 -0.92266840 -0.24169958 -0.30044025
0.01049227 -0.79929107 0.60085249 -0.94832629 -0.19851924 -0.24752258
-0.05168227 -0.70562124 0.70670193 -0.95583236 -0.17006904 -0.23971057
-0.82485467 -0.04571497 -0.56349355 -0.18765472 0.96235460 0.19661960
-0.86333877 -0.06921238 -0.49985591 -0.06747277 0.99748778 -0.02157951
-0.83689487 -0.06424674 -0.54358023 -0.10905341 0.99274909 0.05056356
-0.82778096 -0.06574648 -0.55718589 -0.16652432 0.97714919 0.13209513
-0.86319155 -0.11779429 -0.49094290 -0.30108410 0.90067101 0.31327334
-0.82388693 -0.07362951 -0.56195110 -0.31964949 0.87914401 0.35345447
-0.79567903 -0.04430247 -0.60409617 -0.24593569 0.93504423 0.25535855
-0.53417528 0.05701666 -0.84344882 -0.42951566 0.84104502 0.32887617
-0.80046219 -0.06114519 -0.59625638 -0.38681400 0.81259727 0.43595943
-0.88342631 -0.14514334 -0.44552374 -0.29965517 0.90597159 0.29903573
-0.83135504 -0.09541864 -0.54748887 -0.30056775 0.90583414 0.29853579
-0.72903621 -0.06515069 -0.68136752 -0.40114132 0.84725893 0.34819248
-0.81519330 -0.03772203 -0.57795936 -0.21899940 0.94386870 0.24728765
-0.79696751 -0.02463129 -0.60351980 -0.20272525 0.95211959 0.22884671
-0.54756552 0.01438346 -0.83663917 -0.25057080 0.95115167 0.18034630
-0.47630060 0.04572579 -0.87809277 -0.32539034 0.91858327 0.22433454
-0.33043978 0.11849736 -0.93635893 -0.41323462 0.87378043 0.25640795
-0.15107031 0.23829970 -0.95937014 -0.58950692 0.75733232 0.28094375
-0.42033046 0.13426739 -0.89738214 -0.45024002 0.82778603 0.33474511
-0.81530714 -0.09782356 -0.57070553 -0.30091712 0.91365558 0.27328074
-0.72421426 -0.06751112 -0.68626237 -0.39068705 0.86023116 0.32766759
-0.86464155 -0.09565564 -0.49319884 -0.11628804 0.99315184 0.01124676
-0.89117670 -0.06820542 -0.44849992 -0.03767240 0.99634516 -0.07666306
-0.91321903 -0.06076515 -0.40291265 0.01493210 0.98316300 -0.18211970
-0.92057842 -0.05399932 -0.38680673 0.02745119 0.97900003 -0.20200351
-0.93143529 -0.04842277 -0.36067089 0.04031841 0.97127402 -0.23452343
-0.91510761 -0.05534601 -0.39939311 0.08947421 0.93796521 -0.33498615
-0.85119748 -0.09230107 -0.51666576 0.06696229 0.95727098 -0.28133333
-0.86708564 0.03013926 -0.49724665 -0.02788007 0.99366772 0.10884502
-0.83722806 0.03951667 -0.54542434 -0.04763127 0.98832560 0.14471954
-0.77868050 -0.02959715 -0.62672222 -0.06027400 0.99779564 0.02776715
-0.80483794 -0.07166800 -0.58915168 0.05950115 0.97793710 -0.20024657
-0.72572607 -0.08562547 -0.68263465 0.02624522 0.98805696 -0.15183771
-0.90980375 0.02129842 -0.41449192 -0.05211660 0.98491496 0.16500443
-0.92687321 0.00154454 -0.37537134 -0.08939100 0.97031486 0.22471829
-0.92811584 -0.00994456 -0.37215886 -0.11444394 0.95886064 0.25978634
-0.94737083 -0.02527834 -0.31913880 -0.11086629 0.96109754 0.25298256
-0.96115583 0.01401132 -0.27565047 -0.03793459 0.98252678 0.18221465
-0.95648032 -0.02094634 -0.29104421 -0.08616714 0.97321552 0.21313559
-0.94340849 -0.01492094 -0.33129713 -0.10934462 0.95711935 0.26826534
-0.99025047 0.02573837 -0.13689992 0.00636101 0.99011159 0.14013793
-0.97431141 -0.14321937 0.17379726 -0.13387413 0.98890275 0.06441371
-0.82928228 -0.17292184 0.53140289 -0.12561443 0.98426670 0.12425862
-0.69336540 -0.69770294 -0.18015298 -0.70642018 0.70747805 -0.02110538
-0.71951795 -0.67509282 -0.16292232 -0.66744971 0.73702753 -0.10630785
-0.75859714 -0.63393039 -0.15054089 -0.61962336 0.77334327 -0.13419083
-0.72712970 -0.64931524 -0.22287259 -0.62524575 0.76042926 -0.17554246
-0.79732543 -0.60302782 -0.02508926 -0.59193593 0.77319163 0.22756690
-0.82538164 -0.56358469 -0.03342981 -0.55407840 0.79724938 0.23956330
-0.63747996 -0.75650483 -0.14601281 -0.76559937 0.60070437 0.23024313
-0.66037422 -0.74075675 -0.12322916 -0.73951191 0.61299509 0.27813527
-0.70289034 -0.70301211 -0.10825542 -0.70251244 0.66227424 0.26051706
-0.67075342 -0.73405665 -0.10606927 -0.72877330 0.62574154 0.27809536
-0.62706560 -0.76550019 -0.14421582 -0.77600396 0.59775043 0.20127694
-0.62859809 -0.75970846 -0.16645582 -0.77773035 0.61408883 0.13427754
-0.62400544 -0.76217788 -0.17234322 -0.78025258 0.61978161 0.08412369
-0.62486237 -0.76016247 -0.17804487 -0.77881253 0.62289268 0.07386349
-0.75034177 -0.44591779 0.48800054 -0.49671403 0.86743331 0.02889076
-0.77106315 -0.57148969 0.28082240 -0.59007728 0.80704206 0.02218270
-0.52938533 -0.75649399 0.38401580 -0.78858840 0.60570014 0.10609308
-0.39226672 -0.82991558 0.39669514 -0.88640767 0.45627749 0.07805382
-0.48806307 -0.84068936 0.23459712 -0.86211246 0.50629187 0.02075456
-0.47113442 -0.86085021 -0.19227412 -0.88162881 0.46640611 0.07208370
-0.45265579 -0.88019383 -0.14269394 -0.89148033 0.45015073 0.05125558
-0.50678980 -0.86037612 0.05401035 -0.86079097 0.50845504 0.02263498
-0.57595783 -0.78832203 -0.21638191 -0.81739891 0.55164224 0.16598198
-0.82009333 -0.57148415 -0.02920338 -0.55814320 0.78760868 0.26105323
-0.66956532 -0.22340652 0.70835853 -0.34439084 0.93836015 -0.02958441
-0.81797367 -0.36561480 0.44412270 -0.41565272 0.90936601 -0.01692167
-0.76435941 -0.63143271 -0.13056591 -0.58586526 0.76468855 -0.26835316
-0.77009290 -0.62371314 -0.13393603 -0.57748419 0.77079189 -0.26905739
-0.73079407 -0.63639235 -0.24687028 -0.53282237 0.75788862 -0.37643728
-0.76397979 -0.61832184 -0.18442634 -0.51365125 0.75578934 -0.40613413
-0.79595250 -0.55349636 -0.24515605 -0.44385344 0.80898547 -0.38540453
-0.82731545 -0.52957785 -0.18734059 -0.40617982 0.79433721 -0.45171499
0.08660795 -0.89161825 0.44442770 -0.93762636 -0.22371431 -0.26609918
0.03161569 -0.82130462 0.56961322 -0.92115360 -0.24512422 -0.30230817
0.02344613 -0.84221715 0.53862840 -0.92163467 -0.22696163 -0.31476662
-0.01733623 -0.76564384 0.64303112 -0.93667054 -0.21255212 -0.27833420
-0.05269666 -0.72379208 0.68800300 -0.95792383 -0.15801789 -0.23960866
-0.82097918 -0.04074997 -0.56950217 -0.19708720 0.95636654 0.21568415
-0.78202331 -0.02313251 -0.62281972 -0.21528295 0.94782752 0.23510918
-0.86026978 -0.06989488 -0.50502545 -0.06542868 0.99750262 -0.02660065
-0.83456647 -0.06584994 -0.54695755 -0.09987761 0.99446326 0.03267012
-0.79962987 -0.05450991 -0.59801412 -0.14522737 0.98386323 0.10450895
-0.71963018 -0.03429603 -0.69351006 -0.17348251 0.97598433 0.13175133
-0.86291134 -0.11855301 -0.49125266 -0.31182554 0.88987958 0.33298525
-0.87107241 -0.12658414 -0.47456232 -0.30160737 0.90044278 0.31342590
-0.87377995 -0.09209143 -0.47752255 -0.23252025 0.94151407 0.24389669
-0.75970054 -0.02627872 -0.64974189 -0.17299980 0.97134185 0.16299155
-0.89309835 -0.10542731 -0.43733332 -0.21248315 0.95573473 0.20352402
-0.89871699 -0.11629112 -0.42282873 -0.22005495 0.95360643 0.20545234
-0.78934526 -0.02387632 -0.61348510 -0.16523694 0.97063500 0.17482708
-0.58570224 0.00163355 -0.81052470 -0.23553754 0.95650023 0.17213219
-0.31946453 0.11478394 -0.94062060 -0.41587895 0.87494743 0.24801552
-0.33290872 0.08314013 -0.93928671 -0.57924962 0.76797712 0.27327859
-0.91939348 -0.07165155 -0.38675779 0.00065654 0.98298758 -0.18367104
-0.88089699 -0.06752051 -0.46846730 0.00725232 0.98773050 -0.15599942
-0.90155399 -0.06113173 -0.42832622 0.04553573 0.97106415 -0.23443758
-0.92057949 -0.05301500 -0.38694039 0.04665184 0.96872395 -0.24371620
-0.91601825 -0.05589139 -0.39722392 0.08773523 0.93835521 -0.33435312
-0.90702987 -0.06190610 -0.41649070 0.07653125 0.94842017 -0.30763981
-0.89880419 0.01855939 -0.43795735 -0.08662794 0.97187871 0.21896888
-0.77945429 -0.03773681 -0.62532157 -0.06771811 0.99741054 0.02421806
-0.68964058 -0.11139259 -0.71553308 0.06556175 0.97443581 -0.21488729
-0.77402890 -0.05714213 -0.63056654 -0.08890792 0.99586076 0.01889046
-0.92191285 -0.01034746 -0.38725924 -0.11942657 0.95854777 0.25869587
-0.90196067 0.00572611 -0.43178019 -0.13053618 0.94951528 0.28527373
-0.95869905 -0.00579791 -0.28436336 -0.06253277 0.97962570 0.19084848
-0.98869801 0.03263191 -0.14632660 0.01266463 0.99071497 0.13536453
-0.69253910 -0.69803649 -0.18202958 -0.70704669 0.70686519 -0.02065685
-0.71391088 -0.66953266 -0.20507853 -0.65917188 0.74139547 -0.12579829
-0.74378693 -0.63348776 -0.21324718 -0.61369860 0.77363348 -0.15768731
-0.75504953 -0.65254813 -0.06388470 -0.63370687 0.70128149 0.32652703
-0.62412602 -0.76749623 -0.14634287 -0.77527487 0.58507311 0.23798797
-0.65340608 -0.74031359 -0.15810204 -0.74431807 0.59020537 0.31248719
-0.66232640 -0.73715454 -0.13389181 -0.73538244 0.60544986 0.30437341
-0.70196700 -0.70761365 -0.08077940 -0.69306743 0.65257311 0.30627757
-0.62801927 -0.75859749 -0.17355618 -0.77815461 0.60981637 0.15033105
-0.62125552 -0.75659913 -0.20395936 -0.78014159 0.62164414 0.07026829
-0.76217598 -0.45044583 0.46495852 -0.49637350 0.86769110 0.02693556
-0.72642303 -0.54997766 0.41210943 -0.60080725 0.79935652 0.00773570
-0.47064283 -0.72033501 0.50952214 -0.81115079 0.58046538 0.07137506
-0.36993411 -0.82698750 0.42336783 -0.89715797 0.43637195 0.06846240
-0.39133799 -0.83255804 0.39204815 -0.88913071 0.45192385 0.07219064
-0.44520074 -0.82269609 0.35350731 -0.86530018 0.49682495 0.06648698
-0.49120629 -0.84857994 0.19654110 -0.86202240 0.50597227 0.03015684
-0.45200413 -0.86366647 -0.22309785 -0.88754642 0.46045151 0.01567963
-0.45167926 -0.82573628 -0.33785421 -0.88735282 0.45511964 0.07396715
-0.45014411 -0.88582611 -0.11261630 -0.89176053 0.45247564 0.00538157
-0.50282294 -0.86143261 0.07143554 -0.86219734 0.50571406 0.02948090
-0.57980388 -0.75868660 -0.29702231 -0.81380570 0.52166963 0.25608832
-0.77624208 -0.62372744 -0.09171878 -0.61023843 0.70685059 0.35773087
-0.69357079 -0.17902362 0.69778949 -0.30466792 0.95063365 -0.05893311
-0.78517175 -0.60994983 -0.10708234 -0.56217915 0.77456224 -0.28984138
-0.75320274 -0.62420261 -0.20750149 -0.56209624 0.77461696 -0.28985584
-0.87619233 -0.09168294 -0.47316101 0.00057063 0.98154181 -0.19124702
-0.88867557 -0.09713798 -0.44812950 0.06931341 0.93761557 -0.34069443
0.06438760 -0.86606473 0.49576819 -0.91635001 -0.24803869 -0.31429207
0.00076988 -0.84056509 0.54171014 -0.91175175 -0.22309275 -0.34487453
-0.03708024 -0.75437194 0.65539920 -0.93448949 -0.20619072 -0.29019809
-0.80584890 -0.03343516 -0.59117657 -0.22660062 0.93981552 0.25573233
-0.86772138 -0.06895580 -0.49224454 -0.06314238 0.99759924 -0.02844166
-0.81951785 -0.06340299 -0.56953549 -0.09438638 0.99522114 0.02502274
-0.75553000 -0.04452220 -0.65359950 -0.15065902 0.98275518 0.10721089
-0.58363587 0.00011949 -0.81201553 -0.22406283 0.96115285 0.16118653
-0.91030163 -0.10263114 -0.40102100 -0.14175704 0.98748958 0.06905990
-0.88158643 -0.06984414 -0.46682671 -0.14248119 0.98223591 0.12211399
-0.75881088 -0.02563491 -0.65080643 -0.17564316 0.97025901 0.16657400
-0.91532874 -0.09692195 -0.39087015 -0.15569578 0.98030138 0.12152398
-0.19215652 0.18150245 -0.96443397 -0.50410616 0.82492501 0.25568697
-0.07481482 0.19358756 -0.97822630 -0.31396943 0.92651105 0.20736568
-0.25107539 0.13455452 -0.95856994 -0.60284764 0.75305086 0.26360786
-0.90415460 -0.09164254 -0.41726029 -0.15493196 0.98056614 0.12035863
-0.91818720 -0.10027044 -0.38324687 -0.12962770 0.99022514 0.05148697
-0.87128490 -0.06783772 -0.48606661 0.01324811 0.98678899 -0.16146839
-0.89342326 -0.06558985 -0.44440165 0.04650465 0.97046316 -0.23672470
-0.90648454 -0.05827888 -0.41819772 0.07099351 0.95529258 -0.28701234
-0.90621632 -0.06338590 -0.41803613 0.08087678 0.94445628 -0.31852999
-0.90417510 -0.06602644 -0.42202836 0.10501508 0.92330152 -0.36944041
-0.75386077 -0.15395321 -0.63874280 0.09346606 0.93714595 -0.33618695
-0.80649716 0.04505018 -0.58951914 -0.06228400 0.98507106 0.16048589
-0.69610006 -0.11124986 -0.70927298 0.02599762 0.98336756 -0.17975654
-0.67848116 -0.09532214 -0.72840714 -0.04021212 0.99487829 -0.09273764
-0.88464743 0.00924961 -0.46616897 -0.13795142 0.94984865 0.28063667
-0.88227904 0.01901970 -0.47034246 -0.11862111 0.95795482 0.26124996
-0.64830667 -0.73102772 -0.21283081 -0.74770749 0.66402078 -0.00316621
-0.68381238 -0.69061637 -0.23547754 -0.69904625 0.71256715 -0.05985301
-0.69870222 -0.67370999 -0.24068688 -0.68065459 0.72959667 -0.06631742
-0.72438824 -0.62940890 -0.28125817 -0.61330485 0.77468252 -0.15402673
-0.74697095 -0.62556773 -0.22516526 -0.59526902 0.78010815 -0.19257775
-0.75628668 -0.65172791 -0.05728203 -0.62987858 0.70165843 0.33305925
-0.61372793 -0.76865774 -0.18028706 -0.78644627 0.57506567 0.22539265
-0.65449423 -0.73615140 -0.17239049 -0.74205363 0.58174729 0.33305627
-0.66351515 -0.73721570 -0.12751749 -0.72241348 0.58697385 0.36548668
-0.69419342 -0.71307576 -0.09807396 -0.69074184 0.62165046 0.36935964
-0.61366284 -0.77067417 -0.17169572 -0.78952378 0.59663558 0.14379950
-0.62527108 -0.74809313 -0.22224495 -0.77105415 0.63615543 0.02796174
-0.61261159 -0.75172639 -0.24416092 -0.78859228 0.60211694 0.12480973
-0.63098907 -0.48423892 0.60610682 -0.60323751 0.79750913 0.00915468
-0.32011551 -0.63894910 0.69947851 -0.83886904 0.53427905 0.10413773
-0.63507104 -0.60768819 0.47686461 -0.67617488 0.73580343 0.03715935
-0.34258118 -0.81521702 0.46696827 -0.88855922 0.44258040 0.12076923
-0.32341802 -0.77462798 0.54346317 -0.89448673 0.43763697 0.09147400
-0.44632089 -0.82065749 0.35681787 -0.87704784 0.48034126 0.00770941
-0.46643031 -0.85924393 0.21010177 -0.87912387 0.47658628 -0.00259975
-0.43946680 -0.85009432 -0.29018709 -0.89049900 0.45468161 0.01661859
-0.40843394 -0.85173655 -0.32821733 -0.90763229 0.41712689 0.04699825
-0.46785110 -0.88144720 0.06454607 -0.88351339 0.46832994 -0.00843837
-0.77876204 -0.61509186 -0.12325475 -0.61832941 0.71949577 0.31621915
-0.40995967 -0.83621871 -0.36424088 -0.91158992 0.38904211 0.13285385
-0.68703675 -0.15462650 0.70997977 -0.29146767 0.95368725 -0.07434532
-0.78526938 -0.60549092 -0.12935501 -0.52842689 0.76429021 -0.36962882
-0.85906529 -0.25145656 -0.44584355 -0.19750081 0.96640188 -0.16450170
-0.87212873 -0.03135633 -0.48827067 0.05580252 0.98505807 -0.16293173
-0.84750593 0.04356931 -0.52899474 0.21241269 0.94118142 -0.26278979
-0.86925608 -0.00267429 -0.49435490 0.19224645 0.91944724 -0.34301320
-0.01341329 -0.83268809 0.55357987 -0.93004626 -0.19292012 -0.31272322
-0.00759875 -0.84429938 0.53581786 -0.91274047 -0.21302167 -0.34860677
-0.04840231 -0.76509011 0.64210153 -0.93621218 -0.18928009 -0.29610765
-0.83738893 -0.06614933 -0.54259020 -0.03558465 0.99714190 -0.06664710
-0.81787390 -0.06059336 -0.57219827 -0.03511835 0.99784255 -0.05547074
-0.75309771 -0.05399343 -0.65568948 -0.09348553 0.99529624 0.02541491
-0.71758199 -0.04447180 -0.69505274 -0.15048714 0.98428571 0.09238710
-0.30682021 0.05833243 -0.94997829 -0.19357657 0.97343338 0.12229326
-0.86623114 -0.05057489 -0.49707726 -0.08683239 0.99496311 0.05008631
-0.92255265 -0.10082789 -0.37246531 -0.15843774 0.97911787 0.12738039
-0.85788071 -0.03939366 -0.51233679 -0.06967276 0.99676681 0.04002175
-0.04755142 0.25035241 -0.96698630 -0.61753261 0.75353968 0.22545822
-0.04965228 0.25207096 -0.96643412 -0.42491764 0.87035763 0.24884264
-0.86694586 -0.03106129 -0.49743357 -0.02080075 0.99944150 -0.02615589
-0.88667601 -0.06534069 -0.45775136 -0.02662585 0.99553770 -0.09053083
-0.87602884 -0.06512547 -0.47784108 0.04055464 0.97738183 -0.20755748
-0.90547013 -0.05781009 -0.42045438 0.07557965 0.95288032 -0.29378030
-0.90507972 -0.05733379 -0.42135930 0.08267256 0.94823933 -0.30660632
-0.90340483 -0.06545992 -0.42376247 0.10144261 0.92759514 -0.35955063
-0.90362692 -0.06713966 -0.42302564 0.10524324 0.92255652 -0.37123224
-0.84464562 -0.10569376 -0.52478814 0.12946264 0.91088575 -0.39182475
-0.88181436 0.01113982 -0.47146526 -0.12639685 0.95756209 0.25903422
-0.66550291 -0.11662827 -0.73722708 0.05509463 0.97734636 -0.20434934
-0.65161967 -0.11420570 -0.74989921 -0.07006890 0.99343669 -0.09040930
-0.64255875 0.06179308 -0.76374072 -0.13350429 0.97246838 0.19100222
-0.86904049 0.01779557 -0.49442083 -0.14144953 0.94870037 0.28277132
-0.87734038 0.01315529 -0.47968826 -0.14482392 0.94575447 0.29081711
-0.68218845 -0.68936378 -0.24371409 -0.70749468 0.70648980 -0.01798728
-0.70745188 -0.64277875 -0.29384932 -0.65481120 0.75256956 -0.06972387
-0.71435994 -0.62750053 -0.30973050 -0.63252711 0.76834232 -0.09777288
-0.72264862 -0.61191452 -0.32146475 -0.59150207 0.78808290 -0.17044239
-0.72679973 -0.60618657 -0.32295534 -0.57672042 0.79396605 -0.19238390
-0.75191009 -0.62383991 -0.21320181 -0.57262051 0.77825594 -0.25772741
-0.70296639 -0.70196486 -0.11438397 -0.68157506 0.61894208 0.39034122
-0.61287326 -0.76693076 -0.19027261 -0.78858161 0.57832140 0.20900571
-0.61473066 -0.76073265 -0.20830767 -0.78414255 0.56098545 0.26535976
-0.65210003 -0.73917758 -0.16846976 -0.74639899 0.58701009 0.31354076
-0.65201366 -0.74453408 -0.14334309 -0.73204422 0.56892747 0.37474364
-0.69509470 -0.71248811 -0.09593800 -0.68098682 0.60975724 0.40552813
-0.61192787 -0.76813275 -0.18845794 -0.79069793 0.58857554 0.16845104
-0.61228985 -0.75183964 -0.24461892 -0.78854066 0.60320199 0.11979563
-0.61675000 -0.74018693 -0.26784855 -0.77605242 0.62872297 0.04949716
-0.61334670 -0.74345797 -0.26660106 -0.78324926 0.61597931 0.08420292
-0.32723242 -0.65455025 0.68152988 -0.84297538 0.52810639 0.10245088
-0.24667130 -0.71970034 0.64898753 -0.89594442 0.42461169 0.13034055
-0.25244293 -0.81558001 0.52067447 -0.93255329 0.34860408 0.09391288
-0.35635701 -0.84252870 0.40392455 -0.90695423 0.41583166 0.06721696
-0.45469594 -0.83264136 0.31616461 -0.87556481 0.48293537 0.01263952
-0.39416870 -0.78513855 -0.47769091 -0.90882558 0.41026968 0.07559703
-0.41795087 -0.87324190 -0.25053069 -0.90006846 0.43544617 -0.01622716
-0.40689352 -0.82816583 -0.38545954 -0.89824796 0.43947098 0.00398590
-0.41265088 -0.90813029 -0.07084294 -0.91048378 0.41353837 0.00233232
-0.36617166 -0.81948799 -0.44086027 -0.92429483 0.37513122 0.07039651
-0.29804963 0.95010960 -0.09196858 0.30792511 0.00450270 -0.95139998
-0.74268472 -0.62486970 -0.24074309 -0.55685192 0.77598155 -0.29625762
-0.80611449 -0.45260456 -0.38121974 -0.38809294 0.89067650 -0.23681065
-0.83297354 -0.18474488 -0.52155960 -0.13820079 0.98220271 -0.12719417
-0.82728475 0.01988922 -0.56143075 0.11444320 0.98438317 -0.13376273
-0.84549022 0.02655807 -0.53333014 0.12619975 0.98040754 -0.15124388
-0.80366552 0.00897992 -0.59501362 0.18955038 0.95166832 -0.24165699
-0.81926590 0.00290721 -0.57340646 0.24324761 0.90731448 -0.34294477
-0.82004994 0.00713694 -0.57224745 0.24489355 0.90812385 -0.33961484
-0.04251471 -0.80052567 0.59778851 -0.89710528 -0.23277600 -0.37552300
-0.05967730 -0.76824087 0.63737321 -0.92871720 -0.19135287 -0.31759796
-0.77110565 -0.05398877 -0.63441420 -0.02800102 0.99831003 -0.05092224
-0.74453855 -0.05581963 -0.66524172 -0.09343068 0.99540341 0.02104453
-0.48803860 -0.00036544 -0.87282199 -0.16208012 0.98264498 0.09021571
-0.87025487 -0.04180894 -0.49082434 -0.07557771 0.99592698 0.04916876
-0.68718415 -0.02021752 -0.72620189 -0.10823353 0.99130595 0.07482027
0.03346517 0.30273935 -0.95248574 -0.60403007 0.76540166 0.22205399
0.07379564 0.29606661 -0.95231235 -0.40553308 0.88130826 0.24256682
0.07036800 0.29782641 -0.95202303 -0.38757753 0.88756710 0.24901481
-0.83684403 -0.03238124 -0.54648292 -0.01168125 0.99907804 -0.04131146
-0.87503982 -0.06531444 -0.47962403 0.03850099 0.97832417 -0.20346895
-0.85781872 -0.07044973 -0.50910109 0.02180438 0.98468041 -0.17300037
-0.87058634 -0.06697311 -0.48743623 0.06794125 0.96483767 -0.25391400
-0.11345610 -0.89671814 0.42781353 -0.89565516 -0.09406310 -0.43468848
-0.18300572 -0.87921548 0.43987387 -0.86939412 -0.06415520 -0.48993680
-0.74075985 -0.30896667 -0.59650189 0.05713683 0.85576022 -0.51420802
-0.74173748 0.04528665 -0.66915971 -0.06094976 0.98903799 0.13449547
-0.52752215 -0.14818582 -0.83651733 0.01562516 0.98281062 -0.18395460
-0.54954785 -0.12484267 -0.82608205 -0.10391518 0.99130815 -0.08068350
-0.71206194 0.05200270 -0.70018828 -0.05972738 0.98915213 0.13420415
-0.88732386 0.00347382 -0.46113378 -0.13553713 0.95384043 0.26798907
-0.87451935 0.01315105 -0.48481223 -0.14447115 0.94718707 0.28629503
-0.67482120 -0.68431073 -0.27628851 -0.71059716 0.70356447 -0.00698808
-0.69437981 -0.64307266 -0.32294634 -0.66991311 0.74155509 -0.03622827
-0.70562416 -0.61517423 -0.35164645 -0.61517549 0.77812231 -0.12682638
-0.72921503 -0.60139561 -0.32644895 -0.58304191 0.79579037 -0.16364554
-0.74799174 -0.56435061 -0.34930915 -0.52798969 0.82486361 -0.20205705
-0.70080101 -0.70425212 -0.11360879 -0.66913784 0.59377086 0.44686770
-0.61783397 -0.74868101 -0.24032892 -0.78512001 0.57058012 0.24088366
-0.65440339 -0.73791265 -0.16504912 -0.73819131 0.57617599 0.35084885
-0.65901482 -0.72326398 -0.20637023 -0.73730135 0.56701297 0.36726427
-0.65228039 -0.74269199 -0.15145630 -0.72600454 0.55474377 0.40641955
-0.69098592 -0.71560556 -0.10221101 -0.67901683 0.59404916 0.43132558
-0.60971159 -0.75661623 -0.23618604 -0.79246145 0.58791965 0.16234386
-0.60858631 -0.75525934 -0.24332316 -0.79105121 0.60149974 0.11151733
-0.61326855 -0.73333806 -0.29345712 -0.77256721 0.63424438 0.02956332
-0.60223556 -0.73029107 -0.32247061 -0.78608292 0.61292362 0.07998991
-0.31743547 -0.64160299 0.69826961 -0.84875083 0.52063316 0.09253757
-0.21306644 -0.64800888 0.73122305 -0.82177073 0.52367431 0.22462891
-0.17927417 -0.61892217 0.76471972 -0.91144753 0.39707068 0.10769544
-0.19511656 -0.67954922 0.70720744 -0.93432897 0.34806651 0.07667519
-0.24991657 -0.82124734 0.51292747 -0.93310833 0.34572774 0.09890048
-0.35962942 -0.84657335 0.39240327 -0.91969287 0.39261663 0.00415432
-0.38729140 -0.90607077 0.17041469 -0.92092520 0.38893577 -0.02501571
-0.38899028 -0.86602002 -0.31415904 -0.90532577 0.42247126 -0.04362648
-0.30481365 -0.71435565 -0.62990844 -0.91611195 0.40076649 -0.01118629
-0.39630857 -0.77251303 -0.49614835 -0.89471442 0.44619340 0.01993920
-0.38691980 -0.89806390 -0.20922308 -0.92084986 0.38818604 0.03670339
-0.29760835 0.95015281 -0.09294555 0.30447790 0.00219224 -0.95251691
-0.49460864 -0.04553470 0.86792219 -0.25875458 0.96105665 -0.09703729
-0.82814586 -0.20212378 -0.52280051 -0.21796207 0.97543722 -0.03185664
-0.78136247 -0.15749048 -0.60387862 -0.10582105 0.98705703 -0.12050018
-0.76825690 -0.00000458 -0.64014173 0.10587998 0.98622555 -0.12707740
-0.60429347 -0.09871414 -0.79062325 0.18131606 0.94922268 -0.25710076
-0.84411991 0.03015416 -0.53530586 0.24723989 0.90781748 -0.33873278
-0.05056399 -0.78879791 0.61256939 -0.90475017 -0.22356023 -0.36255759
-0.06453306 -0.80115473 0.59496778 -0.87379837 -0.24260111 -0.42145127
-0.09217557 -0.71997291 0.68785369 -0.90299904 -0.23068321 -0.36246103
-0.69865090 -0.05246752 -0.71353638 -0.00629826 0.99771988 -0.06719714
-0.43156713 -0.03230102 -0.90150237 -0.11883718 0.99268478 0.02132162
-0.37797147 -0.02028600 -0.92559505 -0.13684933 0.99000186 0.03418554
0.26202863 0.18533608 -0.94709641 -0.58237469 0.81291795 -0.00204395
0.13179359 0.35168231 -0.92679560 -0.52184153 0.81952518 0.23676972
0.15149388 0.31069332 -0.93835992 -0.42012459 0.87954068 0.22339095
-0.26263696 0.16615674 -0.95048082 -0.36964932 0.89258283 0.25817692
-0.52567363 -0.03457754 -0.84998339 -0.06428206 0.99793148 -0.00084076
-0.67047936 -0.10702496 -0.73416835 0.00158658 0.98933184 -0.14567089
-0.83570313 -0.08140042 -0.54311544 0.09833968 0.95078915 -0.29381859
-0.81018186 -0.05810191 -0.58329201 0.25518247 0.86087716 -0.44019598
-0.19466756 -0.85172695 0.48648313 -0.86328304 -0.08668942 -0.49721959
-0.68651462 -0.33382368 -0.64595634 0.04772457 0.86577851 -0.49814659
-0.73664278 -0.31286132 -0.59956259 0.04961321 0.85916746 -0.50928372
-0.82163668 0.01355501 -0.56985039 -0.14697619 0.96087438 0.23477337
-0.51107770 -0.15349145 -0.84571862 -0.07473452 0.98813540 -0.13417606
-0.49491912 -0.14188772 -0.85727650 -0.07659196 0.98986173 -0.11961416
-0.70078778 0.06273463 -0.71060604 -0.16349062 0.95548868 0.24558541
-0.83624631 0.01152001 -0.54823297 -0.17754209 0.94023800 0.29057071
-0.66734380 -0.67584056 -0.31287670 -0.70446396 0.70913774 -0.02922674
-0.63200223 -0.70956975 -0.31158289 -0.74897152 0.66252029 0.01042216
-0.69041866 -0.64822447 -0.32113412 -0.67348987 0.73801601 -0.04175858
-0.68667042 -0.62598091 -0.36963707 -0.63174367 0.76541352 -0.12264612
-0.71621341 -0.60119081 -0.35441241 -0.60320932 0.78867900 -0.11884454
-0.70181954 -0.60720021 -0.37250131 -0.61475408 0.78044629 -0.11393446
-0.71726298 -0.59838659 -0.35702583 -0.58339942 0.79588795 -0.16188706
-0.76329482 -0.49128348 -0.41954932 -0.46773767 0.86820030 -0.16567969
-0.61038780 -0.74935943 -0.25668511 -0.79144734 0.56379235 0.23611277
-0.65791273 -0.72968608 -0.18630397 -0.73059207 0.55839449 0.39297700
-0.64430177 -0.74619401 -0.16754048 -0.74561661 0.56418163 0.35461962
-0.65489167 -0.73220909 -0.18704748 -0.72694504 0.54270160 0.42074442
-0.64687866 -0.74848449 -0.14601059 -0.71703166 0.53178912 0.45062846
-0.67051196 -0.73128176 -0.12506303 -0.69204450 0.55575258 0.46066648
-0.60322958 -0.75167745 -0.26663682 -0.79756737 0.56820846 0.20254765
-0.59739912 -0.74971348 -0.28468233 -0.80068618 0.57749021 0.15939495
-0.61468655 -0.72831881 -0.30284017 -0.76509792 0.64389896 0.00439723
-0.59567636 -0.73129952 -0.33222094 -0.79098862 0.60599381 0.08431186
-0.26447713 -0.57669705 0.77296340 -0.76866436 0.61009979 0.19218057
-0.32454005 -0.63031745 0.70524734 -0.80945206 0.57081735 0.13767730
-0.21227224 -0.65424526 0.72588134 -0.88601768 0.44218522 0.13944516
-0.16901755 -0.60485220 0.77819461 -0.90762210 0.40333742 0.11636606
-0.18966147 -0.67397577 0.71399248 -0.93429691 0.34745070 0.07979529
-0.20570666 -0.75682002 0.62040979 -0.95808691 0.28491426 0.02988979
-0.36400542 -0.84705496 0.38729581 -0.91783375 0.39692715 0.00548081
-0.24112338 -0.85114729 0.46627018 -0.94765788 0.31010669 0.07601605
-0.32975778 -0.92655689 0.18097581 -0.94234097 0.33463275 -0.00380168
-0.38912126 -0.89027560 -0.23663065 -0.91881204 0.39352682 0.03035091
-0.32523760 -0.77216667 -0.54587477 -0.93115968 0.36211950 0.04255834
-0.33605999 -0.80752134 -0.48474014 -0.92334336 0.38397497 0.00047608
-0.36887428 -0.67692405 -0.63695031 -0.90719247 0.41136831 0.08819346
-0.34564933 -0.92698771 -0.14567228 -0.93076104 0.35841373 -0.07227346
-0.32778004 -0.00855713 0.94471532 -0.29507279 0.95086277 -0.09376615
-0.41886067 -0.06308424 0.90585661 -0.32958758 0.94011462 -0.08692862
-0.42507413 -0.02337579 0.90485662 -0.23385501 0.96856320 -0.08483640
-0.78361696 -0.20830965 -0.58527911 -0.24003071 0.97046781 -0.02403246
-0.78934032 -0.12070524 -0.60197353 -0.08038578 0.99236149 -0.09357802
-0.67559910 -0.17886761 -0.71524280 -0.18570706 0.98013026 -0.06969663
-0.77123415 0.01093104 -0.63645774 0.11247657 0.98646039 -0.11935234
-0.69861186 -0.02032092 -0.71521223 0.21383087 0.94798404 -0.23580229
-0.79460245 -0.02733823 -0.60651428 0.24081080 0.90285242 -0.35618493
-0.06328633 -0.80434728 0.59077942 -0.86865532 -0.24705563 -0.42942002
-0.74794734 -0.03361765 -0.66290617 0.08769280 0.98495746 -0.14889219
-0.36967304 -0.05689142 -0.92741859 -0.03042234 0.99832970 -0.04911490
-0.30874288 -0.04374323 -0.95013916 -0.08109052 0.99651539 -0.01952839
0.29857242 0.15800752 -0.94121635 -0.56521314 0.82392651 -0.04097934
0.50021946 0.14618459 -0.85346973 -0.29308265 0.95605350 -0.00802064
0.03682342 0.30418298 -0.95190167 -0.44891143 0.85606325 0.25619182
0.00945327 0.26341128 -0.96463734 -0.31417164 0.91661292 0.24721855
-0.12946424 0.19731496 -0.97175401 -0.21080035 0.95212358 0.22141339
-0.36863852 -0.07816989 -0.92628026 0.18517728 0.97031111 -0.15558204
-0.51919925 -0.03091579 -0.85409391 -0.05897636 0.99825937 -0.00028276
-0.58663708 -0.13794374 -0.79801536 0.06823629 0.97346324 -0.21843328
-0.80998701 -0.08924124 -0.57961816 0.10771489 0.94890028 -0.29662409
-0.24252670 -0.83352792 0.49639907 -0.87743092 -0.02982867 -0.47877485
-0.79087073 -0.07296748 -0.60761774 0.28139871 0.83832163 -0.46693867
-0.18390505 -0.85731632 0.48081988 -0.86894149 -0.08686228 -0.48723271
-0.68115652 -0.34132716 -0.64770496 0.11131820 0.82610708 -0.55240875
-0.76415354 -0.27841392 -0.58185488 0.11015762 0.83247334 -0.54300404
-0.43071368 -0.45023635 -0.78215915 -0.03920832 0.87518626 -0.48219478
-0.83318645 0.00811066 -0.55293268 -0.21493179 0.91652805 0.33731395
-0.51108015 -0.11000306 -0.85246491 -0.10469569 0.99235904 -0.06528674
-0.81475365 0.02127528 -0.57941693 -0.18273930 0.93897283 0.29143849
-0.64653862 -0.70035940 -0.30246422 -0.73214835 0.68104064 -0.01193856
-0.67469913 -0.62601811 -0.39100194 -0.65949094 0.74919194 -0.06150785
-0.67696387 -0.60467565 -0.41962770 -0.61363524 0.77850157 -0.13186000
-0.60032070 -0.75371689 -0.26744348 -0.79971403 0.56216514 0.21077926
-0.61203873 -0.73695445 -0.28689146 -0.78244776 0.51162940 0.35498023
-0.64645815 -0.71143156 -0.27560312 -0.75977886 0.56740272 0.31747490
-0.64714539 -0.73704004 -0.19487149 -0.73249233 0.53027487 0.42692333
-0.64950937 -0.73803264 -0.18288095 -0.69766539 0.48283082 0.52928013
-0.58848995 -0.74386036 -0.31678277 -0.80453128 0.57757270 0.13834442
-0.59873998 -0.71375275 -0.36341089 -0.77028316 0.63747376 0.01706249
-0.58826041 -0.73600864 -0.33502400 -0.79691476 0.59800577 0.08553416
-0.83767998 0.52736330 0.14205718 0.10449740 0.41005328 -0.90605557
-0.41526729 -0.63107604 0.65520692 -0.76127791 0.63536811 0.12947333
-0.09638877 -0.46552703 0.87976921 -0.89580250 0.42586219 0.12719822
-0.10356547 -0.48034361 0.87094450 -0.91914648 0.38081867 0.10073199
-0.14542966 -0.56772983 0.81026733 -0.94540024 0.32117629 0.05535472
-0.17029308 -0.68791687 0.70552862 -0.97021705 0.24222906 0.00200164
-0.19699216 -0.77427453 0.60140932 -0.96431673 0.26369506 0.02362712
-0.31538194 -0.86992770 0.37915698 -0.94296342 0.33215013 -0.02227858
-0.23149720 -0.84690887 0.47870085 -0.96236986 0.27134705 0.01466537
-0.27601695 -0.89614785 0.34746766 -0.96069664 0.26836336 -0.07101474
-0.37016904 -0.69377226 -0.61778235 -0.88522649 0.46508944 0.00812143
-0.26241267 -0.95553088 -0.13453744 -0.96417129 0.26525924 -0.00336447
-0.28097963 -0.90513694 -0.31902602 -0.95676094 0.29024178 0.01918903
-0.28848889 0.95199710 -0.10235146 0.13260289 -0.06614205 -0.98895991
-0.26083809 0.96068412 -0.09512935 0.17971967 -0.04849558 -0.98252177
-0.33917242 0.93401301 -0.11216837 0.21778366 -0.03803655 -0.97525561
-0.36760521 -0.05211070 0.92852086 -0.35159686 0.93211079 -0.08688646
-0.33320436 0.01142929 0.94278538 -0.27077335 0.95664495 -0.10729549
-0.49235499 -0.03751432 0.86958569 -0.23920530 0.96643305 -0.09374448
-0.72733307 -0.40653476 -0.55291605 -0.42929164 0.89809054 -0.09561494
-0.77809286 -0.04614521 -0.62645203 0.25440046 0.88869625 -0.38144383
-0.74799418 -0.06800512 -0.66021210 0.26194906 0.88373554 -0.38780707
-0.12341891 -0.05307662 -0.99093425 0.00869362 0.99847251 -0.05456316
0.50230038 0.14651103 -0.85219067 -0.28629670 0.95813262 -0.00402486
0.48623726 -0.00385655 -0.87381834 -0.49688178 0.82136703 -0.28011551
0.56543326 0.15205182 -0.81065750 -0.18437949 0.98128963 0.05545200
-0.41623217 0.10831273 -0.90278417 -0.25463480 0.93926555 0.23009004
-0.23898250 0.16763000 -0.95644528 -0.21892412 0.95032459 0.22125883
-0.47239029 0.10500341 -0.87511247 -0.30482471 0.91214573 0.27399299
-0.45091775 -0.02774131 -0.89213437 -0.13546282 0.99006563 0.03768139
-0.24137291 -0.83242333 0.49880916 -0.87764466 -0.03208615 -0.47823682
-0.24197260 -0.82976288 0.50293434 -0.87833285 -0.03292990 -0.47691411
-0.35088536 -0.74289399 0.57007718 -0.84167784 -0.01662675 -0.53972405
-0.37650403 -0.72789121 0.57307875 -0.79355383 -0.06580281 -0.60493165
-0.90423095 -0.06264019 -0.42242467 0.08079422 0.94622469 -0.31325898
-0.07371966 -0.80421984 0.58974230 -0.43000767 -0.50792283 -0.74639660
-0.43137458 -0.62860745 0.64712334 -0.81024027 -0.04552105 -0.58432746
-0.29016489 -0.64393157 0.70792413 -0.75135857 -0.30484784 -0.58525908
-0.25170109 -0.68856037 0.68009645 -0.56137240 -0.46855128 -0.68214422
-0.78866345 0.03306405 -0.61393553 -0.18375625 0.94023502 0.28669107
-0.60875940 -0.71140718 -0.35115781 -0.75727290 0.65301973 -0.01015477
-0.66219401 -0.60547096 -0.44147944 -0.65754658 0.75206065 -0.04513796
-0.59745860 -0.72956729 -0.33282864 -0.80107176 0.56186235 0.20638497
-0.59783685 -0.73123449 -0.32846195 -0.79974931 0.51611459 0.30663794
-0.58788741 -0.74208802 -0.32201526 -0.80300647 0.58348078 0.12137105
-0.58423555 -0.73733819 -0.33911830 -0.80772179 0.56897908 0.15442921
-0.60198253 -0.71449435 -0.35653189 -0.77000159 0.63765436 0.02223380
-0.59211612 -0.73445660 -0.33162037 -0.78700262 0.61551905 0.04199035
-0.56719363 -0.70238739 -0.43005037 -0.79143053 0.60932142 0.04863289
-0.08769978 -0.42865849 0.89920002 -0.91031909 0.40104130 0.10239655
-0.82207000 0.54802227 0.15450753 0.10558625 0.41337505 -0.90441841
-0.30777246 -0.53987861 0.78345847 -0.78602767 0.60825944 0.11036775
-0.37720448 -0.59304678 0.71134549 -0.73672831 0.65757704 0.15755600
-0.10005161 -0.47638291 0.87352681 -0.89208966 0.43175453 0.13328211
-0.90730077 0.41338161 0.07694814 0.08323628 0.35594949 -0.93079090
-0.08128022 -0.38642466 0.91873258 -0.92590308 0.37046158 0.07390384
-0.12032116 -0.51246965 0.85023397 -0.96833116 0.24931800 0.01324008
-0.19128162 -0.77498525 0.60233653 -0.96536940 0.25945869 0.02725924
-0.22419746 -0.84929287 0.47795093 -0.96417010 0.26467133 0.01803316
-0.26339021 -0.89598340 0.35754627 -0.96005058 0.27975839 -0.00617840
-0.22670029 -0.84804833 0.47897917 -0.96357107 0.26693887 0.01656695
-0.25365624 -0.94789916 0.19273244 -0.96469200 0.26250744 0.02143093
-0.26017892 -0.95561266 0.13824429 -0.96457499 0.26370245 0.00748933
-0.25306571 -0.92303574 -0.28976324 -0.96539468 0.26044422 0.01349011
-0.29831678 0.94893044 -0.10265563 0.20707189 -0.04064671 -0.97748101
-0.27972630 0.95504618 -0.09818370 0.17351547 -0.05029219 -0.98354620
-0.24373378 0.96562803 -0.09031294 0.26278466 -0.02388357 -0.96455890
-0.33044451 0.93743306 -0.10966171 0.12790132 -0.07064027 -0.98926806
-0.33739451 0.93484795 -0.11056389 0.27058223 -0.01618609 -0.96256083
-0.49740976 -0.11525626 0.85982531 -0.33738142 0.93881148 -0.06933142
-0.66420150 -0.42190784 -0.61711448 -0.48860511 0.86979061 -0.06877044
0.51264697 0.13707624 -0.84758669 -0.35670859 0.93194973 -0.06502863
0.50841314 0.12591235 -0.85185808 -0.38224277 0.91944766 -0.09223071
0.49290019 -0.02712928 -0.86966288 -0.56005460 0.75503248 -0.34097642
0.55818683 0.14756754 -0.81648713 -0.18332715 0.98167086 0.05209142
0.56567627 0.15364015 -0.81018835 -0.18044145 0.98174250 0.06018801
-0.17624757 0.18169115 -0.96743226 -0.19122069 0.95777476 0.21471417
-0.43151918 0.13220997 -0.89236307 -0.27719256 0.92191315 0.27062976
-0.72007459 0.04248466 -0.69259483 0.04772383 0.99879265 0.01164989
-0.35543367 -0.71454430 0.60257226 -0.85125387 -0.01880217 -0.52441728
-0.24014816 -0.82929784 0.50457317 -0.87880945 -0.03505796 -0.47588336
-0.43791828 -0.57844305 0.68820870 -0.81996799 -0.05689013 -0.56957531
-0.38808110 -0.67165154 0.63109219 -0.84699589 -0.01001361 -0.53150511
-0.39952892 -0.68885720 0.60485739 -0.77669156 -0.09612316 -0.62250358
-0.21212123 -0.72889954 0.65093017 -0.71342432 -0.33970612 -0.61288303
-0.14306317 -0.76253337 0.63093257 -0.43133971 -0.52572358 -0.73318547
-0.21935582 -0.72372961 0.65429235 -0.78544390 -0.26682314 -0.55846524
-0.74681222 0.05629683 -0.66264790 -0.19502184 0.93406492 0.29914767
-0.64011669 -0.63231319 -0.43638369 -0.69039178 0.72261971 -0.03435220
-0.67192554 -0.60711813 -0.42417404 -0.65086925 0.75734115 -0.05294958
-0.58562422 -0.74204683 -0.32620680 -0.81037790 0.54501814 0.21504140
-0.60670543 -0.64610064 -0.46310103 -0.79418236 0.46744993 0.38828471
-0.58201796 -0.73192060 -0.35432655 -0.80077285 0.59168363 0.09313089
-0.57405859 -0.72137082 -0.38740286 -0.80870932 0.57360196 0.13026960
-0.57438797 -0.69958586 -0.42503893 -0.77610326 0.63050932 0.01103203
-0.56933028 -0.73493415 -0.36842227 -0.81220651 0.57217586 0.11373408
-0.57333195 -0.72093457 -0.38928643 -0.80704153 0.57888013 0.11654129
-0.15973613 -0.56860405 0.80695349 -0.89264607 0.43224072 0.12787108
-0.81448245 0.55815983 0.15835407 0.11614480 0.42426738 -0.89805770
-0.78006792 0.59775603 0.18488325 0.08506908 0.39406279 -0.91513813
-0.79956967 0.57885844 0.16003521 0.12698631 0.42339566 -0.89700091
-0.36433339 -0.56807119 0.73794055 -0.71051103 0.68181539 0.17407465
-0.43851998 -0.58428508 0.68286979 -0.71227872 0.68929982 0.13238111
-0.86693037 0.48547682 0.11288960 0.09694890 0.38640842 -0.91721839
-0.07645718 -0.37472123 0.92397964 -0.93150038 0.35735670 0.06784698
-0.88654691 0.45268017 0.09547434 0.10298325 0.39428827 -0.91319829
-0.10208473 -0.43666467 0.89381355 -0.97299564 0.23081772 0.00163565
-0.12463469 -0.52882296 0.83953112 -0.98844481 0.13974780 -0.05871452
-0.16637529 -0.75860316 0.62995285 -0.97354954 0.22782555 0.01723085
-0.14675736 -0.92691529 0.34538433 -0.98655319 0.16254973 0.01704159
-0.21553016 -0.84616810 0.48738730 -0.96656156 0.25588271 0.01681745
-0.30657935 0.94598067 -0.10549774 0.12374008 -0.07028462 -0.98982245
-0.35507005 0.92902243 -0.10412737 0.10770378 -0.06999017 -0.99171638
-0.26626885 0.95877266 -0.09927725 0.12102658 -0.06892566 -0.99025345
-0.22949752 0.96946144 -0.08646059 0.13386367 -0.05654835 -0.98938507
-0.22132650 0.97165847 -0.08303273 0.19179526 -0.04011057 -0.98061496
-0.36869428 0.92171037 -0.12047628 0.19026181 -0.05203467 -0.98035342
-0.37883627 0.91708905 -0.12422113 0.27283999 -0.01758442 -0.96189874
-0.47774282 -0.11311221 0.87118739 -0.34630331 0.93562371 -0.06842783
-0.81051403 -0.44301432 -0.38315192 -0.45682427 0.88754141 -0.05984871
0.57401830 0.15214396 -0.80458391 -0.22214839 0.97467101 0.02581839
0.57570225 0.14752059 -0.80424166 -0.35104737 0.93291962 -0.08016736
0.53428960 -0.02062342 -0.84504986 -0.57876074 0.71970212 -0.38349047
0.55703586 0.14697948 -0.81737876 -0.18260793 0.98180437 0.05210061
0.56339699 0.15017155 -0.81242383 -0.18521596 0.98127091 0.05293895
0.56523705 0.15660495 -0.80992723 -0.18190512 0.98130906 0.06279372
-0.34835094 0.14676742 -0.92580289 -0.15278623 0.96556765 0.21056004
-0.35246918 -0.71128494 0.60814410 -0.79077691 -0.12113456 -0.59999865
-0.25834188 -0.81396854 0.52030253 -0.82193303 -0.09780982 -0.56112325
-0.49330747 -0.50662446 0.70709229 -0.80653995 -0.03805461 -0.58995348
-0.42493260 -0.59866047 0.67899776 -0.80450231 -0.09410527 -0.58644718
-0.38757724 -0.68594503 0.61584365 -0.75748479 -0.14374907 -0.63683033
-0.15511288 -0.75069034 0.64218688 -0.52216917 -0.48952484 -0.69835865
-0.32844794 -0.63493758 0.69926840 -0.54863960 -0.47438675 -0.68844163
-0.66789842 -0.60660630 -0.43120831 -0.66976571 0.74253792 -0.00717218
-0.57754630 -0.70167333 -0.41724670 -0.77725810 0.62891769 0.01823318
-0.57714021 -0.70969778 -0.40402743 -0.81197119 0.55154371 0.19105598
-0.60627896 -0.64126027 -0.47033083 -0.76638186 0.31322232 0.56084818
-0.57219040 -0.71152836 -0.40783027 -0.81236094 0.55997503 0.16278103
-0.53959620 -0.67091751 -0.50863105 -0.81144989 0.57550031 0.10172796
-0.16550724 -0.57245046 0.80306160 -0.87618279 0.45911273 0.14669444
-0.15232123 -0.57201421 0.80597645 -0.89661336 0.42305577 0.13079870
-0.80887538 0.56455237 0.16432071 0.17739353 0.50075817 -0.84721476
-0.76567578 0.61309254 0.19457176 0.12592046 0.43950969 -0.88936794
-0.74521160 0.63444227 0.20528667 0.09347615 0.40420631 -0.90987885
-0.80093938 0.57712829 0.15943390 0.13232704 0.43031776 -0.89292568
-0.27472556 -0.50392079 0.81889552 -0.70636880 0.68359518 0.18368667
-0.44116610 -0.52708226 0.72633111 -0.66166782 0.73781246 0.13352376
-0.89205253 0.44267783 0.09098686 0.10183778 0.39304873 -0.91386092
-0.08292143 -0.39213884 0.91616112 -0.93434477 0.35032195 0.06537893
-0.09470555 -0.43308917 0.89636189 -0.91447312 0.39367491 0.09359017
-0.07425609 -0.28997731 0.95414841 -0.96456265 0.26380458 0.00510683
-0.95003211 0.30630368 -0.06014148 0.12988038 0.21268599 -0.96845025
-0.13448152 -0.58791989 0.79766214 -0.98312116 0.17993119 -0.03312996
-0.17938514 -0.86578321 0.46716219 -0.97783911 0.20901972 0.01189303
-0.16431797 -0.78496689 0.59734970 -0.98428953 0.17014317 -0.04717455
-0.11655183 -0.88386041 0.45299718 -0.99193001 0.12650968 -0.00837612
-0.13432746 -0.85505939 0.50082904 -0.98762196 0.15682732 0.00285911
-0.30225918 0.94758695 -0.10352952 0.12773293 -0.06736677 -0.98951811
-0.23125850 0.96902889 -0.08661752 0.13868468 -0.05528703 -0.98879218
-0.23587708 0.96793908 -0.08634844 0.11636467 -0.06008334 -0.99138755
-0.21876223 0.97237873 -0.08137994 0.21574579 -0.03313586 -0.97588718
-0.35931468 0.92579389 -0.11746747 0.15890262 -0.06334022 -0.98526037
-0.38554600 0.91518235 -0.11745479 0.25688317 -0.01579780 -0.96631336
-0.38944307 0.91231704 -0.12653732 0.19638634 -0.05197478 -0.97914809
-0.53514409 -0.17287333 0.82688308 -0.37264571 0.92676157 -0.04741514
-0.70515501 -0.11844170 -0.69909084 -0.21096572 0.97634447 0.04738104
-0.71734917 -0.42566010 -0.55156469 -0.50642741 0.86225587 -0.00678554
0.57318032 0.15418324 -0.80479306 -0.20341462 0.97816879 0.04252516
0.58241671 0.15486723 -0.79800183 -0.27135032 0.96241474 -0.01126874
0.53244799 0.14330351 -0.83424413 -0.43123519 0.89399904 -0.12166356
0.58006358 0.02237177 -0.81426400 -0.44841295 0.84329712 -0.29626995
0.53979957 -0.01074310 -0.84172505 -0.64068568 0.64334345 -0.41908377
0.61437368 0.16001874 -0.77261835 -0.18072955 0.98172456 0.05961399
0.54906678 0.15658790 -0.82097864 -0.19772068 0.97874528 0.05444456
0.53668112 0.15267399 -0.82985789 -0.17935112 0.98166102 0.06461315
-0.43189240 -0.60659653 0.66746509 -0.69652778 -0.24582581 -0.67410594
-0.29240829 -0.78567195 0.54517615 -0.76934296 -0.14533257 -0.62208509
-0.55537796 -0.44750401 0.70092475 -0.70183980 -0.19988100 -0.68371665
-0.52012587 -0.41751865 0.74508214 -0.78651261 -0.10594986 -0.60841817
-0.24687266 -0.55606258 0.79362983 -0.37036690 -0.70266038 -0.60753340
-0.33129144 -0.63054377 0.70189786 -0.61354673 -0.42118290 -0.66795617
-0.69746852 -0.49426425 -0.51888400 -0.59393632 0.80384964 0.03264269
-0.56269199 -0.67749232 -0.47368962 -0.77370089 0.63341486 0.01313431
-0.57853192 -0.68822414 -0.43777680 -0.81448358 0.51625353 0.26476201
-0.54655737 -0.64919043 -0.52898663 -0.82146722 0.53834993 0.18807164
-0.56828237 -0.68009835 -0.46316466 -0.80873573 0.56540686 0.16205463
-0.53652155 -0.67743033 -0.50322247 -0.81710857 0.56605339 0.10916574
-0.54021490 -0.67460006 -0.50307322 -0.81683159 0.56410986 0.12069041
-0.15655814 -0.54832709 0.82147861 -0.83516926 0.51749551 0.18625475
-0.18899287 -0.60444933 0.77390099 -0.86396760 0.47693899 0.16152154
-0.18425258 -0.65221918 0.73529667 -0.91399205 0.38883466 0.11587162
-0.77803373 0.59793574 0.19270805 0.16728640 0.49286658 -0.85387230
-0.76209903 0.61464876 0.20349951 0.14814317 0.47150260 -0.86933249
-0.71785229 0.66062874 0.21967672 0.08262838 0.39415473 -0.91532212
-0.72310472 0.65614134 0.21586598 0.12456488 0.43126145 -0.89358670
-0.49327880 -0.42893341 0.75676417 -0.56654060 0.81857628 0.09468238
-0.86821139 0.48170376 0.11903995 0.12158684 0.43912429 -0.89016092
-0.08296752 -0.39548045 0.91471946 -0.95052338 0.30714139 0.04657803
-0.10760096 -0.49695224 0.86108100 -0.91762328 0.38295871 0.10634890
-0.08584721 -0.32427275 0.94206023 -0.97223735 0.23385671 -0.00809980
-0.09376618 -0.34475783 0.93399680 -0.95811558 0.28622541 0.00946429
-0.13323903 -0.60802901 0.78265458 -0.98816377 0.14207785 -0.05784742
-0.16162492 -0.74133688 0.65138090 -0.98134100 0.19039771 -0.02680510
-0.16351289 -0.78863680 0.59271878 -0.98390657 0.17424186 -0.03959360
-0.09176798 -0.94455898 0.31525710 -0.99436533 0.10379607 0.02153992
-0.12003846 -0.86807007 0.48171073 -0.99022639 0.13939828 0.00444710
-0.30662233 0.94603199 -0.10491059 0.15554997 -0.05893449 -0.98606843
-0.25112274 0.96378797 -0.08972295 0.11331172 -0.06278535 -0.99157375
-0.21646774 0.97295773 -0.08059139 0.12839882 -0.05345957 -0.99028069
-0.21517701 0.97340780 -0.07858838 0.12770833 -0.05173463 -0.99046159
-0.27178147 0.01350329 0.96226424 -0.19170399 0.97910231 -0.06788437
-0.35196143 0.92905027 -0.11396840 0.17289358 -0.05513609 -0.98339605
-0.36918375 0.92242587 -0.11328667 0.24141736 -0.02252630 -0.97015995
-0.38696897 0.91325474 -0.12736115 0.19042332 -0.05599669 -0.98010379
-0.45372811 -0.13227358 0.88126874 -0.39683869 0.91544622 -0.06691208
-0.63089871 -0.05184961 -0.77413082 -0.21196102 0.97132707 0.10768592
-0.70582056 -0.42456675 -0.56706303 -0.53594822 0.84350199 0.03555223
-0.70101225 -0.09876285 -0.70627743 -0.27928680 0.94927859 0.14446168
0.62131697 0.18178129 -0.76218164 -0.31543121 0.94844431 -0.03092873
0.63232297 0.20103045 -0.74816746 -0.46996540 0.86728543 -0.16415994
0.56752014 0.01998594 -0.82311696 -0.60207248 0.69199383 -0.39831299
0.48786342 0.14473036 -0.86083823 -0.21532448 0.97563893 0.04200050
0.54169923 0.15178318 -0.82675499 -0.17501268 0.98237282 0.06568263
0.27266076 0.12606628 -0.95381522 -0.20077126 0.97700793 0.07173855
-0.47206855 -0.56630635 0.67560965 -0.57163215 -0.38678524 -0.72362560
-0.58247542 -0.38830942 0.71409965 -0.72466838 -0.14988497 -0.67259973
-0.55372548 -0.44899234 0.70128036 -0.69677699 -0.21130563 -0.68545741
-0.49841458 -0.46295166 0.73297942 -0.77251387 -0.14654620 -0.61785638
-0.52296221 -0.47647467 0.70674080 -0.78618926 -0.05066064 -0.61590582
-0.27207476 -0.36503336 0.89035165 -0.48878115 -0.74458224 -0.45463204
-0.23051238 -0.56895190 0.78940344 -0.28352299 -0.73678035 -0.61381555
-0.32726520 -0.62767673 0.70634228 -0.61558378 -0.42550209 -0.66332847
-0.33174381 -0.63092357 0.70134270 -0.61307591 -0.42085740 -0.66859335
-0.68997127 -0.50079149 -0.52263516 -0.65110242 0.74484295 0.14585869
-0.55264336 -0.66073662 -0.50794935 -0.78519183 0.61710262 0.05155779
-0.55840242 -0.64066476 -0.52700609 -0.74549139 0.66621536 -0.01999329
-0.51862651 -0.61469066 -0.59429121 -0.82604784 0.53958380 0.16277072
-0.50661916 -0.65848982 -0.55653226 -0.81891352 0.56941617 0.07173444
-0.76709586 0.60706681 0.20744596 0.22368191 0.55616075 -0.80040723
-0.20963274 -0.61547887 0.75976312 -0.83940673 0.51177645 0.18297867
-0.20975086 -0.63728052 0.74153769 -0.87178022 0.46529797 0.15328783
-0.18515849 -0.66350138 0.72490162 -0.90185952 0.40773314 0.14283942
-0.71803927 0.65479594 0.23592763 0.13896152 0.46702385 -0.87325740
-0.67146128 0.70118833 0.23973900 0.10875414 0.41325763 -0.90409660
-0.72804147 0.65208358 0.21152453 0.10812175 0.41391632 -0.90387112
-0.45027715 -0.39810130 0.79922837 -0.57364458 0.81491578 0.08272977
-0.85877031 0.49616218 0.12781495 0.12286764 0.44161177 -0.88875341
-0.12283942 -0.51503307 0.84832275 -0.86678421 0.47196913 0.16102880
-0.10361319 -0.46320289 0.88017464 -0.95493960 0.29378566 0.04219393
-0.10252140 -0.48934519 0.86604315 -0.95025718 0.30559671 0.06018239
-0.12757076 -0.53706473 0.83383882 -0.91020072 0.39738691 0.11669820
-0.09799259 -0.35113031 0.93118477 -0.98254216 0.18282090 -0.03445922
-0.10508197 -0.33018136 0.93805015 -0.98825294 0.13992724 -0.06145322
-0.12983377 -0.57606691 0.80702549 -0.98949426 0.12747872 -0.06819303
-0.15682609 -0.72410762 0.67162019 -0.98329657 0.17808394 -0.03760256
-0.09155770 -0.93018168 0.35549861 -0.99432510 0.10481949 0.01818027
-0.30324525 0.94736868 -0.10263960 0.19557363 -0.04354322 -0.97972184
-0.32631844 0.93905622 -0.10811918 0.17242692 -0.05332749 -0.98357773
-0.24952735 0.96436125 -0.08799704 0.13163742 -0.05624822 -0.98970091
-0.22796619 0.97026730 -0.08131866 0.17225651 -0.04201067 -0.98415583
-0.19229282 0.97879338 -0.07061895 0.14190914 -0.04347058 -0.98892474
-0.19200858 0.97901255 -0.06831694 0.18031591 -0.03323406 -0.98304719
0.15565352 0.08727051 0.98394912 -0.13105123 0.98910922 -0.06699682
-0.35433760 0.92786682 -0.11622452 0.23109186 -0.03354660 -0.97235346
-0.42352980 0.89529014 -0.13812339 0.25122124 -0.03041256 -0.96745181
-0.41174662 0.90250164 -0.12631506 0.25225475 -0.02031922 -0.96744752
-0.38309056 0.91477180 -0.12819588 0.25223091 -0.02991388 -0.96720457
-0.41015631 0.90200973 -0.13472323 0.23522770 -0.03809516 -0.97119343
-0.53087252 -0.20582308 0.82207739 -0.39532205 0.91819131 -0.02539988
-0.65905231 -0.01330219 -0.75197953 -0.18352811 0.97246253 0.14364587
-0.69296688 -0.41460025 -0.58983356 -0.53526872 0.84392905 0.03565461
-0.67568797 -0.08913331 -0.73177940 -0.30622190 0.93690538 0.16863140
0.77528214 0.14510827 -0.61472046 -0.01047870 0.97607273 0.21719182
0.61349595 0.18902926 -0.76674026 -0.29432076 0.95570672 0.00011992
0.60211974 0.18708894 -0.77617621 -0.51360750 0.83506900 -0.19714729
0.61292303 0.12356070 -0.78042173 -0.56069279 0.76394099 -0.31940219
0.57557404 0.04329479 -0.81660283 -0.63011265 0.65997291 -0.40913782
0.54527169 0.14907065 -0.82489800 -0.19487949 0.97964138 0.04821629
0.29089686 0.12770443 -0.94819331 -0.20314437 0.97669899 0.06922083
-0.63873184 -0.24628913 0.72894681 -0.70017570 -0.20675664 -0.68337816
-0.55116564 -0.43686575 0.71089017 -0.64604789 -0.31574634 -0.69492906
-0.27096444 -0.30481684 0.91305256 -0.20257181 -0.90923911 -0.36366045
-0.40080395 -0.47878042 0.78110528 -0.55046117 -0.55568445 -0.62306297
-0.55106914 -0.36408144 0.75084460 -0.62694347 -0.41317052 -0.66047871
-0.68205559 -0.48797840 -0.54468095 -0.61043745 0.79003954 0.05660205
-0.55009884 -0.63860339 -0.53812361 -0.76819730 0.63967806 0.02617212
-0.51286215 -0.59156078 -0.62211597 -0.83465981 0.51309848 0.20018220
-0.49694011 -0.63225281 -0.59439629 -0.82593536 0.55474555 0.10043970
-0.50414944 -0.62160659 -0.59953213 -0.78479934 0.61949909 0.01763287
-0.77688038 0.59823442 0.19639874 0.21043290 0.54066813 -0.81449121
-0.20655604 -0.62110376 0.75601900 -0.84136683 0.50716287 0.18678273
-0.20439561 -0.58697885 0.78337628 -0.80174512 0.55953288 0.21006611
-0.20213710 -0.64707935 0.73513871 -0.87762290 0.45282033 0.15726358
-0.20219342 -0.73316628 0.64929587 -0.91782176 0.37314248 0.13552836
-0.70073348 0.67104137 0.24223159 0.18219432 0.49659809 -0.84864336
-0.65889859 0.72348446 0.20596823 0.13458095 0.38276953 -0.91398871
-0.53124899 0.78987664 0.30638123 0.14749746 0.44233951 -0.88463569
-0.60964948 0.74349338 0.27485496 0.17504561 0.46446136 -0.86812139
-0.51560372 -0.27390236 0.81186837 -0.45630032 0.88976514 0.01039402
-0.11983602 -0.51114464 0.85109961 -0.87639147 0.45724529 0.15121052
-0.13103822 -0.54193032 0.83014494 -0.90115160 0.41414186 0.12811105
-0.09866988 -0.44172981 0.89170569 -0.93287039 0.35301441 0.07165009
-0.13194686 -0.56872165 0.81187791 -0.94469309 0.32022542 0.07078631
-0.13235702 -0.57358938 0.80837911 -0.92752427 0.35927355 0.10305950
-0.09919218 -0.27750352 0.95559025 -0.99043632 0.12008621 -0.06793621
-0.09098055 -0.30739254 0.94722354 -0.97928816 0.20037912 -0.02903342
-0.12062443 -0.48202616 0.86781365 -0.99164927 0.09868759 -0.08302142
-0.11343686 -0.46908161 0.87583929 -0.98346740 0.17825200 -0.03190852
-0.13503160 -0.63615888 0.75965017 -0.98843575 0.13987656 -0.05856159
-0.14933738 -0.79458374 0.58850241 -0.98781061 0.14632201 -0.05310423
-0.29032269 0.95172900 -0.09962261 0.24328561 -0.02727653 -0.96957111
-0.23799004 0.96768743 -0.08331767 0.17774649 -0.04094097 -0.98322433
-0.26379180 0.96036321 -0.09009112 0.19584523 -0.03812861 -0.97989327
-0.23861121 0.96754652 -0.08317760 0.17691074 -0.04090968 -0.98337638
-0.19338973 0.97810018 -0.07694483 0.21623734 -0.03400543 -0.97574848
-0.17664663 0.98168254 -0.07138218 0.16106732 -0.04271459 -0.98601866
-0.16917188 0.98311281 -0.06978621 0.08109149 -0.05668262 -0.99509358
-0.16288240 0.98479891 -0.06033590 0.17541642 -0.03127352 -0.98399752
-0.37113151 0.92066729 -0.12096772 0.25593424 -0.02380674 -0.96640098
-0.42961299 0.89195603 -0.14087991 0.32970077 0.00969565 -0.94403571
-0.50767708 0.86018085 -0.04850672 0.25897470 0.09866381 -0.96083170
-0.38797578 0.91279751 -0.12757550 0.23937455 -0.03387345 -0.97033626
-0.53405136 -0.22271909 0.81558901 -0.39980334 0.91652870 -0.01150954
-0.45718327 0.07260922 -0.88640362 -0.23848133 0.95015395 0.20083357
-0.62216336 -0.05998465 -0.78058612 -0.30582184 0.93646187 0.17179114
0.64812827 0.18217888 -0.73941904 -0.22499084 0.97342825 0.04262146
0.49947235 0.14265627 -0.85450369 -0.23453155 0.97178322 0.02514782
0.65143967 0.21724617 -0.72693223 -0.41864023 0.90199161 -0.10560079
0.62531841 0.20144220 -0.75392175 -0.49984077 0.84530735 -0.18871862
0.57021689 0.03856498 -0.82058853 -0.63451207 0.65512705 -0.41012573
0.62207127 0.22818296 -0.74897259 -0.67809880 0.63523442 -0.36967456
0.64834487 0.15244107 -0.74592942 -0.14073211 0.98686212 0.07935788
0.54535723 0.14556673 -0.82546699 -0.19269122 0.98020172 0.04554903
0.11955332 0.09911867 -0.98786765 -0.19255939 0.97842515 0.07486740
-0.59682626 -0.29206955 0.74732447 -0.71272099 -0.23483551 -0.66096979
-0.62169325 -0.29515326 0.72552198 -0.61430913 -0.39091563 -0.68542635
-0.58390617 -0.37703678 0.71895540 -0.52826345 -0.49599826 -0.68914688
-0.51257050 -0.16321081 0.84299099 -0.36229965 -0.84898376 -0.38466299
-0.60493916 -0.26130575 0.75217545 -0.49216053 -0.61988056 -0.61116791
-0.68510908 -0.34854993 -0.63963938 -0.56281048 0.81074929 0.16102827
-0.54547220 -0.62172520 -0.56206584 -0.76332271 0.64546055 0.02681582
-0.49308214 -0.55792493 -0.66752511 -0.79289508 0.60396576 0.08088803
-0.49760860 -0.60766959 -0.61896962 -0.80345905 0.59181005 0.06491937
-0.53929222 -0.59825718 -0.59266549 -0.77190268 0.63252139 0.06389892
-0.76932657 0.60617501 0.20171396 0.21087015 0.53899193 -0.81548852
-0.23759796 -0.65596920 0.71641588 -0.82162851 0.52913469 0.21199808
-0.59248626 -0.26093966 0.76214868 -0.58155030 0.79323113 -0.18050939
-0.21374851 -0.69495863 0.68654501 -0.86602134 0.45999005 0.19600073
-0.19190146 -0.70914543 0.67844433 -0.87336719 0.43872511 0.21154200
-0.73809034 0.63746274 0.22105213 0.20762275 0.52632403 -0.82454580
-0.63617784 0.76270878 0.11641771 0.28609654 0.37333333 -0.88248003
-0.59799463 0.79530346 0.09947271 0.25318959 0.30519599 -0.91801441
-0.62574315 0.74866378 0.21897054 0.10714977 0.36055955 -0.92656130
-0.61893201 0.73791248 0.26908794 0.09546075 0.41072455 -0.90674841
-0.43731478 -0.20409116 0.87584400 -0.47101155 0.88162559 -0.02974087
-0.13107511 -0.54588932 0.82754111 -0.89921170 0.41693455 0.13260467
-0.10986945 -0.43035126 0.89595008 -0.97712827 0.21188334 -0.01805041
-0.13194704 -0.55523527 0.82116002 -0.97333860 0.22936928 -0.00130944
-0.13672037 -0.59526253 0.79181451 -0.95725185 0.28507143 0.04902221
-0.12809901 -0.57555872 0.80766505 -0.92887491 0.35500357 0.10565946
-0.14151518 -0.59554404 0.79075962 -0.91714185 0.37952605 0.12169941
-0.10494450 -0.28556132 0.95259726 -0.99126530 0.10697173 -0.07713739
-0.10104955 -0.34730491 0.93229198 -0.98864198 0.13983959 -0.05506305
-0.11812308 -0.36289364 0.92431331 -0.99074447 0.10575907 -0.08509073
-0.12339231 -0.53589404 0.83521974 -0.99125063 0.10631070 -0.07823261
-0.13038774 -0.68613285 0.71569598 -0.99123085 0.10583661 -0.07912071
-0.14726289 -0.77099597 0.61957955 -0.98767895 0.14816110 -0.05038392
-0.14779201 -0.78979748 0.59529614 -0.98823017 0.14195485 -0.05700852
-0.31198066 0.94450939 -0.10281081 0.20988099 -0.03702449 -0.97702569
-0.27515224 0.95698285 -0.09206001 0.19326989 -0.03874176 -0.98038048
-0.24809147 0.96476674 -0.08761185 0.20980971 -0.03478106 -0.97712344
-0.25043756 -0.01025786 0.96807843 -0.19896786 0.97914392 -0.04109698
-0.18305652 0.98078269 -0.06749551 0.15930526 -0.03815513 -0.98649180
-0.21103388 -0.01453705 0.97737062 -0.15792239 0.98726070 -0.01941446
-0.38313094 0.91524553 -0.12464483 0.34162077 0.01502825 -0.93971777
-0.39437392 0.90952855 -0.13125198 0.33367753 0.00865214 -0.94264758
-0.45711380 0.87786222 -0.14284579 0.37044722 0.04190730 -0.92790771
-0.44659120 0.89443666 -0.02322377 0.24978855 0.09971118 -0.96315283
-0.50400138 0.86214095 -0.05192035 0.32197836 0.13176560 -0.93753284
-0.44938850 0.07862987 -0.88986927 -0.23708451 0.94990116 0.20366326
-0.50980920 0.05701804 -0.85839593 -0.24419968 0.94716662 0.20794694
0.50220460 0.15240851 -0.85121226 -0.23657092 0.97100919 0.03428412
0.70472717 0.24204385 -0.66691417 -0.44040066 0.88622117 -0.14373352
0.68177164 0.24692753 -0.68863213 -0.52017462 0.82550859 -0.21898411
0.58965921 0.14690056 -0.79418027 -0.73628283 0.50192165 -0.45383066
0.61345094 0.21458043 -0.76002187 -0.71889746 0.55009758 -0.42494595
0.64931190 0.33822474 -0.68117404 -0.63901937 0.72827911 -0.24751528
0.59436250 0.15041177 -0.79000610 -0.18142214 0.98210818 0.05049347
