-0.11277460 -0.58727187 0.80149466 -0.99307865 0.09325773 -0.07139961
-0.10913492 -0.61804587 0.77853000 -0.99345130 0.09446809 -0.06426804
-0.11180013 -0.55827290 0.82209009 -0.99290115 0.09655346 -0.06946111
-0.10419779 -0.63138837 0.76843446 -0.99348521 0.10193253 -0.05096070
-0.11267463 -0.55909705 0.82141036 -0.99082142 0.12535401 -0.05059031
-0.10166387 -0.62180126 0.77654856 -0.99124110 0.12945810 -0.02611067
-0.10389613 -0.65538061 0.74811894 -0.99348599 0.10378806 -0.04704955
-0.11395333 -0.56612551 0.81640464 -0.98998123 0.13367115 -0.04548850
-0.10045688 -0.63112342 0.76914996 -0.99059218 0.13564841 -0.01807308
-0.11052150 -0.59834027 0.79358292 -0.98965651 0.13973375 -0.03247296
-0.09574552 -0.67008138 0.73608685 -0.99357998 0.10910504 -0.02991709
-0.10748980 -0.66459280 0.73943388 -0.99418563 0.07663918 -0.07564027
-0.11358859 -0.58021188 0.80650592 -0.98940873 0.13990226 -0.03870098
-0.09787863 -0.63522071 0.76610345 -0.99068511 0.13542187 -0.01428542
-0.09288315 -0.67123514 0.73540205 -0.96849847 0.23230013 0.08970717
-0.09548450 -0.68913847 0.71831113 -0.99440980 0.09871332 -0.03748176
-0.10601939 -0.67685014 0.72844613 -0.99434495 0.06761681 -0.08189133
-0.08866835 -0.66982991 0.73720133 -0.99141246 0.13077174 -0.00042336
-0.09323368 -0.63243657 0.76898086 -0.96579355 0.24515001 0.08452401
-0.08856499 -0.67837173 0.72936147 -0.99363929 0.11129791 -0.01713869
-0.09305076 -0.68298858 0.72447783 -0.99398571 0.10591953 -0.02781216
-0.10079406 -0.66456211 0.74040389 -0.99490690 0.06661511 -0.07564902
-0.08612569 -0.66982579 0.73750651 -0.99284172 0.11918961 -0.00769204
-0.08636509 -0.66457772 0.74221128 -0.98932469 0.14498493 0.01470018
-0.09234317 -0.71766168 0.69024235 -0.99032807 0.13828558 0.01128913
-0.09167247 -0.70826232 0.69997191 -0.99468184 0.09827208 -0.03083342
-0.09640502 -0.68088537 0.72601742 -0.99530423 0.07231890 -0.06433929
-0.09801703 -0.68104357 0.72565311 -0.99463344 0.04277173 -0.09420699
-0.09097115 -0.71081948 0.69746685 -0.98227054 0.17932867 0.05464352
-0.08411633 -0.67303151 0.73481500 -0.98167449 0.18251745 0.05479628
-0.09117900 -0.73489356 0.67202520 -0.99219280 0.12470129 0.00174848
-0.08974226 -0.73241472 0.67491853 -0.99393886 0.10906433 -0.01380611
-0.09062343 -0.70932239 0.69903451 -0.99588424 0.06554542 -0.06259721
-0.09390780 -0.68343991 0.72394145 -0.99555802 0.06939306 -0.06363039
-0.09703925 -0.68489438 0.72215170 -0.99479342 0.04404492 -0.09190298
-0.09798498 -0.68027937 0.72637385 -0.99421829 0.03470241 -0.10161590
-0.09034064 -0.71011275 0.69826818 -0.98402447 0.17164901 0.04724940
-0.08962324 -0.69532585 0.71308458 -0.98155779 0.18304645 0.05512182
-0.08430098 -0.75592321 0.64920986 -0.99102545 0.13143641 0.02435486
-0.08767692 -0.75047004 0.65506291 -0.99535531 0.09224579 -0.02754235
-0.09247250 -0.70990980 0.69819546 -0.99549222 0.08075602 -0.04973704
-0.09129325 -0.69997227 0.70831102 -0.99501908 0.09271290 -0.03662525
-0.09453242 -0.69402754 0.71371520 -0.99546027 0.05792741 -0.07552037
-0.09501874 -0.71223634 0.69547892 -0.99398941 0.02972121 -0.10536493
-0.09674840 -0.69621289 0.71128571 -0.99341953 0.02353414 -0.11208855
-0.09070845 -0.72071630 0.68726993 -0.98118663 0.18277727 0.06217156
-0.09260417 -0.69630951 0.71174264 -0.96924925 0.22671428 0.09569021
-0.08114520 -0.77959532 0.62100458 -0.99590456 0.08834249 -0.01922930
-0.08480033 -0.76403117 0.63958210 -0.98646408 0.15479024 0.05411668
-0.08306390 -0.77228582 0.62982148 -0.99189657 0.12503894 0.02250635
-0.08887874 -0.74513489 0.66096485 -0.99425095 0.10615295 -0.01402419
-0.08895303 -0.72091544 0.68729061 -0.99601662 0.06009510 -0.06587492
-0.09352727 -0.69931489 0.70866877 -0.99554086 0.05690224 -0.07523631
-0.09800302 -0.69424748 0.71303290 -0.99236602 0.01427317 -0.12249891
-0.08411466 -0.71196318 0.69716078 -0.98243093 0.17622533 0.06143361
-0.09375020 -0.70220655 0.70577401 -0.97490972 0.20850570 0.07795144
-0.07468122 -0.80720741 0.58552456 -0.98741794 0.14193046 0.06972504
-0.08610322 -0.76509666 0.63813269 -0.98881280 0.14393273 0.03914934
-0.07736094 -0.80355442 0.59018272 -0.98723763 0.14438903 0.06718397
-0.08142893 -0.78568739 0.61324114 -0.99447942 0.10490580 0.00235431
-0.08827378 -0.76132751 0.64233035 -0.99568152 0.08604788 -0.03484492
-0.08813840 -0.74340224 0.66301185 -0.99569273 0.08497384 -0.03708683
-0.08968608 -0.72107548 0.68702745 -0.99596554 0.06284678 -0.06405419
-0.09313452 -0.71047056 0.69753683 -0.99556690 0.05721048 -0.07465597
-0.09314039 -0.70946151 0.69856226 -0.99551535 0.05469092 -0.07718937
-0.09328287 -0.75246388 0.65199423 -0.97308606 0.20749508 0.10024673
-0.08916041 -0.74861693 0.65698034 -0.98389632 0.16878980 0.05880589
-0.10247940 -0.71548516 0.69107091 -0.96221578 0.24748576 0.11354128
-0.07412042 -0.80286270 0.59153849 -0.98409629 0.15490724 0.08693874
-0.07577721 -0.83007139 0.55248457 -0.99081051 0.12493899 0.05181579
-0.08668924 -0.77183962 0.62987989 -0.97710335 0.18918812 0.09734958
-0.07579888 -0.81599027 0.57307458 -0.98894382 0.13498387 0.06139635
-0.07606974 -0.79514760 0.60162598 -0.96988726 0.19901510 0.14039838
-0.08091893 -0.78787684 0.61049342 -0.99613398 0.08493840 -0.02241646
-0.08050375 -0.80105454 0.59315330 -0.99521858 0.09761883 -0.00323829
-0.08637545 -0.75458717 0.65049022 -0.99561882 0.08885077 -0.02913398
-0.08744583 -0.73464167 0.67279637 -0.99589139 0.04851851 -0.07646123
-0.09210973 -0.71735400 0.69059330 -0.99448621 0.03135756 -0.10006960
-0.09463195 -0.76889682 0.63233107 -0.97625571 0.19600448 0.09223367
-0.10391371 -0.79223162 0.60130775 -0.99390107 0.10515311 -0.03321815
-0.07724745 -0.83450460 0.54555935 -0.98877406 0.13431889 0.06545475
-0.07717542 -0.83352643 0.54706281 -0.98801482 0.13750777 0.07013070
-0.07597283 -0.83326578 0.54762787 -0.99251926 0.11583755 0.03856445
-0.08128467 -0.76942384 0.63354546 -0.97812909 0.18368579 0.09758627
-0.07874773 -0.81395203 0.57557017 -0.97722238 0.17716111 0.11683474
-0.08620142 -0.80979443 0.58034670 -0.97768039 0.18078496 0.10704153
-0.07781272 -0.82177603 0.56447268 -0.99522048 0.09753578 0.00480407
-0.08467227 -0.77357793 0.62801898 -0.99603313 0.08302054 -0.03202693
-0.08828042 -0.73451233 0.67282856 -0.99568367 0.04564535 -0.08081151
-0.08107540 -0.84448630 0.52940512 -0.97730774 0.17164341 0.12412965
-0.07639016 -0.84668326 0.52658528 -0.99027681 0.12600559 0.05894476
-0.07676171 -0.83324754 0.54754555 -0.99238116 0.11693037 0.03881883
-0.09575945 -0.81719720 0.56834751 -0.97818536 0.18299812 0.09831141
-0.08799377 -0.78865057 0.60851246 -0.96583700 0.21703333 0.14161719
-0.08610372 -0.84555125 0.52690542 -0.97866374 0.17081594 0.11418947
-0.09720486 -0.83872044 0.53581637 -0.96061248 0.21988656 0.16992234
-0.07812114 -0.82380748 0.56146085 -0.99537474 0.09603805 0.00241699
-0.08668173 -0.75743634 0.64712948 -0.99522626 0.03659741 -0.09047295
-0.08626980 -0.86508566 0.49415004 -0.98123908 0.15961812 0.10812920
-0.07526787 -0.84903681 0.52294481 -0.99029738 0.12508209 0.06054508
-0.07659627 -0.83476353 0.54525495 -0.99529010 0.09660411 0.00808075
-0.09351249 -0.78737813 0.60933650 -0.96556580 0.22095613 0.13733552
-0.09088565 -0.85872233 0.50431722 -0.96581537 0.19946155 0.16557701
-0.09461804 -0.85455835 0.51066375 -0.96234214 0.20982949 0.17282729
-0.09496469 -0.83072364 0.54852521 -0.95297253 0.23516221 0.19115998
-0.09010214 -0.87683302 0.47227690 -0.97613794 0.17182501 0.13278162
-0.08100600 -0.86672896 0.49215743 -0.98627508 0.14098005 0.08594264
-0.07539426 -0.85828894 0.50759810 -0.99208498 0.11582664 0.04849350
-0.08145961 -0.86797875 0.48987466 -0.98565090 0.14306302 0.08958399
-0.07496802 -0.84117460 0.53554189 -0.99592525 0.09015585 0.00219266
-0.09363937 -0.76888555 0.63249242 -0.95648414 0.24581003 0.15721172
-0.09471849 -0.80280149 0.58867496 -0.95659631 0.23710209 0.16942890
-0.09632388 -0.87659323 0.47149342 -0.97147733 0.18592034 0.14719200
-0.09102739 -0.85867006 0.50438058 -0.96554404 0.20009567 0.16639259
-0.09064088 -0.85523278 0.51025605 -0.96265078 0.20649832 0.17510548
-0.10136351 -0.85698521 0.50527406 -0.91575307 0.27883589 0.28921783
-0.10718229 -0.85761875 0.50299305 -0.94164956 0.24992093 0.22546783
-0.12181780 -0.86195791 0.49212706 -0.95847750 0.23095906 0.16726851
-0.09249450 -0.87755841 0.47046372 -0.97209501 0.18188445 0.14815338
-0.08275843 -0.88175797 0.46438563 -0.98482031 0.14370449 0.09735534
-0.07335678 -0.85221153 0.51802921 -0.99567115 0.09230930 0.01086392
-0.07642429 -0.86625576 0.49372083 -0.99201339 0.11589281 0.04978299
-0.09558662 -0.77121145 0.62936169 -0.94458747 0.26973861 0.18707144
-0.09872460 -0.79505962 0.59844273 -0.94216412 0.26823679 0.20093729
-0.09716377 -0.87421483 0.47571811 -0.96302491 0.20325927 0.17682980
-0.10806444 -0.88279933 0.45715141 -0.94533938 0.23356001 0.22755925
-0.09566688 -0.86875761 0.48590964 -0.96431637 0.20194751 0.17120527
-0.10913276 -0.85792345 0.50205320 -0.93989015 0.25346702 0.22882541
-0.07662022 -0.79203969 0.60564226 -0.90491199 0.31028640 0.29130161
-0.07763488 -0.89086843 0.44757819 -0.98909223 0.12518935 0.07761592
-0.07396883 -0.85782939 0.50858378 -0.99562949 0.09267899 0.01151673
-0.07479661 -0.87010098 0.48716506 -0.99296635 0.10994922 0.04392023
-0.10163616 -0.79306567 0.60059720 -0.94315225 0.26885194 0.19540362
-0.11599724 -0.90109110 0.41782725 -0.94532925 0.22924396 0.23194782
-0.11121175 -0.85549116 0.50573397 -0.93458545 0.26306233 0.23947497
-0.11887509 -0.88328522 0.45351514 -0.93258333 0.25610712 0.25435689
-0.11648981 -0.83556187 0.53690457 -0.93052495 0.28080013 0.23510548
-0.07499942 -0.86971045 0.48783073 -0.99412185 0.10351773 0.03171572
-0.07368269 -0.86429477 0.49755943 -0.99636173 0.08522367 0.00048991
-0.10729090 -0.80357546 0.58545303 -0.93247288 0.28562802 0.22115828
-0.11710743 -0.90099543 0.41772375 -0.94501650 0.23041758 0.23205942
-0.11587600 -0.86157745 0.49422371 -0.92050582 0.28008065 0.27244067
-0.12277543 -0.88724631 0.44465736 -0.92741549 0.26207691 0.26686379
-0.12070629 -0.89970350 0.41948020 -0.94954693 0.22786599 0.21549420
-0.11896973 -0.83865350 0.53151351 -0.90367424 0.31324178 0.29198021
-0.11657709 -0.82173586 0.55781722 -0.92801118 0.29022351 0.23359300
-0.07324957 -0.87984544 0.46958128 -0.99548638 0.09299296 0.01895407
-0.08574305 -0.77444839 0.62679970 -0.89473140 0.33661225 0.29350978
-0.10909459 -0.90949959 0.40113458 -0.95130664 0.21256511 0.22323045
-0.11998792 -0.87338465 0.47201928 -0.91784495 0.27879778 0.28254646
-0.12490384 -0.89232713 0.43376425 -0.92605573 0.26176864 0.27184194
-0.12900800 -0.90477204 0.40588742 -0.93217999 0.25025374 0.26155993
-0.13438512 -0.86029291 0.49176896 -0.93730605 0.27139482 0.21863730
-0.07448196 -0.88520807 0.45919394 -0.99210161 0.11238112 0.05572158
-0.10456549 -0.92562658 0.36370534 -0.95196497 0.19898944 0.23273568
-0.88329905 -0.07643962 0.46253619 -0.23578377 0.92518890 -0.29737455
-0.89639407 -0.04776819 0.44067663 -0.19057253 0.93913358 -0.28584996
-0.93138146 0.01841920 0.36357856 -0.10059608 0.94681048 -0.30566385
-0.13087261 -0.84985220 0.51051307 -0.90180916 0.31596303 0.29480100
-0.09243767 -0.91648221 0.38925004 -0.96941811 0.17208949 0.17496777
-0.09589851 -0.93413359 0.34379926 -0.95041072 0.18858463 0.24729620
-0.88918191 -0.06623676 0.45273414 -0.21024804 0.93796742 -0.27570447
-0.85856038 -0.06143425 0.50901866 -0.24318443 0.92280984 -0.29880318
-0.90960312 -0.06171452 0.41086921 -0.18208797 0.94809037 -0.26070791
-0.91458511 -0.03644701 0.40274760 -0.15732118 0.94954336 -0.27132529
-0.94327629 0.05443925 0.32751530 -0.05092285 0.95107055 -0.30474874
-0.85193306 -0.10098532 0.51382107 -0.28424001 0.91327327 -0.29178694
-0.08957127 -0.93859524 0.33319062 -0.97422874 0.15210044 0.16656481
-0.09247618 -0.94243222 0.32135597 -0.96492237 0.16446197 0.20463891
-0.09518526 -0.93441808 0.34322384 -0.95030892 0.18795760 0.24816330
-0.88401997 -0.07240362 0.46180785 -0.21608257 0.93933892 -0.26636574
-0.83850920 -0.09246526 0.53698468 -0.28382045 0.91536653 -0.28556958
-0.86590987 -0.06656376 0.49575135 -0.22172019 0.93949652 -0.26112542
-0.88220161 -0.06759441 0.46599510 -0.20317195 0.94742227 -0.24720892
-0.91012883 -0.04064501 0.41232690 -0.14881665 0.96083599 -0.23376866
-0.93861228 0.05162830 0.34108877 -0.04441523 0.96242303 -0.26789784
-0.85011691 -0.10175767 0.51666886 -0.28029752 0.91805053 -0.28038654
-0.08930689 -0.95108283 0.29574606 -0.96177584 0.15952243 0.22257550
-0.95449841 0.11295861 0.27599499 0.02769995 0.95506763 -0.29509065
-0.85093462 -0.10361748 0.51495022 -0.25811237 0.93631095 -0.23811732
-0.82931012 -0.09988352 0.54978913 -0.26949912 0.93339670 -0.23694062
-0.85752928 -0.06216387 0.51066554 -0.21827179 0.94285548 -0.25175560
-0.86816084 -0.06743576 0.49167994 -0.19771497 0.95570546 -0.21802731
-0.92252851 -0.01390580 0.38567841 -0.11107466 0.96663231 -0.23083411
-0.89572960 -0.05513962 0.44116682 -0.16402447 0.96326661 -0.21263483
-0.94403076 0.06949338 0.32245395 -0.02111242 0.96282172 -0.26931137
-0.92788166 0.01981069 0.37234825 -0.07750883 0.96652782 -0.24457376
-0.96759248 0.07893389 0.23986311 0.02048513 0.97129440 -0.23699686
-0.95428938 0.08650520 0.28609222 0.00195254 0.95898402 -0.28345343
-0.83409166 -0.09049325 0.54415262 -0.24873875 0.94217241 -0.22458898
-0.80101562 -0.09441269 0.59115165 -0.29894087 0.91863394 -0.25835270
-0.83384484 -0.06306675 0.54838437 -0.22891304 0.94350797 -0.23956549
-0.86868227 -0.06721664 0.49078828 -0.19809386 0.95522147 -0.21979709
-0.92254406 -0.00281461 0.38588148 -0.10181344 0.96631634 -0.23636164
-0.91141081 -0.01349057 0.41127655 -0.09933481 0.97711742 -0.18808013
-0.89099282 -0.05019868 0.45123383 -0.13622466 0.97763520 -0.16022557
-0.87760478 -0.06583479 0.47484273 -0.18297181 0.96153808 -0.20485574
-0.94602901 0.06654353 0.31717673 -0.01362677 0.96965986 -0.24407814
-0.92854154 0.01659175 0.37085757 -0.06951606 0.97355753 -0.21760799
-0.95476544 0.07885733 0.28671327 0.00176346 0.96568036 -0.25972742
-0.83166605 -0.10820124 0.54463208 -0.26495585 0.93929815 -0.21798487
-0.76302683 -0.09224001 0.63975143 -0.30030090 0.92704767 -0.22450395
-0.85736459 -0.07932673 0.50856000 -0.21041498 0.95573658 -0.20565300
-0.92466646 -0.00464341 0.38074982 -0.08935896 0.97464788 -0.20512566
-0.89734858 -0.03017655 0.44028950 -0.11455794 0.97938907 -0.16635379
-0.92303467 -0.00689318 0.38465500 -0.09061609 0.97560418 -0.19996305
-0.87350744 -0.05418456 0.48378602 -0.14751334 0.97652406 -0.15697329
-0.86449558 -0.06369068 0.49858895 -0.16257741 0.97405022 -0.15746345
-0.94531065 0.05998558 0.32060811 -0.01983457 0.97055250 -0.24007185
-0.81613702 -0.09267499 0.57037866 -0.23868413 0.95298404 -0.18668513
-0.79312360 -0.09118042 0.60219681 -0.25954854 0.94505829 -0.19874439
-0.76186490 -0.09564194 0.64063597 -0.29672289 0.93069369 -0.21392716
-0.84726810 -0.07710151 0.52553993 -0.20406556 0.96072721 -0.18804421
-0.89755243 -0.02840384 0.43999192 -0.11294220 0.97943842 -0.16716610
-0.92465985 -0.00837579 0.38070202 -0.07804747 0.98270220 -0.16794357
-0.87074256 -0.05400206 0.48876500 -0.13218988 0.98307008 -0.12688212
-0.84595466 -0.06856979 0.52882797 -0.17373830 0.97302836 -0.15175894
-0.94785357 0.06454297 0.31210241 -0.00660923 0.97508776 -0.22172093
-0.82433355 -0.08692690 0.55939078 -0.21797408 0.96069199 -0.17192520
-0.80162919 -0.09702357 0.58989590 -0.24950099 0.95099533 -0.18263955
-0.77262115 -0.09379742 0.62790024 -0.27700827 0.93972111 -0.20047615
-0.72278762 -0.09300976 0.68478268 -0.29473466 0.93775117 -0.18372333
-0.84940553 -0.08047691 0.52156860 -0.18394279 0.97147590 -0.14966518
-0.82925963 -0.07177466 0.55423540 -0.20421115 0.96205634 -0.18095703
-0.91391748 -0.02016411 0.40539896 -0.09104452 0.98349988 -0.15632941
-0.88908595 -0.02983786 0.45676681 -0.10071176 0.98617208 -0.13161233
-0.92830485 0.00522199 0.37178344 -0.06369231 0.98288870 -0.17283852
-0.84239167 -0.04754769 0.53676391 -0.12975897 0.98468763 -0.11641666
-0.88298279 -0.05633745 0.46601236 -0.11758460 0.98766583 -0.10339342
-0.85206324 -0.08384776 0.51667970 -0.17767882 0.97480983 -0.13481846
-0.83981162 -0.06858850 0.53852773 -0.16002437 0.97918713 -0.12483916
-0.94698936 0.05655439 0.31624809 -0.01338962 0.97658044 -0.21473567
-0.95470601 0.07692152 0.28743631 0.00611659 0.97087646 -0.23950255
-0.81789124 -0.08673265 0.56879824 -0.21206897 0.96441698 -0.15788186
-0.78504413 -0.08904241 0.61300677 -0.24174877 0.95517957 -0.17084961
-0.75655502 -0.09513813 0.64697242 -0.25826666 0.95240092 -0.16195947
-0.73081261 -0.09944128 0.67529577 -0.26751053 0.95191354 -0.14932802
-0.91345769 -0.01885261 0.40649694 -0.08970588 0.98368138 -0.15596071
-0.87177724 -0.01362740 0.48971301 -0.09828269 0.98415565 -0.14757445
-0.87549669 -0.03572134 0.48190209 -0.10785812 0.98655015 -0.12282275
-0.92379880 0.02446536 0.38209584 -0.04689725 0.98321176 -0.17633863
-0.93351698 -0.01229161 0.35832256 -0.06724171 0.98768049 -0.14130035
-0.83525580 -0.06048739 0.54652452 -0.14500886 0.98297656 -0.11282531
-0.84814203 -0.04852851 0.52754152 -0.11787812 0.98811901 -0.09861869
-0.83623767 -0.02299691 0.54788482 -0.11424596 0.98450267 -0.13305032
-0.82032084 -0.08238423 0.56593871 -0.19182912 0.97187889 -0.13657652
-0.83855015 -0.06861561 0.54048645 -0.13763605 0.98653948 -0.08829586
-0.82990998 -0.07267664 0.55314344 -0.15492935 0.98250389 -0.10335895
-0.94999063 0.05721134 0.30699301 -0.01046012 0.97669309 -0.21438575
-0.94418585 0.03780587 0.32723665 -0.03075662 0.97893548 -0.20184006
-0.95959830 0.08694553 0.26760346 0.01323017 0.96395123 -0.26574990
-0.80324739 -0.08506609 0.58953995 -0.20903282 0.96705878 -0.14526774
-0.78278744 -0.08732989 0.61613089 -0.22745822 0.96174628 -0.15266602
-0.74615043 -0.07285259 0.66177952 -0.25506249 0.94943762 -0.18306094
-0.69858080 -0.08259584 0.71074814 -0.29782972 0.93674356 -0.18387242
-0.75736976 -0.08610588 0.64728427 -0.25470823 0.95170218 -0.17142572
-0.88819832 -0.01433893 0.45923659 -0.09018936 0.98550856 -0.14366211
-0.91433614 -0.01792590 0.40455925 -0.09131476 0.98241645 -0.16284803
-0.88908070 -0.01621414 0.45746332 -0.08080918 0.98923618 -0.12199068
-0.86662477 -0.03252187 0.49789950 -0.10171264 0.98843515 -0.11247436
-0.91243792 0.00235584 0.40920845 -0.08775939 0.97559059 -0.20129918
-0.82593811 -0.06112154 0.56043780 -0.13418588 0.98684901 -0.09012863
-0.82866019 -0.04461936 0.55797076 -0.10648165 0.99118114 -0.07887731
-0.80533707 -0.08047440 0.58732969 -0.18913831 0.97384471 -0.12590973
-0.80150831 -0.06949909 0.59393126 -0.16931796 0.97895288 -0.11394151
-0.78494596 -0.08028732 0.61434019 -0.22014795 0.96300375 -0.15543057
-0.71938080 -0.08713271 0.68912929 -0.24631731 0.95962876 -0.13579582
-0.73471653 -0.07831541 0.67383850 -0.23289523 0.96206081 -0.14212281
-0.90197426 -0.01466663 0.43154070 -0.08480446 0.98597491 -0.14374197
-0.88360000 -0.01301648 0.46806151 -0.09191155 0.98498833 -0.14611751
-0.86760765 -0.02432431 0.49665415 -0.09671094 0.98798430 -0.12055699
-0.90612477 -0.00882704 0.42291853 -0.09365859 0.97915506 -0.18023172
-0.83157563 -0.06028204 0.55213058 -0.11108467 0.99205846 -0.05899328
-0.79745162 -0.05953032 0.60043907 -0.13714825 0.98695713 -0.08429703
-0.82320517 -0.05216912 0.56534213 -0.11383968 0.99071378 -0.07434215
-0.82741368 -0.03456831 0.56052810 -0.10044032 0.99111980 -0.08713990
-0.79905790 -0.07898926 0.59604293 -0.18245187 0.97644329 -0.11519484
-0.79015857 -0.06670238 0.60926211 -0.15669991 0.98300803 -0.09560546
-0.76715899 -0.07611562 0.63692504 -0.20814583 0.96874535 -0.13493629
-0.70587105 -0.08377609 0.70336878 -0.24434319 0.96083057 -0.13077086
-0.74547088 -0.07726695 0.66204458 -0.21647471 0.96748126 -0.13083901
-0.89259887 -0.00686091 0.45079955 -0.09218314 0.98153800 -0.16758737
-0.86752564 -0.01348887 0.49720949 -0.08383541 0.98929608 -0.11943636
-0.85529423 -0.01926928 0.51778430 -0.08788677 0.99022317 -0.10832342
-0.87143993 -0.01749983 0.49018994 -0.08821134 0.98866117 -0.12152326
-0.80452240 -0.05778676 0.59110451 -0.11756368 0.99105710 -0.06312360
-0.79014879 -0.06457000 0.60950446 -0.15224883 0.98394424 -0.09313457
-0.79411000 -0.05872041 0.60493076 -0.12566110 0.98967844 -0.06889121
-0.80728263 -0.05177468 0.58788967 -0.10489562 0.99287128 -0.05660047
-0.81942427 -0.03797531 0.57192808 -0.09431718 0.99313504 -0.06918905
-0.84221536 -0.01836793 0.53882831 -0.08530259 0.99137068 -0.09953770
-0.77858168 -0.07032877 0.62359005 -0.17979586 0.97704184 -0.11429238
-0.78548467 -0.08137765 0.61350763 -0.18249984 0.97769284 -0.10397340
-0.69220334 -0.08182400 0.71704912 -0.21795295 0.97086233 -0.09961367
-0.74164355 -0.07601767 0.66647297 -0.20069757 0.97319168 -0.11233206
-0.89383250 -0.00875662 0.44831565 -0.09596467 0.98037976 -0.17218122
-0.86683911 -0.01452238 0.49837643 -0.08693933 0.98866481 -0.12240676
-0.87064123 -0.01900838 0.49155110 -0.08590285 0.98977405 -0.11387741
-0.77726537 -0.06263123 0.62604797 -0.13714840 0.98797125 -0.07143676
-0.78661716 -0.05888951 0.61462635 -0.12543046 0.98992586 -0.06568138
-0.80880302 -0.04888703 0.58604413 -0.10380296 0.99275953 -0.06044438
-0.81991392 -0.03166594 0.57161051 -0.09002772 0.99317771 -0.07411530
-0.84236479 -0.01872799 0.53858232 -0.08488722 0.99153090 -0.09828883
-0.77225751 -0.07875061 0.63040990 -0.18633218 0.97672516 -0.10624631
-0.69011223 -0.07419788 0.71988875 -0.21861674 0.96963233 -0.10963559
-0.72710371 -0.07349414 0.68258256 -0.19358592 0.97585601 -0.10114138
-0.87896883 -0.00796938 0.47681260 -0.08914386 0.98498154 -0.14786728
-0.89038396 -0.00403191 0.45519245 -0.09487750 0.97964358 -0.17690881
-0.85947853 -0.00881159 0.51109588 -0.09329645 0.98576111 -0.13989581
-0.77756816 -0.05990290 0.62593889 -0.13177632 0.98887080 -0.06906238
-0.72507429 -0.06076627 0.68598449 -0.14816596 0.98653716 -0.06921898
-0.77023011 -0.05803388 0.63512027 -0.11012086 0.99299574 -0.04281237
-0.79128546 -0.04621440 0.60969806 -0.09169980 0.99483156 -0.04360385
-0.80178666 -0.02392191 0.59713149 -0.08536895 0.99353582 -0.07482506
-0.79224223 -0.03889138 0.60896611 -0.08270222 0.99560219 -0.04400878
-0.82848907 -0.01275238 0.55986005 -0.08350086 0.99137771 -0.10098439
-0.72827029 -0.06709695 0.68199748 -0.18896565 0.97627431 -0.10573800
-0.63485539 -0.06647529 0.76976603 -0.21109520 0.97330916 -0.09004544
-0.72118807 -0.07998700 0.68810606 -0.19974291 0.97513485 -0.09599406
-0.87044603 -0.01097722 0.49214152 -0.09270477 0.98551834 -0.14198405
-0.89109671 -0.00904333 0.45372337 -0.08236514 0.98641938 -0.14210153
-0.85578442 -0.00837252 0.51726496 -0.08767008 0.98775417 -0.12905705
-0.76518834 -0.06051739 0.64095598 -0.12310560 0.99095571 -0.05340290
-0.72659665 -0.06158059 0.68429899 -0.14310580 0.98769587 -0.06306790
-0.72545195 -0.06786308 0.68491906 -0.15177982 0.98640281 -0.06302735
-0.77664620 -0.05566436 0.62747282 -0.10519623 0.99356145 -0.04206442
-0.76926982 -0.06087614 0.63601744 -0.11234757 0.99282861 -0.04085743
-0.80412990 -0.04206691 0.59296334 -0.08368030 0.99557090 -0.04285130
-0.80273223 -0.05464080 0.59383112 -0.10178436 0.99373531 -0.04615301
-0.93084902 -0.04138574 0.36305279 -0.01502602 0.99706036 0.07513267
-0.81294823 -0.04109209 0.58088440 -0.11058065 0.99025083 -0.08470681
-0.84728509 -0.01311458 0.53097647 -0.08544128 0.99004102 -0.11188658
-0.84201843 -0.01510319 0.53923738 -0.07507424 0.99316132 -0.08941144
-0.71436757 -0.08462712 0.69463468 -0.16043505 0.98602623 -0.04486537
-0.66958749 -0.06882878 0.73953718 -0.17181452 0.98304355 -0.06407136
-0.87179041 0.00091759 0.48987824 -0.09832428 0.97932100 -0.17681290
-0.73575222 -0.06174753 0.67443007 -0.12997341 0.99019814 -0.05113346
-0.67975157 -0.06213215 0.73080605 -0.14112143 0.98886698 -0.04719049
-0.67132521 -0.06050289 0.73868930 -0.16586101 0.98364955 -0.07016893
-0.78089464 -0.05687087 0.62206858 -0.08962475 0.99574411 -0.02147457
-0.75110888 -0.06074027 0.65737826 -0.10357094 0.99426979 -0.02647003
-0.77592397 -0.05177152 0.62869841 -0.08576479 0.99603045 -0.02382849
-0.77741754 -0.04396267 0.62744671 -0.08270591 0.99603790 -0.03268571
-0.80753034 -0.03205473 0.58895433 -0.07323937 0.99624383 -0.04619831
-0.78220469 -0.04642123 0.62128967 -0.07145297 0.99732447 -0.01544178
-0.84028703 -0.01436855 0.54195136 -0.08891668 0.98976475 -0.11162267
-0.62902236 -0.07059462 0.77417529 -0.17630789 0.98287326 -0.05362614
-0.86943072 -0.00284959 0.49404672 -0.08607335 0.98556435 -0.14578858
-0.72846937 -0.06245079 0.68222600 -0.11612634 0.99268186 -0.03312791
-0.67914456 -0.06154002 0.73142016 -0.13343382 0.99022651 -0.04058176
-0.76202625 -0.05811496 0.64493310 -0.08597064 0.99622768 -0.01180923
-0.74630022 -0.06219890 0.66269702 -0.09634292 0.99523389 -0.01508727
-0.77758676 -0.05119504 0.62668812 -0.07709531 0.99692237 -0.01421891
-0.78067887 -0.04602601 0.62323523 -0.06638862 0.99774885 -0.00947602
-0.81529325 -0.02849272 0.57834685 -0.07131182 0.99612612 -0.05145306
-0.79988939 -0.03920032 0.59886587 -0.05382673 0.99852896 -0.00653363
-0.85715741 -0.01195192 0.51491588 -0.08076337 0.99048251 -0.11145268
-0.82990223 -0.02554264 0.55732381 -0.07596301 0.99482185 -0.06752177
-0.60420108 -0.06731110 0.79398382 -0.16041744 0.98629975 -0.03845857
-0.71264660 -0.06331723 0.69866008 -0.11259184 0.99333119 -0.02482353
-0.66221023 -0.06113498 0.74682003 -0.11925589 0.99256140 -0.02449351
-0.75712043 -0.05882816 0.65062118 -0.08653275 0.99619240 -0.01062298
-0.75698841 -0.05851577 0.65080297 -0.08284066 0.99653995 -0.00675491
-0.71631157 -0.06568985 0.69468164 -0.09245700 0.99571598 -0.00117980
-0.75370872 -0.05439370 0.65495378 -0.07500334 0.99717718 -0.00349722
-0.80020726 -0.04459219 0.59806347 -0.05885838 0.99825698 -0.00432135
-0.77958840 -0.04692442 0.62453192 -0.05442559 0.99849272 0.00708392
-0.82216644 -0.03042407 0.56843370 -0.07053288 0.99632037 -0.04869107
-0.82068157 -0.03630623 0.57023132 -0.05823698 0.99809706 -0.02026699
-0.82971418 -0.02763378 0.55750418 -0.07837962 0.99464613 -0.06734809
-0.60963637 -0.06952169 0.78962672 -0.12963757 0.99147892 -0.01279400
-0.50312793 -0.05528239 0.86244202 -0.16534990 0.98567337 -0.03327966
-0.70171076 -0.06450200 0.70953619 -0.10194494 0.99473584 -0.01039185
-0.61641771 -0.06285796 0.78490645 -0.11690104 0.99306768 -0.01227875
-0.75392193 -0.05902559 0.65430707 -0.07806554 0.99694824 -0.00001506
-0.70318723 -0.06523813 0.70800555 -0.09438313 0.99553388 -0.00200880
-0.72186536 -0.06627190 0.68885303 -0.07839515 0.99682754 0.01374882
-0.74407423 -0.05633229 0.66571784 -0.05911519 0.99808186 0.01838338
-0.79427218 -0.04791051 0.60567021 -0.04135896 0.99883717 0.02477343
-0.73584968 -0.05579388 0.67484254 -0.05421886 0.99825460 0.02341223
-0.77763468 -0.04718677 0.62694323 -0.06177763 0.99808884 -0.00150548
-0.82152152 -0.03132141 0.56931669 -0.05534954 0.99815518 -0.02495486
-0.82328123 -0.03975904 0.56623960 -0.02362600 0.99907970 0.03580041
-0.84590936 -0.02912115 0.53253108 -0.06962429 0.99599290 -0.05613077
-0.62152392 -0.07040477 0.78022510 -0.12100232 0.99262881 -0.00681860
-0.67180300 -0.06690972 0.73770177 -0.08429538 0.99634796 0.01360371
-0.72184610 -0.06041354 0.68941176 -0.06746298 0.99758065 0.01678167
-0.67709595 -0.06555249 0.73296928 -0.08371090 0.99642044 0.01178429
-0.73811805 -0.06705206 0.67133135 -0.06838433 0.99735993 0.02442807
-0.69137603 -0.06682383 0.71939832 -0.06860553 0.99728644 0.02670326
-0.74768215 -0.05573712 0.66171360 -0.04722884 0.99841124 0.03073296
-0.72564203 -0.05747396 0.68566793 -0.05999809 0.99799502 0.02015785
-0.79673421 -0.04671557 0.60252160 -0.03304287 0.99888384 0.03375322
-0.78843981 -0.04758791 0.61326838 -0.04391637 0.99881357 0.02104465
-0.75213569 -0.05460355 0.65674222 -0.03636847 0.99848199 0.04136574
-0.77971971 -0.04861126 0.62423891 -0.04174687 0.99879932 0.02563447
-0.84556204 -0.03166276 0.53293753 -0.06795841 0.99650282 -0.04861925
-0.82245278 -0.04375168 0.56714845 -0.02584052 0.99888211 0.03958426
-0.57541430 -0.06770846 0.81505460 -0.10337113 0.99459612 0.00964518
-0.67244905 -0.06590778 0.73720318 -0.08144656 0.99656779 0.01480313
-0.69124728 -0.06761011 0.71944845 -0.06914426 0.99723363 0.02728103
-0.72508031 -0.05722368 0.68628281 -0.04582271 0.99834222 0.03483064
-0.79260743 -0.04989205 0.60768771 -0.01091918 0.99764830 0.06766649
-0.76185650 -0.05357049 0.64552695 -0.02952283 0.99841040 0.04801219
-0.75767815 -0.05444196 0.65035373 -0.02946729 0.99835205 0.04924324
-0.77462512 -0.05264317 0.63022584 -0.02814151 0.99841166 0.04880859
-0.82188863 -0.04607683 0.56778169 -0.02075777 0.99848390 0.05098155
-0.64922523 -0.06912286 0.75744879 -0.07909037 0.99659848 0.02315703
-0.53286999 -0.06796768 0.84346306 -0.09819596 0.99500173 0.01814220
-0.67464137 -0.06716697 0.73508340 -0.08424113 0.99635088 0.01372541
-0.71252155 -0.06708820 0.69843560 -0.05960593 0.99760765 0.03501711
-0.68976843 -0.06877515 0.72075617 -0.07010712 0.99714488 0.02805543
-0.72853112 -0.06331827 0.68208009 -0.05432140 0.99792325 0.03461755
-0.79681170 -0.04944262 0.60220146 -0.00415396 0.99707121 0.07636630
-0.78191596 -0.05310443 0.62111783 -0.01576696 0.99773097 0.06545537
-0.75483465 -0.05659654 0.65346885 -0.01379520 0.99741983 0.07045083
-0.82365072 -0.04502566 0.56530720 -0.00795671 0.99766248 0.06786904
-0.63458878 -0.07238705 0.76945263 -0.07877299 0.99647713 0.02877836
-0.65891987 -0.06892201 0.74904895 -0.07923190 0.99661338 0.02200274
-0.65406257 -0.07413339 0.75279903 -0.07691381 0.99654597 0.03131099
-0.73047143 -0.06425513 0.67991388 -0.03967347 0.99787533 0.05168047
-0.66679800 -0.07216182 0.74173659 -0.07209951 0.99687856 0.03216877
-0.72893596 -0.06439473 0.68154663 -0.05722502 0.99781340 0.03307266
-0.80133110 -0.04931793 0.59618479 0.00611165 0.99586904 0.09059548
-0.78026998 -0.05358201 0.62314343 -0.01325348 0.99751633 0.06917771
-0.75479412 -0.05738397 0.65344697 -0.01435780 0.99737287 0.07100198
-0.62353426 -0.07377668 0.77830714 -0.08910847 0.99575633 0.02300045
-0.57684934 -0.07247213 0.81362939 -0.09621409 0.99515110 0.02042659
-0.71929771 -0.06544272 0.69161266 -0.04252002 0.99783391 0.05019632
-0.71403527 -0.06769336 0.69682944 -0.04031991 0.99763876 0.05559994
-0.67621487 -0.07272409 0.73310620 -0.07502291 0.99674016 0.02967566
-0.74450362 -0.06134282 0.66479433 -0.01771684 0.99723452 0.07217709
-0.80410212 -0.05237762 0.59217936 0.01259640 0.99438643 0.10505668
-0.78260761 -0.05697939 0.61990219 -0.00065728 0.99587733 0.09070799
-0.75423419 -0.05717512 0.65411150 -0.01509331 0.99744809 0.06978218
-0.75615281 -0.05737409 0.65187520 -0.01445219 0.99737030 0.07101843
-0.64601129 -0.07303530 0.75982589 -0.07833180 0.99650007 0.02918623
-0.62293637 -0.07608852 0.77856332 -0.08093335 0.99618620 0.03260110
-0.73260278 -0.06475608 0.67756909 -0.02621642 0.99741000 0.06697787
-0.72400695 -0.06737011 0.68649495 -0.01847857 0.99675626 0.07832975
-0.68604070 -0.07261720 0.72393018 -0.04665880 0.99734962 0.05582706
-0.67625445 -0.07076851 0.73326105 -0.06158805 0.99732161 0.03945358
-0.74134445 -0.06440441 0.66802740 -0.01889434 0.99699306 0.07515190
-0.83296537 -0.04975136 0.55108398 0.01595147 0.99337655 0.11379183
-0.80415672 -0.05615828 0.59175861 0.00967167 0.99415922 0.10748947
-0.79579920 -0.05798476 0.60277814 0.00951436 0.99408495 0.10818792
-0.77223337 -0.05762233 0.63272059 0.00434427 0.99537653 0.09595184
-0.64644688 -0.07306021 0.75945294 -0.07871062 0.99647957 0.02886390
-0.61984247 -0.07544239 0.78109139 -0.07808764 0.99635738 0.03426684
-0.73290610 -0.06574572 0.67714560 -0.02158523 0.99706566 0.07344485
-0.71669370 -0.07064366 0.69380087 -0.01345048 0.99607140 0.08752690
-0.67296523 -0.07177480 0.73618352 -0.03818389 0.99732494 0.06233005
-0.66820914 -0.07392053 0.74029201 -0.05865498 0.99718875 0.04662879
-0.74182022 -0.06695439 0.66724801 -0.02214946 0.99690664 0.07540878
-0.81461614 -0.05775650 0.57711756 0.03034123 0.98942363 0.14184648
-0.78509164 -0.06018467 0.61644870 0.00281312 0.99491113 0.10071715
-0.79183465 -0.05990921 0.60779011 -0.00137978 0.99535012 0.09631300
-0.77640897 -0.06280585 0.62709218 0.01683509 0.99260008 0.12025665
-0.63522762 -0.07616023 0.76856065 -0.06529750 0.99685901 0.04481394
-0.73807675 -0.07067959 0.67100459 0.00678848 0.99366993 0.11213427
-0.70201224 -0.07475925 0.70823014 -0.01172642 0.99555349 0.09346503
-0.68039531 -0.07095642 0.72940218 -0.05267872 0.99746239 0.04789403
-0.74566227 -0.07000558 0.66263646 -0.00307005 0.99481606 0.10164466
-0.79881793 -0.06233311 0.59833485 0.00667245 0.99363804 0.11242302
-0.78975856 -0.06137336 0.61033988 0.01743579 0.99233431 0.12234651
-0.78075069 -0.06628998 0.62131643 0.00597407 0.99351913 0.11350840
-0.55206549 -0.07875634 0.83007306 -0.05282042 0.99683297 0.05944848
-0.66150534 -0.07353286 0.74632674 -0.05167912 0.99728531 0.05245320
-0.69406033 -0.07144070 0.71636343 -0.01967631 0.99657476 0.08032160
-0.68480980 -0.07159743 0.72519612 -0.03839610 0.99732453 0.06220642
-0.66719913 -0.07143373 0.74144626 -0.05024652 0.99743992 0.05088220
-0.75068867 -0.07236697 0.65668070 0.00174404 0.99376208 0.11150743
-0.76534903 -0.06987297 0.63981146 0.00668229 0.99317330 0.11645657
-0.65871674 -0.07104447 0.74902940 -0.03433829 0.99733341 0.06439777
-0.66417205 -0.07244147 0.74406165 -0.02539227 0.99690574 0.07439236
