-0.49496081 -0.12892392 -0.85929769 -0.23315603 0.97237033 -0.01158934
-0.49960449 -0.13335226 -0.85592788 -0.26362911 0.96461749 0.00359420
-0.51785284 -0.13702928 -0.84442371 -0.22989699 0.97306794 -0.01691800
-0.37300622 -0.09455287 -0.92299849 -0.35575506 0.93333769 0.04815727
-0.52716988 -0.15338202 -0.83580256 -0.30259252 0.95298624 0.01596875
-0.55393499 -0.15275978 -0.81842560 -0.27137613 0.96246493 0.00403069
-0.51525080 -0.13444723 -0.84642816 -0.20016745 0.97918254 -0.03368501
-0.49893525 -0.14693065 -0.85409313 -0.34417781 0.93806565 0.03968170
-0.54438913 -0.15994635 -0.82344258 -0.30253085 0.95302331 0.01489100
-0.55375582 -0.15718871 -0.81770790 -0.27545515 0.96131235 0.00174563
-0.58153486 -0.16264589 -0.79709703 -0.24998169 0.96813178 -0.01516706
-0.32419538 -0.13359280 -0.93650967 0.03355584 0.98773122 -0.15251571
-0.54113269 -0.14325003 -0.82864636 -0.19007348 0.98071891 -0.04541511
-0.49944401 -0.15998122 -0.85144687 -0.35443446 0.93452233 0.03231454
-0.55190092 -0.16880487 -0.81664580 -0.32286263 0.94617558 0.02261588
-0.56918865 -0.16358173 -0.80577004 -0.27369043 0.96181589 -0.00192863
-0.58232212 -0.16258164 -0.79653513 -0.25069579 0.96796042 -0.01429550
-0.56072259 -0.15597017 -0.81318110 -0.20826936 0.97709036 -0.04379789
-0.51224995 -0.13746300 -0.84776407 -0.13599668 0.98763645 -0.07796887
-0.54784000 -0.17898643 -0.81721193 -0.35326299 0.93497527 0.03204031
-0.44847354 -0.14148432 -0.88252687 -0.46488592 0.88024586 0.09512237
-0.55664688 -0.17163290 -0.81282622 -0.34339327 0.93846250 0.03700390
-0.58400923 -0.17815794 -0.79195523 -0.33520129 0.94148165 0.03539117
-0.59955788 -0.17066514 -0.78192312 -0.30343461 0.95253044 0.02476315
-0.60573512 -0.16742948 -0.77785116 -0.25465566 0.96698183 -0.00983142
-0.57920778 -0.15650974 -0.80001450 -0.17253955 0.98269874 -0.06733088
-0.57789302 -0.15106830 -0.80200887 -0.15741539 0.98489767 -0.07209089
-0.54219174 -0.18210417 -0.82028419 -0.39226684 0.91817904 0.05544370
-0.47441301 -0.19642624 -0.85810786 -0.43560126 0.89946163 0.03493387
-0.57735145 -0.17740239 -0.79699045 -0.34586293 0.93734890 0.04190326
-0.61664951 -0.19244701 -0.76335287 -0.31601730 0.94861633 0.01613084
-0.62123889 -0.17719322 -0.76332486 -0.29046080 0.95678014 0.01429346
-0.60246062 -0.17212020 -0.77936888 -0.33915806 0.93913376 0.05476931
-0.62080848 -0.17225705 -0.76480347 -0.28975630 0.95689815 0.01967919
-0.62031388 -0.16255006 -0.76732534 -0.21834978 0.97540587 -0.03011355
-0.61441636 -0.16163068 -0.77224874 -0.24334151 0.96989524 -0.00939053
-0.58928913 -0.14455962 -0.79488415 -0.08264824 0.98948705 -0.11867912
-0.56626582 -0.19279331 -0.80135751 -0.39775708 0.91547263 0.06082081
-0.52409446 -0.22490916 -0.82142615 -0.43826592 0.89821368 0.03369293
-0.47440442 -0.21985932 -0.85240978 -0.44140309 0.89719576 0.01424983
-0.58198673 -0.17777048 -0.79352957 -0.34970921 0.93568540 0.04686514
-0.60194892 -0.18001369 -0.77797991 -0.32437667 0.94537866 0.03223357
-0.65134954 -0.18156937 -0.73673356 -0.30648285 0.95117444 0.03654419
-0.69814861 -0.17373866 -0.69455272 -0.23909873 0.97099197 -0.00255185
-0.67844748 -0.16726440 -0.71535426 -0.23113541 0.97288644 -0.00827009
-0.63880408 -0.14841686 -0.75491846 -0.14380805 0.98695755 -0.07234687
-0.58447820 -0.17977862 -0.79124260 -0.35923424 0.93170303 0.05366789
-0.55771285 -0.21250603 -0.80237001 -0.41218603 0.90996277 0.04550129
-0.52565408 -0.21731289 -0.82247365 -0.43508509 0.89948213 0.04040882
-0.52297306 -0.22783889 -0.82133347 -0.43877169 0.89808929 0.03025094
-0.48918259 -0.22925664 -0.84151161 -0.48035330 0.87613738 0.04054627
-0.61400163 -0.17765827 -0.76905107 -0.32540712 0.94465959 0.04157578
-0.65494585 -0.17775325 -0.73447245 -0.30401731 0.95179456 0.04075070
-0.68036312 -0.17845094 -0.71081740 -0.29886562 0.95314831 0.04677279
-0.67516583 -0.16503944 -0.71896672 -0.28458253 0.95747626 0.04745562
-0.67040747 -0.15880790 -0.72479922 -0.23533849 0.97190201 0.00472812
-0.67350137 -0.15799154 -0.72210431 -0.21905279 0.97567004 -0.00916109
-0.64089227 -0.14886817 -0.75305736 -0.10328365 0.98881757 -0.10757451
-0.62877089 -0.18697456 -0.75477660 -0.34792787 0.93572277 0.05804442
-0.55430168 -0.20868240 -0.80573028 -0.40956295 0.91113263 0.04577719
-0.50955135 -0.22072065 -0.83164883 -0.46926108 0.88143235 0.05358304
-0.50807476 -0.23900178 -0.82748914 -0.47141284 0.88122094 0.03492449
-0.70165282 -0.19159231 -0.68627679 -0.29553521 0.95466697 0.03563619
-0.66647315 -0.18075010 -0.72328627 -0.31982183 0.94567782 0.05837430
-0.70705032 -0.18542546 -0.68242013 -0.30500865 0.95059872 0.05772288
-0.71914959 -0.17140138 -0.67338359 -0.26033759 0.96497357 0.03240929
-0.70420825 -0.16109595 -0.69147593 -0.20871285 0.97785795 -0.01525959
-0.72138262 -0.14937210 -0.67623603 -0.14837672 0.98712361 -0.05976075
-0.63525593 -0.18954444 -0.74868071 -0.35038194 0.93463951 0.06067538
-0.57493198 -0.20190099 -0.79289925 -0.40144977 0.91402054 0.05834875
-0.55765891 -0.22843628 -0.79801840 -0.43680307 0.89826995 0.04810626
-0.50356585 -0.24191016 -0.82939786 -0.48869142 0.87141901 0.04254074
-0.66402745 -0.18678242 -0.72400266 -0.33138913 0.94151765 0.06103921
-0.72031093 -0.18355238 -0.66892505 -0.30009216 0.95189685 0.06194526
-0.71535087 -0.18690656 -0.67330468 -0.31630650 0.94580489 0.07350751
-0.71252257 -0.16782317 -0.68128330 -0.25811061 0.96558231 0.03209030
-0.72861701 -0.16412953 -0.66496533 -0.22111024 0.97524762 0.00156062
-0.70721310 -0.15302876 -0.69024038 -0.13849139 0.98736537 -0.07700558
-0.69978392 -0.15121026 -0.69816762 -0.11723941 0.98839849 -0.09655810
-0.63247669 -0.19779024 -0.74890071 -0.35706955 0.93243968 0.05529530
-0.61447471 -0.20598340 -0.76157188 -0.38946122 0.91869253 0.06575696
-0.59292012 -0.21456744 -0.77614862 -0.40722060 0.91141409 0.05912462
-0.58025503 -0.22970150 -0.78137147 -0.43046004 0.90094388 0.05481184
-0.53163278 -0.25939727 -0.80627525 -0.48837614 0.87164146 0.04159296
-0.47092575 -0.26365516 -0.84185207 -0.53145254 0.84647638 0.03218715
-0.67588818 -0.18367164 -0.71375060 -0.33199859 0.94050008 0.07236524
-0.73467511 -0.17500310 -0.65545893 -0.28692901 0.95564401 0.06645571
-0.71207047 -0.19251445 -0.67519915 -0.31506222 0.94702744 0.06224836
-0.73214597 -0.17361617 -0.65864992 -0.27002352 0.96172297 0.04664991
-0.73232108 -0.16535494 -0.66057831 -0.23472947 0.97191328 0.01693466
-0.73940313 -0.16300310 -0.65323275 -0.20326680 0.97902018 -0.01421731
-0.73098946 -0.15460059 -0.66464508 -0.17241906 0.98423898 -0.03931035
-0.74001819 -0.15011701 -0.65562034 -0.10710555 0.98863727 -0.10547447
-0.64634365 -0.20383596 -0.73531687 -0.36671659 0.92805368 0.06507965
-0.61070567 -0.20644300 -0.76447368 -0.38714260 0.92001128 0.06082657
-0.56784964 -0.24204317 -0.78674138 -0.43521121 0.89955235 0.03737443
-0.52783710 -0.27174780 -0.80469948 -0.48415241 0.87470233 0.02218864
-0.47967610 -0.28479591 -0.82994109 -0.52129579 0.85333407 0.00846691
-0.67505491 -0.19180588 -0.71239841 -0.34044093 0.93764591 0.07014379
-0.77462012 -0.17476521 -0.60779995 -0.28419659 0.95474911 0.08767266
-0.72305065 -0.19550063 -0.66255367 -0.32352629 0.94326305 0.07473720
-0.75200391 -0.16831890 -0.63730597 -0.25473008 0.96594310 0.04545934
-0.76145440 -0.16155215 -0.62776440 -0.20470291 0.97881752 -0.00359709
-0.77117217 -0.15629038 -0.61714405 -0.16082524 0.98578155 -0.04868270
-0.72722572 -0.15084797 -0.66961753 -0.04845643 0.98440093 -0.16913551
-0.76692402 -0.15092631 -0.62373781 -0.14271882 0.98772305 -0.06351850
-0.64083081 -0.21592429 -0.73669028 -0.37687397 0.92451781 0.05685778
-0.58061451 -0.24733040 -0.77570260 -0.43561259 0.89927483 0.03932558
-0.55230504 -0.28552094 -0.78322226 -0.48227227 0.87577391 0.02082379
-0.46272832 -0.33098570 -0.82239348 -0.57117802 0.82077742 -0.00895593
-0.71774822 -0.21045715 -0.66373587 -0.35159341 0.93232381 0.08458375
-0.78158581 -0.17795298 -0.59787661 -0.28932890 0.95253211 0.09471760
-0.77638644 -0.16655359 -0.60785198 -0.26099405 0.96283257 0.06953837
-0.77896953 -0.18104994 -0.60035616 -0.30006564 0.94830257 0.10335838
-0.76314908 -0.16487764 -0.62483513 -0.25267988 0.96605885 0.05369568
-0.77869427 -0.16578272 -0.60510433 -0.22525358 0.97402835 0.02301528
-0.77215320 -0.15758525 -0.61558616 -0.16357794 0.98540664 -0.04707433
-0.79345012 -0.14417088 -0.59131360 -0.09940797 0.98919135 -0.10778939
-0.79160035 -0.14705472 -0.59307998 -0.09922401 0.98866206 -0.11270264
-0.65805519 -0.22391883 -0.71890461 -0.38498667 0.92058325 0.06566453
-0.62681156 -0.26054183 -0.73431951 -0.41492626 0.90930784 0.03155008
-0.55617851 -0.30077097 -0.77472723 -0.49843690 0.86666268 0.02136617
-0.48455638 -0.34584060 -0.80349207 -0.56761682 0.82320523 -0.01201683
-0.70229971 -0.20392343 -0.68204874 -0.34079853 0.93748003 0.07062332
-0.79608732 -0.17658082 -0.57884729 -0.28423503 0.95352215 0.10003009
-0.80253839 -0.17089069 -0.57160163 -0.26890239 0.95887113 0.09087157
-0.77675050 -0.16534244 -0.60771757 -0.26006085 0.96302360 0.07038422
-0.78389966 -0.17561795 -0.59553319 -0.29940778 0.94719493 0.11478993
-0.79971570 -0.16667596 -0.57677895 -0.22719443 0.97326416 0.03375847
-0.80603224 -0.15392855 -0.57150513 -0.17273477 0.98473138 -0.02160695
-0.79984862 -0.14646812 -0.58205605 -0.10687740 0.98902547 -0.10200900
-0.65273792 -0.22457837 -0.72353148 -0.37168112 0.92714268 0.04753657
-0.68437815 -0.22462532 -0.69366425 -0.36676195 0.92829657 0.06124707
-0.64840937 -0.27334237 -0.71052754 -0.42529055 0.90416026 0.04027583
-0.59156191 -0.31608865 -0.74171591 -0.47812647 0.87826270 0.00705473
-0.53836721 -0.32572043 -0.77721751 -0.51885605 0.85486090 0.00114438
0.31477967 0.40257978 0.85955995 0.71738231 -0.69389087 0.06227500
-0.71277428 -0.20676664 -0.67022419 -0.34091899 0.93722081 0.07342662
-0.80533934 -0.17187218 -0.56735229 -0.27706569 0.95521516 0.10391602
-0.82409805 -0.17210524 -0.53966868 -0.25751355 0.96241200 0.08631275
-0.81416619 -0.17282251 -0.55431569 -0.24772531 0.96681726 0.06242249
-0.77732730 -0.17389327 -0.60458535 -0.27917427 0.95657641 0.08380549
-0.81543577 -0.17097068 -0.55302227 -0.24858260 0.96623355 0.06781925
-0.81325662 -0.16706631 -0.55740708 -0.22231086 0.97444093 0.03229151
-0.81014270 -0.15627190 -0.56502038 -0.18266340 0.98312461 -0.01000202
-0.81047922 -0.14772366 -0.56683439 -0.13247624 0.98883146 -0.06828196
-0.81910348 -0.14352037 -0.55540210 -0.09432512 0.98871535 -0.11638190
-0.68454039 -0.22416098 -0.69365436 -0.35775724 0.93237966 0.05174930
-0.69424343 -0.22879466 -0.68240684 -0.34966072 0.93593776 0.04192818
-0.59992850 -0.27196571 -0.75240988 -0.38244188 0.92352808 -0.02888077
-0.62416834 -0.33450469 -0.70605981 -0.46675271 0.88436502 -0.00636196
-0.61099207 -0.29909495 -0.73296040 -0.44645047 0.89478076 0.00703077
-0.61567998 -0.36784774 -0.69686884 -0.53351009 0.84542149 0.02509082
-0.76358563 -0.18573660 -0.61841643 -0.30521125 0.94781178 0.09218964
-0.70357978 -0.23073131 -0.67211497 -0.35959315 0.93138558 0.05669071
-0.81797177 -0.16668537 -0.55057991 -0.27004054 0.95635307 0.11165588
-0.83181375 -0.17407355 -0.52705246 -0.26286730 0.95985764 0.09784748
-0.81413537 -0.17930192 -0.55229926 -0.28533703 0.95191044 0.11157653
-0.81101650 -0.16317646 -0.56180584 -0.22608621 0.97312522 0.04373137
-0.82525551 -0.15342602 -0.54351985 -0.18397410 0.98292935 0.00187425
-0.83188099 -0.14502616 -0.53566915 -0.13743733 0.98901939 -0.05432867
-0.82780236 -0.13202642 -0.54526359 -0.04267025 0.98391646 -0.17345814
-0.75169802 -0.24109519 -0.61385936 -0.35521823 0.93224531 0.06883819
-0.65321350 -0.29130581 -0.69889426 -0.42957187 0.90267968 0.02524890
-0.62766200 -0.33844849 -0.70106572 -0.47174555 0.88172853 -0.00331335
-0.63397342 -0.30927962 -0.70881861 -0.45410937 0.89077437 0.01748672
-0.61037982 -0.35943916 -0.70586121 -0.46579632 0.88363355 -0.04717619
-0.62904239 -0.37659743 -0.68005884 -0.54617363 0.83662337 0.04190247
-0.76533806 -0.18572035 -0.61625135 -0.30501842 0.94777727 0.09317739
-0.83966708 -0.16912755 -0.51609594 -0.26952985 0.95476174 0.12563325
-0.85388094 -0.17232001 -0.49111420 -0.26314303 0.95704865 0.12171128
-0.83113074 -0.16904047 -0.52976131 -0.26488131 0.95800018 0.10988008
-0.81313741 -0.18402416 -0.55221623 -0.28323713 0.95390785 0.09917970
-0.83678496 -0.15440002 -0.52531099 -0.20592925 0.97772193 0.04065825
-0.83623296 -0.14648102 -0.52844858 -0.15814568 0.98713917 -0.02337130
-0.82914442 -0.14325872 -0.54036689 -0.13253424 0.98942405 -0.05894807
-0.83631676 -0.12522011 -0.53375477 -0.04014973 0.98494160 -0.16816075
-0.73080117 -0.23964357 -0.63914067 -0.34838915 0.93615359 0.04734483
-0.69784468 -0.30411032 -0.64848274 -0.41075468 0.91163057 0.01450570
-0.68156523 -0.31491444 -0.66052842 -0.41898081 0.90799493 -0.00057222
-0.60284269 -0.36072487 -0.71165890 -0.50900400 0.86074901 -0.00512071
-0.83330977 -0.16817166 -0.52660525 -0.25890720 0.96039510 0.10299681
-0.81839937 -0.13340272 -0.55895108 -0.23852129 0.96379274 0.11921094
-0.84395123 -0.16521767 -0.51034260 -0.25686890 0.95968789 0.11409470
-0.80077302 -0.17564929 -0.57263428 -0.27362341 0.95772302 0.08886459
-0.83628768 -0.15024461 -0.52730405 -0.20200180 0.97850281 0.04156390
-0.85544223 -0.14347301 -0.49762854 -0.17421657 0.98458356 0.01561621
-0.85950732 -0.12441070 -0.49575120 -0.10166456 0.99215698 -0.07272499
-0.86696261 -0.08200262 -0.49158058 0.11507875 0.92677480 -0.35755470
-0.85604930 -0.11905680 -0.50299621 -0.06795140 0.99058783 -0.11882092
-0.77231008 -0.24682637 -0.58533227 -0.34122491 0.93839949 0.05451557
-0.70534438 -0.32533500 -0.62979883 -0.41916442 0.90791029 0.00044510
-0.60022265 -0.37378079 -0.70712149 -0.66759998 0.72102988 0.18554322
-0.69384217 -0.36083367 -0.62320322 -0.45778814 0.88904685 -0.00507920
-0.86813724 -0.14902923 -0.47342166 -0.24241672 0.95965898 0.14243902
-0.84887242 -0.14451852 -0.50845855 -0.23733553 0.96369559 0.12232217
-0.87041950 -0.15260053 -0.46806306 -0.23968637 0.96181440 0.13214958
-0.83087641 -0.18032953 -0.52642733 -0.27277440 0.95656431 0.10285376
-0.78699511 -0.21156737 -0.57954979 -0.31009066 0.94773531 0.07510998
-0.85846454 -0.14819220 -0.49099675 -0.19181828 0.98063922 0.03940170
-0.84478521 -0.14877778 -0.51400703 -0.20644397 0.97682244 0.05655824
-0.87484664 -0.13109121 -0.46632445 -0.15449640 0.98791903 0.01212282
-0.87464720 -0.11652072 -0.47054791 -0.10027618 0.99317622 -0.05954620
-0.88544554 -0.08317934 -0.45723891 -0.04223212 0.99418330 -0.09907570
-0.87519819 -0.11104655 -0.47084698 -0.07994421 0.99311519 -0.08562225
-0.76672918 -0.29099190 -0.57223266 -0.34943467 0.93692452 -0.00824077
-0.74105304 -0.29737177 -0.60200536 -0.37881029 0.92542887 0.00917281
-0.60096377 -0.38907799 -0.69818407 -0.51962000 0.85391867 -0.02860020
-0.67976296 -0.35386035 -0.64242142 -0.41757321 0.90681273 -0.05764790
-0.68521345 -0.35595700 -0.63543475 -0.45278740 0.89154857 -0.01116864
-0.86566758 -0.14627327 -0.47877333 -0.23852870 0.96134108 0.13757673
-0.87485152 -0.14574820 -0.46194398 -0.23754933 0.96019900 0.14692935
-0.87629807 -0.15120369 -0.45742661 -0.24659255 0.95644093 0.15624622
-0.85913551 -0.15102203 -0.48895669 -0.22877866 0.96801460 0.10299554
-0.86475033 -0.15427609 -0.47791827 -0.23439799 0.96561956 0.11241197
-0.82702774 -0.19242489 -0.52820241 -0.27052018 0.95987529 0.07388037
-0.86133736 -0.14852040 -0.48583913 -0.19505337 0.97969848 0.04631480
-0.88206506 -0.13847056 -0.45031896 -0.18985777 0.97925782 0.07076886
-0.88069910 -0.11821960 -0.45868644 -0.13427138 0.99094170 0.00240678
-0.87559885 -0.11486333 -0.46918339 -0.10127804 0.99338132 -0.05418806
-0.92881018 -0.05505466 -0.36644322 -0.02650647 0.99623930 -0.08249062
-0.77678978 -0.30101836 -0.55315965 -0.36849013 0.92955911 0.01161505
-0.45951927 -0.48153701 -0.74630034 -0.66541660 0.74319988 -0.06981975
-0.63686532 -0.40989885 -0.65298212 -0.55117285 0.83427590 0.01386580
-0.66306436 -0.34149837 -0.66612655 -0.44398585 0.89586616 -0.01733257
-0.87720907 -0.13376251 -0.46109852 -0.22251433 0.96429873 0.14358018
-0.88506442 -0.13871197 -0.44431970 -0.23011947 0.96014500 0.15864009
-0.88347620 -0.15495490 -0.44210723 -0.23396511 0.96353781 0.12982759
-0.86600554 -0.14863105 -0.47743404 -0.22936872 0.96650285 0.11516197
-0.85718507 -0.17389718 -0.48476148 -0.24398467 0.96605760 0.08487741
-0.87463087 -0.14738160 -0.46184361 -0.20102301 0.97716290 0.06886557
-0.89240950 -0.12893687 -0.43241262 -0.18168354 0.97986656 0.08278020
-0.89642107 -0.12495299 -0.42522463 -0.15882719 0.98628014 0.04500537
-0.91649276 -0.09917117 -0.38756442 -0.12476677 0.99132288 0.04137942
-0.92876399 -0.05641259 -0.36635387 -0.02773996 0.99615782 -0.08306716
-0.79399449 -0.30206218 -0.52757108 -0.37153226 0.92800295 0.02782558
-0.45517549 -0.48581564 -0.74618936 -0.66836452 0.74012721 -0.07416648
-0.45288959 -0.48870680 -0.74569213 -0.67004538 0.73832297 -0.07693097
-0.48660991 -0.52411550 -0.69893759 -0.68853450 0.72251177 -0.06242600
-0.65172589 -0.41299775 -0.63614953 -0.54573762 0.83781874 0.01517580
-0.76770473 -0.34382746 -0.54075158 -0.41747874 0.90856290 0.01500049
-0.90905124 -0.12782672 -0.39659330 -0.20770040 0.96411896 0.16533346
-0.91012847 -0.12534256 -0.39491200 -0.20974833 0.96136796 0.17826159
-0.88368839 -0.14911290 -0.44368941 -0.22917248 0.96434671 0.13234593
-0.89375973 -0.12360943 -0.43117779 -0.19315064 0.97364908 0.12124485
-0.87350714 -0.14335966 -0.46522403 -0.20985408 0.97319084 0.09413262
-0.90634841 -0.18042482 -0.38207260 -0.24920475 0.95849091 0.13853598
-0.90739441 -0.12727684 -0.40054464 -0.19156210 0.97353750 0.12461436
-0.92060536 -0.12005140 -0.37158248 -0.15377818 0.98613387 0.06238792
-0.91921961 -0.11003900 -0.37805656 -0.17990246 0.97144920 0.15466620
-0.93232930 -0.08518670 -0.35143331 -0.09655593 0.99521577 0.01491825
-0.97059458 -0.02806464 -0.23907836 -0.02695736 0.99960542 -0.00790077
-0.93535453 -0.06782124 -0.34714872 -0.07541869 0.99711657 0.00840424
-0.82929224 -0.25059247 -0.49947751 -0.31546408 0.94770771 0.04829751
-0.39295918 -0.44008419 -0.80740881 -0.68970811 0.72178191 -0.05773738
-0.44578797 -0.49082035 -0.74857771 -0.71529251 0.69810313 -0.03175947
-0.44695297 -0.49610829 -0.74438536 -0.70705616 0.70567465 -0.04576966
-0.47115588 -0.52024943 -0.71228701 -0.71670866 0.69651163 -0.03464657
-0.66866720 -0.42440495 -0.61054462 -0.56103319 0.82684153 0.03968395
-0.75406533 -0.34543529 -0.55862337 -0.44162336 0.89621991 0.04193680
-0.76801902 -0.34374598 -0.54035693 -0.42076939 0.90692198 0.02111222
-0.88835257 -0.11838570 -0.44363806 -0.20148313 0.96870685 0.14495379
-0.90489411 -0.12178012 -0.40784350 -0.20585310 0.96389377 0.16891819
-0.91983426 -0.12095880 -0.37319428 -0.20388073 0.96011829 0.19132592
-0.90780562 -0.12321837 -0.40088189 -0.21020107 0.96081752 0.18067999
-0.90473789 -0.12539113 -0.40709516 -0.20906840 0.96337879 0.16790415
-0.89142174 -0.12297785 -0.43616948 -0.19357219 0.97358191 0.12111220
-0.89174181 -0.14578065 -0.42842108 -0.20837741 0.97263449 0.10276699
-0.86485976 -0.16138829 -0.47536454 -0.22336870 0.97172886 0.07648225
-0.91199774 -0.12481070 -0.39074612 -0.19935317 0.96738398 0.15629013
-0.92107755 -0.11816361 -0.37101695 -0.15248857 0.98619998 0.06447376
-0.96766013 -0.01362072 -0.25188982 -0.01526025 0.99987322 0.00455653
-0.95256609 -0.07021604 -0.29612106 -0.09119052 0.99416590 0.05760683
-0.86066139 -0.24925457 -0.44399795 -0.30840230 0.94902956 0.06504542
-0.39121437 -0.44179365 -0.80732256 -0.70158279 0.71089768 -0.04905203
-0.44158649 -0.48947522 -0.75194114 -0.70756024 0.70530701 -0.04359558
-0.46559471 -0.55086118 -0.69265693 -0.75761122 0.65263289 -0.00977451
-0.50006819 -0.58183652 -0.64140320 -0.73183817 0.67991114 -0.04619274
-0.75492764 -0.35959539 -0.54842997 -0.47056490 0.87949830 0.07107364
-0.77311230 -0.35495117 -0.52564925 -0.46386278 0.88163429 0.08690384
-0.81770450 -0.32352012 -0.47612405 -0.39015603 0.91963971 0.04517810
-0.91006017 -0.12045866 -0.39658573 -0.19307953 0.96988434 0.14847480
-0.91399246 -0.11761389 -0.38831022 -0.19311137 0.96781051 0.16140287
-0.91682112 -0.12143955 -0.38038331 -0.20938852 0.95736140 0.19903688
-0.91260755 -0.12153846 -0.39035350 -0.18075600 0.97635132 0.11859775
-0.87744886 -0.14886624 -0.45598522 -0.20820792 0.97460127 0.08247318
-0.93653142 -0.12670055 -0.32688826 -0.20294642 0.95622808 0.21080932
-0.93456244 -0.11577325 -0.33643672 -0.16161712 0.98053128 0.11152767
-0.96998405 -0.00474704 -0.24312226 0.00249977 0.99956197 -0.02949012
-0.97675371 -0.01785987 -0.21361935 -0.04175791 0.99328560 0.10788929
-0.95511645 -0.07790916 -0.28580213 -0.10824864 0.98986530 0.09191839
-0.90420198 -0.15640460 -0.39743736 -0.20951654 0.97331131 0.09363715
-0.33538756 -0.43372378 -0.83630073 -0.76973420 0.63797921 -0.02217794
-0.40555122 -0.49151248 -0.77067745 -0.73874241 0.67278022 -0.04033065
-0.45329145 -0.53902185 -0.70991713 -0.74984998 0.66119963 -0.02324271
-0.41021535 -0.49803093 -0.76399511 -0.75903732 0.65083277 -0.01670966
-0.42352241 -0.73895144 -0.52400333 -0.82615405 0.55236083 -0.11120746
-0.79724944 -0.36395863 -0.48158854 -0.41023165 0.91192585 -0.01006329
-0.77402747 -0.37075904 -0.51324391 -0.46933115 0.88007802 0.07204819
-0.81537580 -0.32270795 -0.48064733 -0.40439010 0.91159064 0.07396771
-0.90866303 -0.11257085 -0.40206885 -0.18629448 0.97111011 0.14912926
-0.91966218 -0.11355129 -0.37593570 -0.18839416 0.96750641 0.16863889
-0.93554407 -0.12343916 -0.33093831 -0.20088325 0.95660526 0.21107431
-0.91877300 -0.11465401 -0.37777057 -0.17234837 0.97738564 0.12252898
-0.91070199 -0.11300105 -0.39730683 -0.17645381 0.97610164 0.12684491
-0.91636950 -0.10629492 -0.38596430 -0.15343370 0.98373830 0.09336505
-0.92622197 -0.10984495 -0.36062026 -0.19099702 0.96147674 0.19769345
-0.94321340 -0.12010762 -0.30971393 -0.17962554 0.96869218 0.17137730
-0.95202196 -0.09878643 -0.28964707 -0.14088772 0.98168170 0.12826429
-0.98134911 -0.01321256 -0.19177961 -0.02664260 0.99735540 0.06761972
-0.97704184 -0.01517469 -0.21250661 -0.04324489 0.99082130 0.12807442
-0.95061666 -0.09072343 -0.29681173 -0.13705516 0.98073643 0.13918298
0.07549576 -0.98031485 -0.18243693 -0.98952860 -0.05108269 -0.13499513
-0.89711088 -0.15035166 -0.41543534 -0.20969608 0.97255194 0.10084804
-0.34725034 -0.46126309 -0.81648862 -0.78338426 0.62128240 -0.01781309
0.24694546 0.43933746 0.86371326 0.79544932 -0.60094702 0.07825043
-0.30450240 -0.40036759 -0.86428249 -0.81361383 0.58114398 0.01744354
-0.36919674 -0.58477890 -0.72230697 -0.81986171 0.57093215 -0.04316559
-0.42295110 -0.73820919 -0.52550882 -0.82633162 0.55220747 -0.11064846
-0.41350812 -0.73067474 -0.54325455 -0.83436954 0.54293180 -0.09514500
-0.89783007 -0.19325396 -0.39566928 -0.26101598 0.95724064 0.12474415
-0.92974389 -0.11819753 -0.34872010 -0.17926984 0.97255546 0.14831778
-0.94086170 -0.10892715 -0.32080239 -0.17516881 0.96691895 0.18542847
-0.94110537 -0.12270272 -0.31506315 -0.19703254 0.95628035 0.21611598
-0.91212434 -0.11012586 -0.39484367 -0.17352135 0.97640824 0.12851982
-0.88456649 -0.09050238 -0.45754942 -0.14655864 0.98523885 0.08845908
-0.93634766 -0.12043627 -0.32976988 -0.20183761 0.95323282 0.22496416
-0.93640512 -0.11751905 -0.33065814 -0.18906933 0.96275818 0.19326021
-0.94357347 -0.11209025 -0.31161666 -0.17197274 0.97000217 0.17181730
-0.98846006 -0.00996126 -0.15115392 -0.02292967 0.99617678 0.08429738
-0.98300213 -0.01054583 -0.18329102 -0.04085401 0.98588234 0.16237909
-0.96754009 -0.01778248 -0.25209120 -0.05611137 0.98773873 0.14568362
-0.90648359 -0.13076687 -0.40148169 -0.18951100 0.97568679 0.11009496
-0.91171432 -0.10220680 -0.39790794 -0.15233657 0.98361689 0.09639190
-0.28798655 -0.48055303 -0.82833117 -0.82545853 0.56306684 -0.03967318
0.18180110 0.35609385 0.91659456 0.86229587 -0.50576460 0.02545652
-0.36091536 -0.66639763 -0.65242189 -0.85445720 0.51660347 -0.05498984
-0.34313077 -0.56585842 -0.74971038 -0.84049141 0.54129857 -0.02387577
-0.22182649 -0.90122724 -0.37226659 -0.93208575 0.30810684 -0.19048986
-0.31793916 -0.72860068 -0.60667598 -0.90785402 0.41843241 -0.02674882
-0.92115229 -0.13564220 -0.36480099 -0.19123851 0.97409415 0.12070005
-0.18258236 -0.91751760 -0.35330597 -0.96299982 0.23933868 -0.12388889
-0.93217754 -0.11145584 -0.34441641 -0.17229624 0.97334945 0.15134363
-0.94683236 -0.11014213 -0.30228680 -0.17160168 0.96765602 0.18491815
-0.94218749 -0.09693826 -0.32075804 -0.15784219 0.97278166 0.16965185
-0.94274604 -0.10980806 -0.31491613 -0.17814210 0.96405512 0.19713730
-0.93670672 -0.10991021 -0.33241585 -0.15772414 0.98011822 0.12038013
-0.93786967 -0.09862203 -0.33267739 -0.13798483 0.98569340 0.09679258
-0.00436827 -0.95674151 -0.29090652 -0.96882933 0.07610527 -0.23574917
-0.94802576 -0.11767949 -0.29563272 -0.18589067 0.95889103 0.21441241
-0.98965389 -0.01143092 -0.14301941 -0.02922771 0.99198079 0.12296280
-0.98937058 0.00013059 -0.14541598 -0.00995079 0.99759477 0.06859834
-0.98021656 -0.00665473 -0.19781621 -0.02600923 0.99509877 0.09540451
0.00213465 -0.97175336 -0.23598929 -0.98018938 0.04470489 -0.19295150
-0.94669455 -0.08997352 -0.30931231 -0.12235725 0.98867410 0.08690386
-0.93703038 -0.08612730 -0.33846143 -0.11986756 0.98955792 0.08004341
-0.25667942 -0.45122275 -0.85470098 -0.85290420 0.52171111 -0.01928741
-0.24812871 -0.42713180 -0.86947721 -0.85729432 0.51476091 -0.00822496
-0.34464329 -0.67255783 -0.65489459 -0.86480272 0.49884433 -0.05718963
-0.29339370 -0.58564466 -0.75560611 -0.86877519 0.49316689 -0.04490094
-0.20248806 -0.89500540 -0.39744669 -0.94880736 0.27976677 -0.14661226
-0.21881598 -0.90027159 -0.37633848 -0.93224007 0.30678809 -0.19185816
-0.32126477 -0.72939038 -0.60396904 -0.89627343 0.44010895 -0.05475475
-0.95181870 -0.07234640 -0.29800537 -0.11665782 0.98413390 0.13368402
-0.93234330 -0.05214475 -0.35779458 -0.10157136 0.98747146 0.12076182
-0.95593631 -0.01576135 -0.29315096 -0.08802226 0.96800482 0.23498684
-0.95257682 -0.09940233 -0.28760505 -0.14505126 0.97918159 0.14199865
-0.01567573 -0.97067934 -0.23986660 -0.97353238 0.06952270 -0.21771859
-0.97033137 -0.02958241 -0.23996212 -0.06739289 0.98624426 0.15093194
-0.00681050 -0.96329367 -0.26836357 -0.96956766 0.07204053 -0.23398462
-0.94088060 -0.10118765 -0.32327196 -0.14823538 0.98110425 0.12434161
-0.93949586 -0.08866956 -0.33088574 -0.12855698 0.98658282 0.10063562
-0.00354680 -0.95672798 -0.29096246 -0.96867716 0.07553349 -0.23655733
0.00006774 -0.95358813 -0.30111405 -0.97346389 0.06884424 -0.21823956
-0.00650426 -0.96238565 -0.27160919 -0.96672153 0.07551811 -0.24443115
-0.01317505 -0.98565066 -0.16828324 -0.99452877 0.03035923 -0.09995435
-0.99668562 0.02280998 -0.07808694 0.01662270 0.99673700 0.07898815
0.00326246 -0.96997064 -0.24320032 -0.99152404 0.02845015 -0.12677048
0.00146743 -0.97441244 -0.22476280 -0.98344916 0.03931604 -0.17686725
-0.00230253 -0.96580482 -0.25926015 -0.97908717 0.05491837 -0.19588837
-0.95033687 -0.07279482 -0.30258995 -0.10531609 0.99012113 0.09256772
-0.20690313 -0.49062812 -0.84644854 -0.90222412 0.43029961 -0.02887839
-0.17715229 -0.37821278 -0.90861005 -0.91105759 0.41223496 0.00603494
-0.28415281 -0.59060538 -0.75527644 -0.87192577 0.48680174 -0.05262649
-0.17828350 -0.85814005 -0.48146728 -0.96088177 0.25722873 -0.10266316
-0.20455565 -0.91520107 -0.34722328 -0.95078689 0.27010629 -0.15181223
-0.95615041 -0.01341098 -0.29256892 -0.08566271 0.96807206 0.23558089
-0.29899999 -0.74377924 -0.59782237 -0.90706104 0.41610193 -0.06402695
-0.23423080 -0.60373652 -0.76199621 -0.93460453 0.35564607 0.00550741
-0.96311307 -0.03558706 -0.26673365 -0.07468073 0.98762840 0.13788733
-0.96699661 -0.02191504 -0.25384519 -0.07025928 0.98060143 0.18298776
-0.95594764 -0.09636584 -0.27726841 -0.13217932 0.98470867 0.11347927
-0.96974880 -0.02281604 -0.24303642 -0.07700348 0.97338003 0.21587443
-0.97589624 -0.00329114 -0.21821034 -0.03835747 0.98690748 0.15666015
-0.96916956 -0.02381106 -0.24524155 -0.06717393 0.98315048 0.17000818
-0.00643877 -0.96324283 -0.26855510 -0.96941185 0.07190681 -0.23467025
-0.94922286 -0.08136815 -0.30390006 -0.11549739 0.98865360 0.09604422
-0.00037648 -0.95368308 -0.30081305 -0.97471935 0.06756140 -0.21297349
-0.00161905 -0.95445788 -0.29834136 -0.97374308 0.06942058 -0.21680690
-0.00218970 -0.96194196 -0.27324530 -0.97326094 0.06481258 -0.22036898
-0.01790259 -0.99357498 -0.11175149 -0.99676770 0.02649071 -0.07584497
-0.01363266 -0.98574924 -0.16766806 -0.99451369 0.03076001 -0.09998210
-0.99818671 0.02433668 -0.05505611 0.02441315 0.99970174 -0.00071669
-0.00618176 -0.97322452 -0.22977357 -0.98874909 0.04029111 -0.14405526
-0.00199873 -0.95468473 -0.29761225 -0.98407966 0.05476871 -0.16907887
-0.96647000 -0.06180013 -0.24923185 -0.08424792 0.99319422 0.08042128
-0.17731062 -0.48943809 -0.85382158 -0.91589016 0.39954638 -0.03883265
-0.14774823 -0.41545013 -0.89753646 -0.92863923 0.37051576 -0.01863547
-0.16791680 -0.85998470 -0.48190266 -0.96933424 0.23301554 -0.07807025
-0.19842196 -0.90798122 -0.36905134 -0.94825417 0.27307105 -0.16200711
-0.18245508 -0.61686629 -0.76562804 -0.97801733 0.19382395 0.07690522
-0.24745664 -0.62720817 -0.73849517 -0.91999292 0.39120102 -0.02397597
-0.96200377 -0.03213935 -0.27113816 -0.07178747 0.98788232 0.13760480
-0.95974141 -0.02708907 -0.27957591 -0.06957781 0.98724616 0.14319235
-0.98016089 -0.02005375 -0.19718651 -0.05389806 0.98434567 0.16780533
-0.95713925 -0.08510786 -0.27684140 -0.12126008 0.98579818 0.11618061
-0.97047353 -0.01385267 -0.24080959 -0.06798121 0.97358692 0.21796134
-0.01883300 -0.98221356 -0.18682024 -0.98656720 0.04858150 -0.15596484
-0.01237023 -0.97641414 -0.21555145 -0.98007500 0.05457757 -0.19098249
0.00108964 -0.95877498 -0.28416446 -0.97688788 0.05971956 -0.20524061
-0.96752131 -0.07226592 -0.24223998 -0.10162997 0.98861140 0.11099021
-0.00152716 -0.95128673 -0.30830374 -0.98338884 0.05738740 -0.17220061
-0.01774031 -0.99495018 -0.09879023 -0.99951464 0.02017829 -0.02373402
-0.01999101 -0.98630434 -0.16371965 -0.99419945 0.03691917 -0.10101710
-0.00686042 -0.96745324 -0.25295702 -0.99059188 0.04115015 -0.13051616
-0.00095967 -0.95061636 -0.31036702 -0.98213357 0.05930176 -0.17859729
-0.00318637 -0.95488954 -0.29694423 -0.98676461 0.05114585 -0.15388224
-0.97824138 -0.02656882 -0.20576201 -0.04661905 0.99455380 0.09321721
-0.19702183 -0.52335292 -0.82902610 -0.90058464 0.43080300 -0.05793206
-0.11357661 -0.35514086 -0.92788756 -0.95145184 0.30779490 -0.00134485
-0.13701436 -0.42482629 -0.89484620 -0.93028039 0.36552918 -0.03109431
-0.10492383 -0.92476386 -0.36579075 -0.98440266 0.14881067 -0.09384442
-0.15587540 -0.82106328 -0.54914296 -0.97635269 0.21237552 -0.04039815
-0.09333611 -0.94892257 -0.30138743 -0.98358899 0.13482569 -0.11989477
-0.20243332 -0.66687262 -0.71714824 -0.94570649 0.32327408 -0.03366131
-0.97757936 -0.03078152 -0.20830534 -0.05565955 0.99184608 0.11464466
-0.06604665 -0.97054225 -0.23170152 -0.98630446 0.09867144 -0.13216439
-0.98352742 -0.02400212 -0.17915872 -0.04757943 0.99056894 0.12848896
-0.96166128 -0.07111558 -0.26485881 -0.10650765 0.98683041 0.12174515
-0.00599162 -0.96284229 -0.26999801 -0.97492605 0.06568730 -0.21261315
-0.00944799 -0.97120708 -0.23804943 -0.97783905 0.05876466 -0.20094162
-0.00760557 -0.97409314 -0.22601946 -0.98763043 0.04271739 -0.15086855
-0.01680501 -0.98121858 -0.19216593 -0.98752636 0.04638126 -0.15046768
-0.00486696 -0.95774847 -0.28756598 -0.96580464 0.07904817 -0.24692677
-0.00556438 -0.95336235 -0.30177695 -0.98267239 0.06112433 -0.17498249
-0.02394835 -0.99097496 -0.13189071 -0.99944514 0.02067761 0.02611297
-0.00642762 -0.96279997 -0.27013871 -0.99318063 0.03759431 -0.11035816
-0.02011131 -0.97996581 -0.19814789 -0.99768949 0.03253468 -0.05964251
-0.00043039 -0.94528729 -0.32623893 -0.98810428 0.05057257 -0.14523204
-0.00207916 -0.94774407 -0.31902483 -0.98884827 0.04945549 -0.14047547
-0.00644071 -0.95859158 -0.28471172 -0.99019635 0.04584233 -0.13194579
-0.99012804 0.00305276 -0.14013289 -0.00829726 0.99673307 0.08033905
-0.15266401 -0.50154531 -0.85155511 -0.95461291 0.29781875 -0.00426812
-0.08309707 -0.27281037 -0.95847243 -0.95891559 0.28368139 0.00239114
-0.11960454 -0.41445646 -0.90217549 -0.96927714 0.24546753 0.01573347
-0.14074479 -0.48133016 -0.86516607 -0.96302032 0.26934254 0.00681653
-0.09527864 -0.92848468 -0.35894051 -0.99334419 0.11212643 -0.02636426
-0.14871392 -0.82307565 -0.54811561 -0.97716671 0.20737338 -0.04627804
-0.15396842 -0.71752238 -0.67930508 -0.96445948 0.25855020 -0.05449573
-0.09113875 -0.94769180 -0.30589864 -0.98356450 0.13374241 -0.12130080
-0.16882068 -0.59399140 -0.78655815 -0.96004343 0.27980211 -0.00524424
-0.05210727 -0.98860854 -0.14120185 -0.99441451 0.06436109 -0.08365113
-0.07190719 -0.96627504 -0.24726893 -0.98614275 0.10603555 -0.12758888
-0.98567319 -0.01516308 -0.16798361 -0.03699866 0.99113137 0.12763146
-0.98297936 0.05226837 -0.17612411 0.03078943 0.99198461 0.12255026
-0.00922433 -0.97391814 -0.22671226 -0.98755735 0.04446701 -0.15084177
-0.98274761 0.05840875 -0.17548653 0.03668383 0.99153054 0.12458575
-0.01399787 -0.98042822 -0.19637871 -0.99650854 0.02984578 -0.07797509
-0.01042340 -0.96002716 -0.27971277 -0.98233485 0.06209864 -0.17652789
-0.00634880 -0.95462275 -0.29775012 -0.98739922 0.05306721 -0.14908595
0.00741960 -0.91571665 -0.40175626 -0.97312558 0.08585960 -0.21367002
-0.02401885 -0.99921304 -0.03156705 -0.99958205 0.02451182 -0.01532362
-0.00735515 -0.96621794 -0.25762150 -0.99240953 0.03867961 -0.11673564
-0.01704119 -0.97287029 -0.23072296 -0.99821174 0.02977772 -0.05183335
-0.01761788 -0.98056668 -0.19539365 -0.99980783 0.01559716 0.01187567
-0.00332853 -0.94832611 -0.31727988 -0.98824912 0.05160547 -0.14387740
-0.00405676 -0.94847244 -0.31683382 -0.99368209 0.03935954 -0.10510340
-0.99142438 0.03331005 -0.12636508 0.02386476 0.99685735 0.07553716
-0.99276197 -0.01341287 -0.11934721 -0.02451288 0.99545443 0.09203029
-0.09401729 -0.29522604 -0.95079041 -0.98365617 0.17485386 0.04297400
-0.16806096 -0.56703234 -0.80636835 -0.96016312 0.27941659 0.00363074
-0.10105029 -0.35043225 -0.93112093 -0.97544920 0.21897268 0.02344953
-0.11300281 -0.40207106 -0.90860838 -0.97348303 0.22786237 0.02023916
-0.13312483 -0.46733680 -0.87399888 -0.96328646 0.26845706 0.00317792
-0.09690914 -0.91110545 -0.40061882 -0.99429357 0.10665882 -0.00205008
-0.04996010 -0.97048271 -0.23593934 -0.99738556 0.06082944 -0.03901190
-0.14423619 -0.72056723 -0.67821741 -0.98239917 0.18648130 0.01080065
-0.13792029 -0.83449256 -0.53347933 -0.98287535 0.18177404 -0.03023668
-0.06152903 -0.96397394 -0.25878271 -0.99116993 0.08952368 -0.09781475
-0.15309329 -0.59279603 -0.79066765 -0.97553217 0.21841565 0.02513252
-0.04906667 -0.98970211 -0.13447025 -0.99419171 0.06130753 -0.08845460
-0.04886918 -0.98773861 -0.14827085 -0.99590540 0.05949099 -0.06806780
-0.99136335 -0.01684997 -0.13005744 -0.03301247 0.99184048 0.12313683
-0.99079937 -0.01572195 -0.13442279 -0.03069461 0.99345201 0.11004978
-0.98982626 0.05207871 -0.13240804 0.03477244 0.99092925 0.12980820
0.01503359 -0.88639194 -0.46269149 -0.97442764 0.09077027 -0.20555206
-0.01260505 -0.97224373 -0.23363081 -0.99634969 0.03194094 -0.07916478
-0.01323028 -0.98611546 -0.16553359 -0.99180305 0.03398315 -0.12317424
-0.01470121 -0.98045939 -0.19617170 -0.99652261 0.03045961 -0.07755613
-0.01444613 -0.98032176 -0.19687714 -0.99655557 0.03019648 -0.07723545
-0.00913558 -0.96677959 -0.25544834 -0.98808849 0.04797168 -0.14621855
-0.00535877 -0.96080631 -0.27716884 -0.99339503 0.03688470 -0.10865466
-0.99500740 0.05576770 0.08276630 0.05432627 0.99833149 -0.01956840
-0.02462169 -0.98811382 -0.15173973 -0.99954897 0.02694350 -0.01326391
-0.00690387 -0.96146268 -0.27484891 -0.99445909 0.03543373 -0.09897287
-0.01770126 -0.96731091 -0.25297487 -0.99766093 0.03379586 -0.05941793
-0.02127215 -0.97717077 -0.21138772 -0.99848241 0.03150726 -0.04516870
-0.00280626 -0.94809687 -0.31796938 -0.99088013 0.04547271 -0.12684198
-0.00162029 -0.94201565 -0.33556518 -0.98773003 0.05391055 -0.14657111
-0.00508064 -0.95402879 -0.29967192 -0.99320871 0.03964761 -0.10938235
-0.03343428 -0.99545234 -0.08920082 -0.99804366 0.03797202 -0.04966841
-0.99024832 0.04919815 -0.13033716 0.03603933 0.99418646 0.10146192
-0.99469447 -0.01889114 -0.10112438 -0.02823366 0.99538010 0.09176818
-0.17672750 -0.58563393 -0.79107541 -0.95120966 0.30814958 -0.01562172
-0.11162337 -0.41849700 -0.90133268 -0.98414874 0.17233340 0.04186355
-0.13548964 -0.49686605 -0.85718536 -0.97707856 0.21038508 0.03249101
-0.09723093 -0.91298866 -0.39622971 -0.99103343 0.12547360 -0.04592503
-0.13441670 -0.87295020 -0.46892443 -0.98798037 0.15451548 -0.00444262
-0.04297087 -0.97642446 -0.21153922 -0.99907345 0.04251014 0.00672744
-0.05113123 -0.97150123 -0.23145398 -0.99704444 0.06296358 -0.04402209
-0.13733178 -0.69511461 -0.70565975 -0.98645532 0.16049242 0.03388469
-0.13084252 -0.82344484 -0.55210412 -0.98742473 0.15808024 -0.00176268
-0.13071670 -0.49640727 -0.85819173 -0.97947592 0.19862147 0.03430086
-0.04745516 -0.99155271 -0.12071165 -0.99480754 0.05780821 -0.08376279
-0.04163426 -0.99114645 -0.12607697 -0.99863154 0.04527792 -0.02617261
-0.99135721 0.04940910 -0.12153061 0.03681006 0.99391538 0.10381380
-0.01443945 -0.99035794 -0.13777751 -0.99343520 0.02984772 -0.11043354
-0.00799149 -0.96563023 -0.25979686 -0.98894721 0.04609805 -0.14091979
-0.01388950 -0.97454298 -0.22376993 -0.99618495 0.03276943 -0.08088089
-0.01046652 -0.96964508 -0.24429260 -0.99709886 0.02854089 -0.07056445
-0.01627151 -0.98772526 -0.15535127 -0.99721742 0.02733623 -0.06935539
-0.01452736 -0.98033863 -0.19678710 -0.99656719 0.03023811 -0.07706855
-0.01675542 -0.98723644 -0.15837775 -0.99701244 0.02844211 -0.07181392
-0.00987455 -0.96640766 -0.25682455 -0.99068946 0.04433075 -0.12872195
-0.99567449 0.05120320 0.07752766 0.05413512 0.99787730 0.03619934
-0.02723096 -0.98934150 -0.14304522 -0.99878645 0.02105335 0.04452410
-0.02329784 -0.98624200 -0.16365792 -0.99951291 0.02637897 -0.01667840
-0.01607395 -0.96076971 -0.27688122 -0.99653548 0.03799335 -0.07398332
-0.01947078 -0.97135442 -0.23683652 -0.99916130 0.02743886 -0.03039399
-0.00326523 -0.94928354 -0.31440431 -0.99271202 0.04095270 -0.11333910
-0.00437360 -0.94774514 -0.31899861 -0.99535668 0.03480018 -0.08974463
-0.03756222 -0.99647415 -0.07502226 -0.99685824 0.04260385 -0.06677249
-0.03319868 -0.99704307 -0.06930371 -0.99840510 0.03625239 -0.04328000
-0.03025213 -0.99572468 -0.08727658 -0.99660766 0.03673421 -0.07364697
-0.99133241 0.04506976 -0.12340539 0.02891129 0.99112803 0.12972850
-0.03865919 -0.99606752 -0.07971842 -0.99788707 0.04265240 -0.04901210
-0.10765656 -0.41360128 -0.90407079 -0.98575461 0.16260169 0.04299516
-0.13658683 -0.56024563 -0.81698775 -0.96832222 0.24953336 -0.00922889
-0.06517328 -0.94269937 -0.32721609 -0.99778605 0.05720995 0.03391400
-0.09760998 -0.87161833 -0.48036849 -0.99522465 0.08532539 0.04740669
-0.04046364 -0.98889607 -0.14299373 -0.99913037 0.04148586 -0.00417330
-0.04167007 -0.97546118 -0.21619226 -0.99912059 0.03967562 0.01355919
-0.12891531 -0.69514692 -0.70721406 -0.98557872 0.16864714 0.01388779
-0.12657915 -0.78648525 -0.60449880 -0.99000686 0.13835183 0.02729957
-0.03839092 -0.99466544 -0.09574389 -0.99893582 0.04065265 -0.02178437
-0.99131435 0.04555899 -0.12337028 0.02940203 0.99111068 0.12975037
-0.00753601 -0.96333849 -0.26818308 -0.99737078 0.02657150 -0.06742095
-0.01060687 -0.96961010 -0.24442543 -0.99755758 0.02713740 -0.06436211
-0.02098833 -0.99296814 -0.11650646 -0.99815309 0.02745626 -0.05419121
-0.01440830 -0.97872931 -0.20464949 -0.99928015 0.02127828 -0.03140857
-0.01846229 -0.98984790 -0.14092667 -0.99936569 0.02256263 -0.02755334
-0.02176049 -0.99468881 -0.10060154 -0.99574095 0.01254570 0.09133804
-0.02310995 -0.99510318 -0.09610238 -0.99874860 0.01871558 0.04637866
-0.02358061 -0.97250891 -0.23166883 -0.99968898 0.02482043 -0.00243801
-0.01731088 -0.95509595 -0.29579046 -0.99720275 0.03800622 -0.06436016
-0.02179806 -0.96945888 -0.24428342 -0.99943674 0.02736665 -0.01942440
-0.01217479 -0.94544286 -0.32556054 -0.99672478 0.03750604 -0.07164536
-0.03506242 -0.99600667 -0.08210538 -0.99934059 0.03571807 -0.00652980
-0.04132664 -0.99324113 -0.10846281 -0.99434620 0.05151249 -0.09285518
-0.03423243 -0.99598098 -0.08276580 -0.99899876 0.03648744 -0.02588784
-0.02575943 -0.99060577 -0.13430063 -0.99961185 0.02695091 -0.00706101
-0.99134851 0.04470906 -0.12340665 0.02856062 0.99114829 0.12965083
-0.11449178 -0.50369269 -0.85626239 -0.99156272 0.11068317 0.06747402
-0.10371105 -0.38666767 -0.91636902 -0.98751390 0.14987276 0.04852319
-0.11920684 -0.57189667 -0.81161809 -0.99218965 0.09886125 0.07606704
-0.06773183 -0.93136543 -0.35773006 -0.99696481 0.04938620 0.06018406
-0.07776620 -0.90593529 -0.41621345 -0.99624938 0.05472587 0.06702434
-0.10618610 -0.79836279 -0.59274065 -0.99434459 0.08416456 0.06476986
-0.03384769 -0.99459553 -0.09815326 -0.99883610 0.03028752 0.03753794
-0.03937735 -0.97721797 -0.20855330 -0.99894929 0.03360153 0.03116686
-0.12326632 -0.71979940 -0.68315023 -0.98834598 0.15100507 0.01922917
-0.12175361 -0.78476954 -0.60771114 -0.99212116 0.07800872 0.09803253
-0.03542815 -0.99618274 -0.07978038 -0.99841952 0.03876641 -0.04069015
-0.03521445 -0.99532175 -0.08996978 -0.99925274 0.03363153 0.01905012
-0.01236454 -0.95564002 -0.29427776 -0.99565595 0.03892772 -0.08458015
-0.01283511 -0.96773899 -0.25162780 -0.99890804 0.02371500 -0.04025327
-0.01517910 -0.97828829 -0.20669203 -0.99889392 0.02403707 -0.04041218
-0.01705613 -0.98404568 -0.17709656 -0.99836463 0.02642736 -0.05069261
-0.02062793 -0.98855108 -0.14947006 -0.99973422 0.02193504 -0.00710147
-0.02961043 -0.97930783 -0.20019841 -0.99823308 0.01864920 0.05641809
-0.99135274 0.03288006 0.12703811 0.04459049 0.99490088 0.09046505
-0.02948760 -0.97930467 -0.20023201 -0.99825972 0.01861764 0.05595483
-0.02953257 -0.97524661 -0.21913898 -0.99925232 0.02333206 0.03082966
-0.02198388 -0.97054124 -0.23992996 -0.99962229 0.02529831 -0.01074263
-0.02629349 -0.97368258 -0.22638661 -0.99944937 0.02101978 0.02567472
-0.01878313 -0.95709121 -0.28917748 -0.99932259 0.02712649 -0.02487096
-0.01289852 -0.94750375 -0.31948447 -0.99617136 0.03980560 -0.07783423
-0.02214923 -0.99022353 -0.13772011 -0.99961662 0.02422469 -0.01341214
-0.11295795 -0.49982068 -0.85873157 -0.99289382 0.08935586 0.07859657
-0.12264282 -0.61925429 -0.77555323 -0.99068934 0.12292841 0.05850919
-0.12043097 -0.59175146 -0.79707378 -0.99109656 0.11759418 0.06244365
-0.05114054 -0.94441789 -0.32474545 -0.99686891 0.02863687 0.07370466
-0.08474524 -0.85988921 -0.50339741 -0.99286103 0.03031570 0.11536039
-0.09384087 -0.81483418 -0.57204819 -0.99480551 0.05397860 0.08630358
-0.10980908 -0.81437647 -0.56985348 -0.99386442 0.08232092 0.07387007
-0.03344100 -0.99459094 -0.09833927 -0.99932456 0.03177483 0.01846108
-0.03455376 -0.98543727 -0.16649157 -0.99770916 0.02431857 0.06312740
-0.03935654 -0.96909446 -0.24353011 -0.99712008 0.02227736 0.07249343
-0.11945692 -0.75389427 -0.64604449 -0.98845094 0.15141946 0.00607240
-0.03206449 -0.99622029 -0.08072807 -0.99938405 0.03080386 0.01681322
-0.01373488 -0.95365524 -0.30058780 -0.99885952 0.02683329 -0.03949093
-0.01464871 -0.96932185 -0.24535799 -0.99971503 0.01882453 -0.01468257
-0.01589835 -0.97726309 -0.21143350 -0.99945229 0.02167036 -0.02501024
-0.01790123 -0.98532742 -0.16973332 -0.99948764 0.02214062 -0.02311690
-0.01836426 -0.98513818 -0.17077909 -0.99953634 0.02223862 -0.02080099
-0.02833673 -0.97471428 -0.22165093 -0.99728411 0.01248695 0.07258513
-0.03302127 -0.97642809 -0.21330222 -0.99547827 0.01311350 0.09408045
-0.98370641 0.02861436 0.17749080 0.03528512 0.99878025 0.03454114
-0.02304498 -0.96010989 -0.27867192 -0.99962491 0.02625593 -0.00779498
-0.02564517 -0.96099085 -0.27538869 -0.99957246 0.02078017 0.02056964
-0.01966627 -0.95673639 -0.29029083 -0.99933422 0.02773488 -0.02370656
-0.01432438 -0.94278240 -0.33310083 -0.99895942 0.02792006 -0.03606434
-0.02040745 -0.98974222 -0.14139991 -0.99977565 0.02100490 -0.00273385
-0.10924569 -0.48482576 -0.86776114 -0.99367356 0.07613865 0.08255794
-0.10769132 -0.67497849 -0.72993606 -0.99418324 0.07199278 0.08010472
-0.05042624 -0.93753266 -0.34422326 -0.99320322 0.01087265 0.11588421
-0.07901894 -0.84947973 -0.52167046 -0.99625474 0.04886407 0.07133614
-0.10139875 -0.70118040 -0.70573682 -0.99390996 0.04063571 0.10242950
-0.10975346 -0.73045129 -0.67408842 -0.99393773 0.08507510 0.06964206
-0.03018926 -0.99114472 -0.12930925 -0.99788618 0.02243745 0.06099085
-0.03011991 -0.99640316 -0.07920606 -0.99862164 0.02658970 0.04525329
-0.03595405 -0.97914910 -0.19993587 -0.99558431 0.01773471 0.09218137
-0.02994758 -0.99668670 -0.07562315 -0.99874562 0.02680019 0.04229688
-0.01478440 -0.96024638 -0.27876201 -0.99867988 0.02789722 -0.04313112
-0.01480765 -0.95423663 -0.29868591 -0.99895012 0.02706972 -0.03695792
-0.01687309 -0.97712487 -0.21199590 -0.99935502 0.02320311 -0.02740678
-0.01866136 -0.98545581 -0.16890427 -0.99977607 0.01670557 0.01299307
-0.02858432 -0.95803887 -0.28520951 -0.99905950 0.01807456 0.03941420
-0.02904150 -0.97468084 -0.22170666 -0.99673826 0.01152988 0.07987501
-0.03649378 -0.97672760 -0.21135618 -0.99328679 0.01222077 0.11503057
-0.98477495 0.02006139 0.17267284 0.03625473 0.99517757 0.09114406
-0.02683344 -0.95932972 -0.28100964 -0.99951386 0.02128389 0.02278258
-0.01753324 -0.94609684 -0.32340902 -0.99937457 0.02651757 -0.02339429
-0.01423737 -0.94374609 -0.33036444 -0.99865371 0.02990348 -0.04238680
-0.01527116 -0.94116729 -0.33759597 -0.99767452 0.03677272 -0.05738706
-0.02337950 -0.98253578 -0.18459924 -0.99898124 0.01583088 0.04226064
-0.11094025 -0.52286983 -0.84516233 -0.99306655 0.09158552 0.07369444
-0.10223711 -0.62737465 -0.77197707 -0.99394852 0.03308583 0.10474560
-0.10303584 -0.67457455 -0.73098075 -0.99467152 0.06727917 0.07811696
-0.04915864 -0.93301904 -0.35645327 -0.99383104 0.01017065 0.11043796
-0.06819008 -0.88961762 -0.45158678 -0.99362695 0.01983720 0.11095982
-0.08078784 -0.83473450 -0.54469419 -0.99260789 0.01772043 0.12006516
-0.09778947 -0.68480188 -0.72213823 -0.99278402 0.01652088 0.11877271
-0.02842541 -0.99352270 -0.11002157 -0.99643689 0.01941989 0.08207506
-0.02823455 -0.99649131 -0.07879086 -0.99834555 0.02416158 0.05217654
-0.03430247 -0.97866666 -0.20257077 -0.99689019 0.01911716 0.07644970
-0.02801104 -0.99676287 -0.07536037 -0.99876904 0.02482049 0.04294591
-0.01649589 -0.95920670 -0.28222415 -0.99965662 0.02157001 -0.01488135
-0.02050058 -0.94894093 -0.31478691 -0.99970788 0.02348877 -0.00570184
-0.01724746 -0.97516167 -0.22082201 -0.99984783 0.01740256 0.00124321
-0.01887405 -0.97424948 -0.22468144 -0.99982119 0.01812657 0.00538930
-0.02953337 -0.95194155 -0.30485269 -0.99885571 0.01662864 0.04484160
-0.03097768 -0.95664126 -0.28961685 -0.99694836 0.00880019 0.07756636
-0.04156527 -0.96243566 -0.26830941 -0.99115986 0.00585491 0.13254419
-0.03552853 -0.98291427 -0.18060265 -0.99035019 0.01040481 0.13819648
-0.98178577 0.01434453 0.18944907 0.04429583 0.98694819 0.15482633
-0.02728338 -0.94830978 -0.31617132 -0.99958700 0.02302626 0.01719348
-0.02074621 -0.94508046 -0.32617873 -0.99966192 0.02472311 -0.00805124
-0.02347896 -0.98948121 -0.14274406 -0.99968898 0.02203673 0.01167639
-0.02315591 -0.98252994 -0.18465842 -0.99897718 0.01556481 0.04245321
-0.10181179 -0.38572949 -0.91697717 -0.99297971 0.09519795 0.07020500
-0.10536685 -0.47629881 -0.87294745 -0.99443179 0.05206775 0.09162103
-0.10376049 -0.55826873 -0.82314634 -0.99261993 0.00589667 0.12112403
-0.10304248 -0.59558100 -0.79665905 -0.99379873 0.02799461 0.10761245
-0.03798946 -0.96027321 -0.27646372 -0.99337184 0.00625507 0.11477486
-0.04897280 -0.92496580 -0.37688202 -0.98774350 -0.01113924 0.15568794
-0.07561195 -0.85373247 -0.51519299 -0.99163812 0.01019270 0.12864667
-0.09166372 -0.74525291 -0.66045129 -0.99138844 0.00600680 0.13081627
-0.09502497 -0.69072270 -0.71684891 -0.99226868 0.00797320 0.12385181
-0.02739725 -0.99542463 -0.09153818 -0.99661750 0.02010246 0.07968365
-0.02762932 -0.99306154 -0.11430420 -0.99599808 0.01762580 0.08761925
-0.02668411 -0.99632794 -0.08135519 -0.99756825 0.02129851 0.06636228
-0.03054734 -0.98688066 -0.15853529 -0.99439341 0.01394118 0.10482083
-0.03472314 -0.96752435 -0.25038162 -0.99358797 0.00644727 0.11287815
-0.02544167 -0.99152082 -0.12743336 -0.99964517 0.02422696 0.01107334
-0.01972958 -0.95869797 -0.28374097 -0.99953836 0.02547183 -0.01656198
-0.02219643 -0.97560447 -0.21841095 -0.99923515 0.01461402 0.03627088
-0.02980707 -0.95070553 -0.30865923 -0.99860603 0.01486605 0.05064578
-0.03330087 -0.95237827 -0.30309519 -0.99594831 0.00627436 0.08970901
-0.03247017 -0.94940197 -0.31238055 -0.99854571 0.01735651 0.05104236
-0.04121508 -0.95965624 -0.27813900 -0.99128294 0.00440927 0.13167669
-0.03672491 -0.98031968 -0.19397077 -0.98268306 0.00015017 0.18529455
-0.98254222 0.01366581 0.18553744 0.04565557 0.98451316 0.16926157
-0.97117156 0.00334621 0.23835820 0.03273625 0.99230033 0.11945076
-0.02706074 -0.95176786 -0.30562341 -0.99950486 0.02085094 0.02356522
-0.02519810 -0.94715852 -0.31977484 -0.99967980 0.02313239 0.01025717
-0.02283599 -0.98595685 -0.16543172 -0.99893773 0.01587847 0.04325807
-0.02230681 -0.97993469 -0.19806674 -0.99937892 0.01645029 0.03116499
-0.10156417 -0.56944543 -0.81573075 -0.99290234 0.00701638 0.11872530
-0.03820441 -0.94709295 -0.31867769 -0.98729986 -0.01343792 0.15829837
-0.04340496 -0.93949205 -0.33980978 -0.98685735 -0.01267431 0.16109577
-0.06162460 -0.87902766 -0.47277138 -0.98596114 -0.02003475 0.16576841
-0.07492992 -0.84733850 -0.52574050 -0.99578947 0.03565946 0.08445002
-0.09329885 -0.71906435 -0.68865222 -0.98506439 -0.03386986 0.16882250
-0.09707539 -0.65031040 -0.75344068 -0.99371725 0.02096317 0.10993953
-0.99552494 0.02897981 0.08994629 0.03613110 0.99622560 0.07892457
-0.03077227 -0.98880255 -0.14602256 -0.99438995 0.01549401 0.10463533
-0.02720416 -0.99288887 -0.11589514 -0.99522865 0.01603417 0.09624394
-0.02921644 -0.98890507 -0.14564750 -0.99445879 0.01403584 0.10418601
-0.02997275 -0.97972947 -0.19807027 -0.99225956 0.00527316 0.12406950
-0.02437291 -0.99377334 -0.10872233 -0.99890649 0.01986868 0.04232152
-0.02519023 -0.95298028 -0.30198348 -0.99960560 0.02025960 0.01944906
-0.02294638 -0.96992105 -0.24233571 -0.99963653 0.01882851 0.01929505
-0.02884262 -0.94850314 -0.31545204 -0.99901938 0.01674783 0.04098554
-0.03089477 -0.95032597 -0.30971944 -0.99828845 0.01394374 0.05679591
-0.03692519 -0.95095807 -0.30710796 -0.99367297 0.00232067 0.11228855
-0.03948047 -0.95090860 -0.30694336 -0.99360478 0.00483921 0.11281018
-0.04226208 -0.95922786 -0.27945644 -0.98453885 -0.00760667 0.17500110
-0.04784290 -0.97171456 -0.23126164 -0.97571880 -0.00407793 0.21898918
-0.96540713 -0.00152130 0.26074272 0.05029757 0.98011565 0.19194661
-0.96436608 0.00253659 0.26455951 0.01417843 0.99901265 0.04210437
-0.02734854 -0.94656438 -0.32135329 -0.99950927 0.02098178 0.02325950
-0.02375994 -0.98465383 -0.17289403 -0.99871856 0.01564851 0.04812848
-0.02448484 -0.97631687 -0.21495570 -0.99742788 0.00936847 0.07106243
-0.09973403 -0.58582228 -0.80427945 -0.99073887 -0.01638339 0.13478915
-0.03535456 -0.95277143 -0.30162337 -0.98527253 -0.01729345 0.17011476
-0.04232810 -0.92843491 -0.36907578 -0.98060220 -0.03215615 0.19335304
-0.05329050 -0.89596432 -0.44091734 -0.98611075 -0.02233987 0.16457975
-0.05919864 -0.88337022 -0.46492216 -0.98668838 -0.01888742 0.16152211
-0.07225230 -0.84809726 -0.52489114 -0.98712665 -0.01448445 0.15928330
-0.09225587 -0.71582001 -0.69216377 -0.98920405 -0.01360055 0.14591260
-0.02299860 -0.99618316 -0.08420388 -0.99688923 0.01650050 0.07706939
-0.99239725 0.01287328 0.12240138 0.02544852 0.99448580 0.10173699
-0.02621275 -0.98146427 -0.18984424 -0.98996347 -0.00089591 0.14132097
-0.02205614 -0.99159133 -0.12751549 -0.99768245 0.01361867 0.06666534
-0.02704481 -0.94892162 -0.31435075 -0.99963337 0.02525997 0.00975077
-0.02465537 -0.95587504 -0.29273728 -0.99968553 0.02223000 0.01160944
-0.02365787 -0.97041905 -0.24026477 -0.99941474 0.01701780 0.02967407
-0.02417402 -0.95994908 -0.27912968 -0.99970162 0.02223122 0.01012420
-0.03081762 -0.94570804 -0.32355309 -0.99777925 0.00998356 0.06585521
-0.03485073 -0.95025271 -0.30952433 -0.99400002 0.00082787 0.10937733
-0.04398949 -0.94939971 -0.31097457 -0.98642302 -0.00802225 0.16402809
-0.04302895 -0.95642376 -0.28879425 -0.98337877 -0.01049102 0.18126269
-0.97369319 -0.00783305 0.22772844 0.03884248 0.97907579 0.19975463
-0.96504194 -0.00127120 0.26209262 0.04919937 0.98133332 0.18591493
-0.95892566 -0.00590079 0.28359610 0.03695872 0.98866183 0.14553991
-0.02375612 -0.98241925 -0.18517062 -0.99738783 0.01065218 0.07144306
-0.02484014 -0.97688764 -0.21230535 -0.99755806 0.01035472 0.06907073
-0.02491548 -0.97588015 -0.21688069 -0.99770069 0.01059543 0.06694149
-0.09928456 -0.56491745 -0.81915253 -0.98769164 -0.04404197 0.15008514
-0.09700639 -0.61123204 -0.78548408 -0.98897827 -0.02949877 0.14509246
-0.03455221 -0.95632130 -0.29026848 -0.98456377 -0.01729251 0.17416996
-0.03669746 -0.92129332 -0.38713300 -0.97704136 -0.04827794 0.20750766
-0.05974676 -0.85946667 -0.50768834 -0.98076880 -0.04412502 0.19012007
-0.06783190 -0.84825903 -0.52521950 -0.98744828 -0.01818166 0.15689297
-0.07664265 -0.80739325 -0.58501464 -0.98669225 -0.02297048 0.16096847
-0.08858235 -0.70754015 -0.70109928 -0.98909348 -0.02067169 0.14583139
-0.99504548 0.01501769 0.09827973 0.02357702 0.99597126 0.08651853
-0.99284881 0.00939806 0.11900787 0.02211622 0.99411976 0.10600362
-0.98862565 0.00291591 0.15036878 0.02407529 0.98998713 0.13908963
-0.02743621 -0.97124237 -0.23650688 -0.98588187 -0.01280474 0.16695230
-0.02106333 -0.99205536 -0.12402649 -0.99598718 0.01002843 0.08893305
-0.02526440 -0.95355612 -0.30015421 -0.99920833 0.01485719 0.03690514
-0.02626378 -0.96727329 -0.25237411 -0.99817759 0.01165456 0.05920882
-0.02412464 -0.96411419 -0.26438966 -0.99898744 0.01320251 0.04301032
-0.03093263 -0.94690418 -0.32002458 -0.99808985 0.01213138 0.06057751
-0.03200097 -0.94713742 -0.31922832 -0.99902588 0.02060081 0.03902537
-0.03551277 -0.95063329 -0.30827805 -0.99417275 0.00218887 0.10777611
-0.03870117 -0.95326638 -0.29964212 -0.98820907 -0.00794311 0.15290487
-0.04420761 -0.95446169 -0.29504001 -0.98384774 -0.00968444 0.17874524
-0.04476722 -0.96032518 -0.27526629 -0.97490460 -0.01815298 0.22188163
-0.96236402 -0.00380856 0.27173719 0.05291966 0.97813505 0.20112544
-0.94392765 -0.01068505 0.32997951 0.01963100 0.99589127 0.08840365
-0.02348715 -0.98133528 -0.19086492 -0.99784982 0.01132652 0.06455635
-0.02250908 -0.98567265 -0.16716103 -0.99747133 0.01086742 0.07023433
-0.02440819 -0.97671533 -0.21314667 -0.99747574 0.00957246 0.07036008
-0.09595837 -0.60178846 -0.79286981 -0.98671937 -0.04737090 0.15537387
-0.10161830 -0.58192021 -0.80687213 -0.98657811 -0.04525999 0.15689239
-0.03288138 -0.95963240 -0.27932888 -0.98449379 -0.01708495 0.17458554
-0.02195006 -0.94390535 -0.32948583 -0.97128826 -0.05795626 0.23073849
-0.04752336 -0.88606846 -0.46111202 -0.97427362 -0.06069475 0.21704154
-0.07646506 -0.80007684 -0.59500438 -0.98001128 -0.04961371 0.19265640
-0.08334690 -0.78060412 -0.61944371 -0.97345060 -0.06920235 0.21818565
-0.08751325 -0.70110542 -0.70766705 -0.98305911 -0.05406533 0.17513347
-0.99389511 0.00785286 0.11004934 0.01836337 0.99532485 0.09482213
-0.02122593 -0.99394852 -0.10777698 -0.99639922 0.01218003 0.08390642
-0.99288255 0.00624315 0.11893400 0.01909788 0.99404842 0.10725240
-0.99187541 0.00790945 0.12696722 0.02216208 0.99354661 0.11123823
-0.98854405 0.00313325 0.15090008 0.02446949 0.98988509 0.13974547
-0.98738909 -0.00270164 0.15828969 0.01958753 0.99008697 0.13908282
-0.02120704 -0.97975808 -0.19905889 -0.98314232 -0.01573025 0.18216409
-0.02657839 -0.95597595 -0.29223901 -0.99824142 0.00988541 0.05845025
-0.02851751 -0.96026719 -0.27762163 -0.99634552 0.00493615 0.08527171
-0.02838111 -0.95368207 -0.29947472 -0.99691111 0.00505610 0.07837567
-0.02893407 -0.95184553 -0.30520988 -0.99877274 0.01525103 0.04712150
-0.03052960 -0.94883680 -0.31428772 -0.99794078 0.01118905 0.06315918
-0.03620847 -0.95059121 -0.30832663 -0.99439079 0.00359023 0.10570777
-0.03551659 -0.95122451 -0.30644837 -0.99415863 0.00235727 0.10790342
-0.04104277 -0.95266652 -0.30123419 -0.98689532 -0.00843566 0.16114135
-0.04773499 -0.95779687 -0.28345469 -0.97223479 -0.02053164 0.23310518
-0.96061265 -0.00848785 0.27776146 0.06610827 0.96385837 0.25808308
-0.95100677 -0.01445575 0.30883196 0.05893542 0.97211313 0.22698621
-0.93185723 -0.01625444 0.36246097 0.04240646 0.98726976 0.15329729
-0.02520891 -0.97849411 -0.20472862 -0.99480683 0.00435318 0.10168799
-0.02137973 -0.98859829 -0.14905190 -0.99403232 0.00506800 0.10896824
-0.02529693 -0.97441643 -0.22332209 -0.99658352 0.00701206 0.08229298
-0.02773035 -0.96433288 -0.26323599 -0.99731565 0.00883726 0.07268707
-0.09855531 -0.55470163 -0.82619190 -0.98637569 -0.05543976 0.15488544
-0.08754428 -0.66746223 -0.73947972 -0.98085904 -0.07185424 0.18097670
-0.02296752 -0.97456467 -0.22292647 -0.98097366 -0.02102890 0.19299889
-0.01210934 -0.95992190 -0.28000596 -0.97052282 -0.05612567 0.23438303
-0.03669578 -0.91719562 -0.39674386 -0.96229339 -0.07464560 0.26157108
-0.04488807 -0.87858325 -0.47547513 -0.97288334 -0.06965661 0.22055829
-0.05849359 -0.85203177 -0.52021188 -0.98569238 -0.03322310 0.16524772
-0.07733802 -0.76796925 -0.63580030 -0.98204464 -0.05138116 0.18151696
-0.09551995 -0.65361160 -0.75077820 -0.98006111 -0.07026120 0.18585907
-0.02311442 -0.99158198 -0.12740053 -0.99427122 0.00949843 0.10646369
-0.99117947 0.00404975 0.13246465 0.01881484 0.99370873 0.11040392
-0.98917007 0.00259252 0.14675094 0.01913334 0.99358982 0.11141478
-0.02967392 -0.97005844 -0.24105208 -0.97991675 -0.01934201 0.19846684
-0.98575389 -0.00598185 0.16808805 0.01568329 0.99174434 0.12726857
-0.01988823 -0.98187375 -0.18849005 -0.98353988 -0.01465112 0.18009660
-0.02805789 -0.95190573 -0.30510378 -0.99880016 0.01444171 0.04679418
-0.02697215 -0.96605009 -0.25694317 -0.99749553 0.00919768 0.07012907
-0.02719730 -0.96390307 -0.26486063 -0.99760133 0.00930019 0.06859295
-0.02956693 -0.95184857 -0.30513960 -0.99700838 0.00627289 0.07703896
-0.02965360 -0.96413839 -0.26373821 -0.99291790 -0.00195512 0.11878674
-0.03338457 -0.96167976 -0.27213520 -0.98581243 -0.01313043 0.16733666
-0.04743059 -0.95415413 -0.29553396 -0.96896094 -0.02791421 0.24563286
-0.04708697 -0.95786160 -0.28334442 -0.97242814 -0.02090290 0.23226430
-0.04745381 -0.95961416 -0.27728841 -0.96832806 -0.02393064 0.24853200
-0.95320886 -0.01631255 0.30187228 0.06361435 0.96536249 0.25303841
-0.95102155 -0.01472206 0.30877396 0.05866493 0.97211754 0.22703725
-0.95102620 -0.01466426 0.30876225 0.05873123 0.97210628 0.22706842
-0.93343920 -0.01836739 0.35826516 0.06233311 0.97519249 0.21240108
-0.03198817 -0.96695995 -0.25291356 -0.99114591 -0.00193670 0.13276336
-0.02225786 -0.98761559 -0.15530626 -0.99365121 0.00471767 0.11240564
-0.02328121 -0.98312300 -0.18145834 -0.99465203 0.00450910 0.10318454
-0.02613980 -0.97340626 -0.22758958 -0.99260342 -0.00172651 0.12138978
-0.02810332 -0.96372741 -0.26540470 -0.99745232 0.00962059 0.07068486
-0.10230055 -0.53005242 -0.84177142 -0.98275226 -0.07719656 0.16804366
-0.09000790 -0.64696461 -0.75718915 -0.97851604 -0.08414887 0.18821651
-0.01622467 -0.97377324 -0.22694151 -0.97791576 -0.03184570 0.20655915
-0.02182186 -0.95351070 -0.30056825 -0.96938831 -0.05336235 0.23966415
-0.02213381 -0.93641162 -0.35020486 -0.95526141 -0.08352897 0.28372273
-0.04038189 -0.88693368 -0.46012819 -0.96512294 -0.08458966 0.24775466
-0.07100786 -0.79601055 -0.60110331 -0.97372103 -0.07541625 0.21489480
-0.07020073 -0.80226678 -0.59282374 -0.97718549 -0.06411295 0.20247979
-0.07008623 -0.76625931 -0.63869762 -0.97517532 -0.08219129 0.20561561
-0.02244917 -0.99178660 -0.12591843 -0.99263096 0.00711002 0.12096812
-0.02204051 -0.99304640 -0.11564190 -0.99426794 0.00966793 0.10647925
-0.98648655 -0.00619561 0.16372493 0.01688142 0.99012285 0.13918294
-0.98168975 -0.01340762 0.19001456 0.01347050 0.99013627 0.13945892
-0.03443580 -0.95728469 -0.28708923 -0.98966998 -0.00733781 0.14317654
-0.03102621 -0.96582085 -0.25734714 -0.98627967 -0.01218371 0.16463290
-0.04618640 -0.95242977 -0.30123812 -0.97944307 -0.01610110 0.20107719
-0.04519993 -0.95511824 -0.29275611 -0.97737896 -0.01832882 0.21069981
-0.04728682 -0.95561796 -0.29078928 -0.97281289 -0.02201553 0.23054379
-0.04977878 -0.95591754 -0.28938523 -0.96723473 -0.02608351 0.25254038
-0.94878715 -0.02006663 0.31527808 0.06643336 0.96299207 0.26121423
-0.92620456 -0.02352791 0.37628654 0.03841744 0.98696643 0.15627363
-0.02818120 -0.97142303 -0.23567602 -0.99164480 -0.00252239 0.12897389
-0.02424780 -0.98522311 -0.16955101 -0.98951876 -0.00049751 0.14440380
-0.02687569 -0.97799492 -0.20689052 -0.98869962 -0.00452859 0.14984214
-0.02614758 -0.97404778 -0.22482705 -0.99126613 -0.00381692 0.13182162
-0.09454621 -0.52713799 -0.84450376 -0.98361707 -0.08132564 0.16088396
-0.09871362 -0.54805028 -0.83060014 -0.98081869 -0.08739519 0.17423201
-0.09301388 -0.62765276 -0.77291685 -0.97769469 -0.08924365 0.19012809
-0.07763955 -0.69612032 -0.71371466 -0.96690673 -0.12193096 0.22410752
-0.97323883 -0.02662007 0.22824898 0.01856949 0.98090881 0.19357984
-0.96529406 -0.03422996 0.25891247 0.01892878 0.97959661 0.20008068
-0.02212348 -0.93003333 -0.36680877 -0.96729302 -0.07282375 0.24298330
-0.05895099 -0.79313308 -0.60618877 -0.95530963 -0.13138454 0.26480508
-0.04770559 -0.83202195 -0.55268770 -0.97896403 -0.07094514 0.19130148
-0.07736664 -0.72507310 -0.68431246 -0.96226990 -0.12528390 0.24153817
-0.98722136 -0.00607704 0.15923937 0.01465485 0.99157590 0.12869576
-0.98222691 -0.01076815 0.18738833 0.01557941 0.99023080 0.13856503
-0.98688358 -0.00682863 0.16128944 0.01454348 0.99128151 0.13095601
-0.97863215 -0.01779651 0.20484744 0.01112676 0.99020422 0.13918257
-0.03078335 -0.96632665 -0.25547042 -0.99246991 -0.00076587 0.12248630
-0.03673943 -0.96138537 -0.27274233 -0.98147392 -0.01664260 0.19087158
-0.03309632 -0.96654797 -0.25434169 -0.97823495 -0.02083025 0.20645225
-0.04879046 -0.95598507 -0.28933042 -0.96908903 -0.02482926 0.24545881
-0.94832432 -0.02362578 0.31642219 0.06619015 0.96055633 0.27009362
-0.92840183 -0.03527657 0.36989936 0.05472666 0.97164571 0.23002109
-0.92138880 -0.03012288 0.38747305 0.06640295 0.97012967 0.23332211
-0.02353768 -0.98548812 -0.16810453 -0.98922342 -0.00134735 0.14640784
-0.02437908 -0.97923899 -0.20123805 -0.98707938 -0.00830979 0.16001624
-0.02811671 -0.97237200 -0.23173727 -0.99244112 -0.00055002 0.12272087
-0.10012513 -0.47936630 -0.87188470 -0.98623586 -0.06807104 0.15068270
-0.10943708 -0.43594584 -0.89329433 -0.97978514 -0.10409815 0.17083505
-0.10097951 -0.54384494 -0.83308816 -0.97187310 -0.12514974 0.19950026
-0.09998459 -0.60907656 -0.78678387 -0.96520221 -0.13266209 0.22535631
-0.06525946 -0.73821890 -0.67139709 -0.96423584 -0.12655890 0.23287807
-0.97522914 -0.02584252 0.21968240 0.00829525 0.98818052 0.15307029
-0.96661568 -0.03266425 0.25414020 0.02068529 0.97865611 0.20446111
-0.01686489 -0.93793410 -0.34640330 -0.96186388 -0.07937855 0.26175728
-0.03332239 -0.90938914 -0.41460949 -0.94442642 -0.10708958 0.31079033
-0.02984268 -0.84010649 -0.54160005 -0.96520400 -0.11660730 0.23405987
-0.97984469 -0.01497881 0.19919844 0.01913003 0.98556566 0.16820939
-0.97639000 -0.02416638 0.21465921 0.00777440 0.98914742 0.14672072
-0.03251352 -0.96563220 -0.25787079 -0.98426527 -0.01389969 0.17614990
-0.03389360 -0.96724808 -0.25155991 -0.97844702 -0.01918725 0.20560473
-0.05014816 -0.95674276 -0.28658059 -0.96117938 -0.03172106 0.27409488
-0.05961787 -0.94677854 -0.31631657 -0.96175253 -0.03039027 0.27222884
-0.94737631 -0.02885928 0.31881869 0.06035816 0.96196210 0.26643178
-0.92846251 -0.03766903 0.36951116 0.05979590 0.96670812 0.24879687
-0.91918361 -0.03590838 0.39218900 0.04407449 0.98019958 0.19304453
-0.98055589 -0.01495941 0.19566885 0.02055796 0.98377329 0.17823426
-0.02909371 -0.97437072 -0.22305909 -0.97971213 -0.01647073 0.19973207
-0.03161644 -0.96795607 -0.24912138 -0.98344332 -0.01437018 0.18064557
-0.03094962 -0.96795392 -0.24921350 -0.98347217 -0.01501004 0.18043612
-0.10242973 -0.46805048 -0.87774533 -0.98286134 -0.08833842 0.16180213
-0.09575545 -0.57002336 -0.81602961 -0.96816880 -0.13712494 0.20939419
-0.11774183 -0.47382408 -0.87271279 -0.97077137 -0.13016613 0.20164281
-0.09123172 -0.61801720 -0.78085309 -0.96716946 -0.13177718 0.21729708
-0.06436047 -0.73265111 -0.67755443 -0.95951569 -0.14112741 0.24374722
-0.97089875 -0.02784265 0.23786660 0.00922170 0.98813623 0.15330303
-0.96604395 -0.03250355 0.25632539 0.01173904 0.98550999 0.16921070
-0.95813113 -0.04410612 0.28291228 0.01917618 0.97596186 0.21709619
-0.95274866 -0.05539843 0.29866552 0.03334808 0.95820981 0.28411603
-0.01804226 -0.93655854 -0.35004658 -0.94683355 -0.09647330 0.30691889
-0.01045241 -0.86997533 -0.49298441 -0.93753791 -0.16291599 0.30737773
-0.02574089 -0.82513273 -0.56435221 -0.94665074 -0.16128820 0.27899563
-0.97565460 -0.01944691 0.21844916 0.02531311 0.97941864 0.20024572
-0.97150457 -0.02553091 0.23564176 0.01464117 0.98581898 0.16717246
-0.03110438 -0.96795893 -0.24917479 -0.98345912 -0.01486736 0.18051937
-0.03999589 -0.96577841 -0.25626642 -0.96941257 -0.02465027 0.24419594
-0.05155814 -0.95545900 -0.29058543 -0.96566892 -0.02648536 0.25842240
-0.05019241 -0.95642340 -0.28763694 -0.96464014 -0.02818854 0.26205879
-0.94814765 -0.03081125 0.31633335 0.05770922 0.96205652 0.26667759
-0.93662649 -0.03289464 0.34878185 0.05744760 0.96768379 0.24553613
-0.89646435 -0.05521308 0.43966267 0.05555566 0.97037321 0.23513700
-0.02384725 -0.98201430 -0.18729453 -0.98185998 -0.01224388 0.18921179
-0.98072219 -0.01517558 0.19481725 0.02006137 0.98389250 0.17763197
-0.96989506 -0.02509635 0.24222665 0.03023452 0.97457016 0.22203369
-0.10408888 -0.46651956 -0.87836498 -0.98038125 -0.10050817 0.16956028
-0.10850960 -0.53114891 -0.84030151 -0.95712334 -0.17256494 0.23267213
-0.10772609 -0.48658478 -0.86696619 -0.97095501 -0.13589914 0.19692077
-0.08990102 -0.64360887 -0.76005614 -0.95327538 -0.16539162 0.25280759
-0.05816129 -0.74967968 -0.65924025 -0.94832772 -0.16483617 0.27111554
-0.96899515 -0.03036457 0.24520694 0.00830677 0.98785526 0.15515478
-0.96015662 -0.03751055 0.27693379 0.00514538 0.98841023 0.15171924
-0.95489818 -0.04528909 0.29345956 0.00655699 0.98484290 0.17332508
-0.95313174 -0.05346834 0.29779363 0.02637135 0.96583331 0.25781903
-0.01624846 -0.93775594 -0.34691474 -0.94674945 -0.09715421 0.30696344
0.00049559 -0.87048125 -0.49220142 -0.92476761 -0.18769740 0.33102047
-0.01788582 -0.83801943 -0.54534715 -0.94223958 -0.16832881 0.28956884
-0.97605234 -0.01883830 0.21671867 0.02356948 0.98122042 0.19144438
-0.96040905 -0.03639586 0.27620631 0.01975320 0.98003834 0.19782491
-0.96521449 -0.02935716 0.25980601 0.02927773 0.97529107 0.21897520
-0.96205473 -0.02229968 0.27194402 0.04454705 0.97044593 0.23717138
-0.94841921 -0.03153654 0.31544656 0.04662598 0.97034264 0.23719463
-0.92475080 -0.04822116 0.37750593 0.05288798 0.96603185 0.25295335
-0.92301679 -0.04274072 0.38237840 0.06060834 0.96525246 0.25419351
-0.89850968 -0.05498267 0.43549666 0.05384800 0.97082436 0.23366763
-0.97681737 -0.01868697 0.21325742 0.02498221 0.97942555 0.20025352
-0.96946174 -0.02428249 0.24403752 0.03174651 0.97428751 0.22306061
-0.10790077 -0.53042120 -0.84083939 -0.95598346 -0.17677680 0.23419157
-0.09067323 -0.64227802 -0.76108962 -0.95195168 -0.16857873 0.25567418
-0.05358127 -0.74087822 -0.66949868 -0.94668674 -0.17560205 0.27008927
-0.96428287 -0.03611168 0.26240158 0.00559761 0.98766333 0.15649244
-0.95443738 -0.04583305 0.29487059 0.00631044 0.98481375 0.17349961
-0.93318695 -0.06914786 0.35267633 0.01822457 0.97094876 0.23859259
-0.92589343 -0.11590210 0.35956654 0.00521203 0.94776642 0.31892264
-0.91741633 -0.16923033 0.36015049 -0.01836263 0.92210269 0.38650939
-0.01057887 -0.81360275 -0.58132488 -0.91544896 -0.22601019 0.33297551
-0.06064878 -0.73584813 -0.67442513 -0.92050391 -0.22005554 0.32287487
-0.96320957 -0.03519061 0.26643774 0.01545851 0.98249424 0.18565075
-0.96616560 -0.03211391 0.25591555 0.01904640 0.98062593 0.19496164
-0.95248848 -0.04050046 0.30186996 0.02539835 0.97710574 0.21123289
-0.97190577 -0.02213720 0.23432705 0.02531324 0.97996223 0.19756874
-0.94501251 -0.03453441 0.32520565 0.04848448 0.96862507 0.24375141
-0.93286657 -0.04240153 0.35771787 0.04868941 0.96909297 0.24184352
-0.91798484 -0.05154444 0.39325199 0.04791304 0.96984529 0.23896526
-0.92220831 -0.04538686 0.38402072 0.05946795 0.96462858 0.25681770
-0.90567374 -0.05280217 0.42067450 0.05133850 0.97125566 0.23243701
-0.95602852 -0.03912584 0.29065207 0.02873340 0.97379661 0.22559816
-0.10908975 -0.55010104 -0.82794225 -0.95281976 -0.17947647 0.24479131
-0.08358046 -0.63953370 -0.76420611 -0.95234072 -0.17450336 0.25019148
-0.94463575 -0.05279811 0.32384512 0.00335533 0.98536307 0.17043602
-0.94291139 -0.05829545 0.32790220 0.01080310 0.97868985 0.20505972
-0.93315750 -0.06930473 0.35272375 0.01866397 0.97057378 0.24007961
-0.91777772 -0.15894665 0.36389565 -0.01579164 0.93027985 0.36651069
-0.87698925 -0.22426327 0.42496574 0.01316436 0.87285990 0.48779327
-0.01229193 -0.80815595 -0.58884037 -0.90880084 -0.23658320 0.34367052
-0.04391637 -0.75463313 -0.65467566 -0.92927837 -0.20971657 0.30407360
-0.04645031 -0.74959934 -0.66025996 -0.93179470 -0.20569417 0.29907969
-0.95218289 -0.04253421 0.30255356 0.01340980 0.98348987 0.18046573
-0.94912255 -0.03871478 0.31251818 0.03010800 0.97671157 0.21243356
-0.91694665 -0.05554753 0.39512450 0.04933637 0.96687973 0.25041881
-0.91595578 -0.05279861 0.39779067 0.05118641 0.96783531 0.24632268
-0.90979183 -0.05333133 0.41162437 0.04970315 0.97057652 0.23560719
-0.10641460 -0.56402421 -0.81887281 -0.93769938 -0.21701889 0.27133498
-0.08111303 -0.64733654 -0.75787610 -0.93540847 -0.21310097 0.28213304
-0.95600623 -0.04072544 0.29050565 0.01185491 0.98414350 0.17697780
-0.93059367 -0.06896444 0.35949880 0.01200090 0.97581667 0.21826112
-0.90211898 -0.16587707 0.39832917 -0.01848157 0.93716097 0.34840763
-0.86807066 -0.23463826 0.43749091 -0.02048436 0.89743394 0.44067314
-0.87763643 -0.22775850 0.42175877 0.02287044 0.85899806 0.51146787
-0.01130952 -0.80771893 -0.58945930 -0.92060131 -0.22170836 0.32146335
-0.03038784 -0.77911079 -0.62614930 -0.89545316 -0.25712088 0.36339030
-0.07273205 -0.70336711 -0.70709610 -0.87961012 -0.28893739 0.37789053
-0.92888123 -0.05395064 0.36642742 0.02722856 0.97671014 0.21282861
-0.92813188 -0.05255215 0.36852345 0.03025742 0.97605890 0.21539162
-0.89565098 -0.05732670 0.44104761 0.04758298 0.97361577 0.22317757
-0.07540392 -0.63940114 -0.76516700 -0.93517470 -0.22096784 0.27680612
-0.11191133 -0.55069357 -0.82717139 -0.93444896 -0.22485639 0.27612460
-0.93971944 -0.04993347 0.33828104 0.01126886 0.98422104 0.17658435
-0.93559051 -0.06178631 0.34763899 -0.00508219 0.98682493 0.16171208
-0.92365742 -0.07399527 0.37600765 0.00395019 0.97929084 0.20242009
-0.90234804 -0.10280769 0.41856739 0.00502961 0.96855772 0.24873810
-0.87565434 -0.18868774 0.44455197 -0.00576703 0.92453468 0.38105428
-0.84983480 -0.26363948 0.45637167 -0.01631928 0.87864703 0.47719297
-0.04077677 -0.77831870 -0.62654394 -0.86361760 -0.28790542 0.41385400
-0.05892520 -0.73711127 -0.67319745 -0.91024107 -0.23720771 0.33940208
-0.08825535 -0.69251919 -0.71598059 -0.89660347 -0.25791019 0.35997874
-0.09093475 -0.67110413 -0.73576498 -0.90229380 -0.25713006 0.34604919
-0.10434289 -0.59448016 -0.79731166 -0.91438282 -0.25797689 0.31201291
-0.92782569 -0.05383161 0.36910921 0.02673729 0.97738868 0.20975351
-0.94093716 -0.04712898 0.33528522 0.01589627 0.98302376 0.18278857
-0.93186933 -0.05053261 0.35925761 0.02838275 0.97706240 0.21105337
-0.86495316 -0.06907616 0.49707603 0.04938099 0.97396082 0.22127342
-0.88240570 -0.05480440 0.46728647 0.04197710 0.98006111 0.19421171
-0.09261771 -0.60229397 -0.79288328 -0.91691154 -0.25886557 0.30374637
-0.92935866 -0.05673302 0.36479291 0.01084678 0.98349893 0.18058851
-0.92996711 -0.06294842 0.36221376 0.00661765 0.98220676 0.18768629
-0.92332935 -0.07539059 0.37653583 0.00289454 0.97914469 0.20314376
-0.89739567 -0.10406146 0.42877990 0.00574616 0.96895182 0.24718305
-0.87501848 -0.17667691 0.45069718 -0.01578487 0.94093847 0.33820951
-0.83740926 -0.26633519 0.47729588 -0.00715573 0.87851369 0.47766358
-0.85582006 -0.26735178 0.44282621 -0.03317375 0.88268238 0.46879774
-0.06137219 -0.75144398 -0.65693641 -0.86039191 -0.29378718 0.41643113
-0.02737082 -0.78128082 -0.62357926 -0.86178666 -0.29765716 0.41076034
-0.07477060 -0.71432704 -0.69580626 -0.86949342 -0.29493788 0.39622325
-0.10995706 -0.63836092 -0.76184303 -0.88185692 -0.29093608 0.37105885
-0.10841150 -0.58599484 -0.80302995 -0.88158953 -0.31662577 0.35006854
-0.11658053 -0.56338882 -0.81792545 -0.92614502 -0.23576327 0.29439956
-0.93015957 -0.05309251 0.36329654 0.02093518 0.98021007 0.19684984
-0.90862060 -0.06931645 0.41182989 0.02758426 0.97401470 0.22479880
-0.90050477 -0.06146215 0.43048066 0.03219397 0.97782081 0.20695427
-0.86493158 -0.06262244 0.49796766 0.03802774 0.98115611 0.18943758
-0.09552248 -0.60420430 -0.79108328 -0.90683246 -0.27492976 0.31948167
-0.93641555 -0.05728881 0.34618488 0.00429745 0.98463583 0.17456800
-0.92833215 -0.06306145 0.36636418 0.00393207 0.98378658 0.17930043
-0.91175544 -0.07845790 0.40317059 -0.00434574 0.98337412 0.18153910
-0.89405066 -0.10210783 0.43617371 -0.00845178 0.97734755 0.21147200
-0.88701123 -0.11211886 0.44792911 0.01365247 0.96328068 0.26814917
-0.84083837 -0.19139785 0.50631785 -0.03149791 0.95111364 0.30723083
-0.81029063 -0.26928970 0.52049232 -0.05006754 0.91673303 0.39635068
-0.83804214 -0.27039406 0.47389084 -0.00787115 0.87446058 0.48503274
-0.82533556 -0.29604709 0.48080912 0.01085216 0.84305412 0.53771931
-0.01433221 -0.79783094 -0.60271084 -0.85701364 -0.30071503 0.41844717
-0.07303276 -0.69623226 -0.71409166 -0.86812091 -0.30808493 0.38916564
-0.10697954 -0.61118853 -0.78422189 -0.88176441 -0.30611983 0.35886228
-0.10971570 -0.58546907 -0.80323625 -0.88976675 -0.30234486 0.34191051
-0.92133158 -0.06329476 0.38359079 0.01442226 0.98041493 0.19641453
-0.88416272 -0.07717983 0.46075982 0.02727825 0.97604805 0.21583833
-0.88496894 -0.06820717 0.46062765 0.03830428 0.97519839 0.21799307
-0.86974740 -0.07465886 0.48781714 0.03610500 0.97621453 0.21377949
-0.83949876 -0.06886754 0.53897977 0.01365342 0.98894876 0.14762799
-0.92029607 -0.06745746 0.38536307 0.00170588 0.98432100 0.17637834
-0.90025997 -0.09263249 0.42538366 -0.01230502 0.98212487 0.18782797
-0.91370004 -0.07190413 0.39997754 0.00055871 0.98399955 0.17817031
-0.88567406 -0.10571690 0.45211232 -0.00702710 0.97667480 0.21460886
-0.84949785 -0.15066439 0.50562209 -0.02618150 0.96921563 0.24481758
-0.80794245 -0.21595077 0.54826486 -0.01645892 0.93833441 0.34533712
-0.82420635 -0.23188402 0.51663691 -0.06792225 0.94621325 0.31633383
-0.78356946 -0.28049955 0.55438161 -0.00737535 0.89642340 0.44313744
-0.80626702 -0.31442988 0.50106615 0.01520339 0.83574283 0.54891062
0.82229382 0.38167444 -0.42208716 -0.07726712 -0.65996903 -0.74730903
0.84721959 0.36023355 -0.39044952 -0.07099596 -0.65160435 -0.75522935
0.85508668 0.36174902 -0.37143570 -0.10024668 -0.58751947 -0.80297667
-0.91667724 -0.06954964 0.39352986 0.01176076 0.97961783 0.20052579
-0.89462924 -0.08065361 0.43946961 0.01492421 0.97763026 0.20980075
-0.85063761 -0.07767283 0.51998323 0.03872964 0.97708207 0.20930986
-0.84064662 -0.07448070 0.53643811 0.00088998 0.99030715 0.13889195
-0.91797346 -0.06793381 0.39078093 -0.00117368 0.98568463 0.16859546
-0.89542371 -0.09193185 0.43562016 -0.01149426 0.98289633 0.18380061
-0.86493200 -0.10847332 0.49002671 -0.01538497 0.98163617 0.19014145
-0.86516899 -0.11814732 0.48736429 -0.01705312 0.97822022 0.20686838
-0.83206910 -0.15818006 0.53163922 -0.02965993 0.96979189 0.24212402
-0.82161427 -0.18387109 0.53957522 -0.03780943 0.96204382 0.27026317
-0.76755023 -0.25576022 0.58775282 -0.03925047 0.93397993 0.35516331
-0.76520330 -0.28239438 0.57854772 -0.05750215 0.92504877 0.37547073
-0.77935022 -0.28493559 0.55805463 0.00249624 0.88920474 0.45750275
-0.79046375 -0.32175434 0.52119219 0.01206487 0.84256953 0.53845251
-0.74705714 -0.35996079 0.55886853 0.06859162 0.79448009 0.60340410
0.82375783 0.37900993 -0.42163315 -0.06367278 -0.67714405 -0.73309052
-0.78690904 -0.38543582 0.48188528 -0.01607764 0.79346752 0.60840029
0.82578492 0.38738602 -0.40989190 -0.07241851 -0.64792889 -0.75825042
-0.89347851 -0.08196314 0.44156343 0.00509772 0.98129112 0.19246252
-0.91862512 -0.06691938 0.38942245 0.01670044 0.97809792 0.20747431
-0.87620771 -0.07116161 0.47665098 0.02965781 0.97920197 0.20070866
-0.83314294 -0.07569590 0.54785317 0.01224732 0.98782122 0.15511054
-0.89409393 -0.08314708 0.44009393 0.00374887 0.98119295 0.19299327
-0.87927848 -0.10361987 0.46490040 -0.01389927 0.98121595 0.19241135
-0.84438592 -0.12393250 0.52120364 -0.02072272 0.97970259 0.19938275
-0.83536422 -0.13599855 0.53260779 -0.01947615 0.97562611 0.21857370
-0.81057620 -0.16021232 0.56329232 -0.03202913 0.97254002 0.23052126
-0.76481229 -0.20875078 0.60949594 -0.01902020 0.95295411 0.30251724
-0.74202758 -0.28945616 0.60465711 -0.01868874 0.91055757 0.41295958
-0.74103194 -0.31115869 0.59502256 -0.02115537 0.89652860 0.44248047
-0.78255683 -0.32469004 0.53120732 -0.09611677 0.90601486 0.41218776
-0.79014277 -0.33977431 0.51012528 0.01056218 0.82461143 0.56560099
-0.78125489 -0.40765578 0.47271302 0.01883614 0.74155444 0.67062825
-0.77471733 -0.39646721 0.49257159 0.01937866 0.76375288 0.64521784
-0.87173396 -0.08341167 0.48282743 0.01069721 0.98192883 0.18894833
-0.87414306 -0.07495036 0.47985035 0.02873168 0.97830921 0.20514779
-0.84884602 -0.07780273 0.52288353 0.02729977 0.98133916 0.19033718
-0.81615216 -0.07633389 0.57277292 0.00786681 0.98967636 0.14310446
-0.86969995 -0.10615370 0.48203051 -0.02045016 0.98351008 0.17969345
-0.84497982 -0.11417138 0.52246910 -0.01712830 0.98222268 0.18693668
-0.82543439 -0.13811950 0.54734010 -0.02297854 0.97702235 0.21189484
-0.81177980 -0.14390336 0.56595528 -0.01944650 0.97528595 0.22008923
-0.79184055 -0.16509357 0.58799040 -0.02545091 0.97085369 0.23831786
-0.76608878 -0.17418770 0.61868131 0.00229384 0.96182942 0.27364028
-0.73468894 -0.24187845 0.63381946 0.00132720 0.93376571 0.35788253
-0.71137774 -0.33354527 0.61861885 0.09786133 0.82462323 0.55715328
-0.77156311 -0.32940370 0.54422748 0.00067100 0.85507619 0.51850194
-0.77202785 -0.33597887 0.53952867 -0.00104475 0.84953415 0.52753258
-0.77550530 -0.40079263 0.48780826 0.00735581 0.76686555 0.64176559
-0.75101471 -0.35367852 0.55757385 0.04489350 0.81513810 0.57752442
-0.87388915 -0.07980558 0.47952980 0.01526246 0.98144215 0.19115031
-0.87407768 -0.08464740 0.47835448 0.00822350 0.98198241 0.18879354
-0.84816021 -0.08422778 0.52300096 0.02291199 0.98052227 0.19506706
-0.80889028 -0.07602758 0.58302337 -0.00147498 0.99186385 0.12729490
-0.81852770 -0.08094092 0.56873637 0.01272046 0.98722774 0.15880674
-0.87061822 -0.09264527 0.48315707 0.01832351 0.97531986 0.22003525
-0.84288919 -0.11137264 0.52643526 -0.01589614 0.98307240 0.18252707
-0.83557820 -0.13196626 0.53328609 -0.05822004 0.98652494 0.15290219
-0.78887504 -0.13015223 0.60061353 -0.00479563 0.97859061 0.20576057
-0.76884818 -0.14805065 0.62205589 0.02411228 0.96542197 0.25957480
-0.72931033 -0.22937837 0.64458674 0.00858317 0.93898463 0.34385213
-0.71722853 -0.33043671 0.61351031 0.13072231 0.80098820 0.58423418
-0.73068208 -0.33202595 0.59654218 -0.00759111 0.87767261 0.47920063
-0.73721385 -0.35056528 0.57759827 0.01330414 0.84716851 0.53115779
-0.73997360 -0.35264325 0.57278436 0.06001493 0.81354159 0.57840157
-0.84992796 -0.08740305 0.51959914 0.01484188 0.98178291 0.18942554
-0.85375530 -0.09021320 0.51279968 0.00637871 0.98298967 0.18355022
-0.84892100 -0.08439894 0.52173758 0.02235794 0.98054892 0.19499731
-0.80028677 -0.07738844 0.59460253 0.01431273 0.98888844 0.14796914
-0.82218784 -0.08268393 0.56317908 0.01683250 0.98542929 0.16925102
-0.81424922 -0.08271470 0.57459247 0.01477559 0.98652339 0.16295204
-0.85834777 -0.09260115 0.50464267 -0.00070601 0.98379004 0.17932308
-0.83978432 -0.09861753 0.53388858 0.00515511 0.98187190 0.18947580
-0.82243127 -0.11580695 0.55695212 -0.01177132 0.98231411 0.18687010
-0.79641211 -0.11008926 0.59464955 0.00232029 0.98272771 0.18504292
-0.76238769 -0.13767970 0.63230479 0.00494029 0.97583830 0.21843825
-0.75669235 -0.14819790 0.63675278 0.00912449 0.97148013 0.23694558
-0.73182476 -0.15474182 0.66369241 0.01625623 0.96963918 0.24399921
-0.73056579 -0.17623395 0.65970844 0.02845176 0.95742595 0.28727359
-0.70898700 -0.25769114 0.65645468 0.02266636 0.92204130 0.38642734
-0.70816612 -0.27427173 0.65059644 0.01605307 0.91497201 0.40319794
-0.71584290 -0.33797607 0.61101657 -0.00463887 0.87733674 0.47985291
-0.73055774 -0.34780374 0.58763766 0.00295302 0.85894781 0.51205468
-0.85545808 -0.08679793 0.51054645 0.01090454 0.98261660 0.18532588
-0.83450866 -0.08898974 0.54376107 0.01951827 0.98147774 0.19057932
-0.78468227 -0.07874949 0.61487579 0.00826828 0.99048030 0.13740627
-0.80773568 -0.08282000 0.58369851 0.01505568 0.98686260 0.16085866
-0.83090931 -0.08739027 0.54950225 0.02001378 0.98225558 0.18647641
-0.83389670 -0.09991325 0.54280180 -0.00099929 0.98374963 0.17954314
-0.82545161 -0.10289254 0.55501604 0.00161746 0.98281133 0.18460564
-0.80532455 -0.10188214 0.58401394 0.00355970 0.98427331 0.17661667
-0.79031378 -0.10392644 0.60382408 -0.00530117 0.98663253 0.16287464
-0.75509179 -0.13331884 0.64192092 0.01097589 0.97639877 0.21569660
-0.75014496 -0.14361322 0.64549035 0.02207720 0.97014910 0.24150224
-0.74055201 -0.14528987 0.65610492 0.03024440 0.96815252 0.24852774
-0.72329575 -0.16891438 0.66956055 0.03597635 0.95908636 0.28081855
-0.69570792 -0.23255514 0.67963862 0.03914684 0.93246323 0.35913774
-0.83283865 -0.09155814 0.54589081 0.00955253 0.98370022 0.17956245
-0.77980489 -0.07633393 0.62135136 -0.00020772 0.99256963 0.12167794
-0.78373039 -0.09193105 0.61426002 0.00742591 0.98752779 0.15726952
-0.80345780 -0.08858994 0.58873373 0.01666739 0.98513275 0.17098460
-0.83004540 -0.09293053 0.54989880 0.00936451 0.98355752 0.18035227
-0.83316588 -0.09724411 0.54440635 0.00279423 0.98366582 0.17998281
-0.81929761 -0.09973793 0.56462717 0.00429831 0.98365831 0.17999426
-0.75051874 -0.11937878 0.64997721 0.01949170 0.97912174 0.20233823
-0.73982233 -0.13096648 0.65993243 0.03014898 0.97343248 0.22698069
-0.71983737 -0.13700554 0.68048787 0.03010176 0.97324491 0.22778997
-0.70978361 -0.17844570 0.68144292 0.04223696 0.95486021 0.29403758
-0.69453120 -0.18469937 0.69535071 0.04238319 0.95430422 0.29581600
-0.75676107 -0.07850307 0.64896077 0.00805505 0.99156755 0.12934043
-0.79673952 -0.08991167 0.59759700 0.00604365 0.98763525 0.15665264
-0.75036985 -0.10816111 0.65210915 0.02695334 0.98069519 0.19367626
-0.76305169 -0.11943314 0.63520694 0.00327191 0.98205268 0.18857837
-0.72730297 -0.13171318 0.67355931 0.03044280 0.97425473 0.22338541
-0.71610218 -0.13322079 0.68516421 0.03310941 0.97402871 0.22399095
-0.70006871 -0.16064020 0.69577193 0.04018310 0.96396112 0.26299107
-0.66802347 -0.19108899 0.71918678 0.09595418 0.93627852 0.33789858
-0.74359632 -0.07743871 0.66412944 -0.00908826 0.99434942 0.10576724
-0.75871384 -0.08885831 0.64533526 0.01005440 0.98893762 0.14799088
-0.76709920 -0.09741577 0.63408917 0.01192556 0.98606753 0.16591768
-0.75676888 -0.10308475 0.64550322 0.01855010 0.98370296 0.17884174
-0.74408007 -0.10738680 0.65940356 0.00323454 0.98640668 0.16429065
-0.71136367 -0.10850021 0.69439864 0.02703978 0.98305541 0.18130337
-0.70639521 -0.13531604 0.69476289 0.04187771 0.97184700 0.23186137
-0.68173772 -0.16434169 0.71289939 0.06587468 0.95669568 0.28353825
-0.71636152 -0.08473542 0.69256490 0.00258544 0.99226904 0.12407856
-0.76002985 -0.09180176 0.64337170 0.00582589 0.98897064 0.14799705
-0.75994474 -0.09581129 0.64288747 0.00354520 0.98845059 0.15150218
-0.74908286 -0.09991083 0.65489906 0.02254017 0.98414600 0.17592221
-0.71408570 -0.10554149 0.69205689 0.02193567 0.98471153 0.17280643
-0.68689060 -0.11235406 0.71802360 0.04053681 0.98051673 0.19220734
-0.68681997 -0.12163180 0.71657801 0.05260384 0.97499424 0.21591459
-0.67092627 -0.12444520 0.73100710 0.07461402 0.96948391 0.23352459
-0.71691310 -0.09000593 0.69132817 0.01333575 0.98967928 0.14267839
-0.70401704 -0.08653031 0.70489186 -0.02759590 0.99513304 0.09459776
-0.73136711 -0.09674399 0.67508721 0.01159866 0.98797959 0.15414892
-0.73695713 -0.10160860 0.66825885 0.01561523 0.98581403 0.16711330
-0.71792293 -0.10469243 0.68820506 0.01794324 0.98551470 0.16863838
-0.70942885 -0.09783071 0.69795412 0.00626525 0.98940438 0.14505091
-0.68090302 -0.09784587 0.72580808 0.04797548 0.98294747 0.17751800
-0.55687392 -0.12731306 0.82078189 0.14660969 0.95760065 0.24800521
-0.66859525 -0.09449547 0.73759812 -0.06789912 0.99550742 0.06598973
-0.70040214 -0.09252769 0.70772564 0.00999900 0.99019229 0.13935275
-0.68805832 -0.09090787 0.71993864 -0.01139924 0.99335349 0.11453798
-0.72228354 -0.09668917 0.68480486 0.00941666 0.98871225 0.14953059
-0.73150349 -0.09247442 0.67553771 0.02236792 0.98697233 0.15932775
-0.67667979 -0.09564784 0.73003834 0.03335520 0.98652583 0.16016950
-0.65477365 -0.09380628 0.74998116 0.06521393 0.98155630 0.17970650
-0.69005007 -0.08953967 0.71820170 0.00386555 0.99184781 0.12736973
-0.58121306 -0.10253731 0.80726546 -0.01958511 0.99350482 0.11209224
-0.64161563 -0.09570861 0.76103175 0.02249265 0.98941022 0.14339311
