-0.83481550 0.09262528 -0.54268187 0.22158158 0.95890743 -0.17719525
-0.61440116 -0.00244757 -0.78898996 0.17444338 0.97482598 -0.13886638
-0.89706969 0.11506750 -0.42664447 0.19826758 0.96767056 -0.15589648
-0.41772431 -0.07444002 -0.90551925 0.21439175 0.96041870 -0.17785402
-0.87985647 0.09944610 -0.46471831 0.17576317 0.97661889 -0.12378556
-0.41303247 -0.07311524 -0.90777659 0.20898952 0.96256268 -0.17261675
-0.45695379 -0.06536099 -0.88708586 0.17119305 0.97218919 -0.15981606
-0.88015306 0.09465990 -0.46515602 0.17184217 0.97699010 -0.12633528
-0.42717367 -0.07309670 -0.90121007 0.19614485 0.96549940 -0.17128384
-0.45724559 -0.06747622 -0.88677704 0.15898678 0.97485310 -0.15615584
-0.41988099 -0.07621716 -0.90437329 0.18647023 0.96796399 -0.16815047
-0.95380485 0.12041932 -0.27523741 0.15448233 0.98234063 -0.10555688
-0.46873337 -0.06333845 -0.88106596 0.20278421 0.96307236 -0.17711641
-0.43117699 -0.07237963 -0.89935958 0.16640744 0.97329837 -0.15811032
-0.48721331 -0.05965478 -0.87124306 0.17748731 0.97007722 -0.16567582
-0.91544282 0.09272019 -0.39162156 0.16437915 0.97437167 -0.15355590
-0.79495096 0.03791600 -0.60548776 0.14686824 0.98038530 -0.13143250
-0.46820426 -0.06988826 -0.88085210 0.20108695 0.96228343 -0.18323404
-0.43644941 -0.07379179 -0.89669770 0.16088197 0.97416800 -0.15847307
-0.46390206 -0.06547634 -0.88346350 0.13843410 0.97965556 -0.14529644
-0.40637937 -0.07468797 -0.91064680 0.16459356 0.97436559 -0.15336442
-0.95972604 0.10572676 -0.26028398 0.14394927 0.98068506 -0.13242163
-0.61263812 -0.02128313 -0.79007697 0.12299620 0.98489153 -0.12190422
-0.80905026 0.02800201 -0.58707207 0.09906685 0.99106997 -0.08925328
-0.47639319 -0.06729428 -0.87665331 0.18285717 0.96768218 -0.17365061
-0.54640973 -0.04861274 -0.83610600 0.21831372 0.95553374 -0.19822825
-0.43609187 -0.07466585 -0.89679927 0.13448191 0.97995418 -0.14698447
-0.42542434 -0.07602588 -0.90179503 0.16295317 0.97374350 -0.15896510
-0.45778826 -0.06686844 -0.88654304 0.13914697 0.97948998 -0.14573102
-0.58135831 -0.03196763 -0.81301951 0.15868118 0.97558653 -0.15182638
-0.93182051 0.07713412 -0.35462791 0.07334582 0.99701452 0.02413431
-0.62699848 -0.01747859 -0.77882445 0.12202673 0.98520339 -0.12034874
-0.62099850 -0.01822822 -0.78359985 0.09056897 0.99136436 -0.09483669
-0.45540053 -0.07052217 -0.88748920 0.16170563 0.97372419 -0.16035122
-0.50493938 -0.06281213 -0.86086643 0.16955830 0.97069812 -0.17027994
-0.52391672 -0.05816837 -0.84978104 0.18004158 0.96756083 -0.17723179
-0.53076518 -0.05676485 -0.84561580 0.20367305 0.95997167 -0.19228025
-0.43091354 -0.07606184 -0.89918190 0.12339155 0.98211557 -0.14220992
-0.45218882 -0.07164000 -0.88904047 0.14823210 0.97687089 -0.15411215
-0.43501359 -0.06929475 -0.89775354 0.09341417 0.98818117 -0.12153916
-0.97945613 0.08656207 -0.18213369 0.09624267 0.99434090 -0.04498493
-0.90026474 0.05633708 -0.43168229 0.09076703 0.99408966 -0.05955828
-0.61099756 -0.02326326 -0.79129064 0.12033449 0.98522311 -0.12188135
-0.64647424 -0.01260865 -0.76283169 0.09557912 0.99064773 -0.09737426
-0.64346182 -0.02029451 -0.76520914 0.05507036 0.99583089 -0.07271944
-0.46487945 -0.06998289 -0.88260382 0.15235080 0.97567868 -0.15760818
-0.47337443 -0.06937777 -0.87812495 0.15155126 0.97561365 -0.15877742
-0.49930194 -0.06472404 -0.86400717 0.16876408 0.97084093 -0.17025435
-0.55237532 -0.04897043 -0.83215594 0.15760362 0.97413361 -0.16194090
-0.57105303 -0.04275439 -0.81979913 0.19599307 0.96266240 -0.18672924
-0.45561403 -0.06852099 -0.88753629 0.10720997 0.98555189 -0.13112406
-0.43534103 -0.06959023 -0.89757198 0.09050740 0.98857355 -0.12054367
-0.42968628 -0.06893681 -0.90034294 0.09114845 0.98867750 -0.11920071
-0.98594499 0.13302578 0.10107733 0.12419882 0.98824620 -0.08912987
-0.93871379 0.04950771 -0.34112376 0.06646667 0.99705714 -0.03820068
-0.47471520 -0.04936477 -0.87875402 0.08300272 0.99146515 -0.10053565
-0.49943566 -0.04538223 -0.86516160 0.06904338 0.99336582 -0.09196418
-0.65754122 -0.01609440 -0.75324672 0.05816846 0.99570322 -0.07205262
-0.51271975 -0.05954347 -0.85648882 0.12816015 0.98110706 -0.14492746
-0.54009277 -0.06005114 -0.83946037 0.15886925 0.97224379 -0.17176330
-0.58291227 -0.04406327 -0.81133950 0.17030817 0.96972251 -0.17502397
-0.47430253 -0.06744199 -0.87777489 0.10342632 0.98588812 -0.13163468
-0.42747825 -0.07223262 -0.90113533 0.09257690 0.98806465 -0.12311702
-0.99668163 0.07085171 0.04007199 0.06941073 0.99692839 -0.03627644
-0.87065965 0.02218939 -0.49138528 0.02077828 0.99974942 0.00832956
-0.60010058 -0.03725325 -0.79905671 0.04168963 0.99610096 -0.07774913
-0.75203407 -0.01002705 -0.65904802 0.03187284 0.99816138 -0.05155629
-0.52710223 -0.06408006 -0.84738243 0.12421969 0.98063236 -0.15142566
-0.58495677 -0.04603199 -0.80975717 0.17745794 0.96693385 -0.18316001
-0.54762703 -0.06009584 -0.83456171 0.13901339 0.97702074 -0.16157269
-0.49567953 -0.06349152 -0.86618167 0.08638207 0.98877501 -0.12191050
-0.44307554 -0.07189698 -0.89359665 0.07892680 0.98977995 -0.11877026
-0.84907568 -0.00566990 -0.52824092 0.00245696 0.99988919 -0.01468160
-0.38765129 -0.07286214 -0.91892195 0.05577879 0.99319047 -0.10228150
-0.51681370 -0.04098512 -0.85511625 0.03788346 0.99678010 -0.07067090
-0.64561170 -0.02440175 -0.76327592 -0.00587875 0.99961859 -0.02698507
-0.52220041 -0.07201488 -0.84977680 0.13344559 0.97725427 -0.16482234
-0.60799116 -0.04768340 -0.79251069 0.15614378 0.97151875 -0.17824285
-0.59988916 -0.05125678 -0.79843956 0.13980411 0.97587717 -0.16768618
-0.45339674 -0.07429545 -0.88820696 0.09013079 0.98759007 -0.12861693
-0.45498127 -0.06933369 -0.88779777 0.07993014 0.98976052 -0.11825943
-0.44246876 -0.07171923 -0.89391148 0.07434102 0.99043274 -0.11626056
-0.77433467 -0.01716078 -0.63254362 -0.02494141 0.99968314 0.00341108
-0.42033193 -0.06993989 -0.90467095 0.05821043 0.99289268 -0.10380624
-0.40755099 -0.07150932 -0.91037828 0.05156499 0.99353647 -0.10112554
-0.49361405 -0.04311546 -0.86861169 0.01905013 0.99799472 -0.06036346
-0.55727863 -0.06685986 -0.82762939 0.09857355 0.98437673 -0.14589648
-0.53495747 -0.06687938 -0.84222788 0.09487177 0.98580223 -0.13853996
-0.63258672 -0.04974674 -0.77289033 0.15923870 0.96826017 -0.19265354
-0.60927403 -0.06521602 -0.79027343 0.12350262 0.97664583 -0.17581245
-0.49850154 -0.06955400 -0.86409402 0.08852755 0.98748034 -0.13055792
-0.50307935 -0.06715406 -0.86162728 0.06799618 0.99081051 -0.11692344
-0.43768468 -0.07036965 -0.89637059 0.06654085 0.99166381 -0.11034157
-0.54623562 -0.04986678 -0.83614594 -0.03716425 0.99868613 -0.03528190
-0.41996151 -0.07101928 -0.90475887 0.05722453 0.99287742 -0.10449806
-0.42377460 -0.06899983 -0.90313572 0.02481282 0.99583566 -0.08772495
-0.56641757 -0.05229735 -0.82245743 -0.03562082 0.99860543 -0.03896635
-0.58574164 -0.07127724 -0.80735761 0.09626486 0.98295635 -0.15662049
-0.53307378 -0.07180484 -0.84301633 0.09270708 0.98543525 -0.14255802
-0.64474791 -0.06448464 -0.76167041 0.13349982 0.97162181 -0.19526607
-0.63801312 -0.07049585 -0.76679176 0.12278086 0.97374666 -0.19168295
-0.60325432 -0.07229877 -0.79426521 0.09696048 0.98184747 -0.16301630
-0.50259358 -0.07063363 -0.86163259 0.06691597 0.99048841 -0.12022911
-0.47631344 -0.06738938 -0.87668931 0.04477567 0.99390608 -0.10072662
-0.53511357 -0.05131827 -0.84321994 -0.05132505 0.99828422 -0.02818421
-0.46999809 -0.07021978 -0.87986988 0.01841442 0.99583358 -0.08931089
-0.41168913 -0.06650935 -0.90889412 -0.00361337 0.99744463 -0.07135243
-0.43130448 -0.06014582 -0.90019935 -0.01127722 0.99805689 -0.06128090
-0.53731686 -0.08353157 -0.83923370 0.07413529 0.98655319 -0.14565964
-0.54417014 -0.07404084 -0.83570141 0.07824028 0.98727876 -0.13841663
-0.67516559 -0.05967683 -0.73524845 0.13154857 0.97100490 -0.19961081
-0.65012670 -0.07922547 -0.75568426 0.10825127 0.97474664 -0.19532210
-0.60372657 -0.09731539 -0.79122943 0.08237138 0.97959358 -0.18333408
-0.44945148 -0.07312683 -0.89030659 0.05412679 0.99258327 -0.10885221
-0.50015265 -0.08117282 -0.86212426 0.06264320 0.98959655 -0.12951669
-0.41478989 -0.06150714 -0.90783608 -0.03313693 0.99807203 -0.05248050
-0.44970629 -0.08100941 -0.88949525 0.02802677 0.99410820 -0.10470650
-0.43069473 -0.06423201 -0.90020913 -0.02763936 0.99793500 -0.05798125
-0.24622484 -0.05173912 -0.96783078 -0.06339769 0.99729538 -0.03718532
-0.58551437 -0.07996171 -0.80670881 0.05657251 0.98866701 -0.13905823
-0.67059541 -0.07311773 -0.73821115 0.11741675 0.97212416 -0.20294823
-0.69411719 -0.05740043 -0.71756983 0.13595733 0.96842283 -0.20898062
-0.65737987 -0.07958740 -0.74934483 0.08478043 0.98028231 -0.17849071
-0.62851596 -0.10209570 -0.77106696 0.07757263 0.97817683 -0.19275014
-0.60619205 -0.09803511 -0.78925300 0.07370286 0.98117882 -0.17848279
-0.51060081 -0.08402955 -0.85570204 0.03810506 0.99202383 -0.12015370
-0.40260258 -0.06541330 -0.91303468 -0.09830468 0.99476463 -0.02792130
-0.49402466 -0.08524610 -0.86525875 0.01918949 0.99387044 -0.10887340
-0.45703629 -0.07271086 -0.88647109 -0.01375358 0.99711162 -0.07469500
-0.38075450 -0.06961973 -0.92205161 -0.01599547 0.99750829 -0.06871188
-0.51203620 -0.09216918 -0.85400456 0.03342548 0.99133533 -0.12703165
-0.53799230 -0.09725937 -0.83732003 0.05404340 0.98729825 -0.14940399
-0.70943421 -0.08722669 -0.69935310 0.10653339 0.96763670 -0.22875740
-0.65870064 -0.09300924 -0.74663430 0.08985768 0.97550350 -0.20079464
-0.62967449 -0.10241070 -0.77007926 0.07465585 0.97870791 -0.19119985
-0.60192221 -0.10782095 -0.79124224 0.06817563 0.98028684 -0.18544497
-0.57827675 -0.10249219 -0.80937719 0.05284905 0.98528779 -0.16252705
-0.43550554 -0.06943388 -0.89750427 -0.11142345 0.99351162 -0.02279414
-0.52011907 -0.09036484 -0.84929997 -0.01250309 0.99508625 -0.09821938
-0.48378146 -0.07706182 -0.87178952 -0.03679781 0.99702609 -0.06771191
-0.44177014 -0.06993932 -0.89439797 -0.06641920 0.99677032 -0.04513809
-0.56303883 -0.10428078 -0.81982487 -0.00608352 0.99250323 -0.12206724
-0.56651199 -0.09932009 -0.81804627 0.05225545 0.98638242 -0.15594588
-0.69808769 -0.09220783 -0.71005023 0.08084338 0.97518158 -0.20611945
-0.73082483 -0.09811380 -0.67547667 0.09723039 0.96455890 -0.24530071
-0.66511464 -0.10209121 -0.73972964 0.08144926 0.97478199 -0.20776476
-0.64652026 -0.10743971 -0.75529355 0.06750697 0.97809315 -0.19691773
-0.59881479 -0.10768285 -0.79361528 0.04374488 0.98504287 -0.16666426
-0.42329922 -0.07470364 -0.90290487 -0.14446014 0.98940969 -0.01413510
-0.44680843 -0.07159537 -0.89176029 -0.10737728 0.99387848 -0.02599356
-0.50639975 -0.09519298 -0.85702842 0.00890564 0.99325752 -0.11558656
-0.46991181 -0.07915442 -0.87915730 -0.03338540 0.99685252 -0.07190644
-0.56217080 -0.10644250 -0.82014263 0.00009247 0.99167472 -0.12876827
-0.68431020 -0.10179738 -0.72205049 0.09754298 0.96852893 -0.22899142
-0.72984874 -0.10163902 -0.67601067 0.10994703 0.95855898 -0.26282382
-0.66781336 -0.10464363 -0.73693633 0.07770051 0.97485811 -0.20884047
-0.64745766 -0.10718248 -0.75452673 0.05528109 0.98084736 -0.18676847
-0.66734034 -0.10501775 -0.73731142 0.07598616 0.97524071 -0.20768186
-0.60418922 -0.10827711 -0.78945017 0.04002140 0.98535115 -0.16577548
-0.42339832 -0.07585783 -0.90276217 -0.14292127 0.98960274 -0.01612439
-0.46526366 -0.08255638 -0.88131386 -0.11725970 0.99261487 -0.03107861
-0.50792277 -0.09257042 -0.85641414 -0.00113091 0.99427974 -0.10680170
-0.63167024 -0.09588372 -0.76928484 -0.04719000 0.99523735 -0.08529810
-0.50350946 -0.08886500 -0.85940754 -0.03246644 0.99593997 -0.08396138
-0.50518698 -0.08847255 -0.85846305 -0.08980369 0.99472028 -0.04966759
-0.53570354 -0.10372616 -0.83801115 -0.01236979 0.99328411 -0.11503786
-0.56575119 -0.11353531 -0.81672239 -0.00639747 0.99105006 -0.13333759
-0.70457613 -0.10799426 -0.70136285 0.08369397 0.96880794 -0.23325226
-0.68196195 -0.10078277 -0.72441059 0.08851323 0.97180808 -0.21852824
-0.75491041 -0.09013778 -0.64960414 0.09546066 0.96485835 -0.24481747
-0.72704667 -0.10192071 -0.67898118 0.09476267 0.96456021 -0.24625945
-0.63085037 -0.10702138 -0.76848829 0.03667222 0.98522234 -0.16730841
-0.65934610 -0.10723559 -0.74415278 0.05582436 0.98006105 -0.19069339
-0.66643357 -0.10655245 -0.73791116 0.07528320 0.97505921 -0.20878695
-0.59132099 -0.11562742 -0.79810387 0.00008874 0.98965830 -0.14344515
-0.42463481 -0.07898021 -0.90191323 -0.17343882 0.98483402 -0.00458384
-0.39852220 -0.06905378 -0.91455543 -0.15225768 0.98830622 -0.00827530
-0.34712720 -0.08182489 -0.93424165 -0.04963240 0.99639326 -0.06882696
-0.51059914 -0.09881205 -0.85412216 -0.00724350 0.99383360 -0.11064484
-0.49612027 -0.09596511 -0.86293423 -0.03023685 0.99517995 -0.09328804
-0.50070429 -0.09518482 -0.86036915 -0.09080942 0.99422735 -0.05714604
-0.55422032 -0.10807288 -0.82532430 -0.04756908 0.99402714 -0.09822036
-0.58540404 -0.11562078 -0.80245501 -0.00539685 0.99031264 -0.13875091
-0.55440336 -0.11288126 -0.82455730 -0.05046587 0.99349558 -0.10207730
-0.70536196 -0.10782092 -0.70059913 0.08498421 0.96837187 -0.23459262
-0.70653021 -0.09586640 -0.70115954 0.08366460 0.97251862 -0.21727356
-0.74098653 -0.10050920 -0.66395545 0.09312584 0.96380121 -0.24982984
-0.63938761 -0.11351970 -0.76045835 -0.00286558 0.98938584 -0.14528418
-0.66733259 -0.10940000 -0.73668098 0.04982218 0.98037893 -0.19072220
-0.65951830 -0.10291915 -0.74460953 0.01484487 0.98860604 -0.14979252
-0.44672704 -0.09085555 -0.89004511 -0.19154324 0.98147583 -0.00405034
-0.39602649 -0.06684958 -0.91580254 -0.14894103 0.98881555 -0.00777168
-0.40581304 -0.07111699 -0.91118503 -0.16244751 0.98670620 -0.00466235
-0.48266551 -0.10310210 -0.86971486 -0.15432805 0.98751998 -0.03142016
-0.50028569 -0.09623312 -0.86049604 -0.13561049 0.99024856 -0.03190103
-0.51867855 -0.09768778 -0.84937018 -0.05672002 0.99519408 -0.07982250
-0.51786381 -0.09890768 -0.84972608 -0.08825307 0.99417078 -0.06193531
-0.52564335 -0.10317569 -0.84442520 -0.06130046 0.99463147 -0.08336986
-0.60998690 -0.11482296 -0.78404826 -0.03274341 0.99225312 -0.11984006
-0.55343527 -0.11616191 -0.82475203 -0.05120960 0.99309886 -0.10550935
-0.72210860 -0.10418967 -0.68388867 0.07877224 0.96977895 -0.23091927
-0.66124141 -0.12189352 -0.74020398 0.06327258 0.97413254 -0.21693872
-0.71214086 -0.09748957 -0.69523460 0.08185347 0.97202647 -0.22014672
-0.74149525 -0.10137007 -0.66325629 0.09200464 0.96382183 -0.25016528
-0.58418423 -0.13087507 -0.80099970 0.01330670 0.98523629 -0.17068222
-0.67976815 -0.11498032 -0.72435826 0.00427516 0.98699695 -0.16068202
-0.48276711 -0.10452386 -0.86948878 -0.20539322 0.97867292 -0.00360856
-0.42312133 -0.06825146 -0.90349883 -0.10379778 0.99424541 -0.02649660
-0.50046027 -0.08093368 -0.86196828 -0.15976980 0.98715430 0.00007472
-0.41270983 -0.07311768 -0.90792316 -0.19981468 0.97976112 0.01192570
-0.49298561 -0.10509110 -0.86366725 -0.13099761 0.99032748 -0.04572906
-0.49000153 -0.10352555 -0.86555248 -0.18988663 0.98175585 -0.00992668
-0.56261349 -0.11354773 -0.81888521 -0.13068183 0.99028444 -0.04752949
-0.60655367 -0.11934599 -0.78603387 -0.04576965 0.99227095 -0.11534087
-0.57949537 -0.11842802 -0.80632502 -0.05929675 0.99289018 -0.10321374
-0.56725305 -0.11759815 -0.81510407 -0.10185321 0.99217147 -0.07226191
-0.69737852 -0.11133073 -0.70800334 0.06085654 0.97509545 -0.21327317
-0.69538403 -0.11789963 -0.70890117 0.07049597 0.97050136 -0.23055899
-0.74127442 -0.10139964 -0.66349858 0.09135805 0.96408075 -0.24940342
-0.67171401 -0.11410517 -0.73197025 0.00530219 0.98730075 -0.15877379
-0.62806028 -0.12906779 -0.76738644 -0.02601760 0.98908061 -0.14506099
-0.66825622 -0.12060995 -0.73408914 0.00783686 0.98557419 -0.16906269
-0.47445479 -0.10298273 -0.87423521 -0.20698659 0.97833943 -0.00291259
-0.50687498 -0.07766172 -0.85851413 -0.17266856 0.98489618 0.01285084
-0.51730436 -0.08471777 -0.85159802 -0.15891652 0.98729062 -0.00168256
-0.50618243 -0.07717712 -0.85896635 -0.17326763 0.98478061 0.01362392
-0.41597238 -0.07807022 -0.90601993 -0.20148830 0.97945738 0.00810922
-0.41219404 -0.07189025 -0.90825546 -0.19998817 0.97970921 0.01321478
-0.52992290 -0.11660271 -0.83999139 -0.16393897 0.98590374 -0.03343372
-0.50125432 -0.11064008 -0.85819745 -0.19647971 0.98043883 -0.01164014
-0.53320271 -0.11357450 -0.83832914 -0.10062092 0.99242723 -0.07045333
-0.69669145 -0.14500614 -0.70256269 -0.19411874 0.98092747 -0.00996301
-0.56683350 -0.12249331 -0.81467491 -0.10579100 0.99151981 -0.07547636
-0.72304183 -0.10785519 -0.68233269 0.02183408 0.98367500 -0.17862462
-0.73895735 -0.10362740 -0.66573530 0.06458588 0.97265559 -0.22309163
-0.72698861 -0.10667434 -0.67831278 0.08119418 0.96757323 -0.23918538
-0.75432473 -0.09744670 -0.64922911 0.08483378 0.96616268 -0.24358365
-0.70240283 -0.11684663 -0.70212334 0.00696274 0.98525840 -0.17093118
-0.70667595 -0.12380061 -0.69662219 -0.04859468 0.99074060 -0.12677404
-0.53994137 -0.12324509 -0.83263081 -0.24858257 0.96844620 0.01785159
-0.50806820 -0.06095639 -0.85915720 -0.07505495 0.99683148 -0.02634001
-0.56868625 -0.09112351 -0.81749153 -0.16544741 0.98620510 0.00516361
-0.52815491 -0.09176183 -0.84417540 -0.21384656 0.97647589 0.02764935
-0.53061622 -0.12428718 -0.83845043 -0.27834073 0.95988530 0.03386089
-0.40200126 -0.07206833 -0.91279852 -0.25621498 0.96592760 0.03657540
-0.53195846 -0.11802252 -0.83850515 -0.16541778 0.98564458 -0.03378976
-0.53402460 -0.12065754 -0.83681512 -0.11060058 0.99122870 -0.07234072
-0.65883881 -0.14119633 -0.73891479 -0.12595840 0.98906696 -0.07668862
-0.57305479 -0.13108055 -0.80896610 -0.12347984 0.98966658 -0.07288973
-0.71751451 -0.11212514 -0.68745971 0.02406687 0.98237866 -0.18534565
-0.73256528 -0.10598332 -0.67239553 0.03710443 0.98011875 -0.19491155
-0.73478085 -0.10761202 -0.66971403 0.06473494 0.97170329 -0.22716108
-0.77633989 -0.09190537 -0.62357819 0.08447290 0.96521789 -0.24742429
-0.69576395 -0.13390392 -0.70567858 -0.03094513 0.98714513 -0.15680240
-0.82970214 -0.03207124 -0.55728430 -0.07312681 0.99598926 0.05155512
-0.70439076 -0.10248540 -0.70237488 -0.16731326 0.98561215 0.02398015
-0.56899893 -0.10224465 -0.81595731 -0.20519067 0.97850782 0.02047422
-0.42601255 -0.09697996 -0.89950442 -0.26516733 0.96395922 0.02165621
-0.42652503 -0.09176180 -0.89980900 -0.28423166 0.95804024 0.03703053
-0.60792243 -0.13518290 -0.78240389 -0.28152114 0.95807892 0.05320412
-0.68590021 -0.13867368 -0.71436030 -0.10008468 0.99032259 -0.09614698
-0.65726656 -0.14290139 -0.73998636 -0.11058113 0.98951858 -0.09286967
-0.60478044 -0.13877021 -0.78420883 -0.15212673 0.98669964 -0.05728227
-0.71610606 -0.11727176 -0.68806940 0.02060903 0.98180258 -0.18878320
-0.74288350 -0.10617556 -0.66094697 0.04623505 0.97684586 -0.20888880
-0.77872002 -0.09041362 -0.62082249 0.06758317 0.97171313 -0.22628765
-0.69860685 -0.13721584 -0.70222533 -0.09984989 0.99053186 -0.09421598
-0.71183336 -0.13240086 -0.68975598 -0.04946208 0.98908275 -0.13881236
-0.89964467 -0.01705647 -0.43628955 -0.02685332 0.99950659 0.01629743
-0.75110292 -0.02324499 -0.65977585 -0.08174919 0.99496323 0.05801083
-0.75297415 -0.11847221 -0.64729774 -0.22038466 0.97225589 0.07841624
-0.91611111 -0.08287361 -0.39226586 -0.13453674 0.98521674 0.10605592
-0.60407698 -0.12527931 -0.78701729 -0.27502114 0.95966709 0.05833101
-0.44576627 -0.11825457 -0.88730395 -0.28676546 0.95786029 0.01640815
-0.42791736 -0.12409394 -0.89525831 -0.37890622 0.92391366 0.05304442
-0.53382015 -0.11387713 -0.83789504 -0.28422871 0.95740116 0.05096212
-0.75339019 -0.14719160 -0.64088845 -0.17886420 0.98374897 -0.01567360
-0.70066905 -0.13707839 -0.70019460 -0.07400042 0.99003983 -0.11977135
-0.62820053 -0.14260654 -0.76487100 -0.15255812 0.98655331 -0.05863979
-0.74401909 -0.12260108 -0.65681398 -0.02665198 0.98768467 -0.15417092
-0.75776726 -0.10507024 -0.64401013 0.04147829 0.97719896 -0.20823497
-0.85977066 -0.01497006 -0.51046091 0.21030469 0.90049785 -0.38062528
-0.77846271 -0.09205661 -0.62090373 0.06329533 0.97263247 -0.22356169
-0.74678588 -0.12529279 -0.65315586 -0.05510182 0.99037367 -0.12697951
-0.96488845 -0.01623873 -0.26215777 -0.02733527 0.99887556 0.03873628
-0.91758257 -0.02299880 -0.39687964 -0.04939134 0.99718547 0.05640642
-0.82801884 -0.04926541 -0.55853176 -0.08387556 0.99580723 0.03650948
-0.89636475 -0.14322691 -0.41954300 -0.19609845 0.97685099 0.08548443
-0.90960097 -0.13094528 -0.39430887 -0.18207037 0.97868615 0.09499424
-0.90918964 -0.07027858 -0.41040850 -0.12405136 0.98661220 0.10586648
-0.57898396 -0.11785635 -0.80677599 -0.28448877 0.95651162 0.06443358
-0.46549964 -0.13973890 -0.87394696 -0.31789520 0.94795972 0.01775078
-0.63071924 -0.21876760 -0.74453610 -0.36833200 0.92887205 0.03909408
-0.41668633 -0.12846510 -0.89992738 -0.37359339 0.92669952 0.04069519
-0.70568007 -0.14497484 -0.69354022 -0.10348023 0.98943532 -0.10153598
-0.76857984 -0.10782079 -0.63060266 0.00612953 0.98440939 -0.17578554
-0.80137020 -0.07812111 -0.59304541 0.05922458 0.97620136 -0.20862272
-0.80528224 -0.08666391 -0.58652365 0.02428731 0.98360705 -0.17868224
-0.73268151 -0.14001606 -0.66601306 -0.04501959 0.98643595 -0.15785253
-0.99586159 -0.02554539 0.08721910 -0.01425076 0.99170482 0.12774387
-0.99893892 -0.02861863 0.03608360 -0.02680859 0.99840504 0.04968577
-0.99554747 -0.02896699 -0.08970051 -0.03722145 0.99508506 0.09176206
-0.99316448 -0.11033109 0.03809674 -0.10311779 0.98227745 0.15651739
-0.90967751 -0.18687539 -0.37089694 -0.23340391 0.96871245 0.08437320
-0.99237359 -0.12321994 0.00339437 -0.12243407 0.98849189 0.08884680
-0.99400336 -0.10259344 -0.03784296 -0.10593347 0.98927706 0.10054382
-0.54728067 -0.17376088 -0.81871307 -0.33225718 0.94293278 0.02197728
-0.44650435 -0.14095744 -0.88360906 -0.37709886 0.92517585 0.04296681
-0.52451670 -0.25514129 -0.81227165 -0.47928444 0.87700003 0.03402038
-0.40327743 -0.16808863 -0.89950740 -0.43809548 0.89847606 0.02851603
-0.75045592 -0.14231360 -0.64541686 -0.10839225 0.98982137 -0.09222170
-0.78956729 -0.10663739 -0.60432774 -0.01201128 0.98728287 -0.15851922
-0.79968715 -0.08099537 -0.59492880 0.06876707 0.97198379 -0.22476359
-0.84086025 -0.06400464 -0.53745472 0.06217748 0.97498703 -0.21338779
-0.80540556 -0.09775439 -0.58460754 0.00196567 0.98586035 -0.16755746
-0.81944793 -0.08199539 -0.56725830 0.02952639 0.98236066 -0.18465026
-0.77429110 -0.12952527 -0.61943251 -0.06397964 0.98983675 -0.12700336
-0.99228883 0.11395638 -0.04875262 0.11170761 0.99264747 0.04660897
-0.96527362 0.14943969 0.21427687 0.16408506 0.98506564 0.05217121
-0.96599001 -0.24284084 -0.08883525 -0.24890187 0.96635038 0.06492203
-0.92183626 -0.20447676 -0.32925245 -0.24539867 0.96546751 0.08747604
-0.98745614 0.11853915 0.10430224 0.12462490 0.99073976 0.05388351
-0.51516545 -0.18519123 -0.83684456 -0.37005603 0.92874223 0.02228034
-0.45131370 -0.16254315 -0.87743706 -0.39849761 0.91649401 0.03519066
-0.65810502 -0.32237503 -0.68042058 -0.46150631 0.88674879 0.02623959
-0.47091112 -0.23588265 -0.85006005 -0.46846437 0.88336515 0.01439258
0.34387511 0.23918733 0.90804154 0.50040567 -0.86494213 0.03833096
-0.43850359 -0.18803602 -0.87883848 -0.43654463 0.89932406 0.02539840
-0.78568840 -0.12600894 -0.60565299 -0.05954706 0.98989367 -0.12870409
-0.77517617 -0.09559672 -0.62447035 0.08289396 0.96454662 -0.25055617
-0.81039244 -0.07669476 -0.58084595 0.09791208 0.95972472 -0.26332816
-0.83471096 -0.06859818 -0.54639906 0.05659137 0.97627270 -0.20901933
-0.82885009 -0.07474755 -0.55445498 0.04057067 0.98039538 -0.19281845
-0.99266946 0.11365838 -0.04109813 0.11177289 0.99268746 0.04559061
-0.95078081 0.13930435 0.27678543 0.15472703 0.98735219 0.03457204
-0.98550200 0.13475016 0.10309318 0.13921310 0.98955739 0.03736220
-0.91980141 -0.19871256 -0.33834696 -0.21856269 0.97559267 0.02119652
-0.91159421 -0.19848175 -0.36000147 -0.24049111 0.96771574 0.07543402
-0.89945078 -0.19998540 -0.38857964 -0.24943256 0.96502310 0.08070881
-0.98819494 0.12186716 0.09283971 0.12745440 0.99021566 0.05681851
-0.52794719 -0.24302682 -0.81376272 -0.44379744 0.89589566 0.02036828
-0.83639479 -0.40312529 -0.37139449 -0.46335238 0.88197583 0.08615846
-0.65078878 -0.35284206 -0.67229199 -0.48614848 0.87379390 0.01200190
-0.42059398 -0.21210912 -0.88210571 -0.50601190 0.86185497 0.03403019
0.33628511 0.23571706 0.91178387 0.47777885 -0.87702650 0.05051654
-0.43197936 -0.19517703 -0.88051105 -0.43584651 0.89990664 0.01435030
-0.70802242 -0.12409048 -0.69520199 0.04304360 0.97502697 -0.21787538
-0.79202050 -0.08832544 -0.60407138 0.09862714 0.95796889 -0.26938498
-0.81730902 -0.07117879 -0.57178628 0.10268025 0.95846516 -0.26608524
-0.85827184 -0.06379675 -0.50921446 0.01019142 0.98992860 -0.14120029
-0.83986139 -0.06367791 -0.53905284 0.07697031 0.96908838 -0.23439986
-0.94158447 0.26577541 0.20683837 0.25690398 0.96396077 -0.06913741
-0.90471917 -0.32603413 -0.27419895 -0.37318930 0.91697586 0.14101470
-0.49005976 -0.23735465 -0.83875161 -0.44900852 0.89347702 0.00950228
-0.47497725 -0.22418414 -0.85096306 -0.45558822 0.88996971 0.01983276
-0.82903111 -0.44175339 -0.34287217 -0.49125370 0.86826861 0.06913367
-0.61458427 -0.35732540 -0.70328140 -0.55706251 0.82782781 0.06620099
0.34383792 0.27067631 0.89917183 0.53593409 -0.84284925 0.04878362
-0.42095089 -0.21536288 -0.88114655 -0.47353566 0.88070643 0.01096729
-0.74108797 -0.10945177 -0.66242659 0.07596472 0.96661890 -0.24469835
-0.79485160 -0.08600898 -0.60067749 0.11425565 0.95098424 -0.28735799
-0.82279241 -0.06743670 -0.56432694 0.12415412 0.94762748 -0.29425839
-0.83489209 -0.06386672 -0.54669571 0.10039178 0.95891470 -0.26533777
-0.87794209 -0.04311141 -0.47682196 0.03700320 0.98684835 -0.15735659
-0.85195196 -0.05543854 -0.52067697 0.08593478 0.96609312 -0.24347362
-0.93217778 -0.35821474 -0.05221833 -0.36079988 0.93110836 0.05348627
-0.44507763 -0.23308484 -0.86462557 -0.51730907 0.85505009 0.03578833
-0.44509685 -0.23171641 -0.86498344 -0.47515142 0.87986004 0.00879830
-0.87840205 -0.47612652 -0.04139364 -0.47792000 0.87537724 0.07285070
-0.78717291 -0.45340759 -0.41806743 -0.51830870 0.85372967 0.05001852
-0.68776953 -0.40188932 -0.60453129 -0.52946496 0.84743506 0.03899669
-0.51338685 -0.32151920 -0.79565036 -0.53684646 0.84366214 0.00547519
0.33910370 0.28162259 0.89760649 0.53319168 -0.84362650 0.06325378
-0.75747418 -0.09807478 -0.64545667 0.10557491 0.95723909 -0.26934618
-0.79811972 -0.07728199 -0.59752190 0.12327011 0.94981468 -0.28750056
-0.82448953 -0.06544139 -0.56208056 0.12436026 0.94805294 -0.29279727
-0.79969919 -0.08077408 -0.59494269 0.10926342 0.95478326 -0.27649656
-0.84237427 -0.05904712 -0.53564835 0.12487011 0.94553900 -0.30060530
-0.84700876 -0.05856935 -0.52834249 0.11201092 0.95193172 -0.28509584
-0.89789963 -0.03240993 -0.43900555 0.01742752 0.99388695 -0.10901901
-0.88065374 -0.04288413 -0.47181559 0.05822981 0.97854596 -0.19762892
-0.86473793 -0.04989640 -0.49973863 0.08045652 0.96843761 -0.23591401
-0.85304016 -0.05368697 -0.51907641 0.08975702 0.96477538 -0.24728958
-0.90376598 -0.42428038 -0.05650949 -0.42752701 0.90118814 0.07127886
-0.46740973 -0.25732282 -0.84576190 -0.49785921 0.86718422 0.01130101
-0.44057864 -0.24261677 -0.86430764 -0.50510949 0.86292052 0.01525091
-0.84535831 -0.53200364 -0.04838996 -0.53419125 0.84238112 0.07094900
-0.77720827 -0.47242475 -0.41564679 -0.53524554 0.84365451 0.04194413
-0.70915830 -0.42294407 -0.56410354 -0.55623609 0.82725894 0.07901962
0.38271213 0.32143611 0.86614686 0.61621612 -0.78732556 0.01990592
0.30008253 0.26328373 0.91685992 0.57386500 -0.81760252 0.04695872
0.35777953 0.30719835 0.88182932 0.56276661 -0.82451445 0.05890384
0.32500219 0.27678329 0.90430343 0.55426472 -0.83052129 0.05500048
-0.76343125 -0.09787167 -0.63843077 0.10120996 0.95811439 -0.26790547
-0.82439941 -0.06683557 -0.56204861 0.13025688 0.94394827 -0.30330655
-0.79999924 -0.08156658 -0.59443092 0.10995508 0.95400828 -0.27888721
-0.79548770 -0.08316843 -0.60023522 0.10856006 0.95495176 -0.27619180
-0.84419829 -0.05637442 -0.53305846 0.13726895 0.93855751 -0.31664982
-0.84898567 -0.05618000 -0.52542096 0.11846609 0.94878572 -0.29286760
-0.90303689 -0.03867553 -0.42781848 -0.02725000 0.99909043 -0.03280035
-0.91246170 -0.01798820 -0.40876666 0.04415258 0.98887068 -0.14207506
-0.89411193 -0.03162731 -0.44672549 0.08180002 0.96918929 -0.23233779
-0.86455506 -0.04974959 -0.50006950 0.08007888 0.96873450 -0.23482089
-0.69214720 0.71429139 0.10353781 0.70209956 0.69958425 -0.13280900
-0.45595622 -0.28002039 -0.84480327 -0.50763565 0.86149418 -0.01157224
0.35496199 0.30616832 0.88332498 0.56239909 -0.82469720 0.05984869
-0.68174326 0.72856981 0.06642473 0.72312111 0.68484306 -0.08992142
-0.82783872 -0.55543709 -0.07856724 -0.56023550 0.82575780 0.06527147
-0.77158612 -0.50081122 -0.39222825 -0.57062125 0.81742376 0.07880214
-0.56165093 -0.37660474 -0.73669344 -0.56656587 0.82394660 0.01073721
0.29166734 0.26578292 0.91885233 0.60259670 -0.79707867 0.03927958
0.32117963 0.28484121 0.90316623 0.56347924 -0.82398570 0.05948743
-0.77049494 -0.09287831 -0.63064355 0.11008229 0.95507723 -0.27515358
-0.82534617 -0.06523202 -0.56084627 0.13112666 0.94400197 -0.30276397
-0.84288305 -0.05364175 -0.53541648 0.14021462 0.93874961 -0.31478426
-0.80552679 -0.07941227 -0.58721405 0.11963315 0.94877785 -0.29241857
-0.86381948 -0.04267947 -0.50199038 0.14947657 0.92982686 -0.33627197
-0.87570918 -0.04058598 -0.48113018 0.12944195 0.94025218 -0.31491384
-0.92440534 -0.02287646 -0.38072494 -0.01182083 0.99943852 -0.03135173
-0.91780865 -0.01754547 -0.39663517 0.05985956 0.98148757 -0.18193114
-0.92800987 -0.00955054 -0.37243322 0.04365898 0.98999554 -0.13417426
-0.89397180 -0.03251202 -0.44694236 0.08095320 0.96923888 -0.23242773
-0.44679341 -0.28812006 -0.84697253 -0.52495438 0.85103738 -0.01257990
0.35849762 0.31705388 0.87804115 0.57956898 -0.81293356 0.05691037
-0.68226379 0.72775209 0.06995022 0.72543108 0.68576026 -0.05901505
-0.82220286 -0.56813860 -0.03465511 -0.56919450 0.82064080 0.05065930
-0.71469486 -0.48288110 -0.50600117 -0.58246702 0.81141460 0.04835838
-0.50949800 -0.33944583 -0.79068857 -0.60524559 0.79453504 0.04890648
0.28124803 0.26187819 0.92321146 0.58510387 -0.80933237 0.05132862
-0.79710329 -0.08001120 -0.59851867 0.11658470 0.95214128 -0.28255096
-0.77970231 -0.07436072 -0.62171924 0.11378124 0.95956594 -0.25746271
-0.82844400 -0.06358063 -0.55645126 0.12557435 0.94715434 -0.29517770
-0.84445977 -0.05224341 -0.53306490 0.13364777 0.94319987 -0.30415836
-0.80799723 -0.07764185 -0.58404821 0.11288018 0.95251709 -0.28278843
-0.87047303 -0.04252629 -0.49037570 0.11467838 0.95132238 -0.28606766
-0.87212026 -0.03720330 -0.48787516 0.14952748 0.92913878 -0.33814585
-0.88538563 -0.02865614 -0.46397322 0.15163523 0.92570013 -0.34653431
-0.88551998 -0.03535384 -0.46325436 0.12145327 0.94481325 -0.30426496
-0.93180901 -0.02512186 -0.36207855 -0.02799086 0.99960458 0.00267954
-0.93093401 -0.00968397 -0.36505911 0.03885904 0.99134606 -0.12539166
-0.91659349 -0.01816915 -0.39940751 0.06563181 0.97857833 -0.19513310
-0.89656395 -0.03072908 -0.44184718 0.09577399 0.96053803 -0.26113996
-0.48006499 -0.31443396 -0.81894380 -0.54092205 0.84105247 -0.00583407
-0.41888702 -0.27349547 -0.86587173 -0.56454313 0.82530999 0.01242825
0.35462862 0.32210967 0.87777215 0.58250469 -0.81045407 0.06206880
-0.68538600 0.72466296 0.07148206 0.71465075 0.68823791 -0.12491167
-0.79097492 -0.61108762 -0.03050814 -0.61167151 0.78856272 0.06345787
-0.73421502 -0.53772712 -0.41446102 -0.62009388 0.77970004 0.08689938
-0.51783526 -0.35914847 -0.77643996 -0.62452632 0.77897942 0.05619559
0.24524586 0.26498091 0.93254471 0.63369972 -0.77178550 0.05264756
-0.79602319 -0.07017902 -0.60118377 0.12292363 0.95381135 -0.27410525
-0.81709182 -0.07563735 -0.57152426 0.10911220 0.95314902 -0.28213739
-0.84226239 -0.05511515 -0.53624290 0.12837395 0.94563377 -0.29882598
-0.86275369 -0.04365915 -0.50373602 0.13437723 0.94063884 -0.31167504
-0.86937529 -0.03759781 -0.49272010 0.13631666 0.94016457 -0.31226340
-0.88792098 -0.02855366 -0.45910892 0.13682738 0.93650061 -0.32286981
-0.88909668 -0.02113322 -0.45723140 0.15575336 0.92535233 -0.34563559
-0.90530664 -0.01555646 -0.42447373 0.15219404 0.92109740 -0.35835266
-0.90583837 -0.01527791 -0.42334792 0.14663500 0.92626268 -0.34718245
-0.94850153 -0.01230832 -0.31653339 0.00289432 0.99886638 -0.04751359
-0.93816519 -0.00518887 -0.34614909 0.03751584 0.99247527 -0.11655638
-0.92253280 -0.01445936 -0.38564771 0.07497320 0.97354394 -0.21585000
-0.91865396 -0.01281798 -0.39485517 0.10166405 0.95814300 -0.26763111
-0.44951051 -0.30555308 -0.83939123 -0.55094099 0.83449858 -0.00873229
0.35800520 0.33255944 0.87248874 0.60493428 -0.79440302 0.05457560
0.27920827 0.30763879 0.90961593 0.64905775 -0.75857615 0.05732656
-0.68926281 0.72183985 0.06216128 0.71329743 0.69112915 -0.11639319
-0.68490231 0.72639960 0.05703114 0.72368491 0.68727058 -0.06276431
-0.74852687 -0.54980487 -0.37070495 -0.61040729 0.78971350 0.06128301
-0.71633482 -0.52961171 -0.45428622 -0.62236869 0.77932930 0.07282291
-0.58484137 -0.42291003 -0.69217616 -0.62044680 0.78290474 0.04589108
0.34981823 0.33758080 0.87388009 0.64392984 -0.76416838 0.03743097
0.19027059 0.23065810 0.95425045 0.50122797 -0.85859972 0.10759651
0.21351622 0.24348626 0.94611067 0.64289713 -0.76421344 0.05158645
-0.80056703 -0.06505710 -0.59570134 0.13315696 0.94992328 -0.28269252
-0.82366985 -0.06836718 -0.56293333 0.12364373 0.94716907 -0.29594427
-0.84441662 -0.05407526 -0.53295076 0.12929460 0.94490433 -0.30073038
-0.87031299 -0.03544038 -0.49122235 0.13573851 0.94151598 -0.30841970
-0.88107842 -0.02784066 -0.47215021 0.14309944 0.93578786 -0.32221690
-0.86120349 -0.04989292 -0.50580555 0.12624882 0.94298166 -0.30797222
-0.07838703 -0.91222423 0.40212244 -0.91862321 -0.09060370 -0.38460681
-0.91749769 -0.00536553 -0.39770502 0.13390599 0.93737149 -0.32156479
-0.97198230 -0.02212260 -0.23401080 -0.04684187 0.99382281 0.10060875
-0.94823372 -0.01008100 -0.31741333 0.00702219 0.99858606 -0.05269288
-0.95369452 0.00206209 -0.30076998 0.04844628 0.98797286 -0.14684202
-0.91989946 -0.01462705 -0.39188147 0.09780784 0.95916605 -0.26539439
-0.93494779 -0.00543935 -0.35474372 0.07631237 0.97339535 -0.21605095
-0.91712606 -0.01214415 -0.39841241 0.08401237 0.97119254 -0.22299568
0.35636550 0.39504665 0.84672421 0.65935928 -0.74840450 0.07166652
-0.40213799 -0.31388769 -0.86009282 -0.56191576 0.82628286 -0.03882414
0.30790660 0.32786331 0.89314008 0.64738625 -0.76011330 0.05584653
0.28200907 0.31436568 0.90644652 0.64258170 -0.76346689 0.06486207
-0.69174236 0.72007078 0.05468630 0.71779251 0.69390053 -0.05723604
-0.74064833 -0.55840188 -0.37366748 -0.61912566 0.78324163 0.05671032
-0.58286494 -0.43988097 -0.68320805 -0.64605540 0.76082373 0.06131532
0.31771687 0.31927279 0.89281631 0.69561553 -0.71835351 0.00934341
0.24701762 0.28246689 0.92692763 0.63598138 -0.76897478 0.06485008
0.22844684 0.26859993 0.93577033 0.64715940 -0.75997794 0.06015204
0.22023253 0.26096639 0.93989056 0.66815299 -0.74237126 0.04956418
-0.81460410 -0.05913269 -0.57699525 0.13682735 0.94712204 -0.29023808
-0.79153794 -0.04466010 -0.60948604 0.16079773 0.94696343 -0.27821639
-0.84694141 -0.04482385 -0.52979350 0.15288113 0.93382818 -0.32340744
-0.88115096 -0.02906116 -0.47194111 0.14211611 0.93568182 -0.32295921
-0.89096802 -0.02287791 -0.45348936 0.14090352 0.93549603 -0.32402682
-0.90316302 -0.00859495 -0.42921174 0.16022269 0.92080814 -0.35558560
-0.88545883 -0.02619474 -0.46397901 0.15667719 0.92312896 -0.35112002
-0.06823016 -0.92411727 0.37596801 -0.92874539 -0.07880420 -0.36224559
-0.08012486 -0.90703982 0.41335076 -0.93495625 -0.07538719 -0.34666061
-0.92254221 -0.00020675 -0.38589627 0.13532136 0.93632656 -0.32400745
-0.97548258 -0.00477691 -0.22002490 -0.01069608 0.99961197 0.02571882
-0.95748848 0.00317406 -0.28845391 0.04242098 0.99061781 -0.12991090
-0.95409739 0.00253611 -0.29948598 0.05404258 0.98500776 -0.16382669
-0.95798105 0.00359469 -0.28680912 0.03654554 0.99330181 -0.10961760
-0.93706709 -0.00418827 -0.34912437 0.08870831 0.96426040 -0.24966525
-0.37505072 -0.38196760 -0.84465247 -0.65242577 0.75605249 -0.05220476
0.33148721 0.37954289 0.86374962 0.66851103 -0.74051023 0.06883075
0.31237787 0.34745136 0.88413668 0.65069085 -0.75635135 0.06733564
0.31349814 0.34045744 0.88645792 0.63931090 -0.76592928 0.06807268
0.28017628 0.31692007 0.90612525 0.64430118 -0.76181138 0.06722625
-0.68876725 -0.71573025 -0.11545569 -0.72363740 0.68841231 0.04937086
-0.72039449 0.69188744 0.04820393 0.68547583 0.72085476 -0.10242739
-0.75054806 -0.62041122 -0.22752503 -0.64991504 0.75531375 0.08433075
-0.58704650 -0.46251976 -0.66441846 -0.65717739 0.75154102 0.05748051
-0.45937142 -0.38595575 -0.80001009 -0.71046901 0.70022428 0.07014105
0.21524015 0.26049441 0.94117713 0.66934365 -0.74112737 0.05205175
0.17647958 0.22555126 0.95811361 0.69821984 -0.71478397 0.03966009
-0.80904692 -0.03906346 -0.58644456 0.16053006 0.94516361 -0.28442192
-0.79511362 -0.01983328 -0.60613620 0.17686567 0.94843441 -0.26304132
-0.84571284 -0.01142298 -0.53351605 0.17624338 0.93769222 -0.29945213
-0.87947381 -0.02607549 -0.47523251 0.14057034 0.93972385 -0.31170362
-0.90220451 -0.01230104 -0.43113306 0.14576060 0.93208551 -0.33161801
-0.89585483 -0.01893515 -0.44394338 0.15414731 0.92380404 -0.35046357
-0.90657926 -0.01335871 -0.42182416 0.15345387 0.92065287 -0.35895720
-0.07379433 -0.91645318 0.39327851 -0.92835552 -0.08092612 -0.36277688
-0.07258423 -0.91419911 0.39871234 -0.93776470 -0.07356398 -0.33939022
-0.08034091 -0.90730351 0.41272947 -0.93944830 -0.06946531 -0.33557636
-0.06985751 -0.92712408 0.36818594 -0.93866223 -0.06384959 -0.33887532
-0.99102455 -0.00959774 -0.13333531 -0.02420707 0.99381435 0.10838413
-0.97372520 0.00739007 -0.22760642 0.01731456 0.99898273 -0.04163798
-0.94271898 -0.00515263 -0.33354825 0.05685047 0.98277223 -0.17586026
-0.95505410 0.00533287 -0.29638383 0.05767381 0.98407477 -0.16813895
-0.94966501 0.01192250 -0.31304035 0.09885883 0.95961940 -0.26335815
0.28983536 0.42358917 0.85823524 0.73762572 -0.67024857 0.08170260
0.31155047 0.34751642 0.88440299 0.65232092 -0.75498742 0.06686953
0.26315469 0.34071684 0.90258610 0.71237934 -0.69952744 0.05636556
0.29001552 0.32645494 0.89962113 0.64386708 -0.76202375 0.06895676
0.27555877 0.31518951 0.90814257 0.65080237 -0.75645381 0.06506907
-0.61780429 -0.77276742 -0.14542480 -0.78544891 0.61522734 0.06756756
-0.67291814 -0.65297157 -0.34757632 -0.71680909 0.69164073 0.08841833
-0.71911103 0.69365084 0.04156699 0.69156599 0.72023267 -0.05478561
-0.72430122 -0.64904553 -0.23265347 -0.67795163 0.73187375 0.06886589
-0.55982631 -0.49071950 -0.66767430 -0.69506019 0.71676838 0.05598661
0.22586460 0.28262913 0.93225855 0.69339472 -0.71882594 0.04993014
0.18421687 0.24745612 0.95122540 0.73101300 -0.68142903 0.03570012
-0.81968278 -0.02925758 -0.57207018 0.17204051 0.94001275 -0.29458126
-0.84532553 -0.00605178 -0.53421742 0.18247682 0.93653065 -0.29935375
-0.89286649 -0.01277137 -0.45014039 0.15007816 0.93401349 -0.32418418
-0.89653391 -0.01869285 -0.44258055 0.13995413 0.93598092 -0.32303670
-0.07453484 -0.91783023 0.38991305 -0.92379808 -0.08370154 -0.37361899
-0.07402194 -0.90841866 0.41145647 -0.94452924 -0.06851912 -0.32120028
-0.08212627 -0.89777595 0.43272811 -0.95275909 -0.05666975 -0.29839358
-0.08137404 -0.90945888 0.40775353 -0.93980622 -0.06621101 -0.33523196
-0.06196890 -0.93451500 0.35048777 -0.95147544 -0.05073830 -0.30351299
-0.02185940 -0.97093898 -0.23832695 -0.99514031 0.04402393 -0.08807809
-0.98999804 0.00272150 -0.14105512 0.00360560 0.99997544 -0.00601260
-0.98107433 0.02061523 -0.19253102 0.04374970 0.99220389 -0.11669389
-0.95629764 0.01101482 -0.29218748 0.07910594 0.97177041 -0.22227152
-0.96767622 0.02545763 -0.25090772 0.07304587 0.98053920 -0.18222852
-0.94222343 0.00242033 -0.33497640 0.10192906 0.95462942 -0.27980909
0.23413357 0.37426880 0.89727610 0.76969922 -0.63518059 0.06410050
-0.37553555 -0.43713892 -0.81724083 -0.73387182 0.67879564 -0.02585894
0.29272279 0.33119091 0.89700949 0.68333018 -0.72865641 0.04603971
0.26995471 0.33829251 0.90148914 0.71387160 -0.69860303 0.04838565
0.24717218 0.35295027 0.90240353 0.73301393 -0.67718780 0.06408773
0.26409289 0.30864593 0.91377932 0.66484284 -0.74462080 0.05936215
-0.58309692 -0.80427194 -0.11465017 -0.81239033 0.57803142 0.07682257
-0.69067556 0.72000134 0.06756768 0.72024989 0.69326305 -0.02503100
-0.52422386 -0.47672611 -0.70563567 -0.71937150 0.69135261 0.06735182
0.22161756 0.28129929 0.93367898 0.69348502 -0.71859968 0.05189485
0.17090274 0.23482692 0.95689529 0.73344642 -0.67881489 0.03559010
0.15533257 0.22504969 0.96188587 0.77325511 -0.63366365 0.02338545
-0.81627256 -0.00416281 -0.57765204 0.19073026 0.94195366 -0.27630654
-0.86347610 0.00921221 -0.50430566 0.19950098 0.92453790 -0.32469848
-0.84072721 0.01136348 -0.54133970 0.20438471 0.93247783 -0.29784554
-0.87430745 -0.03216335 -0.48430574 0.10615934 0.96097189 -0.25546664
-0.91439152 0.00395812 -0.40481177 0.14715718 0.93479842 -0.32325953
-0.91174686 0.00043969 -0.41075239 0.15328830 0.92811912 -0.33926043
-0.90740407 -0.00495580 -0.42023018 0.15386352 0.92658716 -0.34316513
-0.91048568 -0.00374855 -0.41352358 0.15089358 0.92800409 -0.34064591
-0.06182235 -0.92085379 0.38497576 -0.94346857 -0.07192953 -0.32356325
-0.07464813 -0.90831900 0.41156328 -0.94898427 -0.06208731 -0.30915055
-0.07989719 -0.90114170 0.42609864 -0.96185768 -0.04249571 -0.27022937
-0.07176235 -0.92105097 0.38277313 -0.96283615 -0.03621191 -0.26764780
-0.07310993 -0.91981065 0.38549101 -0.96238744 -0.03634343 -0.26923883
-0.03268486 -0.98695427 -0.15764822 -0.99764937 0.04172201 -0.05435961
-0.99151051 0.01366036 -0.12930745 0.02548040 0.99559748 -0.09020256
-0.98736262 0.01266303 -0.15797083 0.02648418 0.99596924 -0.08569624
-0.97800636 0.03468075 -0.20567158 0.06689749 0.98614097 -0.15182491
-0.96497357 0.02323044 -0.26131660 0.08254150 0.97237068 -0.21836255
-0.97623044 0.03452641 -0.21396755 0.07020809 0.98437482 -0.16148402
-0.06077727 -0.94025540 0.33500144 -0.96999502 -0.02351663 -0.24198489
0.23874769 0.37260062 0.89675432 0.76824045 -0.63731772 0.06027222
0.23211011 0.38914266 0.89145547 0.81709909 -0.57522047 0.03834837
0.24335742 0.41469574 0.87681502 0.82414967 -0.56506133 0.03850933
0.24447235 0.31597877 0.91672826 0.72542620 -0.68693554 0.04331752
0.22491612 0.34550866 0.91106343 0.76647490 -0.64004171 0.05350607
0.24281925 0.36684263 0.89803416 0.76427275 -0.64247489 0.05579639
-0.55361235 -0.82531625 -0.11120468 -0.83276945 0.54912013 0.07044300
-0.56880367 -0.78772467 -0.23654214 -0.81778431 0.57233304 0.06052980
-0.60423458 -0.66301322 -0.44194347 -0.77973515 0.60619974 0.15663639
0.21902640 0.29241338 0.93087161 0.71950388 -0.69280434 0.04833637
0.17765918 0.25912586 0.94936347 0.75526720 -0.65435666 0.03726767
0.29044065 0.37240463 0.88145280 0.76283741 -0.64622718 0.02166767
0.15114832 0.22779819 0.96190548 0.76535636 -0.64281243 0.03196693
-0.82270664 0.00254759 -0.56846052 0.20977981 0.93076962 -0.29943335
-0.87652284 0.01742041 -0.48104498 0.20134124 0.92099345 -0.33351585
-0.86262995 0.02467757 -0.50523335 0.21232067 0.92422700 -0.31737116
-0.84591281 0.01243594 -0.53317630 0.20699859 0.92900950 -0.30674595
-0.88878745 -0.01331067 -0.45812634 0.16484965 0.92339677 -0.34664536
-0.89883786 -0.00249737 -0.43827435 0.15882127 0.93016219 -0.33101991
-0.90712774 -0.00364078 -0.42083976 0.15610254 0.92572045 -0.34449050
-0.90973800 -0.00531995 -0.41514876 0.14498657 0.93289632 -0.32967159
-0.05510337 -0.92478585 0.37647685 -0.93495822 -0.08454957 -0.34453541
-0.07733869 -0.89918810 0.43067342 -0.95838338 -0.05201611 -0.28070551
-0.07904824 -0.89941323 0.42989209 -0.96362299 -0.04150347 -0.26402315
-0.07112109 -0.92191553 0.38080654 -0.96536005 -0.03246609 -0.25889382
-0.03142921 -0.96332079 -0.26650566 -0.98798072 0.07031713 -0.13765751
-0.04525658 -0.99771714 0.05012399 -0.99797738 0.04291210 -0.04690177
-0.04127964 -0.99134076 0.12465762 -0.99566585 0.03040762 -0.08789209
-0.05076458 -0.96690124 0.25004995 -0.99133372 0.01840958 -0.13007161
-0.04022745 -0.96635145 0.25406039 -0.97282422 -0.02014699 -0.23066683
-0.04590375 -0.96510708 0.25780064 -0.97573340 -0.01199249 -0.21863355
-0.05864795 -0.94513083 0.32138476 -0.97281766 -0.01813669 -0.23086131
0.20979750 0.36108702 0.90862602 0.81514072 -0.57778180 0.04139771
0.23163334 0.41463944 0.88001144 0.81851143 -0.57194293 0.05403972
0.20962510 0.28444967 0.93549222 0.75098842 -0.65952706 0.03225708
0.19640917 0.31900883 0.92717683 0.79868978 -0.60057682 0.03744630
-0.53502923 -0.78522497 -0.31171393 -0.83798635 0.54012924 0.07771291
-0.48448455 -0.66101283 -0.57300687 -0.83037043 0.55358392 0.06348189
-0.55194587 -0.57310158 -0.60573119 -0.73302823 0.67974567 0.02481061
-0.50574630 -0.51877254 -0.68927187 -0.76070946 0.64500779 0.07270518
0.18384433 0.26892489 0.94545263 0.75758982 -0.65162194 0.03803337
-0.34876209 -0.40222704 -0.84650958 -0.81218487 0.58042693 0.05882496
0.13632223 0.21596786 0.96683723 0.79782301 -0.60248691 0.02208935
-0.87591892 0.03105950 -0.48145762 0.21860740 0.91515547 -0.33867589
-0.88663685 -0.00645898 -0.46242130 0.17338747 0.92232454 -0.34533226
-0.85060143 0.01628826 -0.52555871 0.21595451 0.92215151 -0.32093650
-0.06448147 -0.92256677 0.38041127 -0.92696875 -0.08579578 -0.36519593
-0.06444332 -0.91777050 0.39184746 -0.92895550 -0.08826800 -0.35951427
-0.05684736 -0.92399061 0.37816632 -0.93135464 -0.08736850 -0.35347608
-0.05963672 -0.92194581 0.38270018 -0.95053798 -0.06462586 -0.30381095
-0.05408417 -0.92529023 0.37538368 -0.93504339 -0.08498402 -0.34419706
-0.07211196 -0.90764755 0.41349235 -0.95737326 -0.05327168 -0.28389874
-0.07847499 -0.89316952 0.44282046 -0.97739780 -0.01853438 -0.21059465
-0.07370891 -0.90919852 0.40978667 -0.97708845 -0.01642780 -0.21219881
-0.02927571 -0.98609561 -0.16357985 -0.99764597 0.01867282 0.06598367
-0.99765337 0.06679392 0.01504547 0.06674272 0.99776268 -0.00388067
-0.05089931 -0.99382615 0.09858497 -0.99870002 0.05037926 -0.00775904
-0.04595084 -0.99006224 0.13291104 -0.99610645 0.03539205 -0.08074281
-0.04212812 -0.98633522 0.15927391 -0.99525350 0.02743153 -0.09337043
-0.04270688 -0.99138457 0.12382562 -0.99792022 0.03633837 -0.05324226
-0.05305758 -0.96603590 0.25290230 -0.99047470 0.01868559 -0.13642117
-0.05147774 -0.96172822 0.26912630 -0.98998976 0.01368054 -0.14047489
-0.05381027 -0.95065963 0.30553362 -0.97338915 -0.01831702 -0.22842526
-0.03989637 -0.96890950 0.24417749 -0.97911239 -0.01084973 -0.20303029
-0.06364731 -0.93244106 0.35567215 -0.98436725 0.00000910 -0.17612807
0.26192123 0.42266250 0.86761379 0.77166945 -0.63161731 0.07473865
-0.42471340 -0.58832753 -0.68810558 -0.80291420 0.59593153 -0.01394325
0.18980241 0.35635459 0.91486967 0.88043129 -0.47416937 0.00203796
0.20937605 0.29494661 0.93229192 0.74550396 -0.66511309 0.04299315
0.15848917 0.27152860 0.94929105 0.79072893 -0.61067843 0.04265783
0.18691148 0.32969862 0.92539883 0.82085848 -0.56991559 0.03725151
-0.51270497 -0.76472163 -0.39030057 -0.84218526 0.53632706 0.05547431
-0.47476852 -0.71896040 -0.50763261 -0.85824120 0.50598013 0.08605869
-0.49718276 -0.63144737 -0.59504914 -0.81927299 0.56745797 0.08236057
0.17316398 0.27116320 0.94682884 0.80112481 -0.59798574 0.02474130
-0.36224115 -0.42594966 -0.82906467 -0.80351615 0.59349060 0.04615983
0.15357992 0.23857927 0.95890206 0.77507252 -0.63101715 0.03286263
0.13722000 0.22056481 0.96567172 0.81204665 -0.58331960 0.01784325
-0.86000085 0.01350308 -0.51011401 0.22679634 0.90560728 -0.35838377
-0.88006294 0.03815220 -0.47332197 0.22771381 0.90858972 -0.35015866
-0.89736325 0.00434156 -0.44127131 0.17768754 0.91886353 -0.35230243
-0.05440693 -0.90880346 0.41366187 -0.93388027 -0.10031853 -0.34322572
-0.05862043 -0.92475897 0.37601140 -0.96145928 -0.04905437 -0.27053604
-0.05126574 -0.92904830 0.36638924 -0.94602764 -0.07237910 -0.31590033
-0.05299334 -0.92589647 0.37404206 -0.94303638 -0.07679541 -0.32370484
-0.06773208 -0.91347408 0.40121999 -0.97675329 -0.02126646 -0.21330912
-0.07514524 -0.90050000 0.42831412 -0.97486401 -0.02400539 -0.22150391
-0.07760552 -0.89409620 0.44110015 -0.97821826 -0.01715134 -0.20686933
-0.06773552 -0.91985238 0.38637233 -0.98400062 -0.00237019 -0.17814945
-0.07857034 -0.89357257 0.44198954 -0.97808188 -0.01666129 -0.20755309
-0.02613375 -0.99497306 -0.09667320 -0.99936378 0.02365552 0.02669321
-0.99687469 0.06271123 0.04804362 0.06452328 0.99722481 0.03714198
-0.05303195 -0.99738723 0.04905468 -0.99810284 0.05448070 0.02868251
-0.05328394 -0.99380893 0.09749199 -0.99856174 0.05244745 -0.01112470
-0.04605152 -0.99047714 0.12974733 -0.99626815 0.03604753 -0.07842471
-0.05742005 -0.95622575 0.28694123 -0.99710459 0.04057613 -0.06431228
-0.05834487 -0.94530624 0.32092378 -0.98937720 0.01187752 -0.14488547
0.17199367 0.31403410 0.93370271 0.84109724 -0.54022163 0.02675865
0.14582717 0.27218494 0.95113081 0.87812817 -0.47842011 0.00227498
-0.24361007 -0.39205560 -0.88710010 -0.87789237 0.47792602 0.02986115
0.17234443 0.31899971 0.93195313 0.89302027 -0.44987819 -0.01115512
0.18293169 0.28506318 0.94089055 0.80075026 -0.59844995 0.02562831
0.18471885 0.30167589 0.93534523 0.81809670 -0.57458973 0.02375805
0.16355655 0.29741654 0.94063419 0.86679375 -0.49861854 0.00693959
0.21891749 0.37418666 0.90114343 0.82640350 -0.56213069 0.03265585
0.17757978 0.31714496 0.93160319 0.84847027 -0.52892554 0.01832849
-0.41842803 -0.79848510 -0.43282738 -0.90212393 0.42063430 0.09612086
-0.36656892 -0.52476275 -0.76827824 -0.87170595 0.48234174 0.08645999
0.14703517 0.23843047 0.95996439 0.81726253 -0.57598805 0.01788273
-0.43257713 -0.56410551 -0.70332217 -0.83810806 0.53914523 0.08305091
0.14347397 0.22909242 0.96277303 0.80720222 -0.58993322 0.02008441
-0.85937262 0.01871354 -0.51100725 0.23163091 0.90517002 -0.35639080
-0.03976484 -0.89531958 0.44364589 -0.91927141 -0.14123163 -0.36741483
-0.04921025 -0.90078497 0.43146822 -0.93207175 -0.11381975 -0.34392938
-0.05518618 -0.90410185 0.42373863 -0.94711751 -0.08695576 -0.30888066
-0.06660894 -0.91430467 0.39951256 -0.97174442 -0.03142588 -0.23393430
-0.05148332 -0.92770863 0.36973807 -0.95180070 -0.06651291 -0.29941860
-0.05218576 -0.92468321 0.37714410 -0.94634551 -0.07481454 -0.31437722
-0.08267249 -0.88371736 0.46066141 -0.98153830 -0.00779593 -0.19110699
-0.07691358 -0.89560342 0.43815389 -0.98315424 -0.00495479 -0.18271077
-0.07735088 -0.88849622 0.45231766 -0.98905975 0.01122592 -0.14708789
-0.07162891 -0.90481168 0.41974428 -0.98876685 0.00906497 -0.14919132
-0.03117935 -0.97587043 -0.21611281 -0.99941099 0.02733720 0.02074571
-0.99451482 0.05284568 0.09026459 0.05174051 0.99855471 -0.01454174
-0.99696618 0.06287818 0.04587874 0.06137319 0.99755228 -0.03350756
-0.05424448 -0.99704057 0.05447575 -0.99805462 0.05581724 0.02777561
-0.05796225 -0.98044288 0.18807502 -0.99826449 0.05888691 -0.00067208
-0.05503473 -0.97702396 0.20590147 -0.99826664 0.04953250 -0.03178654
-0.06278340 -0.93624973 0.34568012 -0.99668413 0.04085477 -0.07036836
-0.05849978 -0.96260685 0.26451066 -0.99769956 0.04728384 -0.04857824
-0.06449766 -0.92966801 0.36270851 -0.99469316 0.03069627 -0.09820021
0.18367423 0.33590704 0.92381293 0.85649735 -0.51586211 0.01728187
0.18300033 0.33055049 0.92587650 0.78550249 -0.61548990 0.06448296
-0.17353959 -0.32631376 -0.92919505 -0.93094260 0.36216983 0.04667956
0.18510170 0.35498810 0.91636282 0.87018460 -0.49249709 0.01501366
0.09846129 0.18155812 0.97843856 0.82998461 -0.55743080 0.01991411
0.15092297 0.27920389 0.94829714 0.87773496 -0.47914451 0.00137999
0.12933119 0.23505440 0.96333945 0.92707431 -0.37339082 -0.03335529
-0.42549628 -0.82804483 -0.36509562 -0.90017498 0.42870724 0.07678065
-0.37943235 -0.72673249 -0.57261771 -0.89790094 0.43851647 0.03843490
-0.34434935 -0.52892488 -0.77566874 -0.87841612 0.47312844 0.06733884
0.11882516 0.19953568 0.97265935 0.86142254 -0.50788802 -0.00104548
0.19739000 0.32957736 0.92326373 0.84414786 -0.53600037 0.01086065
0.11714312 0.19644855 0.97349143 0.85012680 -0.52656317 0.00396106
-0.03922959 -0.89487326 0.44459304 -0.92008507 -0.14119707 -0.36538595
-0.04984036 -0.89638984 0.44045576 -0.92073053 -0.12964478 -0.36803198
-0.05226699 -0.89599568 0.44097614 -0.93701172 -0.10871365 -0.33194941
-0.06016748 -0.90469211 0.42179620 -0.95274001 -0.07400518 -0.29463494
-0.05599602 -0.92900467 0.36580709 -0.96636713 -0.04167583 -0.25376698
-0.06883757 -0.91342568 0.40114212 -0.95972902 -0.04914332 -0.27659571
-0.05248827 -0.92751330 0.37008655 -0.96298367 -0.05111038 -0.26467022
-0.05664708 -0.91634524 0.39636162 -0.95626265 -0.06431309 -0.28535175
-0.06995279 -0.91249943 0.40305269 -0.98124200 -0.00981822 -0.19253001
-0.07466665 -0.90402478 0.42090866 -0.99124122 0.02117763 -0.13035505
-0.07606562 -0.89208496 0.44541949 -0.99098468 0.01822618 -0.13273004
-0.07235155 -0.90101022 0.42772171 -0.99123359 0.01742466 -0.13096711
-0.99442965 0.03795823 0.09833053 0.04497551 0.99652147 0.07015927
-0.99422699 0.05566867 0.09172592 0.05246850 0.99793917 -0.03693981
-0.99178493 0.04700226 0.11896873 0.04919903 0.99866724 0.01559438
-0.99437660 0.06070107 0.08677843 0.05655103 0.99717140 -0.04950944
-0.07340816 -0.98545963 0.15323378 -0.99479723 0.08323713 0.05873777
-0.06658058 -0.97349882 0.21878558 -0.99611086 0.07753352 0.04185442
-0.06509971 -0.92546999 0.37318543 -0.99741817 0.04898691 -0.05250935
-0.06233724 -0.96327055 0.26119718 -0.99778944 0.06618716 0.00595986
-0.07117625 -0.90426928 0.42098808 -0.99340802 0.02624204 -0.11158790
-0.16487108 -0.33444151 -0.92788279 -0.92925608 0.36800647 0.03247266
0.16264300 0.30922541 0.93697757 0.88890362 -0.45808372 -0.00311943
0.11267159 0.20315211 0.97264302 0.84116757 -0.54055339 0.01546186
0.09213916 0.17684215 0.97991699 0.87348878 -0.48681071 0.00572102
0.15860347 0.31055218 0.93723118 0.87144446 -0.49026561 0.01497917
-0.36131254 -0.69734514 -0.61900169 -0.90639067 0.41849518 0.05760040
-0.25695103 -0.42762715 -0.86666673 -0.91635424 0.39271480 0.07791077
0.17162979 0.32292193 0.93073338 0.90345883 -0.42829689 -0.01800085
0.11645892 0.20615122 0.97156525 0.85198474 -0.52349007 0.00895141
0.18113355 0.32991794 0.92646903 0.90120697 -0.43282694 -0.02206383
0.10232176 0.17509180 0.97922069 0.85596800 -0.51702017 0.00300427
-0.04466136 -0.88766718 0.45831475 -0.93396014 -0.12573166 -0.33452952
-0.05043490 -0.88966161 0.45382661 -0.93773085 -0.11418641 -0.32805845
-0.06547314 -0.89976960 0.43142557 -0.96023273 -0.06078807 -0.27250287
-0.05291739 -0.93244928 0.35740468 -0.96779805 -0.04031739 -0.24847816
-0.05496466 -0.92993140 0.36360216 -0.95983797 -0.05112747 -0.27585703
-0.05595446 -0.93182158 0.35857734 -0.97650111 -0.02378790 -0.21419552
-0.06319340 -0.92223674 0.38142624 -0.97776759 -0.01935717 -0.20879619
-0.05706134 -0.91848868 0.39130881 -0.96265143 -0.05328556 -0.26544860
-0.06550092 -0.93245888 0.35528874 -0.99360567 0.02813327 -0.10934474
-0.05723140 -0.93705738 0.34445342 -0.98644787 -0.00006464 -0.16407548
-0.07447413 -0.90319443 0.42272151 -0.99165338 0.02233639 -0.12698297
-0.07470004 -0.88973171 0.45033047 -0.99619150 0.04621540 -0.07393736
-0.07030378 -0.91185474 0.40444812 -0.99506164 0.03562710 -0.09264439
-0.04189499 -0.98129457 -0.18789853 -0.98877090 0.01372034 0.14880826
-0.98956913 0.05669314 0.13243422 0.04219761 0.99305689 -0.10980596
-0.99176586 0.04245462 0.12082253 0.04443484 0.99891776 0.01374148
-0.08047093 -0.98486847 0.15348792 -0.98912358 0.09792311 0.10975264
-0.08002977 -0.98378462 0.16050912 -0.99107325 0.09575690 0.09275992
-0.06630137 -0.97338063 0.21939558 -0.99693245 0.07378785 0.02609742
-0.06891654 -0.91714001 0.39256170 -0.99761134 0.06150134 -0.03145130
-0.07195149 -0.91736066 0.39150029 -0.99710238 0.07587550 -0.00546057
-0.07553401 -0.88031709 0.46833375 -0.99143678 0.01612668 -0.12958832
-0.14562920 -0.38793415 -0.91010946 -0.94140977 0.33719414 0.00690864
-0.15246965 -0.30284986 -0.94076300 -0.93563670 0.35083699 0.03869759
0.10510265 0.19920638 0.97430503 0.88477087 -0.46602631 -0.00016047
0.07464404 0.14843358 0.98610133 0.84236622 -0.53862745 0.01731342
0.12443176 0.24906383 0.96046031 0.89907318 -0.43778858 -0.00295270
0.11946832 0.27972353 0.95261854 0.92714083 -0.37466079 -0.00625907
-0.33389753 -0.68595290 -0.64651453 -0.92823851 0.35858804 0.09893366
0.16081548 0.32437024 0.93216008 0.91502529 -0.40301144 -0.01762069
0.18161632 0.33407041 0.92488515 0.90068364 -0.43401042 -0.02009851
0.10545354 0.18805379 0.97648114 0.86305398 -0.50509530 0.00406868
0.17850043 0.32954553 0.92711240 0.90139014 -0.43255529 -0.01979463
-0.03477859 -0.87028253 0.49132362 -0.92682391 -0.15583333 -0.34163365
-0.05148148 -0.88497859 0.46277699 -0.94533205 -0.10623581 -0.30832025
-0.06139633 -0.89429265 0.44325066 -0.96223652 -0.06496243 -0.26434979
-0.06164144 -0.91374034 0.40159553 -0.96683180 -0.04525697 -0.25137234
-0.05729204 -0.93123215 0.35989487 -0.97938901 -0.01751209 -0.20122267
-0.06569394 -0.93182933 0.35690114 -0.99344164 0.02753241 -0.11097634
-0.06652553 -0.92540640 0.37309173 -0.99531770 0.03526900 -0.08999364
-0.05713901 -0.93763804 0.34288496 -0.98629630 -0.00022865 -0.16498357
-0.06763358 -0.92541194 0.37287855 -0.99263555 0.02476673 -0.11858033
-0.06955241 -0.91669887 0.39347890 -0.99649274 0.04544769 -0.07026206
-0.07401785 -0.88770127 0.45443130 -0.99590474 0.04207546 -0.08002157
-0.07207305 -0.90579665 0.41753799 -0.99539721 0.03881063 -0.08762506
-0.98766863 0.01698147 0.15563537 0.03212672 0.99492812 0.09532033
-0.98626375 0.01742411 0.16425641 0.03294360 0.99519187 0.09223834
-0.98865110 0.04954066 0.14182633 0.03497972 0.99402672 -0.10337993
-0.98791671 0.04603340 0.14799173 0.03317411 0.99554884 -0.08821601
-0.98548788 0.03403525 0.16629875 0.03314145 0.99941748 -0.00814759
-0.08434756 -0.98705345 0.13642228 -0.98864877 0.09998385 0.11214664
-0.06665187 -0.96522719 0.25277284 -0.99051172 0.09452289 0.09975999
-0.06500477 -0.96188903 0.26560095 -0.99319309 0.08814546 0.07614382
-0.06837834 -0.91707373 0.39281061 -0.99765176 0.06130375 -0.03054326
-0.07048717 -0.91740286 0.39166778 -0.99716240 0.07520954 -0.00329284
-0.07149874 -0.91716230 0.39204746 -0.99714524 0.07529195 -0.00571278
-0.10325658 -0.31238982 -0.94432557 -0.96762395 0.25137848 0.02264629
-0.13946192 -0.29788002 -0.94436109 -0.94039243 0.33857501 0.03207903
0.08427303 0.15884857 0.98369974 0.90715754 -0.42067751 -0.00978438
0.09468233 0.17763425 0.97953123 0.72041905 -0.69129646 0.05572768
0.10901678 0.24188134 0.96416223 0.91030282 -0.41394204 0.00091954
0.10363276 0.25904357 0.96028990 0.94165689 -0.33639863 -0.01087651
-0.26102796 -0.51320297 -0.81761068 -0.90655065 0.42135960 0.02494101
-0.21136239 -0.38776445 -0.89719826 -0.93610680 0.34432760 0.07171186
0.08565246 0.15185411 0.98468477 0.90091157 -0.43385148 -0.01145864
-0.05059233 -0.88185591 0.46879700 -0.95213109 -0.09910450 -0.28917938
-0.04720395 -0.87779081 0.47671291 -0.95149070 -0.10574789 -0.28893417
-0.07632514 -0.86011326 0.50436062 -0.93509340 -0.11382750 -0.33562428
-0.06331158 -0.88617450 0.45900589 -0.97288311 -0.04771980 -0.22632134
-0.06114291 -0.91480851 0.39923292 -0.97246486 -0.03552083 -0.23032691
-0.05521687 -0.93328846 0.35485744 -0.97806156 -0.02093954 -0.20726109
-0.06186221 -0.94021183 0.33492520 -0.97884899 -0.00841161 -0.20441121
-0.06625780 -0.92612994 0.37133977 -0.99531776 0.03509737 -0.09005992
-0.06397402 -0.94008416 0.33488679 -0.99435920 0.03159974 -0.10124839
-0.06023511 -0.93371779 0.35290647 -0.99026954 0.01146424 -0.13869011
-0.06722792 -0.92589575 0.37174916 -0.99521559 0.03575380 -0.09092686
-0.07053232 -0.88880956 0.45281646 -0.99750257 0.06454273 -0.02868704
-0.06965240 -0.90813762 0.41283730 -0.99739599 0.05563798 -0.04588754
-0.97974253 0.00928674 0.20004602 0.03009672 0.99440688 0.10123790
-0.98159897 0.02066390 0.18983260 0.02406961 0.99958777 0.01565234
-0.98652536 0.02770573 0.16124555 0.02506570 0.99951679 -0.01838432
-0.94458944 0.07508522 0.31955129 -0.01644836 0.96143764 -0.27453086
-0.98657888 0.04014387 0.15827408 0.02673371 0.99593949 -0.08596452
-0.98576665 0.03010826 0.16540176 0.02921841 0.99954253 -0.00781100
-0.07196730 -0.97171730 0.22491397 -0.98552012 0.10398844 0.13392742
-0.06574837 -0.96357924 0.25921464 -0.98965520 0.09616757 0.10646332
-0.06471426 -0.94357234 0.32478201 -0.99130231 0.09816085 0.08766024
-0.07119874 -0.91838658 0.38922602 -0.99704111 0.07686403 -0.00102041
-0.07546137 -0.92077166 0.38273379 -0.98596531 0.12622419 0.10927013
-0.12121215 -0.44665164 -0.88645923 -0.98336017 0.17577356 0.04589681
-0.10229186 -0.30453938 -0.94699115 -0.96774459 0.25079918 0.02388003
-0.11323255 -0.28144151 -0.95287412 -0.95832485 0.28410485 0.02996687
0.06607910 0.15577666 0.98557961 0.92860168 -0.37106037 -0.00361068
-0.13010098 -0.23291585 -0.96375513 -0.95887923 0.27683866 0.06253770
0.09351601 0.21284404 0.97260076 0.92302758 -0.38470683 -0.00456026
0.10970136 0.27973109 0.95379043 0.93401158 -0.35723299 -0.00265590
-0.19646245 -0.37251318 -0.90699309 -0.93556261 0.34808013 0.05969008
-0.21229929 -0.38696209 -0.89732349 -0.92585909 0.37338653 0.05803123
-0.19531074 -0.34298548 -0.91881162 -0.93053734 0.36071044 0.06315275
-0.04910179 -0.88328576 0.46625674 -0.96062338 -0.08605660 -0.26419115
-0.06049784 -0.85696948 0.51180393 -0.95649630 -0.09683554 -0.27520514
-0.07322584 -0.84824258 0.52452123 -0.96680534 -0.06871805 -0.24610007
-0.07562430 -0.85359687 0.51541579 -0.97212410 -0.05193328 -0.22864316
-0.06801946 -0.88683623 0.45705017 -0.97371209 -0.04081037 -0.22409678
-0.06103812 -0.91471028 0.39947408 -0.97331387 -0.03415323 -0.22692229
-0.06080453 -0.91617703 0.39613447 -0.97352052 -0.03318423 -0.22617844
-0.05072839 -0.93873483 0.34088650 -0.97778720 -0.02282172 -0.20835413
-0.06305874 -0.93813765 0.34047237 -0.99379963 0.02772250 -0.10767464
-0.06498487 -0.93951833 0.33627713 -0.99590522 0.03983856 -0.08115245
-0.05867099 -0.92928535 0.36467320 -0.98906565 0.00460039 -0.14740427
-0.06271443 -0.93436825 0.35074621 -0.99137670 0.01780563 -0.12982777
-0.06829496 -0.92996013 0.36126158 -0.99758559 0.05908078 -0.03650345
-0.06896590 -0.88686454 0.45685345 -0.99744564 0.06983750 -0.01500120
-0.06955563 -0.92304671 0.37834752 -0.99732542 0.07287887 -0.00554778
-0.07031935 -0.93649042 0.34357080 -0.99749166 0.06881029 -0.01659858
-0.97610956 0.00515222 0.21721789 0.02529566 0.99561542 0.09005567
-0.97430336 0.01499962 0.22473972 0.01700949 0.99983078 0.00700956
-0.98055255 0.03817293 0.19250873 0.01218183 0.99084842 -0.13442856
-0.97538024 0.02808969 0.21873346 0.00768915 0.99558353 -0.09356496
-0.06951647 -0.96566546 0.25031534 -0.97996676 0.11304872 0.16396688
-0.06663547 -0.95382637 0.29287371 -0.98879683 0.10242016 0.10858640
-0.06426476 -0.93877292 0.33849004 -0.99149817 0.09852184 0.08499880
-0.06990262 -0.89611495 0.43828261 -0.99636656 0.08414939 0.01313967
-0.06820640 -0.89721364 0.43629766 -0.99605393 0.08612996 0.02140678
-0.06252385 -0.88964599 0.45235035 -0.99787700 0.04744560 -0.04461437
-0.09258030 -0.29408789 -0.95128399 -0.98532754 0.16463582 0.04499656
-0.09653927 -0.29340836 -0.95110035 -0.97218490 0.23266429 0.02690399
-0.10555755 -0.28357279 -0.95312339 -0.96059263 0.27692264 0.02399488
0.08340652 0.25779706 0.96259242 0.95460433 -0.29786229 -0.00294227
0.06849225 0.17861365 0.98153245 0.92527699 -0.37926614 0.00445000
0.06492615 0.15118110 0.98637164 0.92497450 -0.38001999 -0.00263915
0.08974470 0.23231396 0.96849167 0.92656952 -0.37609839 0.00435543
0.06520634 0.17991902 0.98151791 0.91844547 -0.39538163 0.01146002
0.06381829 0.16819653 0.98368549 0.92650211 -0.37626585 0.00422780
-0.06461868 -0.85744572 0.51050109 -0.95966381 -0.08687578 -0.26739115
-0.05755570 -0.85566056 0.51432723 -0.95602667 -0.10116108 -0.27528071
-0.07026176 -0.85103637 0.52038491 -0.96747589 -0.06894843 -0.24338555
-0.04386560 -0.90899128 0.41450056 -0.98458833 -0.03097462 -0.17212330
-0.07179513 -0.86409664 0.49817917 -0.97787321 -0.03741639 -0.20582536
-0.06193771 -0.91089231 0.40796936 -0.97449595 -0.03314168 -0.22194447
-0.06800239 -0.88487118 0.46084571 -0.97809339 -0.03196231 -0.20569837
-0.06116576 -0.91516709 0.39840680 -0.97356039 -0.03331256 -0.22598791
-0.05653757 -0.92900300 0.36572805 -0.98899800 0.00195732 -0.14791641
-0.06353471 -0.93707263 0.34330499 -0.99490714 0.03250074 -0.09541249
-0.06571388 -0.93989664 0.33507615 -0.99666756 0.04556172 -0.06766100
-0.06202273 -0.91904426 0.38924402 -0.99237007 0.01514744 -0.12236113
-0.06274952 -0.93089902 0.35984665 -0.99424058 0.02691950 -0.10373524
-0.06707740 -0.94407755 0.32282862 -0.99739486 0.05484197 -0.04685950
-0.06827144 -0.91050023 0.40783376 -0.99763882 0.06536507 -0.02107558
-0.07114718 -0.92407691 0.37552622 -0.99665815 0.08100686 0.01051100
-0.07092345 -0.94318789 0.32460204 -0.99744898 0.06442050 -0.03075119
-0.97388643 0.00302142 0.22701576 0.02940577 0.99316764 0.11293094
-0.97315657 0.00458852 0.23009853 0.01873453 0.99806255 0.05933111
-0.96734571 0.01817806 0.25280783 -0.00006024 0.99740833 -0.07194880
-0.97270030 0.01088940 0.23180932 0.01536605 0.99972856 0.01751488
-0.98043013 0.04099939 0.19255108 0.01433672 0.99034625 -0.13787223
-0.97873300 0.03055871 0.20284969 0.00455471 0.99183571 -0.12744105
-0.97810543 0.02467817 0.20664142 0.00500625 0.99544704 -0.09518503
-0.06530768 -0.95888311 0.27618495 -0.97794479 0.11653088 0.17333381
-0.06463224 -0.94656932 0.31595770 -0.98153925 0.11741532 0.15097800
-0.06263196 -0.92785698 0.36763936 -0.99076045 0.10220285 0.08915353
-0.06969669 -0.90938735 0.41006967 -0.99474835 0.09424255 0.03992566
-0.06235840 -0.90880048 0.41254482 -0.99250382 0.09999707 0.07026253
-0.09046265 -0.29366317 -0.95161891 -0.99016720 0.12889926 0.05434970
-0.09514314 -0.29162097 -0.95179045 -0.98472148 0.16765571 0.04706663
-0.09685604 -0.28398463 -0.95392436 -0.97371483 0.22555149 0.03171846
-0.09515344 -0.28824726 -0.95281655 -0.97540891 0.21815285 0.03141377
-0.09450845 -0.25122523 -0.96330374 -0.96990830 0.24132924 0.03221885
0.07836545 0.25800312 0.96296066 0.95542783 -0.29522175 0.00134543
0.06107676 0.17179340 0.98323786 0.92771631 -0.37320897 0.00758000
0.05256366 0.14846915 0.98751915 0.93722093 -0.34872702 0.00254319
0.07203455 0.19579875 0.97799480 0.95392543 -0.29986948 -0.01022656
0.05211657 0.19376646 0.97966242 0.96473682 -0.26321554 0.00073859
-0.06672052 -0.84988523 0.52272701 -0.96721810 -0.07356302 -0.24305886
-0.07287235 -0.84251642 0.53371882 -0.97351611 -0.05618159 -0.22160791
-0.06790867 -0.84995353 0.52246284 -0.96707988 -0.07264717 -0.24388300
-0.07212033 -0.84361255 0.53208703 -0.97544712 -0.05164307 -0.21409337
-0.07345796 -0.86038005 0.50433135 -0.98322403 -0.02217949 -0.18104848
-0.06300709 -0.90741545 0.41548449 -0.98069954 -0.02091522 -0.19439915
-0.06808720 -0.88562155 0.45938933 -0.97943544 -0.02831998 -0.19976041
-0.06189860 -0.91561764 0.39725673 -0.98206228 -0.01515361 -0.18794698
-0.05867948 -0.91954708 0.38857424 -0.98597491 -0.00753424 -0.16672382
-0.06731484 -0.91675383 0.39374000 -0.99476385 0.03125085 -0.09730542
-0.06350260 -0.90953839 0.41074005 -0.99083650 0.00829903 -0.13481133
-0.06285612 -0.92191708 0.38225386 -0.99398649 0.02341712 -0.10696942
-0.06356048 -0.94013423 0.33482492 -0.99680918 0.04357336 -0.06687934
-0.07115110 -0.94732952 0.31225690 -0.99745864 0.06874517 -0.01872162
-0.07189541 -0.92885703 0.36339465 -0.99579334 0.08759463 0.02688516
-0.07256052 -0.93808526 0.33871973 -0.99706668 0.07651960 -0.00167031
-0.07310627 -0.94654685 0.31417280 -0.99706262 0.07657952 -0.00129051
-0.96641678 -0.00336396 0.25695792 0.03189185 0.99061441 0.13291362
-0.95716137 -0.00011459 0.28955510 0.00807070 0.99960083 0.02707432
-0.97202396 0.00667098 0.23478702 0.01505051 0.99931139 0.03391617
-0.96629816 0.01053785 0.25720966 0.00931818 0.99993885 -0.00596037
-0.96725994 0.01925366 0.25305644 0.00035521 0.99721980 -0.07451522
-0.96907824 0.04930583 0.24177739 -0.00376182 0.97676712 -0.21427070
-0.96647894 0.04216599 0.25325990 -0.00919835 0.98010182 -0.19828236
-0.96676111 0.02545012 0.25441161 -0.00171766 0.99436480 -0.10599858
-0.96548849 0.02255689 0.25946724 0.00519136 0.99771130 -0.06741916
-0.06308706 -0.95628893 0.28553709 -0.97246689 0.12321604 0.19780289
-0.06445003 -0.94562352 0.31881395 -0.98149842 0.11778846 0.15095305
-0.06241196 -0.91326213 0.40256312 -0.99126738 0.10366734 0.08149904
-0.06243166 -0.92556429 0.37340739 -0.98443121 0.11870191 0.12963477
-0.06245155 -0.90932459 0.41137409 -0.99287069 0.09853355 0.06707440
-0.09197647 -0.32836089 -0.94006360 -0.99325031 0.09725495 0.06320947
-0.08817478 -0.28230760 -0.95526314 -0.99036109 0.12768462 0.05368001
-0.08765229 -0.25946331 -0.96176708 -0.98460472 0.16914059 0.04410328
-0.09156723 -0.25380722 -0.96291089 -0.97286844 0.22911830 0.03212239
0.05691629 0.23365922 0.97065133 0.96808386 -0.25060114 0.00356001
0.07668689 0.25186718 0.96471864 0.95687115 -0.29051268 -0.00021651
-0.09811432 -0.22845009 -0.96859908 -0.96705931 0.25160512 0.03861572
0.03911554 0.13436289 0.99015987 0.95242101 -0.30476281 0.00373107
0.06551976 0.20497179 0.97657245 0.94798124 -0.31831014 0.00320826
0.03305490 0.14906339 0.98827505 0.95632619 -0.29205269 0.01206455
-0.07218155 -0.83007818 0.55295569 -0.96304822 -0.08622596 -0.25515354
-0.06927733 -0.84383863 0.53210622 -0.97454387 -0.05676012 -0.21689312
-0.07229578 -0.83848381 0.54010952 -0.97948998 -0.04242795 -0.19697514
-0.06877828 -0.87872881 0.47234026 -0.98635119 -0.01110326 -0.16428052
-0.07407801 -0.84724665 0.52600908 -0.98659742 -0.01463515 -0.16251573
-0.06193752 -0.91019678 0.40951875 -0.98291701 -0.01562333 -0.18338540
-0.06677613 -0.88521814 0.46035838 -0.98427039 -0.01719241 -0.17583001
-0.06191404 -0.91031843 0.40925184 -0.98635906 -0.00685291 -0.16446552
-0.06645365 -0.93609154 0.34542239 -0.99604589 0.04177821 -0.07840445
-0.06796820 -0.89733714 0.43608072 -0.99333590 0.02008559 -0.11349206
-0.06346779 -0.90677261 0.41681576 -0.98822153 -0.00117261 -0.15302572
-0.06506614 -0.91298777 0.40276518 -0.99576312 0.03312190 -0.08578341
-0.06568690 -0.91132998 0.40640241 -0.99472558 0.02764963 -0.09877528
-0.07139897 -0.94703239 0.31310040 -0.99742031 0.06545773 -0.02946080
-0.07153565 -0.92897189 0.36317205 -0.99587351 0.08690610 0.02613874
-0.07452551 -0.94968367 0.30421513 -0.99542159 0.08915363 0.03446064
-0.07440282 -0.95336127 0.29251757 -0.99596900 0.08577684 0.02623235
-0.07276611 -0.95245069 0.29587641 -0.99682701 0.07905112 0.00931832
-0.95674366 -0.00953203 0.29077613 0.01777239 0.99568164 0.09111647
-0.96347636 0.00454501 0.26775491 0.00874455 0.99985677 0.01449387
-0.96136898 -0.00240582 0.27525243 0.00474070 0.99966878 0.02529528
-0.95062852 0.02041640 0.30965889 -0.01813967 0.99247175 -0.12112293
-0.05587108 -0.96047258 0.27271035 -0.96901047 0.11798704 0.21702021
-0.96415931 0.03101934 0.26350453 -0.02118770 0.98096925 -0.19300364
-0.96069813 0.02807127 0.27617231 -0.01059515 0.99044114 -0.13752891
-0.04912684 -0.93728203 0.34509274 -0.97104293 0.12569830 0.20316410
-0.05753363 -0.95691437 0.28461340 -0.97947025 0.10927473 0.16940206
-0.05586701 -0.92612791 0.37304965 -0.97419697 0.13239524 0.18278922
-0.06259299 -0.91244346 0.40438735 -0.98889339 0.11142758 0.09835510
-0.06140689 -0.92073232 0.38533264 -0.98407638 0.12036710 0.13078782
-0.06952182 -0.92437112 0.37510642 -0.98527408 0.12250537 0.11927917
-0.08019602 -0.95393604 0.28909290 -0.98784399 0.11480728 0.10480244
-0.08685708 -0.28546280 -0.95444584 -0.99418038 0.08612528 0.06471404
-0.08617415 -0.25891826 -0.96204752 -0.98924190 0.13681518 0.05178864
-0.08432584 -0.26061857 -0.96175218 -0.99193847 0.11357971 0.05619438
-0.08615692 -0.23856208 -0.96729785 -0.98143971 0.18728727 0.04122639
-0.08838092 -0.24045666 -0.96662790 -0.97935432 0.19810070 0.04026534
-0.09442160 -0.22976014 -0.96865618 -0.96688694 0.25289443 0.03426391
0.06257606 0.20618674 0.97650981 0.96059418 -0.27794021 -0.00287003
0.06808787 0.23539418 0.96951210 0.96548599 -0.26041469 -0.00457733
0.03295256 0.13906845 0.98973441 0.95172381 -0.30674344 0.01141376
0.06424219 0.21386245 0.97474909 0.96076888 -0.27733922 -0.00247187
0.02017864 0.10825465 0.99391842 0.95811540 -0.28614280 0.01171406
-0.07380208 -0.82057869 0.56674856 -0.96933991 -0.07453629 -0.23414651
-0.07212266 -0.83405071 0.54695308 -0.97473508 -0.05728979 -0.21589252
-0.07790068 -0.82233840 0.56364089 -0.98140085 -0.03624352 -0.18851760
-0.06824269 -0.87410527 0.48091891 -0.98988140 -0.00078699 -0.14189519
-0.07463277 -0.84648043 0.52716309 -0.98730761 -0.01159503 -0.15839590
-0.06605604 -0.89602357 0.43906540 -0.98827654 -0.00194993 -0.15266247
-0.06894352 -0.92512751 0.37334418 -0.99747574 0.05754766 -0.04159849
-0.06698247 -0.89796829 0.43493256 -0.99290073 0.01704666 -0.11771846
-0.06733738 -0.90953910 0.41012722 -0.99694675 0.04504952 -0.06377892
-0.07041810 -0.94673115 0.31423146 -0.99750364 0.06516699 -0.02719869
-0.07347310 -0.93711925 0.34118801 -0.99134696 0.10594340 0.07750641
-0.07608443 -0.95110035 0.29936498 -0.99333423 0.09837379 0.06008076
-0.07808548 -0.95348406 0.29115430 -0.99446875 0.09507390 0.04464261
-0.07413260 -0.95214307 0.29652646 -0.99667376 0.08083137 0.01037688
-0.95284247 -0.01141058 0.30325082 0.03568420 0.98814714 0.14930464
-0.05423633 -0.96413702 -0.25980425 -0.97130024 -0.00940541 0.23767072
-0.94472563 -0.00593813 0.32780823 -0.02451095 0.99831718 -0.05255508
-0.95726925 -0.01094015 0.28899109 0.00467562 0.99856818 0.05328991
-0.94858700 0.00888273 0.31639180 -0.03041837 0.99242091 -0.11906085
-0.96378154 0.07684258 0.25538278 0.01612390 0.97262836 -0.23180637
-0.95652801 0.04406538 0.28829223 -0.03802329 0.96123874 -0.27308297
-0.95208675 0.03364975 0.30397135 -0.03586554 0.97478491 -0.22024566
-0.04966062 -0.93896043 0.34042203 -0.96747452 0.12987335 0.21708512
-0.05528631 -0.92707777 0.37076980 -0.98059416 0.12036673 0.15474801
-0.05395684 -0.95067745 0.30545220 -0.96890098 0.12382580 0.21423832
-0.06120853 -0.96003246 0.27311397 -0.96969104 0.12204172 0.21167228
-0.06489560 -0.91855842 0.38992184 -0.98471475 0.12223858 0.12407517
-0.06829788 -0.93325865 0.35265237 -0.99367166 0.09522785 0.05956733
-0.07465420 -0.93725163 0.34056744 -0.98922318 0.11273967 0.09341986
-0.08467404 -0.27515304 -0.95766443 -0.99546278 0.06523029 0.06927431
-0.08147750 -0.23570630 -0.96840280 -0.99135071 0.11946566 0.05433065
-0.08381888 -0.23218018 -0.96905464 -0.98243290 0.18197173 0.04137661
0.04818805 0.20578231 0.97741067 0.97460604 -0.22392476 -0.00090506
0.03230384 0.14484528 0.98892683 0.95920074 -0.28254709 0.01005104
0.04435761 0.18391690 0.98194045 0.97039837 -0.24150591 0.00139770
0.01749244 0.09809124 0.99502373 0.97144210 -0.23719303 0.00630505
-0.07422674 -0.82269353 0.56361842 -0.97267175 -0.06495694 -0.22291306
-0.07785597 -0.81963211 0.56757534 -0.97893232 -0.04493846 -0.19917838
-0.07956985 -0.81759638 0.57026732 -0.98364925 -0.02832157 -0.17785418
-0.06665117 -0.89122999 0.44862768 -0.99330354 0.01674106 -0.11431462
-0.07043208 -0.86503106 0.49675009 -0.99165255 0.00680060 -0.12875976
-0.06825998 -0.87010801 0.48811126 -0.99228621 0.00846364 -0.12367907
-0.07438962 -0.84096742 0.53594780 -0.98864257 -0.00818264 -0.15006325
-0.06836364 -0.92005485 0.38577920 -0.99751216 0.05636796 -0.04233494
-0.07041502 -0.93520260 0.34704146 -0.99726081 0.07389618 -0.00321070
-0.07088659 -0.88641828 0.45742509 -0.99631679 0.04073801 -0.07545406
-0.06855375 -0.90973765 0.40948489 -0.99695438 0.04717253 -0.06210322
-0.07190413 -0.94568753 0.31702513 -0.99711937 0.07584878 0.00010172
-0.07077520 -0.93673193 0.34281805 -0.99717498 0.07511072 -0.00063193
-0.07641741 -0.95329928 0.29220024 -0.99466795 0.09324063 0.04406660
-0.07933691 -0.95649141 0.28076652 -0.99429518 0.09607372 0.04633520
-0.07770834 -0.95521343 0.28553244 -0.99486667 0.09291666 0.04008583
-0.93095315 -0.01565932 0.36480278 0.01807555 0.99587870 0.08887617
-0.94863796 -0.01187567 0.31614089 0.00710720 0.99824303 0.05882493
-0.95140815 -0.00216141 0.30792519 -0.04220286 0.99145466 -0.12343648
-0.92625958 -0.01459434 0.37660360 -0.03045909 0.99888015 -0.03620525
-0.94456667 0.01258337 0.32807854 -0.04670425 0.98395336 -0.17220490
-0.05292893 -0.94957513 0.30903989 -0.96819949 0.12457600 0.21695748
-0.05124684 -0.94310337 0.32852668 -0.96223569 0.13469137 0.23656023
-0.95485044 0.04012902 0.29436436 -0.04288129 0.96184337 -0.27021968
-0.95080900 0.03546248 0.30774134 -0.04484329 0.96720552 -0.25000510
-0.05085956 -0.93910235 0.33985296 -0.96021557 0.13954313 0.24189620
-0.05141977 -0.94382900 0.32640913 -0.96588570 0.13006654 0.22393665
-0.06631788 -0.94685292 0.31475639 -0.97997177 0.12117009 0.15802890
-0.06629726 -0.92873925 0.36475754 -0.98825556 0.11155976 0.10442901
-0.07067621 -0.93757808 0.34051761 -0.98550749 0.11840595 0.12147067
-0.07536546 -0.94647354 0.31385976 -0.99174273 0.10389901 0.07517532
-0.08787502 -0.35261828 -0.93163210 -0.99597281 0.04779736 0.07585280
-0.08362367 -0.28777564 -0.95403999 -0.99543440 0.06833420 0.06663973
-0.07903773 -0.23196483 -0.96950781 -0.99156535 0.11850690 0.05248193
-0.08085874 -0.22700703 -0.97053063 -0.98431849 0.17134476 0.04192995
-0.07734010 -0.20129903 -0.97647184 -0.98084331 0.19099344 0.03831316
0.04169532 0.18517815 0.98182005 0.97022808 -0.24215192 0.00446851
0.04306149 0.19530278 0.97979718 0.97800189 -0.20859124 -0.00140414
0.01688589 0.08890542 0.99589694 0.97008997 -0.24268982 0.00521701
-0.07793207 -0.81131428 0.57939261 -0.97767043 -0.05157166 -0.20371799
-0.07875407 -0.82177949 0.56433702 -0.98725682 -0.01423198 -0.15849756
-0.08489834 -0.79314035 0.60309267 -0.98529541 -0.02324449 -0.16927099
-0.06819765 -0.88536781 0.45986193 -0.99404317 0.02102343 -0.10694066
-0.07150477 -0.86741394 0.49242276 -0.99336123 0.01732688 -0.11372443
-0.07494165 -0.83568406 0.54407352 -0.99087697 0.00111962 -0.13476542
-0.07562950 -0.83648300 0.54274899 -0.99283338 0.01266046 -0.11883440
-0.07779218 -0.82921016 0.55349702 -0.98804659 -0.00998905 -0.15383159
-0.06958850 -0.91992629 0.38586667 -0.99752861 0.06793202 -0.01794416
-0.06972476 -0.92320162 0.37793824 -0.99699479 0.07731187 0.00491934
-0.07092968 -0.93746519 0.34077558 -0.99718249 0.07500467 -0.00121949
-0.06955810 -0.88860351 0.45337129 -0.99601424 0.03642656 -0.08141693
-0.07085688 -0.90586334 0.41760144 -0.99727464 0.05570620 -0.04837522
-0.08367521 -0.95830941 0.27320606 -0.98335409 0.12378298 0.13301328
-0.08111963 -0.95400137 0.28861916 -0.99126250 0.10743855 0.07652192
-0.07317122 -0.93957841 0.33442250 -0.99507141 0.09128097 0.03873856
-0.92029500 -0.01741346 0.39083755 0.02185201 0.99516141 0.09579299
-0.94142491 -0.01549758 0.33686650 0.00089798 0.99882472 0.04846060
-0.92648089 -0.01527856 0.37603170 -0.06276488 0.99145484 -0.11435857
-0.92381936 -0.01841660 0.38238555 -0.03591830 0.99860591 -0.03868109
-0.92799008 0.00309835 0.37259215 -0.06800303 0.98176223 -0.17753457
-0.95366591 0.03978315 0.29822597 -0.05001495 0.95646501 -0.28752947
-0.94123620 0.03961582 0.33541775 -0.05097869 0.96505630 -0.25703615
-0.04942086 -0.94003779 0.33747092 -0.96291667 0.13457213 0.23384161
-0.05913268 -0.94661283 0.31690297 -0.96953815 0.13005179 0.20756292
-0.07943200 -0.95552582 0.28400880 -0.98299414 0.12240399 0.13689356
-0.09270570 -0.31548768 -0.94439042 -0.99564189 0.03903478 0.08469664
-0.08658497 -0.34699517 -0.93386161 -0.99621385 0.03751072 0.07842822
-0.07945085 -0.25466534 -0.96375990 -0.99554163 0.06957813 0.06368545
-0.08406907 -0.29697892 -0.95117611 -0.99645728 0.02725048 0.07956300
-0.07831884 -0.23302500 -0.96931189 -0.99174321 0.11724894 0.05194430
-0.07594351 -0.22447439 -0.97151625 -0.99360269 0.09871147 0.05486214
-0.07991027 -0.22390968 -0.97132838 -0.98614824 0.15984647 0.04428183
-0.07682371 -0.20794544 -0.97511888 -0.98518175 0.16625023 0.04216342
-0.07294764 -0.18666574 -0.97971147 -0.97847545 0.20353040 0.03407670
0.03268724 0.15490164 0.98738903 0.97712415 -0.21266738 0.00101585
0.02221559 0.10818193 0.99388289 0.98046446 -0.19669588 -0.00050575
-0.08212416 -0.78908956 0.60876375 -0.97888756 -0.05085372 -0.19797246
-0.07943295 -0.81820768 0.56940907 -0.98811603 -0.01077910 -0.15333179
-0.08273264 -0.79572296 0.59998363 -0.98588455 -0.02258381 -0.16589667
-0.08264078 -0.79869819 0.59602994 -0.98868108 -0.00944200 -0.14973526
-0.07243659 -0.86309624 0.49981779 -0.99447966 0.02435821 -0.10206368
-0.07724728 -0.82887816 0.55407029 -0.99372208 0.01889975 -0.11026895
-0.07835034 -0.82632905 0.55771095 -0.98963529 -0.00306539 -0.14357127
-0.07066702 -0.92483509 0.37374637 -0.99725020 0.07388728 -0.00572355
-0.07244421 -0.87468028 0.47925594 -0.99627984 0.04097683 -0.07581145
-0.07075487 -0.89384031 0.44276771 -0.99749273 0.06275801 -0.03270750
-0.08439694 -0.95969951 0.26805598 -0.98795402 0.11561243 0.10286250
-0.07335194 -0.93734479 0.34059408 -0.99176908 0.10449621 0.07399070
-0.08297458 -0.95749319 0.27626437 -0.98827285 0.11471935 0.10077837
-0.07295350 -0.93528336 0.34629875 -0.99271786 0.10147142 0.06492168
-0.93160146 -0.01918363 0.36297491 0.06257974 0.97522974 0.21215743
-0.91958284 -0.01917388 0.39242807 0.01946196 0.99535942 0.09423839
-0.92387193 -0.01582033 0.38237467 -0.05902473 0.99308050 -0.10152458
-0.92574209 -0.01602734 0.37781584 -0.06392188 0.99135655 -0.11457002
-0.92010885 -0.01934791 0.39118463 -0.03546860 0.99879140 -0.03402599
-0.92048991 -0.01532579 0.39046592 -0.05106334 0.99538010 -0.08130874
-0.92632914 0.01136208 0.37654403 -0.08033511 0.97059488 -0.22691830
-0.91900909 -0.00792051 0.39415672 -0.08013847 0.98267722 -0.16710277
-0.94652534 0.04354389 0.31967762 -0.05119519 0.95802492 -0.28207693
-0.04273866 -0.93491125 0.35229874 -0.97429341 0.11706908 0.19247645
-0.05861570 -0.94854844 0.31115922 -0.96776223 0.13047418 0.21543638
-0.05884171 -0.94655138 0.31714061 -0.96942103 0.13000076 0.20814110
-0.07983251 -0.95827210 0.27448377 -0.98444974 0.11902095 0.12920024
-0.09514590 -0.38204950 -0.91923088 -0.99501479 0.00878143 0.09934025
-0.09288387 -0.31653881 -0.94402111 -0.99548799 0.04799505 0.08185460
-0.08666378 -0.36777747 -0.92586672 -0.99563795 -0.00026732 0.09330075
-0.08515827 -0.32005206 -0.94356495 -0.99636728 0.02673345 0.08085593
-0.07651433 -0.22789685 -0.97067434 -0.99448317 0.08750468 0.05784656
-0.07791320 -0.24268788 -0.96697062 -0.99638665 0.05184977 0.06727024
-0.08261415 -0.29352215 -0.95237583 -0.99658161 0.02431060 0.07895628
-0.07841790 -0.22309986 -0.97163630 -0.98833311 0.14504880 0.04646043
-0.07158589 -0.18596697 -0.97994483 -0.98980922 0.13449602 0.04678280
-0.06963837 -0.17731673 -0.98168701 -0.99351233 0.10102107 0.05223035
-0.07546461 -0.19872040 -0.97714651 -0.98864257 0.14263330 0.04734540
0.03037399 0.15607677 0.98727787 0.98433709 -0.17628030 -0.00241572
0.02883860 0.14084604 0.98961139 0.97893602 -0.20416674 0.00053044
0.02216804 0.10888357 0.99380732 0.98045939 -0.19672137 -0.00031710
-0.07505628 -0.79197180 0.60592681 -0.98064303 -0.05157902 -0.18888843
-0.08307272 -0.78907192 0.60865796 -0.97974634 -0.04699793 -0.19464944
-0.08038723 -0.80139613 0.59270751 -0.98838419 -0.01285412 -0.15143168
-0.08761247 -0.77260274 0.62881565 -0.98710018 -0.01758277 -0.15913533
-0.06946655 -0.83224845 0.55003363 -0.95322603 -0.10721014 -0.28260598
-0.07229178 -0.86685306 0.49329478 -0.99571979 0.03417023 -0.08587520
-0.07616646 -0.84358841 0.53156120 -0.99481767 0.02828164 -0.09766265
-0.07742579 -0.83239388 0.54874921 -0.99431723 0.02413299 -0.10368608
-0.08029095 -0.81116128 0.57928473 -0.99402022 0.02200949 -0.10695533
-0.06990241 -0.90978211 0.40915799 -0.99629581 0.08426446 0.01715430
-0.07272802 -0.92456740 0.37401301 -0.99558306 0.08962487 0.02796013
-0.07360939 -0.87080634 0.48608437 -0.99718189 0.05718555 -0.04856029
-0.07150544 -0.89519697 0.43989697 -0.99741626 0.06111746 -0.03775550
-0.08666011 -0.96502656 0.24741422 -0.98126429 0.12557986 0.14611697
-0.08017671 -0.93848783 0.33587545 -0.98377013 0.12876768 0.12496141
-0.08046151 -0.94886214 0.30526477 -0.98126417 0.12919308 0.14293313
-0.07386294 -0.92474049 0.37336218 -0.99395376 0.09876240 0.04797819
-0.88595068 -0.03685268 0.46231309 0.03293778 0.98932105 0.14198254
-0.91072601 -0.02290610 0.41237539 -0.01430611 0.99961132 0.02393027
-0.88531852 -0.03352943 0.46377453 0.01058530 0.99568510 0.09219161
-0.91656464 -0.01107408 0.39973319 -0.07663750 0.98595178 -0.14841077
-0.89199930 -0.01463560 0.45179981 -0.05242558 0.99608070 -0.07123809
-0.91132522 -0.02248845 0.41107255 -0.02494279 0.99968874 -0.00060705
-0.90801048 -0.01269672 0.41875511 -0.06117420 0.99284565 -0.10254428
-0.92492563 0.00202105 0.38014269 -0.08941707 0.97077268 -0.22272193
-0.91809845 -0.00881286 0.39625454 -0.08816285 0.97924721 -0.18248928
-0.95574301 0.03656477 0.29192188 -0.04759006 0.95996463 -0.27604905
-0.95365679 0.06470342 0.29385760 -0.02028845 0.96055657 -0.27734354
-0.05685710 -0.94629347 0.31827021 -0.96465147 0.13423365 0.22677949
-0.06197694 -0.95254678 0.29801601 -0.96727502 0.13093212 0.21733806
-0.06458254 -0.95405406 0.29259196 -0.97282767 0.12551968 0.19455378
-0.07843608 -0.96629083 0.24521409 -0.97372055 0.12701178 0.18904082
-0.10139914 -0.38172853 -0.91869557 -0.99439824 0.01119048 0.10510488
-0.09366643 -0.37770563 -0.92117596 -0.99506211 0.00500236 0.09912818
-0.09471353 -0.32048339 -0.94250715 -0.99498093 0.06117913 0.07918376
-0.08713638 -0.26433289 -0.96048707 -0.98944116 0.13505542 0.05259492
-0.08364538 -0.40731317 -0.90945005 -0.99508888 -0.01433527 0.09794220
-0.08452728 -0.33158153 -0.93963230 -0.99585819 -0.00358421 0.09085005
-0.08409847 -0.34025699 -0.93656427 -0.99550837 -0.01232263 0.09386819
-0.07313935 -0.19891770 -0.97728318 -0.99584383 0.06789315 0.06070935
-0.07796670 -0.24762025 -0.96571499 -0.99677658 0.03773670 0.07079834
-0.08043357 -0.27531806 -0.95798248 -0.99675804 0.02413083 0.07675418
-0.07483403 -0.20190120 -0.97654277 -0.98807323 0.14717440 0.04528917
-0.06850620 -0.17646776 -0.98191959 -0.99021399 0.13197799 0.04536618
-0.06850322 -0.17069681 -0.98293948 -0.99390352 0.09699302 0.05242356
0.02800894 0.15130311 0.98809052 0.98574990 -0.16820344 -0.00218613
0.02133829 0.10627985 0.99410731 0.98899865 -0.14782526 -0.00542466
-0.08303275 -0.76199609 0.64223641 -0.98163402 -0.04853414 -0.18449686
-0.08356494 -0.78686899 0.61143607 -0.98311132 -0.03515302 -0.17960086
-0.08852036 -0.76806307 0.63422650 -0.98603475 -0.02260536 -0.16499864
-0.08778078 -0.77048576 0.63138437 -0.99007398 -0.00235889 -0.14052761
-0.08397501 -0.79315430 0.60320359 -0.99058926 0.00079004 -0.13686611
-0.08162153 -0.79921931 0.59547168 -0.99166340 0.00535226 -0.12874408
-0.07415656 -0.86284345 0.50000203 -0.99711758 0.05608825 -0.05109466
-0.07532387 -0.84613591 0.52761769 -0.99688435 0.05147662 -0.05976481
-0.07989160 -0.82498419 0.55948055 -0.99601197 0.04370349 -0.07778341
-0.08193804 -0.80791843 0.58357012 -0.99528062 0.03578919 -0.09019756
-0.08194513 -0.80268550 0.59074616 -0.99317968 0.01644114 -0.11542889
-0.07015437 -0.90917373 0.41046515 -0.99626034 0.08466281 0.01725160
-0.07705306 -0.93316263 0.35109881 -0.99059403 0.11159036 0.07919041
-0.07292801 -0.87627172 0.47626612 -0.99731869 0.06116040 -0.04018622
-0.07163782 -0.89630985 0.43760341 -0.99736428 0.06943475 -0.02105548
-0.08536382 -0.96364123 0.25319701 -0.98028791 0.12667674 0.15162028
-0.08960025 -0.93978608 0.32980910 -0.98269498 0.13731858 0.12431550
-0.07585907 -0.93672097 0.34175915 -0.98523718 0.12316836 0.11890016
-0.08441179 -0.95506692 0.28411597 -0.98401815 0.12476589 0.12705038
-0.07750888 -0.91924685 0.38597623 -0.98916018 0.11933254 0.08556841
-0.88541752 -0.04105237 0.46298006 0.05831225 0.97841060 0.19827370
-0.88391906 -0.03683259 0.46618709 0.02768994 0.99102199 0.13080063
-0.87900150 -0.02363251 0.47623301 -0.03278695 0.99940270 -0.01092193
-0.87589836 -0.03188445 0.48144099 -0.01832886 0.99929279 0.03283412
-0.88374883 -0.03605736 0.46657032 0.01300044 0.99475056 0.10150068
-0.90891868 -0.01259276 0.41678324 -0.07310387 0.98887491 -0.12954648
-0.89207852 -0.01336168 0.45168296 -0.04931507 0.99647123 -0.06792018
-0.88899624 -0.01803204 0.45755941 -0.04432938 0.99792016 -0.04680072
-0.92511445 -0.00169020 0.37968469 -0.09205836 0.97115088 -0.21998009
-0.90574735 -0.00919273 0.42371830 -0.09313323 0.97964430 -0.17782938
-0.93698519 0.03409863 0.34770110 -0.06429847 0.96139503 -0.26755443
-0.95789325 0.04575300 0.28345591 -0.03145060 0.96456248 -0.26197350
-0.95272440 0.06730250 0.29628807 -0.01627603 0.96245313 -0.27095953
-0.06379397 -0.95602852 0.28625134 -0.97151482 0.12509204 0.20127344
-0.97143781 0.09123717 0.21905348 0.03687857 0.96996087 -0.24044926
-0.10476344 -0.42161122 -0.90070450 -0.99249560 -0.01310880 0.12157601
-0.11095151 -0.27103412 -0.95615387 -0.98950547 -0.05948498 0.13168339
-0.09800193 -0.37940365 -0.92002636 -0.99134642 -0.04391459 0.12370864
-0.09600692 -0.34378609 -0.93412733 -0.99409968 0.08071254 0.07246614
-0.09356051 -0.31689137 -0.94383597 -0.99390137 0.08530205 0.06988337
-0.09026258 -0.29470846 -0.95131469 -0.99278212 0.10236932 0.06248403
-0.08122511 -0.38792264 -0.91810596 -0.99376875 -0.03902336 0.10440736
-0.08602624 -0.32812807 -0.94070798 -0.99447143 -0.02878830 0.10098446
-0.07043836 -0.19883411 -0.97749859 -0.99603927 0.06732500 0.05807972
-0.07317982 -0.23413907 -0.96944505 -0.99720061 0.03214340 0.06751174
-0.08193334 -0.27459607 -0.95806259 -0.99605668 -0.01026169 0.08812374
-0.06682233 -0.17114463 -0.98297727 -0.99015802 0.13279478 0.04418977
-0.06496455 -0.14364193 -0.98749512 -0.99432093 0.09291099 0.05189868
0.01957079 0.10174972 0.99461752 0.98954451 -0.14415056 -0.00472432
-0.08370300 -0.75907767 0.64559656 -0.98211169 -0.04682204 -0.18238521
-0.09315465 -0.74262851 0.66319317 -0.98500013 -0.02843251 -0.17019495
-0.09087587 -0.74952012 0.65571427 -0.99141270 0.00591759 -0.13063639
-0.08581009 -0.78495121 0.61358643 -0.99187899 0.00927673 -0.12684675
-0.07547515 -0.85180020 0.51840127 -0.99712950 0.06132887 -0.04440296
-0.07998772 -0.82280183 0.56267142 -0.99529535 0.03496477 -0.09035885
-0.08302131 -0.79574126 0.59991950 -0.99604940 0.04722350 -0.07520280
-0.08584802 -0.78498137 0.61354256 -0.99245137 0.01324308 -0.12192211
-0.07138404 -0.90666163 0.41577518 -0.99509269 0.09336819 0.03275716
-0.07336118 -0.87648618 0.47580478 -0.99632013 0.08561319 0.00409317
-0.08021645 -0.95708460 0.27848598 -0.96683925 0.14266801 0.21182011
-0.09422018 -0.89576006 0.43443811 -0.97683799 0.16739425 0.13329223
-0.07706693 -0.91877300 0.38719115 -0.98949248 0.11813088 0.08336535
-0.08363783 -0.94316602 0.32162502 -0.97699600 0.14115100 0.15986010
-0.08145233 -0.95218712 0.29445758 -0.97483385 0.13762487 0.17538057
-0.07880980 -0.92069036 0.38225433 -0.98931473 0.11941287 0.08364742
-0.86334598 -0.04846753 0.50227958 0.04279929 0.98475665 0.16859001
-0.86222929 -0.03946280 0.50497854 0.01114653 0.99524075 0.09680778
-0.88212341 -0.02860476 0.47014910 -0.04022609 0.99908262 -0.01468864
-0.87775528 -0.03203255 0.47803730 -0.02855103 0.99948645 0.01454966
-0.86977369 -0.03232444 0.49239105 -0.01834621 0.99928057 0.03319340
-0.86272395 -0.03972482 0.50411254 0.00559133 0.99609923 0.08806296
-0.89093381 -0.01145380 0.45398888 -0.07733571 0.98890656 -0.12681864
-0.88868684 -0.01262108 0.45834103 -0.05667483 0.99497908 -0.08248982
-0.90110320 -0.00162350 0.43360168 -0.10134217 0.97308564 -0.20696406
-0.92518872 0.00276247 0.37949732 -0.09745336 0.96471250 -0.24460711
-0.89488959 -0.00831949 0.44621012 -0.08983625 0.98271817 -0.16184708
-0.90373361 -0.00842814 0.42801225 -0.09490898 0.97887039 -0.18112189
-0.92313737 0.01152469 0.38429746 -0.08596069 0.96806026 -0.23552103
-0.94158107 0.03296128 0.33516967 -0.05284118 0.96841490 -0.24368092
-0.94105220 0.04146286 0.33571056 -0.04367885 0.96925527 -0.24214959
-0.95783764 0.05967433 0.28104469 -0.01758861 0.96417892 -0.26466879
-0.07215985 -0.95812148 0.27712131 -0.96718830 0.13507882 0.21517570
-0.96520704 0.07166453 0.25147465 0.01230018 0.97308975 -0.23009793
-0.10498526 -0.43988097 -0.89189845 -0.98776090 -0.05790634 0.14482842
-0.10273907 -0.47742388 -0.87264609 -0.99168605 -0.01917487 0.12724453
-0.10219388 -0.44179055 -0.89127856 -0.99457175 0.02773701 0.10028873
-0.10095485 -0.39107376 -0.91480571 -0.99487799 0.03497186 0.09484112
-0.09827980 -0.42047286 -0.90196657 -0.99016410 -0.04937750 0.13090840
-0.09717216 -0.34954673 -0.93186623 -0.99395728 0.08211166 0.07284642
-0.09234527 -0.30496225 -0.94787681 -0.99105144 0.12029406 0.05784905
-0.07424278 -0.45288661 -0.88847160 -0.98704749 -0.09368272 0.13023353
-0.08446151 -0.33203685 -0.93947744 -0.99476445 -0.02634104 0.09874161
-0.06650311 -0.17176621 -0.98289049 -0.99679178 0.05540566 0.05776120
-0.06794641 -0.20428020 -0.97655153 -0.99749583 0.03317117 0.06246474
-0.07379112 -0.23441783 -0.96933126 -0.99677289 -0.01346538 0.07913654
-0.08268818 -0.28519493 -0.95489609 -0.99580407 -0.01404915 0.09042656
-0.07795257 -0.19281262 -0.97813433 -0.99615157 -0.02436896 0.08419214
-0.06475479 -0.15629739 -0.98558509 -0.99060929 0.12924826 0.04458826
-0.05995553 -0.10403110 -0.99276531 -0.99572843 0.07619257 0.05215032
0.02266185 0.11731229 0.99283648 0.99139512 -0.13070646 -0.00718484
-0.08603103 -0.75249004 0.65296060 -0.98541170 -0.03232791 -0.16708884
-0.09176924 -0.73473471 0.67211854 -0.98068768 -0.05038477 -0.18897915
-0.13307208 -0.89116836 0.43371755 -0.95884699 0.22649978 0.17120284
-0.09324611 -0.73866940 0.66758722 -0.98937821 -0.00635576 -0.14522517
-0.08890164 -0.75559598 0.64897710 -0.99315137 0.01765508 -0.11549358
-0.09106317 -0.75013858 0.65498066 -0.99141484 0.00631886 -0.13060136
-0.07223785 -0.86573982 0.49525371 -0.99308306 0.01635016 -0.11627010
-0.08195026 -0.80693609 0.58492595 -0.99663520 0.06541958 -0.04938251
-0.08412731 -0.79490530 0.60087281 -0.99595314 0.04794073 -0.07602031
-0.08539975 -0.77020139 0.63205761 -0.99424028 0.02464754 -0.10430110
-0.07356544 -0.89808929 0.43361717 -0.99379337 0.10239530 0.04347447
-0.07347407 -0.88299251 0.46360096 -0.99720210 0.07146441 -0.02192825
-0.08334681 -0.95798689 0.27443480 -0.96656418 0.14473175 0.21167536
-0.07021588 -0.94982141 0.30480984 -0.97358215 0.13180746 0.18645269
-0.09876469 -0.90177083 0.42077899 -0.97374839 0.17472471 0.14589532
-0.10237175 -0.90804505 0.40617016 -0.96260530 0.19338460 0.18971935
-0.94672346 0.21790548 0.23713285 0.13127388 0.93349171 -0.33370703
-0.07859418 -0.89980841 0.42914781 -0.98794830 0.12788251 0.08720258
-0.83904892 -0.05214746 0.54155117 0.05899500 0.98080587 0.18584806
-0.85326278 -0.04199034 0.51978797 0.01932729 0.99352169 0.11198715
-0.87103319 -0.03054687 0.49027357 -0.04454504 0.99886435 -0.01690489
-0.86074048 -0.03217458 0.50802624 -0.01481524 0.99916112 0.03817818
-0.85740834 -0.03627784 0.51335657 -0.01552891 0.99888188 0.04465251
-0.88386267 -0.00856759 0.46766806 -0.08116045 0.98747534 -0.13529769
-0.87774080 -0.00951325 0.47904137 -0.06970397 0.99170172 -0.10802346
-0.90153986 -0.00585365 0.43265647 -0.10565809 0.97261798 -0.20700398
-0.90113610 -0.00182624 0.43353254 -0.10181578 0.97291464 -0.20753482
-0.88992941 -0.00713726 0.45604250 -0.08682357 0.98424482 -0.15402521
-0.92794204 0.01153906 0.37254590 -0.07233901 0.97493958 -0.21038023
-0.94975948 0.02745849 0.31177405 -0.05190412 0.96853215 -0.24341623
-0.94421941 0.03774784 0.32714644 -0.04176156 0.97166377 -0.23264898
-0.96033275 0.06170742 0.27194345 0.00158411 0.97640020 -0.21596351
-0.96843368 0.08780470 0.23329517 0.02961323 0.96980542 -0.24207543
-0.96425045 0.07456595 0.25428545 0.01408011 0.97265518 -0.23182696
-0.96470052 0.07067118 0.25368980 0.01084555 0.97316438 -0.22985543
-0.10130347 -0.49762160 -0.86145830 -0.99022657 -0.03299921 0.13550802
-0.10169217 -0.45134288 -0.88653731 -0.99057359 -0.03627203 0.13209225
-0.10005376 -0.51479399 -0.85145545 -0.98574769 -0.06503157 0.15515274
-0.10101555 -0.50085717 -0.85961497 -0.99221045 -0.01259319 0.12393463
-0.10145130 -0.51948774 -0.84843391 -0.99320406 0.00399262 0.11631751
-0.10240000 -0.43746993 -0.89338368 -0.99469846 0.03650201 0.09613851
-0.09891031 -0.35413426 -0.92994928 -0.99388206 0.08131156 0.07474598
-0.09889616 -0.43638214 -0.89430994 -0.99040180 -0.04404302 0.13101332
-0.09911656 -0.40144667 -0.91050345 -0.98929042 -0.05877086 0.13360566
-0.09663111 -0.34599587 -0.93324667 -0.99183708 0.11184803 0.06123072
-0.08640920 -0.26051557 -0.96159512 -0.98332858 0.17731006 0.04032529
-0.07510392 -0.43610349 -0.89675707 -0.98525339 -0.10619433 0.13415909
-0.08087334 -0.34041440 -0.93679112 -0.99525303 -0.02347056 0.09444918
-0.06519604 -0.17377587 -0.98262477 -0.99681264 0.05671491 0.05610744
0.03858481 0.03906010 0.99849164 0.99817795 0.04488285 -0.04032846
-0.07645482 -0.26729819 -0.96057606 -0.99626189 -0.01837439 0.08440816
-0.08139098 -0.32670072 -0.94161683 -0.99451518 -0.03564613 0.09833106
-0.07466312 -0.34439808 -0.93585008 -0.99388266 -0.05088669 0.09801962
-0.06287251 -0.15339053 -0.98616344 -0.99490696 0.08763767 0.04979855
0.01919855 0.08591440 0.99611759 0.99364531 -0.11215747 -0.00947740
-0.09240228 -0.72840983 0.67888218 -0.98442888 -0.03556347 -0.17214806
-0.09391080 -0.72987628 0.67709774 -0.97519535 -0.06948488 -0.21015686
-0.09494663 -0.72193396 0.68541706 -0.99184901 0.00983196 -0.12703900
-0.09370758 -0.72041267 0.68718600 -0.99359149 0.02385107 -0.11048602
-0.09436177 -0.72285682 0.68452460 -0.99273521 0.01676342 -0.11914651
-0.07721915 -0.83774543 0.54057348 -0.99663520 0.07980795 -0.01868491
-0.07344996 -0.85522258 0.51302969 -0.99728209 0.06596958 -0.03280834
-0.08231086 -0.80838650 0.58286887 -0.99653828 0.07361556 -0.03862978
-0.08466676 -0.77462965 0.62672198 -0.99547231 0.03848836 -0.08691125
-0.08428933 -0.76512182 0.63834471 -0.99639660 0.05864723 -0.06127305
-0.08631285 -0.77057070 0.63148308 -0.99330711 0.01772883 -0.11413427
