0.32984325 0.58588135 -0.74023408 -0.52859437 0.76429236 0.36938494
0.30406401 0.56050766 -0.77030927 -0.63311654 0.72308803 0.27623761
0.30781600 0.52088910 -0.79619342 -0.62360406 0.74247134 0.24465156
0.32830286 0.49294055 -0.80574614 -0.60854650 0.76278424 0.21870373
0.35326138 0.44915065 -0.82065231 -0.52122760 0.82294035 0.22603326
0.36205822 0.44946414 -0.81663692 -0.41537237 0.86207944 0.29031864
0.41548720 0.39334044 -0.82015473 -0.41891459 0.88309687 0.21130656
0.35331273 0.36138064 -0.86288708 -0.49673247 0.85407722 0.15430179
0.34614319 0.33400625 -0.87671244 -0.50565374 0.85355353 0.12554130
0.35956568 0.33546197 -0.87073404 -0.49675542 0.85873842 0.12570763
0.30896646 0.30780721 -0.89988577 -0.48519340 0.86480582 0.12922187
0.39800102 0.31616446 -0.86118251 -0.36444819 0.91597205 0.16784717
0.48900360 0.33269614 -0.80634284 -0.26084477 0.93788046 0.22878009
0.30965281 0.32275659 -0.89439559 -0.41158539 0.89343643 0.17991360
0.32233387 0.32555300 -0.88888484 -0.42195696 0.88996917 0.17293708
0.45578924 0.35910127 -0.81443387 -0.20028955 0.93291587 0.29925257
0.31621674 0.33600205 -0.88719201 -0.41944057 0.88832748 0.18693319
0.29392004 0.32620344 -0.89844447 -0.43910843 0.88098407 0.17621264
0.31337550 0.34690177 -0.88399941 -0.41781804 0.88631278 0.19969420
0.44716856 0.40121600 -0.79941607 -0.19449793 0.91598237 0.35092291
0.61415356 0.37988266 -0.69174027 -0.04165630 0.89090568 0.45227417
0.73421454 0.31388587 -0.60200059 0.05372305 0.85706508 0.51239967
0.58556753 0.36035237 -0.72612458 0.00808269 0.89312041 0.44974515
0.74527586 0.22885548 -0.62624997 0.21498828 0.80660182 0.55061203
-0.58150750 -0.32336813 0.74651337 -0.26517725 -0.79215443 -0.54970223
-0.57430100 -0.32990697 0.74922621 -0.27410918 -0.78488243 -0.55571920
-0.50689191 -0.37131059 0.77793896 -0.20877373 -0.82272124 -0.52871853
-0.44696599 -0.40406287 0.79809439 -0.16269358 -0.84057540 -0.51668543
-0.61333418 -0.27477032 0.74048805 -0.44017318 -0.65952986 -0.60931772
-0.63889766 -0.24982615 0.72759658 -0.45113868 -0.64442211 -0.61740917
-0.57984316 -0.33467296 0.74281621 -0.63960052 -0.37777242 -0.66947681
-0.63766259 -0.23993254 0.73199648 -0.62311602 -0.39802471 -0.67327768
-0.60615969 -0.30703938 0.73368746 -0.66472143 -0.31094471 -0.67930770
-0.66078788 -0.18744172 0.72679096 -0.63215137 -0.38306004 -0.67353523
-0.67574531 -0.12608129 0.72627264 -0.64834732 -0.36713570 -0.66697615
-0.70821619 -0.03843977 0.70494848 -0.63462192 -0.40283471 -0.65952963
-0.71537685 -0.01660517 0.69854152 -0.63516086 -0.40120202 -0.66000581
-0.74832362 0.14071845 0.64823622 -0.65891498 -0.27030203 -0.70197427
-0.75640094 0.21366286 0.61822808 -0.63528109 -0.46509594 -0.61652565
-0.75112325 0.25211057 0.61012638 -0.64760482 -0.46079510 -0.60685742
-0.72032511 0.34463903 0.60195988 -0.69288230 -0.39797086 -0.60127640
-0.73403609 0.19969636 0.64908588 -0.55796403 -0.72218955 -0.40880129
-0.76399982 0.08860545 0.63910359 -0.53715628 -0.63609093 -0.55394179
-0.75056958 -0.17828980 0.63628465 -0.32240149 -0.74171865 -0.58814180
0.67510760 0.28395814 -0.68088001 0.08432423 0.88720071 0.45361263
-0.64634359 0.42956367 0.63064653 -0.72922039 -0.59108555 -0.34475428
-0.64857876 0.45900539 0.60717362 -0.76082695 -0.36780444 -0.53466088
-0.64321512 0.45925215 0.61266774 -0.76402026 -0.33221439 -0.55308819
-0.44996044 0.62377149 0.63909686 -0.88919729 -0.24654076 -0.38541657
-0.43847057 0.63085276 0.64013159 -0.89379334 -0.23141073 -0.38416475
-0.35461971 0.84703416 0.39595199 -0.87616217 -0.15317161 -0.45703208
-0.40374205 0.77226794 0.49050453 -0.87569636 -0.17100134 -0.45156893
-0.44286931 0.64502269 0.62274599 -0.89461917 -0.36389360 -0.25930268
-0.44400454 0.68257898 0.58047044 -0.89593124 -0.34755296 -0.27661213
-0.44693518 0.64280230 0.62213689 -0.89449376 -0.32998833 -0.30164337
-0.41223869 0.73728079 0.53523487 -0.88865352 -0.19585787 -0.41464999
-0.36297372 0.82968497 0.42411429 -0.90685707 -0.20993865 -0.36542583
-0.36440226 0.82664204 0.42880529 -0.90738082 -0.21161570 -0.36315131
-0.38395482 0.76489449 0.51721871 -0.92274261 -0.33820111 -0.18484113
-0.41241115 0.76134872 0.50026506 -0.87752539 -0.47948870 0.00631031
-0.41383401 0.72860885 0.54577529 -0.82383090 -0.55483294 0.11603104
-0.43313766 0.48631513 0.75887382 -0.89818937 -0.16268688 -0.40839797
-0.41106334 0.74418426 0.52651381 -0.90062904 -0.24216458 -0.36086518
-0.42296898 0.63467240 0.64675206 -0.89773530 -0.39051232 -0.20389083
-0.44492310 0.65161681 0.61436069 -0.78636503 -0.61253524 0.08019118
-0.44910210 0.63185656 0.63171560 -0.89326346 -0.30194229 -0.33303329
-0.42213950 0.54689008 0.72298652 -0.80603284 -0.59141338 -0.02326486
0.71872020 0.35259852 -0.59926265 -0.05520031 0.88809252 0.45633835
-0.64571452 0.47154480 0.60058159 -0.76115036 -0.33480951 -0.55547523
-0.52287447 -0.40436634 0.75039327 -0.56979585 -0.48893794 -0.66050923
-0.56210339 -0.35002294 0.74934894 -0.60100532 -0.44956502 -0.66082060
-0.52135682 -0.39071906 0.75863409 -0.61201757 -0.44831827 -0.65149468
-0.45103362 -0.46646896 0.76090437 -0.67668796 -0.37716192 -0.63233095
-0.45473933 -0.46246082 0.76114529 -0.67805731 -0.37433833 -0.63254178
-0.32379165 -0.64889055 0.68854928 -0.72180581 -0.30108422 -0.62317318
-0.46234241 -0.44408619 0.76748091 -0.36871278 -0.69087982 -0.62188095
-0.47551900 -0.43458220 0.76486605 -0.32037556 -0.72419751 -0.61065340
-0.49246103 -0.42283505 0.76071852 -0.33883378 -0.71195006 -0.61507624
-0.28808630 -0.58205283 0.76040834 -0.50154305 -0.58473927 -0.63760066
-0.40758163 -0.50816166 0.75871533 -0.68105727 -0.38431746 -0.62326646
-0.36499184 -0.53647327 0.76090562 -0.63596255 -0.45323029 -0.62460715
-0.31353238 -0.58213764 0.75020880 -0.59087908 -0.49885485 -0.63403928
-0.34935507 -0.53349257 0.77028352 -0.57948631 -0.52299130 -0.62504059
-0.17913586 -0.66405284 0.72590923 -0.72961855 -0.40529561 -0.55081064
0.04784155 0.81059778 -0.58364588 0.69032651 0.39547646 0.60584462
-0.17240900 -0.65910274 0.73202372 -0.65217429 -0.48055670 -0.58628827
-0.10265139 -0.71115673 0.69549900 -0.63578862 -0.49082011 -0.59570837
-0.10195670 -0.69533521 0.71141678 -0.64415723 -0.49882042 -0.57986182
-0.00580916 0.79356337 -0.60845989 0.75125676 0.40505099 0.52110177
0.04786662 0.74988502 -0.65983433 0.59945184 0.50683755 0.61949426
-0.07309498 -0.66314960 0.74490917 -0.31600106 -0.69302386 -0.64796710
-0.19413809 -0.61559331 0.76377702 -0.38784936 -0.66698444 -0.63616413
-0.19866790 -0.60940564 0.76756489 -0.15437897 -0.75394028 -0.63854617
0.30358952 0.59012038 -0.74805844 -0.09236562 0.79964346 0.59332883
0.34165418 0.58878231 -0.73253524 -0.35860690 0.80213642 0.47747076
0.36420339 0.57529062 -0.73239106 -0.31312847 0.81626076 0.48545754
0.36328450 0.57874221 -0.73012459 -0.30359074 0.81442779 0.49450997
0.34459230 0.56083363 -0.75280929 -0.45210138 0.80194664 0.39049456
0.38425142 0.60176003 -0.70016837 -0.76805544 0.62918335 0.11924410
0.32544538 0.51007324 -0.79618508 -0.40143013 0.83690751 0.37207502
0.39892280 0.52417219 -0.75239897 -0.23785305 0.85158020 0.46715862
0.34278262 0.56778532 -0.74841160 -0.24286403 0.82315600 0.51325554
0.65921736 0.51556903 -0.54737651 -0.19662021 0.82079971 0.53630984
0.31515169 0.61005074 -0.72699213 -0.29271343 0.79116410 0.53700864
0.32495663 0.62148255 -0.71285522 -0.30417028 0.78239435 0.54345149
0.30259648 0.61704606 -0.72642243 -0.31923664 0.78374559 0.53275788
0.29207456 0.61290306 -0.73419499 -0.05633399 0.77736098 0.62652725
-0.13965002 -0.65137953 0.74578995 -0.01835547 -0.75133806 -0.65966225
-0.03218599 -0.66187960 0.74891889 -0.27214661 -0.71519154 -0.64376801
0.01071858 -0.67330438 0.73928773 -0.33691624 -0.69853157 -0.63130116
-0.23885481 0.77320445 -0.58745497 0.67928749 0.56535077 0.46791780
-0.23580004 0.76836032 -0.59499651 0.68739092 0.56466675 0.45677701
-0.20438129 0.74988502 -0.62920648 0.53277421 0.62444681 0.57115483
-0.17892228 0.73625624 -0.65262061 0.48233312 0.64378422 0.59405112
-0.23800851 0.75766993 -0.60769093 0.59933406 0.60691631 0.52196866
-0.32649654 0.78463203 -0.52702248 0.65924639 0.58860618 0.46790707
-0.32581252 0.78544664 -0.52623177 0.65972859 0.58756858 0.46853113
-0.37754446 0.78192633 -0.49603578 0.62770551 0.60993129 0.48370412
-0.41062304 0.74000549 -0.53271055 0.56067806 0.66564959 0.49249449
0.36467478 0.62340057 -0.69165319 -0.30762056 0.78175962 0.54242194
-0.24229217 0.69528484 -0.67666358 0.10749590 0.71238935 0.69350278
0.23547171 0.62299961 -0.74593878 0.00619889 0.76654220 0.64216411
0.04628262 0.74965960 -0.66020340 0.59968168 0.50771677 0.61855125
-0.07062679 0.82162887 -0.56563056 0.68278581 0.45320684 0.57306820
-0.01229441 0.78704482 -0.61677331 0.57092452 0.51191753 0.64186120
0.01218793 0.76637971 -0.64227223 0.48065692 0.55875313 0.67584312
-0.21695065 -0.60141206 0.76891881 -0.08665398 -0.77270496 -0.62882286
-0.10125417 -0.69974750 0.70717829 -0.73275822 -0.42834395 -0.52875972
-0.12848070 -0.67549592 0.72608405 -0.60215080 -0.52860349 -0.59832501
-0.16588055 -0.68317366 0.71116626 -0.58400130 -0.51304436 -0.62906921
-0.61370420 -0.27465868 0.74022281 -0.43575907 -0.66398466 -0.60764992
0.66167068 0.37560207 -0.64893371 -0.09184387 0.89956546 0.42702085
0.74511343 0.34985948 -0.56780666 -0.05726351 0.88177991 0.46817213
0.73109299 0.38848847 -0.56087422 -0.17038113 0.89997190 0.40127403
0.76926976 0.38173857 -0.51234734 -0.16222611 0.89231092 0.42126471
0.73084468 0.39405197 -0.55730534 -0.20569611 0.90570891 0.37064868
0.74523604 0.38859016 -0.54186809 -0.22656547 0.91185695 0.34232301
0.66519850 0.41133231 -0.62315077 -0.19141595 0.90063030 0.39016038
0.52281690 0.43403396 -0.73367369 -0.20199734 0.89923614 0.38803545
0.59577793 0.42789751 -0.67967081 -0.20712182 0.89948988 0.38473171
0.61088723 0.42761862 -0.66630256 -0.22552378 0.90071225 0.37129033
0.75078350 0.39433491 -0.52992839 -0.19799031 0.89971215 0.38899601
0.76779193 0.39719847 -0.50272167 -0.35261002 0.91708738 0.18605645
0.68148994 0.40425754 -0.61003888 -0.29646212 0.91462213 0.27491191
0.61651814 0.41180363 -0.67106128 -0.26180291 0.91103745 0.31854364
0.46800798 0.40752974 -0.78414804 -0.18745792 0.91291004 0.36256701
0.41196302 0.39761052 -0.81987339 -0.16726527 0.91748172 0.36090115
0.28552628 0.38623789 -0.87709469 -0.14202185 0.92214102 0.35984129
0.26119590 0.38755026 -0.88407099 -0.14706832 0.92114943 0.36035347
0.24642377 0.38882989 -0.88774246 -0.15828894 0.91983718 0.35894874
0.24307516 0.39487651 -0.88599497 -0.17411532 0.91631657 0.36062145
0.22039901 0.39446875 -0.89208674 -0.17832674 0.91545743 0.36074552
0.23366454 0.39701226 -0.88757098 -0.22765997 0.90980536 0.34702331
0.14193940 0.39638734 -0.90704483 -0.17432883 0.91201025 0.37127730
0.52167058 0.40509376 -0.75083882 -0.18330139 0.91274762 0.36509231
0.36973518 0.42095092 -0.82830930 -0.23481956 0.90487695 0.35504574
0.32687363 0.41739246 -0.84790164 -0.24344367 0.90409619 0.35120541
0.26548505 0.41983718 -0.86790240 -0.26336110 0.89754951 0.35361835
0.18609495 0.40549240 -0.89495510 -0.23954728 0.90210474 0.35892087
0.35406202 0.37859079 -0.85516614 -0.17174050 0.92516953 0.33847687
-0.39682916 0.89237303 0.21493499 -0.90516078 -0.41931096 0.06973074
-0.36531064 0.83938849 0.40246138 -0.92883694 -0.35734737 -0.09780022
0.29846925 0.41596252 -0.85900605 -0.20933422 0.90664560 0.36629635
0.31446549 0.41590238 -0.85330927 -0.26014578 0.90225542 0.34388852
0.33597422 0.41392526 -0.84604210 -0.28589565 0.90069371 0.32713076
0.26024184 0.39871478 -0.87937522 -0.32744992 0.89322829 0.30809054
0.25064221 0.39534807 -0.88367331 -0.33742598 0.89124471 0.30302909
0.28996786 0.38676995 -0.87540144 -0.38555396 0.88439870 0.26303431
0.38011399 0.39707622 -0.83537048 -0.31827694 0.90415901 0.28494966
0.40241280 0.38909528 -0.82865483 -0.30535805 0.91039097 0.27918607
0.30941856 0.39236781 -0.86620307 -0.39022005 0.88306731 0.26061535
0.30150262 0.38928187 -0.87037683 -0.38310689 0.88538700 0.26328522
0.30686265 0.37480402 -0.87484705 -0.37529349 0.89236689 0.25067139
0.43076253 0.42208052 -0.79767901 -0.25828317 0.90457553 0.33916521
0.50846964 0.43084943 -0.74553835 -0.25388584 0.90234172 0.34831229
0.56619304 0.42582145 -0.70576310 -0.23676544 0.90415961 0.35558057
0.58371925 0.42126539 -0.69412351 -0.21071340 0.90418369 0.37155324
0.53243876 0.42016229 -0.73482835 -0.18943119 0.90523785 0.38034239
0.46311399 0.42217663 -0.77928966 -0.30727276 0.90120989 0.30562115
0.30897307 0.41080895 -0.85777140 -0.28645957 0.90021563 0.32795259
0.59179312 0.42478591 -0.68508244 -0.21965554 0.90270108 0.36997604
0.69849461 0.36763281 -0.61396366 -0.09103882 0.89663160 0.43331715
0.54986006 0.40721881 -0.72926462 -0.16145657 0.90845472 0.38554096
0.32437071 0.36999640 -0.87056673 -0.35048425 0.90183461 0.25269592
0.44040146 0.37110206 -0.81751442 -0.38862538 0.89964336 0.19902806
0.41689283 0.38953447 -0.82125717 -0.36026883 0.90032977 0.24415734
0.47147650 0.47139448 -0.74531686 -0.24330078 0.88187581 0.40385619
0.33833349 0.59466499 -0.72931755 -0.40392506 0.79176724 0.45820218
0.35461661 0.62395972 -0.69636291 -0.46905553 0.76298523 0.44479266
