0.40927753 -0.29230389 0.86432081 0.06309859 0.95409393 0.29278547
0.59649980 -0.26558843 0.75739741 -0.05057201 0.92935205 0.36571470
0.60883492 -0.26702324 0.74700648 -0.09801082 0.90911424 0.40485200
0.59389019 -0.28651416 0.75180054 -0.08698764 0.90609586 0.41403323
0.64747721 -0.27922106 0.70909017 -0.14243548 0.86972600 0.47253445
-0.64646304 0.27508295 -0.71162838 0.30639958 -0.76060843 -0.57235837
-0.50430536 0.39674571 -0.76698697 0.47337189 -0.61583996 -0.62980968
-0.54761374 0.34801316 -0.76092458 0.48818040 -0.60569185 -0.62834489
-0.49396226 0.39447555 -0.77484864 0.41276234 -0.67795432 -0.60828060
-0.46280292 0.31657609 -0.82800549 0.31947088 -0.81172627 -0.48891601
-0.54035491 0.38261685 -0.74941379 0.61934906 -0.42202780 -0.66204184
-0.63041258 0.27370536 -0.72640580 0.47474724 -0.60442519 -0.63975406
-0.63466656 0.28687358 -0.71756673 0.26920724 -0.78830820 -0.55326104
-0.71551013 0.21310051 -0.66530704 0.35241771 -0.71218061 -0.60712487
0.74296224 -0.20182388 0.63818043 -0.23340440 0.81548810 0.52962399
-0.35086253 0.78132230 0.51616961 -0.77239472 0.07017562 -0.63125414
0.78239113 -0.04200898 0.62136900 -0.28123990 0.86636513 0.41269302
-0.39000317 0.84057742 0.37593505 -0.77081752 -0.07468817 -0.63266271
0.78002942 -0.06239173 0.62262452 -0.24544053 0.88477302 0.39615113
0.77261519 -0.16198042 0.61386335 -0.13631463 0.90202969 0.40958616
0.74609017 -0.20849939 0.63235867 -0.12595056 0.88837039 0.44151399
0.67700297 -0.25960726 0.68867344 -0.06201512 0.91227275 0.40486109
0.69992316 -0.24516997 0.67081994 -0.05890769 0.91621995 0.39632171
0.63971734 -0.28725269 0.71291488 -0.02971029 0.91760278 0.39638677
0.70289528 -0.24828611 0.66655248 -0.07156280 0.90765953 0.41356137
-0.64118659 0.22737569 -0.73292571 0.36900026 -0.74607384 -0.55426776
0.59681052 -0.32143086 0.73518676 -0.17369889 0.84277231 0.50947374
-0.52751803 0.31811041 -0.78773761 0.65135449 -0.44383916 -0.61542201
-0.50105405 0.32019982 -0.80400062 0.66259378 -0.45568365 -0.59440893
-0.45242572 0.39405623 -0.80001920 0.66608894 -0.44718605 -0.59695083
-0.47022665 0.36283410 -0.80451125 0.65417933 -0.46859074 -0.59369367
-0.39113396 0.45707300 -0.79881066 0.61111927 -0.51999825 -0.59677052
-0.37154907 0.48840141 -0.78956658 0.66593140 -0.45238248 -0.59319937
-0.32762438 0.43678674 -0.83778256 0.57728946 -0.60940337 -0.54347444
-0.32301980 0.42780536 -0.84418058 0.58456576 -0.61130375 -0.53347039
-0.22772300 0.47330168 -0.85095698 0.60036391 -0.61979306 -0.50539070
-0.30736688 0.44160962 -0.84291553 0.47502407 -0.69633096 -0.53802913
0.49248070 -0.32367679 0.80789614 -0.14664130 0.88413996 0.44361350
0.59566194 -0.27303314 0.75540709 -0.14828059 0.88691401 0.43748873
0.62835389 -0.27430314 0.72796243 -0.15685292 0.87187898 0.46392268
0.61273456 -0.30123344 0.73062629 -0.11325020 0.88149458 0.45841214
-0.57801247 0.27359894 -0.76879472 0.37605619 -0.74680644 -0.54850876
-0.61385274 0.23600507 -0.75331694 0.41735306 -0.71297693 -0.56345403
-0.59069991 0.23441172 -0.77209127 0.62505662 -0.47218481 -0.62156719
-0.59985340 0.22288004 -0.76844031 0.61462671 -0.48653534 -0.62090045
-0.61278242 0.18571615 -0.76811928 0.65412265 -0.42619514 -0.62488502
-0.62523556 0.15589106 -0.76470810 0.65603042 -0.42576689 -0.62317473
-0.63096923 0.16685042 -0.75765353 0.61312890 -0.49112374 -0.61876529
-0.61269879 0.19193372 -0.76665616 0.65088677 -0.42767650 -0.62724745
-0.64430785 0.12114115 -0.75511080 0.64127517 -0.45240492 -0.61975479
-0.66464710 0.04177628 -0.74598861 0.67202854 -0.40292034 -0.62131554
-0.66433442 0.02679031 -0.74695522 0.69214416 -0.35516873 -0.62832451
-0.66480029 0.02613054 -0.74656403 0.67617333 -0.40376285 -0.61625093
-0.66206664 -0.01649462 -0.74926347 0.69618648 -0.38368654 -0.60671997
-0.67057759 0.47352615 0.57105052 -0.70270729 -0.15874910 -0.69354254
-0.62772584 0.60490859 0.48994476 -0.70626968 -0.17791595 -0.68522191
-0.62368304 0.64194101 0.44601706 -0.75041199 -0.33194318 -0.57157302
-0.63581848 0.60930175 0.47379977 -0.74310559 -0.31730795 -0.58916020
-0.63826871 0.63611156 0.43356100 -0.74490941 -0.36825484 -0.55632591
-0.68099660 0.72212094 0.12159352 -0.70039016 -0.59382021 -0.39601916
0.61779779 -0.77928978 0.10503947 0.71380204 0.61182046 0.34082618
-0.74193579 0.62211406 0.25001079 -0.67047095 -0.68853819 -0.27637643
-0.78302932 0.62135106 -0.02807056 -0.51346850 -0.67122698 -0.53460687
0.75599968 -0.60951906 0.23864430 0.21704370 0.57737672 0.78710115
-0.73912311 0.66799289 0.08650178 -0.67181373 -0.72182250 -0.16624904
0.71630400 -0.68766987 0.11840099 0.62944084 0.71001226 0.31573236
0.72829789 -0.68111259 0.07528558 0.67894673 0.73209894 0.05534059
0.69153309 -0.66051090 0.29241645 0.62675959 0.74990958 0.21167938
0.68142045 -0.62986583 0.37274015 0.61096215 0.76994449 0.18414870
0.68742144 -0.62493414 0.37001222 0.60806364 0.77383775 0.17729603
0.59434807 -0.58241862 0.55456203 0.52286124 0.80378979 0.28379253
0.56678206 -0.58349186 0.58163166 0.57594097 0.78542823 0.22670358
0.49677461 -0.55811727 0.66462034 0.59354734 0.77718860 0.20899619
0.61627549 -0.57552445 0.53756505 0.43154177 0.81778014 0.38079834
0.60191911 -0.57841158 0.55057561 0.44844064 0.81531686 0.36627790
0.61281127 -0.56800908 0.54938889 0.36469558 0.82004726 0.44104394
0.66124463 -0.55777305 0.50164217 0.30791843 0.81158245 0.49650809
0.69692147 -0.66307545 0.27318761 0.49598992 0.72079659 0.48419654
0.69502068 -0.69152313 0.19683021 0.54243511 0.68400764 0.48774770
0.59233075 -0.68324697 0.42698699 0.72456962 0.68349010 0.08854517
0.79320854 -0.57593220 0.19779375 0.36911160 0.71306938 0.59606105
-0.73594844 0.06236964 -0.67415881 0.42862290 -0.72786903 -0.53524679
-0.70110488 0.10533938 -0.70523447 0.41685438 -0.74186999 -0.52522510
-0.67323953 0.03955415 -0.73836583 0.65673238 -0.42687714 -0.62167400
-0.71114033 0.09956890 -0.69596374 0.44444126 -0.70335877 -0.55475986
-0.68973041 0.14498529 -0.70940208 0.39963990 -0.74076849 -0.53995371
-0.68508321 0.15113306 -0.71261477 0.40971559 -0.72890884 -0.54847521
-0.66398472 0.18240583 -0.72515684 0.39211640 -0.74081230 -0.54538238
0.69108570 -0.25271872 0.67715126 -0.18634862 0.84290498 0.50476277
0.78037578 -0.18486753 0.59735888 -0.15693907 0.86681938 0.47328034
0.71279389 -0.28650796 0.64018601 -0.13330084 0.84078407 0.52470279
0.71906924 -0.35109201 0.59972823 -0.00693545 0.85932612 0.51138097
0.70778799 -0.35440648 0.61109108 0.08735396 0.90231746 0.42212856
0.73322529 -0.26986167 0.62414378 -0.16075611 0.82306534 0.54472101
0.74605489 -0.32465863 0.58137679 -0.10914434 0.80166006 0.58773172
0.73492092 -0.33225724 0.59118217 -0.09463976 0.81297326 0.57455891
0.69749051 -0.35979956 0.61971873 -0.12134048 0.79302263 0.59698552
-0.66738409 0.07769948 -0.74064922 0.53923935 -0.63552248 -0.55256867
-0.67086899 0.03478090 -0.74075985 0.66579753 -0.41163987 -0.62230724
-0.64615822 0.11776045 -0.75406373 0.63706315 -0.46085382 -0.61787081
-0.66521031 0.18298016 -0.72388786 0.38980585 -0.74178731 -0.54571331
0.67030323 -0.26704037 0.69237494 -0.15690635 0.86091477 0.48394856
0.67841905 -0.31180257 0.66522694 0.05295803 0.92387009 0.37902454
0.66964221 -0.32706603 0.66678864 0.22927597 0.94499564 0.23327202
0.68351936 -0.30774516 0.66188693 0.19287808 0.95069665 0.24284568
0.40534401 -0.28665686 0.86805767 0.20042494 0.95432836 0.22155638
0.74699008 -0.36705056 0.55432820 0.43785226 0.89903152 0.00526530
0.75229895 -0.36823002 0.54630846 0.42449117 0.90507293 0.02549981
0.75052822 -0.37146822 0.54655170 0.43054685 0.90229946 0.02202536
0.74410468 -0.39046597 0.54207432 0.45033821 0.89251584 0.02471668
0.74357855 -0.41009566 0.52812165 0.42544183 0.89950258 0.09947075
0.72000521 -0.41467875 0.55644774 0.47357324 0.87971330 0.04281305
0.70415771 -0.43798777 0.55886370 0.49543765 0.86689103 0.05515024
0.71423942 -0.42078507 0.55928707 0.48688328 0.87277108 0.03486188
0.55900484 -0.28718621 0.77784175 -0.09527798 0.90964127 0.40432042
-0.47746950 0.35398650 -0.80418688 0.56685960 -0.57520431 -0.58975440
-0.47422865 0.35818747 -0.80424434 0.60350758 -0.53284264 -0.59317565
-0.59322381 0.23314546 -0.77053797 0.62109119 -0.47641060 -0.62231725
-0.70569777 0.13628457 -0.69528216 0.34078372 -0.79506660 -0.50173259
0.77858675 -0.06001224 0.62466097 -0.26321334 0.87239283 0.41188526
0.74892408 -0.20454827 0.63029581 -0.11882937 0.89429253 0.43141675
0.65089816 -0.27782619 0.70650142 -0.11952542 0.88151896 0.45676899
0.66585624 -0.24946706 0.70313710 -0.07739359 0.91426188 0.39766246
0.65333307 -0.24874981 0.71503812 -0.05061485 0.92801523 0.36908796
-0.51591885 0.29136410 -0.80556488 0.20757057 -0.86983651 -0.44754773
0.59006292 -0.24338333 0.76979887 -0.09439216 0.92614412 0.36516735
