0.12797344 -0.63430250 0.76241934 0.30609557 0.75647181 0.57797563
0.12879352 -0.63261110 0.76368541 0.30572307 0.75791878 0.57627481
0.29332489 -0.67417234 0.67782909 0.41579977 0.72840941 0.54454595
0.30457142 -0.68536645 0.66144478 0.45037946 0.71552736 0.53402156
0.32125264 -0.69084549 0.64771080 0.56889248 0.68758219 0.45121184
0.35550520 -0.70695364 0.61141860 0.60596770 0.67237765 0.42510179
0.21940206 -0.67898297 0.70060331 0.56904364 0.67236257 0.47341108
0.18740261 -0.66663808 0.72143888 0.57309204 0.67069715 0.47088304
0.00080642 -0.62907135 0.77734715 0.26171198 0.75038642 0.60698193
0.12924796 -0.64312583 0.75477427 0.24360478 0.75842583 0.60452217
-0.23192407 -0.58501089 0.77715737 0.03735219 0.79299617 0.60808057
-0.11611924 -0.63833708 0.76094818 -0.04676797 0.76879507 0.63778287
-0.08638637 -0.64091849 0.76273251 -0.11672272 0.76683307 0.63114417
-0.13305879 -0.64172977 0.75530010 -0.07827383 0.76650017 0.63745648
-0.10853132 0.62253165 -0.77503246 0.09006466 -0.77027369 -0.63132149
-0.09935047 0.62149101 -0.77709609 0.05376973 -0.77646583 -0.62786126
-0.28212026 0.58288908 -0.76200289 0.20645337 -0.73877215 -0.64155501
0.28450117 -0.67360216 0.68214315 0.08013563 0.72576690 0.68325746
0.36758435 -0.75631005 0.54118109 0.19287843 0.63126725 0.75119889
0.58642781 -0.73148972 0.34788680 0.25466585 0.57421273 0.77809066
0.64825916 -0.69862819 0.30278492 0.24657193 0.56884539 0.78461277
0.46727270 -0.77857977 0.41889119 0.45957321 0.61865723 0.63722509
0.47777832 -0.78192639 0.40039855 0.54269606 0.62112695 0.56540453
0.48176834 -0.79996526 0.35770762 0.57638502 0.59675300 0.55827081
0.33495596 -0.81391013 0.47471562 0.60641849 0.57182252 0.55251753
0.55935168 -0.81208044 0.16628601 0.64065719 0.55081463 0.53494084
0.54349202 -0.82178122 0.17114930 0.64446884 0.53914684 0.54219973
0.67756057 -0.73484230 -0.03030676 0.53850746 0.46762094 0.70095682
-0.79587889 0.46292967 0.39022166 -0.56746340 -0.34562790 -0.74734640
0.66591036 -0.74601352 0.00521663 0.49012870 0.44275138 0.75082964
0.68888724 -0.72477454 -0.01167855 0.46106219 0.42568684 0.77859646
0.54590875 -0.82251012 0.15956405 0.66947234 0.54273057 0.50719845
0.55831671 -0.82960343 -0.00637600 0.69980037 0.46680453 0.54071528
-0.64401579 0.76143998 0.07384399 -0.69166452 -0.53830671 -0.48148328
0.52802867 -0.82954544 0.18176936 0.78288454 0.55843347 0.27430612
0.55953127 -0.82460773 0.08334807 0.78844333 0.56058329 0.25318679
0.57247156 -0.81896299 0.03969901 0.78004086 0.55890304 0.28136045
0.50135195 -0.81693697 0.28506196 0.76718837 0.57205749 0.29012460
0.47840315 -0.81369537 0.33019742 0.75580269 0.57298189 0.31694493
0.48100394 -0.81483263 0.32354757 0.71160054 0.57842273 0.39881310
0.39260170 -0.79187042 0.46776623 0.71931887 0.58130616 0.38034666
0.53196406 -0.82699037 0.18193716 0.68588173 0.54682833 0.48015106
0.51866746 -0.82525605 0.22346503 0.57555813 0.53029859 0.62250811
0.39988387 -0.78306240 0.47634685 0.73052067 0.58617210 0.35034534
0.31792226 -0.77153277 0.55105603 0.58269262 0.61748928 0.52837151
0.28352928 -0.76347542 0.58027279 0.65036857 0.59776813 0.46871528
0.29352003 -0.76518679 0.57300544 0.38220137 0.64334965 0.66334265
0.27914575 -0.75302124 0.59584951 0.36965933 0.65696400 0.65707707
0.15051781 -0.71709585 0.68052769 0.42397556 0.66867602 0.61083317
0.11634219 -0.70509672 0.69950205 0.51078814 0.64648628 0.56670189
0.02099898 -0.67090565 0.74124539 0.48613518 0.65471280 0.57881248
-0.08162270 -0.62814134 0.77380639 0.35453629 0.70731467 0.61156356
-0.07445373 -0.62896001 0.77386439 0.35706356 0.70775396 0.60958177
-0.07152386 -0.62433255 0.77787739 0.15148175 0.76402932 0.62714630
-0.18068598 -0.48674169 0.85465497 0.42645082 0.74425650 0.51402533
-0.23464426 -0.28207937 0.93025446 0.41172343 0.83805633 0.35797399
-0.23944196 -0.28443465 0.92831272 0.35033959 0.86639965 0.35582843
-0.35210228 -0.22219154 0.90920568 0.37107411 0.85866767 0.35354462
-0.21153338 -0.29673693 0.93123621 0.38919908 0.84842110 0.35875586
-0.18708618 -0.48484397 0.85435659 0.54948789 0.66927332 0.50013626
-0.13811234 -0.51539797 0.84574807 0.51456285 0.69229746 0.50591445
-0.18376939 -0.50642473 0.84247428 0.55059183 0.65696883 0.51501530
-0.00024031 -0.61268342 0.79032844 0.52812558 0.67104256 0.52037036
0.09184146 -0.67832547 0.72899920 0.32684261 0.71206874 0.62139529
0.15097354 -0.68011123 0.71739507 0.21238294 0.73108238 0.64839190
0.16242623 -0.68435264 0.71082991 0.21184315 0.72778350 0.65226817
0.21956168 -0.67946613 0.70008463 0.10673261 0.73001695 0.67504328
0.19588509 -0.73113453 0.65350699 0.67413044 0.58437490 0.45172355
0.36602753 -0.78309405 0.50277978 0.55942458 0.61691153 0.55359221
0.33703047 -0.78009588 0.52712518 0.40648004 0.62557745 0.66590297
0.18474878 -0.77450454 0.60498810 0.41650611 0.61927253 0.66560066
0.41000924 -0.78242218 0.46873024 0.42398784 0.61851215 0.66157168
0.30058432 -0.80112630 0.51753825 0.37003699 0.59808445 0.71089214
0.47059119 -0.77349788 0.42455268 0.34150317 0.60332769 0.72067422
0.30349267 -0.76791674 0.56408882 0.38242459 0.64040577 0.66605699
0.25173807 -0.67704207 0.69155043 0.07981295 0.72665209 0.68235379
-0.29072344 0.52954024 -0.79691094 0.28978351 -0.74503708 -0.60078728
-0.07580354 -0.59256524 0.80194783 -0.02298847 0.80508667 0.59271163
-0.03022377 0.62773186 -0.77784270 0.30898869 -0.73421431 -0.60452908
0.21672660 -0.67724311 0.70311552 0.05483729 0.72754210 0.68386793
0.01464492 0.63626039 -0.77133536 0.33603656 -0.72968119 -0.59552056
0.02050894 0.63524729 -0.77203637 0.35355252 -0.72691262 -0.58872640
-0.05988549 0.61944681 -0.78275114 0.58236885 -0.61519164 -0.53139997
-0.27844608 0.51408654 -0.81128472 0.42282405 -0.69282091 -0.58413965
-0.23909691 0.53810036 -0.80825782 0.31426141 -0.74471509 -0.58876073
-0.27870530 0.51668578 -0.80954260 0.42170978 -0.69148654 -0.58652133
-0.60223216 0.26759422 -0.75213683 0.27159610 -0.81727237 -0.50823373
0.62550229 -0.66024625 0.41571841 0.39111978 0.72638083 0.56515151
0.44489744 -0.68638223 0.57527876 0.38609681 0.72659129 0.56832600
0.44895929 -0.69179618 0.56555599 0.37620509 0.72044176 0.58260912
0.57303786 -0.68249220 0.45368716 0.45086920 0.72483051 0.52090085
0.36656862 -0.68915248 0.62505710 0.41593373 0.72233444 0.55247819
-0.12087020 0.58332616 -0.80319434 0.65578336 -0.56050032 -0.50575453
-0.33360511 0.49539056 -0.80205727 0.28934261 -0.75592560 -0.58724558
-0.07124160 -0.64041662 0.76471651 -0.10542259 0.76720482 0.63267910
-0.08630957 -0.63937682 0.76403403 0.02916896 0.76494521 0.64343446
-0.26802039 0.61633837 -0.74046749 0.04231373 -0.76031512 -0.64817476
-0.17174995 0.63847429 -0.75023502 0.07381988 -0.75106919 -0.65608364
0.28008255 -0.62296540 0.73038888 0.06809825 0.77181745 0.63218707
-0.05120168 -0.66492754 0.74515080 0.12207047 0.73636794 0.66547817
-0.24132054 -0.56954414 0.78573787 0.11786163 0.78647268 0.60627502
0.23860699 -0.62699908 0.74157870 -0.01654313 0.76090014 0.64865804
0.06455541 -0.62602603 0.77712554 0.71074617 0.57548296 0.40454835
0.25810450 -0.77963603 0.57056975 0.74866360 0.53468579 0.39193609
0.25969979 -0.75037563 0.60785896 0.71303803 0.57350177 0.40332693
0.26297754 -0.74938059 0.60767728 0.71202838 0.57576245 0.40188718
0.27297401 -0.70977879 0.64938378 0.66610342 0.62648588 0.40474892
0.25719672 -0.69898313 0.66728741 0.70010060 0.61075288 0.36991906
-0.31910759 0.68864340 -0.65110725 -0.85660553 -0.50351000 -0.11271499
0.23460065 -0.77444375 0.58753687 0.77835405 0.51172966 0.36372769
0.22773834 -0.79553711 0.56147671 0.85994226 0.43481404 0.26727536
0.20621465 -0.81402260 0.54299420 0.87580669 0.40102783 0.26858762
0.17588612 -0.78578144 0.59296852 0.84742981 0.42737627 0.31497982
-0.19380943 0.80886650 -0.55513328 -0.91529858 -0.35274470 -0.19442150
-0.18009058 0.80152458 -0.57019806 -0.94193095 -0.30755180 -0.13482581
-0.13860606 0.82629192 -0.54592139 -0.97270870 -0.21716106 -0.08172444
-0.14305420 0.89719683 -0.41781980 -0.97534293 -0.05611569 0.21344146
-0.09442310 0.76428115 -0.63793314 -0.96386820 -0.23051178 -0.13350049
-0.05311514 0.66999632 -0.74046183 -0.94456005 -0.27430794 -0.18044803
-0.01823722 0.57432246 -0.81842607 -0.96760494 -0.21629439 -0.13022104
0.08094712 0.24005005 -0.96737975 -0.97435915 -0.18536647 -0.12752882
0.07459901 0.22559036 -0.97136194 -0.97614551 -0.18264921 -0.11738507
-0.17155987 -0.07268016 0.98248911 0.96916658 0.16659258 0.18155728
-0.17382063 -0.03484958 0.98416054 0.96786380 0.17837898 0.17725882
-0.14760944 -0.16054350 0.97592890 0.95617241 0.22912131 0.18231249
0.03673128 0.36881697 -0.92877603 -0.98828226 -0.12437926 -0.08847565
0.05409659 0.08847950 -0.99460793 -0.99697638 -0.05085925 -0.05874980
-0.12015013 -0.05663630 0.99113888 0.97982848 0.15382558 0.12756905
0.02199948 0.22160438 -0.97488850 -0.99840891 -0.04577119 -0.03293462
0.00867617 -0.00214925 -0.99996006 -0.99311727 0.11678842 -0.00886781
-0.03717889 0.28195983 -0.95870560 -0.97434103 0.20288475 0.09745460
-0.03865705 0.11707074 -0.99237096 -0.93939078 0.33431131 0.07603220
0.01608458 0.22129859 -0.97507352 -0.97415006 0.22323726 0.03459565
0.02227137 0.50236756 -0.86436731 -0.97095412 0.21688674 0.10103618
-0.00114423 0.33724082 -0.94141775 -0.99021429 0.13099368 0.04812895
0.04373568 0.49539122 -0.86756831 -0.95543098 0.27451840 0.10858804
0.04402124 0.50080508 -0.86443996 -0.92016828 0.35728055 0.16012792
0.03723809 0.33801502 -0.94040376 -0.89719939 0.42571083 0.11748854
-0.03038713 0.19964322 -0.97939736 -0.89528173 0.43027180 0.11548518
0.13037184 0.48959690 -0.86214739 -0.79075068 0.57590717 0.20747121
0.23074594 0.55963349 -0.79596901 -0.73009098 0.64035159 0.23857290
0.17200854 0.49866620 -0.84955585 -0.73698151 0.63739359 0.22491693
0.30588219 0.58071238 -0.75445962 -0.75007188 0.63504368 0.18469387
0.29542994 0.61600947 -0.73024207 -0.77424073 0.60218191 0.19475171
0.36097318 0.67621118 -0.64221251 -0.78131366 0.59526980 0.18762451
0.26912823 0.74091733 -0.61531419 -0.84469795 0.48849818 0.21875766
0.15505403 0.68819273 -0.70876586 -0.90864468 0.38091606 0.17107856
0.12574074 0.69865131 -0.70432639 -0.91765255 0.35168207 0.18502335
0.05470741 0.55481935 -0.83017027 -0.96814692 0.23292105 0.09186583
0.01908598 0.72814876 -0.68515337 -0.99064219 0.10640031 0.08548142
0.02673033 0.79872733 -0.60109901 -0.96874553 0.16904220 0.18154037
0.01050805 0.85971129 -0.51067215 -0.96937317 0.13407446 0.20576631
-0.03356087 0.87845582 -0.47664359 -0.99488455 0.01610221 0.09972708
-0.00548808 0.78226876 -0.62291700 -0.99642050 0.04827129 0.06939860
0.00417113 0.66949677 -0.74280334 -0.99802345 -0.04379044 -0.04507310
-0.02911063 0.64468843 -0.76389092 -0.99351907 -0.10266537 -0.04878341
-0.06563093 0.79762810 -0.59956819 -0.99260259 -0.11369169 -0.04259440
-0.00072693 0.54007494 -0.84161669 -0.99970233 -0.02091846 -0.01256014
0.00729142 0.45107242 -0.89245754 -0.99581432 -0.07803896 -0.04757886
0.01147812 0.42516053 -0.90504521 -0.99606782 -0.07465506 -0.04770299
0.04016326 0.38486153 -0.92210007 -0.96184021 -0.23507640 -0.14000919
-0.11681803 -0.26104686 0.95823181 0.94406116 0.27040651 0.18875615
0.02561502 0.35847858 -0.93318647 -0.94938403 -0.28362274 -0.13501176
-0.15514466 -0.24079144 0.95809692 0.88527870 0.39652088 0.24300791
-0.02618945 -0.50513989 0.86264008 0.82696640 0.47387889 0.30259773
-0.06451273 0.57676482 -0.81435895 -0.90622562 -0.37555724 -0.19419581
-0.12577027 0.65698129 -0.74334204 -0.83375007 -0.47606280 -0.27968737
0.05226520 -0.62750459 0.77685672 0.77769935 0.51357853 0.36252016
0.09557740 -0.69282031 0.71474826 0.68191558 0.56865621 0.46002325
0.16814615 -0.73504812 0.65683419 0.65469801 0.58141100 0.48304439
0.20916061 -0.80082738 0.56118393 0.78541052 0.47945914 0.39147064
0.39955726 -0.85193360 0.33847195 0.66982335 0.52339691 0.52668053
-0.23683409 0.83088142 -0.50353318 -0.89027953 -0.39310831 -0.22993091
-0.18115483 0.77324980 -0.60767400 -0.88543159 -0.39715433 -0.24141121
-0.12841751 0.70272189 -0.69977927 -0.92232484 -0.34394068 -0.17612979
-0.10263570 0.71121299 -0.69544381 -0.92831540 -0.31964457 -0.18988892
-0.15611549 0.74605429 -0.64732599 -0.96165836 -0.26440820 -0.07281201
-0.23271704 0.87153083 -0.43159795 -0.93914539 -0.31668591 -0.13310170
-0.24231312 0.82177776 -0.51571858 -0.96639496 -0.25146002 0.05337384
-0.27378508 0.88456464 -0.37760717 -0.93373793 -0.33858848 -0.11615220
-0.27693936 0.87887710 -0.38843235 -0.92346638 -0.35515276 -0.14517699
0.42766827 -0.85251009 0.30054355 0.73845702 0.52125382 0.42775664
0.50415295 -0.85208780 0.14062828 0.80742484 0.52283686 0.27332556
0.26197904 -0.95372957 0.14753604 0.94577026 0.28414437 0.15741840
-0.30345440 0.92130238 -0.24314056 -0.93750483 -0.33428961 -0.09661849
-0.30402303 0.91660506 -0.25962514 -0.94465613 -0.32531887 -0.04233680
0.23400426 -0.96590483 0.11076953 0.94802481 0.20142378 -0.24632807
-0.29891738 0.93809754 -0.17498986 -0.95405006 -0.29779530 0.03326527
-0.33702967 0.93797755 -0.08129647 -0.93765861 -0.32661682 0.11881862
0.53758943 -0.84130633 -0.05657998 0.83818936 0.54049540 -0.07282458
-0.64839500 0.75208962 0.11808971 -0.76063788 -0.64647448 -0.05916725
-0.73910487 0.64788646 0.18430178 -0.67309630 -0.72085744 -0.16524500
-0.92208886 0.24808691 0.29699349 -0.35145935 -0.85807061 -0.37442118
-0.92140508 0.17555200 0.34669039 -0.29703641 -0.89340115 -0.33705154
-0.89581418 0.10961960 0.43069780 -0.32833388 -0.81636393 -0.47512817
-0.87694436 0.02128932 0.48012003 -0.24228869 -0.88235503 -0.40341780
0.84747064 0.04885560 -0.52858937 0.12783651 0.94766808 0.29254577
0.81171393 0.07031687 -0.57980698 0.03064166 0.98623198 0.16250411
0.81291455 0.06552362 -0.57868534 0.12007086 0.95344639 0.27662808
-0.79859269 -0.09944952 0.59359884 -0.27479503 -0.81721359 -0.50660604
0.71928382 0.17875630 -0.67132491 0.23479924 0.84691232 0.47708377
0.67076463 0.24697883 -0.69933993 0.10982960 0.89945251 0.42299256
0.58415991 0.33972746 -0.73711771 -0.00834151 0.91064960 0.41309536
0.55910289 0.38419911 -0.73470747 -0.03401921 0.89603680 0.44267464
0.39110509 0.51385480 -0.76353782 -0.29490536 0.85584706 0.42491955
0.37971064 0.51855445 -0.76610780 -0.15838102 0.85234278 0.49842483
0.31510845 0.52846152 -0.78831154 -0.26553151 0.84654582 0.46136025
-0.01252527 0.48836246 -0.87255102 -0.15757258 0.86075246 0.48402080
0.33058482 0.54276931 -0.77208501 -0.46797588 0.80469781 0.36532190
0.26174921 0.52339286 -0.81089294 -0.46588725 0.80433440 0.36877531
0.41883785 0.52570969 -0.74040812 -0.25326276 0.85064662 0.46071503
0.47792137 0.53260058 -0.69851834 -0.37470365 0.84284520 0.38627610
0.76107645 0.30525133 -0.57234979 -0.16544554 0.94452035 0.28374138
0.72543436 0.31094176 -0.61405236 -0.19207482 0.94815260 0.25320730
0.72760546 0.29324195 -0.62016088 -0.18042333 0.95400560 0.23941764
0.77739370 0.19934179 -0.59659195 -0.10598128 0.97640532 0.18815072
0.85825348 0.09872233 -0.50364166 0.06793056 0.95083982 0.30214095
0.86337268 0.09428318 -0.49567956 0.04894393 0.96210462 0.26825228
0.87940401 0.11724617 -0.46141303 -0.13032222 0.99146533 0.00355347
0.90599692 0.15142788 -0.39527109 -0.01999550 0.94808769 0.31737977
0.89342785 0.18343365 -0.41004735 -0.23781350 0.96755600 -0.08532397
0.87720335 0.16829039 -0.44965845 -0.07841330 0.97419798 0.21163565
0.89193845 0.19432457 -0.40826923 -0.17159985 0.98086429 0.09197237
0.70726025 0.55647463 -0.43602636 -0.58626658 0.80634207 0.07812802
0.68453550 0.55571222 -0.47179985 -0.57847857 0.80792910 0.11230813
-0.31339675 0.93384129 -0.17240357 -0.91624361 -0.24964491 0.31332910
-0.24814923 0.89324242 -0.37488657 -0.96205497 -0.18191551 0.20336427
0.55430514 0.68490624 -0.47291574 -0.71189606 0.68452162 0.15695301
0.51875055 0.67024213 -0.53072906 -0.67998666 0.69974142 0.21904348
0.51333541 0.65059018 -0.55965996 -0.60329992 0.73737645 0.30381778
0.53070486 0.62680018 -0.57050323 -0.62061393 0.74581003 0.24208632
0.39250293 0.56977671 -0.72200835 -0.47063118 0.79886967 0.37458459
0.57150763 0.59469718 -0.56543291 -0.53578234 0.79233181 0.29180074
0.46099234 0.55412155 -0.69313455 -0.38791844 0.82833332 0.40420708
0.31283358 0.54240865 -0.77969748 -0.51778835 0.78558326 0.33875388
0.59464049 0.57237297 -0.56461656 -0.53091198 0.80692160 0.25886294
0.53062916 -0.84095335 -0.10597293 0.79512745 0.53717977 -0.28144345
0.83157104 0.18183178 -0.52481121 -0.11746453 0.98109561 0.15379676
0.84485584 0.17993869 -0.50382596 -0.13658059 0.98307896 0.12207200
0.82329142 0.18348335 -0.53714544 -0.14089215 0.98275578 0.11975160
0.59305763 0.56663883 -0.57201678 -0.53314120 0.80874252 0.24838680
0.52085894 0.57871902 -0.62752718 -0.47390601 0.80746239 0.35130849
0.46807688 0.53785241 -0.70115542 -0.39091641 0.83761322 0.38156065
0.72156650 0.28843239 -0.62940341 -0.11050700 0.94541472 0.30656022
0.74639475 0.22119296 -0.62766910 -0.00816812 0.94612306 0.32370418
-0.86192477 -0.03114264 0.50607890 -0.28591558 -0.79443389 -0.53584242
0.90525085 0.09368849 -0.41441926 -0.03775996 0.98926604 0.14116281
0.51994127 -0.84581017 -0.11944160 0.79393226 0.53010011 -0.29776740
0.23998742 -0.96602386 0.09593774 0.95127916 0.21430953 -0.22167417
-0.23472185 0.87943983 -0.41411510 -0.90863371 -0.04713130 0.41492578
0.50724810 -0.83891612 0.19727966 0.80337995 0.54315400 0.24405830
-0.24716018 0.85338312 -0.45896536 -0.92528766 -0.34848306 -0.14967424
-0.24540262 0.84422177 -0.47651562 -0.91283798 -0.36671171 -0.17958109
0.41076222 -0.85108751 0.32699305 0.65927982 0.52499485 0.53826618
0.17909110 -0.78804916 0.58898640 0.81521654 0.45401186 0.35957646
-0.03995168 0.58412963 -0.81067652 -0.91283309 -0.35130110 -0.20814241
0.00191381 0.50104666 -0.86541814 -0.93961078 -0.29528037 -0.17303483
-0.02636194 -0.51248229 0.85829306 0.81901014 0.48122010 0.31248936
0.00269622 0.49240682 -0.87036097 -0.94022095 -0.29515916 -0.16989897
0.01185148 0.30088824 -0.95358580 -0.99952263 -0.02364637 -0.01988362
-0.01312382 0.56744760 -0.82330495 -0.98572379 -0.14556426 -0.08461461
-0.08024413 0.47753182 -0.87494248 -0.98701948 0.08444088 0.13660982
0.01032177 0.87941235 -0.47594902 -0.95615065 0.14800200 0.25272796
0.01308446 0.72593635 -0.68763751 -0.96620584 0.18623455 0.17822202
0.09952859 0.83162373 -0.54634792 -0.95194077 0.23941925 0.19101638
0.11175407 0.84652817 -0.52048159 -0.92496258 0.28007036 0.25691423
0.41987062 0.64806771 -0.63538730 -0.74389744 0.64679861 0.16813150
0.41657737 0.59259421 -0.68941677 -0.50249475 0.78206831 0.36860320
0.32005137 0.56765127 -0.75851113 -0.48002481 0.78740948 0.38673311
0.12754986 0.64582723 -0.75275379 -0.88816190 0.41218981 0.20314541
0.06230356 0.54716694 -0.83470148 -0.96788090 0.23722202 0.08326045
0.00519904 0.47316417 -0.88095897 -0.99410200 0.09787750 0.04670336
0.01052585 0.43176851 -0.90192306 -0.99914640 -0.03149083 -0.02673577
-0.09691501 -0.24792171 0.96392030 0.95342153 0.25482735 0.16140138
-0.14710975 -0.17673610 0.97320253 0.94920009 0.25147811 0.18915062
-0.16889654 -0.12329718 0.97789156 0.91153222 0.35788149 0.20255864
-0.17973408 -0.07889818 0.98054618 0.90464640 0.37828168 0.19625951
-0.19139743 -0.05033215 0.98022127 0.87078780 0.45209041 0.19324334
-0.16795689 -0.11371042 0.97921419 0.76848757 0.60704172 0.20230483
-0.19267377 -0.07914834 0.97806561 0.79663539 0.56935084 0.20300674
-0.06563971 -0.29532519 0.95313925 0.83132392 0.51212746 0.21593066
-0.05026972 -0.31811023 0.94672006 0.86180162 0.46524978 0.20209061
-0.16939718 -0.09024621 0.98140728 0.93996292 0.28455469 0.18841009
-0.17564739 -0.09597944 0.97976321 0.75949144 0.62000424 0.19689485
-0.15265879 -0.13706036 0.97872865 0.55611026 0.80675548 0.19971760
-0.25834608 -0.06605322 0.96379167 0.59986132 0.77105463 0.21363793
-0.12526846 -0.18041149 0.97558171 0.77480876 0.59637743 0.20977481
-0.18312314 -0.13680561 0.97352457 0.79833996 0.55718493 0.22846936
-0.11274043 -0.32023552 0.94060558 0.77720463 0.56137228 0.28427824
-0.11462469 0.63223124 -0.76625377 -0.88884920 -0.40973154 -0.20510305
-0.03068189 -0.36460316 0.93065739 0.83621746 0.50068808 0.22372271
-0.16797835 -0.13276365 0.97680968 0.91561788 0.34615362 0.20450312
-0.20485286 0.03055169 0.97831583 0.93923080 0.28743175 0.18769254
-0.12718014 -0.24478598 0.96119982 0.92037165 0.33215725 0.20636751
-0.11984042 0.80833852 -0.57639152 -0.99144948 -0.06724678 0.11182946
-0.10273490 0.76082832 -0.64076978 -0.97230333 -0.21276301 -0.09673777
-0.11727210 0.78541017 -0.60776490 -0.98594230 -0.16542138 -0.02352902
-0.13064536 0.77134776 -0.62285995 -0.95714802 -0.26190668 -0.12358188
-0.14652646 0.76379162 -0.62861151 -0.94971424 -0.28638476 -0.12659651
-0.16053782 0.63613504 -0.75469196 -0.98515391 -0.05615268 0.16223021
-0.19999743 0.80324340 -0.56107146 -0.97854108 -0.19272736 0.07289393
-0.20021859 0.70973963 -0.67541265 -0.96670109 -0.25524983 0.01834524
-0.20381112 0.68552208 -0.69894248 -0.94979173 -0.31157029 -0.02862918
0.16202323 -0.74934852 0.64204776 0.72221118 0.53341901 0.44031250
0.24611013 -0.79189038 0.55887341 0.66323560 0.55806631 0.49867883
0.10426435 -0.74790150 0.65557021 0.58891231 0.57760459 0.56529230
0.16458997 -0.78784335 0.59347546 0.68849707 0.52261686 0.50283551
0.12157492 -0.77263910 0.62309587 0.57426524 0.56677324 0.59075177
0.11371912 -0.78139794 0.61358392 0.57945675 0.55383343 0.59791172
0.03785456 -0.74106920 0.67036074 0.64089590 0.53270382 0.55270177
0.08409533 -0.76923162 0.63341194 0.69337255 0.50170618 0.51722872
0.08265191 -0.77361542 0.62824184 0.68514824 0.50189567 0.52789450
-0.05842112 -0.51966083 0.85237294 0.70621151 0.58196920 0.40320873
-0.00116810 -0.55556512 0.83147222 0.73995894 0.55881125 0.37442064
0.26310092 -0.79772389 0.54259980 0.69097197 0.54831129 0.47107589
0.11328495 -0.71317381 0.69177282 0.57146132 0.61633271 0.54181725
0.12124459 -0.69876015 0.70500642 0.56343132 0.63318622 0.53067917
0.22174168 -0.72216713 0.65521401 0.47838473 0.66608793 0.57225424
0.20368271 -0.71220618 0.67177057 0.54889607 0.65124416 0.52401739
0.24459596 -0.70208561 0.66876656 0.52930456 0.67456591 0.51458496
0.20289752 -0.67978406 0.70478809 0.81726581 0.51401788 0.26050377
0.21117333 -0.65284824 0.72745794 0.79917639 0.54382914 0.25606030
0.23188271 -0.66277915 0.71200722 0.51992339 0.70307755 0.48514092
0.29542196 -0.67937952 0.67169142 0.61667877 0.67258924 0.40906113
0.11085762 -0.71221483 0.69315267 0.57317328 0.61559111 0.54085118
0.13980126 -0.72599989 0.67333490 0.60619497 0.60043716 0.52153903
-0.21845281 0.69058162 -0.68947482 -0.94634998 -0.32232401 -0.02300039
-0.22532730 0.65960008 -0.71704626 -0.97204208 -0.20208785 0.11956064
-0.22753896 0.59132725 -0.77366537 -0.96482056 -0.02944193 0.26125568
-0.24653706 0.56518906 -0.78726166 -0.96005410 -0.03149679 0.27803624
-0.23840655 0.44574407 -0.86282945 -0.95603293 -0.26394594 0.12780295
-0.21484654 0.66172278 -0.71830630 -0.93307149 -0.35631526 -0.04916388
-0.12164705 0.73590469 -0.66606778 -0.93843043 0.13333215 0.31870189
0.10112992 -0.79233646 0.60164416 0.86074865 0.37293518 0.34645513
-0.11509865 0.75472409 -0.64586675 -0.96917611 0.05725784 0.23962329
-0.10883632 0.76617402 -0.63334984 -0.96640277 -0.23079714 -0.11313026
-0.06578316 0.56160635 -0.82478541 -0.95895857 -0.26405466 -0.10331345
-0.12832604 0.59527034 -0.79321229 -0.95610559 -0.28671187 -0.06048548
-0.21329297 0.78346735 -0.58368230 -0.96653724 -0.08206316 0.24304625
-0.21940821 0.74175864 -0.63376188 -0.92369163 -0.36705872 -0.10982591
-0.21812536 0.70655799 -0.67319924 -0.88166130 -0.43843597 -0.17449187
-0.22443333 0.69291270 -0.68520188 -0.97317690 -0.19585192 0.12070168
-0.22236505 0.70722324 -0.67111039 -0.87817925 -0.44428989 -0.17722236
-0.25109780 0.73567528 -0.62907219 -0.89973187 -0.41706449 -0.12860741
-0.25802761 0.74515969 -0.61494613 -0.88895148 -0.43240511 -0.15096742
0.07920277 -0.63206136 0.77086014 0.77365190 0.52662778 0.35231516
0.22259669 -0.70935303 0.66878176 0.66423547 0.61248118 0.42855346
-0.02492390 0.51340002 -0.85778743 -0.94347548 -0.29575852 -0.14960276
0.27119169 -0.87477827 0.40151978 0.87317115 0.39911407 0.27978596
-0.21078306 0.68770522 -0.69471723 -0.83559066 -0.49557641 -0.23704909
0.31899279 -0.68957013 0.65018201 0.60751534 0.67532033 0.41817176
0.33294994 -0.69178927 0.64075893 0.57549655 0.68737501 0.44307944
0.28632247 -0.67400599 0.68098116 0.58163255 0.68706733 0.43547910
0.28015679 -0.66230309 0.69488627 0.56337005 0.69954234 0.43960738
0.28941089 -0.66382259 0.68962383 0.52957916 0.71119004 0.46233618
0.30669081 -0.68339533 0.66250402 0.42613393 0.72097772 0.54644400
0.10734019 -0.61279279 0.78291965 0.29442430 0.77174038 0.56367654
