0.74884903 -0.20881234 -0.62898535 0.30268165 0.95206189 0.04429451
0.78997338 -0.21642651 -0.57367390 0.20020224 0.97539771 -0.09229542
0.82617605 -0.21120878 -0.52232569 0.18623035 0.97733885 -0.10063352
0.84677696 -0.19911627 -0.49327636 0.08950194 0.96741158 -0.23686358
0.81839001 -0.21106231 -0.53450036 0.02786018 0.94358909 -0.32994473
0.90346700 -0.14567380 -0.40314591 -0.02721705 0.91909212 -0.39310172
0.86210501 -0.18008117 -0.47365156 -0.10551630 0.85043675 -0.51538694
-0.44357035 0.68989521 -0.57209271 -0.86911142 -0.17524707 0.46252990
-0.46076363 0.64152330 -0.61330634 -0.82498592 -0.05478147 0.56249201
-0.46683449 0.62476701 -0.62588489 -0.84274375 -0.09977576 0.52898753
-0.45620462 0.63459617 -0.62383103 -0.82621318 -0.04167232 0.56181425
-0.45544267 0.63240236 -0.62660939 -0.77694273 0.06130240 0.62657970
-0.43730968 0.67128193 -0.59844869 -0.80367130 0.00691760 0.59503329
-0.39920148 0.74468803 -0.53486258 -0.82555956 -0.03817025 0.56302267
-0.37644729 0.78452331 -0.49275813 -0.81809038 -0.03189698 0.57420456
-0.47930402 0.59568852 -0.64453316 -0.86726141 -0.20881440 0.45194504
-0.48270065 0.56442565 -0.66964447 -0.80356985 0.01860480 0.59491974
-0.49605733 0.50923455 -0.70328325 -0.80543685 0.03268783 0.59177953
-0.48612529 0.46304417 -0.74112916 -0.83049691 0.01912801 0.55669475
-0.49221459 0.42548060 -0.75940186 -0.85217708 -0.05760455 0.52007300
-0.49244529 0.37319240 -0.78627294 -0.83382046 -0.46125224 0.30329818
-0.47153291 0.31248015 -0.82462895 -0.87601292 -0.27338016 0.39732185
0.39026237 -0.30987728 0.86698985 0.78541750 0.60341579 -0.13787252
0.37289616 -0.34846553 0.85995364 0.54868561 0.83020723 0.09848881
0.41567501 -0.37921533 0.82668620 0.49684310 0.85600436 0.14284100
0.42194629 -0.38773799 0.81952465 0.57224268 0.81502223 0.09097888
0.39153662 -0.35444808 0.84915590 0.75371170 0.65291232 -0.07499471
-0.42880094 0.42733848 -0.79593438 -0.80664140 -0.57781422 0.12433979
-0.33289316 0.34067667 -0.87927330 -0.83476788 -0.54015279 0.10675982
0.27625957 -0.35399699 0.89351374 0.82308865 0.56713080 -0.02979647
0.17052698 -0.32561830 0.92999637 0.79709196 0.60044861 0.06407701
0.23061241 -0.38175032 0.89503336 0.74725538 0.65863311 0.08838446
0.16991109 -0.31116480 0.93504375 0.82480311 0.56415117 0.03786004
0.10103336 -0.24074115 0.96531653 0.81323093 0.57891595 0.05926080
0.09397031 -0.23470318 0.96751440 0.81315678 0.57879412 0.06142778
0.12789930 -0.26220700 0.95649844 0.80297399 0.59344202 0.05531097
0.08525617 -0.17053795 0.98165584 0.92965281 0.36805359 -0.01679971
-0.02286132 -0.15151358 0.98819077 0.75954318 0.64008206 0.11571173
-0.21819270 -0.09160996 0.97159642 0.74137390 0.63186836 0.22606896
-0.22656003 -0.13220610 0.96498299 0.69194508 0.67541969 0.25499070
-0.13396043 -0.21791455 0.96673048 0.62637812 0.73732054 0.25299996
-0.07487666 -0.22571273 0.97131211 0.65133482 0.72649032 0.21903144
0.00001504 -0.20865795 0.97798872 0.68734050 0.71034992 0.15154554
0.02733332 -0.22853045 0.97315300 0.67946619 0.71829426 0.14959623
0.04934489 -0.25412807 0.96591103 0.62466842 0.76245272 0.16868679
0.09493294 -0.29255462 0.95152485 0.63894594 0.75087941 0.16711727
0.09488283 -0.30247477 0.94842309 0.63846236 0.74945939 0.17514695
0.21564317 -0.38709530 0.89646822 0.70218062 0.69944501 0.13311283
0.17190073 -0.32500669 0.92995745 0.71451956 0.69100595 0.10941911
0.32851610 -0.44117197 0.83513147 0.75254238 0.65657991 0.05082116
0.32315493 -0.44419083 0.83562279 0.75598866 0.65232080 0.05439469
0.30498216 -0.42097840 0.85426170 0.76597708 0.64145207 0.04264285
0.33426699 -0.45212796 0.82694972 0.73410785 0.67516208 0.07240061
0.31815544 -0.43149272 0.84415114 0.64822441 0.74876201 0.13842218
0.28285182 -0.41299599 0.86569583 0.62350184 0.76501352 0.16124471
0.24522595 -0.38974547 0.88767260 0.63370204 0.75737953 0.15747367
0.21315747 -0.38023773 0.89999068 0.56414896 0.79998082 0.20436911
0.40098992 -0.46447206 0.78960299 0.44571328 0.85195374 0.27479908
0.24887916 -0.39148861 0.88588703 0.63815951 0.75433099 0.15406863
0.26359057 -0.43395597 0.86151159 0.49957499 0.82540816 0.26291874
0.30909681 -0.45413041 0.83559847 0.46261114 0.83946681 0.28510791
0.40827975 -0.47253707 0.78103548 0.53090012 0.81893045 0.21794033
0.37907028 -0.44621676 0.81067652 0.64828783 0.75319594 0.11144015
0.55496848 -0.57432604 0.60179698 0.67707694 0.73214817 0.07433631
0.52115560 -0.53496748 0.66498625 0.68312120 0.72854108 0.05072796
0.52151310 -0.51011419 0.68396467 0.68830776 0.72524071 0.01607397
0.57073981 -0.53436738 0.62346423 0.58750117 0.79619932 0.14459960
0.57003611 -0.53301758 0.62526083 0.57742995 0.80127424 0.15663439
0.69254023 -0.51206964 0.50810713 0.43643415 0.85824233 0.27008411
0.69019091 -0.51252729 0.51083505 0.42417613 0.85848749 0.28822547
0.75495183 -0.51205176 0.40969589 0.48833317 0.85595071 0.16993842
0.56877977 -0.52046895 0.63686866 0.34238225 0.85386646 0.39202881
0.67725712 -0.51005763 0.53024900 0.30211350 0.84992510 0.43168834
0.50733894 -0.52447987 0.68376023 0.33213523 0.85116643 0.40645042
0.47986165 -0.51158011 0.71275419 0.37597716 0.85393053 0.35978308
0.37132043 -0.49533468 0.78534371 0.34249619 0.85923922 0.38000575
0.34907353 -0.50420094 0.78989190 0.30259547 0.85840839 0.41421136
0.38927346 -0.52220029 0.75879711 0.24458639 0.85280198 0.46141770
0.28178453 -0.53538454 0.79621667 0.05709715 0.83772993 0.54309160
0.39208698 -0.52283913 0.75690633 0.05124304 0.83392394 0.54949522
0.20994207 -0.50949109 0.83447182 0.12706749 0.86047250 0.49339738
0.20032045 -0.49636734 0.84468412 0.14269848 0.86774778 0.47607878
0.16523081 -0.49279740 0.85431230 0.15164572 0.86861211 0.47171661
0.12417099 -0.47861806 0.86919868 0.21301055 0.86841321 0.44775555
0.14460908 -0.47634271 0.86728650 0.24891505 0.86582530 0.43403670
0.18814856 -0.48453036 0.85430121 0.27874619 0.86041158 0.42660582
0.15189454 -0.47382253 0.86742163 0.35243282 0.84588253 0.40034226
0.14507785 -0.45617667 0.87798369 0.40623325 0.83659166 0.36754459
0.12237892 -0.41948333 0.89947605 0.41291070 0.84565014 0.33820200
0.10783859 -0.39169818 0.91375238 0.48294333 0.82402021 0.29623708
-0.00873256 -0.33437979 0.94239795 0.43252769 0.84844738 0.30505237
-0.02252840 -0.35737431 0.93368953 0.38926050 0.85709101 0.33744809
-0.01603381 -0.36467877 0.93099535 0.37856451 0.85958409 0.34322610
-0.03558064 -0.37326455 0.92704237 0.24185859 0.89683819 0.37038583
-0.01872308 -0.40590695 0.91372263 0.20752354 0.89240283 0.40068835
0.00873147 -0.40584436 0.91390049 0.21178357 0.89395308 0.39496273
0.05311630 0.43563160 -0.89855653 -0.16413692 -0.88377947 -0.43817008
-0.04976654 -0.46488962 0.88396889 -0.03377524 0.88534272 0.46371061
-0.13817751 -0.48946685 0.86100471 0.19421405 0.83907449 0.50816816
0.07497914 0.51168841 -0.85589319 -0.06511191 -0.85396540 -0.51623982
0.00473110 0.52361631 -0.85194111 -0.01474503 -0.85182148 -0.52362466
0.05776539 -0.48469722 0.87277251 0.05384453 0.87447244 0.48207751
-0.15810329 0.55475670 -0.81685275 0.07837231 -0.81759751 -0.57043153
-0.08416262 0.56515467 -0.82068074 0.03579625 -0.82135648 -0.56929106
-0.10253613 0.60931766 -0.78626853 0.14548448 -0.77274907 -0.61781317
-0.00571593 0.62668246 -0.77925384 0.20630054 -0.76176393 -0.61413014
0.00946771 0.62751645 -0.77854568 0.19545132 -0.76472443 -0.61399955
-0.07839735 -0.59491134 0.79995900 -0.16190010 0.79937416 0.57860988
-0.09615918 -0.59602457 0.79718763 -0.16001637 0.79973865 0.57863027
-0.17280999 -0.56872869 0.80416685 -0.07670664 0.82174152 0.56467426
-0.16447611 -0.55454755 0.81573564 -0.08059204 0.83178860 0.54921103
-0.22678663 -0.54512680 0.80709648 -0.06426712 0.83525825 0.54608929
-0.24127108 -0.35754856 0.90219027 0.09547485 0.91639912 0.38871232
-0.35938600 -0.29532120 0.88522720 0.21417601 0.89717984 0.38626024
-0.33441338 -0.30549699 0.89153761 0.19935691 0.90166324 0.38374493
-0.35151145 -0.31482828 0.88165921 0.16282052 0.90684742 0.38873804
-0.33474675 -0.40448791 0.85107827 0.03943345 0.89638031 0.44152838
0.10686234 0.47282588 -0.87465203 -0.11085711 -0.86853838 -0.48306504
-0.39254788 -0.30356303 0.86819106 0.17266713 0.90285349 0.39375329
-0.68118894 -0.17714132 0.71035385 0.13646558 0.92255777 0.36092141
-0.11941029 -0.38526583 0.91504723 0.28055233 0.87098706 0.40332606
-0.04524921 -0.41004583 0.91094184 0.30045760 0.86406803 0.40387097
-0.07177527 -0.39897257 0.91414946 0.30196092 0.86481190 0.40114841
-0.17271505 -0.30451772 0.93671685 0.39809257 0.84829253 0.34917346
-0.23498850 -0.24601668 0.94034898 0.44800299 0.83113784 0.32939827
-0.22937946 -0.19639604 0.95331722 0.50163603 0.81548369 0.28870010
-0.15277460 -0.20755978 0.96621889 0.62866259 0.73396122 0.25706860
0.16824718 -0.39369237 0.90371418 0.52473783 0.81186283 0.25598645
0.18573169 -0.37550774 0.90801859 0.51559269 0.82390350 0.23525980
0.32479793 -0.32837504 0.88694763 0.51614046 0.84737551 0.12471491
-0.07258505 -0.23403394 0.96951509 0.57347900 0.78551936 0.23255356
-0.38390332 -0.27844122 0.88039124 0.29104900 0.86835915 0.40155065
-0.28891289 -0.17553690 0.94112498 0.42772090 0.85581249 0.29092923
-0.19585538 -0.23209360 0.95277137 0.42259744 0.85676455 0.29557726
-0.17438214 -0.23234966 0.95687222 0.45029831 0.84537989 0.28734002
-0.15207370 -0.22849390 0.96159458 0.53272307 0.80054379 0.27447385
-0.05631843 -0.29501897 0.95383024 0.55409849 0.78548282 0.27566570
-0.28352702 -0.13293868 0.94970506 0.52697122 0.80581415 0.27012011
-0.22581296 -0.33163813 0.91598296 0.20823431 0.90210497 0.37794852
-0.15346965 -0.33145750 0.93090445 0.29663697 0.88316166 0.36336207
0.21067722 0.37110925 -0.90437442 -0.12397436 -0.90752560 -0.40128252
0.13642079 0.39193797 -0.90982091 -0.13656767 -0.90219784 -0.40913132
-0.22443473 -0.55798167 0.79892778 -0.06699859 0.82673806 0.55858338
-0.23751508 -0.59425396 0.76840669 -0.14973181 0.80398649 0.57548773
-0.17659703 -0.60213262 0.77862054 -0.22109812 0.79510468 0.56473374
-0.07062578 -0.57317269 0.81638533 -0.10196599 0.81829029 0.56568903
-0.04938842 -0.57494706 0.81669867 -0.08856888 0.81699634 0.56980050
-0.12123273 -0.60037327 0.79047751 -0.22955595 0.79172081 0.56611139
-0.05617874 -0.60371274 0.79522008 -0.29233634 0.77151769 0.56506628
-0.03386586 0.64718693 -0.76157880 0.24902812 -0.73251718 -0.63356423
-0.10772043 0.64513999 -0.75643283 0.30434269 -0.70293403 -0.64285254
-0.06864543 0.65549773 -0.75207090 0.31040674 -0.70239753 -0.64053530
-0.20490511 0.61767966 -0.75926667 0.33206227 -0.68585002 -0.64756811
-0.22566691 0.59754378 -0.76942569 0.29499498 -0.71080631 -0.63853925
-0.35018942 0.55601114 -0.75380307 0.27882329 -0.70640242 -0.65057915
-0.41153321 0.52799344 -0.74287510 0.29335454 -0.69498098 -0.65646368
-0.31823128 0.56796646 -0.75904083 0.20195921 -0.74166912 -0.63964003
-0.24954866 0.57798612 -0.77695405 0.18836339 -0.75803983 -0.62441576
-0.27219477 0.57038826 -0.77496278 0.12824714 -0.77668220 -0.61669880
-0.31354815 0.55841881 -0.76802093 0.11765146 -0.77972943 -0.61496365
0.35195833 -0.54065084 0.76408249 0.04848166 0.82574773 0.56195211
0.42008930 -0.53220737 0.73503757 0.00912458 0.81241041 0.58301473
0.50789452 -0.51530057 0.69029593 0.04315209 0.81556076 0.57706022
0.61962312 -0.49766976 0.60695308 0.18645571 0.84448087 0.50208211
0.62092543 -0.49717408 0.60602772 0.18609814 0.84451717 0.50215358
0.65444869 -0.47296759 0.58991408 0.06944390 0.81450111 0.57599092
0.70193982 -0.44958457 0.55240774 0.05272675 0.80626941 0.58919400
0.72858024 -0.43037343 0.53286922 0.03150415 0.79818803 0.60158408
-0.66605723 0.41756958 -0.61806428 0.10364196 -0.76876676 -0.63107538
-0.62725508 0.43913132 -0.64320660 0.10882273 -0.76835912 -0.63069957
-0.58314645 0.46312034 -0.66742772 0.08974805 -0.77982724 -0.61952788
0.56798053 -0.49305585 0.65900987 -0.02535193 0.78983939 0.61278957
0.54565006 -0.50146079 0.67141873 -0.03985101 0.78476965 0.61850512
-0.60653114 0.44055834 -0.66183710 0.13613020 -0.76259875 -0.63238585
-0.57847792 0.45259130 -0.67861950 0.17174068 -0.74572241 -0.64374161
-0.58423412 0.44287056 -0.68010020 0.17321785 -0.75063723 -0.63760442
-0.40239978 0.53115225 -0.74562168 0.18122175 -0.75213903 -0.63359737
-0.39131698 0.53688705 -0.74741113 0.14292718 -0.76686442 -0.62569231
-0.39876622 0.53495657 -0.74485373 0.10650824 -0.77971238 -0.61701268
-0.39290071 0.53457224 -0.74823904 0.19969031 -0.74465942 -0.63687223
-0.39355087 0.54320031 -0.74165434 0.18997830 -0.74128670 -0.64374095
-0.36676878 0.55571419 -0.74609810 0.24563035 -0.71568257 -0.65380752
-0.38555104 0.55126029 -0.73990709 0.25222754 -0.70839322 -0.65921193
-0.38613448 0.55162871 -0.73932803 0.28422177 -0.69134724 -0.66427183
-0.24861994 0.62192833 -0.74255866 0.38220119 -0.64143223 -0.66519696
-0.49655911 0.48931590 -0.71693730 0.29143962 -0.68402636 -0.66870838
-0.54142553 0.46650583 -0.69945031 0.29534104 -0.67338461 -0.67773652
-0.47047931 0.50558424 -0.72321075 0.26678681 -0.69972908 -0.66272467
-0.47025609 0.50648415 -0.72272617 0.24456716 -0.71206301 -0.65814382
-0.47351533 0.50071412 -0.72461623 0.24030645 -0.71803886 -0.65320218
-0.64286792 0.41869739 -0.64141512 0.19753876 -0.71843243 -0.66695827
0.45749271 -0.53119630 0.71311355 -0.02690017 0.79332530 0.60820341
0.67131341 -0.46371603 0.57819182 0.03716245 0.80018109 0.59860605
0.74763286 -0.42740771 0.50829899 0.06614003 0.80949527 0.58338916
0.79074496 -0.41284031 0.45197934 0.11075862 0.82265693 0.55764520
0.81931704 -0.43794397 0.37003347 0.22097261 0.83674145 0.50103390
0.78381073 -0.47542989 0.39950863 0.33821678 0.86636674 0.36744806
0.78577554 -0.47826108 0.39220306 0.32280558 0.85800427 0.39953128
0.82349223 -0.46555716 0.32421762 0.37319049 0.87495828 0.30850762
0.82708043 -0.45796078 0.32589853 0.36602497 0.87883914 0.30605152
0.84529185 -0.46726108 0.25913092 0.44027874 0.88391143 0.15765528
0.79624462 -0.46556470 0.38632125 0.41928121 0.88501346 0.20237197
0.86132586 -0.46224645 0.21082219 0.42700988 0.88350135 0.19258252
0.89872289 -0.40343252 0.17187023 0.34575883 0.89299148 0.28812686
0.89493793 -0.39959654 0.19851647 0.31327462 0.87953782 0.35815120
0.91112840 -0.36304370 0.19504964 0.25348452 0.86683869 0.42934400
0.90839005 -0.35662240 0.21828446 0.24636164 0.87831581 0.40971610
0.68392760 -0.46090102 0.56552035 0.20130719 0.86429393 0.46094617
0.67085087 -0.46444336 0.57814491 0.19753100 0.86334372 0.46434802
0.66987276 -0.46496227 0.57886147 0.20016620 0.86386323 0.46224865
0.68940485 -0.45984486 0.55969965 0.19573915 0.86217988 0.46726030
0.58387083 -0.48950410 0.64767325 0.18814591 0.85764533 0.47858715
0.54237121 -0.48001403 0.68950713 0.19725025 0.87052101 0.45087200
0.56550056 -0.47094437 0.67706770 0.25096294 0.88026780 0.40267393
0.65974909 -0.46233761 0.59243149 0.23843622 0.87639862 0.41841799
0.68422091 -0.45381346 0.57087231 0.33170134 0.89079618 0.31057441
0.83654481 -0.46420991 0.29103601 0.41878650 0.88425565 0.20666356
0.85125661 -0.46566704 0.24190181 0.43249699 0.88366550 0.17911378
0.83668816 -0.48393714 0.25643286 0.48841742 0.87115216 0.05042195
0.83476239 -0.48439458 0.26178953 0.48363119 0.87231261 0.07191443
0.78434205 -0.46988651 0.40498668 0.51323819 0.85824442 0.00178576
0.63747436 -0.47754118 0.60463285 0.38705271 0.87703383 0.28460836
0.59420007 -0.49625394 0.63297576 0.33559683 0.86816412 0.36560357
0.55612195 -0.49241865 0.66951644 0.40662432 0.86378473 0.29754451
0.56284988 -0.49543023 0.66162604 0.40906039 0.86252093 0.29787123
0.43609145 -0.47955501 0.76147968 0.36179358 0.86821270 0.33957648
0.65594900 -0.53605407 0.53139150 0.59768158 0.79883868 0.06807048
-0.71279794 0.53692830 -0.45125067 -0.63830364 -0.76324815 0.10010390
-0.68799776 0.55923080 -0.46251479 -0.66180456 -0.74499309 0.08366639
-0.61843073 0.58257699 -0.52739692 -0.72241509 -0.68560767 0.08977016
-0.60994291 0.57286358 -0.54753721 -0.73460799 -0.66787291 0.11956988
-0.58803380 0.54965460 -0.59337687 -0.72505116 -0.68336594 0.08550948
-0.53751707 0.48853126 -0.68732285 -0.75635993 -0.63968384 0.13683659
-0.45954067 0.47997069 -0.74729550 -0.77366781 -0.62955451 0.07140967
-0.46208209 0.47438729 -0.74929094 -0.72408724 -0.68963706 0.00991964
0.67854941 -0.56969059 0.46370623 0.63368613 0.77325690 0.02270797
0.64521670 -0.55561596 0.52439141 0.61687070 0.78381205 0.07147945
0.72005874 -0.51210916 0.46825185 0.53314513 0.84020543 0.09905153
0.74288797 -0.52038950 0.42108467 0.56073052 0.82733297 0.03318920
0.79169917 -0.49391800 0.35952401 0.51393688 0.85663986 0.04513341
0.77981716 -0.48126537 0.40033594 0.50517309 0.86147439 0.05159467
0.78223133 -0.49139312 0.38294515 0.45266783 0.87064135 0.19255027
0.86082679 -0.46406278 0.20886111 0.38050270 0.85946637 0.34137264
0.75250053 -0.49284893 0.43685573 0.44188827 0.86968005 0.21998043
0.79201472 -0.49657834 0.35513750 0.44551438 0.86784530 0.21991260
0.80551398 -0.49321795 0.32845601 0.52954841 0.84789777 -0.02545327
0.55288786 -0.49308157 0.67170352 0.53552479 0.82786024 0.16691512
0.51912206 -0.46455604 0.71742600 0.54902816 0.82455653 0.13665529
0.49615702 -0.45060417 0.74214834 0.52526361 0.83639348 0.15666564
0.50455409 -0.44807050 0.73800951 0.51305896 0.84309781 0.16111077
0.60409272 -0.48978719 0.62863380 0.33426932 0.87182027 0.35804114
0.62457448 -0.46478164 0.62760246 0.17869222 0.86735499 0.46450457
0.59222150 -0.48983636 0.63979226 0.31832039 0.87164742 0.37269670
0.81488842 -0.49055186 0.30873251 0.52216905 0.85251349 -0.02366906
0.63435584 -0.47782543 0.60768050 0.36397853 0.87812144 0.31051973
0.68826866 -0.45333061 0.56637239 0.33518001 0.89110148 0.30592892
0.27885610 -0.46780625 0.83868748 0.29503044 0.87282729 0.38875392
0.89650232 -0.36532870 0.25063637 0.19165109 0.82983857 0.52405900
0.89063376 -0.37107331 0.26282343 0.19082935 0.82963765 0.52467668
0.88981879 -0.37067968 0.26611865 0.18351042 0.82464528 0.53505528
0.86513072 -0.36428520 0.34473926 0.08963972 0.78859097 0.60834944
0.86291248 -0.35827324 0.35640198 0.07820275 0.79142743 0.60623997
0.84145164 -0.36778110 0.39584881 0.03262845 0.76585078 0.64219004
0.81417125 -0.36259189 0.45348909 -0.01942286 0.76359117 0.64540792
0.80577910 -0.36782792 0.46413657 -0.01798272 0.76816988 0.63999355
0.79262322 -0.37881127 0.47775567 0.00005528 0.78362089 0.62123930
0.84138709 -0.37794009 0.38630193 0.10164343 0.81271052 0.57373369
0.85433787 -0.37199348 0.36294308 0.00483416 0.70400381 0.71017975
0.85769939 -0.36832550 0.35873121 0.06379194 0.76855820 0.63659167
0.82504392 -0.39567968 0.40341067 0.09868242 0.80383587 0.58660865
0.89630812 -0.36528435 0.25139442 0.19260366 0.83135879 0.52129304
0.88579279 -0.38691232 0.25626180 0.21153599 0.82811248 0.51911688
0.85838491 -0.41041231 0.30779397 0.21827742 0.83515191 0.50485271
0.73088092 -0.44817069 0.51473886 0.27402210 0.88342619 0.38009226
0.85978913 -0.46075726 0.22014852 0.45318070 0.88717264 0.08690206
0.84110665 -0.47521874 0.25827664 0.44788238 0.87966526 0.15997015
0.86600882 -0.42044893 0.27065018 0.31472474 0.87893248 0.35836583
0.80256325 -0.47711697 0.35812229 0.41704103 0.87795997 0.23508121
0.76020229 -0.48780537 0.42911354 0.33478013 0.86017346 0.38473856
0.67347693 -0.51221460 0.53297752 0.26458022 0.84027648 0.47321543
0.84563363 -0.41808373 0.33182812 0.20797698 0.83062720 0.51653081
0.81549215 -0.39536580 0.42268011 0.08184966 0.80175197 0.59202576
0.79592228 -0.39001095 0.46303260 0.03073654 0.78988534 0.61248386
0.67686266 -0.50982898 0.53097224 0.28744850 0.84711534 0.44695523
0.47737595 -0.49112463 0.72863489 0.56657249 0.80586475 0.17198183
0.58226871 -0.49000981 0.64873230 0.01283145 0.80339175 0.59531260
-0.21910223 0.58806324 -0.77857292 0.20318167 -0.75296926 -0.62590295
-0.08865132 0.62529629 -0.77533579 0.22945186 -0.74464601 -0.62678087
-0.41542923 0.52802867 -0.74067825 0.14476551 -0.76551008 -0.62692690
-0.18227939 0.59986782 -0.77905899 0.26303217 -0.73370641 -0.62648940
-0.22114456 0.62851346 -0.74569827 0.34899867 -0.66299027 -0.66230190
-0.21561283 0.58898610 -0.77884954 0.24193282 -0.74052006 -0.62697577
-0.06254990 -0.59127277 0.80404234 -0.10847344 0.80487496 0.58344656
-0.06296304 -0.58840626 0.80611026 -0.10825194 0.80697381 0.58058143
-0.01786211 0.63351661 -0.77352291 0.21971563 -0.75224817 -0.62116635
-0.14775284 0.60375476 -0.78335762 0.20023474 -0.75738764 -0.62150627
-0.00914086 0.57015395 -0.82148707 0.03245454 -0.82091939 -0.57012111
0.10947505 0.51045346 -0.85290825 -0.05003070 -0.85414827 -0.51761729
0.11365329 0.43309817 -0.89415264 -0.11388619 -0.88837260 -0.44477427
-0.12924096 -0.34930563 0.92805302 0.25069237 0.89399004 0.37139633
-0.14865251 -0.31666312 0.93681747 0.30200046 0.88754755 0.34792981
-0.04632089 -0.30853701 0.95008391 0.48164716 0.82634610 0.29183599
0.06110380 -0.39466310 0.91679192 0.36931947 0.86225903 0.34657264
0.06456245 -0.46910095 0.88078153 0.18013091 0.87360293 0.45207375
0.07844535 -0.48394081 0.87157762 0.11820541 0.87261957 0.47388047
0.15757418 -0.54809219 0.82144105 -0.02848299 0.82896435 0.55857575
0.17014121 -0.55684358 0.81300515 -0.03029534 0.82168847 0.56913114
0.39640403 -0.52912712 0.75025886 0.00005277 0.81722075 0.57632476
0.23518822 -0.49494952 0.83648753 0.25538826 0.86185676 0.43815511
0.38375285 -0.52514935 0.75957358 0.24673989 0.85095727 0.46367145
0.51003772 -0.51396686 0.68970978 0.45345545 0.84203672 0.29215127
0.51702350 -0.51595116 0.68299431 0.38399619 0.85292780 0.35363990
0.63959789 -0.51697236 0.56890607 0.34443128 0.85436320 0.38914093
0.73724061 -0.50379241 0.45018831 0.38398382 0.86068147 0.33434087
0.73963827 -0.50654858 0.44310689 0.46727496 0.86035877 0.20356049
0.63176465 -0.55933744 0.53667039 0.62286907 0.77842176 0.07806243
-0.57637483 0.53368872 -0.61884445 -0.74248743 -0.65832067 0.12379968
0.48195532 -0.50281405 0.71756339 0.70480371 0.70901513 0.02343890
0.50646961 -0.51281703 0.69318628 0.50352472 0.82850635 0.24503106
0.30781108 -0.46056327 0.83254659 0.48467678 0.82888824 0.27934361
0.15086851 -0.41288435 0.89820111 0.38799390 0.86042452 0.33034891
0.44513905 -0.48050848 0.75562090 0.56124067 0.80723548 0.18270184
0.39968419 -0.46158746 0.79195303 0.44936544 0.85169035 0.26961869
-0.42538801 0.44847268 -0.78607720 -0.72611922 -0.68756849 0.00066999
0.23763764 -0.37945241 0.89417237 0.66641778 0.73341537 0.13412432
0.18886368 -0.36109182 0.91320497 0.72785765 0.67573184 0.11666093
0.12671731 -0.30546537 0.94373393 0.71934015 0.68339014 0.12461051
0.14552829 -0.36796346 0.91838145 0.52480966 0.81561136 0.24362479
0.10186208 -0.29358736 0.95048964 0.70103395 0.69908869 0.14080618
-0.01696782 -0.26983267 0.96275771 0.58901048 0.77538389 0.22769813
-0.16805631 -0.21571393 0.96188593 0.56075305 0.78159362 0.27325350
-0.26199707 -0.14413749 0.95424420 0.49824652 0.82661110 0.26165715
0.01235787 -0.18509479 0.98264301 0.73097813 0.67222112 0.11742951
0.16011822 -0.33630624 0.92804110 0.77092987 0.62976450 0.09520464
0.33825800 -0.43194047 0.83606762 0.75609016 0.65369356 0.03181943
-0.32721710 0.33243102 -0.88454425 -0.84057868 -0.53003651 0.11175368
-0.42218837 0.43820909 -0.79355514 -0.80333221 -0.58646125 0.10354028
-0.52655393 0.46835303 -0.70949739 -0.77322471 -0.61072582 0.17069718
0.38766798 -0.36491445 0.84649336 0.46138352 0.87181157 0.16452938
0.43581143 -0.39589646 0.80829108 0.53889692 0.83407128 0.11796300
0.32818326 -0.32215315 0.88798261 0.48549601 0.86391014 0.13398874
-0.47514156 0.27973455 -0.83425963 -0.86928564 -0.00234316 0.49430457
-0.46229374 0.23007280 -0.85635918 -0.87806112 0.01591119 0.47828406
0.41631731 -0.15132226 0.89653862 0.89923918 -0.07717126 -0.43059671
-0.47877383 0.28374308 -0.83082217 -0.86555368 -0.31094468 0.39259428
-0.48509994 0.15192701 -0.86115986 -0.87440890 -0.07375924 0.47955054
-0.49616751 0.03508127 -0.86751783 -0.86814427 -0.03383053 0.49515769
-0.48130873 0.21014735 -0.85098767 -0.83189112 -0.41544601 0.36791557
-0.47932249 0.27115571 -0.83470035 -0.87358457 -0.05609517 0.48342887
-0.50149328 0.35867482 -0.78730994 -0.82689118 0.06895366 0.55811870
-0.49531060 0.39936313 -0.77147681 -0.83332521 0.03247190 0.55182850
-0.50789469 0.47886071 -0.71605545 -0.82953060 -0.04780707 0.55641121
-0.40053210 0.75371766 -0.52104098 -0.83381665 -0.06405151 0.54831308
-0.39328092 0.78100872 -0.48513457 -0.86754012 -0.14048862 0.47711334
-0.36944321 0.84458917 -0.38753176 -0.89621323 -0.21362779 0.38879949
