-0.63681024 -0.69034719 0.34335616 -0.14273523 -0.33207491 -0.93239099
-0.59411204 -0.72172213 0.35517332 -0.16138905 -0.32561764 -0.93162590
-0.60839009 -0.70829666 0.35801885 -0.06903253 -0.40217242 -0.91295779
-0.62727857 -0.69475502 0.35190496 -0.20927554 -0.28486747 -0.93544340
-0.57376200 -0.73159176 0.36819932 -0.07575323 -0.40022913 -0.91327882
-0.58008754 -0.72800863 0.36537924 0.01611716 -0.45873401 -0.88842750
-0.63930786 -0.68834841 0.34272730 -0.13632512 -0.33718678 -0.93151522
-0.64548695 -0.68427998 0.33927497 -0.13806327 -0.33235475 -0.93299460
-0.61316049 -0.70896399 0.34843117 -0.21280450 -0.27652791 -0.93714809
-0.78730327 -0.54664874 0.28518197 -0.08409396 -0.36300629 -0.92798418
-0.67107189 -0.65793836 0.34173042 -0.09640226 -0.37958100 -0.92012227
-0.66702062 -0.66109300 0.34356886 -0.08226801 -0.39296764 -0.91586488
-0.64677364 -0.67687231 0.35146508 -0.21717779 -0.27829874 -0.93561941
-0.68480569 -0.64312249 0.34268737 -0.19417614 -0.29221591 -0.93643236
-0.67330199 -0.65396959 0.34494668 -0.17014754 -0.31697339 -0.93304753
-0.63332713 -0.68790531 0.35451800 -0.24246067 -0.25865933 -0.93504453
-0.66184145 -0.66305488 0.34974870 -0.24045067 -0.25413468 -0.93680263
-0.61822951 -0.71765590 0.32056576 -0.40202278 -0.06174150 -0.91354567
-0.63615131 -0.70180076 0.32060447 -0.29957077 -0.15826467 -0.94085580
-0.57827365 -0.75339139 0.31305134 -0.26270041 -0.19132873 -0.94571763
-0.54274249 -0.78259581 0.30491707 -0.31183228 -0.14933345 -0.93832839
-0.54821467 -0.77992374 0.30195984 -0.30844563 -0.14705223 -0.93980688
-0.54937100 -0.78110784 0.29675254 -0.30534312 -0.14291631 -0.94145662
-0.48958632 -0.82899517 0.27031890 -0.21924175 -0.18301995 -0.95835108
-0.48668829 -0.83063924 0.27050504 -0.20066291 -0.19507374 -0.96004206
-0.46012396 -0.84632534 0.26836434 0.07058369 -0.33617333 -0.93915147
-0.40037653 -0.88494450 0.23784848 -0.27984190 -0.12908152 -0.95132881
-0.42929760 -0.87039798 0.24106202 -0.25983992 -0.13659574 -0.95594186
-0.40169674 -0.88716400 0.22711174 -0.30454591 -0.10447135 -0.94675106
-0.35831538 -0.91175449 0.20078301 -0.33077216 -0.07713297 -0.94055319
-0.29540676 -0.94355249 0.14981207 -0.25098082 -0.07465775 -0.96510875
-0.32755408 -0.93103528 0.16087781 -0.32589331 -0.04849124 -0.94416213
-0.32205436 -0.93479472 0.14979957 -0.18387614 -0.09345400 -0.97849679
-0.32932910 -0.93112653 0.15667094 -0.10297370 -0.12951954 -0.98621553
-0.26309681 -0.94981259 0.16922216 0.05495290 -0.18987043 -0.98027009
-0.35813096 -0.83361506 -0.42050952 -0.16189073 0.49900308 -0.85134435
-0.35950118 -0.82944560 -0.42752662 -0.15599105 0.50512820 -0.84882998
-0.32142189 -0.83766055 -0.44160259 -0.17677495 0.51122975 -0.84106767
-0.24135439 -0.84236187 -0.48184508 -0.14710163 0.52254295 -0.83982742
-0.20546298 -0.84299141 -0.49714229 -0.26857668 0.53704584 -0.79965520
-0.08086368 -0.84901607 -0.52214247 -0.15687399 0.52816999 -0.83452207
-0.21184008 -0.84031242 -0.49899790 -0.30737624 0.54196262 -0.78217411
-0.21183668 -0.84304059 -0.49437627 -0.29768854 0.53747934 -0.78898513
-0.04440104 -0.83767164 -0.54436648 -0.26257461 0.53553098 -0.80265886
-0.06493396 -0.84441590 -0.53173810 -0.16758683 0.53452229 -0.82837224
0.11836517 -0.80738395 -0.57803196 -0.20416430 0.54989815 -0.80989438
-0.03838952 -0.84598678 -0.53182012 -0.26189452 0.52212656 -0.81166202
0.00703669 -0.83736300 -0.54660195 -0.37099010 0.50541914 -0.77904934
0.10720197 -0.79510289 -0.59692484 -0.38683981 0.51971996 -0.76173890
0.05902086 -0.82016778 -0.56907064 -0.42642158 0.49472296 -0.75724095
0.02324983 -0.83327299 -0.55237275 -0.20898277 0.53626436 -0.81776929
0.12847623 -0.78145814 -0.61058754 -0.04842740 0.61001182 -0.79091114
0.11922732 -0.78490973 -0.60803097 -0.46303314 0.49776864 -0.73336673
0.08361891 -0.79831201 -0.59641087 -0.40131027 0.52084953 -0.75343609
0.11463606 -0.79015154 -0.60209554 -0.40994698 0.51445001 -0.75318313
0.08386585 -0.81944412 -0.56699020 -0.43442577 0.48200887 -0.76088226
0.09942435 -0.78920633 -0.60602659 -0.44516626 0.50941491 -0.73642617
0.12652102 -0.77776629 -0.61568826 -0.46693122 0.50091845 -0.72873586
0.23188363 -0.73263174 -0.63990682 -0.42133242 0.51728106 -0.74491560
0.18309423 -0.75193846 -0.63329697 -0.40137288 0.53087586 -0.74637175
0.25221145 -0.71351278 -0.65367335 -0.51081455 0.47555584 -0.71618098
0.20217098 -0.74151915 -0.63974702 -0.51047117 0.47769281 -0.71500266
0.30193773 -0.68690258 -0.66105860 -0.41992569 0.52669734 -0.73908889
0.31384274 -0.67330539 -0.66944945 -0.43752900 0.52319449 -0.73132485
0.42074609 -0.60308105 -0.67769176 -0.40425044 0.54412168 -0.73519605
0.40530664 -0.61062258 -0.68034297 -0.42473647 0.53323030 -0.73161763
0.31340823 -0.65296602 -0.68950039 -0.38909641 0.57403350 -0.72047877
0.43142140 -0.56383979 -0.70424455 -0.38198379 0.59303159 -0.70880324
0.44881979 -0.54332834 -0.70947528 -0.37470156 0.60634434 -0.70138812
0.29769552 -0.62298310 -0.72337377 -0.53383738 0.51955414 -0.66714400
0.46388796 -0.47827864 -0.74569273 -0.58778077 0.46361110 -0.66300726
0.45983765 -0.47647595 -0.74934638 -0.58904809 0.46780312 -0.65892535
0.45986179 -0.47723937 -0.74884564 -0.65149796 0.39169779 -0.64971012
0.48227394 -0.43869501 -0.75826025 -0.60706133 0.45668104 -0.65032226
0.51086450 -0.38320658 -0.76952595 -0.59707654 0.48584571 -0.63832086
0.46110064 -0.40569386 -0.78917587 -0.57736665 0.53818232 -0.61400938
0.54708397 -0.27458829 -0.79075938 -0.46145824 0.68922710 -0.55858970
0.57728666 -0.16710716 -0.79925931 -0.46905270 0.73335731 -0.49211454
0.60280949 -0.05738151 -0.79581916 -0.73185003 0.35754550 -0.58013511
0.59798419 -0.02708233 -0.80105031 -0.75178736 0.32757676 -0.57228422
0.59119546 -0.04838823 -0.80507547 -0.75079256 0.33161286 -0.57126480
0.44387868 -0.26599818 -0.85569662 -0.61763781 0.60103738 -0.50722551
0.54484832 -0.13142370 -0.82817155 -0.65620625 0.54805094 -0.51868457
0.61484331 -0.04064307 -0.78760135 -0.55086333 0.69253701 -0.46577045
0.56877756 -0.10393181 -0.81589842 -0.55547911 0.68303561 -0.47424191
0.49544868 -0.15048295 -0.85550308 -0.61701143 0.63226676 -0.46854633
0.57931495 0.00001074 -0.81510383 -0.68483543 0.54231125 -0.48672268
0.57602596 0.04365729 -0.81626481 -0.72581881 0.48664597 -0.48617163
0.56429040 -0.01036607 -0.82551134 -0.77220440 0.34706369 -0.53220981
0.55747670 0.07397886 -0.82688987 -0.74756056 0.47792771 -0.46123564
0.54866529 0.09343411 -0.83080471 -0.76468480 0.45780128 -0.45351422
0.54309362 0.21006994 -0.81296986 -0.79877490 0.42773616 -0.42308456
0.52956247 0.11688467 -0.84017950 -0.82622629 0.29540786 -0.47967109
0.52976495 0.00176647 -0.84814274 -0.82202393 0.24733318 -0.51293564
0.52893627 0.31295478 -0.78885090 -0.79523951 0.50735539 -0.33194080
0.51839161 0.30007273 -0.80076623 -0.80940062 0.47433487 -0.34623274
0.51269615 0.28457057 -0.81003839 -0.82548422 0.42277336 -0.37394980
0.50669551 0.39077678 -0.76847464 -0.83850908 0.43058309 -0.33391723
0.51327223 0.28464866 -0.80964607 -0.82335544 0.42950326 -0.37096202
0.52239794 0.13155858 -0.84249204 -0.64642245 0.70544475 -0.29066440
0.58846039 0.21995696 -0.77803171 -0.67541754 0.66269076 -0.32349974
0.55251920 0.05987705 -0.83134669 -0.74990302 0.47108468 -0.46446177
0.57015264 0.00942670 -0.82148474 -0.76333463 0.37575155 -0.52548170
0.53159142 -0.16061580 -0.83163285 -0.60082901 0.62054998 -0.50390708
0.58317453 -0.14939120 -0.79849219 -0.57565296 0.61754918 -0.53596330
0.54615986 -0.21371983 -0.80995882 -0.64345264 0.51206297 -0.56899935
0.50470346 -0.29279500 -0.81212407 -0.49589053 0.67171878 -0.55035126
0.52737582 -0.27696216 -0.80322278 -0.09585480 0.91994619 -0.38014579
0.48884270 -0.35192287 -0.79823750 0.19723921 0.93591225 -0.29183036
0.46313861 -0.47373113 -0.74905378 0.27024481 0.88039619 -0.38970539
0.48124221 -0.43585706 -0.76054895 0.08728233 0.88713837 -0.45317471
0.50170392 -0.40229446 -0.76580185 -0.17905909 0.81780970 -0.54692340
0.47498444 -0.45231619 -0.75485092 -0.23311771 0.76246995 -0.60356921
0.36422968 -0.58182871 -0.72719473 0.29974574 0.81251991 -0.49996388
0.33048192 -0.64630324 -0.68780363 0.34124434 0.76127332 -0.55137581
0.33404279 -0.64600319 -0.68636394 0.29659271 0.76324320 -0.57401454
0.30727056 -0.67223138 -0.67356509 0.36727703 0.73673964 -0.56773436
0.27007061 -0.70963359 -0.65075505 0.40323284 0.69710475 -0.59283084
0.26323199 -0.73947197 -0.61958879 0.43326610 0.66444224 -0.60893112
0.28216740 -0.74746573 -0.60139561 0.49955854 0.64965206 -0.57305628
0.28227663 -0.74732262 -0.60152221 0.49290633 0.65090919 -0.57737392
0.31011036 -0.73615170 -0.60159147 0.45418739 0.67062265 -0.58649737
0.31246084 -0.73714823 -0.59915000 0.44409373 0.67091596 -0.59384567
0.29782316 -0.72629827 -0.61950976 0.43842962 0.68053430 -0.58707130
0.30847859 -0.72783172 -0.61245567 0.45974666 0.67773849 -0.57384986
0.31875837 -0.70800811 -0.63017267 0.45050529 0.69812542 -0.55647629
0.26390526 -0.75416017 -0.60132891 0.46442914 0.64575696 -0.60605580
0.32203436 -0.67761850 -0.66115594 0.42190075 0.72789729 -0.54052329
0.35582095 -0.64209110 -0.67905122 0.38832837 0.76248926 -0.51750481
0.40314355 -0.58697170 -0.70209658 0.36606181 0.80658448 -0.46413392
0.48879120 -0.43025413 -0.75892335 0.29716119 0.90001535 -0.31885374
0.44189894 -0.39261016 -0.80658698 0.14146915 0.91838884 -0.36952460
0.54495406 -0.16331382 -0.82240725 0.08258212 0.98653293 -0.14118432
0.53260189 -0.08694872 -0.84188789 0.02799568 0.99597460 -0.08515167
0.52961421 -0.05580688 -0.84640092 -0.24273220 0.94613475 -0.21426639
0.50594509 -0.00806129 -0.86252809 -0.04739332 0.99818605 -0.03712932
0.54454684 -0.27668282 -0.79177994 -0.47048491 0.68074191 -0.56145746
0.49374652 -0.40539014 -0.76933300 -0.30381286 0.74852788 -0.58940971
0.45883474 -0.48858151 -0.74213129 -0.34400538 0.67241842 -0.65537304
0.37669677 -0.57005715 -0.73016059 -0.18191285 0.72735202 -0.66171503
0.35091513 -0.64583313 -0.67805469 -0.27896151 0.61912429 -0.73407471
0.33803329 -0.67199069 -0.65890980 -0.29370683 0.58983254 -0.75221932
0.29895326 -0.68877971 -0.66046160 -0.01310617 0.68908465 -0.72456235
0.23870400 -0.72894126 -0.64161128 -0.03268762 0.65430516 -0.75552386
0.00764374 -0.83658797 -0.54777938 -0.18815121 0.53680795 -0.82245755
-0.26387948 -0.95732117 0.11791482 -0.30499139 -0.03316306 -0.95177758
-0.36502501 -0.90109700 0.23405346 -0.26190406 -0.14185879 -0.95461112
-0.48736519 -0.83095634 0.26830369 -0.21768835 -0.18194154 -0.95891035
-0.63451630 -0.69052446 0.34722480 -0.17016582 -0.31341442 -0.93424571
