-0.47720826 -0.18489124 -0.85912025 -0.87310505 -0.01127135 0.48740190
-0.47398287 -0.23786134 -0.84779853 -0.87838340 0.06047286 0.47411567
-0.47220251 -0.27433261 -0.83771503 -0.87433743 0.02494417 0.48467711
0.38978204 0.37978759 0.83894658 0.87355995 0.13586475 -0.46736902
-0.50464517 -0.07987706 -0.85962373 -0.84505874 0.24945328 0.47291526
-0.50906110 -0.11784647 -0.85262483 -0.85608256 0.17212619 0.48733494
0.56981444 -0.05837893 0.81969714 0.77034968 -0.30936494 -0.55754346
0.52115190 -0.19498518 0.83089203 0.74152690 -0.37854436 -0.55393326
0.50641882 -0.23228335 0.83041227 0.72195101 -0.41238832 -0.55562824
0.44444722 -0.37377289 0.81410110 0.73050839 -0.37477389 -0.57087839
0.43471524 -0.42007619 0.79659194 0.71851331 -0.37147531 -0.58800071
0.41436735 -0.47550765 0.77601045 0.71100789 -0.36312780 -0.60216779
0.44954681 -0.42154020 0.78753513 0.73660672 -0.32377839 -0.59378290
0.45032299 -0.41571769 0.79018229 0.74356931 -0.31531331 -0.58964580
0.47644162 -0.38141367 0.79216605 0.76475656 -0.26473397 -0.58742100
0.44433451 -0.44656026 0.77662784 0.77400893 -0.24514352 -0.58379352
0.48345065 -0.41463909 0.77094090 0.76724291 -0.22329789 -0.60122907
0.54104590 -0.34612074 0.76646584 0.78077310 -0.13193762 -0.61072564
0.55161077 -0.34878552 0.75767696 0.77306348 -0.12731594 -0.62142062
-0.56904531 0.42651838 -0.70304304 -0.78829747 -0.03961399 0.61401784
-0.55967689 0.44559038 -0.69872099 -0.81496096 -0.14298774 0.56159878
-0.59088188 0.40211451 -0.69940162 -0.78064519 -0.06620031 0.62145841
-0.60190469 0.42546853 -0.67578650 -0.77709818 -0.11715709 0.61837918
-0.59749734 0.45902815 -0.65748769 -0.78988642 -0.19569327 0.58119154
0.58368427 -0.36945534 0.72305983 0.75602448 -0.07757111 -0.64993060
0.51985770 -0.53206599 0.66832167 0.52319419 -0.42013931 -0.74145186
0.53461355 -0.52375174 0.66322893 0.27867618 -0.63164181 -0.72344196
0.54741091 -0.49542314 0.67446071 0.69606459 -0.17786883 -0.69559819
-0.64571160 0.41175130 -0.64305323 -0.72438979 -0.06398401 0.68641496
0.61984682 -0.32621294 0.71370524 0.74423683 -0.04398225 -0.66646624
-0.68067414 0.29919425 -0.66870439 -0.70315224 -0.01068196 0.71095914
-0.69032776 0.26640418 -0.67266369 -0.70049191 -0.01351957 0.71353239
-0.69413060 0.29816884 -0.65519321 -0.69364130 -0.03368871 0.71953237
-0.71077985 0.21680006 -0.66917104 -0.69416660 -0.06243564 0.71710151
-0.67527223 0.41424352 -0.61025393 -0.68949860 -0.06072903 0.72173667
-0.66898566 0.43120268 -0.60541099 -0.69907987 -0.08834873 0.70956457
-0.65521377 0.48636574 -0.57805133 -0.69982016 -0.10259774 0.70691270
-0.65566260 0.50569946 -0.56069118 -0.67291725 -0.05454289 0.73770428
-0.63316745 0.57437575 -0.51883680 -0.66180491 -0.05412618 0.74771971
-0.60442764 0.64025241 -0.47407192 -0.67726201 -0.09960502 0.72896850
-0.58064002 0.71303833 -0.39298034 -0.78568894 -0.36420828 0.50004536
-0.59113872 0.66524810 -0.45607021 -0.80648649 -0.49564996 0.32235199
-0.59238780 0.63995159 -0.48942685 -0.80555534 -0.47995153 0.34745815
-0.57677597 0.72605157 -0.37440437 -0.79349732 -0.38901949 0.46800196
0.50127268 -0.74644715 0.43765557 0.66626203 0.01023808 -0.74564749
0.45917851 -0.78940129 0.40743172 0.64568841 -0.01841724 -0.76337892
-0.37206170 0.88099247 -0.29227105 -0.60194737 0.01067707 0.79846442
0.40282291 -0.83219075 0.38104114 0.63363957 -0.04686236 -0.77220780
-0.38353324 0.87716383 -0.28893933 -0.61282992 -0.00766932 0.79017764
-0.32040218 0.91734952 -0.23624623 -0.55036616 0.02271326 0.83461446
-0.20134014 0.96613282 -0.16139880 -0.55517298 0.02319580 0.83141148
-0.21294396 0.96424180 -0.15777425 -0.54897910 0.01550334 0.83569235
-0.23096932 0.95843124 -0.16751961 -0.59494305 -0.00288759 0.80376273
-0.16329423 0.97975075 -0.11585981 -0.62120378 -0.01087449 0.78357369
-0.16953330 0.97977018 -0.10634322 -0.54172701 -0.00250454 0.84055078
-0.37207842 0.89041710 -0.26213562 -0.59582883 -0.01257472 0.80301309
-0.39583349 0.87315667 -0.28445256 -0.64584178 -0.04448619 0.76217419
-0.38643602 0.88572657 -0.25720757 -0.80705857 -0.18973960 0.55915594
-0.30144855 0.94647586 -0.11537864 -0.91319185 -0.25178429 0.32044560
-0.45674476 0.84663415 -0.27312070 -0.88919646 -0.42526805 0.16875091
-0.11699782 0.98858315 -0.09494646 -0.57674485 0.01019655 0.81686074
-0.06371036 0.99640995 -0.05575205 -0.55928493 0.01061917 0.82890755
-0.08485613 0.99392599 -0.07007585 -0.56129247 0.01042562 0.82755184
0.00684709 0.99991971 -0.01066332 -0.57246107 0.01266286 0.81983417
0.03131204 0.99940866 -0.01420933 -0.56778520 0.02948523 0.82264853
0.14262591 0.98965794 0.01533458 -0.56847733 0.06922452 0.81978136
0.26113743 0.96065140 0.09463723 -0.70592636 0.12318220 0.69749141
0.02196506 0.99957424 -0.01920541 -0.47979745 0.02739266 0.87695158
-0.00856872 0.99942058 -0.03293976 -0.43184295 0.02601235 0.90157366
-0.04308490 0.99771494 -0.05204485 -0.67084366 0.00971206 0.74153525
-0.03126382 0.99858576 -0.04300054 -0.47251442 0.02314442 0.88101906
0.50096637 -0.76402032 0.40657800 0.50048542 -0.12751916 -0.85630208
0.49421367 -0.74986601 0.43983397 0.65107960 -0.01599163 -0.75884104
0.52156395 -0.71872854 0.45978293 0.66176307 0.00062120 -0.74971288
0.57087213 -0.64425719 0.50895745 0.67341316 0.01278034 -0.73915595
0.58699423 -0.60832924 0.53420347 0.63988715 -0.05561499 -0.76645380
0.58867836 -0.60333955 0.53799564 0.68486750 0.01868877 -0.72842801
0.67847151 -0.48206174 0.55434006 0.49178600 -0.26251808 -0.83019930
0.59365600 -0.60120070 0.53491157 0.67413688 0.00855422 -0.73855698
0.56385022 -0.65497398 0.50307262 0.67055809 0.00748944 -0.74181920
0.57017159 -0.63736433 0.51833493 0.66890144 -0.00612420 -0.74332595
0.63225877 -0.51616663 0.57777238 0.67812246 0.00802253 -0.73490518
-0.63615835 0.61583179 -0.46481588 -0.75077480 -0.35519585 0.55693185
-0.66041738 0.48584503 -0.57254124 -0.68620807 -0.08088357 0.72289449
0.62723696 -0.47016361 0.62090266 0.70409572 0.00155205 -0.71010345
0.63992929 -0.42971799 0.63705027 0.70578021 0.00079951 -0.70843053
-0.66169614 0.49314043 -0.56477499 -0.66581130 -0.04011910 0.74504077
0.58557159 -0.54996854 0.59551698 0.69680899 -0.03387535 -0.71645635
-0.69801986 0.28358647 -0.65753102 -0.71598232 -0.29144385 0.63437361
0.59002042 -0.54289573 0.59761208 0.69554400 -0.03408715 -0.71767443
0.62425256 -0.29127026 0.72489339 0.74743849 -0.04724035 -0.66264933
0.61382049 -0.30767518 0.72702157 0.74879569 -0.06479638 -0.65962607
-0.68798864 0.17420314 -0.70450336 -0.72439122 -0.22359429 0.65212190
0.61802077 -0.29015237 0.73065859 0.75561762 -0.03731272 -0.65394938
0.58765769 -0.33240557 0.73767537 0.75822204 -0.09198444 -0.64547521
0.56801564 -0.35315120 0.74339926 0.76109266 -0.11834697 -0.63775539
0.59168744 -0.32961553 0.73570353 0.75717407 -0.08607183 -0.64751768
0.56290936 -0.35568503 0.74607056 0.76231879 -0.12537716 -0.63494152
-0.51881146 0.45071733 -0.72642171 -0.83912039 -0.10603399 0.53351092
-0.54136384 0.44710922 -0.71205240 -0.82462573 -0.11709285 0.55342728
-0.51059973 0.46095198 -0.72581762 -0.80345118 0.04482494 0.59368086
0.39195752 -0.55533028 0.73346961 0.73919314 -0.28452811 -0.61044025
0.39179376 -0.53460109 0.74879861 0.72553045 -0.32095540 -0.60876369
0.40538427 -0.51252007 0.75695890 0.74933541 -0.28798461 -0.59628963
0.38826799 -0.51099443 0.76689816 0.73106152 -0.33587041 -0.59391940
0.37236425 -0.53007394 0.76181787 0.70931727 -0.36681011 -0.60192978
0.41303846 -0.44302517 0.79569340 0.83103257 -0.17405114 -0.52829075
0.44999728 -0.35338247 0.82013619 0.81301963 -0.21783140 -0.53995234
0.50307572 -0.17084736 0.84718716 0.82734978 -0.18814674 -0.52923834
0.50269216 -0.17107859 0.84736818 0.82663059 -0.19168960 -0.52909082
0.50599837 -0.11524267 0.85480106 0.82203805 -0.23566772 -0.51837659
0.50526828 -0.11591649 0.85514176 0.81900585 -0.24781762 -0.51750934
0.51050997 -0.07482369 0.85661018 0.82517695 -0.23749608 -0.51252180
-0.55789477 -0.03487190 -0.82917881 -0.82178539 0.16268772 0.54607821
0.45659986 -0.30591366 0.83542413 0.75392807 -0.36549959 -0.54589611
0.47935838 -0.05908044 0.87562841 0.87444627 -0.05261154 -0.48226106
-0.47072589 -0.18766063 -0.86209083 -0.87244815 -0.04645613 0.48649377
0.40913951 0.25250304 0.87683928 0.86838126 0.18735117 -0.45914438
0.48903456 -0.04801275 0.87094206 0.77639544 0.47905001 -0.40953779
0.43917683 -0.41317883 0.79775119 0.75637978 -0.30910212 -0.57649416
0.46904990 -0.28959897 0.83434081 0.76007724 -0.34871945 -0.54834056
0.52275771 0.05310321 0.85082579 0.83459449 -0.23525891 -0.49810165
-0.47509018 -0.18775584 -0.85967273 -0.87324315 -0.01967736 0.48688734
0.50823838 0.03151818 0.86063957 0.84786749 -0.19357987 -0.49360675
