0.79818881 0.45916653 -0.38994986 -0.48364180 0.87436962 0.03960451
0.59440523 0.34610230 -0.72587579 -0.46483257 0.88444567 0.04106733
0.77034777 0.45989329 -0.44165882 -0.51695877 0.85594714 -0.01040100
0.81878489 0.43709600 -0.37220752 -0.48912847 0.87055951 -0.05366078
0.76095837 0.46736118 -0.45001769 -0.53496909 0.84441930 -0.02764419
0.78622317 0.40284705 -0.46858022 -0.46814477 0.88326526 -0.02613303
0.75535238 0.47392765 -0.45258743 -0.55177742 0.83254504 -0.04909611
0.67059731 0.38604316 -0.63345879 -0.34372488 0.91842461 0.19583052
0.75115365 0.36243206 -0.55173475 -0.46493453 0.88379174 -0.05242157
0.63553154 0.39033622 -0.66613615 -0.43835708 0.89266354 0.10485715
0.74470025 0.48543459 -0.45801175 -0.56702888 0.82214296 -0.05058807
0.59668213 0.32920891 -0.73184156 -0.25478354 0.94250900 0.21624570
0.81751209 0.36220512 -0.44775164 -0.38382685 0.92229396 0.04528511
0.58004421 0.38067141 -0.72016525 -0.31176740 0.92051917 0.23546882
0.69655275 0.54251784 -0.46956217 -0.63924742 0.76643682 -0.06274750
0.46394384 0.32094547 -0.82568169 -0.13497341 0.94679075 0.29218057
0.53168863 0.29775029 -0.79287583 -0.21383631 0.95302916 0.21449812
0.81631607 0.36883456 -0.44451010 -0.39383584 0.91836321 0.03876088
0.48905614 0.36655784 -0.79149193 -0.18243338 0.93032801 0.31813192
0.61232930 0.42771527 -0.66491538 -0.38890502 0.89518845 0.21769373
0.71803051 0.51261580 -0.47080487 -0.60318613 0.79580784 -0.05344537
0.70128763 0.57350290 -0.42342657 -0.67841333 0.71935332 -0.14928585
0.44391581 0.29864582 -0.84483695 -0.11806148 0.95410019 0.27523503
0.56714594 0.29793397 -0.76784164 -0.24575932 0.95102596 0.18748865
0.41956043 0.28982460 -0.86021549 -0.13588996 0.95703346 0.25616583
0.81657326 0.36697462 -0.44557571 -0.40632835 0.91369331 0.00786716
0.47840106 0.35166964 -0.80464953 -0.15921180 0.93585902 0.31435564
0.48027360 0.36688021 -0.79670328 -0.16627327 0.92993069 0.32799727
0.59329808 0.43091032 -0.67993659 -0.38329777 0.89398515 0.23210637
0.68245476 0.55270964 -0.47829664 -0.65818506 0.74928200 -0.07327300
0.61971718 0.44732997 -0.64486158 -0.47410426 0.86817485 0.14662069
-0.30371296 -0.26537204 0.91506076 -0.23455465 -0.91004372 -0.34176689
0.44018680 0.28836566 -0.85034162 -0.11330464 0.95729584 0.26598254
0.48996514 0.29646760 -0.81978118 -0.24438530 0.94939816 0.19727890
0.82826519 0.34773850 -0.43937996 -0.38374889 0.92340773 0.00741641
0.38732708 0.26280686 -0.88369131 -0.12914054 0.96452606 0.23024382
0.42332667 0.28358817 -0.86044890 -0.11573674 0.95889306 0.25909302
0.41655788 0.32977474 -0.84718841 -0.12564465 0.94382912 0.30561414
0.48050976 0.36874220 -0.79570073 -0.16688409 0.92917663 0.32981899
0.63180846 0.43929166 -0.63862425 -0.49131781 0.86420959 0.10839121
0.70329881 0.50784409 -0.49745876 -0.60309982 0.79669583 -0.03932385
0.68357313 0.55621386 -0.47260332 -0.65169442 0.75669396 -0.05204578
0.61477649 0.44766003 -0.64934623 -0.42206460 0.88223547 0.20861930
-0.05298815 -0.29977372 0.95253766 -0.29285759 -0.90727055 -0.30181891
0.32513830 0.30616301 -0.89473426 -0.01021397 0.94722319 0.32041216
-0.13518232 -0.26459807 0.95483696 -0.18829747 -0.93926013 -0.28693998
0.38408893 0.28894147 -0.87691993 -0.20481743 0.95277131 0.22422467
0.80115229 0.32528764 -0.50233752 -0.37827322 0.92568594 -0.00386241
0.83851862 0.34676227 -0.42028850 -0.39695466 0.91716087 -0.03525458
0.36882839 0.26922423 -0.88965386 -0.14027715 0.96229392 0.23305090
0.34687018 0.26461682 -0.89981061 -0.06695121 0.96391356 0.25765908
0.35036153 0.27255177 -0.89608163 -0.07121941 0.96170670 0.26466596
0.35335711 0.34633639 -0.86901659 0.03830668 0.92280823 0.38335055
0.36654574 0.37354651 -0.85211927 0.09786619 0.89530265 0.43457490
0.50225276 0.39548647 -0.76898158 -0.19095361 0.91805524 0.34743541
0.66750562 0.54325211 -0.50922823 -0.65742773 0.75108498 -0.06049974
0.65924937 0.53523856 -0.52811933 -0.67901671 0.72547317 -0.11236122
0.59979796 0.44763163 -0.66322577 -0.36953279 0.89015204 0.26659882
0.05738373 -0.32488322 0.94401163 -0.42894128 -0.86186874 -0.27053955
0.11018819 -0.35682899 0.92764848 -0.60260999 -0.76620251 -0.22314785
-0.06194566 -0.27345747 0.95988739 -0.21289289 -0.93598104 -0.28038582
0.42406195 0.27446848 -0.86304033 -0.21829666 0.95584887 0.19672212
0.41094643 0.29525989 -0.86252230 -0.27885675 0.94146574 0.18942340
0.80208832 0.32415614 -0.50157470 -0.36376944 0.93127126 0.02014071
0.84876317 0.34532741 -0.40043738 -0.36665961 0.93002295 0.02486089
0.83837467 0.33995202 -0.42609918 -0.37985852 0.92499679 -0.00940912
0.34916314 0.25223425 -0.90247607 -0.13561420 0.96655387 0.21767502
0.36828381 0.26235819 -0.89192784 -0.07873573 0.96471268 0.25125709
-0.07174321 -0.25488159 0.96430719 -0.24837527 -0.93177819 -0.26476246
0.37430158 0.34883910 -0.85919124 0.05546248 0.91646409 0.39625430
-0.28539625 -0.36366364 0.88673437 -0.22934821 -0.87241834 -0.43160829
-0.34781137 -0.35885376 0.86617047 -0.17002663 -0.88439083 -0.43467677
0.50865257 0.40706292 -0.75866485 -0.19301718 0.91265768 0.36027825
0.65130305 0.53137982 -0.54170084 -0.67460990 0.73232692 -0.09272958
0.67180479 0.62027442 -0.40489256 -0.73816878 0.60601652 -0.29639640
0.44792414 0.42864791 -0.78461778 -0.16355553 0.90205425 0.39943427
0.10367081 -0.35335189 0.92972839 -0.59379804 -0.77188534 -0.22714980
0.25103834 -0.39398059 0.88417143 -0.55101347 -0.80915087 -0.20410550
0.29566407 0.26753008 -0.91706622 -0.18758394 0.95755464 0.21886405
0.38254449 0.30217934 -0.87312508 -0.29197675 0.93611538 0.19605508
0.83481586 0.33431572 -0.43739617 -0.40726003 0.90961951 -0.08204697
0.87200367 0.35399836 -0.33807513 -0.38524011 0.92239708 -0.02781554
0.29608041 0.24637194 -0.92284197 -0.11055700 0.96850753 0.22309271
0.25782594 0.24998266 -0.93329227 -0.23964825 0.95231074 0.18887292
-0.00646060 -0.22299936 0.97479719 -0.16894367 -0.96056122 -0.22086242
0.28081751 0.24213620 -0.92871505 -0.03116807 0.96944261 0.24333039
0.05163839 -0.23931810 0.96956712 -0.26865560 -0.93840152 -0.21731710
-0.27175739 -0.33805797 0.90103543 -0.50854385 -0.74442685 -0.43267995
0.41954267 0.34712780 -0.83874089 0.04655914 0.91454720 0.40179071
-0.35566455 -0.37127131 0.85770649 -0.17515454 -0.87497407 -0.45137709
0.55932075 0.39422774 -0.72920835 -0.12822093 0.91023290 0.39374542
0.66005480 0.54340643 -0.51868802 -0.67247409 0.73515832 -0.08556210
0.67087775 0.60227793 -0.43264806 -0.71468341 0.68078136 -0.16051291
-0.19008192 -0.49606156 0.84722596 -0.23054305 -0.81627566 -0.52966398
0.25651574 -0.39602643 0.88168180 -0.59625465 -0.78278357 -0.17813036
0.10581578 -0.37589607 0.92060047 -0.57934725 -0.77574366 -0.25015724
-0.30246079 0.44899133 -0.84078789 0.57121575 0.79153919 0.21720564
0.31685093 0.25342396 -0.91399223 -0.17557891 0.96266043 0.20605087
0.28767750 0.29592195 -0.91086328 -0.26998690 0.93755245 0.21932293
0.68066484 0.34475267 -0.64640629 -0.43520805 0.90006685 0.02176590
0.83758795 0.33381045 -0.43245465 -0.35824564 0.93325078 0.02651525
0.88385201 0.37361625 -0.28145424 -0.41613600 0.90282536 -0.10833862
0.14377579 0.23185360 -0.96206677 -0.00048242 0.97218364 0.23421961
0.03774052 -0.22146983 0.97443664 -0.17656387 -0.96126711 -0.21163824
0.14410298 0.23992532 -0.96003658 -0.00102746 0.97019821 0.24231063
-0.32199588 0.35433644 -0.87793189 0.45524022 0.87102568 0.18458228
-0.13872844 -0.39509228 0.90810603 -0.56503630 -0.72149587 -0.40022203
-0.20770776 -0.38000837 0.90136069 -0.50050813 -0.75041407 -0.43170628
-0.21999165 -0.42211327 0.87944531 -0.50684685 -0.72083020 -0.47276855
0.43488052 0.41660255 -0.79832411 -0.17956030 0.90886045 0.37647155
0.63359398 0.52650738 -0.56687635 -0.67318875 0.73628491 -0.06856693
0.62435287 0.59279895 -0.50869727 -0.74336946 0.65095919 -0.15379854
-0.25597525 -0.49914041 0.82784992 -0.24847811 -0.79363406 -0.55534106
-0.16175860 -0.49682742 0.85264099 -0.15084895 -0.84141660 -0.51890534
0.28680465 -0.40755004 0.86697525 -0.60962212 -0.77575284 -0.16299851
0.16839920 -0.41212356 0.89543062 -0.63353086 -0.74118817 -0.22198817
-0.07090674 -0.33927488 0.93801111 -0.51090431 -0.79530978 -0.32628098
-0.34526473 0.41050848 -0.84396392 0.54290068 0.82089216 0.17718616
-0.00025333 0.20571300 -0.97861236 -0.07719899 0.97568786 0.20511824
0.29034373 0.26660979 -0.91903192 -0.20887578 0.95490241 0.21102698
0.29025814 0.27126116 -0.91769689 -0.25030535 0.94711733 0.20078850
0.30135611 0.30382165 -0.90381241 -0.25380167 0.93924141 0.23110683
0.77479112 0.34185129 -0.53182375 -0.43172517 0.90061527 -0.05005486
0.44898352 0.33029136 -0.83025384 -0.44898480 0.88674718 0.10996419
0.79820341 0.33350587 -0.50164258 -0.41408786 0.90858364 -0.05483655
-0.20194815 0.23660026 -0.95038801 0.15723783 0.96562654 0.20698243
0.04418651 -0.21060286 0.97657257 -0.17755195 -0.96362072 -0.19977610
-0.34838572 0.32553178 -0.87900883 0.43594536 0.88643736 0.15550058
-0.09052120 -0.43817437 0.89432055 -0.67329526 -0.63475841 -0.37915081
0.02893835 -0.42172325 0.90626270 -0.51720500 -0.78215891 -0.34745720
-0.13348614 -0.42443371 0.89556545 -0.66789031 -0.62909478 -0.39769632
-0.20253605 -0.40313599 0.89244640 -0.51318264 -0.73248190 -0.44734094
-0.27011389 -0.45015228 0.85111773 -0.64232159 -0.57427078 -0.50757867
0.44785058 0.43325591 -0.78212476 -0.18952796 0.90087670 0.39051300
0.59589201 0.54240561 -0.59220684 -0.70973456 0.70074582 -0.07233399
0.60650104 0.57601839 -0.54805052 -0.75982028 0.62291163 -0.18615669
-0.30230811 -0.48564240 0.82022029 -0.24983822 -0.79003072 -0.55985028
-0.23887058 0.47399935 -0.84750545 0.61831212 0.74721575 0.24363643
0.16628313 -0.41633976 0.89387429 -0.52250499 -0.80597383 -0.27819929
-0.30870962 0.49907899 -0.80970281 0.53342938 0.79565108 0.28704101
0.09264268 -0.45084837 0.88777989 -0.55915850 -0.76130265 -0.32826847
-0.40896702 0.40250650 -0.81898385 0.51667774 0.84189290 0.15575790
-0.40999079 0.26810929 -0.87179416 0.21889006 0.95681030 0.19131447
-0.02350208 0.20163481 -0.97917885 -0.07525926 0.97631323 0.20285112
0.20985527 0.25431564 -0.94407851 -0.20191532 0.95603788 0.21265432
0.25868446 0.30296806 -0.91722012 -0.29074603 0.92992842 0.22516635
0.34000641 0.29915658 -0.89157224 -0.40935984 0.90060347 0.14607507
0.73140651 0.40273076 -0.55032045 -0.52176380 0.85010195 -0.07133879
-0.24729978 0.25132889 -0.93577600 0.26563832 0.94635689 0.18396980
-0.19021852 0.24077642 -0.95175821 0.24839163 0.94971931 0.19061701
-0.45407662 0.35288766 -0.81809825 0.45312017 0.88206905 0.12898210
-0.01034397 -0.50098282 0.86539549 -0.69437766 -0.61915147 -0.36673039
0.04182722 -0.54359657 0.83830380 -0.55875951 -0.70828921 -0.43140957
-0.50590467 -0.30776501 0.80581713 -0.35768777 -0.77523345 -0.52064633
-0.08657534 -0.61603886 0.78294373 -0.70413047 -0.51812720 -0.48553529
0.45649150 0.40791145 -0.79071099 0.06357317 0.87148553 0.48628327
0.53757399 0.43455341 -0.72261852 -0.29629651 0.89967746 0.32060707
0.58290815 0.47291294 -0.66073555 -0.49406821 0.85186636 0.17383997
0.60866344 0.58615214 -0.53474712 -0.75213081 0.64085543 -0.15363474
0.61072838 0.58379906 -0.53496695 -0.75169206 0.63983512 -0.15990634
-0.28782615 -0.49064884 0.82244748 -0.22398135 -0.80048323 -0.55593073
-0.24014993 0.45752969 -0.85615110 0.54407525 0.79385281 0.27162451
0.09077343 -0.35208598 0.93155557 -0.78566563 -0.60012543 -0.15026286
-0.39818025 0.38075998 -0.83455038 0.52752453 0.83933938 0.13125272
-0.28714722 0.33487943 -0.89744210 0.45526695 0.87202638 0.17972755
-0.31762907 0.25045097 -0.91454148 0.18062641 0.96280789 0.20093562
-0.10078029 0.20241904 -0.97409952 -0.05143375 0.97671515 0.20828392
0.21684273 0.24826938 -0.94410890 -0.20173235 0.95764101 0.20549405
0.44095787 0.32734045 -0.83570594 -0.43069774 0.89408219 0.12294959
0.23185937 0.29856533 -0.92579699 -0.29938677 0.92743737 0.22411503
-0.42954469 0.30572769 -0.84971875 0.36603516 0.91912985 0.14566582
-0.46003056 0.32737482 -0.82534701 0.40820003 0.90346760 0.13083963
-0.45000517 0.34915885 -0.82193887 0.44757819 0.88463503 0.13074654
-0.19517723 -0.34363726 0.91859639 -0.43082678 -0.81136549 -0.39506251
-0.51456225 -0.31640339 0.79694080 -0.35365024 -0.76838076 -0.53340644
-0.35284492 -0.46232074 0.81348640 -0.56481296 -0.58790195 -0.57910085
-0.43349609 -0.40087524 0.80708134 -0.28145075 -0.79057771 -0.54384965
0.47028607 0.44365379 -0.76289082 -0.24039169 0.89616263 0.37296703
0.55184799 0.46676058 -0.69108498 -0.46268553 0.86081743 0.21193278
0.59165108 0.55487829 -0.58485818 -0.77072817 0.60210621 -0.20843756
-0.29894352 -0.50925612 0.80702603 -0.30524072 -0.75023806 -0.58649045
-0.35718811 0.35166761 -0.86530143 0.38617378 0.89912808 0.20600629
-0.51231635 0.31830671 -0.79762954 0.35384592 0.92451262 0.14166674
0.01813862 -0.13026389 0.99131346 -0.12307373 -0.98422730 -0.12708075
-0.40898153 0.20878023 -0.88833833 0.11231289 0.97759110 0.17804906
-0.19799644 0.20242305 -0.95907372 -0.05735460 0.97437531 0.21749322
0.11152770 0.23171881 -0.96636850 -0.21101318 0.95578200 0.20482747
0.37336046 0.29778764 -0.87859237 -0.43305454 0.89350277 0.11881346
0.18041414 0.28948420 -0.94002640 -0.30417508 0.92528152 0.22656481
-0.47812319 0.32108229 -0.81749892 0.38141453 0.91433871 0.13604286
-0.48513883 0.32803512 -0.81057590 0.39210683 0.91015851 0.13365526
-0.49826095 0.34246159 -0.79652756 0.41304463 0.90149730 0.12921613
-0.34604520 -0.47543061 0.80883771 -0.56523502 -0.58244377 -0.58418208
-0.51968497 -0.36329117 0.77327043 -0.53462827 -0.56769711 -0.62601334
0.51506799 0.44838226 -0.73051924 -0.13716184 0.88439888 0.44612253
0.58375627 0.47862568 -0.65585530 -0.53840822 0.83282143 0.12855035
0.59285456 0.56223714 -0.57655263 -0.75976110 0.62786341 -0.16896947
0.44363028 0.69956154 -0.56018382 -0.87162167 0.19137666 -0.45127678
-0.33129245 -0.51490915 0.79064149 -0.33708712 -0.71806926 -0.60889149
-0.72299308 0.38552600 -0.57328075 0.41681999 0.90518653 0.08305708
-0.41152275 0.20493056 -0.88806111 0.10554392 0.97855276 0.17690411
-0.31764206 0.19091031 -0.92879319 -0.01579697 0.97832060 0.20649299
-0.50168014 0.34095445 -0.79502654 0.40443063 0.90486759 0.13285573
-0.24513465 0.22449113 -0.94313985 0.31266358 0.93914813 0.14227554
-0.40809777 -0.47894064 0.77722085 -0.54486811 -0.55531079 -0.62829036
-0.45916244 -0.42816705 0.77835912 -0.17727323 -0.81439787 -0.55256706
0.51862192 0.44580144 -0.72958374 -0.10357803 0.87978446 0.46395138
0.63335747 0.61198533 -0.47363734 -0.71067673 0.70220232 -0.04301788
-0.47584993 -0.43565038 0.76405221 -0.31831121 -0.72451812 -0.61135221
-0.48991972 0.25890377 -0.83243471 0.23872188 0.95822555 0.15753022
-0.56691194 0.34968141 -0.74587786 0.35439062 0.92089206 0.16237324
-0.52097476 0.19330463 -0.83139557 0.11041681 0.98109746 0.15892111
0.14671682 -0.13014401 0.98057985 -0.33978119 -0.93761998 -0.07360339
0.01378220 -0.08448223 0.99632967 -0.03728456 -0.99577475 -0.08391943
-0.44879442 -0.46425414 0.76357812 -0.59166515 -0.48598832 -0.64323229
-0.43979719 -0.45236930 0.77584827 -0.41692400 -0.66231263 -0.62250817
0.48918056 0.44922841 -0.74759364 -0.06885642 0.87436879 0.48035198
0.56312245 0.47980127 -0.67281783 -0.74402982 0.64867103 -0.16014235
0.15111431 0.49728924 -0.85432309 -0.00263263 0.86444724 0.50271666
-0.33024234 0.22366683 -0.91701317 0.32569301 0.93885386 0.11170272
0.34672117 0.14851396 -0.92613614 -0.02716472 0.98856109 0.14835459
-0.51503193 -0.47167385 0.71572751 -0.48871487 -0.52439404 -0.69725800
0.52975214 0.44009584 -0.72503680 -0.02229404 0.86177254 0.50680488
0.58838749 0.44473213 -0.67528778 -0.38394737 0.88866431 0.25071943
0.59749842 0.51159829 -0.61746496 -0.75566649 0.61685187 -0.22014080
0.11726563 0.14792287 -0.98202223 -0.07191296 0.98751354 0.14016272
-0.51854342 -0.47415555 0.71154010 -0.48488599 -0.52235234 -0.70145112
-0.55519038 -0.43622005 0.70814949 -0.31261069 -0.67955083 -0.66369063
0.58436722 0.44167614 -0.68076223 -0.39033246 0.88847005 0.24137434
0.58428651 0.46727940 -0.66352040 -0.76037341 0.60094833 -0.24636047
-0.07340035 -0.12792724 0.98906368 -0.31450111 -0.93816614 -0.14468381
-0.61450660 -0.37410873 0.69456774 -0.51795673 -0.47276253 -0.71289301
-0.51196140 -0.47846141 0.71342152 -0.50211918 -0.50717187 -0.70046633
-0.59159881 -0.40673465 0.69611621 -0.35025576 -0.64802480 -0.67630237
0.57890159 0.42954001 -0.69308609 -0.36750308 0.89621603 0.24847201
0.58694243 0.43300998 -0.68410599 -0.73818755 0.63325703 -0.23251811
0.33696896 0.16021794 -0.92778349 -0.09818675 0.98602158 0.13461375
-0.59353381 -0.40171608 0.69738215 -0.53157794 -0.45492369 -0.71447140
-0.58154088 -0.41353130 0.70057279 -0.35490865 -0.64592749 -0.67588282
0.60146242 0.42875043 -0.67410386 -0.45664644 0.87686473 0.15027426
0.60528451 0.43629757 -0.66578919 -0.72637111 0.64486206 -0.23777714
-0.60061657 -0.40199715 0.69112808 -0.52673632 -0.45136389 -0.72029126
-0.61879623 -0.37144157 0.69218671 -0.48922884 -0.50718242 -0.70952183
-0.57729697 -0.41668475 0.70221227 -0.34890354 -0.65164542 -0.67351663
0.61824393 0.40335980 -0.67459273 -0.43972465 0.88889235 0.12850170
0.63660794 0.42702180 -0.64217031 -0.71401632 0.64100873 -0.28158227
-0.48363817 -0.50679278 0.71362126 -0.36537388 -0.62398398 -0.69075757
-0.52487767 -0.45652878 0.71839058 -0.31895727 -0.67700744 -0.66327018
0.63606387 0.39083394 -0.66533577 -0.37937707 0.90922511 0.17141417
0.65715879 0.45365661 -0.60194516 -0.70520902 0.65200704 -0.27850884
-0.57738388 -0.42453200 0.69742423 -0.45519051 -0.54175252 -0.70661581
-0.63636184 -0.36785787 0.67802972 -0.33366126 -0.66122806 -0.67189860
0.68066126 0.37371206 -0.63011074 -0.32627165 0.92473239 0.19600232
-0.63824177 -0.36713424 0.67665350 -0.53446484 -0.42129293 -0.73270708
-0.65250516 -0.36215720 0.66564202 -0.26301268 -0.71556497 -0.64714074
0.71339452 0.32607311 -0.62027788 0.14345284 0.79844838 0.58472347
-0.63933009 -0.37794739 0.66963637 -0.52537251 -0.42118520 -0.73931509
-0.66367221 -0.35006502 0.66105503 -0.49718791 -0.45383331 -0.73948598
-0.64241797 -0.36591154 0.67335582 -0.47802031 -0.49543715 -0.72528523
-0.72687167 -0.28220662 0.62611264 -0.27849305 -0.71223283 -0.64433378
-0.69684571 -0.30762035 0.64790112 -0.51785505 -0.40919176 -0.75125784
-0.76315516 -0.24469258 0.59809691 -0.31208399 -0.67089331 -0.67268550
-0.68644059 -0.32330924 0.65136057 -0.50938284 -0.42546776 -0.74800152
-0.68283510 -0.33171782 0.65092212 -0.50659072 -0.42699254 -0.74902815
-0.73618668 -0.27531680 0.61824745 -0.50370264 -0.38722676 -0.77222997
-0.65557396 -0.37306151 0.65654242 -0.49442011 -0.44510812 -0.74661076
-0.76515478 -0.21404013 0.60722733 -0.51400727 -0.36488664 -0.77630812
-0.85171562 -0.05409858 0.52120423 -0.38875011 -0.60171086 -0.69772303
-0.77093184 -0.20140408 0.60423547 -0.53287137 -0.31568712 -0.78510493
