-0.29834628 0.52018327 -0.80024934 0.11677191 -0.81224191 -0.57151335
0.58096397 -0.52788180 0.61953342 0.17462790 0.82427859 0.53858143
0.04200264 -0.32347253 0.94530487 0.03093863 0.94610727 0.32237238
0.29664883 -0.32117838 0.89935750 0.22824690 0.93830037 0.25979951
0.26715475 -0.31738237 0.90988833 0.15374015 0.94615066 0.28489116
0.26194239 -0.30433050 0.91584343 0.15231360 0.95012152 0.27215743
0.55492848 -0.38775900 0.73600090 0.30516016 0.91793364 0.25352553
0.80383998 -0.42833713 0.41275743 0.37200543 0.90344512 0.21307017
0.84317833 -0.41451669 0.34238333 0.40457210 0.90860718 0.10370373
0.86353415 -0.39826152 0.30934864 0.35655800 0.91598672 0.18394224
0.87969303 -0.39799199 0.26027411 0.35226557 0.91304803 0.20555347
0.90436924 -0.38505092 0.18398930 0.35721579 0.91892135 0.16727354
0.92304015 -0.34329033 0.17363362 0.29898041 0.92416221 0.23777087
0.90118539 -0.35255054 0.25213712 0.30611518 0.92952812 0.20559907
0.91918212 -0.32986712 0.21515560 0.26297933 0.92075920 0.28817436
0.92860705 -0.31954616 0.18862475 0.27404606 0.93331873 0.23198053
0.91932034 -0.32520869 0.22156142 0.24626836 0.91462296 0.32065052
0.91915131 -0.32336754 0.22493181 0.23343366 0.90711945 0.35020429
0.92281830 -0.31963640 0.21503261 0.22689953 0.90206778 0.36713809
0.92047387 -0.32081521 0.22317161 0.22279352 0.89994550 0.37478158
0.91328299 -0.32646978 0.24358097 0.21892230 0.89770490 0.38235965
0.85326731 -0.35247740 0.38431054 0.20842415 0.90606129 0.36825579
0.85753083 -0.35011414 0.37690973 0.16044892 0.87815118 0.45067352
0.92614520 -0.28177723 0.25071239 0.13882627 0.87273467 0.46804008
0.91159850 -0.28569293 0.29558030 0.08797250 0.83795232 0.53860641
0.86963081 -0.30881739 0.38519347 0.05055937 0.83181840 0.55274040
0.86057985 -0.31770983 0.39807388 0.05352011 0.83366996 0.54966366
0.85871118 -0.31244206 0.40619600 0.02167407 0.81407320 0.58035779
0.81490499 -0.34704673 0.46420732 -0.02616316 0.77807486 0.62762648
0.83396900 -0.33646888 0.43736082 -0.03158079 0.76218915 0.64658362
0.76997727 -0.37612456 0.51542729 -0.04367274 0.77482939 0.63066006
-0.77595580 0.34291095 -0.52943820 0.11876804 -0.74489313 -0.65652758
0.74250352 -0.37768713 0.55320978 -0.05860272 0.78608674 0.61533189
-0.67257583 0.42471451 -0.60601926 0.09582874 -0.76203394 -0.64040697
-0.70841187 0.40439165 -0.57846349 0.10868329 -0.74730998 -0.65552711
-0.59851921 0.48316637 -0.63900316 0.09459659 -0.74944293 -0.65527612
-0.62214416 0.47084415 -0.62549371 0.10806001 -0.73965126 -0.66425830
0.61419237 -0.49140188 0.61748850 -0.04676172 0.75842929 0.65007567
-0.75907302 0.36212218 -0.54099518 0.15990627 -0.70184213 -0.69415247
-0.59640539 0.48485574 -0.63969958 0.10027084 -0.74570584 -0.65868706
0.64117730 -0.46036324 0.61396861 0.27307814 0.88457698 0.37808964
0.61282003 -0.48476157 0.62406564 0.26387772 0.86993718 0.41662690
0.62629688 -0.47976905 0.61447048 0.18656680 0.85753888 0.47939548
0.64599872 -0.44312167 0.62155360 0.20542340 0.88513643 0.41753414
0.67307949 -0.38393384 0.63210672 0.16329154 0.91075009 0.37930232
0.67011458 -0.35072437 0.65417051 0.21099643 0.93497515 0.28513485
0.62767935 -0.31314683 0.71271151 0.23516062 0.94902718 0.20987366
0.66292316 -0.30049822 0.68573594 0.13122669 0.94837505 0.28872886
0.67072153 -0.29611409 0.68003607 0.12270155 0.94851500 0.29199940
0.67280930 -0.28963587 0.68076342 0.18835199 0.95691842 0.22097683
0.65606415 -0.28090665 0.70047939 0.20786013 0.95950788 0.19010206
0.65390188 -0.27989709 0.70290112 0.22134800 0.95917624 0.17602865
0.67038476 -0.36975238 0.64332533 0.20978183 0.92607301 0.31365657
0.87649512 -0.25510409 0.40826249 -0.00743997 0.84077501 0.54133362
0.82583135 -0.29636434 0.47976127 0.03061144 0.87307072 0.48663175
0.80387902 -0.31166735 0.50659847 0.00581005 0.85579652 0.51728004
0.83706963 -0.30397594 0.45487693 -0.03957975 0.79561281 0.60451114
0.87350273 -0.27790415 0.39970285 -0.00502469 0.81585914 0.57822889
0.87395728 -0.28493246 0.39371577 -0.00411275 0.80574524 0.59224796
0.88824582 -0.28303328 0.36181688 0.04029282 0.83260810 0.55239505
0.88311297 -0.26750493 0.38542533 -0.01356048 0.80662417 0.59090918
0.83587104 -0.32231209 0.44433615 0.13927704 0.90750402 0.39628074
0.63810295 -0.41531882 0.64833242 0.19053973 0.90103120 0.38966325
0.44618791 -0.39356825 0.80375397 0.38545018 0.89505219 0.22429851
0.30716312 0.86947185 0.38687146 0.03917778 0.39462623 -0.91800612
0.33690336 0.86159086 0.37968066 0.10525113 0.36626455 -0.92453909
0.28313231 0.88343340 0.37333837 0.30932289 0.28435203 -0.90744883
0.16215745 0.93436146 0.31729105 0.08388896 0.30732912 -0.94789845
0.18051976 0.94202179 0.28285617 -0.08284500 0.30112144 -0.94998032
0.10287961 0.95210218 0.28795364 -0.04422830 0.29358199 -0.95491016
0.15056162 0.94922590 0.27622718 -0.01858941 0.28208128 -0.95921040
0.19863546 0.94067377 0.27509451 0.06402077 0.26763445 -0.96139127
0.15550730 -0.33107948 0.93070072 0.14124359 0.93993402 0.31076413
0.26715434 -0.31892878 0.90934759 0.15607180 0.94550705 0.28575888
0.26446411 -0.31001678 0.91320777 0.15073405 0.94857234 0.27836993
0.52893704 -0.38649783 0.75554293 0.19085442 0.92164463 0.33785474
0.43916908 -0.37861145 0.81472939 0.23712209 0.92355394 0.30136558
0.15595272 -0.28730246 0.94505876 0.14240971 0.95330912 0.26631030
0.55122548 -0.38713062 0.73910791 0.20129475 0.92137957 0.33247572
0.84821773 -0.36417678 0.38458034 0.26183802 0.91949391 0.29320958
0.79519999 -0.37957114 0.47284541 0.29922947 0.92391062 0.23843426
0.76266783 -0.39159334 0.51477420 0.23471564 0.90920109 0.34389246
0.75227153 -0.38110167 0.53744686 0.22741786 0.91579288 0.33106565
0.69193220 -0.38614771 0.61001629 0.20656252 0.91550601 0.34522572
0.25615919 -0.30023634 0.91882563 0.14698607 0.95158565 0.26996279
-0.19182593 -0.18127437 0.96454263 0.12072339 0.97097218 0.20649192
-0.23821951 -0.12712826 0.96285510 0.12859799 0.97853804 0.16101527
-0.34734961 -0.08760752 0.93363446 0.11828238 0.98358101 0.13630006
-0.31554696 -0.08860204 0.94476444 0.08207686 0.98935139 0.12019679
0.14739701 0.95494241 0.25760281 0.15442774 0.23503408 -0.95964110
0.14795989 0.95321172 0.26361948 0.16635035 0.23876898 -0.95672202
0.32726088 0.85690415 0.39826593 0.15545999 0.36690679 -0.91717595
0.44030425 0.77737254 0.44924846 0.21789812 0.39288351 -0.89339960
0.42195657 0.78305322 0.45692500 0.53849322 0.18898970 -0.82116258
0.42923111 0.76188993 0.48506132 0.70623994 0.05165410 -0.70608574
0.42880732 0.77715641 0.46059987 0.43537560 0.26896012 -0.85913247
0.40823963 0.78109813 0.47246823 0.66608012 0.09904477 -0.73927492
-0.39038593 -0.81640595 -0.42553526 -0.74566823 0.00928986 0.66625273
-0.65543056 -0.02581727 0.75481415 0.34880891 0.87609613 0.33284813
-0.54095483 -0.09757026 0.83537298 0.31740507 0.89611793 0.31020427
0.27396140 0.88290453 0.38134599 0.39657569 0.25752795 -0.88113964
-0.64118785 -0.01576198 0.76722211 0.39061597 0.85386765 0.34399018
-0.64675254 -0.02120936 0.76240504 0.29012892 0.91762412 0.27164543
-0.53169131 -0.05949061 0.84484631 0.21468571 0.95548326 0.20239043
-0.73308808 0.02892814 0.67951828 0.23599607 0.94784123 0.21424976
-0.38512602 -0.10942446 0.91635376 0.21685584 0.95441276 0.20510958
-0.42774844 -0.09122972 0.89928216 0.21232781 0.95691419 0.19807120
-0.52897364 -0.04862716 0.84724396 0.17555046 0.97049278 0.16530526
-0.48607975 -0.05357692 0.87227058 0.15563551 0.97685611 0.14672995
-0.58138382 -0.01879488 0.81341237 0.17812081 0.97254205 0.14978302
0.41572332 0.77908933 0.46924832 0.27745974 0.38270935 -0.88122058
0.47806981 0.70867592 0.51887167 0.38397717 0.36267993 -0.84913182
0.56041652 0.62744319 0.54060000 0.20541541 0.52703518 -0.82464445
0.54703707 0.61792052 0.56473422 0.35399857 0.44057417 -0.82497239
0.58248532 0.55021042 0.59831387 0.03869825 0.71647114 -0.69654256
0.63137597 0.47262776 0.61480683 0.22792016 0.64469802 -0.72966903
0.32319897 0.85903615 0.39698794 0.28576517 0.31132448 -0.90631968
0.61245030 -0.41806954 0.67091173 0.20461117 0.90362263 0.37629831
0.73141980 -0.39698690 0.55446059 0.16302714 0.89129645 0.42309910
0.80707717 -0.30660692 0.50459754 -0.01599759 0.84293526 0.53777719
0.80193090 -0.30804956 0.51187140 -0.03610024 0.83025515 0.55621326
0.74048263 -0.35200369 0.57251984 -0.03121498 0.83293581 0.55248857
0.74652684 -0.34509161 0.56886679 -0.09244242 0.79289442 0.60230619
0.82575607 -0.28955480 0.48402989 -0.06335708 0.80511731 0.58972198
0.78446484 -0.31861672 0.53206986 0.10626387 0.91430539 0.39083719
0.56863099 -0.38857111 0.72503197 0.28307632 0.92000002 0.27104941
0.64807105 -0.40258211 0.64647633 0.00829741 0.85254413 0.52258950
0.77381158 -0.35039014 0.52767646 -0.06457594 0.78508472 0.61601299
0.70161992 -0.42418230 0.57253730 -0.06388426 0.76282036 0.64344686
0.83783877 -0.33764499 0.42897791 -0.04462180 0.74080700 0.67023420
0.95457965 -0.17524938 0.24096736 -0.04452380 0.71575600 0.69692975
0.96013701 -0.23626035 0.14939196 0.14199722 0.87258589 0.46736565
0.90697360 -0.31163159 0.28334561 0.11778706 0.83355343 0.53973603
0.83727419 -0.36794460 0.40446115 0.13394025 0.85518980 0.50071001
0.92007953 -0.30814943 0.24186280 0.17411813 0.87477833 0.45215678
0.98360366 -0.11498206 -0.13893548 0.17323504 0.81656480 0.55064654
0.97390991 -0.16188096 -0.15904140 0.21303874 0.89365762 0.39495629
0.97497660 -0.22031471 -0.02969982 0.21344884 0.89039499 0.40204027
0.92249876 -0.32954413 0.20098951 0.18825437 0.83867824 0.51105672
0.94904459 -0.28767082 0.12868555 0.16697252 0.80531770 0.56884414
0.98292625 -0.18396010 -0.00383152 0.14412196 0.75678557 0.63757712
0.99112290 -0.12513357 -0.04491129 0.12600121 0.77633464 0.61759883
0.95230329 -0.13225673 -0.27500305 0.22456889 0.91391331 0.33812910
0.97018999 -0.23408885 -0.06271996 0.24014753 0.89385813 0.37861168
0.92111200 -0.31688634 0.22613212 0.22130159 0.90411127 0.36552492
0.96629673 -0.23670006 -0.10121159 0.25722489 0.90349817 0.34282139
0.96507144 -0.25280586 -0.06874891 0.26198646 0.93068624 0.25531626
0.96378678 -0.26027107 -0.05808639 0.26484740 0.90875149 0.32253167
0.97188222 -0.23076481 0.04682571 0.15001874 0.76010644 0.63224411
0.98199773 -0.18209603 0.05021538 0.09665991 0.71282184 0.69465232
0.81580377 -0.32524908 0.47820216 -0.03296047 0.79937655 0.59992564
0.86616099 -0.30362123 0.39696267 0.01824743 0.81298196 0.58200282
0.95669079 -0.17207389 0.23480494 -0.04401194 0.71182609 0.70097542
0.87255257 -0.29771599 0.38732070 0.03967728 0.83341390 0.55122322
0.91322607 -0.27047333 0.30473331 0.07270574 0.84406662 0.53128666
0.91861957 -0.30857959 0.24681331 0.17253387 0.87516302 0.45201972
0.70902801 -0.40235820 0.57912630 0.20666325 0.90374720 0.37487516
0.45409620 -0.42079544 0.78532022 0.19115156 0.90692693 0.37542593
0.44513544 -0.41633469 0.79279250 0.20592371 0.90920883 0.36184904
0.68261260 -0.40364310 0.60918987 0.18722117 0.90238863 0.38812768
0.89254755 -0.34261283 0.29321563 0.22248320 0.90012681 0.37453038
0.89005971 -0.34867677 0.29362956 0.19869009 0.87648219 0.43852162
0.91221666 -0.33099490 0.24146046 0.25839210 0.92214406 0.28789550
0.89707583 -0.33956546 0.28275487 0.25887391 0.92245060 0.28647733
0.95195621 -0.23146664 -0.20050582 0.25366145 0.96282893 0.09282434
0.94323790 -0.24316168 -0.22621828 0.27819252 0.95052707 0.13822903
0.94479614 -0.25130731 -0.21024957 0.29043701 0.93936235 0.18233146
0.93199980 -0.24208097 -0.26976505 0.28434917 0.94986647 0.12999737
0.93887103 -0.24890625 -0.23783812 0.26522395 0.96340847 0.03873527
0.95747018 -0.26475042 -0.11470889 0.26829275 0.96319878 0.01634525
0.95893550 -0.27003261 -0.08674815 0.27112842 0.96254283 0.00088413
0.95002574 -0.28537571 -0.12653804 0.26135707 0.94877863 -0.17751522
-0.96644205 0.24281074 -0.08386151 -0.24994282 -0.96418744 0.08871959
-0.96579456 0.25058994 -0.06667502 -0.25795522 -0.95468622 0.14843677
-0.95777398 0.26087433 -0.12088676 -0.27876413 -0.94551742 0.16818848
-0.95807022 0.27016219 0.09546674 -0.23091187 -0.92524344 0.30100563
0.91196358 -0.29036376 -0.28984708 0.25354904 0.95429242 -0.15823673
0.92292905 -0.37513846 0.08644779 0.35896450 0.91973805 0.15882826
0.91940600 -0.37752396 -0.11031032 0.36141789 0.92157793 -0.14167328
0.85383570 -0.44737992 0.26611245 0.43595880 0.89393127 0.10405242
0.87394810 -0.44681773 0.19122943 0.43747124 0.89461553 0.09100535
0.85940611 -0.44427949 0.25305519 0.42001855 0.89568132 0.14608030
0.85206008 -0.44951195 0.26820260 0.37990409 0.88354325 0.27390546
0.85346270 -0.44964132 0.26348472 0.37616554 0.88140881 0.28568858
0.80990291 -0.46236232 0.36094099 0.47533202 0.87789315 0.05799264
0.81592613 -0.46386760 0.34509632 0.46681747 0.88071728 0.08011573
0.82200009 -0.45206916 0.34633717 0.38196895 0.88873309 0.25348219
0.81687236 -0.44901577 0.36208346 0.41659480 0.89342111 0.16806999
0.81856936 -0.44930944 0.35786217 0.41740972 0.89328367 0.16677350
0.82073623 -0.45454714 0.34609115 0.42002559 0.89071852 0.17377895
0.74213457 -0.46926767 0.47856468 0.51892817 0.85418594 0.03286346
-0.90072155 0.36892641 -0.22933370 -0.40839389 -0.89909208 0.15763207
-0.78665453 0.46280244 -0.40864235 -0.58192146 -0.77692229 0.24033141
-0.77691054 0.46610922 -0.42326379 -0.56636697 -0.81103814 0.14644322
0.76478040 -0.51514113 0.38696328 0.47932702 0.85625279 0.19255349
0.76128793 -0.51344383 0.39600006 0.46099567 0.85806167 0.22630306
0.74701965 -0.48807654 0.45137900 0.57869744 0.81159425 -0.08015046
0.72191215 -0.48341382 0.49513027 0.53299588 0.84477431 0.04766303
0.63163292 -0.48074251 0.60821593 0.46936777 0.86153370 0.19352947
0.77014649 -0.51024675 0.38278276 0.47616455 0.85918599 0.18726133
0.64620328 -0.49468324 0.58112812 0.52868932 0.83932436 0.12657942
0.86231226 -0.44415668 0.24319217 0.40516931 0.89325666 0.19475721
0.84912974 -0.44397393 0.28612208 0.43481439 0.89511299 0.09853502
0.85213786 -0.44215283 0.27993208 0.43833411 0.89526731 0.07974753
0.82084799 -0.46503544 0.33158821 0.48388612 0.87465703 0.02879954
0.89862210 -0.36125654 0.24894188 0.30956143 0.92418927 0.22370952
0.86843169 -0.41989210 0.26366082 0.40724057 0.90740961 0.10374500
0.73484093 -0.43903250 0.51697135 0.41720569 0.89355761 0.16581380
0.64198571 -0.39166650 0.65912956 0.26204920 0.91999495 0.29144397
0.15065366 -0.28325722 0.94713718 0.13787347 0.95472902 0.26359722
