0.92286426 0.35381037 -0.15211765 -0.38511631 0.85051876 -0.35819456
0.84107351 0.18068811 -0.50985014 -0.28759709 0.94767207 -0.13858421
0.82485914 0.53211331 -0.19095263 -0.56187731 0.73431087 -0.38089576
0.93253398 0.31369007 0.17882644 -0.23912959 0.90760070 -0.34507674
0.76263750 0.15139306 -0.62885952 -0.27707249 0.95497173 -0.10611236
0.84527588 0.16620395 -0.50782377 -0.27424756 0.95060891 -0.14536509
0.79436541 0.48912483 -0.36019492 -0.59520578 0.74516916 -0.30075425
0.47441855 0.84171891 -0.25775245 -0.79512346 0.28408444 -0.53579360
0.95664603 0.24369870 -0.15949707 -0.27222738 0.94284135 -0.19220439
0.95438743 0.28388533 0.09248704 -0.24109179 0.91547441 -0.32215112
0.77862215 0.16403422 -0.60567361 -0.27861178 0.95523971 -0.09946165
0.79420865 0.13817434 -0.59172672 -0.23568408 0.96761763 -0.09038360
0.74612713 0.36604503 -0.55615234 -0.50085050 0.85894424 -0.10660005
0.74285781 0.55021256 -0.38135087 -0.66724288 0.65474540 -0.35509929
0.47568715 0.79952848 -0.36670980 -0.65887755 0.04767394 -0.75073802
0.95233887 0.17767020 -0.24795978 -0.20566830 0.97430742 -0.09179123
0.78000706 0.18231972 -0.59862220 -0.27879700 0.95767742 -0.07159796
0.75296813 0.13571468 -0.64391035 -0.21768251 0.97478390 -0.04909925
0.79335606 0.11464379 -0.59786540 -0.19292033 0.97883415 -0.06830513
0.75926888 0.23110344 -0.60836011 -0.34480169 0.93568373 -0.07488576
0.69869941 0.45226860 -0.55432147 -0.63745552 0.74529791 -0.19540091
0.42949367 0.83657348 -0.34011775 -0.56555414 -0.04445422 -0.82351220
0.97233546 0.22259146 -0.07083000 -0.23082016 0.96212345 -0.14505374
0.76155514 0.23248893 -0.60496503 -0.35009250 0.93310893 -0.08211587
0.75750732 0.11465480 -0.64267945 -0.19473222 0.97932374 -0.05481258
0.41026196 0.14780994 -0.89990962 -0.03763138 0.98868132 0.14523479
0.78163838 0.11077388 -0.61381644 -0.18053383 0.98215884 -0.05264542
0.68005556 0.39726260 -0.61620373 -0.59006858 0.79539788 -0.13842429
0.70402586 0.47009775 -0.53231168 -0.63338172 0.75465399 -0.17124547
0.49379605 0.77662450 -0.39117751 -0.67052841 0.05363649 -0.73994249
0.96959555 0.23771495 0.05810498 -0.22054389 0.95173341 -0.21345703
0.58440065 0.15090527 -0.79731023 -0.12416755 0.98761487 0.09591332
-0.11246563 -0.14307690 0.98330081 -0.27557015 -0.94627166 -0.16920741
0.78385162 0.09849916 -0.61308610 -0.16348462 0.98524064 -0.05073077
0.67391610 0.39804971 -0.62240940 -0.58903450 0.79799646 -0.12743640
0.67970556 0.39005220 -0.62117612 -0.58554822 0.79858452 -0.13926928
0.68071961 0.54383022 -0.49078465 -0.73195255 0.53186762 -0.42586654
0.57280570 0.61344713 -0.54366928 -0.72883904 0.07766489 -0.68026608
0.95220488 0.09008896 -0.29187310 -0.08966698 0.99586111 0.01485148
0.57115805 0.14857048 -0.80728275 -0.12232022 0.98790759 0.09526988
-0.11092427 -0.15112919 0.98227072 -0.26805910 -0.94718921 -0.17600262
0.11362278 0.11090200 -0.98731488 0.07251097 0.99017459 0.11956798
0.79054028 0.08990683 -0.60577464 -0.18063636 0.97938913 -0.09037443
0.68099332 0.51488835 -0.52070916 -0.72920954 0.54195666 -0.41777554
0.66509378 0.52366251 -0.53237951 -0.74674791 0.46234408 -0.47812715
0.57403451 0.61312050 -0.54274094 -0.72703820 0.07671222 -0.68229818
0.78613830 0.08615781 -0.61201596 -0.12170695 0.99242693 -0.01662238
0.97035080 0.06834181 -0.23183785 -0.05758541 0.99694026 0.05285876
0.58343744 0.16912746 -0.79435307 -0.09653132 0.98558444 0.13894251
-0.16532117 -0.14734578 0.97517085 -0.27957514 -0.94121474 -0.18961163
-0.06174725 -0.08139936 0.99476707 -0.14282076 -0.98569167 -0.08952191
0.14886728 0.09955927 -0.98383254 0.06267424 0.99196845 0.10986605
0.71615815 0.07527552 -0.69386685 -0.12400800 0.99207228 -0.02036499
0.66227257 0.43298870 -0.61148661 -0.74600309 0.45709956 -0.48429269
0.62232697 0.46440625 -0.63010800 -0.77650511 0.26473373 -0.57180053
0.56439781 0.61779249 -0.54752862 -0.72321999 0.05026564 -0.68878603
0.77481169 0.07637466 -0.62756175 -0.10001373 0.99498326 -0.00239069
0.96016836 0.03570947 -0.27713093 -0.02221316 0.99841619 0.05168867
0.57491499 0.17051946 -0.80024737 -0.07726635 0.98498654 0.15437448
-0.11988880 -0.16478281 0.97901654 -0.28195402 -0.93987244 -0.19272193
0.43396124 0.12060786 -0.89282215 0.03482812 0.98801231 0.15039511
0.08251600 0.07885749 -0.99346501 -0.05537218 0.99568743 0.07443476
0.26982138 0.07948589 -0.95962411 -0.00450369 0.99668044 0.08128896
0.32463229 0.00909172 -0.94579661 -0.18310772 0.98164082 -0.05341304
0.65465170 0.35174495 -0.66910887 -0.67813319 0.66437912 -0.31422246
0.62805033 0.41143838 -0.66050839 -0.76249492 0.15585348 -0.62794214
0.62596661 0.41260153 -0.66175967 -0.76340514 0.15085664 -0.62805647
0.77930766 0.04875360 -0.62474209 -0.11539900 0.99108350 -0.06660739
0.81452501 0.04018207 -0.57873523 -0.03383776 0.99919063 0.02175061
-0.99936110 0.00036670 -0.03573889 0.00965311 -0.96001601 -0.27977863
0.66925228 0.18703403 -0.71911037 -0.24972939 0.96812159 0.01938470
-0.11845602 -0.18735722 0.97512335 -0.33889925 -0.91544133 -0.21705890
0.67128819 0.10123076 -0.73425108 -0.16458395 0.98625654 -0.01449607
0.42942485 0.12567002 -0.89431620 0.03030012 0.98770845 0.15334281
0.11995090 0.07643345 -0.98983318 -0.01095254 0.99707311 0.07566524
-0.07895927 -0.07767576 -0.99384701 -0.18778701 0.98027027 -0.06169532
0.62527901 0.31279102 -0.71497411 -0.77973175 0.28834414 -0.55576617
0.76889062 0.03186006 -0.63858604 -0.08122413 0.99553311 -0.04812934
0.82390398 0.01133679 -0.56661606 -0.01712527 0.99984139 -0.00489677
-0.95257050 0.07704864 -0.29440272 0.03771428 -0.93007100 -0.36543891
-0.99043876 -0.03427767 0.13362665 0.00082570 -0.97009438 -0.24272673
0.54027480 0.15968908 -0.82619768 -0.24708523 0.96865427 0.02564714
0.77138042 0.22547270 -0.59509194 -0.33217937 0.94028354 -0.07432193
-0.19782488 -0.25293517 0.94704229 -0.43674636 -0.84219551 -0.31616345
0.48686475 0.12524065 -0.86445218 -0.06783698 0.99209982 0.10552786
-0.01780132 0.02643469 0.99949205 -0.08320018 -0.99622262 0.02486639
0.13934213 -0.01012054 -0.99019265 -0.26372871 0.96345317 -0.04695974
0.77087748 0.01013029 -0.63690287 -0.03786607 0.99883407 -0.02994431
0.62344110 -0.01392828 -0.78174627 -0.08787075 0.99225891 -0.08775571
0.82631761 -0.02206558 -0.56277210 0.02750515 0.99962103 0.00119191
0.77702117 -0.04456043 0.62789530 -0.09441657 0.97795641 0.18624416
-0.98925024 -0.02963646 0.14319804 -0.00549179 -0.97102767 -0.23890401
-0.99006623 -0.02120600 0.13899346 -0.01298429 -0.97054666 -0.24056324
0.69337445 0.17605680 -0.69873875 -0.12112170 0.98437190 0.12783413
-0.29076546 -0.22694632 0.92948955 -0.43951732 -0.83121783 -0.34044307
-0.09906270 -0.13459262 0.98593682 -0.09734640 -0.98474711 -0.14421116
0.11504725 -0.00574390 -0.99334341 -0.28573963 0.95752835 -0.03863065
0.15444490 -0.03078212 -0.98752177 -0.28078032 0.95693499 -0.07374176
0.73843211 -0.03132094 -0.67360002 0.01193276 0.99937123 -0.03338734
0.86649531 -0.02903237 -0.49834028 0.01858712 0.99949151 -0.02590991
-0.92608058 0.37682199 0.01949124 -0.32744518 -0.77691621 -0.53775549
0.57967979 0.16005942 -0.79896951 0.06250292 0.96889502 0.23944902
-0.42423925 -0.16065611 0.89118505 -0.36529413 -0.87014896 -0.33075830
0.48852432 0.14797428 -0.85991138 0.02694283 0.98248690 0.18437366
0.30354917 0.01189478 -0.95274150 -0.32318053 0.94193190 -0.09120742
0.04550398 -0.14250654 -0.98874736 -0.35506320 0.92283565 -0.14934744
0.73946822 -0.07468536 -0.66903585 0.03705003 0.99683565 -0.07032764
0.86314076 -0.06166973 -0.50118357 0.11501110 0.99043721 0.07620117
-0.93420798 0.18885991 0.30263424 -0.29463780 -0.88676834 -0.35613284
-0.46161577 -0.17313392 0.87002045 -0.36510497 -0.85676527 -0.36421365
0.22189029 -0.01603224 -0.97493988 -0.16048947 0.98562783 -0.05273440
0.38881877 -0.06839460 -0.91877210 -0.30514747 0.93139386 -0.19847073
0.74001133 -0.13846944 -0.65818655 0.12574494 0.98980713 -0.06685852
0.64713436 -0.08632253 -0.75747317 -0.05134680 0.98637789 -0.15627605
-0.29258931 -0.29642612 0.90913320 -0.44803795 -0.79742521 -0.40419689
0.21522979 -0.10461781 -0.97094351 -0.40220621 0.89650726 -0.18575476
0.32785967 -0.28162864 -0.90177238 -0.46578243 0.78226542 -0.41365159
0.16490121 -0.26738590 -0.94937479 -0.46315989 0.82883054 -0.31388366
0.70785570 -0.14561526 -0.69118488 0.07791697 0.98864561 -0.12848647
0.69368619 -0.11750396 -0.71062809 0.07284456 0.99298990 -0.09308521
0.48376897 -0.10041775 -0.86941588 -0.02007213 0.99186158 -0.12572898
0.23978625 -0.35544413 -0.90341687 -0.56502968 0.70562345 -0.42759457
0.73785585 -0.14375608 -0.65947181 0.10127223 0.98957431 -0.10240467
0.70132083 -0.19248691 -0.68636578 0.15989107 0.98079646 -0.11168322
0.69969261 -0.11941915 -0.70439285 0.07767630 0.99280256 -0.09115665
0.39054495 -0.30308244 -0.86926156 -0.52492273 0.70238680 -0.48073792
0.76435131 -0.12838677 -0.63188922 0.10234423 0.99171013 -0.07769636
0.67350769 -0.18832290 -0.71478802 0.19704220 0.97775185 -0.07194246
0.59128243 -0.11522283 -0.79819095 -0.12670070 0.96417779 -0.23304100
0.64222926 -0.09714896 -0.76033133 0.08405180 0.99487972 -0.05612160
0.43956238 -0.26591206 -0.85794860 -0.61946648 0.60192078 -0.50393718
0.31492308 -0.36848339 -0.87466764 -0.64461517 0.59336483 -0.48206791
0.62226284 -0.08943708 -0.77768248 0.07492907 0.99569547 -0.05455505
0.62537980 -0.08456120 -0.77572525 -0.21656854 0.93624806 -0.27665445
0.63723415 -0.05821729 -0.76846826 0.08977705 0.99596137 -0.00100611
0.45197165 -0.24416769 -0.85796499 -0.54436803 0.68645233 -0.48212734
0.43498516 -0.25293812 -0.86418188 -0.61995214 0.61190647 -0.49115163
0.57367295 -0.10260313 -0.81263274 -0.40385851 0.82771003 -0.38960814
0.61001879 0.06814818 -0.78945106 -0.00490560 0.99660057 0.08223940
0.43705919 -0.23309171 -0.86870456 -0.55605239 0.68912405 -0.46466535
0.46253854 -0.21604031 -0.85987484 -0.59314549 0.64544499 -0.48122686
0.66052759 0.02947578 -0.75022298 -0.51093489 0.74981266 -0.42038864
0.54377747 -0.09394033 -0.83395523 -0.65167654 0.57887000 -0.49012974
0.59689116 0.08432456 -0.79787862 -0.02278797 0.99584222 0.08819892
0.59056556 0.13847786 -0.79501963 0.08642635 0.96864772 0.23292090
0.56005538 -0.08661820 -0.82391459 -0.35759330 0.87182766 -0.33472908
0.61372381 0.06432859 -0.78689581 -0.61540294 0.66334152 -0.42574322
0.55418146 -0.06060810 -0.83018649 -0.63139921 0.61929834 -0.46669543
0.62146211 0.07562586 -0.77978563 -0.13803649 0.99032873 -0.01396537
0.65841091 0.10972615 -0.74461758 -0.03441763 0.99267071 0.11584603
0.57270032 0.14864558 -0.80617547 -0.03541730 0.98699117 0.15682486
0.61660856 -0.04312806 -0.78608769 -0.02645514 0.99679935 -0.07544004
0.55275947 0.01536940 -0.83319914 -0.41126409 0.87462199 -0.25670657
0.65420806 0.22731155 -0.72134691 -0.69489938 0.55713773 -0.45465636
0.60988802 0.10973845 -0.78485286 -0.69540209 0.54907703 -0.46360594
0.55232847 0.01586208 -0.83347571 -0.40439534 0.87939662 -0.25124907
0.61014146 0.11130539 -0.78443509 -0.69661379 0.54702276 -0.46421486
0.60039169 0.04161994 -0.79862237 -0.07987527 0.99677193 -0.00810252
0.59285563 0.13357666 -0.79415339 -0.29146031 0.95488489 -0.05697080
0.54860610 0.18865091 -0.81451964 -0.11265556 0.98200649 0.15156525
0.61173278 0.20415267 -0.76426739 -0.05003400 0.97417617 0.22017588
0.66019493 -0.04904929 -0.74949110 0.05398064 0.99838352 -0.01778840
0.65460837 -0.04708356 -0.75450057 -0.04700253 0.99359268 -0.10278340
0.60688686 0.04772430 -0.79335409 -0.14996140 0.98714226 -0.05533334
0.64649236 0.20773420 -0.73409414 -0.67753875 0.59864110 -0.42728224
0.63839960 0.18819565 -0.74634331 -0.67016822 0.61282408 -0.41871381
0.62212962 0.22540011 -0.74976635 -0.43291536 0.89697421 -0.08956307
0.54769605 0.22793886 -0.80502981 -0.13765198 0.97361195 0.18202129
0.56195074 0.23927316 -0.79180795 -0.11464088 0.97053933 0.21192195
0.54279792 0.28094301 -0.79148060 0.14678456 0.89615411 0.41876268
0.67726791 -0.04603978 -0.73429459 0.06733713 0.99773020 -0.00044940
0.60650724 0.02732104 -0.79460841 0.21463189 0.95667940 0.19671738
0.52588433 0.11162164 -0.84320003 -0.24800326 0.96839726 -0.02647877
0.61694694 0.21796998 -0.75621796 -0.44638401 0.88828343 -0.10813826
0.67039955 0.28092483 -0.68676466 -0.69163328 0.57177830 -0.44126308
0.62455601 0.25084466 -0.73959911 -0.53635895 0.82612371 -0.17273882
0.54694891 0.22752665 -0.80565411 -0.14283337 0.97361064 0.17799176
0.55035371 0.23515652 -0.80113190 -0.15015282 0.97175008 0.18208764
0.55379128 0.24131100 -0.79692173 -0.15123563 0.97031581 0.18871978
0.53598648 0.35721856 -0.76492709 -0.11456697 0.92846376 0.35331225
0.68289357 -0.05512153 -0.72843528 0.21359897 0.96863824 0.12694685
0.61840278 0.24657714 -0.74617541 -0.43496329 0.89819443 -0.06366910
0.68883365 0.31904322 -0.65093756 -0.54743361 0.81757116 -0.17858888
0.67857850 0.34703332 -0.64737868 -0.71809024 0.49883735 -0.48529145
0.68370932 0.41028726 -0.60349482 -0.69631755 0.61424595 -0.37127334
0.61263674 0.29372013 -0.73376065 -0.43297109 0.90140754 -0.00067106
0.28810203 0.20004462 -0.93647182 -0.25254688 0.95918703 0.12720186
0.55980134 0.23305380 -0.79517823 -0.15561987 0.97212738 0.17535920
0.55483121 0.23458605 -0.79820532 -0.16514233 0.97138667 0.17069247
0.46585426 0.49173680 -0.73564583 -0.19318064 0.86783308 0.45776305
-0.44627249 -0.48068517 0.75483954 -0.19772857 -0.76968163 -0.60703683
-0.78833348 0.15125915 0.59636492 -0.41943407 -0.84127587 -0.34107178
0.62385994 0.27480933 -0.73162740 -0.52727890 0.83898312 -0.13447797
0.67254144 0.31236044 -0.67090917 -0.73358893 0.40099961 -0.54867715
0.68336809 0.41832015 -0.59834468 -0.72430265 0.49131054 -0.48373508
0.61402476 0.30284211 -0.72887605 -0.48295349 0.87456596 -0.04347792
0.52456230 0.21920639 -0.82266825 -0.17475626 0.97343290 0.14794806
0.41340792 0.51082677 -0.75375724 -0.18508849 0.85766947 0.47973466
-0.81798631 0.21090986 0.53517801 -0.52238220 -0.66191632 -0.53757203
0.56857133 0.25203452 -0.78307432 -0.54772168 0.82621944 -0.13176657
0.68588853 0.49802148 -0.53059548 -0.69581515 0.66231763 -0.27780706
0.77156591 0.26256606 -0.57943523 -0.28263304 0.95750117 0.05753408
0.54593480 0.21912925 -0.80866414 -0.17254066 0.97390771 0.14742303
0.50742382 0.21658278 -0.83403420 -0.13313691 0.97598046 0.17244343
-0.25068963 -0.80487913 0.53788871 -0.13194713 -0.52203715 -0.84265488
-0.76741999 0.14034043 0.62559658 -0.54332608 -0.66038263 -0.51835465
-0.82630545 0.23140505 0.51348913 -0.50967300 -0.69521296 -0.50686526
0.54249054 0.24594462 -0.80325294 -0.31018028 0.94725901 0.08055173
0.68663341 0.49618208 -0.53135484 -0.70683038 0.62660742 -0.32825899
0.39531893 0.18170318 -0.90039271 -0.24056211 0.96650553 0.08942582
0.13123137 0.02993661 -0.99089968 0.08934250 0.99511945 0.04189631
-0.27860728 -0.84400010 0.45830327 0.01729652 -0.48152992 -0.87625897
0.39229995 0.74249566 -0.54295576 -0.16235174 0.63689834 0.75365943
-0.75331199 0.11244130 0.64798003 -0.56074715 -0.62462759 -0.54351002
0.74194688 -0.15008982 -0.65344310 0.42866936 0.85558212 0.29021001
-0.86023247 0.33852768 0.38131231 -0.50135213 -0.69790804 -0.51143962
0.68692851 0.49322459 -0.53372163 -0.70243585 0.63892025 -0.31363171
0.60812360 0.16974460 -0.77548206 -0.16896121 0.98216486 0.08248788
0.44181710 0.11877640 -0.88920742 -0.09485732 0.99182516 0.08535223
-0.28873438 -0.85315186 0.43447027 0.04149527 -0.46452281 -0.88458848
0.46374226 0.68934733 -0.55654591 -0.09297433 0.66257352 0.74320400
-0.72645450 0.08867919 0.68146896 -0.56844753 -0.63478613 -0.52336788
-0.86140335 0.32900229 0.38696492 -0.49626836 -0.70742536 -0.50325656
-0.86370414 0.32714826 0.38339171 -0.49533537 -0.69143760 -0.52588677
0.72724915 0.50108951 -0.46906075 -0.66272044 0.69049251 -0.28986502
0.68297172 0.47858447 -0.55182123 -0.69568133 0.65646809 -0.29168007
0.61485332 0.14273344 -0.77561754 -0.06041317 0.98912024 0.13413219
0.00579494 0.02808041 -0.99958891 -0.02571577 0.99927926 0.02792262
0.37989965 0.04420670 -0.92397076 -0.01930553 0.99901879 0.03985966
0.46743912 0.67619532 -0.56943887 -0.15918574 0.69799709 0.69818342
-0.52434111 -0.63242757 0.57017708 -0.34452417 -0.45478383 -0.82126415
-0.69133693 0.02782688 0.72199655 -0.58201140 -0.61358202 -0.53364778
-0.85546792 0.30219820 0.42053655 -0.48349708 -0.75696182 -0.43959004
-0.86448902 0.32303548 0.38510635 -0.49438959 -0.68478334 -0.53539783
0.73911220 0.49720094 -0.45442766 -0.65110749 0.70018572 -0.29291481
-0.46414784 -0.17685418 0.86792243 -0.31571525 -0.88247478 -0.34865773
0.53864413 0.14013083 -0.83079833 -0.16547881 0.98446119 0.05876177
0.04463631 0.00859758 -0.99896634 -0.04128105 0.99912477 0.00675440
-0.78319103 -0.41315532 0.46466619 -0.20092052 -0.53905988 -0.81795198
-0.68208319 0.02181694 0.73094904 -0.59473366 -0.59815818 -0.53712076
-0.62186193 -0.04942167 0.78156596 -0.46288896 -0.78181016 -0.41774002
0.88298261 -0.33162850 -0.33221108 0.38544562 0.91615993 0.10992111
0.79962224 0.47535631 -0.36693424 -0.58951724 0.73774534 -0.32893953
0.52990037 0.14036192 -0.83636367 -0.16168305 0.98483992 0.06284123
-0.34028426 -0.04918619 -0.93903530 -0.10425337 0.99444783 -0.01430972
-0.56522048 -0.12926991 0.81474853 -0.51051021 -0.72099668 -0.46855429
-0.61493516 -0.07560931 0.78494459 -0.59245586 -0.61262727 -0.52314806
0.60519713 0.09083907 -0.79087591 0.18665065 0.94958371 0.25189760
-0.94588953 0.23850523 0.22001886 -0.31557363 -0.83399212 -0.45262623
0.86961246 0.41710523 -0.26419225 -0.48522654 0.82089478 -0.30114263
0.55122221 0.14271824 -0.82206184 -0.16919915 0.98391116 0.05736277
-0.57625389 -0.11729465 0.80880988 -0.49003559 -0.74242532 -0.45680380
-0.56105590 -0.15098336 0.81389213 -0.60303336 -0.59900784 -0.52682114
-0.51169783 -0.18639633 0.83870250 -0.38563889 -0.82249391 -0.41807482
0.64226258 0.07260551 -0.76303816 -0.04036631 0.99732602 0.06092172
0.84817237 -0.08880085 -0.52222413 0.18072596 0.97520822 0.12769890
-0.99963522 -0.02432579 0.01173406 0.01924841 -0.94644755 -0.32228324
0.87741929 0.36512011 -0.31116340 -0.34054178 0.93090767 0.13206938
0.54901838 0.14894485 -0.82243192 -0.17282374 0.98295844 0.06264734
-0.60953587 -0.09031057 0.78759772 -0.54713315 -0.67101878 -0.50037897
-0.52552599 -0.18873094 0.82958007 -0.51116157 -0.70942688 -0.48520866
-0.42910764 -0.25021064 0.86790633 -0.43758044 -0.78299975 -0.44208002
0.61317396 0.04716475 -0.78853869 -0.02317422 0.99886036 0.04172423
0.56902641 0.13364072 -0.81138718 -0.15422940 0.98654038 0.05432838
0.69856340 -0.07381274 -0.71173090 0.09159321 0.99570686 -0.01336485
0.84301573 -0.01600836 -0.53765059 0.10222226 0.98610890 0.13091958
-0.99916798 -0.03791388 0.01502725 0.03137753 -0.95002079 -0.31060585
-0.99230933 -0.01408434 -0.12297931 0.05083937 -0.95221585 -0.30116490
0.82502306 0.32915890 -0.45933798 -0.46843642 0.85300559 -0.23010598
-0.52117020 -0.19629180 0.83057284 -0.53642416 -0.68158978 -0.49767911
-0.40345421 -0.31620410 0.85862660 -0.50522405 -0.70538849 -0.49716777
0.45301840 0.25841972 -0.85322541 0.13614604 0.92578566 0.35268283
0.63770819 0.06553936 -0.76748478 -0.10221094 0.99476278 0.00002002
0.56797481 0.12887886 -0.81289291 -0.19146767 0.98125696 0.02179191
0.55749637 0.15751824 -0.81509864 -0.16930683 0.98277223 0.07412183
0.65924895 -0.06732505 -0.74890476 0.19868784 0.97618079 0.08714504
0.65935445 0.04446521 -0.75051630 -0.10661757 0.99369109 -0.03479483
-0.99731576 -0.06078106 0.04082775 0.05279619 -0.98329747 -0.17418021
-0.99785161 -0.06434517 -0.01232518 0.06544724 -0.98757327 -0.14288384
0.93735415 0.25900966 -0.23298357 -0.29413706 0.94676119 -0.13086872
-0.44341218 -0.28168839 0.85090381 -0.56857443 -0.64548451 -0.50997341
-0.38803527 -0.36107579 0.84796989 -0.50086206 -0.68972635 -0.52289075
0.44508246 0.26831648 -0.85434645 0.09502576 0.93451667 0.34299961
0.66473502 0.07593197 -0.74321038 -0.12901095 0.99154317 -0.01408521
0.59459490 0.08099973 -0.79993498 -0.16617501 0.98581153 -0.02369734
0.58425564 0.12197819 -0.80235076 -0.22918908 0.97319770 -0.01893950
0.57853603 0.14822266 -0.80207616 -0.20692669 0.97785085 0.03144977
0.52695149 0.14512733 -0.83741283 -0.17561972 0.98264104 0.05978529
0.63742286 0.06551018 -0.76772428 -0.12863384 0.99144363 -0.02220135
0.79400998 0.05461997 -0.60544604 -0.09753472 0.99449903 -0.03819335
0.89671862 0.05925229 -0.43861717 -0.06350979 0.99796885 0.00497364
-0.99657571 -0.05107778 -0.06502235 0.05686555 -0.99426997 -0.09051844
0.98667723 0.06854242 -0.14754672 -0.06228599 0.99696898 0.04661904
0.95424598 0.23755756 -0.18160684 -0.27970868 0.92386436 -0.26122344
0.92901140 0.21485056 -0.30129242 -0.25631002 0.96086103 -0.10512511
-0.35941371 -0.38698572 0.84915477 -0.49402604 -0.69307780 -0.52495849
-0.34772640 -0.28801197 0.89226425 -0.28913313 -0.87233227 -0.39425689
0.51642549 0.20053780 -0.83251989 -0.14911412 0.97839904 0.14317937
0.63692605 0.10181216 -0.76417243 -0.16977665 0.98542964 -0.01021554
0.57798588 0.08618332 -0.81148303 -0.14201309 0.98985684 0.00397741
0.57389045 0.07962254 -0.81505221 -0.18113320 0.98295355 -0.03151375
0.56561744 0.14076728 -0.81256485 -0.19131999 0.98083979 0.03674322
0.56358153 0.15579376 -0.81123626 -0.18365651 0.98110670 0.06082677
0.78005224 0.07656936 -0.62101185 -0.14726894 0.98707014 -0.06328080
0.97383368 0.06527366 0.21768625 -0.07895260 0.99537462 0.05473449
0.99557793 0.09351699 -0.00889797 -0.09288093 0.96575618 -0.24225648
0.88382083 0.10737658 -0.45533621 -0.17439540 0.97876865 -0.10769505
-0.97722548 -0.21162094 -0.01571349 0.21192801 -0.97704947 -0.02146876
-0.30773485 -0.43120953 0.84814948 -0.53913909 -0.65546441 -0.52886242
-0.32040328 -0.40353885 0.85702866 -0.46595335 -0.72057003 -0.51348460
0.44690287 0.21449813 -0.86848629 -0.07403997 0.97636658 0.20304307
0.62941241 0.12800755 -0.76645559 -0.19595221 0.98060930 0.00285812
0.23774385 0.05394099 -0.96982902 -0.08698913 0.99562716 0.03405133
0.56040341 0.09098769 -0.82320672 -0.20253272 0.97882539 -0.02968751
0.57417160 0.14036372 -0.80661339 -0.17946948 0.98281133 0.04327331
0.59283864 0.14346881 -0.79243875 -0.19223890 0.98076773 0.03374765
0.55258936 0.15203565 -0.81946951 -0.18816367 0.98059392 0.05504538
0.90532798 0.17252947 -0.38809144 -0.26117760 0.94672871 -0.18839057
0.96717209 0.07369285 0.24320261 -0.10889149 0.98489773 0.13460749
0.98491895 0.17089127 0.02703460 -0.17108168 0.98524481 0.00487736
-0.37369806 -0.37713337 0.84741980 -0.37866703 -0.77198064 -0.51054609
-0.29066902 -0.42914611 0.85518724 -0.48515165 -0.70426220 -0.51830751
0.35862264 0.19917695 -0.91198599 -0.00761237 0.97756308 0.21050550
0.69040507 0.14066225 -0.70961612 -0.26107213 0.96325713 -0.06306450
0.58150667 0.12138092 -0.80443561 -0.21157679 0.97734612 -0.00547235
0.53063989 0.09245329 -0.84254009 -0.29945359 0.95037836 -0.08431222
0.56247944 0.14005506 -0.81486291 -0.18412982 0.98201764 0.04168468
0.54287833 0.13308187 -0.82919985 -0.17455652 0.98368168 0.04359293
0.55598706 0.15173690 -0.81722361 -0.21195182 0.97657472 0.03712567
0.38702852 0.13960958 -0.91143739 -0.14175540 0.98572904 0.09079485
0.91642493 0.18272826 -0.35605583 -0.26689059 0.94199747 -0.20349516
0.97570115 0.21571317 -0.03840802 -0.21697278 0.92684203 -0.30640936
-0.98678619 -0.15541659 -0.04581252 0.15951946 -0.98142755 -0.10655325
-0.25814199 -0.44234237 0.85889226 -0.09365615 -0.87337893 -0.47795174
-0.26088369 -0.45035407 0.85388583 -0.48869637 -0.70119709 -0.51913255
0.41428280 0.14146280 -0.89908737 -0.15343267 0.98456419 0.08421284
-0.18616197 -0.49237487 0.85024160 -0.27163151 -0.80584860 -0.52614111
0.64494801 0.14542423 -0.75026256 -0.19073778 0.98129028 0.02624071
0.48892108 0.12734245 -0.86298323 -0.00698506 0.98982733 0.14210230
0.60598195 0.13257709 -0.78435272 -0.19583571 0.98053050 0.01443606
0.51642478 0.13379171 -0.84581637 -0.17833325 0.98286676 0.04658658
0.55688822 0.13589771 -0.81939453 -0.19134134 0.98098022 0.03265488
0.52140480 0.12912883 -0.84348255 -0.16089685 0.98563033 0.05143069
0.55024427 0.14698194 -0.82196575 -0.18704173 0.98106742 0.05022173
0.39248779 0.13971673 -0.90908331 -0.17601696 0.98153669 0.07485849
0.86500585 0.44435793 -0.23304717 -0.50176030 0.76721311 -0.39952567
0.96829963 0.24949254 -0.01222159 -0.24160334 0.92301166 -0.29946178
-0.98492533 -0.16314915 0.05748448 0.14629067 -0.96296036 -0.22650930
-0.16988908 -0.51164979 0.84223050 -0.42397496 -0.73356473 -0.53115731
0.58165985 0.15627638 -0.79827917 -0.19002715 0.98032266 0.05345263
-0.11623634 -0.53881246 0.83436817 -0.35930067 -0.76035738 -0.54107279
0.68619961 0.16342929 -0.70881665 -0.31518468 0.94501209 -0.08723966
0.58380961 0.13176772 -0.80112654 -0.23126812 0.97285277 -0.00852046
0.58101624 0.13028966 -0.80339575 -0.05473144 0.99112391 0.12115242
0.57293570 0.14572263 -0.80654180 -0.19565839 0.97993320 0.03806221
0.57245320 0.13478613 -0.80878311 -0.20897482 0.97780532 0.01504272
0.55199021 0.12707338 -0.82411122 -0.21091217 0.97745937 0.00944973
0.45660433 0.13755187 -0.87897211 -0.25044683 0.96789455 0.02136655
0.79796958 0.52573502 -0.29469863 -0.60262227 0.68824476 -0.40393761
-0.99105191 -0.13282496 -0.01317916 0.13165337 -0.95646751 -0.26045603
-0.99012935 -0.13763979 -0.02644182 0.14014755 -0.97443366 -0.17560676
-0.24457389 -0.46683684 0.84985119 -0.41463098 -0.74193984 -0.52688372
0.43394059 0.13392222 -0.89093232 -0.17480607 0.98261327 0.06256178
-0.14675516 -0.52902126 0.83582264 -0.38793510 -0.74649799 -0.54059887
-0.26679334 -0.00722361 -0.96372670 0.19976418 0.97784030 -0.06263113
0.60933936 0.14108776 -0.78025627 -0.20748916 0.97812492 0.01482867
0.39623263 0.13952252 -0.90748727 -0.36085612 0.93251354 -0.01418899
0.51515210 0.12074815 -0.84855062 -0.23903477 0.97098619 -0.00694653
0.51349598 0.10627846 -0.85148507 -0.35285911 0.93067318 -0.09663260
0.00125629 0.04175733 -0.99912703 -0.44391915 0.89530838 0.03686016
0.75513828 0.43610713 -0.48946580 -0.63775402 0.66155761 -0.39447600
0.89134640 0.17160898 -0.41958556 -0.06187344 0.96297055 0.26241067
-0.98404288 -0.15454964 0.08817027 0.11902592 -0.94010001 -0.31944457
0.87265652 0.21013381 -0.44081107 -0.17081408 0.97700816 0.12758395
-0.26688904 -0.96364170 0.01284486 -0.24856691 0.05595320 -0.96699733
0.60571766 0.14195010 -0.78291529 -0.26262766 0.96448165 -0.02831716
0.50068080 0.08266289 -0.86167604 -0.41300163 0.89763898 -0.15386353
-0.06250880 0.01283747 -0.99796188 -0.45360202 0.89031231 0.03986472
-0.04261779 0.00456339 -0.99908108 -0.67050034 0.74121934 0.03198710
0.74867970 0.41582105 -0.51630580 -0.64457160 0.63862479 -0.42034018
0.86255509 0.17970625 -0.47297400 -0.07796388 0.97084171 0.22668940
-0.97189277 -0.13066791 0.19583265 0.05909853 -0.94060683 -0.33431447
-0.98292649 -0.10905724 0.14819624 0.03611770 -0.90410745 -0.42577606
0.62068671 0.17790458 -0.76360857 -0.23193945 0.97199064 0.03792501
-0.22837721 0.04013037 -0.97274536 0.21337469 0.97692144 -0.00979260
0.61702180 0.16176674 -0.77014005 -0.39999300 0.90726644 -0.12989697
-0.07796030 0.02569728 -0.99662524 -0.44655922 0.89287525 0.05795394
-0.13045119 -0.05797177 -0.98975843 -0.67519307 0.73621345 0.04586992
0.10523934 -0.02774287 -0.99405986 -0.68095493 0.72647697 -0.09236648
0.74956346 0.42099759 -0.51079905 -0.64458376 0.63975203 -0.41860390
0.73597288 0.30923927 -0.60225832 -0.44919175 0.88861883 -0.09264642
-0.97690898 -0.12976128 0.16973740 0.08362901 -0.96329135 -0.25509983
0.45562336 0.15481633 -0.87660664 -0.22442979 0.97292686 0.05517810
0.68713045 0.18142256 -0.70351803 -0.16302654 0.98212957 0.09404157
-0.31522477 0.02165243 -0.94876999 -0.00577872 0.99967736 0.02473417
0.66879588 0.27828333 -0.68939871 -0.67784417 0.60911566 -0.41171044
0.62591594 0.17353636 -0.76033837 -0.67770767 0.60347146 -0.42016014
-0.13424055 0.00210802 -0.99094653 -0.34935126 0.93569314 0.04931605
-0.48246431 -0.13693309 -0.86514598 -0.45125911 0.88539815 0.11151427
-0.01783572 0.02234371 -0.99959123 -0.58403146 0.81122863 0.02855415
0.09852385 -0.03667704 -0.99445856 -0.64103490 0.76202440 -0.09161370
0.71559781 0.43388101 -0.54741859 -0.69116503 0.55318850 -0.46505210
0.68931401 0.27584678 -0.66989160 -0.50929195 0.84213525 -0.17728512
-0.93587565 0.01336147 0.35207719 -0.14495453 -0.92539364 -0.35019249
-0.16719866 0.01420461 -0.98582089 0.05775685 0.99832016 0.00458895
0.69292259 0.35712108 -0.62635684 -0.70145750 0.53484738 -0.47105816
0.65941000 0.25797954 -0.70613390 -0.70295399 0.54457659 -0.45748445
0.61342776 0.15005824 -0.77536380 -0.71129727 0.53158492 -0.45986268
-0.00894909 -0.03831604 -0.99922568 -0.76541138 0.64329481 -0.01781257
0.20324850 -0.00448658 -0.97911698 -0.72269744 0.67399281 -0.15310846
0.09922571 -0.07467337 -0.99225914 -0.79365152 0.59556323 -0.12418465
0.69496834 0.32563177 -0.64107955 -0.56630683 0.79727012 -0.20894265
-0.93273795 0.02185915 0.35989189 -0.17581007 -0.89902955 -0.40104458
-0.11864385 0.01111486 -0.99287468 0.05002028 0.99873465 0.00520327
-0.43310061 -0.02805163 -0.90090901 -0.24783330 0.96469635 0.08910495
0.66472816 0.29272407 -0.68734944 -0.72386813 0.47994483 -0.49564910
0.53995359 0.00268403 -0.84169054 -0.77572191 0.38968086 -0.49639130
0.61402553 0.15043788 -0.77481681 -0.71600968 0.51923794 -0.46660721
0.14876479 -0.02803216 -0.98847520 -0.71193314 0.69071692 -0.12673345
0.19125837 -0.04907075 -0.98031235 -0.72066045 0.67104864 -0.17419060
0.67071605 0.28632289 -0.68422168 -0.63471168 0.69886971 -0.32973069
-0.88373268 -0.01167879 0.46784633 -0.25543249 -0.82561409 -0.50310588
0.01515887 0.01959563 -0.99969310 0.00069458 0.99980754 0.01960841
0.65123808 0.27169362 -0.70857018 -0.74994308 0.37323704 -0.54614979
0.59098554 0.11887537 -0.79787517 -0.63338816 0.68089139 -0.36770418
0.64845926 0.25174245 -0.71841937 -0.74998295 0.37303442 -0.54623348
0.51815778 0.00200368 -0.85528278 -0.73681557 0.50882691 -0.44519445
0.38871104 -0.02186325 -0.92110026 -0.73424542 0.59657073 -0.32401714
0.35382718 -0.07427613 -0.93235689 -0.78079093 0.52536857 -0.33816168
-0.90005523 0.01236022 0.43560067 -0.19939290 -0.90050280 -0.38644159
-0.23692474 -0.02077592 -0.97130585 -0.25918502 0.96488851 0.04258276
0.64982927 0.28489566 -0.70466769 -0.75990069 0.22335875 -0.61046040
0.52183354 0.01869094 -0.85284257 -0.81290179 0.31398615 -0.49051344
0.50470626 -0.02521288 -0.86292291 -0.77739137 0.42140254 -0.46699315
0.35360932 -0.07380512 -0.93247700 -0.77932990 0.52806592 -0.33732980
-0.91128129 0.02156742 0.41121924 -0.19145055 -0.90632331 -0.37672907
0.85802555 0.00494618 -0.51358324 0.18446757 0.93026471 0.31714261
-0.91794884 0.04121396 0.39455217 -0.27555701 -0.78172398 -0.55944264
0.71031618 0.09280535 -0.69773787 -0.01760289 0.99330205 0.11419776
-0.86912656 -0.00333598 0.49457848 -0.31858960 -0.76110637 -0.56499368
0.85304093 -0.01686365 -0.52157158 0.24057540 0.89963984 0.36437854
-0.86577082 -0.01586868 0.50018913 -0.31062278 -0.76661515 -0.56197405
0.68532896 0.10077912 -0.72122663 -0.04118186 0.99415654 0.09978432
-0.79934537 -0.08588178 0.59470278 -0.34087667 -0.75023991 -0.56651860
0.65841001 0.10628478 -0.74511737 0.04742118 0.98215455 0.18199906
0.44704753 0.10162436 -0.88871878 -0.38071477 0.92066300 -0.08623176
-0.89312822 0.12306641 0.43263921 -0.41294378 -0.60565996 -0.68018627
0.66765034 0.10453426 -0.73709947 0.00936168 0.98883587 0.14871472
0.54206526 0.14968091 -0.82689834 -0.48157501 0.86173058 -0.15970580
0.74465078 0.06833287 -0.66394728 0.31624869 0.83987653 0.44112846
-0.77200788 -0.06739753 0.63202965 -0.38917601 -0.73605847 -0.55385917
0.69820279 0.09063984 -0.71013892 0.20298710 0.92617816 0.31778970
0.56978416 0.15306625 -0.80741364 -0.20764945 0.97743505 0.03876197
0.75743341 0.05559263 -0.65054142 0.31829914 0.83850825 0.44225511
-0.68909913 -0.12944722 0.71301180 -0.42270654 -0.72738272 -0.54058629
0.58115500 0.15912858 -0.79808336 -0.21427971 0.97601062 0.03856921
0.65878892 0.13769254 -0.73962021 0.12097175 0.95092851 0.28478208
-0.69862074 -0.11629317 0.70597810 -0.40619847 -0.74781084 -0.52514935
-0.72897172 -0.07988191 0.67986703 -0.38843948 -0.76951700 -0.50691068
-0.69637907 -0.10948175 0.70927429 -0.36843550 -0.79358321 -0.48423249
-0.60348362 -0.19304399 0.77365476 -0.41426805 -0.75312179 -0.51106721
-0.55683130 -0.23450778 0.79683441 -0.47873062 -0.69335127 -0.53859174
-0.75010020 -0.02368224 0.66090012 -0.46859160 -0.68615937 -0.55642360
-0.58096939 -0.20693161 0.78718102 -0.40803069 -0.76278865 -0.50166154
