-0.56396037 -0.06550029 0.82320011 -0.02570751 0.99775881 0.06177777
-0.56581873 -0.06450196 0.82200289 -0.05926184 0.99753851 0.03748371
-0.51944387 -0.06346031 0.85214490 -0.04547215 0.99787843 0.04659470
-0.56325573 -0.07086971 0.82323778 -0.06159520 0.99714422 0.04369755
-0.52969873 -0.06567050 0.84563982 -0.05576440 0.99753749 0.04253639
-0.60158134 -0.07354599 0.79541874 -0.06556578 0.99693888 0.04259104
-0.50882745 -0.06865181 0.85812682 -0.10264149 0.99454260 0.01870393
-0.31571540 -0.05319006 0.94736195 -0.08011389 0.99635673 0.02924234
-0.58571780 -0.07586277 0.80695689 -0.09382291 0.99526322 0.02546563
-0.61082447 -0.07795025 0.78791958 -0.11896192 0.99288070 0.00600372
-0.47537285 -0.06881098 0.87708938 -0.10877192 0.99388480 0.01902081
-0.38382220 -0.05928016 0.92150229 -0.09886598 0.99483913 0.02281847
-0.59740287 -0.07712878 0.79822373 -0.09222133 0.99536812 0.02715811
-0.56045550 -0.07625768 0.82466632 -0.10499811 0.99425948 0.02058183
-0.49424699 -0.07202316 0.86633289 -0.12591514 0.99198401 0.01063406
-0.48976561 -0.07005414 0.86903518 -0.11962371 0.99273926 0.01260930
-0.39920479 -0.06384666 0.91463608 -0.12217785 0.99238014 0.01594751
-0.59911197 -0.07991543 0.79666710 -0.09299066 0.99521792 0.02990139
-0.53424335 -0.07671457 0.84184265 -0.09768441 0.99480462 0.02866183
-0.52544904 -0.07299716 0.84768784 -0.11338671 0.99343371 0.01526378
-0.45103100 -0.07056493 0.88971436 -0.13486449 0.99081141 0.01021503
-0.50837553 -0.07213821 0.85810870 -0.09612362 0.99501121 0.02669993
-0.16339295 0.98645633 -0.01437846 0.11390050 0.00438519 -0.99348247
-0.57110429 -0.07820667 0.81714356 -0.09349784 0.99517047 0.02989922
-0.52051431 -0.07348604 0.85068482 -0.09890128 0.99477261 0.02541759
-0.42731276 -0.06833541 0.90151769 -0.14600226 0.98926735 0.00578286
-0.52647769 -0.07419496 0.84694535 -0.09740266 0.99488938 0.02660790
-0.46850693 -0.06729855 0.88089287 -0.10858081 0.99392128 0.01818452
-0.39275160 -0.05904531 0.91774714 -0.13733450 0.99051243 0.00495426
-0.59094781 -0.07684976 0.80304098 -0.09558338 0.99511015 0.02489186
-0.43046683 0.89487147 -0.11791251 0.36557275 0.05341198 -0.92924905
-0.52438301 -0.07439480 0.84822637 -0.09880673 0.99476266 0.02616354
-0.46753323 -0.06872011 0.88130033 -0.10888233 0.99385881 0.01973443
-0.41615561 -0.06329590 0.90708774 -0.11046811 0.99370450 0.01865917
-0.42872250 -0.06513209 0.90108544 -0.14322102 0.98968494 0.00339388
-0.57088405 -0.07424066 0.81766731 -0.11096850 0.99374217 0.01275083
-0.54970539 -0.07441425 0.83203751 -0.11639717 0.99313122 0.01192130
-0.47351137 -0.06982845 0.87801534 -0.10843942 0.99389040 0.02056288
-0.43614960 -0.06287321 0.89767510 -0.12584104 0.99201536 0.00833897
-0.35337314 -0.05546999 0.93383646 -0.13057335 0.99139333 0.00947861
-0.33383632 -0.04949003 0.94133103 -0.15516186 0.98788428 -0.00308951
-0.56967598 -0.07317660 0.81860524 -0.11011712 0.99384362 0.01220983
-0.54492736 -0.07283971 0.83531344 -0.11371228 0.99343574 0.01244639
-0.31796300 -0.05357303 0.94658834 -0.04575748 0.99810600 0.04111860
-0.39605838 -0.05806284 0.91638780 -0.12687247 0.99188673 0.00801282
-0.30744818 -0.04537823 0.95048225 -0.13111642 0.99135476 0.00491796
-0.36982280 -0.05463861 0.92749435 -0.11593358 0.99318105 0.01228163
-0.61145627 -0.07499768 0.78771609 -0.13275707 0.99111056 -0.00868860
-0.54316705 -0.07068673 0.83664387 -0.14024504 0.99008918 -0.00739899
-0.46767253 -0.05703927 0.88205951 -0.16495703 0.98601598 -0.02369934
-0.48784459 -0.06422933 0.87056434 -0.14202313 0.98984164 -0.00655707
-0.35991165 -0.05310490 0.93147385 -0.13900191 0.99028832 0.00274913
-0.29706007 -0.04211247 0.95392972 -0.13430285 0.99093848 0.00192347
-0.31167004 -0.04595924 0.94907826 -0.12829319 0.99171877 0.00589361
-0.56542957 -0.07313926 0.82154739 -0.14347744 0.98959631 -0.01064825
-0.52034539 -0.06786944 0.85125464 -0.14552096 0.98930389 -0.01007648
-0.43295482 -0.04942166 0.90005982 -0.17398192 0.98430258 -0.02964296
-0.42055830 -0.04972451 0.90590191 -0.16751224 0.98558587 -0.02366800
-0.35157567 -0.05239210 0.93469226 -0.14484482 0.98945391 0.00097963
-0.32235771 -0.04811801 0.94539422 -0.14293425 0.98973083 0.00163734
-0.28988671 -0.04310165 0.95608991 -0.12784199 0.99177670 0.00594873
-0.24028353 -0.03421875 0.97009951 -0.13333188 0.99106956 0.00193352
-0.58627063 -0.07570253 0.80657041 -0.16541483 0.98583484 -0.02770703
-0.50914592 -0.06673312 0.85808927 -0.17086837 0.98498213 -0.02478296
-0.42763102 -0.04591012 0.90278679 -0.20675406 0.97720295 -0.04824057
-0.37775773 -0.03877005 0.92509246 -0.17873581 0.98338395 -0.03177303
-0.47936392 -0.05940669 0.87560332 -0.17380145 0.98437220 -0.02836426
-0.33954126 -0.04799400 0.93936592 -0.16061251 0.98698813 -0.00762755
-0.32778066 -0.04870814 0.94349742 -0.13614058 0.99068207 0.00384743
-0.23818086 -0.03417486 0.97061938 -0.14070441 0.99005163 0.00033151
-0.69131452 -0.09262913 0.71659207 -0.17011404 0.98473620 -0.03682298
-0.54388255 -0.07244388 0.83602858 -0.18767901 0.98153168 -0.03704343
-0.54985243 -0.07441300 0.83194059 -0.19236661 0.98053044 -0.03943678
-0.43940726 -0.04719620 0.89704728 -0.22033831 0.97377437 -0.05669690
-0.40054038 -0.04330564 0.91525519 -0.18098329 0.98294258 -0.03269489
-0.51749951 -0.06585485 0.85314560 -0.19833961 0.97911215 -0.04473018
-0.34074736 -0.04267678 0.93918586 -0.16767703 0.98571146 -0.01604423
-0.31272408 -0.04549406 0.94875389 -0.14704363 0.98912948 -0.00103776
-0.22634740 -0.03036521 0.97357327 -0.14460404 0.98948580 -0.00275768
-0.85145265 -0.11282863 0.51215047 -0.05421707 0.99028754 0.12802784
-0.58891344 -0.08097669 0.80412924 -0.20616199 0.97710365 -0.05258974
-0.53178358 -0.07046602 0.84394360 -0.19059591 0.98092532 -0.03819434
-0.43820119 -0.04709378 0.89764249 -0.21996304 0.97388309 -0.05628547
-0.36305478 -0.02459293 0.93144321 -0.22004987 0.97363776 -0.06006330
-0.33170110 -0.02169813 0.94313496 -0.20779768 0.97686183 -0.05060849
-0.49124798 -0.05944033 0.86898929 -0.21852362 0.97417146 -0.05689853
-0.32178158 -0.03796671 0.94605237 -0.17058164 0.98517019 -0.01848350
-0.26568991 -0.03478965 0.96343064 -0.16014564 0.98705661 -0.00852135
-0.23706201 -0.03192003 0.97096997 -0.13654883 0.99063307 -0.00077191
-0.71260917 -0.10701726 0.69335097 -0.19512536 0.97953570 -0.04935582
-0.61301231 -0.08668049 0.78530401 -0.20480885 0.97742033 -0.05198889
-0.56985873 -0.07854229 0.81798053 -0.21135567 0.97594208 -0.05353444
-0.45111018 -0.04813953 0.89116901 -0.24702504 0.96626693 -0.07284800
-0.35448644 -0.01675164 0.93491113 -0.26066828 0.96197379 -0.08159997
-0.29121953 -0.01630999 0.95651722 -0.20379551 0.97796160 -0.04537157
-0.51654637 -0.06474834 0.85380769 -0.23631877 0.96918887 -0.06947259
-0.26291898 -0.03177996 0.96429443 -0.16295004 0.98656237 -0.01191518
-0.21224689 -0.02352112 0.97693294 -0.14503594 0.98939657 -0.00768908
-0.76187450 -0.12569301 0.63541210 -0.24355458 0.96459109 -0.10121877
-0.59877789 -0.07884274 0.79702502 -0.24773946 0.96457165 -0.09070160
-0.64146096 -0.09350692 0.76143569 -0.24292745 0.96622521 -0.08599506
-0.56416965 -0.07648493 0.82210863 -0.23273066 0.97005749 -0.06946139
-0.38528526 -0.01982685 0.92258453 -0.26871547 0.95885301 -0.09161336
-0.50158066 -0.06042659 0.86299801 -0.25856394 0.96243125 -0.08289035
-0.31220227 -0.00461649 0.95000446 -0.26073539 0.96200532 -0.08101130
-0.27632794 -0.01272757 0.96097916 -0.20554599 0.97755837 -0.04615725
-0.28005734 -0.03302328 0.95941514 -0.15716890 0.98750019 -0.01188829
-0.19319627 -0.01752233 0.98100370 -0.14818192 0.98889309 -0.01151930
-0.20987152 -0.01709818 0.97757947 -0.16876112 0.98547399 -0.01899420
-0.73438025 -0.11670750 0.66862923 -0.24124058 0.96566468 -0.09640921
-0.60943961 -0.08859227 0.78786731 -0.26014003 0.96106642 -0.09315855
-0.40007359 -0.01988939 0.91626722 -0.29658920 0.94877523 -0.10890596
-0.52588302 -0.06620255 0.84797662 -0.28092021 0.95453918 -0.09969407
-0.36143374 -0.02075353 0.93216681 -0.28795913 0.95336390 -0.09042639
-0.29937360 0.94872099 -0.10150892 0.30139533 -0.00691072 -0.95347422
-0.27712572 -0.00264650 0.96083003 -0.22745906 0.97175229 -0.06292788
-0.16731310 0.98434120 -0.05548619 0.17862932 -0.02508176 -0.98359674
-0.21401818 -0.01550250 0.97670668 -0.16666193 0.98579317 -0.02087262
-0.67145294 -0.10027858 0.73423105 -0.32119662 0.93227762 -0.16640668
-0.60756159 -0.09132739 0.78900456 -0.26377776 0.96018839 -0.09197628
-0.38876709 -0.01681348 0.92118263 -0.31170920 0.94327366 -0.11433405
-0.47650149 -0.04877482 0.87781972 -0.31019661 0.94357449 -0.11595376
-0.56977504 -0.08073392 0.81782544 -0.27871761 0.95516419 -0.09988952
-0.51206583 -0.05769180 0.85700667 -0.30798876 0.94372874 -0.12049510
-0.24463613 0.96574581 -0.08653471 0.27159080 -0.01742440 -0.96225506
-0.27698040 -0.00196538 0.96087360 -0.22673815 0.97189188 -0.06337138
-0.77838320 -0.15443303 0.60849822 -0.29281539 0.94669014 -0.13430165
-0.70084572 -0.12179402 0.70283818 -0.30705038 0.94086748 -0.14313802
-0.62938786 -0.09869549 0.77079839 -0.29429269 0.94829297 -0.11887936
-0.39858553 -0.01644115 0.91698384 -0.32543769 0.93731111 -0.12465244
-0.56849623 -0.07922009 0.81886280 -0.32489792 0.93606400 -0.13500208
-0.52639657 -0.06221091 0.84796023 -0.31919736 0.93882978 -0.12927367
-0.73140228 -0.14358759 0.66665828 -0.36608368 0.90745258 -0.20618585
-0.70916849 -0.13215117 0.69254333 -0.30182785 0.94461900 -0.12882125
-0.62677217 -0.10001010 0.77275783 -0.32469577 0.93504614 -0.14234239
-0.39546603 -0.01525063 0.91835397 -0.33846009 0.93191934 -0.13027342
-0.60200387 -0.09110773 0.79327852 -0.33766177 0.92931712 -0.14951333
-0.49989060 -0.04316436 0.86501235 -0.37002251 0.91366154 -0.16824397
-0.78927958 -0.20432530 0.57904142 -0.38792545 0.89691162 -0.21228175
-0.70891547 -0.13808088 0.69164479 -0.37252280 0.90600580 -0.20094867
-0.69341153 -0.12574004 0.70948571 -0.33655313 0.92716545 -0.16460940
-0.66081905 -0.11220392 0.74211085 -0.33088693 0.93104100 -0.15387180
-0.66998273 -0.11969205 0.73266429 -0.33017898 0.93197548 -0.14967856
-0.61137480 -0.09428401 0.78570443 -0.33545193 0.93013412 -0.14940746
-0.44832847 -0.03236588 0.89328277 -0.36225042 0.92018020 -0.14846894
-0.35838383 0.92520577 -0.12472115 0.34210259 0.00584789 -0.93964440
-0.59203994 -0.08579204 0.80132920 -0.35863891 0.91848278 -0.16663572
-0.52517688 -0.04809216 0.84963316 -0.37171778 0.91108286 -0.17819647
-0.51093358 -0.06323555 0.85729116 -0.37593347 0.91330403 -0.15668395
-0.73720294 -0.16416402 0.65542507 -0.39285678 0.89335859 -0.21811467
-0.72744882 -0.15952776 0.66735989 -0.41754073 0.87471324 -0.24604186
-0.70830876 -0.14011762 0.69185680 -0.37410715 0.90565395 -0.19958659
-0.71092862 -0.14573218 0.68799907 -0.41227108 0.87892598 -0.23983684
-0.66433746 -0.12035558 0.73767900 -0.33459529 0.93042350 -0.14952648
-0.61364168 -0.09520524 0.78382391 -0.33579460 0.92992532 -0.14993647
-0.39314198 0.90991580 -0.13225955 0.35061309 0.01537906 -0.93639416
-0.38233325 -0.02855677 0.92358315 -0.32010597 0.94172257 -0.10339577
-0.60209829 -0.08746087 0.79361725 -0.37453091 0.90877515 -0.18399569
-0.54827452 -0.05861555 0.83424181 -0.38189346 0.90500808 -0.18739757
-0.42718497 0.89224684 -0.14631680 0.42424619 0.05489349 -0.90388155
-0.22017117 -0.75234443 0.62088853 -0.86326087 0.44665927 0.23510899
-0.72712272 -0.15980422 0.66764903 -0.44472626 0.85052264 -0.28076643
-0.65791434 -0.11139583 0.74480855 -0.37809247 0.90418178 -0.19874954
-0.68164504 -0.14026168 0.71811336 -0.43441093 0.86733270 -0.24294288
-0.64843386 -0.11102340 0.75313169 -0.34812745 0.92305082 -0.16365978
-0.62298965 -0.09598862 0.77631831 -0.38357866 0.90241772 -0.19623873
-0.57300305 -0.07363760 0.81623840 -0.41360548 0.88580233 -0.21043955
-0.71014404 -0.16479753 0.68449789 -0.46603239 0.83877409 -0.28155273
-0.67182946 -0.11696599 0.73141247 -0.43103060 0.86477894 -0.25762391
-0.64704013 -0.10855636 0.75468844 -0.37732843 0.90569639 -0.19322878
-0.65412581 -0.12674202 0.74569166 -0.43263084 0.87136835 -0.23140401
-0.61697352 -0.09457321 0.78128088 -0.40166363 0.89155626 -0.20926973
-0.58079070 -0.07433022 0.81065238 -0.41288722 0.88512599 -0.21465360
-0.51290482 0.85302371 -0.09632917 0.43346983 0.16049713 -0.88676071
-0.61922884 -0.09609753 0.77930802 -0.45852745 0.84993827 -0.25953341
-0.59593868 -0.16287616 0.78633869 -0.47281680 0.86265337 -0.17964795
