-0.11578921 -0.27889758 0.95331478 -0.02225869 0.96025789 0.27822527
-0.35117278 -0.23093525 0.90738451 -0.07283773 0.97290736 0.21942182
-0.36976933 -0.22916257 0.90041947 -0.07908565 0.97335213 0.21524683
-0.30467990 -0.22882406 0.92455918 -0.02694124 0.97239399 0.23178475
0.06738699 -0.30636573 0.94952571 0.15576711 0.94324964 0.29328606
0.12172016 -0.32723716 0.93706995 0.15709348 0.93854165 0.30734548
0.11541174 -0.31719962 0.94131005 0.14688483 0.94267422 0.29965019
0.25687614 -0.35343930 0.89949733 0.24504188 0.92413348 0.29314122
0.25000027 -0.36740461 0.89583135 0.27253908 0.91450447 0.29900527
0.16398960 -0.35151079 0.92170906 0.27342603 0.91394573 0.29990238
0.19140780 -0.36450627 0.91131675 0.32936534 0.89849955 0.29020169
0.18168546 -0.36884326 0.91156191 0.34993204 0.89056122 0.29060006
0.07245576 -0.34643155 0.93527287 0.34766039 0.88769567 0.30187526
-0.01371496 -0.36597845 0.93052226 0.40922883 0.84704745 0.33917904
0.07305290 -0.37388664 0.92459291 0.44865739 0.84028584 0.30434573
0.20794687 -0.40998355 0.88807189 0.43709600 0.85117453 0.29060122
0.21561645 -0.40115002 0.89027429 0.42969838 0.85767895 0.28239372
0.37380648 -0.45492560 0.80827683 0.51399386 0.82700461 0.22775784
0.49566832 -0.50659466 0.70546067 0.55166817 0.81100279 0.19477375
0.53236592 -0.52150965 0.66679400 0.54789931 0.81272489 0.19820356
0.30861118 -0.44539508 0.84046555 0.18940203 0.89467579 0.40457651
-0.20551695 0.52571237 -0.82546306 0.06222710 -0.83474171 -0.54711431
0.04105946 0.56076384 -0.82695711 0.30684030 -0.79473758 -0.52368057
-0.10866627 -0.60384089 0.78966314 -0.51743025 0.71263164 0.47373223
-0.09993123 -0.60172188 0.79242957 -0.52667797 0.70768243 0.47095218
-0.13175698 -0.61433357 0.77796811 -0.52301192 0.70976686 0.47189990
0.06638378 0.59055686 -0.80426109 0.49783278 -0.71814913 -0.48623499
0.00473168 0.55988264 -0.82855839 0.56580806 -0.68468010 -0.45942843
-0.12645997 -0.62777108 0.76805693 -0.50564575 0.70692456 0.49455041
0.04111741 0.62383205 -0.78047609 0.47207180 -0.70058101 -0.53510231
0.02210440 0.61645144 -0.78708267 0.51790243 -0.68046647 -0.51840371
0.02959898 0.60924643 -0.79242831 0.52071631 -0.68610424 -0.50805086
0.04826453 0.61671013 -0.78570926 0.50372589 -0.69429636 -0.51401639
0.05054173 0.60442686 -0.79505581 0.50166816 -0.70371926 -0.50309885
0.06820688 0.60736346 -0.79149061 0.48668748 -0.71279436 -0.50503415
0.01617497 0.58614701 -0.81004328 0.49477452 -0.70869935 -0.50293487
-0.02656333 0.57495427 -0.81775427 0.48168561 -0.70944875 -0.51445258
-0.00195704 0.59485155 -0.80383325 0.50746554 -0.69205070 -0.51336598
-0.02164583 0.61479044 -0.78839344 0.50586957 -0.67344558 -0.53904277
-0.11419126 0.61471421 -0.78044015 0.50938040 -0.63822830 -0.57723159
-0.26824173 0.57561988 -0.77246886 0.48734528 -0.61059839 -0.62423092
-0.23955649 0.59415513 -0.76784921 0.46214086 -0.62575036 -0.62838072
-0.10706103 0.66795528 -0.73646027 0.42979401 -0.63684297 -0.64008451
-0.19019151 0.62831187 -0.75435501 0.49321473 -0.60322458 -0.62678498
-0.23480242 0.57893831 -0.78083181 0.46985194 -0.63561791 -0.61255950
-0.19505006 0.58372831 -0.78817308 0.47792536 -0.64517826 -0.59609771
-0.20937991 0.56987768 -0.79460651 0.47996065 -0.64809853 -0.59127498
-0.06242342 -0.68749756 0.72349876 -0.41827971 0.67619914 0.60646254
-0.24361934 0.51117837 -0.82422465 0.08192370 -0.83594614 -0.54266250
0.37491423 -0.49596000 0.78323889 0.35629776 0.85706031 0.37215534
0.38407072 -0.48948556 0.78287524 0.42820182 0.84563708 0.31865531
0.41550413 -0.48238707 0.77114147 0.38878003 0.86063027 0.32888550
0.40326247 -0.47762197 0.78054893 0.39382148 0.86052996 0.32309890
0.46559763 -0.48745587 0.73865122 0.40531296 0.85941041 0.31166524
0.52140212 -0.48275989 0.70362109 0.37952983 0.86972767 0.31548512
0.47413671 -0.47191238 0.74329877 0.15580824 0.87587297 0.45669508
0.43847063 -0.47006559 0.76601690 0.37301975 0.87062216 0.32073870
0.55694950 -0.46544865 0.68786985 0.37552264 0.87984532 0.29129887
0.51646721 -0.45659298 0.72442007 0.39703205 0.87723732 0.26985219
0.54859990 -0.45084599 0.70411378 0.41341597 0.87827396 0.24025431
0.60770971 -0.44857955 0.65533602 0.35874617 0.89126390 0.27739841
0.70008439 -0.38319993 0.60252774 0.08885068 0.88399601 0.45897350
0.59377581 -0.44134831 0.67278677 0.38247937 0.89045459 0.24657691
0.57122505 -0.43144986 0.69825000 0.38738769 0.89170665 0.23407246
0.59714448 -0.44186869 0.66945541 0.35268489 0.89422482 0.27563620
0.58302277 -0.45045200 0.67614901 0.34277964 0.89091122 0.29795861
0.60883945 -0.45266825 0.65146452 0.30512720 0.89166600 0.33440873
0.60780114 -0.45307454 0.65215123 0.28862333 0.89113390 0.35010982
0.61254507 -0.44750562 0.65155762 0.28218770 0.89378905 0.34858465
0.66638303 -0.44164693 0.60073435 0.25010011 0.89141816 0.37792015
0.31500912 -0.43823126 0.84185666 0.29585445 0.88815904 0.35163012
0.12391618 -0.39897189 0.90855175 0.27785653 0.89293158 0.35421610
0.14268219 -0.40255496 0.90420759 0.30573696 0.88680315 0.34656185
0.14378825 -0.34702241 0.92676878 0.37470788 0.88586324 0.27356961
0.14278311 -0.34781188 0.92662829 0.37585890 0.88514197 0.27432427
0.17387617 -0.35251653 0.91951030 0.45671695 0.85610759 0.24184600
0.16628683 -0.32849544 0.92975241 0.48481360 0.84828407 0.21300220
0.20474279 -0.34539008 0.91585267 0.52658421 0.82760042 0.19438791
0.22020788 -0.35488981 0.90860426 0.52119124 0.83016866 0.19793870
0.24697126 -0.33945480 0.90762091 0.56775695 0.80971915 0.14834757
0.26679349 -0.31785873 0.90982813 0.58851957 0.80132091 0.10737599
0.25338700 -0.28800273 0.92349857 0.64303112 0.76335645 0.06162762
0.38620749 -0.20325340 0.89973992 0.70186204 0.69767511 -0.14366324
0.41281933 -0.22798024 0.88181931 0.66455716 0.73746586 -0.12044916
0.42598793 -0.21671984 0.87838882 0.74172306 0.63959420 -0.20190644
0.46625036 -0.21794979 0.85738468 0.76627457 0.58381522 -0.26829663
-0.55359656 0.26720664 -0.78875315 -0.70072657 -0.66126144 0.26779783
-0.56495374 0.28871495 -0.77296245 -0.66267252 -0.71691376 0.21656381
0.56777871 -0.35339394 0.74346495 0.58114552 0.81173217 -0.05797294
0.56096745 -0.35418254 0.74824476 0.46394187 0.88308096 0.07018501
0.66845155 -0.39896801 0.62769186 0.31178495 0.91652989 0.25052583
0.81640857 -0.36655968 0.44621870 0.05555207 0.81897563 0.57113308
0.76713490 -0.41034451 0.49307346 0.13269952 0.85352862 0.50386488
0.73880452 -0.43904325 0.51128173 0.02597341 0.77665508 0.62939042
0.70965117 -0.45135579 0.54099286 0.17997523 0.85850877 0.48017880
0.67776912 -0.44975019 0.58168197 0.45783982 0.87717170 0.14474991
0.68229932 -0.45371979 0.57324165 0.46678853 0.87384140 0.13605025
0.69969940 -0.46068105 0.54607117 0.43474153 0.88108337 0.18625782
0.73414785 -0.46502343 0.49475271 0.46582833 0.87508368 0.13127296
-0.77313119 0.37412220 -0.51215315 0.11402906 -0.71235019 -0.69249880
-0.80717075 0.33626443 -0.48518214 0.14583597 -0.68283391 -0.71586996
-0.72142082 0.42429686 -0.54728806 0.13269430 -0.69096810 -0.71060205
-0.66038543 0.48254314 -0.57536364 0.18973932 -0.63411754 -0.74959582
0.73119235 -0.47184026 0.49267086 0.00788075 0.72800428 0.68552732
0.74358928 -0.46660829 0.47890693 0.02044329 0.73177451 0.68124020
0.69740266 -0.50008082 0.51336992 0.04472026 0.74528676 0.66524261
0.70561665 -0.49644548 0.50561559 0.03509500 0.73715663 0.67480993
0.76224393 -0.38962176 0.51689380 0.15666319 0.88585573 0.43671077
0.75958645 -0.39036551 0.52023375 0.19391216 0.89940399 0.39175317
0.72137988 -0.40358132 0.56279051 0.21717338 0.90348583 0.36952555
0.68575144 -0.41002330 0.60135347 0.24210405 0.90767455 0.34280097
0.63186759 -0.39492187 0.66691834 0.59118360 0.80202579 -0.08518622
0.42292848 -0.24441366 0.87257868 0.62824261 0.77302790 -0.08797269
0.38398665 -0.20722196 0.89978516 0.76319647 0.61971885 -0.18297468
0.39092553 -0.21600409 0.89471757 0.66422153 0.73913223 -0.11177332
0.40630984 -0.23140745 0.88394737 0.75808161 0.62545294 -0.18471861
0.44682708 -0.24214810 0.86122584 0.76808000 0.59742039 -0.23052570
-0.50660390 0.21104500 -0.83595014 -0.75769347 -0.57163024 0.31486416
-0.52851236 0.23298235 -0.81632954 -0.74559408 -0.58717990 0.31513387
-0.60634327 0.37146345 -0.70310938 -0.79398626 -0.23391411 0.56113285
-0.54681253 0.11569241 -0.82922339 -0.76950127 -0.45974371 0.44328719
-0.60002542 0.29901582 -0.74199671 -0.78121215 -0.41874969 0.46298638
-0.58732945 0.26658660 -0.76418304 -0.75522727 -0.51999503 0.39904508
-0.54862595 0.17750660 -0.81700736 -0.73986834 -0.55816871 0.37555632
-0.63145506 0.32920328 -0.70206106 -0.76930428 -0.37939435 0.51403403
-0.62837130 0.27339202 -0.72829002 -0.73606211 -0.51189560 0.44291714
-0.67094064 0.30960444 -0.67378324 -0.72329116 -0.47344831 0.50268930
-0.70050484 0.36060244 -0.61584002 -0.70267099 -0.49928790 0.50691730
-0.71361762 0.49389234 -0.49681020 -0.68831879 -0.36247495 0.62835443
-0.72892255 0.29576254 -0.61741120 -0.68427581 -0.28717658 0.67029560
-0.53263092 0.24801284 -0.80919337 -0.71060705 -0.65038371 0.26840034
0.31571233 -0.31476879 0.89512366 0.57796353 0.81196499 0.08167702
0.31526172 -0.39804879 0.86149132 0.35589933 0.89111990 0.28149769
0.21655864 -0.37478742 0.90146369 0.47292447 0.84807485 0.23898014
0.26526803 -0.41192615 0.87175101 0.31041354 0.89249003 0.32726911
0.19863540 -0.41765457 0.88662767 0.23348749 0.89877319 0.37106660
0.19909668 -0.41778362 0.88646340 0.23253106 0.89887947 0.37140954
0.14960545 -0.43800882 0.88643473 0.09023324 0.89883149 0.42890552
0.15532465 -0.43674785 0.88607317 0.08588167 0.89953315 0.42832762
0.22566816 -0.49516204 0.83898062 -0.01930927 0.85875320 0.51202554
-0.12247179 0.52981555 -0.83922350 0.17702965 -0.82036656 -0.54374564
0.44666129 -0.46068475 0.76698327 -0.01522268 0.85321170 0.52134258
-0.34653372 0.46849513 -0.81266648 0.09825356 -0.84345353 -0.52814049
0.37150863 -0.49411431 0.78602314 0.07816784 0.86025649 0.50383383
-0.27808061 0.48883483 -0.82686865 0.08293580 -0.84538800 -0.52767491
-0.29604602 0.47981113 -0.82591653 0.26122886 -0.79104012 -0.55318630
-0.28544787 0.48341644 -0.82754332 0.33828986 -0.75706774 -0.55893517
-0.19929515 0.52311587 -0.82863218 0.28056586 -0.77973616 -0.55972701
-0.11423205 0.55973470 -0.82076073 0.31326371 -0.76372516 -0.56443763
-0.09139008 0.56653762 -0.81895244 0.32820582 -0.75930715 -0.56190175
-0.08670611 0.56793195 -0.81849581 0.32988161 -0.75887305 -0.56150687
0.00488479 0.59658879 -0.80253220 0.28737152 -0.76952660 -0.57030380
-0.01302424 0.59062618 -0.80684024 0.31225973 -0.76415116 -0.56441736
-0.03884268 0.57715046 -0.81571358 0.31026697 -0.76901472 -0.55888349
0.01787411 0.59257931 -0.80531383 0.28152129 -0.77583849 -0.56464189
-0.04289916 -0.57368928 0.81794888 -0.23079458 0.80224872 0.55057311
0.01576934 0.57504749 -0.81796807 0.23528650 -0.79723173 -0.55593330
0.02956769 0.57352048 -0.81865752 0.21718131 -0.80313557 -0.55480236
-0.14062753 -0.58259833 0.80050182 -0.52217245 0.73058414 0.43998051
-0.03406984 -0.56880569 0.82176602 -0.06657109 0.82170880 0.56600612
-0.02147417 -0.56778538 0.82289654 -0.11009613 0.81942338 0.56251591
-0.20786737 -0.56294757 0.79992580 -0.24513984 0.82167208 0.51454979
-0.16694978 -0.56331515 0.80919951 -0.24869981 0.81823945 0.51829785
-0.06654705 -0.54979038 0.83264768 -0.18482980 0.82684749 0.53118855
-0.20348796 -0.54938394 0.81041342 -0.17920333 0.83464772 0.52081615
-0.14054459 -0.55095345 0.82261634 -0.21157728 0.82838327 0.51866776
-0.14832525 -0.55496597 0.81854290 -0.11780749 0.83172005 0.54255253
0.09823518 -0.47209930 0.87605488 0.23127453 0.86704063 0.44130793
0.16005421 -0.48851585 0.85774994 0.29536152 0.85284191 0.43060681
0.25987145 -0.45535299 0.85154009 0.33686709 0.86918765 0.36198539
0.33026281 -0.47169802 0.81757414 0.34146532 0.86721718 0.36240295
0.28688270 -0.46157390 0.83943307 0.36599731 0.86260265 0.34923163
-0.06749275 -0.56185150 0.82448024 -0.07097670 0.82697469 0.55774117
-0.11840145 0.54631168 -0.82917112 0.03184951 -0.83252591 -0.55306989
0.19843626 -0.43203136 0.87975681 0.13764735 0.90099502 0.41141361
0.42643943 -0.43635646 0.79230207 0.36060369 0.88533533 0.29350689
0.13076848 -0.52443957 0.84134579 0.02645179 0.85017657 0.52583277
-0.05134869 -0.56195056 0.82557553 -0.22625095 0.81171823 0.53844601
0.60517174 -0.40903455 0.68297732 0.01214372 0.86255258 0.50582176
0.64784837 -0.39814740 0.64943916 0.13371080 0.89873874 0.41760057
-0.12475762 0.52801275 -0.84002268 0.18347511 -0.81975853 -0.54252452
-0.23539804 0.50627172 -0.82962447 0.24334490 -0.79572004 -0.55462867
-0.27043697 0.49322474 -0.82679695 0.20949838 -0.80806875 -0.55057728
0.23444192 -0.49380660 0.83737218 -0.01107711 0.85996574 0.51023149
0.38684067 -0.46835881 0.79435158 -0.01091716 0.85902929 0.51180995
0.55766183 -0.42869565 0.71079773 0.07998137 0.88007909 0.46804255
0.32376745 -0.46825758 0.82213718 0.11271860 0.88184261 0.45787355
0.32218242 -0.43556198 0.84052616 0.19299766 0.89944309 0.39211479
0.33275169 -0.43374363 0.83734274 0.18538019 0.90070343 0.39289629
-0.40720677 0.44906962 -0.79531062 0.20935699 -0.80169654 -0.55986822
0.24911425 -0.49148712 0.83449543 -0.02516299 0.85808444 0.51289177
0.23397346 -0.42909279 0.87243098 0.20703734 0.89874619 0.38651109
0.33506200 -0.42744914 0.83965516 0.26831707 0.89755666 0.34985423
0.40754387 -0.43631259 0.80220902 0.28695604 0.89516234 0.34108731
0.29195675 -0.38942605 0.87356091 0.42466599 0.87116671 0.24642920
0.22647522 -0.35959813 0.90520620 0.44849619 0.86346912 0.23080781
0.24299924 -0.30332482 0.92138237 0.64742452 0.75804436 0.07880546
0.28547400 -0.38940808 0.87570888 0.46902925 0.85359794 0.22667608
0.17159143 -0.41037264 0.89562869 0.25901526 0.89592123 0.36088261
0.29073563 -0.43443981 0.85248750 0.28349343 0.89008075 0.35691422
0.68466485 -0.43527025 0.58461428 0.21513399 0.88704658 0.40849218
0.65174562 -0.43968889 0.61798173 0.20915306 0.88740921 0.41080403
0.54564345 -0.45687205 0.70252484 0.13065231 0.87444484 0.46720043
0.47414559 -0.46354952 0.74853712 0.16173606 0.88156867 0.44348416
0.50378895 -0.46300605 0.72926140 0.27938682 0.88618177 0.36962816
0.46527869 -0.46273044 0.75458354 0.27337554 0.88592350 0.37470725
0.44713309 -0.45891628 0.76776814 0.25777027 0.88804799 0.38069049
0.75158906 -0.45209357 0.48033872 0.39641148 0.89159471 0.21889907
0.45261216 -0.45984575 0.76399219 0.29757294 0.88555115 0.35672060
0.34497085 -0.46083081 0.81769806 0.13399909 0.88643289 0.44303617
0.51744282 -0.45962828 0.72179979 0.28451094 0.88792223 0.36145207
0.56136310 -0.45877343 0.68876588 0.35075676 0.88572121 0.30408511
0.50507534 -0.47914127 0.71785969 0.39550662 0.86776644 0.30092525
0.40369996 -0.46001494 0.79083037 0.29615992 0.88356346 0.36277390
0.24407989 -0.45792603 0.85482669 0.27784652 0.87755471 0.39076743
0.38225776 -0.48762557 0.78492063 0.42924368 0.84592509 0.31648168
-0.21287721 0.57553393 -0.78958470 0.50378072 -0.62775874 -0.59340036
-0.26530275 0.61304128 -0.74417394 0.48947352 -0.57933921 -0.65175289
-0.35258999 0.55185664 -0.75573438 0.49630111 -0.57438046 -0.65097803
-0.36264721 0.57170373 -0.73596328 0.51150995 -0.53802454 -0.66999042
-0.35875484 0.59834021 -0.71643841 0.50359577 -0.52217674 -0.68827522
-0.59785253 0.37476227 -0.70860827 0.51678878 -0.49556211 -0.69810289
-0.45746255 0.52762806 -0.71577698 0.49095595 -0.52127004 -0.69802564
-0.31836510 0.61786664 -0.71894687 0.50236976 -0.53318971 -0.68068606
-0.63112587 0.26607800 -0.72861695 0.57170576 -0.47528231 -0.66877449
-0.42873687 0.51193660 -0.74438280 0.48753101 -0.56257409 -0.66770053
-0.73104644 0.13082743 -0.66966802 0.50371343 -0.55855948 -0.65900236
-0.55839342 0.41644147 -0.71747708 0.39922452 -0.62324148 -0.67245060
-0.64489937 0.34760743 -0.68064231 0.16097686 -0.80882120 -0.56559247
-0.60208023 0.39662877 -0.69295394 0.48422983 -0.50867367 -0.71187961
-0.52674609 0.48995781 -0.69460773 0.48957771 -0.49314213 -0.71911371
-0.73498470 0.20536324 -0.64623797 0.49246302 -0.49347705 -0.71691054
-0.67577040 0.31810158 -0.66494048 0.50669372 -0.45469752 -0.73246962
-0.62847918 0.38854077 -0.67383230 0.30627093 -0.67270482 -0.67354769
-0.66138625 0.35662165 -0.65984029 0.30341667 -0.67732620 -0.67019969
-0.61965942 0.37117794 -0.69155568 0.50314277 -0.48838991 -0.71296751
-0.55972761 0.45345801 -0.69360000 0.18844441 -0.74541724 -0.63940740
-0.74102831 0.18821563 -0.64455569 0.49786502 -0.49009925 -0.71549505
-0.64970160 0.32009313 -0.68951309 0.51998329 -0.47451848 -0.71024615
-0.69955057 0.28195176 -0.65660655 0.37373537 -0.63881153 -0.67248923
-0.55215555 0.45273751 -0.70010924 0.48542985 -0.50814122 -0.71144247
-0.45091212 0.53530341 -0.71423286 0.41189387 -0.58510751 -0.69856477
-0.28767192 0.60001892 -0.74647319 0.45374179 -0.60101002 -0.65795547
-0.32156992 0.59484243 -0.73671931 0.48233083 -0.56663400 -0.66804415
-0.14780411 0.60095668 -0.78549671 0.51248169 -0.63273978 -0.58051950
0.02393548 0.59419578 -0.80396420 0.50758970 -0.70004755 -0.50228089
-0.03536187 0.62058449 -0.78334188 0.51229072 -0.66175824 -0.54738861
-0.00843894 -0.61274481 0.79023582 -0.01641999 0.79024231 0.61257446
0.05852241 -0.61156487 0.78902704 0.23121768 0.77719313 0.58524299
0.11462812 -0.61935717 0.77669626 0.20983303 0.77930498 0.59046924
0.07177206 -0.61348855 0.78643543 0.24912468 0.77450472 0.58144581
0.03292768 -0.60923547 0.79230547 0.24469100 0.77352452 0.58462483
0.13985175 -0.60758084 0.78184855 0.28789711 0.78044647 0.55499417
0.08887823 -0.59036070 0.80223119 0.33243525 0.77681732 0.53482860
0.22218469 -0.61742228 0.75460172 0.39390379 0.76481664 0.50979942
0.24381141 -0.61823660 0.74722123 0.30475444 0.78028321 0.54615283
0.31127548 -0.62267089 0.71790576 0.26802322 0.78229070 0.56230307
0.54326010 -0.62993854 0.55501884 0.36454427 0.77249902 0.51995456
0.33303407 -0.64389014 0.68883514 0.40572020 0.75730717 0.51173919
0.28050837 -0.63985807 0.71546966 0.33542445 0.76374692 0.55152625
0.21949476 -0.63221645 0.74305075 0.21349522 0.77429008 0.59573030
0.31870160 -0.62843478 0.70957673 0.33486447 0.77498883 0.53596461
0.36930037 -0.64196575 0.67193544 0.44472688 0.75696242 0.47877544
0.29767385 -0.62683499 0.72004735 0.40879717 0.76528490 0.49721611
0.35187674 -0.62565547 0.69623131 0.39616039 0.77344137 0.49481860
0.50745517 -0.65839547 0.55588198 0.49748683 0.75059605 0.43487063
0.35680431 -0.61848032 0.70012343 0.48887038 0.76225841 0.42422625
0.31405997 -0.60843474 0.72881657 0.46000922 0.76904929 0.44379589
0.38938573 -0.60243261 0.69674510 0.40889722 0.79088300 0.45531002
0.35835946 -0.59839505 0.71659046 0.40727630 0.79088354 0.45675954
0.14553563 -0.56034017 0.81537616 0.42339864 0.78014261 0.46055520
0.24703795 -0.59657431 0.76359111 0.46996254 0.76289564 0.44398814
0.21250415 -0.59494567 0.77516556 0.21272629 0.80242455 0.55755025
0.26838666 -0.58937359 0.76197594 0.03124044 0.79590577 0.60461402
0.19823816 -0.58524662 0.78624934 0.45137584 0.76655698 0.45678252
0.29682210 -0.62260538 0.72405750 0.38712090 0.77158296 0.50477433
0.33100337 -0.61610258 0.71474087 0.43938991 0.77094489 0.46106452
0.38689080 -0.65360832 0.65047038 0.60515690 0.71221691 0.35571384
0.31813535 -0.62529474 0.71259838 0.36019993 0.77500761 0.51924878
0.21558106 -0.60917693 0.76316988 0.40011001 0.76803392 0.50003594
0.14179642 -0.60993081 0.77966541 0.30606884 0.77604342 0.55143321
0.03653531 0.58367771 -0.81116307 0.52615672 -0.70132256 -0.48094276
-0.22621644 -0.61513275 0.75527340 -0.45032153 0.75358278 0.47887734
-0.14992172 -0.59909213 0.78651905 -0.50091809 0.73187858 0.46199018
-0.00526336 0.57622766 -0.81727225 0.63337934 -0.63052112 -0.44863561
-0.13209870 -0.61436784 0.77788311 -0.53076923 0.70661759 0.46794838
0.02875684 0.55983567 -0.82810456 -0.00735757 -0.82830620 -0.56022739
0.50815904 -0.50653011 0.69656414 0.57942975 0.79943585 0.15862986
0.61761349 -0.55181009 0.56040990 0.59415472 0.79422408 0.12723336
-0.61877298 0.71192688 -0.33208466 -0.77741057 -0.61571103 0.12858020
0.63687634 -0.53748208 0.55272198 0.56216246 0.81436592 0.14415781
0.61411661 -0.52014583 0.59355646 0.57107234 0.81197792 0.12069938
0.58985782 -0.50147051 0.63292581 0.56563014 0.81597531 0.11936036
0.67618805 -0.54380065 0.49704185 0.58403474 0.80691308 0.08828735
0.72945142 -0.58304262 0.35771772 0.61973393 0.78466529 0.01517285
0.68582010 -0.55127949 0.47512287 0.59701389 0.79951900 0.06590770
0.68973714 -0.55486989 0.46516898 0.59967905 0.79779941 0.06245875
0.67156243 -0.54948658 0.49705973 0.59984124 0.79699552 0.07063048
0.71250886 -0.57328373 0.40457004 0.58988267 0.80163449 0.09705956
0.68898517 -0.56242192 0.45714438 0.60319769 0.79464191 0.06853355
0.68513674 -0.56423891 0.46067578 0.60862750 0.79090840 0.06353326
0.68209624 -0.56972569 0.45842928 0.61362273 0.78692263 0.06496157
0.50092763 -0.46101040 0.73248959 0.35373321 0.88146883 0.31286669
0.64707601 -0.54880834 0.52924675 0.58797437 0.80111027 0.11184175
0.65899748 -0.56425595 0.49733046 0.59846693 0.79387581 0.10769694
0.65969098 -0.56597567 0.49444860 0.61296928 0.78586811 0.08173135
-0.72670317 0.56408900 -0.39205372 -0.66114748 -0.72926843 0.17621465
0.68439651 -0.57067388 0.45379817 0.63610309 0.77152717 0.01089405
0.69440383 -0.58280951 0.42206216 0.61755300 0.78373867 0.06619675
0.68223977 -0.58427322 0.43951544 0.62942785 0.77521473 0.05350526
0.66688657 -0.58510041 0.46143231 0.65676236 0.75406539 0.00697394
0.67105341 -0.59842098 0.43769813 0.66323662 0.74838287 0.00635329
0.64845842 -0.57882571 0.49443150 0.67258835 0.73984420 -0.01598740
0.65506905 -0.58902860 0.47321230 0.66217071 0.74918437 0.01589891
-0.69106281 0.54504156 -0.47472304 -0.64816052 -0.75796819 0.07329625
-0.69109243 0.54418010 -0.47566715 -0.64264381 -0.76382387 0.05984961
-0.70212972 0.55097318 -0.45104605 -0.63797557 -0.76810092 0.05484727
-0.67774123 0.52967441 -0.51001173 -0.66597623 -0.73618817 0.12042747
-0.67760521 0.53178871 -0.50798821 -0.66346800 -0.74003029 0.11029707
-0.66633105 0.51344717 -0.54071712 -0.67354614 -0.72556287 0.14104702
-0.70103878 0.55255097 -0.45081270 -0.66689909 -0.73187351 0.14002423
0.58684176 -0.49835011 0.63817239 0.55581677 0.82106727 0.13006283
0.57671201 -0.49985966 0.64617616 0.49195969 0.84396172 0.21378589
0.41901183 -0.45235607 0.78727573 0.32191563 0.88474935 0.33702964
0.44816950 -0.45568159 0.76908940 0.28854135 0.88801807 0.35800534
0.51422983 -0.45954540 0.72414488 0.27904823 0.88804126 0.36539698
0.49718678 -0.45076931 0.74135846 0.26560038 0.89250320 0.36454704
0.41811353 -0.41571298 0.80769044 0.36881885 0.89024442 0.26727811
0.37849382 -0.42213765 0.82373679 0.16916555 0.90650427 0.38682437
-0.28083089 0.47905496 -0.83164918 0.13510969 -0.83815819 -0.52842814
-0.27791303 0.49219033 -0.82493222 0.16597937 -0.82124180 -0.54590553
-0.25346503 0.50423646 -0.82553083 0.06866236 -0.84186846 -0.53529721
-0.36616674 0.46732599 -0.80469149 0.19340004 -0.80764765 -0.55704743
-0.32956770 0.48360941 -0.81086814 0.19910729 -0.80393398 -0.56039852
-0.23129600 0.51313686 -0.82655478 0.47130728 -0.68414342 -0.55661237
-0.18331455 0.54196799 -0.82016248 0.67173672 -0.54008353 -0.50703019
-0.19476056 0.50541103 -0.84061176 0.65601033 -0.57001388 -0.49470660
-0.03584799 0.58971453 -0.80681580 0.66168916 -0.59101254 -0.46138024
-0.05296690 0.57481080 -0.81657034 0.67201734 -0.58432966 -0.45491940
-0.06188530 0.55746597 -0.82789010 0.69468147 -0.57153088 -0.43677250
-0.04755967 0.56423980 -0.82423997 0.66378611 -0.59876162 -0.44818813
0.05799252 0.55825531 -0.82763994 0.62277049 -0.66817725 -0.40705797
0.10475352 0.58114117 -0.80703270 0.61737460 -0.67419583 -0.40535012
-0.18182704 -0.53162283 0.82723397 -0.61089605 0.72028869 0.32861859
-0.20637864 -0.53101683 0.82184494 -0.60836345 0.72748184 0.31727624
-0.26490438 -0.51244873 0.81683660 -0.52732950 0.78619599 0.32221046
0.08281673 0.47246975 -0.87744731 0.42760879 -0.81214678 -0.39694878
-0.13234663 -0.41913411 0.89822662 -0.25128129 0.89078200 0.37863597
0.10347287 -0.35801041 0.92796654 -0.03721711 0.93092757 0.36330268
-0.04651666 -0.35774282 0.93266088 -0.09537163 0.93099689 0.35234794
0.03130749 0.36531803 -0.93035620 0.08060299 -0.92870361 -0.36195678
0.01915502 -0.33256245 0.94288671 0.00939722 0.94307798 0.33243901
-0.33328775 -0.46360523 0.82096869 -0.50465816 0.82323468 0.26000941
-0.33074093 -0.47807199 0.81366926 -0.51417631 0.81426942 0.26942179
-0.34138200 -0.47236905 0.81260437 -0.50539416 0.82117862 0.26503289
-0.16368422 -0.42296684 0.89123881 -0.25011802 0.89169776 0.37724820
0.19275291 -0.40192637 0.89515448 0.00555711 0.91269439 0.40860510
0.02385687 0.50974745 -0.85999328 0.35384366 -0.80885744 -0.46962157
-0.00103486 0.51246178 -0.85870939 0.35835570 -0.80148864 -0.47874537
0.06919457 0.56467450 -0.82240796 0.59434026 -0.68544322 -0.42062730
0.29505032 -0.34597129 0.89064544 0.09981366 0.93820310 0.33137912
0.30295187 -0.32527655 0.89577645 0.17902891 0.94263881 0.28174573
0.30184990 -0.34048566 0.89048082 0.18093544 0.93753284 0.29714409
0.31514984 -0.34072977 0.88576740 0.17567608 0.93814272 0.29837275
0.23262124 -0.33356282 0.91357714 0.12887621 0.94163430 0.31099170
0.44093695 -0.35166785 0.82577503 0.19280346 0.93567848 0.29552099
0.31744689 -0.36140797 0.87670511 0.15467033 0.93187791 0.32814735
0.40561065 -0.36639422 0.83739793 0.21072042 0.92894936 0.30438480
0.41961673 -0.37459475 0.82680148 0.23409691 0.92472082 0.30015010
0.52916104 -0.46072817 0.71254343 0.37674659 0.88000673 0.28922346
0.49277705 -0.44983011 0.74486488 0.19648160 0.89142668 0.40835446
0.65029758 -0.47376266 0.59385359 0.52054405 0.84724325 0.10589083
0.42721203 -0.40233245 0.80970275 0.20292541 0.91535836 0.34776485
0.40417188 -0.40253860 0.82134509 0.23305283 0.91363966 0.33309004
0.41058272 -0.37279817 0.83213186 0.27618787 0.92057729 0.27614793
0.38336575 -0.36977819 0.84634203 0.26883149 0.92135358 0.28077975
0.34285733 -0.38634023 0.85626525 0.19950996 0.92066687 0.33551198
0.43565851 -0.37953705 0.81618220 0.19297054 0.92505550 0.32716173
0.37057480 -0.37577909 0.84939057 0.15161559 0.92670828 0.34383789
0.31217861 -0.40860265 0.85766459 0.03084014 0.90666538 0.42072180
0.38597271 -0.34564593 0.85530931 0.16292551 0.93812096 0.30558869
-0.16512024 -0.42038375 0.89219546 -0.24828880 0.89319634 0.37490407
-0.41170174 -0.43485540 0.80087608 -0.38874048 0.87864476 0.27724421
-0.42447221 -0.43487391 0.79417133 -0.43257710 0.86793536 0.24406013
-0.33521846 -0.46087885 0.82171732 -0.50391185 0.82465005 0.25695357
-0.26225662 -0.50990194 0.81928116 -0.54382396 0.77943617 0.31102201
0.06430422 0.56153148 -0.82495296 0.58400047 -0.69150084 -0.42517066
-0.29564220 0.50042892 -0.81373620 0.63743412 -0.53111124 -0.55821019
-0.30190313 0.51625621 -0.80145746 0.62620842 -0.52649975 -0.57503128
-0.36969700 0.46918130 -0.80199319 0.54069740 -0.59331155 -0.59634537
-0.40706602 0.45878911 -0.78981638 0.39535800 -0.69100022 -0.60515350
-0.48636791 0.42006320 -0.76615483 0.36373934 -0.69992167 -0.61465710
-0.47583851 0.43288621 -0.76562858 0.31310776 -0.73009491 -0.60739207
-0.53467429 0.39279485 -0.74822164 0.33386534 -0.71519083 -0.61403263
-0.54689568 0.38138142 -0.74528748 0.41526157 -0.64941257 -0.63704097
-0.54804033 0.37774220 -0.74629933 0.44682923 -0.62203676 -0.64297271
-0.66402727 0.28171623 -0.69260645 0.28551805 -0.76057535 -0.58309907
-0.67468572 0.26530364 -0.68877667 0.31701505 -0.73855752 -0.59500784
-0.67179024 0.26754665 -0.69073641 0.28682467 -0.76579553 -0.57557702
-0.72820997 0.19936940 -0.65571505 0.38262248 -0.67550546 -0.63031143
-0.66216260 0.25852174 -0.70335424 0.48157877 -0.57231259 -0.66373199
-0.59480315 0.31745061 -0.73853528 0.64429492 -0.36114267 -0.67413658
-0.54485929 0.37988234 -0.74754113 0.47371370 -0.59615332 -0.64822572
-0.46490446 0.44557941 -0.76506400 0.61527306 -0.45876691 -0.64107096
-0.41063535 0.46099991 -0.78667510 0.20506950 -0.79397422 -0.57232118
0.42431647 -0.48145744 0.76691222 0.13789409 0.87141401 0.47076839
0.44627780 -0.48081297 0.75475496 0.20801562 0.87603527 0.43507677
0.45242858 -0.47832569 0.75267053 0.25830147 0.87809795 0.40277091
0.54127270 -0.48408341 0.68752247 0.49254516 0.84522486 0.20735055
0.54682893 -0.48756129 0.68063372 0.49939066 0.84243888 0.20225164
0.54429936 -0.48485237 0.68458486 0.48521107 0.84766173 0.21456903
0.53935534 -0.47831687 0.69304311 0.46506187 0.85531288 0.22837980
0.59857363 -0.47533861 0.64479685 0.46446416 0.86175030 0.20410636
0.61153156 -0.43391532 0.66162425 0.59168720 0.80595958 -0.01831430
0.65583253 -0.41357079 0.63154018 0.39825878 0.90023905 0.17595313
0.68426681 -0.36324582 0.63232225 0.33048788 0.92741948 0.17513117
0.75545943 -0.36709118 0.54270172 0.50592947 0.85314584 -0.12719125
0.76994121 -0.34220511 0.53859651 0.48755038 0.86001807 -0.15054418
0.52862823 -0.47767541 0.70169681 0.39156747 0.87065876 0.29770505
0.50918144 -0.47229132 0.71949655 0.24267791 0.88084841 0.40646473
0.30944330 -0.48835599 0.81593710 0.01924948 0.86109328 0.50808257
0.40549767 -0.47656661 0.78003585 0.18749882 0.87856030 0.43929031
-0.44592646 0.45116690 -0.77304471 0.58292198 -0.50901562 -0.63332856
-0.28418085 0.50508231 -0.81494367 0.68607730 -0.48661527 -0.54083598
0.47294274 -0.38838416 0.79087484 -0.09378538 0.87031674 0.48348022
0.50262380 -0.46421054 0.72929960 0.14945716 0.87756044 0.45557693
0.56867468 -0.49162039 0.65948361 0.57469803 0.81106657 0.10905603
0.57703012 -0.47724485 0.66277725 0.49110365 0.85115904 0.18532573
0.65619743 -0.53399825 0.53315187 0.57137734 0.81312329 0.11116917
0.36915001 -0.39179212 0.84274983 0.31067309 0.90665305 0.28541636
0.30732027 -0.38684982 0.86942595 0.32052472 0.90233451 0.28819495
0.32024065 -0.39226785 0.86230618 0.32510418 0.90047109 0.28889307
0.36615646 -0.41929138 0.83073717 0.40827015 0.87460911 0.26148498
0.24627583 -0.38288549 0.89036340 0.31354624 0.90073204 0.30061698
0.25944546 -0.37828740 0.88858688 0.29653209 0.90685105 0.29948270
0.32505155 -0.35558924 0.87629783 0.22967362 0.92855746 0.29160088
0.11917225 -0.32055628 0.93970299 0.23545222 0.92857444 0.28690019
-0.14429875 -0.26382592 0.95371580 0.14157636 0.94838279 0.28377137
-0.46884710 -0.14117739 0.87192398 0.15397328 0.95896685 0.23806477
-0.41585281 -0.16015297 0.89521927 0.12449281 0.96508032 0.23048112
-0.50856435 -0.20330636 0.83667725 -0.04203939 0.97642767 0.21171153
-0.76396638 -0.19390649 0.61543125 -0.15829508 0.98095363 0.11257330
-0.60557801 -0.21824890 0.76527297 -0.12459230 0.97580016 0.17969660
-0.65323502 -0.23309790 0.72038138 -0.21638241 0.96922398 0.11740375
-0.52606708 -0.29124510 0.79901803 -0.28158206 0.94618821 0.15949780
-0.51302552 -0.30953404 0.80062073 -0.30805352 0.93697685 0.16485579
-0.40022272 -0.39905155 0.82497251 -0.40279859 0.88519549 0.23277080
-0.71646523 -0.28468490 0.63689256 -0.39778996 0.91670024 -0.03773312
-0.39355737 -0.22064117 0.89242935 -0.17976606 0.97050005 0.16066706
-0.50493115 -0.21806103 0.83516103 -0.14463368 0.97525722 0.16719593
0.10612145 -0.31492326 0.94316572 0.12447032 0.94526839 0.30162045
