-0.47021550 0.61421460 0.63374913 -0.87351215 -0.22138298 -0.43355066
-0.46366462 0.65009391 0.60199094 -0.85791290 -0.49916753 -0.12172620
-0.43797395 0.62653148 0.64469928 -0.80637950 -0.59081119 0.02635124
-0.45681354 0.65113628 0.60608828 -0.80678391 -0.59027147 0.02606446
-0.45534369 0.65769720 0.60008043 -0.80321866 -0.59421700 0.04178499
-0.45267811 0.65929037 0.60034883 -0.80408800 -0.59282553 0.04472591
-0.48052803 0.69714946 0.53204846 -0.81048155 -0.58476365 0.03422350
-0.37150037 0.57318044 0.73037785 -0.78843731 -0.61017323 0.07781535
-0.34078014 0.53800315 0.77098745 -0.79134983 -0.60690236 0.07372245
0.44951427 -0.70738357 -0.54547727 0.68889886 0.66325718 -0.29241809
0.48619449 -0.72206998 -0.49216849 0.70781350 0.65570503 -0.26277548
0.61477685 -0.75177330 -0.23850867 0.66808534 0.65710014 -0.34911522
-0.34058666 0.54042798 0.76937538 -0.77381784 -0.62592018 0.09710822
-0.70500422 -0.68906975 0.16778538 0.27704275 -0.48536912 -0.82925516
-0.45998964 0.66615045 0.58707172 -0.83451349 -0.55019397 -0.02956299
-0.46704018 0.68598109 0.55794579 -0.83577424 -0.54849273 -0.02524348
-0.47456050 0.69598627 0.53888351 -0.83054954 -0.55680954 -0.01227394
-0.45583943 0.67350668 0.58189273 -0.82748622 -0.56148368 0.00165352
-0.44727564 0.67034262 0.59210253 -0.82532024 -0.56444985 0.01558703
-0.46352768 0.73190099 0.49946275 -0.85316050 -0.52086890 -0.02850874
-0.44366568 0.69843698 0.56155729 -0.84814030 -0.52965051 -0.01133150
-0.43551579 0.68781745 0.58071780 -0.82852405 -0.55851191 0.04015550
-0.42165256 0.68641734 0.59248662 -0.82709807 -0.55895722 0.05895478
-0.42985532 0.70322675 0.56630075 -0.82793820 -0.55721402 0.06348950
0.38216931 -0.72347367 -0.57491964 0.82082403 0.55155522 -0.14844146
0.26756799 -0.64912409 -0.71207118 0.75687122 0.59893209 -0.26158446
0.38229623 -0.73920369 -0.55446142 0.67822415 0.63200086 -0.37494922
-0.39590305 0.65732878 0.64123297 -0.85241467 -0.52277809 0.00961192
-0.38091162 0.62648404 0.68001771 -0.86039424 -0.50947374 -0.01258343
-0.36828178 0.68814248 0.62516278 -0.81639314 -0.56108922 0.13667902
-0.37084836 0.69524133 0.61571997 -0.82872295 -0.54697484 0.11847746
0.31645933 -0.73674029 -0.59755111 0.80081719 0.54514211 -0.24801573
0.35621977 -0.75939810 -0.54444659 0.74028409 0.58489937 -0.33146989
0.35689238 -0.75005978 -0.55681074 0.72447860 0.59852922 -0.34189692
0.36316699 -0.75322300 -0.54842025 0.76906252 0.57461709 -0.27992532
0.38823977 -0.75921607 -0.52236086 0.50212127 0.64956868 -0.57090700
0.39022040 -0.75148094 -0.53198159 0.50332946 0.65792012 -0.56017917
0.38189882 -0.75920945 -0.52702415 0.20020595 0.62466544 -0.75479186
0.41390452 -0.74703169 -0.52021796 -0.06226656 0.54689550 -0.83488214
0.42357349 -0.74260193 -0.51877540 -0.00884986 0.56926751 -0.82210475
0.46264708 -0.72043324 -0.51665616 -0.04554375 0.56269294 -0.82541049
0.37638918 -0.75640243 -0.53496408 -0.18390349 0.50493741 -0.84333724
0.39626318 -0.74767292 -0.53287959 -0.12623936 0.53051144 -0.83822507
0.45011461 -0.72265184 -0.52456766 -0.05814640 0.56247503 -0.82476711
0.40482748 -0.74604285 -0.52871054 0.26540548 0.64918619 -0.71282351
0.42523754 -0.74110186 -0.51955861 0.15601666 0.62547427 -0.76448727
0.42535210 -0.73789990 -0.52400321 0.05685847 0.59963548 -0.79825091
0.45942003 -0.71260220 -0.53021830 -0.06776105 0.56708694 -0.82086593
0.44387522 -0.71594644 -0.53888369 -0.07756982 0.56841624 -0.81907630
0.29194307 -0.74341911 -0.60174519 0.32708257 0.66882312 -0.66760218
0.41453081 -0.72857839 -0.54528683 -0.15520430 0.53381407 -0.83123654
0.47824845 -0.69728178 -0.53392565 -0.13373989 0.54304492 -0.82898480
0.42573828 -0.71600235 -0.55325180 -0.02388941 0.60232431 -0.79789394
0.61432904 -0.62265468 -0.48466581 -0.04328339 0.58672231 -0.80863070
0.51690322 -0.65984803 -0.54535460 -0.11671838 0.57678944 -0.80851150
0.45066559 -0.69516581 -0.56004030 -0.19218817 0.53709370 -0.82133675
0.53682405 -0.65623719 -0.53025734 -0.03530099 0.61047363 -0.79124957
0.48801178 -0.68035728 -0.54677093 -0.16417041 0.54370141 -0.82306552
0.50167298 -0.67934042 -0.53555650 -0.01504059 0.61215597 -0.79059404
0.49340349 -0.70632219 -0.50760418 0.14331153 0.64162666 -0.75350982
0.49277049 -0.71323800 -0.49846652 0.43701333 0.69821191 -0.56702691
0.47390065 -0.71250272 -0.51745343 0.44625676 0.70090395 -0.55640686
0.51096249 -0.69287980 -0.50875837 0.09443669 0.63351732 -0.76794380
0.45244157 -0.71807337 -0.52883589 0.57796276 0.68771231 -0.43932998
-0.47211015 0.70331132 0.53147459 -0.81020534 -0.58376336 0.05279896
-0.48379800 0.71635163 0.50277221 -0.81758833 -0.57489240 0.03237563
-0.46139970 0.69116801 0.55623478 -0.85668331 -0.51009560 -0.07678704
-0.46153146 0.68138027 0.56807536 -0.84611005 -0.53055894 -0.05103900
-0.48470482 0.72168511 0.49419820 -0.85214478 -0.51704121 -0.08073230
-0.48365775 0.71744055 0.50135243 -0.85199004 -0.51710719 -0.08193426
0.46117663 -0.70478988 -0.53906149 0.63968652 0.68510556 -0.34847045
-0.45904225 0.66135824 0.59319937 -0.87056285 -0.46803594 -0.15186410
-0.45402271 0.64117360 0.61867589 -0.85458320 -0.50983512 -0.09877118
-0.42156693 0.58842582 0.68995398 -0.82451254 -0.56543303 -0.02155480
-0.50418526 0.72602612 0.46763596 -0.84544420 -0.52539790 -0.09581780
-0.45778170 0.58267993 0.67150581 -0.87680566 -0.42088065 -0.23253244
-0.47298914 0.69218260 0.54512811 -0.84049833 -0.54006350 -0.04352018
-0.41675299 0.64275622 0.64279187 -0.78960472 -0.60631931 0.09434688
-0.45109060 0.67202443 0.58728224 -0.86206239 -0.49841636 -0.09181327
-0.45285559 0.69198751 0.56220555 -0.86678982 -0.48937458 -0.09585384
-0.44911394 0.77340126 0.44737810 -0.88957220 -0.34031305 -0.30471033
-0.44245240 0.69803703 0.56300998 -0.85834509 -0.51147991 -0.04039900
-0.43708852 0.69971490 0.56511301 -0.86037624 -0.50838780 -0.03598219
-0.47310784 0.79235578 0.38515094 -0.87384439 -0.47766766 -0.09071738
-0.43347842 0.70032465 0.56713480 -0.86719626 -0.49533081 -0.05116673
-0.43452984 0.73355556 0.52257073 -0.89416903 -0.42088020 -0.15271449
-0.43181452 0.73785341 0.51875675 -0.90009701 -0.38948816 -0.19525482
-0.42985916 0.72015983 0.54460174 -0.88019258 -0.46865037 -0.07501930
-0.44164360 0.70904857 0.54972827 -0.87423909 -0.47780550 -0.08606949
-0.44643873 0.70196205 0.55492502 -0.87269837 -0.47859120 -0.09668592
0.43002471 -0.71960706 -0.54520124 0.67252457 0.65821564 -0.33832359
0.45808923 -0.72379398 -0.51601994 0.54929066 0.68690431 -0.47585961
0.42147520 -0.72885984 -0.53955734 0.67942029 0.64787477 -0.34445101
0.43919432 -0.71721721 -0.54102492 0.50790066 0.69496298 -0.50898272
0.51068622 -0.67117268 -0.53733307 -0.00582883 0.62225801 -0.78279054
0.38917568 -0.73037106 -0.56133819 -0.13345292 0.55824673 -0.81887174
0.46795404 -0.69627500 -0.54426116 -0.09270763 0.57377863 -0.81374657
0.57122642 -0.63809794 -0.51626688 -0.12408783 0.55462003 -0.82279938
0.45355809 -0.72421670 -0.51941824 0.23467290 0.65929353 -0.71432537
0.47290304 -0.72653407 -0.49850875 0.10066226 0.60661465 -0.78859735
0.33579957 -0.79060751 -0.51203358 -0.12336445 0.50200218 -0.85602283
0.49146661 -0.72466612 -0.48303178 0.02952281 0.56818157 -0.82237345
0.32270071 -0.78884447 -0.52305704 0.00274564 0.55339950 -0.83291143
0.40287313 -0.76135069 -0.50797492 -0.07724240 0.52474576 -0.84774739
0.39096415 -0.76738435 -0.50820118 -0.05305734 0.53244036 -0.84480309
0.40141857 -0.76652122 -0.50130671 0.33085978 0.63173985 -0.70102543
0.41475224 -0.75926936 -0.50148851 -0.02878818 0.53990102 -0.84123611
0.50005311 -0.72909254 -0.46730176 0.02012131 0.54924899 -0.83541650
0.38932839 -0.77024394 -0.50512159 0.04123555 0.56241512 -0.82582623
0.30566761 -0.78762066 -0.53499627 0.12441067 0.59011078 -0.79767871
0.27974105 -0.79003781 -0.54551375 0.28317741 0.61081779 -0.73939985
0.24201846 -0.79136539 -0.56139821 0.21558675 0.60799497 -0.76411033
0.33712584 -0.78159869 -0.52483302 0.19566920 0.60346383 -0.77301031
0.29952943 -0.78741592 -0.53875631 0.18185666 0.60144889 -0.77793795
0.25060910 -0.79051167 -0.55882597 0.31855404 0.61243814 -0.72349358
0.22564170 -0.78861547 -0.57198912 0.37032813 0.61248946 -0.69836503
0.30798030 -0.78696263 -0.53463823 0.12516871 0.59058464 -0.79720926
0.37170649 -0.76221293 -0.52996773 -0.10807984 0.53145820 -0.84016126
0.43571383 -0.73462927 -0.52007049 0.59798831 0.66811436 -0.44275650
0.36941609 -0.76415318 -0.52877384 0.22352433 0.62538803 -0.74761409
-0.42673001 0.73414886 0.52813536 -0.88660854 -0.45479745 -0.08417056
-0.43972397 0.75218928 0.49076891 -0.84881079 -0.52663594 0.04663584
-0.41528729 0.68585533 0.59761101 -0.90485483 -0.37908426 -0.19373418
-0.42422330 0.74457610 0.51540387 -0.88470781 -0.46220753 -0.06046731
-0.43856934 0.79200900 0.42471009 -0.87671959 -0.48092699 -0.00848547
-0.41058761 0.73626077 0.53790146 -0.86664778 -0.49848735 0.02078788
-0.40948108 0.53202760 0.74112886 -0.85981148 -0.49666709 -0.11851642
-0.45538145 0.47656772 0.75200462 -0.84716058 -0.49168438 -0.20140871
-0.47704291 0.54308331 0.69100702 -0.87500089 -0.21968780 -0.43140551
-0.47661936 0.54520154 0.68962979 -0.87575269 -0.22596782 -0.42660969
-0.45763764 0.64734858 0.60951424 -0.88652211 -0.38476139 -0.25697711
-0.46507964 0.64360207 0.60784650 -0.88487476 -0.35845411 -0.29750180
-0.57866341 0.12150422 0.80646479 -0.80916339 -0.20919994 -0.54908109
-0.87724942 -0.47761947 0.04809619 0.01434262 -0.12622717 -0.99189776
-0.41411886 0.66790164 0.61839545 -0.87253469 -0.48476201 -0.06073739
-0.42232957 0.68350077 0.59536916 -0.87318647 -0.48305380 -0.06484182
-0.43097752 0.67679930 0.59682596 -0.86628157 -0.49548033 -0.06368215
-0.45995948 0.66828609 0.58466321 -0.88479048 -0.40035766 -0.23845245
-0.46292856 0.66792196 0.58273280 -0.88348496 -0.40091607 -0.24232343
-0.46401504 0.67636842 0.57202786 -0.87870604 -0.43316528 -0.20060813
-0.46531340 0.66882747 0.57978725 -0.87192154 -0.23354024 -0.43036249
-0.47057036 0.59117985 0.65503430 -0.86879063 -0.44013458 -0.22690177
-0.46654257 0.60884571 0.64159566 -0.86218357 -0.47495306 -0.17623597
-0.37212974 0.27684301 0.88593310 -0.89872056 -0.34603742 -0.26936874
