-0.04506502 -0.07006619 0.99652392 -0.92726350 -0.36821532 -0.06782236
-0.04121697 -0.07451225 0.99636799 -0.93576670 -0.34664568 -0.06463356
0.00119247 -0.18880285 0.98201430 -0.84066528 -0.53200364 -0.10126261
-0.08484448 0.05872412 0.99466223 -0.95072639 -0.30352613 -0.06317680
-0.03352078 -0.08820660 0.99553800 -0.95658076 -0.28573427 -0.05752566
-0.03305882 -0.09190869 0.99521852 -0.95978367 -0.27483860 -0.05726318
-0.02877337 -0.09225363 0.99531972 -0.95056468 -0.30547342 -0.05579310
-0.00597035 -0.11941826 0.99282610 -0.94031018 -0.33716688 -0.04620937
-0.00646499 -0.12929840 0.99158472 -0.94582754 -0.32109633 -0.04803625
-0.01399553 -0.10351438 0.99452949 -0.97695738 -0.21043628 -0.03565124
0.00660724 -0.14048615 0.99006063 -0.96044517 -0.27652735 -0.03282867
0.02534450 -0.18877837 0.98169261 -0.94789225 -0.31650588 -0.03639185
0.02624869 -0.19191849 0.98105985 -0.94843006 -0.31490952 -0.03622808
0.02352974 -0.18329367 0.98277658 -0.94275129 -0.33118516 -0.03919654
0.03181713 -0.20565455 0.97810733 -0.94060433 -0.33710659 -0.04028206
-0.07652950 0.09859211 0.99218088 -0.93824661 -0.34385175 -0.03820117
-0.01124153 -0.12494468 0.99210006 -0.97993094 -0.19609627 -0.03579993
-0.01933758 -0.10901365 0.99385214 -0.99172395 -0.12409928 -0.03290837
-0.07679722 -0.11672948 0.99019015 -0.99153602 -0.09533004 -0.08813967
-0.04663577 -0.07788052 0.99587137 -0.97937125 -0.19266428 -0.06093009
-0.04907053 -0.06060364 0.99695504 -0.97383732 -0.21884030 -0.06123568
-0.05786799 -0.03337234 0.99776632 -0.98437381 -0.16459014 -0.06259631
-0.06259069 -0.03600212 0.99738973 -0.98550141 -0.15567797 -0.06746406
-0.06642051 0.01188228 0.99772102 -0.97235316 -0.22512032 -0.06205067
-0.06599627 0.00095787 0.99781942 -0.98335010 -0.16974604 -0.06487632
-0.06389145 0.00265452 0.99795336 -0.97598511 -0.20884880 -0.06192945
-0.07761994 0.03284210 0.99644196 -0.98577875 -0.15194674 -0.07178123
-0.07968489 0.03448127 0.99622363 -0.98163360 -0.17650078 -0.07240884
-0.10788346 0.11087396 0.98796165 -0.98458701 -0.14951769 -0.09073534
-0.10003053 0.00367981 0.99497759 -0.96332055 -0.25062460 -0.09592097
-0.19938506 0.10326139 0.97446537 -0.91505092 -0.37542188 -0.14744589
-0.16707982 0.01084502 0.98588377 -0.84199929 -0.52180511 -0.13695540
-0.30867401 0.12153324 0.94337165 -0.85660946 -0.46663222 -0.22016960
-0.32595697 0.10384079 0.93966442 -0.74428171 -0.64105278 -0.18733957
-0.30145484 0.07143740 0.95080060 -0.79509723 -0.56921440 -0.20932125
-0.14728574 0.02618527 0.98874730 -0.68260598 -0.72612035 -0.08245227
-0.10833818 -0.00022342 0.99411410 -0.69757664 -0.71244872 -0.07618175
-0.12420437 0.01185774 0.99218583 -0.63105094 -0.77259809 -0.06976315
-0.06689948 -0.03393158 0.99718267 -0.57261431 -0.81714606 -0.06622122
-0.05179789 -0.04268475 0.99774498 -0.39885366 -0.91505921 -0.05985381
-0.10449331 -0.04938275 0.99329883 -0.52749610 -0.84394997 -0.09744941
-0.13940242 -0.06861473 0.98785579 -0.51410276 -0.84760070 -0.13142106
-0.23981887 -0.10478911 0.96514571 -0.59388649 -0.77060306 -0.23123555
-0.26339608 -0.11612264 0.95767325 -0.56348532 -0.78725171 -0.25043777
-0.31866565 -0.14391112 0.93687880 -0.49411017 -0.81826806 -0.29375607
-0.39996165 -0.09487924 0.91160768 -0.56553936 -0.75715375 -0.32693034
-0.29574078 -0.19328748 0.93550920 -0.63888657 -0.68804085 -0.34412760
-0.22793743 -0.22058363 0.94836038 -0.74908686 -0.58250338 -0.31552944
-0.20317794 -0.20091067 0.95830768 -0.75651288 -0.58913898 -0.28390777
-0.20095561 -0.14259101 0.96916699 -0.87041157 -0.42792684 -0.24343857
-0.13913508 -0.12858918 0.98188913 -0.87918884 -0.44024608 -0.18223739
-0.16915043 -0.06616759 0.98336667 -0.92395127 -0.33666256 -0.18158323
-0.16846797 -0.09262589 0.98134553 -0.77397567 -0.60407400 -0.18988518
-0.11501984 -0.08884645 0.98938203 -0.78712887 -0.59942138 -0.14533506
-0.10851279 -0.00453819 0.99408472 -0.87727439 -0.46989769 -0.09790711
-0.07600267 -0.04089781 0.99626851 -0.76172251 -0.64237225 -0.08447981
-0.05706391 -0.08127241 0.99505705 -0.89095473 -0.44558457 -0.08748755
-0.05659304 -0.05265006 0.99700814 -0.90294617 -0.42340216 -0.07361287
-0.06462733 -0.03286102 0.99736828 -0.92640454 -0.36954185 -0.07220459
-0.06237914 -0.03963400 0.99726528 -0.91235888 -0.40281639 -0.07307724
-0.09132432 0.01012438 0.99576974 -0.90297765 -0.42245254 -0.07851891
-0.08175380 0.02373439 0.99636996 -0.96170402 -0.26429668 -0.07261363
-0.05474209 -0.03443583 0.99790657 -0.96663558 -0.24863692 -0.06160663
-0.05028588 -0.04300508 0.99780858 -0.96352279 -0.26085952 -0.05980092
-0.07175121 -0.03913074 0.99665469 -0.96936983 -0.23258102 -0.07891853
-0.15553850 -0.01181518 0.98775923 -0.94518638 -0.28884345 -0.15228978
-0.20595135 0.03285570 0.97801054 -0.97508031 -0.09112667 -0.20227295
-0.20129220 -0.02440239 0.97922730 -0.97027701 -0.13212524 -0.20274493
-0.20743331 -0.28008026 0.93729746 -0.96223921 -0.11421734 -0.24708325
-0.21620838 -0.19210947 0.95726061 -0.97186768 0.13615844 -0.19218238
-0.15365055 -0.18696862 0.97027540 -0.95310503 -0.23105834 -0.19545563
-0.21500872 -0.02264791 0.97634947 -0.85606581 -0.47678012 -0.19957986
-0.25468400 0.02530012 0.96669334 -0.68955469 -0.70560569 -0.16320240
-0.17138621 -0.05228806 0.98381537 -0.75846773 -0.63031238 -0.16562939
-0.19096404 0.02392865 0.98130536 -0.93322760 -0.31437302 -0.17394216
-0.13427548 -0.07785215 0.98788112 -0.75897086 -0.63288462 -0.15303724
-0.20837381 -0.20500901 0.95632195 -0.75420737 -0.58884782 -0.29056761
-0.20959866 -0.13575599 0.96831745 -0.78058004 -0.57317907 -0.24932012
-0.07174572 -0.04202528 0.99653727 -0.64737344 -0.75811160 -0.07857823
-0.09375045 -0.01305609 0.99551016 -0.65977126 -0.74801475 -0.07194302
-0.53105456 0.02793708 0.84687698 -0.70980251 -0.56052315 -0.42660791
-0.63590825 -0.11423561 0.76326340 -0.47282684 -0.72397602 -0.50228834
-0.57623041 -0.17962456 0.79730392 -0.65749794 -0.47756159 -0.58277911
-0.59640950 -0.15437824 0.78769487 -0.57677597 -0.60005486 -0.55431366
-0.57706928 -0.13441439 0.80555809 -0.64182711 -0.53530210 -0.54909891
-0.45398670 0.02079473 0.89076579 -0.78513348 -0.48199970 -0.38889810
-0.48045984 -0.06355742 0.87471074 -0.74341935 -0.49961662 -0.44464701
-0.33507335 0.10260389 0.93658870 -0.87563598 -0.40088987 -0.26934919
-0.21800591 0.13344291 0.96678150 -0.93270117 -0.32010463 -0.16613752
-0.14145602 0.00678479 0.98992133 -0.96047747 -0.24310604 -0.13558236
-0.14165837 0.02685079 0.98955137 -0.96133369 -0.24220717 -0.13104679
-0.14728796 0.03658231 0.98841691 -0.96206737 -0.23730801 -0.13457853
-0.16151243 0.01556528 0.98674792 -0.94947416 -0.27509302 -0.15107201
-0.13730423 -0.05283283 0.98911893 -0.96686018 -0.20984197 -0.14542291
-0.13559701 -0.05883756 0.98901552 -0.96695971 -0.20964454 -0.14504504
-0.10011627 -0.11353318 0.98847705 -0.98426688 -0.13406511 -0.11508813
-0.10094789 -0.08637066 0.99113554 -0.98741019 -0.11324657 -0.11043713
-0.10371952 -0.09569447 0.98999238 -0.99193180 -0.06299727 -0.11001214
-0.09195687 -0.16170686 0.98254508 -0.99244750 -0.06557006 -0.10367513
-0.09423482 -0.15181755 0.98390609 -0.99286276 -0.05823432 -0.10407825
-0.08265763 -0.23058417 0.96953535 -0.99462509 -0.04178762 -0.09473500
-0.07927173 -0.27145237 0.95918173 -0.99422783 -0.04825638 -0.09582488
-0.08236893 -0.15837850 0.98393685 -0.99610245 -0.01817014 -0.08631210
-0.07848942 -0.20273115 0.97608376 -0.99528158 -0.04009002 -0.08835980
-0.06088442 -0.05405767 0.99667990 -0.99384403 -0.08931202 -0.06555526
-0.05864297 -0.07576078 0.99540007 -0.99413258 -0.08635515 -0.06514086
-0.06624953 -0.07171182 0.99522281 -0.99487811 -0.07156781 -0.07138347
-0.09222099 -0.02696370 0.99537343 -0.99205345 -0.08343496 -0.09417358
-0.09255102 -0.01329502 0.99561918 -0.99201310 -0.08482958 -0.09334859
-0.09027517 0.00169040 0.99591547 -0.99248338 -0.08311767 -0.08982298
-0.09732874 0.04683566 0.99414968 -0.99057621 -0.10127453 -0.09220772
-0.09873660 0.06219552 0.99316812 -0.99028653 -0.10432586 -0.09191691
-0.13131125 0.04063439 0.99050802 -0.98874080 -0.07769133 -0.12788977
-0.15879142 0.09797468 0.98243892 -0.97540170 -0.16966280 -0.14073420
-0.17482166 0.11714684 0.97760624 -0.96938527 -0.19435452 -0.15006198
-0.05711836 -0.20926149 0.97619015 -0.99728781 -0.03350170 -0.06553443
-0.04987851 -0.20007461 0.97851026 -0.99502087 -0.07469016 -0.06599190
-0.06270578 -0.24268296 0.96807700 -0.99607724 -0.04546324 -0.07591643
-0.06629648 -0.19706100 0.97814709 -0.99562126 -0.05168206 -0.07789289
-0.06644270 -0.21218689 0.97496778 -0.99387509 -0.07240198 -0.08348839
-0.06721888 -0.20741358 0.97594124 -0.99393058 -0.07145464 -0.08364392
-0.04671901 -0.02457284 0.99860579 -0.99410224 -0.09680101 -0.04889031
-0.01628577 -0.02201965 0.99962491 -0.99504042 -0.09776174 -0.01836457
-0.04827088 0.25005990 0.96702641 -0.98847115 -0.15106015 -0.01027923
-0.05738742 0.32419682 0.94424742 -0.98820549 -0.15294790 -0.00754607
-0.12210172 0.28406632 0.95099819 -0.97702700 -0.20302542 -0.06479929
-0.15752134 0.43134844 0.88832742 -0.97162545 -0.22842294 -0.06137583
-0.07270750 0.62136996 0.78013653 -0.97521937 -0.20816988 0.07491604
-0.09520428 0.59367394 0.79905409 -0.97186708 -0.22914834 0.05445624
-0.11312871 0.66069555 0.74208045 -0.97131479 -0.23076952 0.05738568
-0.15363026 0.79652894 0.58475596 -0.96761107 -0.24123745 0.07438701
-0.16141947 0.72593623 0.66855103 -0.96234804 -0.26590937 0.05637796
-0.29228735 0.73185456 0.61559486 -0.92715567 -0.37464064 0.00517642
-0.32605079 0.70201051 0.63314462 -0.90696162 -0.42121333 -0.00003047
-0.29369903 0.62251204 0.72540998 -0.92324811 -0.38137782 -0.04651819
-0.30399945 0.52534771 0.79472899 -0.87751728 -0.47917184 -0.01891579
-0.14676192 0.26996505 0.95161957 -0.92201811 -0.38575810 -0.03276096
-0.30607876 0.41408202 0.85723501 -0.88680440 -0.45151877 -0.09853330
-0.44221064 0.57639295 0.68718338 -0.78059727 -0.62466002 0.02162626
-0.36760986 0.48871642 0.79121387 -0.77475113 -0.63154793 0.03013301
-0.21625388 0.35751498 0.90852481 -0.79548877 -0.60403657 0.04834718
-0.27484679 0.43026835 0.85984206 -0.78624338 -0.61532050 0.05658766
0.44826633 -0.69739538 -0.55919325 0.76302230 0.62440848 -0.16706625
-0.32308489 0.55495113 0.76658040 -0.82798851 -0.55803972 0.05501596
-0.42630762 0.70643783 0.56498450 -0.85083753 -0.52522254 0.01472348
0.47461522 -0.55451751 -0.68355745 0.70213556 0.70684367 -0.08589330
-0.48651007 0.52610463 0.69751120 -0.72464937 -0.68897104 0.01422438
-0.51113319 0.55627584 0.65520996 -0.73980623 -0.67279387 -0.00592268
-0.52005666 0.64352322 0.56162173 -0.76409864 -0.64436460 0.03078407
-0.56957000 0.68961579 0.44723621 -0.78971952 -0.60999936 -0.06514542
-0.47854257 0.50986397 0.71486765 -0.80710173 -0.57605118 -0.12942934
-0.55715823 0.68501848 0.46938732 -0.82075924 -0.54018134 -0.18589890
-0.53382885 0.61206263 0.58344334 -0.83975363 -0.46467644 -0.28087315
-0.52159381 0.56052959 0.64323133 -0.82911229 -0.51085907 -0.22714724
-0.52016127 0.55672926 0.64767647 -0.82078975 -0.53548360 -0.19890109
-0.59719634 0.70311141 0.38599336 -0.75453341 -0.65570515 0.02701899
-0.49338835 0.48704165 0.72066522 -0.80446649 -0.57057720 -0.16515234
-0.45564765 0.41210330 0.78902233 -0.79397100 -0.58892787 -0.15091074
-0.45583844 0.40265262 0.79377717 -0.81029713 -0.55674225 -0.18291135
-0.45788327 0.39143381 0.79819953 -0.80868286 -0.55635089 -0.19106485
-0.45968607 0.25163978 0.85168433 -0.77484924 -0.58223790 -0.24618652
-0.45073637 0.15155642 0.87969738 -0.73061138 -0.62884510 -0.26600924
-0.44333330 0.11977888 0.88831788 -0.71099865 -0.65047902 -0.26712933
-0.43958288 0.12091506 0.89002609 -0.72255367 -0.63622463 -0.27043375
-0.44459477 0.29617637 0.84534907 -0.74426258 -0.64727360 -0.16465168
-0.37399328 0.27789360 0.88481873 -0.67152750 -0.73917466 -0.05168841
-0.35210535 0.40626612 0.84319013 -0.70587832 -0.70685029 0.04580910
-0.44586658 0.11003072 0.88831091 -0.60132104 -0.77194154 -0.20620221
-0.38937044 0.03926779 0.92024386 -0.59413511 -0.77416086 -0.21835415
-0.41557851 0.06406727 0.90729815 -0.64724910 -0.72166133 -0.24550688
-0.38485736 0.06012422 0.92101568 -0.68335503 -0.68932009 -0.24054898
-0.40734503 0.43335667 0.80391055 -0.72636801 -0.68730170 0.00244340
-0.35410833 0.43896753 0.82578140 -0.73685527 -0.67470187 0.04268156
-0.35367772 0.43774199 0.82661605 -0.74724644 -0.66378605 0.03179545
-0.41050243 0.10622807 0.90565079 -0.69418669 -0.68040651 -0.23484445
-0.44379333 0.28090563 0.85096389 -0.79054177 -0.56991178 -0.22415258
-0.36343932 0.29924667 0.88224906 -0.78244698 -0.61205804 -0.11472461
-0.27368993 0.17120498 0.94645798 -0.86169028 -0.48081174 -0.16220328
-0.30878592 0.18433611 0.93309778 -0.85089946 -0.49189797 -0.18440855
-0.20341800 -0.06442586 0.97697008 -0.85243732 -0.47919965 -0.20908925
-0.34407368 0.33513728 0.87709540 -0.92041838 -0.30502543 -0.24451891
-0.16636977 -0.06687542 0.98379308 -0.87652916 -0.44698256 -0.17861488
-0.19960406 -0.18120442 0.96297622 -0.86221039 -0.43445286 -0.26046899
-0.35424531 -0.27053091 0.89516664 -0.76067603 -0.47343937 -0.44410267
-0.32241631 -0.24720094 0.91375023 -0.77671242 -0.48268074 -0.40464443
-0.30079398 -0.26972288 0.91475278 -0.75276405 -0.52176952 -0.40137628
-0.34866786 -0.20203574 0.91521162 -0.72108531 -0.56596464 -0.39965004
-0.38890535 -0.14820611 0.90927863 -0.72977000 -0.55284721 -0.40223840
-0.35681164 -0.20943043 0.91039795 -0.66605502 -0.62629652 -0.40512148
-0.38033757 -0.19473659 0.90411341 -0.67365330 -0.61146539 -0.41509208
-0.29195192 -0.27717924 0.91538835 -0.63785791 -0.65673131 -0.40229502
-0.33825576 -0.37064660 0.86498797 -0.62270778 -0.60099602 -0.50103778
-0.36153448 -0.36114946 0.85957199 -0.62869179 -0.58637637 -0.51079297
-0.40739301 -0.40028733 0.82085389 -0.60007489 -0.56022716 -0.57101291
-0.47548479 -0.35271180 0.80592096 -0.44304642 -0.69543862 -0.56575173
-0.44139192 -0.37417707 0.81557626 -0.40750197 -0.72618836 -0.55370808
-0.44043621 -0.36962092 0.81816643 -0.40017980 -0.73495066 -0.54745203
-0.40092582 -0.39711493 0.82556540 -0.49161199 -0.66715550 -0.55966169
-0.35124725 -0.44883388 0.82168949 -0.71237350 -0.44138861 -0.54561901
-0.34880590 -0.23331083 0.90768969 -0.61420321 -0.67462695 -0.40943009
-0.33512855 -0.24756533 0.90906560 -0.64360493 -0.64450210 -0.41278294
-0.28424165 -0.29131511 0.91342336 -0.61244696 -0.67783046 -0.40676123
-0.29497784 -0.25312644 0.92136586 -0.59877789 -0.70247918 -0.38469225
-0.30178446 -0.22477670 0.92649961 -0.60186327 -0.70876050 -0.36799350
-0.32156321 -0.23579833 0.91705853 -0.59939283 -0.69906342 -0.38992134
-0.31867549 -0.18855530 0.92892027 -0.63969815 -0.68039310 -0.35756341
-0.30634111 -0.40601671 0.86099106 -0.58237392 -0.63552392 -0.50690234
-0.35396639 -0.16714014 0.92020220 -0.64175403 -0.67231697 -0.36897382
-0.36853567 -0.07690201 0.92642736 -0.66397560 -0.67571753 -0.32022235
-0.39058703 0.00807439 0.92053062 -0.66276717 -0.69645929 -0.27510738
-0.35998705 -0.20759191 0.90956855 -0.77623111 -0.47420657 -0.41544375
-0.30767402 -0.40685549 0.86011940 -0.58696431 -0.63031131 -0.50811470
-0.54542279 -0.30719009 0.77983862 -0.37047648 -0.74623418 -0.55306578
-0.60036409 -0.27385888 0.75137502 -0.28236547 -0.80643892 -0.51954418
-0.56918836 -0.28030518 0.77295125 -0.47324285 -0.65707088 -0.58677012
-0.60603344 -0.24214108 0.75768811 -0.42105019 -0.71049756 -0.56383514
-0.57877791 -0.25707936 0.77390337 -0.49797744 -0.64010185 -0.58505404
-0.65195996 -0.16227145 0.74068636 -0.40638015 -0.74991822 -0.52199411
-0.58397061 -0.24673890 0.77336812 -0.52334738 -0.61384052 -0.59102225
-0.55572689 -0.28554434 0.78078938 -0.59275812 -0.52242416 -0.61295259
-0.56143957 -0.27675095 0.77986830 -0.58879226 -0.52861136 -0.61146855
-0.52128792 -0.30558211 0.79679263 -0.65609890 -0.45354611 -0.60318333
-0.51003134 -0.31640053 0.79984921 -0.65506786 -0.45976785 -0.59958291
-0.49398759 -0.32455128 0.80662435 -0.60756290 -0.53478807 -0.58725560
-0.49652925 -0.32689524 0.80411327 -0.63645965 -0.49280789 -0.59334606
-0.52406484 -0.31880069 0.78976089 -0.57717448 -0.54894561 -0.60458946
-0.49896854 -0.27410576 0.82212919 -0.71546578 -0.40501967 -0.56926954
-0.27903593 -0.20171526 0.93885565 -0.84837657 -0.40625679 -0.33942994
-0.24817397 -0.20063107 0.94771141 -0.87406373 -0.37540135 -0.30836079
-0.28223616 -0.13484278 0.94982111 -0.87354803 -0.37313512 -0.31254455
-0.21560542 -0.09474266 0.97187358 -0.90882528 -0.34454966 -0.23520677
-0.23589879 -0.03940157 0.97097856 -0.90665245 -0.35069960 -0.23450190
-0.22732636 -0.18409139 0.95625997 -0.87585759 -0.39058328 -0.28340468
-0.17169891 -0.22434852 0.95926392 -0.90000647 -0.36026627 -0.24534994
-0.12307465 -0.11578408 0.98561996 -0.93340141 -0.32382455 -0.15459485
-0.12308622 -0.12779112 0.98413378 -0.92601901 -0.34179619 -0.16020048
-0.06324195 -0.26641944 0.96178025 -0.94275463 -0.30023777 -0.14515874
-0.15029605 0.05524444 0.98709637 -0.93537784 -0.33124214 -0.12388284
-0.19094765 0.18820140 0.96338946 -0.91791636 -0.38198635 -0.10731238
-0.15379791 0.09008768 0.98398703 -0.90003556 -0.42374068 -0.10188120
-0.16009402 0.10114846 0.98190582 -0.98543394 0.04142426 -0.16493647
-0.16739994 0.23928915 0.95640886 -0.95287395 -0.28821662 -0.09467073
-0.17245649 0.26413181 0.94894320 -0.95696247 -0.27321240 -0.09786706
-0.21933335 0.43377075 0.87391984 -0.94074190 -0.33148488 -0.07157134
-0.07874928 0.08442534 0.99331313 -0.96689278 -0.24907808 -0.05548462
-0.15944077 0.24790008 0.95557529 -0.96712899 -0.23345192 -0.10080528
-0.05877582 -0.07731064 0.99527305 -0.97786880 -0.19607866 -0.07297896
-0.07219506 0.10576744 0.99176669 -0.98552209 -0.16050711 -0.05462313
-0.03813694 -0.14686455 0.98842120 -0.98931605 -0.13373449 -0.05804241
-0.08126847 -0.16593370 0.98278254 -0.98754013 -0.11991349 -0.10190815
-0.07499834 -0.20649718 0.97556865 -0.98856986 -0.11291578 -0.09989855
-0.07963637 -0.19349229 0.97786444 -0.99509871 -0.04225991 -0.08940199
-0.06537887 -0.18236849 0.98105425 -0.98062521 -0.17019846 -0.09698854
-0.06824927 -0.19351983 0.97871965 -0.96602196 -0.23230472 -0.11329687
-0.15566570 -0.19619811 0.96812946 -0.92569387 -0.31308660 -0.21229164
-0.18424991 -0.19452602 0.96343744 -0.91298175 -0.32917017 -0.24106288
-0.06232418 -0.20055717 0.97769761 -0.96715784 -0.22972478 -0.10877626
-0.08412465 -0.23044699 0.96944177 -0.98432636 -0.13211511 -0.11682151
-0.08819780 -0.19245538 0.97733420 -0.98612207 -0.12167691 -0.11295131
-0.08193625 -0.24801373 0.96528530 -0.99081933 -0.08423185 -0.10574560
-0.09192427 -0.18490157 0.97844845 -0.98562288 -0.12299696 -0.11584155
-0.07272933 -0.16440457 0.98370814 -0.97948939 -0.17405957 -0.10150755
-0.08048689 -0.25405610 0.96383476 -0.98877406 -0.10177588 -0.10939647
-0.08248751 -0.17214732 0.98161149 -0.96966523 -0.21355106 -0.11893453
-0.18812180 -0.09171524 0.97785407 -0.93611044 -0.28450179 -0.20677514
-0.09493192 -0.06285462 0.99349749 -0.97224212 -0.20854078 -0.10609445
-0.10163134 -0.13033962 0.98624676 -0.94542634 -0.29585510 -0.13652422
-0.16387884 -0.21635245 0.96246320 -0.90541375 -0.35433826 -0.23381685
-0.18359971 -0.20492879 0.96140277 -0.91706586 -0.31645241 -0.24258637
-0.51746714 -0.23656571 0.82235307 -0.71093792 -0.41599044 -0.56702667
-0.53848273 -0.23143435 0.81023115 -0.68922734 -0.43220603 -0.58151847
-0.57214624 -0.25818655 0.77845263 -0.59373760 -0.52440101 -0.61031073
-0.54257143 -0.30133444 0.78410065 -0.54855025 -0.57982481 -0.60240841
-0.47805008 -0.35975441 0.80127710 -0.55708301 -0.58111292 -0.59326744
-0.42585331 -0.38869256 0.81704783 -0.59659714 -0.55827695 -0.57654035
-0.32354099 -0.40618777 0.85459512 -0.58358884 -0.62527120 -0.51813126
-0.49650371 -0.00003332 0.86803460 -0.66408885 -0.64395779 -0.37987429
-0.33912349 -0.23439550 0.91107303 -0.67700243 -0.61163449 -0.40935445
-0.28660479 -0.29214358 0.91241980 -0.69537342 -0.59168619 -0.40787661
-0.40763140 -0.30368558 0.86116880 -0.73348272 -0.45284712 -0.50688517
-0.23159175 -0.23339182 0.94440114 -0.80350798 -0.50136733 -0.32094502
-0.15111500 0.05335062 0.98707545 -0.93486661 -0.33220124 -0.12516695
-0.36339238 -0.17922331 0.91423470 -0.73775733 -0.54389268 -0.39986849
-0.25724781 0.07900690 0.96311033 -0.81976420 -0.54556310 -0.17420571
-0.39690033 0.01239653 0.91777802 -0.70216888 -0.64806634 -0.29490501
-0.42380247 -0.03194547 0.90519112 -0.68294632 -0.64518619 -0.34251893
-0.32257557 -0.12528631 0.93821555 -0.62856668 -0.71274292 -0.31129014
-0.34515879 -0.03323290 0.93795574 -0.60944176 -0.75207853 -0.25091580
-0.36801428 0.02555850 0.92946881 -0.67374301 -0.69624448 -0.24761678
-0.40218166 -0.04884534 0.91425604 -0.67872292 -0.65428972 -0.33352682
-0.44748366 0.39697543 0.80135447 -0.78304416 -0.60676211 -0.13668092
-0.43590781 0.39884320 0.80678904 -0.79313499 -0.59391260 -0.13492468
-0.49243051 0.48248976 0.72437280 -0.83786321 -0.48806751 -0.24448998
-0.52852482 0.59349966 0.60697591 -0.80613017 -0.57501340 -0.13969176
-0.51638454 0.56213397 0.64602828 -0.77515364 -0.62746960 -0.07361181
-0.43182805 0.41792965 0.79928678 -0.70527017 -0.70886260 -0.01038528
-0.33655438 0.42771488 0.83892262 -0.71329951 -0.69741380 0.06941068
-0.38806453 0.42827502 0.81607997 -0.72995508 -0.68339783 0.01153389
-0.24670830 0.36414662 0.89807147 -0.80700988 -0.59027421 0.01764929
-0.35304609 0.42874718 0.83158547 -0.82608110 -0.56013989 -0.06191339
-0.21022277 0.24708326 0.94591558 -0.91268647 -0.39641514 -0.09928995
-0.19846854 0.36031994 0.91147119 -0.93280560 -0.35486034 -0.06283175
-0.18350619 0.44996810 0.87398756 -0.94692618 -0.31961960 -0.03426616
-0.10743705 0.80345720 0.58558851 -0.97293705 -0.20616122 0.10436033
-0.07269971 0.66762704 0.74093783 -0.98091286 -0.18219815 0.06792515
-0.08364005 0.78749287 0.61062211 -0.98224378 -0.16841824 0.08265875
-0.20680889 0.58004880 0.78789186 -0.95975357 -0.27667060 -0.04823395
-0.20079541 0.53966683 0.81758243 -0.95850694 -0.28061855 -0.05017630
-0.06769440 0.63318938 0.77103096 -0.98804969 -0.14980622 0.03627645
-0.13759850 0.28655833 0.94813025 -0.96807134 -0.24140739 -0.06753066
-0.06185155 0.08069848 0.99481761 -0.99039197 -0.12848006 -0.05115423
-0.06033314 0.54273987 0.83773106 -0.97974241 -0.19275469 0.05431902
-0.04064779 -0.11078082 0.99301332 -0.99329489 -0.10316799 -0.05216877
-0.07467972 -0.20541207 0.97582215 -0.98864412 -0.11271612 -0.09938790
-0.07808357 -0.25368536 0.96413004 -0.99353325 -0.06015961 -0.09629430
-0.01639188 -0.07749566 0.99685794 -0.99482793 -0.09869116 -0.02403073
-0.07777681 -0.23871791 0.96796930 -0.99493068 -0.04349681 -0.09067023
-0.08673702 -0.19356425 0.97724593 -0.99452132 -0.04062494 -0.09631695
-0.10140679 -0.10303238 0.98949534 -0.99187744 -0.06629628 -0.10855410
-0.10593174 -0.06828201 0.99202627 -0.98719478 -0.11243883 -0.11315508
-0.09784803 -0.16897534 0.98075134 -0.98399729 -0.13103215 -0.12074761
-0.17418936 -0.12891066 0.97623777 -0.94157326 -0.26841870 -0.20344846
-0.12705991 -0.04150838 0.99102616 -0.96887708 -0.20879979 -0.13296558
-0.10436609 0.02572802 0.99420613 -0.98974681 -0.10070366 -0.10129199
-0.15824430 0.07529710 0.98452485 -0.97548336 -0.16636369 -0.14406744
-0.21391262 0.13773561 0.96709377 -0.93950540 -0.30013934 -0.16506383
-0.22868466 0.13560416 0.96400976 -0.93619150 -0.30215144 -0.17958288
-0.20621230 0.08843349 0.97450298 -0.91704160 -0.36487314 -0.16094181
-0.22594824 -0.02297637 0.97386831 -0.91473711 -0.33876035 -0.22022152
-0.54587519 -0.20052019 0.81351829 -0.69423997 -0.43535423 -0.57314712
-0.58264512 -0.24976523 0.77339649 -0.56990641 -0.55287659 -0.60789323
-0.63044757 -0.13307752 0.76473939 -0.35890800 -0.82358301 -0.43919933
-0.53438175 0.03296341 0.84460026 -0.69799072 -0.58076292 -0.41895512
-0.24663870 -0.02199065 0.96885800 -0.96887833 -0.01614792 -0.24701039
-0.14823908 0.01491474 0.98883909 -0.84740829 -0.51738065 -0.11923318
-0.15998557 0.06615633 0.98490000 -0.92081869 -0.36949798 -0.12475689
-0.17450795 0.12053295 0.97725064 -0.96934265 -0.19538343 -0.14899743
-0.07461534 0.00177104 0.99721086 -0.97147065 -0.22587445 -0.07228821
-0.07390235 0.01280735 0.99718326 -0.97465730 -0.21263282 -0.06950197
-0.07497033 0.01563146 0.99706328 -0.98605388 -0.15014738 -0.07178859
-0.06491528 0.01031526 0.99783748 -0.97438693 -0.21640369 -0.06115258
-0.06112229 -0.00617181 0.99811125 -0.97301173 -0.22255783 -0.06096143
-0.07514848 -0.03072567 0.99669892 -0.99075216 -0.11093879 -0.07812006
-0.06223312 0.00924410 0.99801880 -0.97711676 -0.20434649 -0.05903699
-0.05433020 -0.07645170 0.99559200 -0.99096030 -0.11835436 -0.06316590
-0.08231669 -0.11744825 0.98966151 -0.99104524 -0.09511093 -0.09371908
-0.05067853 -0.16298550 0.98532605 -0.99581778 -0.06684902 -0.06227582
-0.02758115 -0.10388276 0.99420708 -0.96157283 -0.26902831 -0.05478607
-0.04126583 -0.06769704 0.99685222 -0.95526755 -0.28975302 -0.05922175
-0.04550029 -0.05352591 0.99752933 -0.95623666 -0.28658530 -0.05899454
-0.03729334 -0.08166460 0.99596184 -0.94945639 -0.30795401 -0.06080287
0.04577656 -0.25934708 0.96469873 -0.91414958 -0.40025681 -0.06422608
-0.04360352 -0.05702411 0.99742019 -0.95590430 -0.28784451 -0.05824513
-0.05284182 -0.03153421 0.99810493 -0.96606725 -0.25144094 -0.05908972
-0.04908507 -0.03412591 0.99821144 -0.96926320 -0.23960260 -0.05585290
-0.05291697 -0.03254361 0.99806845 -0.96960616 -0.23741378 -0.05914917
