0.77808893 0.37945908 -0.50058806 0.05042011 0.75661963 0.65190846
-0.81572229 -0.30137789 0.49372932 -0.13402851 -0.73184353 -0.66816270
-0.81754357 -0.29994786 0.49158296 -0.16556057 -0.69517559 -0.69951457
-0.85692841 -0.20476858 0.47301555 -0.18816762 -0.73008192 -0.65694249
-0.84226638 -0.22368440 0.49046177 -0.21723323 -0.69185245 -0.68858546
-0.85566390 -0.18027423 0.48511907 -0.23420668 -0.70100743 -0.67359912
-0.85688025 -0.17724702 0.48408645 -0.22843887 -0.71125245 -0.66478246
-0.91337669 -0.07591569 0.39997488 -0.23718408 -0.69927865 -0.67435390
-0.88122112 -0.13424744 0.45324069 -0.19941489 -0.76375222 -0.61393511
-0.94813108 -0.10701466 0.29932490 -0.10608833 -0.78111660 -0.61530662
-0.97154111 -0.07364089 0.22513294 -0.08421517 -0.78096169 -0.61887527
-0.95132542 -0.12229727 0.28288412 -0.07352675 -0.80132252 -0.59369689
-0.96521062 -0.16089015 0.20611393 0.03531995 -0.86127841 -0.50690430
-0.98826754 -0.11075230 0.10517224 0.04752812 -0.87741846 -0.47736567
-0.94044012 -0.20158273 0.27374598 0.04192849 -0.86785984 -0.49503678
-0.97990370 -0.14343445 0.13861950 0.07350153 -0.90567583 -0.41755095
-0.93724883 -0.20847601 0.27946815 0.06391249 -0.89069253 -0.45009109
-0.96424770 -0.17276725 0.20094258 0.07724103 -0.90857196 -0.41052520
0.76897019 0.32123503 -0.55271417 -0.09712728 0.91325170 0.39564836
0.76128179 0.32352674 -0.56194347 -0.09233032 0.91188878 0.39991745
0.44542810 0.41168806 -0.79505146 -0.07442451 0.90196282 0.42535183
0.27400145 0.43275532 -0.85886329 0.01384117 0.89117360 0.45345122
0.25020608 0.43704438 -0.86393815 0.03689896 0.88736790 0.45958322
-0.26857316 -0.44074550 0.85651147 -0.08327319 -0.87522817 -0.47648844
0.45330459 0.42884058 -0.78141588 0.07514283 0.85515404 0.51289886
0.49066865 0.41772869 -0.76468754 0.09289156 0.84751487 0.52257985
0.56987840 0.38656780 -0.72512341 0.07108603 0.85593617 0.51217192
0.74129117 0.29553637 -0.60261577 0.06987145 0.85898256 0.50721496
0.92047226 0.17138129 -0.35122544 -0.01290271 0.91155314 0.41097981
-0.97928065 -0.11963961 0.16338861 0.08048929 -0.97030956 -0.22808096
-0.97616118 -0.12394730 0.17817536 0.06107718 -0.94460076 -0.32248875
-0.97245246 -0.13604699 0.18928142 0.07239915 -0.94813347 -0.30951789
-0.97232533 -0.14376266 0.18416239 0.08850635 -0.95616752 -0.27912438
-0.95776039 -0.16243009 0.23730043 0.06195654 -0.92237431 -0.38129655
0.22636035 0.43860140 -0.86970675 0.02883371 0.88947421 0.45607489
0.18387140 0.44132292 -0.87830824 -0.02341091 0.89525563 0.44493744
0.15988937 0.44389346 -0.88169956 0.03406667 0.89017713 0.45433927
0.17912157 0.43131533 -0.88424128 -0.04209693 0.90131420 0.43111554
0.16874842 0.42161009 -0.89093703 -0.04897672 0.90636986 0.41963679
0.12526764 0.40959510 -0.90362597 -0.20123367 0.90235788 0.38112372
0.23104747 0.40761170 -0.88344204 -0.14675567 0.91222221 0.38250947
0.68031114 0.36199293 -0.63728952 -0.13791749 0.91721177 0.37376639
0.68452048 0.35931829 -0.63428873 -0.12426698 0.91486752 0.38415518
0.66552550 0.36192754 -0.65275133 -0.06469664 0.89924419 0.43263638
0.64677346 0.37026581 -0.66677380 -0.08227751 0.90302002 0.42164600
0.65740001 0.37394199 -0.65421146 -0.16238576 0.91808569 0.36159307
0.61776257 0.38221106 -0.68722934 -0.15823098 0.91647536 0.36747238
0.48785880 0.40059420 -0.77557600 -0.17735326 0.91543794 0.36127445
0.56066668 0.39095169 -0.72993809 -0.14295928 0.91398835 0.37972099
0.78511977 0.37131202 -0.49569580 -0.31559229 0.92850387 0.19565815
0.57307953 0.38914940 -0.72120911 -0.24459448 0.92117006 0.30268699
0.56543672 0.38753101 -0.72808045 -0.24927469 0.92175722 0.29702818
0.58943701 0.38554186 -0.70987427 -0.18523490 0.91985190 0.34577543
0.57334572 0.38512745 -0.72315383 -0.17116527 0.91946149 0.35396749
0.61266047 0.38321102 -0.69122827 -0.22080123 0.92275518 0.31586352
0.43875465 0.39890149 -0.80521548 -0.14843634 0.91593397 0.37286952
0.44542128 0.39719543 -0.80239379 -0.19855109 0.91771406 0.34406170
0.30365339 0.39796448 -0.86568987 -0.08108760 0.91608894 0.39269063
0.07892054 0.38936773 -0.91769516 0.01790692 0.91986424 0.39182800
0.27693784 0.38107628 -0.88209200 -0.19273788 0.92137021 0.33753386
0.45950112 0.39611322 -0.79495478 -0.27915213 0.91409320 0.29412207
0.48103973 0.40038055 -0.77993351 -0.25287455 0.91518086 0.31384465
0.47309053 0.39860439 -0.78568435 -0.30084082 0.91128182 0.28117654
0.48378116 0.40285328 -0.77695876 -0.34270144 0.90406877 0.25537339
0.46229613 0.40909195 -0.78671855 -0.36049452 0.89729744 0.25475684
0.45878005 0.40914822 -0.78874499 -0.34553820 0.89995861 0.26585320
0.44307342 0.42189255 -0.79100740 -0.08108191 0.89758539 0.43332005
0.47419798 0.40995729 -0.77914780 -0.35759032 0.89837390 0.25505599
0.40458921 0.40307117 -0.82087839 -0.40945262 0.88247019 0.23150593
0.40339032 0.42164662 -0.81209022 -0.33765024 0.89346141 0.29617417
0.28526753 0.41966021 -0.86168891 -0.13300873 0.90768069 0.39802578
0.40801474 0.40779349 -0.81684053 -0.38291273 0.88864261 0.25237319
0.40689743 0.40144607 -0.82053369 -0.37975723 0.89129466 0.24774665
0.34317052 0.38849410 -0.85516453 -0.41280848 0.88019109 0.23420674
0.21112606 0.37375715 -0.90317857 -0.38748643 0.88030428 0.27371281
0.24261433 0.38604376 -0.89000481 -0.35709715 0.88853872 0.28806359
0.06961260 0.32391921 -0.94352031 -0.24676339 0.92201275 0.29832941
-0.04745724 0.32927555 -0.94304055 -0.08993465 0.93886125 0.33234215
-0.19742426 0.33972141 -0.91957223 0.04766405 0.94025153 0.33712798
-0.06557783 0.34262750 -0.93717980 -0.01874167 0.93861288 0.34446284
-0.22018443 0.34132215 -0.91379321 0.09395433 0.93984878 0.32841563
-0.21820661 0.34645769 -0.91233379 0.09771989 0.93791991 0.33280191
0.07837746 0.33395207 -0.93932581 -0.12204548 0.93835127 0.32342210
0.07182270 0.34121406 -0.93723774 -0.08395711 0.93839782 0.33520254
-0.21436378 0.37374833 -0.90241921 0.17765670 0.92340451 0.34023854
-0.16259450 0.34228897 -0.92541951 0.16095647 0.93453825 0.31738198
-0.21634194 0.37127686 -0.90296721 0.17457691 0.92467546 0.33837587
-0.12108116 0.39915085 -0.90885532 0.21073028 0.90505797 0.36940882
-0.15999942 0.41143945 -0.89728361 0.21417327 0.90181005 0.37532458
-0.12771207 0.41435605 -0.90110970 0.25702161 0.89133906 0.37343618
0.07968909 -0.37899533 0.92196107 -0.26791385 -0.89901370 -0.34640533
-0.08873019 -0.33581638 0.93773896 -0.04378396 -0.93922734 -0.34049228
-0.00051438 -0.32818335 0.94461393 0.00469707 -0.94460440 -0.32817754
-0.10309117 0.43892893 -0.89258820 0.21962309 0.88526630 0.40996262
-0.00013661 -0.38698843 0.92208457 -0.09320673 -0.91806567 -0.38531554
0.03226032 -0.42272785 0.90568233 -0.33334613 -0.85882115 -0.38898158
-0.08702804 -0.41038322 0.90775090 -0.31856403 -0.85189879 -0.41567460
0.03391570 -0.47328934 0.88025391 -0.42072341 -0.80567861 -0.41698191
-0.03703349 -0.44834322 0.89309400 -0.25626463 -0.85956073 -0.44213557
-0.12780078 -0.46152595 0.87787294 -0.20361558 -0.85406786 -0.47865319
-0.21917757 -0.44577846 0.86789560 -0.21909483 -0.84432036 -0.48899955
-0.13224931 -0.47537595 0.86978608 -0.34764421 -0.79950917 -0.48982513
-0.15118939 -0.45703858 0.87650299 -0.33532923 -0.81040508 -0.48041433
-0.16425398 -0.45263278 0.87643844 -0.37080407 -0.79500729 -0.48007071
-0.02578529 -0.48532644 0.87395275 -0.34255356 -0.81702417 -0.46381950
-0.00515766 -0.48149753 0.87643230 -0.33740351 -0.82421005 -0.45479307
-0.16346946 -0.46734947 0.86882812 -0.37096772 -0.78692204 -0.49308890
-0.14986961 -0.48007229 0.86433196 -0.36985904 -0.78351146 -0.49931371
-0.19689864 -0.47010612 0.86036688 -0.39321575 -0.76600945 -0.50853807
0.43235463 0.40946195 -0.80337435 0.00352174 0.89017808 0.45559916
0.43814677 0.40686530 -0.80155349 -0.00310510 0.89238125 0.45127174
0.49366185 0.39410993 -0.77522606 -0.16417839 0.91762447 0.36195418
-0.30324638 -0.42700094 0.85188723 -0.30852184 -0.80183500 -0.51173723
-0.40164053 -0.38543397 0.83073795 -0.24334967 -0.82959008 -0.50255477
0.61513805 0.36610368 -0.69826454 -0.12009201 0.91882527 0.37594947
0.58024371 0.33550739 -0.74212676 0.14126374 0.85593730 0.49740925
-0.29530680 -0.42780730 0.85426855 -0.11117397 -0.87268412 -0.47546065
-0.35896841 -0.41464594 0.83618808 -0.14986075 -0.85867095 -0.49012861
0.47331846 0.40179604 -0.78391945 -0.02910356 0.89656305 0.44195896
0.01703034 -0.46423739 0.88554710 -0.32250500 -0.84088826 -0.43462333
-0.03223512 -0.44371727 0.89558697 -0.24108715 -0.86614233 -0.43780652
0.19694889 0.34899521 -0.91619509 -0.08603455 0.93704557 0.33844313
-0.23552550 0.34760126 -0.90757984 0.13781257 0.93635952 0.32286009
0.07354082 0.33540934 -0.93919772 -0.11393559 0.93840742 0.32620576
0.17342995 0.38657466 -0.90580469 -0.51058286 0.82177788 0.25295532
0.27155450 0.38972497 -0.87998444 -0.09897976 0.92080349 0.37725857
0.48751730 0.40134555 -0.77540225 -0.34222591 0.90486342 0.25318712
0.53213024 0.39246157 -0.75020760 -0.31696123 0.91398412 0.25331524
0.54483128 0.38974833 -0.74246562 -0.32759106 0.91398776 0.23939608
0.51990992 0.40647200 -0.75131506 0.02253194 0.87270069 0.48773536
0.58419806 0.38976386 -0.71189660 -0.33931789 0.91409630 0.22201662
0.58688825 0.38644531 -0.71149302 -0.33622539 0.91571844 0.22002801
0.62018204 0.38374045 -0.68419123 -0.34751773 0.91632813 0.19893262
0.61776084 0.37153372 -0.69306153 -0.34447271 0.92014170 0.18622002
0.66326159 0.35306761 -0.65986919 -0.38244221 0.91780174 0.10666784
0.67310333 0.38301468 -0.63263875 -0.20379539 0.91838151 0.33917975
0.64986044 0.38973576 -0.65252399 -0.27711114 0.92092276 0.27406341
0.57079864 0.39420006 -0.72027445 -0.24043471 0.91901022 0.31242827
0.18787864 0.34681100 -0.91892534 -0.36858696 0.89210469 0.26132929
0.18099158 0.35370401 -0.91767943 -0.37181118 0.88844734 0.26910561
0.09252204 0.32556373 -0.94098246 -0.36985138 0.88866037 0.27109554
0.20812714 0.33062667 -0.92052656 -0.52268153 0.83308309 0.18104340
0.21270293 0.33207387 -0.91895837 -0.52279913 0.83321738 0.18008310
0.36031404 0.40287104 -0.84134936 -0.34033233 0.89653528 0.28354636
0.35631588 0.40047657 -0.84419048 -0.34026721 0.89706624 0.28194037
0.39111236 0.41118118 -0.82338399 -0.22965339 0.90995085 0.34532416
0.41255599 0.41186655 -0.81250447 -0.24181429 0.90946382 0.33823287
0.22790551 0.41223374 -0.88211250 -0.20777456 0.90567738 0.36956492
0.31982395 0.42226058 -0.84817964 -0.15727511 0.90643889 0.39196062
0.36569351 0.40035188 -0.84023011 -0.34279287 0.89723533 0.27831984
0.37911549 0.39384076 -0.83735353 -0.37514642 0.89262092 0.24998602
0.59963906 0.38544729 -0.70132983 -0.28340772 0.92185116 0.26433033
0.71724260 0.37429294 -0.58776516 -0.22199522 0.92227930 0.31641597
0.67499977 0.38019562 -0.63231844 -0.27284774 0.92488503 0.26484296
0.70250744 0.38075185 -0.60125816 -0.21572082 0.91902578 0.32993367
0.74702871 0.37398443 -0.54962146 -0.21191272 0.91758883 0.33633885
0.67545676 0.38198376 -0.63075083 -0.25195834 0.92344522 0.28942358
0.66504538 0.38042369 -0.64264494 -0.30184445 0.92403382 0.23463045
0.61442685 0.37961656 -0.69164366 -0.27061346 0.92485845 0.26721764
0.62980366 0.37520775 -0.68012244 -0.46254107 0.88458663 0.05968580
0.25770956 0.41249427 -0.87374729 -0.20030138 0.90745533 0.36932936
0.23781389 0.34178144 -0.90919197 -0.53703111 0.82622939 0.17012516
0.23886231 0.33004916 -0.91324282 -0.51987332 0.83779871 0.16680846
0.36656046 0.35506848 -0.85997665 -0.53034794 0.83918345 0.12042537
0.33440679 0.28553075 -0.89813387 -0.66401124 0.74766177 -0.00954139
0.32308841 0.26123562 -0.90959877 -0.69360816 0.71925217 -0.03980047
0.33136994 0.27099892 -0.90374416 -0.69906074 0.71381164 -0.04227471
0.43699414 0.20260578 -0.87634867 -0.71192843 0.67336971 -0.19932695
0.45934546 0.20049699 -0.86533391 -0.78556418 0.54640353 -0.29040012
0.49123123 0.23138988 -0.83973247 -0.80411178 0.49104112 -0.33508629
0.49803865 0.24568032 -0.83162415 -0.77646965 0.55332285 -0.30154410
0.52793324 0.29327601 -0.79704183 -0.75679213 0.58835679 -0.28478402
0.55155200 0.30355418 -0.77694613 -0.76273745 0.56059194 -0.32244113
0.46572289 0.23755591 -0.85244912 -0.71992981 0.66186988 -0.20887661
0.30607185 0.28001705 -0.90989590 -0.68135625 0.73194140 -0.00394323
0.59453660 0.39098749 -0.70260590 -0.31974590 0.91671610 0.23957083
0.65054286 0.37906840 -0.65810418 -0.07237718 0.89353138 0.44312897
0.64888710 0.36213842 -0.66917962 -0.32892698 0.92655885 0.18247128
0.72676897 0.33202016 -0.60130662 -0.01601417 0.88336694 0.46840844
0.62460399 0.38672519 -0.67846411 -0.18667740 0.91752750 0.35113361
0.16832130 0.34825298 -0.92216474 -0.35695657 0.89355379 0.27229342
0.48198250 0.39530468 -0.78193802 -0.25130519 0.91731334 0.30883974
0.54110998 0.39606631 -0.74184328 -0.27255881 0.91712749 0.29084173
0.60313225 0.39286295 -0.69418311 -0.23816149 0.91929275 0.31333685
0.58338547 0.39338565 -0.71056956 -0.18729916 0.91645551 0.35359353
0.11486715 0.35605785 -0.92737716 -0.27496976 0.90847605 0.31474254
0.22534084 0.41192564 -0.88291496 -0.20405918 0.90607792 0.37065163
0.23826684 0.41262364 -0.87918752 -0.19849356 0.90684009 0.37180829
0.34099358 0.42434448 -0.83884156 -0.10561616 0.90396613 0.41435546
0.48834518 0.41195980 -0.76929063 -0.16436993 0.90920037 0.38254046
-0.96458328 -0.16101567 0.20893317 0.06099924 -0.90676910 -0.41719168
0.77861166 0.38349247 -0.49668646 0.04674229 0.75388074 0.65534651
