-0.47162852 0.63355196 0.61333394 -0.87791312 -0.40257496 -0.25923359
-0.47467172 0.67450482 0.56544673 -0.88007081 -0.35442844 -0.31599978
0.43087044 -0.70573986 -0.56238955 0.80123460 0.58590704 -0.12139212
0.46088159 -0.71836501 -0.52109492 0.61722118 0.68136913 -0.39341354
0.40987697 -0.70397180 -0.58002126 0.41659567 0.71017081 -0.56754345
0.43346536 -0.71362144 -0.55032015 0.56479490 0.69098532 -0.45116088
0.42639238 -0.71510631 -0.55390662 0.56407219 0.68892401 -0.45519918
0.43618944 -0.71884131 -0.54130036 0.58361793 0.68385851 -0.43786731
0.45382923 -0.72273540 -0.52124143 0.56001645 0.68632561 -0.46404606
0.45525599 -0.72596592 -0.51547605 0.56339818 0.68318820 -0.46458206
0.42983556 -0.72479969 -0.53842998 0.57064927 0.68020374 -0.46008947
0.42137894 -0.72449738 -0.54547548 0.54353851 0.68324089 -0.48759401
0.46600732 -0.72578597 -0.50603557 0.45108482 0.68691045 -0.56980395
0.32062703 -0.70433497 -0.63333291 0.42469946 0.70455480 -0.56853575
0.36908993 -0.70931590 -0.60053617 0.67370695 0.64931124 -0.35286525
0.36467677 -0.70256805 -0.61107206 0.54489213 0.69318402 -0.47179291
0.34769133 -0.69478059 -0.62959564 0.55395812 0.69398206 -0.45991236
0.31967962 -0.67539996 -0.66455990 0.52189571 0.71089458 -0.47143799
0.37264436 -0.70467269 -0.60379857 0.63571846 0.66785312 -0.38708425
0.43286151 -0.72955066 -0.52951568 0.66805750 0.65399832 -0.35494429
0.26886955 -0.63952571 -0.72021949 0.60798520 0.69264430 -0.38806939
0.29853135 -0.65471065 -0.69442999 0.62587869 0.68360615 -0.37544447
0.32095176 -0.66862959 -0.67076409 0.67371058 0.65895724 -0.33449876
0.52079964 -0.73991525 -0.42578539 0.58667439 0.67253608 -0.45111904
0.37709776 -0.69872916 -0.60792679 0.63619804 0.67244363 -0.37824813
0.40784228 -0.71347898 -0.56974769 0.70305395 0.64353633 -0.30261552
0.38664675 -0.70671445 -0.59250230 0.64813012 0.66528237 -0.37057620
0.34548795 -0.69152832 -0.63437110 0.66256022 0.65847570 -0.35696465
0.27424672 -0.64659971 -0.71182698 0.52718389 0.72015625 -0.45105672
0.33573818 -0.69402677 -0.63687259 0.51173234 0.70202929 -0.49526253
0.42955253 -0.72754633 -0.53494024 0.54588044 0.68109238 -0.48798329
0.42268360 -0.73747230 -0.52675736 0.55383813 0.67026484 -0.49397215
0.42506137 -0.74395186 -0.51561463 0.53793901 0.66574901 -0.51710725
0.43014875 -0.75235993 -0.49892551 0.54024756 0.65731239 -0.52542657
0.44134200 -0.75170374 -0.49005979 0.49715003 0.65948033 -0.56385070
0.42754942 -0.73983538 -0.51946622 0.49616891 0.67239797 -0.54926991
0.41000992 -0.73569900 -0.53910929 0.52794832 0.67342210 -0.51746821
0.43244496 -0.73499221 -0.52228147 0.50330216 0.67737347 -0.53651857
0.44514742 -0.73501235 -0.51146913 0.53074151 0.67660826 -0.51040649
0.40124410 -0.72452295 -0.56041932 0.53558540 0.68191689 -0.49813420
0.42737776 -0.72780645 -0.53632647 0.51085329 0.68385744 -0.52092993
0.45134738 -0.72786164 -0.51623923 0.50421888 0.68533337 -0.52543473
0.46231505 -0.72322321 -0.51304287 0.51412684 0.69003636 -0.50943440
0.49325424 -0.72478181 -0.48103178 0.52296174 0.68896669 -0.50183254
0.44292730 -0.73053277 -0.51974744 0.50295448 0.68236560 -0.53048480
0.43013898 -0.75410479 -0.49629277 0.51286858 0.65654379 -0.55309683
0.37529519 -0.77232176 -0.51251602 0.50498039 0.63403231 -0.58566022
0.39412427 -0.77296042 -0.49719045 0.53616786 0.63275671 -0.55869764
0.38727954 -0.77905840 -0.49303415 0.53955561 0.62514186 -0.56398356
0.35473436 -0.77392292 -0.52460158 0.56791425 0.62407893 -0.53665531
0.26457128 -0.77354497 -0.57587355 0.46137387 0.62590826 -0.62878704
0.36500284 -0.78925413 -0.49381265 0.55468112 0.61034620 -0.56551421
0.39112556 -0.79123211 -0.47007719 0.53014416 0.61120969 -0.58768183
0.11920810 -0.76278949 -0.63556415 0.52358902 0.59218109 -0.61251628
0.12756905 -0.80829251 -0.57479513 0.22001570 0.58815330 -0.77824730
-0.00117368 -0.76161462 -0.64802921 0.52177185 0.55235791 -0.65011925
0.28967908 -0.79155785 -0.53807276 0.53629118 0.59987384 -0.59375346
0.37366593 -0.78821206 -0.48897398 0.57272834 0.61072677 -0.54680449
0.41973698 -0.77674490 -0.46956179 0.79960126 0.56124252 -0.21364611
0.40171576 -0.76031923 -0.51043028 0.72892749 0.60287791 -0.32435006
0.40604612 -0.75651360 -0.51265365 0.72690165 0.60735482 -0.32052171
0.40686125 -0.75425321 -0.51533097 0.73346150 0.60600370 -0.30788589
0.39412266 -0.76983589 -0.50201601 0.53825980 0.63609403 -0.55286592
0.35375515 -0.78316694 -0.51137739 0.44507957 0.62181139 -0.64440262
0.35712925 -0.77640241 -0.51928604 0.46366906 0.62997234 -0.62301356
0.50446939 -0.76798713 -0.39459652 0.57973790 0.63995081 -0.50434804
0.38413349 -0.76120192 -0.52250665 0.35754550 0.64441246 -0.67593926
0.37941965 -0.78338033 -0.49229673 0.51349860 0.62090850 -0.59227693
0.35565415 -0.79575145 -0.49019369 0.50370717 0.60499430 -0.61665314
0.34564114 -0.79866338 -0.49261448 0.52373880 0.59978724 -0.60494047
0.41096500 -0.74039865 -0.53190005 0.51309359 0.67011541 -0.53635842
0.42290378 -0.73799163 -0.52585250 0.56596309 0.66830730 -0.48275378
0.46450895 -0.71705592 -0.51967520 0.28638747 0.67692775 -0.67804945
0.43220541 -0.72607428 -0.53480345 0.56644809 0.68004578 -0.46548286
0.39295301 -0.71297544 -0.58073568 0.61928099 0.67203486 -0.40602991
0.42595875 -0.71985269 -0.54806149 0.66071218 0.66132849 -0.35511151
0.45572495 -0.72013932 -0.52317697 0.56131607 0.68866503 -0.45898229
0.40486485 -0.70719397 -0.57962167 0.60556275 0.68233430 -0.40952867
0.34309307 -0.67574179 -0.65242636 0.43520668 0.72989410 -0.52711469
-0.47533274 0.67617559 0.56289023 -0.87974674 -0.35786048 -0.31302005
-0.47451338 0.63904929 0.60535371 -0.87622052 -0.40862781 -0.25546229
-0.47532287 0.67862332 0.55994523 -0.87716293 -0.31617969 -0.36140797
-0.47418797 0.68370211 0.55470455 -0.87772912 -0.31785423 -0.35855302
-0.47011894 0.71079808 0.52321541 -0.87729949 -0.31144145 -0.36517102
-0.47485897 0.67305964 0.56700951 -0.87644160 -0.30329174 -0.37398443
-0.46470076 0.72674465 0.50586104 -0.87236905 -0.27785796 -0.40220290
-0.46621183 0.67896193 0.56714845 -0.88454324 -0.34676400 -0.31199053
-0.45794046 0.57846636 0.67503130 -0.88439804 -0.37346750 -0.27993256
-0.47141758 0.75594991 0.45420840 -0.87910491 -0.44384775 -0.17370614
-0.46798342 0.65018582 0.59853989 -0.88350993 -0.32885677 -0.33356181
-0.47057530 0.67682427 0.56609875 -0.75913781 0.01646117 -0.65072185
-0.45949617 0.70993549 0.53371793 -0.88389927 -0.30658692 -0.35316658
-0.46325141 0.67451352 0.57483023 -0.87891698 -0.26653796 -0.39555347
-0.44681406 0.75301731 0.48303437 -0.88637340 -0.29944688 -0.35309178
-0.45173624 0.72686076 0.51730835 -0.88673443 -0.30200538 -0.34999281
-0.45350814 0.71339929 0.53422076 -0.88600367 -0.29591629 -0.35697487
-0.44820607 0.72566772 0.52203232 -0.88616920 -0.28389767 -0.36620528
-0.44113487 0.76417929 0.47056365 -0.89702332 -0.35946277 -0.25716874
-0.44522730 0.71978742 0.53261507 -0.89530021 -0.34821847 -0.27781561
-0.44256783 0.73483491 0.51395661 -0.89384568 -0.31552362 -0.31856689
-0.43929249 0.74461073 0.50257045 -0.88974732 -0.28342184 -0.35780132
-0.41808397 0.81046546 0.41030675 -0.88722706 -0.26734069 -0.37597501
-0.43130443 0.75532836 0.49341229 -0.89969397 -0.31929618 -0.29765880
-0.44242704 0.68821871 0.57498991 -0.88997823 -0.25798222 -0.37601054
-0.41671658 0.79957539 0.43246564 -0.89560813 -0.27965376 -0.34594765
-0.42660934 0.75074464 0.50436801 -0.90286636 -0.32065997 -0.28637320
-0.42192358 0.77192861 0.47550690 -0.90426207 -0.32040483 -0.28222486
-0.42074165 0.77789587 0.46674886 -0.90400088 -0.31647685 -0.28744534
-0.41892090 0.76457942 0.48981997 -0.90714288 -0.32865903 -0.26282144
-0.41730079 0.76175910 0.49556345 -0.90835345 -0.33315662 -0.25278601
-0.41056752 0.80566347 0.42701378 -0.90780962 -0.31723529 -0.27430558
-0.39669013 0.84786117 0.35180730 -0.89534545 -0.27284464 -0.35201195
-0.40217727 0.68871582 0.60326117 -0.91150916 -0.36311907 -0.19312097
-0.41156986 0.83468688 0.36593455 -0.90907508 -0.40451127 -0.09976567
-0.40738490 0.83783978 0.36340350 -0.91115665 -0.39985260 -0.09955612
-0.40873206 0.85034084 0.33144915 -0.90967560 -0.40890050 -0.07273743
-0.40524194 0.85264993 0.32979846 -0.91144240 -0.40485725 -0.07323600
-0.41134074 0.74465156 0.52563572 -0.87824517 -0.47810698 -0.00995922
-0.43840358 0.74772710 0.49870494 -0.89154959 -0.29155886 -0.34660184
-0.43943557 0.75105989 0.49275291 -0.89122450 -0.29594532 -0.34370804
-0.44665888 0.70446789 0.55156219 -0.89467549 -0.35662892 -0.26901975
-0.44622931 0.71105951 0.54339111 -0.88140613 -0.45431650 -0.12930498
-0.45043659 0.67885375 0.57988322 -0.83510745 -0.55006647 -0.00473937
0.45165133 -0.72473550 -0.52035534 0.68528122 0.65526509 -0.31783223
-0.47004411 0.62925541 0.61894763 -0.87707287 -0.41164681 -0.24756850
