-0.11333244 -0.38166344 0.91732699 -0.99354339 0.04839274 -0.10261440
-0.10668390 -0.45740008 0.88283849 -0.99342197 0.01187658 -0.11389375
-0.09798474 -0.68874222 0.71835458 -0.99402201 0.03280281 -0.10413565
-0.06606646 -0.91643625 0.39468959 -0.99468672 0.02918942 -0.09872359
-0.06636809 -0.88037449 0.46961272 -0.99630219 0.03273251 -0.07943953
-0.06349299 -0.87476337 0.48037249 -0.99636459 0.02816765 -0.08040040
-0.05967479 -0.87700081 0.47676888 -0.99612594 0.02141318 -0.08529128
-0.06420621 -0.81486171 0.57608861 -0.99716818 0.02973584 -0.06907580
-0.06644340 -0.73715889 0.67244482 -0.99605161 0.00923464 -0.08829521
-0.06726497 -0.71467251 0.69621742 -0.99661326 0.01504467 -0.08084421
-0.03521695 -0.96448141 0.26179263 -0.99713290 0.01635528 -0.07388142
-0.03460393 -0.97038788 0.23906048 -0.99755704 0.01901276 -0.06721997
-0.03483006 -0.97110510 0.23609702 -0.99772125 0.02012790 -0.06439892
-0.04071108 -0.92214715 0.38469124 -0.99842054 0.02262544 -0.05142514
-0.04637578 -0.85684013 0.51349229 -0.99678892 0.00610229 -0.07984184
-0.05188320 -0.79410762 0.60555869 -0.99713647 0.00778710 -0.07522115
-0.03178671 -0.95113564 0.30713299 -0.99787867 0.01273292 -0.06384386
-0.03017296 -0.98502374 0.16975813 -0.99842960 0.02168125 -0.05165603
-0.03176495 -0.92905319 0.36857998 -0.99926275 0.02156365 -0.03176448
-0.03147075 -0.92131203 0.38754839 -0.99919307 0.01931878 -0.03521297
-0.03100103 -0.93461990 0.35429469 -0.99926662 0.02100959 -0.03201379
-0.04667576 -0.78638387 0.61597222 -0.99766594 0.00593155 -0.06802636
-0.04524520 -0.53097773 0.84617704 -0.98419839 -0.12146234 -0.12884307
-0.06603811 -0.35802492 0.93137378 -0.99463379 -0.05088054 -0.09008224
-0.07558788 -0.41044599 0.90874672 -0.99533784 -0.02369773 -0.09349373
-0.07821337 -0.37791756 0.92252970 -0.99533367 -0.02285315 -0.09374767
-0.08360953 -0.41020235 0.90815395 -0.99539763 -0.00844993 -0.09545839
-0.08523840 -0.42044476 0.90330541 -0.99525994 -0.00667252 -0.09702121
-0.07149783 -0.55814981 0.82665402 -0.99626440 -0.00027756 -0.08635494
-0.02939395 -0.99274063 0.11662833 -0.99806207 0.02274702 -0.05791983
-0.07040536 -0.61886376 0.78233671 -0.99585843 -0.00162083 -0.09090310
-0.09039895 -0.36302793 0.92738277 -0.99518234 -0.00255542 -0.09800822
-0.09260163 -0.41005683 0.90734684 -0.99478781 -0.00096523 -0.10196187
-0.09075868 -0.47615486 0.87466532 -0.99510896 0.00896525 -0.09837583
-0.09123643 -0.46833110 0.87882990 -0.99478310 0.00242081 -0.10198417
-0.09887608 -0.44395396 0.89057755 -0.99423265 0.00672081 -0.10703402
-0.03332664 -0.98183584 0.18678275 -0.99730992 0.02046157 -0.07038707
-0.10592278 -0.96073890 0.25643939 -0.99295336 0.08841144 -0.07891165
-0.12041160 -0.91588885 0.38294744 -0.99204743 0.09677622 -0.08047523
-0.11657257 -0.35332975 0.92820740 -0.98816240 -0.05258342 -0.14411858
-0.10487887 -0.44164672 0.89103794 -0.99360079 0.00876002 -0.11260898
-0.13427092 -0.17975652 0.97450447 -0.98645282 -0.06928235 -0.14869699
-0.11232998 -0.19895852 0.97354895 -0.99344856 0.00175781 -0.11426682
-0.09908652 -0.20667146 0.97338015 -0.99471128 -0.00601346 -0.10253476
-0.09501451 -0.24752688 0.96421093 -0.99498028 -0.00694736 -0.09983004
-0.09473191 -0.19116516 0.97697580 -0.99501425 -0.01256117 -0.09893886
-0.09168632 -0.19354832 0.97679716 -0.99531698 -0.01235368 -0.09587250
-0.08541707 -0.23774084 0.96756566 -0.99571955 -0.01404359 -0.09135316
-0.08143207 -0.28782660 0.95421416 -0.99606788 -0.01001741 -0.08802546
-0.07638542 -0.24078108 0.96756899 -0.99578208 -0.03104531 -0.08633839
-0.07247395 -0.21428764 0.97407824 -0.99644709 -0.02645613 -0.07995833
-0.06570698 -0.27491286 0.95922130 -0.99700326 -0.02124775 -0.07438467
-0.06001527 -0.32474673 0.94389498 -0.99503917 -0.05569901 -0.08243037
-0.98368019 -0.16609816 -0.06917198 0.06629027 0.02283781 -0.99753904
-0.87234473 -0.48818848 -0.02620559 0.07664213 -0.08361913 -0.99354613
-0.85303122 -0.52159870 -0.01650822 0.06898925 -0.08135748 -0.99429446
-0.93694448 -0.30626175 -0.16834134 0.09051260 0.25260261 -0.96332723
-0.07948288 0.11130905 0.99060225 -0.99281615 -0.09799686 -0.06864910
-0.10006844 0.38220295 0.91864425 -0.99233526 -0.10561836 -0.06415301
-0.09841622 0.29410735 0.95069200 -0.99448889 -0.06376183 -0.08322466
-0.08796393 0.39440581 0.91471660 -0.99594241 -0.05234136 -0.07320658
-0.08503420 0.40964273 0.90827423 -0.99626786 -0.04851437 -0.07139173
-0.08385979 0.21535815 0.97292775 -0.99645114 -0.02524030 -0.08030038
-0.08720113 0.20754969 0.97433007 -0.99612540 -0.02936910 -0.08289564
-0.09011073 0.24285604 0.96586806 -0.99579149 -0.03825051 -0.08328480
-0.08980390 0.38888142 0.91690046 -0.99590677 -0.02558746 -0.08668968
-0.09477328 0.46259794 0.88148808 -0.99548048 -0.03865143 -0.08674524
-0.09874411 0.13554662 0.98583806 -0.99510038 -0.01841466 -0.09713993
-0.10003021 0.16892436 0.98053998 -0.99480629 -0.03562569 -0.09534812
-0.09726629 0.47675237 0.87363982 -0.99517602 -0.03529182 -0.09153844
-0.09910338 0.39672220 0.91257334 -0.99507552 -0.04115979 -0.09016958
-0.10833395 0.33232313 0.93692327 -0.99410355 -0.03177586 -0.10367476
-0.11372026 0.30116746 0.94676602 -0.99348843 -0.04115367 -0.10624126
-0.10213535 0.63099694 0.76903266 -0.99454355 -0.04825819 -0.09248929
-0.09521066 0.66818690 0.73787612 -0.99521077 -0.04740086 -0.08549136
-0.09412805 0.76398855 0.63832706 -0.99490160 -0.04886870 -0.08821970
-0.09891357 0.76581657 0.63540626 -0.99443161 -0.05274162 -0.09123670
-0.10297585 0.76429015 0.63659763 -0.99403644 -0.05598403 -0.09358139
-0.10814808 0.97250342 0.20625500 -0.98935580 -0.08496757 -0.11813378
0.99524850 0.05222022 0.08218016 -0.05284390 0.99858803 0.00543111
-0.09368126 0.90578079 0.41326135 -0.99465299 -0.06702624 -0.07856835
-0.08171732 0.96300519 0.25679430 -0.99586380 -0.06862724 -0.05954548
-0.07647847 0.94460446 0.31917629 -0.99652976 -0.06186639 -0.05568647
-0.08231683 0.84542280 0.52771610 -0.99613476 -0.05351073 -0.06965768
-0.08028889 0.83180660 0.54922813 -0.99637324 -0.05139637 -0.06781492
-0.08079977 0.80053502 0.59381402 -0.99613160 -0.04420895 -0.07594362
-0.07098494 0.94547719 0.31785849 -0.99699682 -0.05736115 -0.05202980
-0.07099761 0.90316838 0.42337492 -0.99654895 -0.04592493 -0.06914591
-0.07104903 0.90359521 0.42245442 -0.99631816 -0.04391471 -0.07363239
-0.07110061 0.87569362 0.47760385 -0.99656695 -0.04200365 -0.07134408
-0.07428900 0.85111743 0.51969254 -0.99655801 -0.04413642 -0.07017232
-0.07449937 0.82902563 0.55422592 -0.99685884 -0.04693319 -0.06379445
-0.07182574 0.86496651 0.49666286 -0.99709928 -0.04969613 -0.05764858
-0.07347073 0.85143143 0.51929432 -0.99725538 -0.05794286 -0.04609084
-0.06317038 0.95369381 0.29407075 -0.99677265 -0.04566569 -0.06602298
0.99789333 0.04047292 0.05070405 -0.03925716 0.99892265 -0.02474856
0.99540925 0.04694553 0.08340635 -0.04322162 0.99801028 -0.04590703
-0.01386662 0.93391430 -0.35722792 -0.99662924 -0.04179908 -0.07059043
-0.01826231 0.96299136 -0.26891300 -0.99683166 -0.03836157 -0.06967833
-0.01006010 0.93100762 -0.36486110 -0.99829602 -0.03032504 -0.04985426
-0.01137001 0.94486839 -0.32725298 -0.99819350 -0.03003410 -0.05203560
-0.00581761 0.91413778 -0.40536198 -0.99677223 -0.03775974 -0.07084721
-0.00475445 0.91381073 -0.40611252 -0.99680382 -0.03671780 -0.07095047
0.99768984 0.04126381 0.05396623 -0.04137051 0.99914354 0.00086102
-0.01514790 0.95260310 -0.30383867 -0.99916202 -0.02597710 -0.03163080
-0.01491498 0.93960577 -0.34193367 -0.99891818 -0.02906599 -0.03629863
-0.01581753 0.95426357 -0.29854804 -0.99856538 -0.03035290 -0.04411292
-0.01658984 0.96834099 -0.24907920 -0.99838120 -0.02959765 -0.04856941
-0.01709105 0.94388217 -0.32983992 -0.99815518 -0.03532898 -0.04937812
-0.01002203 0.90887994 -0.41693756 -0.99723238 -0.03980310 -0.06279582
-0.00915928 0.87750381 -0.47948223 -0.99897254 -0.02931337 -0.03456381
0.99697393 0.01417500 0.07643358 -0.01148333 0.99930227 -0.03554103
0.99842250 0.02173729 0.05176917 -0.02199741 0.99974811 0.00445997
-0.01467424 0.92201084 -0.38688597 -0.99828959 -0.03540894 -0.04652091
0.99783975 0.04136800 0.05103486 -0.03981166 0.99872172 -0.03114456
-0.06406566 0.95226824 0.29846424 -0.99690455 -0.04741097 -0.06271902
-0.03809406 0.99705011 -0.06663305 -0.99760443 -0.04179900 -0.05512109
0.99837857 0.02377786 0.05171870 -0.02396423 0.99970835 0.00298626
-0.03427542 0.98568922 -0.16505145 -0.99591911 -0.04748277 -0.07675003
-0.09474706 0.82905132 0.55108702 -0.99488896 -0.05944179 -0.08162505
-0.09626488 0.71611601 0.69131106 -0.99461877 -0.04248483 -0.09449118
-0.09427464 0.66431224 0.74148607 -0.99535465 -0.04828369 -0.08329390
-0.09303693 0.75051212 0.65427494 -0.99541563 -0.05547307 -0.07791401
-0.08782869 0.76776046 0.63468891 -0.99552912 -0.04542141 -0.08281732
-0.08660907 0.67021817 0.73709327 -0.99599618 -0.04180229 -0.07902072
-0.08546783 0.63690561 0.76618969 -0.99606055 -0.03637461 -0.08087285
-0.08352487 0.66112691 0.74561042 -0.99630123 -0.04024581 -0.07592215
-0.08495282 0.61966127 0.78025830 -0.99634320 -0.04565713 -0.07221992
-0.08520304 0.61524045 0.78372163 -0.99631226 -0.04462125 -0.07328626
-0.08592680 0.61802429 0.78144902 -0.99624407 -0.04488219 -0.07404933
-0.08915456 0.91233343 0.39962384 -0.99600458 -0.07959304 -0.04049549
-0.08833449 0.97596920 0.19920136 -0.99237120 -0.06896017 -0.10219601
-0.07964309 0.08719727 0.99300236 -0.99572128 -0.05379207 -0.07513758
-0.07715273 -0.04936047 0.99579668 -0.99637228 -0.03215929 -0.07879143
-0.08634644 -0.05288909 0.99486035 -0.99607152 -0.01510649 -0.08725466
-0.99422407 -0.02300131 -0.10483070 0.10473473 0.00534104 -0.99448586
-0.99384093 -0.02435274 -0.10810763 0.10804816 0.00374849 -0.99413860
-0.09995080 0.03573224 0.99435061 -0.99486494 -0.01958804 -0.09929860
-0.10228760 0.04155009 0.99388677 -0.99443835 -0.02947409 -0.10111219
-0.11320680 0.10286310 0.98823255 -0.99341530 0.00591479 -0.11441618
