0.81547201 0.50867724 -0.27613923 0.08558385 -0.57781971 -0.81166482
0.82835954 0.51840723 -0.21230747 0.09496019 -0.50344485 -0.85879332
0.78627783 0.61786932 0.00218882 0.26347122 -0.33207542 -0.90570909
0.76666617 0.63821554 0.07002860 0.31997976 -0.28524742 -0.90346384
0.72660875 0.68564790 0.04389365 0.33969113 -0.30298299 -0.89039952
0.69170588 0.71106887 0.12619060 0.40561652 -0.23795271 -0.88252687
0.68215203 0.72131646 0.11988014 0.38210970 -0.21186885 -0.89950198
0.67925686 0.70735490 0.19559962 0.42085207 -0.15708244 -0.89342523
0.62643522 0.76538301 0.14753917 0.44893861 -0.19954009 -0.87099826
0.60090488 0.78938884 0.12561288 0.44998676 -0.20420161 -0.86937547
0.59783512 0.79347891 0.11394851 0.46810716 -0.23016803 -0.85316962
0.63167930 0.76959604 0.09329122 0.44007117 -0.25690547 -0.86042839
0.01263358 -0.78945303 -0.61368084 -0.85753924 -0.32419822 0.39940217
-0.74452358 -0.30626637 0.59319955 0.07182388 0.84665620 0.52727091
-0.74302584 -0.29128274 0.60255033 0.08400703 0.85260683 0.51575619
-0.73189121 -0.28067192 0.62093359 0.10820422 0.85180175 0.51256776
-0.70702219 -0.29231173 0.64395148 0.16337666 0.81842941 0.55089146
0.54971057 0.81825519 0.16815707 0.50009513 -0.16111225 -0.85085124
0.54420120 0.82293981 0.16314171 0.39152282 -0.07713528 -0.91692966
0.58194941 0.78936952 0.19552679 0.47056279 -0.13076578 -0.87262309
0.55492395 0.81042069 0.18782406 0.46571016 -0.11555018 -0.87736094
0.59058636 0.77985638 0.20744106 0.43345213 -0.08973312 -0.89669794
0.62030470 0.75090468 0.22663686 0.42728189 -0.08119037 -0.90046567
0.66875184 0.69972092 0.25131968 0.38896090 -0.04118863 -0.92033309
0.64154547 0.73026061 0.23481654 0.38277474 -0.03948215 -0.92299771
0.68638092 0.68562788 0.24247836 0.33577597 -0.00302039 -0.94193709
0.59098667 0.77959818 0.20727143 0.37186584 -0.03527381 -0.92761612
0.58077365 0.78984845 0.19708216 0.36107022 -0.03295332 -0.93195623
0.60053468 0.78188980 0.16735147 0.30519882 -0.03069274 -0.95179391
0.61208397 0.77665752 0.14885005 0.28683126 -0.04263215 -0.95703202
0.64135545 0.74834615 0.16923715 0.31326202 -0.05405784 -0.94812697
0.68931550 0.70496911 0.16692153 0.30523753 -0.07365680 -0.94942337
0.69382429 0.71058846 0.11692669 0.27945200 -0.11602353 -0.95312387
0.68807614 0.72535831 0.02016199 0.26487353 -0.22519752 -0.93761832
-0.41354993 0.53996688 0.73308408 0.68794322 0.71273690 -0.13689485
-0.32708666 0.50223780 0.80048209 0.73524135 0.66740000 -0.11831100
-0.32337481 0.50224453 0.80198461 0.73558456 0.66656840 -0.12083875
-0.43029431 0.53904539 0.72406971 0.68558407 0.71695012 -0.12632164
-0.39644605 0.51107109 0.76265121 0.68214262 0.71995324 -0.12786245
-0.57076073 0.62657124 0.53069842 0.66138327 0.73383731 -0.15509698
-0.50988740 0.65228862 0.56083375 0.69831926 0.69457632 -0.17295681
-0.47345078 0.67056155 0.57113183 0.72373462 0.66573352 -0.18167876
-0.40547991 0.63729739 0.65531534 0.72032177 0.66413075 -0.20016752
0.19984771 -0.62110645 -0.75781769 -0.80587077 -0.54412782 0.23344645
0.23154078 -0.67985147 -0.69583833 -0.84941268 -0.48995832 0.19605875
0.20848654 -0.64505130 -0.73514783 -0.85336459 -0.48720226 0.18548027
0.19798510 -0.64032483 -0.74214965 -0.85372299 -0.48466349 0.19041659
0.23467216 -0.69136393 -0.68333369 -0.85278010 -0.48383197 0.19665386
0.32641464 -0.80782211 -0.49079224 -0.87223083 -0.45750302 0.17292891
-0.50682658 0.58518887 0.63299358 0.65115649 0.74107099 -0.16373481
-0.58607286 0.54065806 0.60349607 0.60392755 0.78803188 -0.11948757
-0.58556080 0.49810335 0.63954014 0.57023048 0.81384695 -0.11176029
-0.60182685 0.46486872 0.64938551 0.55091798 0.83033806 -0.08383458
-0.50257844 0.22344099 0.83515811 0.38115290 0.92433810 -0.01793168
-0.76969540 0.30707568 0.55970842 0.36258271 0.93186587 -0.01264068
-0.65663815 0.27292415 0.70309234 0.33809510 0.93983215 -0.04906436
-0.80110443 0.18875827 0.56798071 0.22770494 0.97372717 -0.00243603
-0.57414705 0.08389720 0.81444246 0.16405493 0.98635125 0.01404588
-0.80752212 0.05129450 0.58760279 0.07894407 0.99664748 0.02148824
-0.57934219 -0.02182863 0.81479216 0.01232263 0.99929255 0.03553324
-0.81901836 -0.03845592 0.57247722 -0.00954739 0.99852669 0.05341659
-0.82451415 -0.08519907 0.55939049 -0.05348501 0.99590784 0.07284944
-0.79131252 -0.09357025 0.60420948 -0.05765213 0.99523610 0.07862110
-0.43892309 -0.08039762 0.89492053 -0.13576713 0.99048769 0.02239475
-0.66842633 -0.07959665 0.73950702 -0.05735525 0.99681282 0.05544937
-0.67601568 -0.05587410 0.73476589 -0.03499004 0.99843043 0.04373174
-0.36204788 -0.05209529 0.93070269 -0.04375163 0.99828643 0.03885864
-0.41376925 -0.05891988 0.90847319 -0.06917474 0.99705338 0.03315881
-0.22149897 -0.04041949 0.97432262 -0.09701684 0.99509704 0.01922585
-0.22723745 -0.04047045 0.97299808 -0.10427338 0.99440324 0.01700838
-0.20192334 -0.03843565 0.97864687 -0.15072273 0.98854595 0.00772593
-0.46828797 -0.07634063 0.88027185 -0.12389108 0.99209166 0.02013037
-0.36301708 -0.06306686 0.92964578 -0.12377140 0.99212939 0.01897428
-0.46699786 -0.07497199 0.88107449 -0.10168609 0.99434233 0.03071323
-0.21291569 -0.03763634 0.97634548 -0.15299495 0.98821563 0.00472966
-0.22920556 -0.03869579 0.97260857 -0.14718257 0.98909837 0.00466671
-0.25318214 -0.04031509 0.96657830 -0.16592571 0.98613554 -0.00233120
-0.23650160 -0.03893819 0.97085059 -0.18792541 0.98216259 -0.00638722
-0.22771983 -0.03700734 0.97302324 -0.17249747 0.98500574 -0.00290709
-0.21629177 -0.03290191 0.97577423 -0.17005132 0.98542511 -0.00446655
-0.22979876 -0.03903656 0.97245502 -0.14679255 0.98915458 0.00501868
-0.23189004 -0.03837733 0.97198468 -0.14871107 0.98887426 0.00356564
-0.20818339 -0.03411389 0.97749472 -0.14158437 0.98991644 0.00439326
-0.24059929 -0.03730823 0.96990728 -0.13710524 0.99054807 0.00409128
-0.25372386 -0.03727788 0.96655810 -0.16041382 0.98704159 -0.00404114
-0.31355676 -0.04644442 0.94843298 -0.15875255 0.98730975 -0.00413620
-0.33964807 -0.04975094 0.93923593 -0.14373119 0.98961669 0.00044328
-0.36124656 -0.05467352 0.93086618 -0.11384556 0.99339747 0.01416554
-0.40316945 -0.05727367 0.91333139 -0.17715894 0.98404402 -0.01649485
-0.33060378 -0.05015092 0.94243622 -0.14884323 0.98886073 0.00040761
-0.33960423 -0.05255782 0.93909889 -0.13785996 0.99043608 0.00557698
-0.32291469 -0.05111527 0.94504678 -0.09859763 0.99492395 0.02012301
-0.24387847 -0.04129953 0.96892607 -0.12451231 0.99215764 0.01095003
-0.23182705 -0.04060574 0.97190917 -0.09951758 0.99487609 0.01782761
-0.27754721 -0.04425453 0.95969218 -0.07669551 0.99677086 0.02378367
-0.29065412 -0.04426766 0.95580363 -0.05877180 0.99786901 0.02834375
-0.28539166 -0.04287608 0.95745146 -0.02214257 0.99902719 0.03813776
-0.28945884 -0.03995451 0.95635623 -0.02473508 0.99910706 0.03425402
-0.21657461 -0.03773458 0.97553658 -0.03591935 0.99888420 0.03066338
-0.27948776 -0.03772580 0.95940787 0.03193795 0.99830955 0.04855942
-0.28004104 -0.03555712 0.95932931 0.03163313 0.99842936 0.04624048
-0.62905604 -0.01943700 0.77711701 -0.01011123 0.99980736 0.01682208
-0.25663176 -0.03351398 0.96592808 0.02033728 0.99899018 0.04006440
-0.23572111 -0.03210042 0.97129047 0.08408064 0.99503297 0.05329050
-0.27174261 -0.02394218 0.96207213 0.16364463 0.98398203 0.07070976
-0.31507650 -0.02677049 0.94868869 0.07779962 0.99550933 0.05393034
-0.31162339 -0.03196156 0.94966805 0.07277954 0.99569541 0.05739246
-0.27211204 -0.03244529 0.96171850 0.05446365 0.99730998 0.04905617
-0.37507021 -0.03052893 0.92649359 0.08086327 0.99457020 0.06550781
-0.39956155 -0.04780512 0.91545904 0.03198081 0.99730456 0.06603743
-0.38405818 -0.04942581 0.92198509 -0.01932178 0.99877775 0.04549392
-0.43163988 -0.05037360 0.90063840 -0.02280694 0.99872983 0.04492949
-0.44392487 -0.05190439 0.89455950 -0.02861294 0.99863297 0.04374382
-0.41584238 -0.05467445 0.90779179 -0.06944230 0.99718595 0.02824827
-0.43983591 -0.05788926 0.89621049 -0.09914158 0.99495089 0.01561122
-0.48334819 -0.05947431 0.87340564 -0.10982426 0.99392706 0.00690376
-0.50316739 -0.05785995 0.86224991 -0.10619487 0.99433404 0.00475306
-0.49284828 -0.05617756 0.86829984 -0.03373800 0.99839699 0.04544488
-0.56522661 -0.05397057 0.82316834 -0.03065514 0.99854255 0.04441960
-0.56875968 -0.04768281 0.82112044 0.03406657 0.99609584 0.08144034
-0.55517071 -0.04374281 0.83058542 0.04038347 0.99602067 0.07944812
-0.49916145 -0.05023678 0.86505157 0.02708368 0.99692565 0.07352333
-0.48223293 -0.04659141 0.87480325 0.06612977 0.99379957 0.08938293
-0.46028352 -0.04230236 0.88676357 0.06719550 0.99433869 0.08231264
-0.50512528 -0.04476295 0.86188447 0.08302332 0.99150223 0.10015234
-0.50552565 -0.03994926 0.86188632 0.08769748 0.99137509 0.09738874
-0.56034434 -0.03928325 0.82732767 0.10403199 0.98762608 0.11735483
-0.59966904 -0.03124868 0.79963779 0.09937347 0.98859537 0.11315559
-0.59477991 -0.04237895 0.80277085 0.09725802 0.98748058 0.12418924
-0.61033183 -0.04855539 0.79065633 0.08872350 0.98764908 0.12914139
-0.65451223 -0.04070929 0.75495470 0.13188642 0.97709155 0.16702721
-0.59564137 -0.03908784 0.80229896 0.17068110 0.96984702 0.17396751
-0.56635857 -0.03241377 0.82352138 0.15252917 0.97784215 0.14338639
-0.53817064 -0.01094348 0.84276491 0.17068461 0.97778213 0.12169202
-0.50470310 -0.01726946 0.86312026 0.16806498 0.97870523 0.11785683
-0.48130068 -0.01507343 0.87642598 0.19057842 0.97413492 0.12141252
-0.42788687 -0.01611752 0.90368861 0.18303947 0.97757822 0.10410259
-0.41776937 -0.01864133 0.90836185 0.14437306 0.98572409 0.08662830
-0.40943816 -0.01921279 0.91213560 0.13607739 0.98730892 0.08187843
-0.32194525 -0.00059722 0.94675815 0.15990715 0.98559874 0.05499817
-0.30508330 -0.00310869 0.95232064 0.15878576 0.98583055 0.05408632
-0.30618432 0.00128271 0.95197141 0.16517000 0.98490405 0.05179685
-0.29337683 0.00479405 0.95598489 0.23951764 0.96846211 0.06864759
-0.22892934 -0.01533994 0.97332221 0.16937275 0.98399681 0.05534533
-0.43261233 0.02224868 0.90130550 0.16803496 0.98416865 0.05635995
-0.34190235 -0.00363273 0.93972850 0.14718400 0.98744410 0.05736728
-0.58800089 0.04405968 0.80765939 0.11433876 0.99301642 0.02907079
-0.58720529 0.02586560 0.80902475 0.10321486 0.99372298 0.04314463
-0.54040688 0.11725924 0.83319306 0.23476829 0.97192800 0.01548602
-0.38475344 0.09612376 0.91800058 0.27350324 0.96177030 0.01392409
0.27130049 0.96243143 0.01104073 0.07987524 -0.01108174 -0.99674326
0.27466246 0.96143758 0.01408552 0.23643316 -0.05333033 -0.97018313
0.27304733 0.96191639 0.01273239 0.24291840 -0.05613575 -0.96842116
0.27730721 0.96067029 0.01460693 0.24474624 -0.05593051 -0.96797270
0.30865237 0.95077693 0.02751336 0.27056041 -0.06002824 -0.96082973
0.38262400 0.92279071 0.04534563 0.27052149 -0.06496886 -0.96051925
0.40480870 0.91228372 0.06219631 0.30120039 -0.06881106 -0.95107490
0.41946751 0.90512562 0.06924325 0.30601364 -0.06917890 -0.94951040
0.43758282 0.89590794 0.07661790 0.30725858 -0.06890313 -0.94912833
0.46591151 0.88061494 0.08627779 0.29955554 -0.06523074 -0.95184630
0.46736255 0.88040745 0.08034340 0.29782805 -0.07122850 -0.95195848
-0.37583268 0.25763294 0.89015460 0.52047390 0.85344243 -0.02725801
0.60043275 0.79767281 -0.05655627 0.29830736 -0.28904095 -0.90965271
0.61874580 0.78445029 -0.04232547 0.31809819 -0.29943880 -0.89952761
0.58709884 0.80333555 0.09983528 0.25036150 -0.06290700 -0.96610659
0.52962500 0.84290159 0.09494370 0.27608651 -0.06546520 -0.95890075
0.52695477 0.84170896 0.11766381 0.28282431 -0.04311453 -0.95820224
0.47794953 0.87227964 0.10340448 0.30550659 -0.05470568 -0.95061719
0.48303068 0.86679393 0.12389363 0.32649082 -0.04700736 -0.94403076
0.51735675 0.84460706 0.13777147 0.34136194 -0.05605038 -0.93825924
0.51402152 0.84496188 0.14772046 0.36921385 -0.06250162 -0.92724043
0.52002174 0.83925182 0.15885159 0.37517649 -0.05735351 -0.92517740
0.52667755 0.83335894 0.16770138 0.39082408 -0.06219129 -0.91836208
0.51794088 0.83863914 0.16858727 0.44812065 -0.09813309 -0.88857067
0.51461577 0.84111005 0.16644692 0.44565395 -0.09654554 -0.88998407
0.53232378 0.82775342 0.17735709 0.44160050 -0.09278209 -0.89240158
0.52920991 0.82972848 0.17744756 0.44234815 -0.09133070 -0.89218098
0.60260993 0.76625019 0.22298445 0.41765326 -0.06471971 -0.90629858
0.49842700 0.85167080 0.16194905 0.46605685 -0.10571763 -0.87841612
-0.67514247 -0.26934823 0.68675631 0.20476353 0.82595009 0.52524126
-0.66366124 -0.27758417 0.69462276 0.20146929 0.82795495 0.52335536
-0.64601582 -0.25196564 0.72053933 0.20151109 0.85416842 0.47936374
-0.64213735 -0.24887958 0.72506458 0.17985278 0.87052077 0.45809028
-0.60921049 -0.16288219 0.77610052 0.23966429 0.89509618 0.37598383
0.45755419 0.87721187 0.14540820 0.45824027 -0.09248434 -0.88400376
0.43023038 0.89391279 0.12578517 0.44061869 -0.08633316 -0.89353329
0.47150761 0.86995822 0.14440699 0.41830716 -0.07648083 -0.90508008
-0.45875177 0.05443077 0.88689578 0.36082685 0.92353362 0.12996037
0.40737432 0.90152055 0.14596902 0.44815230 -0.05806997 -0.89206916
-0.47822928 -0.02556803 0.87786275 0.35275403 0.90980744 0.21866663
-0.49512380 -0.02586459 0.86843741 0.32843900 0.91981190 0.21464819
-0.54266942 -0.02507783 0.83957195 0.28763345 0.93357164 0.21380158
-0.59230971 -0.11258548 0.79780561 0.24151173 0.91984880 0.30911207
-0.62752098 -0.10103182 0.77201682 0.19523938 0.93944693 0.28164002
-0.64966059 -0.16404134 0.74231505 0.14926092 0.92991340 0.33612844
-0.68573284 -0.15065040 0.71209192 0.10105440 0.94916433 0.29811925
-0.66217792 -0.08537984 0.74446678 0.14232880 0.96107215 0.23681802
-0.64731801 -0.07117750 0.75888944 0.16449714 0.95912266 0.23027056
-0.60083061 -0.08139730 0.79522139 0.17713451 0.95651424 0.23174115
-0.62728316 -0.03115033 0.77816802 0.22070028 0.95112753 0.21598101
-0.57639509 -0.04242008 0.81606942 0.21918640 0.95403159 0.20440426
-0.55978644 -0.02041546 0.82838547 0.24258734 0.95185977 0.18738832
-0.48381987 -0.03121164 0.87461090 0.25159195 0.95221740 0.17315750
-0.48328069 -0.01847458 0.87527055 0.25919735 0.95193470 0.16320859
-0.44974002 -0.01827063 0.89297259 0.28299066 0.94536489 0.16186905
-0.43543601 -0.02380684 0.89990485 0.32785854 0.92680180 0.18315898
-0.49922875 -0.01222310 0.86638403 0.30848932 0.93187428 0.19090514
-0.52376533 0.00451035 0.85185069 0.35911250 0.90795618 0.21599501
-0.69050467 -0.20975290 0.69224787 0.05815808 0.93783373 0.34217772
-0.69614136 -0.25810158 0.66990364 0.05879351 0.90950602 0.41151217
-0.66298354 -0.27297580 0.69709182 0.11135897 0.88483322 0.45240408
-0.69221640 -0.29682007 0.65782553 0.11006902 0.85742241 0.50270432
-0.71634829 -0.28806219 0.63550407 0.03012146 0.89718342 0.44062990
-0.62296909 -0.08104523 0.77803677 0.19683065 0.94637662 0.25618163
-0.53967738 -0.02543344 0.84148765 0.27587384 0.93901110 0.20530920
-0.50602174 -0.02321180 0.86220837 0.27852926 0.94168442 0.18881752
-0.59133804 -0.11806386 0.79773444 0.25567225 0.91074353 0.32431167
-0.66691637 -0.23035669 0.70863134 0.13695629 0.89691633 0.42045709
0.47935054 0.86411834 0.15337092 0.44789746 -0.09058818 -0.88948393
0.48745051 0.86139119 0.14281915 0.38847700 -0.06746598 -0.91898531
0.48995703 0.86004305 0.14236601 0.38846225 -0.06920002 -0.91886258
-0.45966563 -0.01194979 0.88801163 0.35862058 0.91226244 0.19791056
0.38340029 0.92171675 0.05867292 0.36705622 -0.09377068 -0.92546034
0.35678604 0.93300384 0.04698464 0.32788348 -0.07797229 -0.94149494
-0.35055649 0.02472759 0.93621516 0.28904605 0.95370680 0.08304085
-0.36939827 0.03184346 0.92872548 0.33415893 0.93711329 0.10077985
0.31073749 0.95015538 0.02543644 0.28030121 -0.06603256 -0.95763820
-0.35426530 0.02075427 0.93491465 0.24462005 0.96699941 0.07122684
-0.26376522 0.00231193 0.96458417 0.16546299 0.98528326 0.04288426
-0.36514184 0.02292013 0.93066972 0.24828640 0.96588463 0.07362606
-0.49206844 -0.01216115 0.87047160 0.20610277 0.96984887 0.13005728
-0.48837054 -0.02005618 0.87240589 0.19912754 0.97079796 0.13378924
-0.59717423 -0.03881127 0.80117202 0.13957454 0.97856265 0.15144010
-0.68314636 -0.06686201 0.72721428 0.10346711 0.97689295 0.18701531
-0.55999577 -0.03732727 0.82765418 0.16964234 0.97265226 0.15864773
-0.48798695 -0.01948689 0.87263340 0.12682652 0.98755783 0.09297618
-0.59779292 -0.04681512 0.80028242 0.03483795 0.99583316 0.08427766
-0.36249179 -0.04911976 0.93069166 -0.07109389 0.99715787 0.02493758
-0.47508287 -0.05188800 0.87840986 -0.02365178 0.99865228 0.04619884
-0.42059839 -0.04785704 0.90598381 0.03492123 0.99701375 0.06887755
-0.40362158 -0.02694089 0.91452920 0.10769083 0.99121916 0.07672874
-0.26687104 -0.01239821 0.96365249 0.10093963 0.99405795 0.04074332
-0.31120297 -0.01916459 0.95015031 0.07054836 0.99657214 0.04320765
-0.22023410 -0.03675860 0.97475421 0.05644565 0.99713504 0.05035581
-0.28963566 -0.03510542 0.95649302 -0.01307021 0.99937904 0.03272165
-0.37541735 -0.04851850 0.92558515 -0.02470776 0.99879795 0.04233480
-0.35834938 -0.04807111 0.93234921 -0.05940114 0.99782401 0.02861604
-0.30238187 -0.04527218 0.95211118 -0.14787394 0.98900622 0.00006308
-0.39578015 -0.05699500 0.91657501 -0.12927702 0.99159139 0.00583746
-0.42839459 -0.06067346 0.90155250 -0.13481501 0.99086738 0.00262361
-0.29108319 -0.05307787 0.95522428 -0.15290512 0.98820591 0.00831613
-0.24253279 -0.04242059 0.96921533 -0.17214718 0.98507124 0.00003711
-0.46998090 -0.08293915 0.87877131 -0.12289163 0.99202776 0.02790397
-0.28452316 -0.04551921 0.95758790 -0.16627543 0.98607612 -0.00253115
-0.25568834 -0.04334164 0.96578729 -0.16801938 0.98578370 -0.00024344
-0.28549090 -0.04319818 0.95740736 -0.16506441 0.98627150 -0.00472030
-0.23468152 -0.04018037 0.97124159 -0.13551222 0.99074143 0.00824320
-0.23546048 -0.03909035 0.97109747 -0.18762948 0.98222184 -0.00595607
-0.18712562 -0.03541871 0.98169726 -0.09211979 0.99557865 0.01836018
-0.40202704 -0.06675290 0.91319132 -0.13664727 0.99054408 0.01224912
-0.22016329 -0.04058499 0.97461843 -0.08917107 0.99578810 0.02132306
-0.33870161 -0.05861066 0.93906659 -0.14666905 0.98914617 0.00883587
-0.42907318 -0.07958746 0.89975667 -0.12140658 0.99215353 0.02986437
-0.62967044 -0.03422005 0.77610832 -0.01694526 0.99939668 0.03031726
-0.44275150 -0.00313456 0.89663893 0.07749817 0.99611795 0.04175016
-0.53929180 0.19691510 0.81877279 0.34231356 0.93958569 -0.00050287
0.58932060 0.80471557 -0.07165233 0.33502457 -0.32412452 -0.88470441
-0.37009186 0.48846149 0.79021358 0.64229298 0.74909371 -0.16222963
0.71883023 0.69483930 0.02194516 0.32666528 -0.30974224 -0.89294434
0.61957240 0.77403635 0.13037589 0.37473249 -0.14573056 -0.91560811
0.53617287 0.83315170 0.13556145 0.30818135 -0.04370305 -0.95032322
0.54404157 0.82192981 0.16867195 0.37124854 -0.05552462 -0.92687196
0.58555633 0.78382504 0.20674190 0.40512502 -0.06205890 -0.91215265
0.62696993 0.76096129 0.16687341 0.35768813 -0.09089337 -0.92940712
0.58278066 0.78738469 0.20097792 0.41265270 -0.07368376 -0.90790337
0.54354662 0.81920451 0.18292348 0.46777871 -0.11468471 -0.87637353
0.57122481 0.79895145 0.18809274 0.50240308 -0.15912308 -0.84986532
-0.68337137 -0.30387586 0.66382456 0.15819429 0.82602507 0.54097801
-0.69368792 -0.30091429 0.65440643 0.10523604 0.85645807 0.50537610
-0.77871966 -0.26959443 0.56649315 -0.04249703 0.92355543 0.38110289
0.58606726 0.80341321 0.10513059 0.47616339 -0.23651993 -0.84695143
0.40137547 0.91589993 0.00500676 0.31416607 -0.13253833 -0.94007093
0.62543213 0.74564534 0.22988626 0.44456932 -0.09840462 -0.89032274
0.64107978 0.76103693 0.09919507 0.43067643 -0.24975125 -0.86726135
-0.79037809 -0.45958525 0.40507275 -0.05453083 0.71136874 0.70070028
0.73289084 0.67602271 0.07657927 0.31640151 -0.23902544 -0.91801792
0.70931423 0.70117551 0.07229291 0.34248698 -0.25317860 -0.90476704
0.71909910 0.68984151 0.08375705 0.33145952 -0.23456283 -0.91384625
0.86036354 0.44358957 -0.25100359 0.03291219 -0.53979731 -0.84115142
0.75641334 0.56610918 -0.32765719 0.09586629 -0.59147346 -0.80060536
0.75641835 0.56763756 -0.32499066 0.08369642 -0.57677394 -0.81260490
0.01559240 -0.72930163 -0.68401468 -0.84726626 -0.37289590 0.37827054
