-0.85454381 0.51047325 0.09577027 0.50033945 0.85857004 -0.11188368
-0.46283737 -0.88051492 -0.10234809 -0.88561207 0.45431203 0.09639467
-0.82380265 0.54334533 0.16163281 0.43626347 0.78973895 -0.43126148
-0.86158425 0.50441903 0.05686928 0.50137937 0.86314934 -0.05993328
-0.38635135 -0.85107708 -0.35552838 -0.92033952 0.38116533 0.08768186
-0.78950232 0.56039459 0.25028798 0.39689490 0.77722692 -0.48825482
-0.88556755 0.46165317 0.05144463 0.45865253 0.88655365 -0.06050263
-0.32716221 -0.74736798 -0.57827848 -0.93550563 0.34254450 0.08655920
-0.40095502 -0.89185673 -0.20934805 -0.91561556 0.39755350 0.05999535
-0.40186784 -0.82374829 0.39992622 -0.88744873 0.45800647 0.05162179
-0.39827529 -0.88034707 0.25761575 -0.90072048 0.42845300 0.07162855
-0.88546288 0.45873195 0.07430021 0.45848671 0.88844514 -0.02133459
-0.29993474 -0.77373040 -0.55801475 -0.93960530 0.34070078 0.03263308
-0.40674728 -0.90275025 -0.13999499 -0.91286588 0.40753511 0.02430988
-0.37418786 -0.78713793 0.49030337 -0.89575553 0.44362718 0.02858414
-0.38627854 -0.87533516 0.29082185 -0.90594304 0.41930410 0.05874820
-0.40926528 -0.89641112 0.17014417 -0.90355128 0.42411032 0.06103659
-0.22225121 -0.63712639 -0.73802054 -0.96201020 0.26640114 0.05972290
-0.91219831 0.36173442 0.19246441 0.36397254 0.93107748 -0.02487536
-0.32822073 -0.72477609 0.60578114 -0.88736469 0.45642203 0.06529142
-0.32397574 -0.80818558 0.49180880 -0.92129558 0.38768953 0.03018992
-0.36336187 -0.89981294 0.24146377 -0.92179966 0.38482139 0.04688258
-0.17955916 -0.70535868 -0.68573153 -0.98003548 0.18875542 0.06246478
-0.92374104 0.37572172 0.07440242 0.37819460 0.92546481 0.02199662
-0.30736428 -0.93342614 -0.18504843 -0.95153439 0.29933992 0.07055439
-0.31002879 -0.71689004 0.62446046 -0.91677302 0.39939463 0.00335658
-0.27501068 -0.87431145 0.39993584 -0.94744807 0.31716007 0.04185259
-0.31227711 -0.80390048 0.50618881 -0.92615700 0.37623084 0.02614552
-0.32987124 -0.91332865 0.23877966 -0.93956459 0.34219790 0.01090485
-0.17128718 -0.80069411 -0.57406425 -0.98192704 0.18634850 0.03306840
-0.30669692 -0.93850619 -0.15856597 -0.95179957 0.30173913 0.05505592
-0.30189189 -0.90772301 -0.29137635 -0.95265895 0.29880944 0.05616037
-0.29085347 -0.74827152 0.59623325 -0.92796540 0.37237817 0.01465538
-0.30271855 -0.92344856 0.23580545 -0.94532925 0.32241100 0.04902859
-0.24980558 -0.87987977 0.40423861 -0.95735216 0.28701854 0.03312372
-0.27197036 -0.82550734 0.49454007 -0.94515222 0.32574946 0.02397209
-0.95545292 0.27742615 0.10071983 0.26179379 0.95419538 -0.14482813
-0.13764939 -0.77860975 -0.61222494 -0.98895454 0.14234209 0.04132476
-0.19739857 -0.94623291 -0.25627553 -0.98020464 0.18644346 0.06661602
-0.27357966 -0.95576060 -0.10805507 -0.96111256 0.26724327 0.06959662
-0.25846282 -0.91616178 -0.30634066 -0.96526206 0.25749999 0.04430586
-0.26195520 -0.74086022 0.61847043 -0.94022232 0.34042710 0.00956021
-0.26230165 -0.93473399 0.23972967 -0.95794243 0.28218502 0.05213389
-0.24477285 -0.90905571 0.33720025 -0.96189523 0.27137551 0.03336177
-0.22834255 -0.83898675 0.49392402 -0.95983827 0.27893764 0.03007159
-0.24895100 -0.86638838 0.43289107 -0.95899731 0.28302160 0.01493054
-0.22675645 -0.73555821 0.63838518 -0.95469087 0.29757556 0.00376225
-0.95938128 0.27703205 0.05330049 0.27804512 0.96048689 0.01248835
-0.10952612 -0.57261705 -0.81247389 -0.98867100 0.14715894 0.02956352
-0.11964051 -0.74689579 -0.65408933 -0.99128222 0.12648813 0.03688193
-0.17814168 -0.94451839 -0.27595392 -0.98371840 0.16417669 0.07310402
-0.24840900 -0.78219050 0.57137644 -0.95209807 0.30575764 0.00463966
-0.24128446 -0.95283282 0.18409646 -0.96646851 0.25310591 0.04331316
-0.22268915 -0.91493791 0.33659792 -0.96799135 0.24851663 0.03510470
-0.20469600 -0.84958279 0.48611572 -0.96846211 0.24786426 0.02538670
-0.20415743 -0.97314203 0.10636944 -0.97893578 0.20270975 -0.02436456
-0.11445028 -0.63474053 -0.76420265 -0.99062663 0.13065995 0.03983545
-0.12774293 -0.55560338 -0.82157576 -0.98163354 0.18917075 0.02469995
-0.10550900 -0.72450274 -0.68114871 -0.99250275 0.11921871 0.02693052
-0.12795095 -0.81824750 -0.56044596 -0.99071085 0.13168760 0.03391826
-0.15254314 -0.93071491 -0.33241606 -0.98828208 0.14549002 0.04616478
-0.22764334 -0.74358368 0.62869847 -0.95743960 0.28858384 -0.00535786
-0.97325271 0.22594771 0.04155630 0.22530240 0.97409040 -0.01966798
-0.22619766 -0.94606048 0.23195730 -0.97118241 0.23739524 0.02117214
-0.22425942 -0.93574947 0.27217758 -0.97113651 0.23787133 0.01764092
-0.20758471 -0.88769621 0.41097945 -0.97314465 0.23012793 0.00553246
-0.20438777 -0.87143356 0.44590271 -0.97313887 0.23018755 0.00380231
-0.20003001 -0.81950140 0.53703403 -0.97357732 0.22787079 -0.01490456
-0.18520902 -0.97737640 -0.10214259 -0.98198074 0.18009743 0.05726050
-0.08369150 -0.40332466 -0.91122168 -0.98685664 0.16040027 0.01964191
-0.10964260 -0.66495872 -0.73878849 -0.98913068 0.14625625 0.01515520
-0.07806376 -0.28400272 -0.95564038 -0.98254234 0.18428427 0.02549464
-0.08754528 -0.61066800 -0.78703272 -0.99498010 0.09205396 0.03925047
-0.07781707 -0.44222224 -0.89352340 -0.99471396 0.09466770 0.03977688
-0.10156922 -0.81526160 -0.57011598 -0.99418420 0.10380358 0.02868091
-0.14705688 -0.94414628 -0.29489326 -0.98912752 0.14067817 0.04285364
-0.20806660 -0.75165564 0.62587714 -0.96944726 0.24347338 -0.02988040
-0.97342008 0.22318749 0.05138773 0.22370824 0.97464561 0.00454194
-0.22639878 -0.94970745 0.21633159 -0.97144842 0.23633245 0.02085673
-0.22570586 -0.94588852 0.23313475 -0.97088450 0.23811626 0.02615268
-0.20670502 -0.88946867 0.40757644 -0.97331434 0.22937091 0.00694169
-0.19803044 -0.83797020 0.50851744 -0.97464144 0.22348841 -0.01127204
-0.19605899 -0.79684490 0.57148850 -0.97391260 0.22614373 -0.01879801
-0.05540490 -0.19875325 -0.97848231 -0.98620558 0.16398428 0.02253308
-0.09040035 -0.50783938 -0.85669541 -0.99214315 0.12062579 0.03318749
-0.07241776 -0.25762877 -0.96352643 -0.98230606 0.18571621 0.02417221
-0.09733675 -0.36966836 -0.92405134 -0.98027241 0.19608748 0.02481376
-0.08174139 -0.61005956 -0.78812802 -0.99552864 0.08753960 0.03549110
-0.06714298 -0.37690675 -0.92381448 -0.99323231 0.11319625 0.02600537
-0.08268481 -0.75267220 -0.65318292 -0.99609870 0.08269649 0.03080133
-0.13403895 -0.93722188 -0.32194513 -0.99063230 0.13528129 0.01862036
-0.97376382 0.22268347 0.04686426 0.22288571 0.97484416 -0.00093189
-0.17997856 -0.97149765 0.15427241 -0.98254478 0.18504907 0.01904248
-0.21264715 -0.90329134 0.37262046 -0.97424322 0.22528462 -0.00985556
-0.19055808 -0.85932946 0.47459510 -0.97920972 0.20063718 -0.02988414
-0.18202499 -0.74352139 0.64346170 -0.97978908 0.19235131 -0.05490419
-0.06858997 -0.23966369 -0.96843004 -0.98087829 0.19341953 0.02160483
-0.05817326 -0.23246135 -0.97086436 -0.99142712 0.12742612 0.02889477
0.00719977 0.07785360 0.99693882 0.99491161 -0.10074973 0.00068269
-0.07665638 -0.28212222 -0.95631111 -0.97420168 0.22538082 0.01160066
-0.10447954 -0.34914422 -0.93122631 -0.96567827 0.25950629 0.01104835
-0.07668558 -0.64194542 -0.76290596 -0.99635756 0.07796016 0.03455221
-0.05563118 -0.27768573 -0.95905989 -0.99723816 0.06279138 0.03966516
0.00758332 0.07528669 0.99713308 0.99663585 -0.08194581 -0.00139237
-0.07624824 -0.75698018 -0.64897406 -0.99671119 0.07577775 0.02871488
-0.09218274 -0.85167253 -0.51590341 -0.99536258 0.09311944 0.02412852
-0.11209037 -0.97020584 -0.21479389 -0.99359107 0.10625732 0.03855102
-0.97599447 0.21547407 0.03171523 0.21387027 0.97571027 -0.04742402
-0.15218888 -0.97113180 0.18368882 -0.98750520 0.15709856 0.01239102
-0.19357082 -0.89852959 0.39392251 -0.97931629 0.20107022 -0.02259204
-0.18582019 -0.86666375 0.46299553 -0.98050642 0.19417582 -0.03004937
-0.18273170 -0.82268471 0.53832990 -0.98147869 0.18467864 -0.05092600
-0.17922182 -0.77311438 0.60841912 -0.98157394 0.18217957 -0.05764751
0.00530392 0.08615713 0.99626744 0.98278534 -0.18444018 0.01071823
0.00718494 0.09524878 0.99542761 0.98942155 -0.14491308 0.00672461
-0.05324569 -0.20305085 -0.97771943 -0.99296963 0.11442252 0.03031315
0.00425647 0.05503229 0.99847549 0.99456424 -0.10411432 0.00149860
0.01470535 0.13240071 0.99108720 0.97521436 -0.22075193 0.01502072
-0.09166208 -0.30196342 -0.94890267 -0.96918392 0.24585749 0.01538351
-0.05867188 -0.36097217 -0.93072909 -0.99675119 0.07271654 0.03463157
-0.05915169 -0.48599547 -0.87195730 -0.99785292 0.05339172 0.03793368
0.00853438 0.06524441 0.99783283 0.99750972 -0.07041971 -0.00392714
0.00515971 0.04973369 0.99874920 0.99719572 -0.07482491 -0.00142570
-0.09773256 -0.91395712 -0.39386648 -0.99506760 0.09649879 0.02298937
-0.07693235 -0.84195024 -0.53404236 -0.99668890 0.07908225 0.01890170
-0.10595799 -0.99172193 -0.07252914 -0.99428570 0.10471351 0.02076163
-0.10520540 -0.98811829 0.11204529 -0.99435407 0.10609477 0.00198809
-0.14791538 -0.95971918 0.23887271 -0.98830485 0.15248945 0.00067630
-0.15966727 -0.92012376 0.35760131 -0.98634702 0.16349584 -0.01971726
-0.17605148 -0.84523648 0.50456047 -0.98306113 0.17749691 -0.04566847
-0.17443870 -0.84148622 0.51134348 -0.98332053 0.17602813 -0.04576949
-0.16173130 -0.76939708 0.61795723 -0.98627251 0.14716092 -0.07490154
0.00959952 0.10215847 0.99472183 0.98318619 -0.18237184 0.00924149
-0.00280489 -0.00694388 0.99997199 0.99429959 -0.10660341 0.00204872
0.00495579 0.07024445 0.99751753 0.99170339 -0.12848131 0.00412065
0.01099120 0.10773525 0.99411887 0.97587508 -0.21795234 0.01283057
0.02247305 0.15058124 0.98834223 0.96406478 -0.26502544 0.01845756
-0.05643239 -0.40860200 -0.91096634 -0.99757701 0.06026018 0.03476883
-0.04603439 -0.63334912 -0.77249581 -0.99887961 0.03768246 0.02863013
-0.04058478 -0.11648247 -0.99236327 -0.99810982 0.05059831 0.03488062
0.00962106 0.04446260 0.99896479 0.99685985 -0.07895170 -0.00608675
-0.08701790 -0.93920070 -0.33215970 -0.99620658 0.08223885 0.02844725
-0.07467337 -0.84833235 -0.52417195 -0.99685448 0.07750021 0.01658339
-0.08497351 -0.99390608 -0.07021569 -0.99590129 0.08252975 0.03700608
-0.06991740 -0.99710226 0.02997767 -0.99754244 0.07002210 0.00245578
-0.10491659 -0.96747488 0.23018464 -0.99436325 0.10561825 -0.00930640
-0.14879288 -0.91332787 0.37906855 -0.98782015 0.15492675 -0.01446093
-0.15046079 -0.86526132 0.47820967 -0.98784429 0.15069322 -0.03814816
-0.11644756 -0.74758399 0.65387928 -0.99315727 0.09352230 -0.06994405
0.01107877 0.08888075 0.99598068 0.98426634 -0.17662577 0.00481352
0.00606215 0.05882476 0.99824995 0.99079430 -0.13536242 0.00195975
0.00791341 0.06969275 0.99753714 0.99180686 -0.12774214 0.00105673
0.01617674 0.11562303 0.99316144 0.97923028 -0.20260738 0.00763756
-0.03950197 -0.07743544 -0.99621457 -0.99878353 0.03251049 0.03707680
-0.04321039 -0.28921527 -0.95628840 -0.99900192 0.02335232 0.03807786
-0.02807841 -0.43506920 -0.89995915 -0.99949491 -0.00118752 0.03175797
0.00917446 0.00633113 0.99993789 0.99852139 -0.05363994 -0.00882184
0.00941564 0.02482593 0.99964750 0.99712986 -0.07533596 -0.00752098
0.01302183 0.05350722 0.99848258 0.99620086 -0.08668442 -0.00834678
-0.07645863 -0.95067543 -0.30061665 -0.99704653 0.07508633 0.01613388
-0.05528759 -0.85448867 -0.51651955 -0.99845880 0.04981754 0.02445960
-0.08647621 -0.99099469 -0.10223164 -0.99619669 0.08491452 0.01953876
-0.09320186 -0.99416673 0.05427679 -0.99562556 0.09270111 -0.01167706
-0.06683685 -0.99768180 -0.01280239 -0.99775636 0.06678087 0.00475202
-0.07107544 -0.98671681 0.14607623 -0.99741328 0.06872984 -0.02104851
-0.10130699 -0.95840114 0.26684120 -0.99483043 0.09948756 -0.02036523
-0.11739028 -0.92103320 0.37137237 -0.99279553 0.11788298 -0.02146202
-0.12260637 -0.86548519 0.48569855 -0.99223405 0.11723200 -0.04157240
-0.10086063 -0.76606792 0.63479686 -0.99488652 0.08105021 -0.06026324
0.01704943 0.11984059 0.99264675 0.99025589 -0.13925953 -0.00019580
0.01336147 0.09152759 0.99571294 0.99212658 -0.12522693 -0.00180227
0.01394280 0.00516539 0.99988943 0.99905527 -0.04123630 -0.01371814
-0.03335174 -0.44834870 -0.89323634 -0.99924642 -0.00279725 0.03871400
-0.00146054 -0.70780414 -0.70640725 -0.99939740 -0.02346526 0.02557798
0.01268208 0.00753433 0.99989122 0.99898905 -0.04322696 -0.01234491
0.01449329 0.09131190 0.99571687 0.99188638 -0.12709701 -0.00278214
-0.05309886 -0.08814065 -0.99469179 -0.99599707 0.07640096 0.04639857
0.01465064 0.02115317 0.99966890 0.99914545 -0.03895398 -0.01381870
-0.06488035 -0.95366925 -0.29377815 -0.99787813 0.06361597 0.01386788
-0.05364484 -0.82441866 -0.56343251 -0.99842304 0.05363116 0.01658711
-0.04949775 -0.88655227 -0.45997298 -0.99869531 0.04972501 0.01162971
-0.05744345 -0.99406344 -0.09240296 -0.99831527 0.05795281 -0.00283633
-0.05178711 -0.99746400 0.04882263 -0.99815291 0.05014410 -0.03429794
-0.07294219 -0.97192681 0.22369120 -0.99725258 0.06817337 -0.02897860
-0.10825769 -0.94083244 0.32111457 -0.99406868 0.10582227 -0.02508316
-0.11077195 -0.88879716 0.44471249 -0.99379879 0.10341602 -0.04085597
-0.11084795 -0.88557529 0.45107552 -0.99378711 0.10333206 -0.04134773
-0.10828580 -0.81790507 0.56507128 -0.99406826 0.09487780 -0.05316575
-0.07154109 -0.77165520 0.63200492 -0.99708033 0.03836695 -0.06602188
-0.04730264 -0.02255160 -0.99862599 -0.99887502 0.00441197 0.04721479
-0.03939805 -0.09183700 -0.99499440 -0.99921870 0.00674884 0.03894241
-0.02535160 -0.44559702 -0.89487463 -0.99910188 -0.01910932 0.03781969
-0.01729740 -0.39682329 -0.91773206 -0.99855798 -0.03979759 0.03602912
0.00332299 -0.58359945 -0.81203490 -0.99731302 -0.06136194 0.04001888
-0.05981869 -0.16459540 -0.98454565 -0.99310833 0.10939726 0.04205001
-0.05474182 -0.09453453 -0.99401540 -0.99583536 0.07785655 0.04743761
-0.05421612 -0.08843451 -0.99460542 -0.99830645 0.02584097 0.05212024
0.01523453 0.02109213 0.99966145 0.99913532 -0.03900228 -0.01440359
-0.05045943 -0.95953119 -0.27704474 -0.99866486 0.05154956 0.00335196
-0.04813264 -0.89604187 -0.44135281 -0.99875832 0.04886018 0.00972487
-0.04970027 -0.83356261 -0.55018485 -0.99857116 0.05230154 0.01096476
-0.04122469 -0.81229061 -0.58179420 -0.99899423 0.04378743 0.00965137
-0.05136313 -0.99808049 0.03460160 -0.99815559 0.05018257 -0.03416461
-0.04133467 -0.97173262 0.23243740 -0.99863797 0.03276692 -0.04060317
-0.06293485 -0.96628052 0.24968210 -0.99766958 0.05430518 -0.04130905
-0.10536807 -0.90472454 0.41276044 -0.99442708 0.09438680 -0.04696865
-0.09920059 -0.88404793 0.45674774 -0.99503952 0.09156898 -0.03887737
-0.07081918 -0.72725046 0.68270892 -0.99674809 0.02521551 -0.07653466
-0.05447514 -0.84439719 0.53294080 -0.99768984 0.02433254 -0.06342722
-0.04819056 -0.00825233 -0.99880415 -0.99880213 0.00889592 0.04811697
0.02033403 0.00472330 0.99978215 0.99959862 0.01963696 -0.02042307
-0.04078982 -0.10578226 -0.99355239 -0.99916697 0.00306506 0.04069399
-0.01943743 -0.49619180 -0.86799532 -0.99901158 -0.02507389 0.03670490
-0.02167982 -0.40103585 -0.91580576 -0.99850643 -0.03726340 0.03995542
0.00529497 -0.49565357 -0.86850423 -0.99476838 -0.09121735 0.04599279
0.06722093 -0.74713808 -0.66126090 -0.99159741 -0.12344534 0.03867551
-0.06595483 -0.21491212 -0.97440380 -0.99196553 0.11977351 0.04072658
-0.05933353 -0.16146593 -0.98509306 -0.99771035 0.04168044 0.05326167
-0.05603315 -0.11272177 -0.99204540 -0.99808687 0.03233080 0.05270077
-0.05494921 -0.11263174 -0.99211627 -0.99794811 0.03890033 0.05085597
0.01724429 0.00145044 0.99985027 0.99983668 -0.00544785 -0.01723615
-0.05124617 -0.04570079 -0.99763989 -0.99830824 0.02981959 0.04991450
-0.04306748 -0.96453738 -0.26040903 -0.99902588 0.04408595 0.00193146
-0.03821093 -0.89210743 -0.45020470 -0.99920362 0.03929390 0.00694375
-0.04470223 -0.75489944 -0.65431535 -0.99886280 0.04464468 0.01673375
-0.02518622 -0.81022030 -0.58558404 -0.99957061 0.02918613 0.00260973
-0.02418104 -0.99853647 0.04837530 -0.99927652 0.02272138 -0.03049943
-0.00820069 -0.95338547 0.30164370 -0.99835545 -0.00930968 -0.05656646
-0.05232267 -0.91731125 0.39471820 -0.99799037 0.03388390 -0.05354565
-0.09923981 -0.90139967 0.42146179 -0.99499565 0.08494378 -0.05261421
-0.01394275 -0.78859645 0.61475301 -0.99642015 -0.04031150 -0.07431006
-0.06059295 -0.91241103 0.40476495 -0.99769336 0.04292929 -0.05258367
-0.03548408 -0.85682774 0.51438046 -0.99792242 0.00268310 -0.06437142
0.01915366 0.00117131 0.99981588 0.99974465 0.01197072 -0.01916632
-0.04360920 -0.01008055 -0.99899787 -0.99900907 -0.00846911 0.04369515
-0.04196637 -0.12428804 -0.99135834 -0.99821085 -0.03708064 0.04690531
-0.03843994 -0.14293964 -0.98898464 -0.99770558 -0.04970898 0.04596344
0.98749149 0.14695534 -0.05713760 -0.04857877 -0.06118752 -0.99694341
-0.00734693 -0.28116691 -0.95963079 -0.98300177 -0.17402226 0.05851349
0.01567418 -0.38951954 -0.92088485 -0.98629999 -0.15728378 0.04974093
0.05312731 -0.51532876 -0.85534430 -0.97993350 -0.19169347 0.05462588
-0.05979168 -0.12141350 -0.99079955 -0.99802637 0.02635419 0.05699834
-0.06313881 -0.23727952 -0.96938735 -0.99464369 0.09461123 0.04162557
-0.06068825 -0.17060307 -0.98346919 -0.99801236 0.02713040 0.05687936
-0.06210872 -0.13602366 -0.98875684 -0.99798757 -0.00422268 0.06326946
-0.05233572 -0.07699583 -0.99565691 -0.99832797 0.02853511 0.05026945
-0.05149737 -0.02916557 -0.99824721 -0.99860770 0.01294730 0.05113770
-0.03234807 -0.95374113 -0.29888377 -0.99933463 0.03590494 -0.00641545
-0.03882256 -0.90864253 -0.41576630 -0.99916434 0.04062446 0.00451456
-0.03082587 -0.89315397 -0.44869351 -0.99946392 0.03249848 0.00397422
-0.04927503 -0.78961730 -0.61161798 -0.99852979 0.05279613 0.01228518
-0.01880196 -0.87837911 -0.47759458 -0.99982119 0.01748315 0.00720645
-0.01335014 -0.95090407 -0.30919778 -0.99986213 0.01575103 -0.00526985
0.02409971 -0.99905717 0.03611089 -0.99946564 -0.02487594 -0.02120305
0.09117195 -0.94903660 0.30169079 -0.99415112 -0.10435189 -0.02782672
-0.00753594 -0.93892783 0.34403166 -0.99836391 -0.01243686 -0.05581150
-0.07158975 -0.90403950 0.42141128 -0.99682456 0.05007743 -0.06191208
-0.01025498 -0.77591246 0.63075721 -0.99646586 -0.04466200 -0.07114076
-0.03594069 -0.88478589 0.46460977 -0.99792892 0.00695627 -0.06394924
-0.00074748 -0.81046200 0.58579081 -0.99704295 -0.04440982 -0.06271479
0.01921088 0.00029452 0.99981540 0.99956954 0.02217355 -0.01921269
0.01894827 0.00510054 0.99980748 0.99937165 0.02986255 -0.01909235
0.01838523 -0.00648797 0.99980992 0.99872220 0.04720047 -0.01805894
0.01465741 0.05599162 0.99832368 0.99709916 0.07376142 -0.01877639
-0.03626980 -0.17121585 -0.98456573 -0.99664694 -0.06611045 0.04821145
-0.01249412 -0.17473619 -0.98453605 -0.98599768 -0.16159160 0.04119206
-0.02234660 -0.22158913 -0.97488409 -0.99308795 -0.10746789 0.04719110
0.00928043 -0.35591605 -0.93447191 -0.97601986 -0.20647392 0.06894751
0.03534949 -0.46753827 -0.88326579 -0.98339295 -0.17370284 0.05258926
0.10789374 -0.63957763 -0.76111716 -0.96167785 -0.26125103 0.08320833
-0.06016213 -0.11472078 -0.99157435 -0.99802208 0.02506029 0.05765397
-0.06244027 -0.17123297 -0.98325002 -0.99803662 0.00586156 0.06235849
-0.06395409 -0.12397072 -0.99022275 -0.99768966 -0.01484489 0.06629485
-0.05203204 -0.06403659 -0.99659020 -0.99861205 0.01149912 0.05139872
-0.03236370 -0.91443658 -0.40343329 -0.99941236 0.03416995 0.00272271
-0.01762741 -0.91418862 -0.40490547 -0.99984461 0.01621790 0.00691137
0.00230942 -0.86108023 -0.50846386 -0.99990559 -0.00887563 0.01048930
-0.00329924 -0.97410047 -0.22609170 -0.99998498 0.00420541 -0.00352644
0.05925148 -0.99793917 0.02463143 -0.99800801 -0.05975494 -0.02023228
-0.15153633 0.98843366 0.00597061 0.98837352 0.15144563 0.01349169
-0.15572710 0.98777962 0.00637205 0.98772287 0.15563102 0.01350897
0.18214694 -0.93786925 0.29533675 -0.98169315 -0.19046877 0.00060127
-0.00548476 -0.88396496 0.46752095 -0.99742866 -0.02857246 -0.06572478
0.06871454 -0.81088036 0.58116382 -0.99139124 -0.12058128 -0.05102520
0.01230100 -0.88071167 0.47349313 -0.99721491 -0.04564061 -0.05898602
-0.05592455 -0.07570907 -0.99556041 -0.99837124 -0.00703104 0.05661713
0.01778678 0.03939251 0.99906552 0.99685854 0.07643401 -0.02076123
0.01829996 0.00229741 0.99982995 0.99687874 0.07676911 -0.01842235
0.01851124 0.00890728 0.99978900 0.99760002 0.06656383 -0.01906374
0.98613960 0.15455322 -0.06034959 -0.03832846 -0.14169046 -0.98916876
0.02893979 0.00758049 0.99955243 0.99494231 0.09600825 -0.02953444
0.97867906 0.19255653 -0.07147925 -0.06123785 -0.05863054 -0.99639976
0.97496581 0.21230747 -0.06608476 -0.04424982 -0.10600316 -0.99338078
0.99126136 0.12017277 -0.05440085 -0.04061491 -0.11432695 -0.99261260
0.04978270 -0.44967386 -0.89180452 -0.95743519 -0.27567688 0.08555794
0.07873387 -0.53537697 -0.84093553 -0.96305370 -0.25877649 0.07458127
-0.06341314 -0.19837840 -0.97807199 -0.99777019 -0.00784332 0.06628109
-0.06239482 -0.11802438 -0.99104851 -0.99771583 -0.01837699 0.06500311
0.01018890 -0.86102116 -0.50846702 -0.99985641 -0.01565973 0.00648207
0.00152164 -0.94598866 -0.32419637 -0.99998981 -0.00005859 -0.00452257
0.00164814 -0.96048284 -0.27833441 -0.99989587 0.00240783 -0.01422982
0.05605590 -0.95099139 -0.30409396 -0.99813467 -0.06075532 0.00600622
-0.15881896 0.98730171 0.00344669 0.98722720 0.15876044 0.01332840
0.18970865 -0.96508563 0.18061128 -0.98137712 -0.19203405 0.00468630
0.28630286 -0.90723890 0.30813667 -0.95699900 -0.28645530 0.04578535
0.18223728 -0.90058339 0.39463818 -0.97996867 -0.19914283 -0.00192049
0.04099442 -0.69158220 0.72113353 -0.98532552 -0.14766750 -0.08560325
0.08475304 -0.80969572 0.58069766 -0.99016649 -0.13353923 -0.04168529
0.07624742 -0.87413901 0.47965342 -0.99339902 -0.10794552 -0.03880984
0.01896122 0.05245142 0.99844342 0.99644387 0.08100840 -0.02317887
0.99115878 0.12330135 -0.04900043 -0.04658101 -0.02243050 -0.99866271
0.96739328 0.23895895 -0.08395776 -0.06381914 -0.09081379 -0.99382091
0.96870083 0.23347488 -0.08431038 -0.07420807 -0.05173691 -0.99589986
0.95997226 0.27019989 -0.07379247 -0.02648699 -0.17470241 -0.98426497
0.99204081 0.11350320 -0.05451643 -0.04885262 -0.05209914 -0.99744636
0.96104252 0.26831928 -0.06634787 0.00242040 -0.24820286 -0.96870506
0.11662297 -0.57218087 -0.81179315 -0.93602067 -0.33660302 0.10278021
-0.06626087 -0.21134685 -0.97516257 -0.99747324 -0.01106956 0.07017595
-0.06329085 -0.12103819 -0.99062812 -0.99725831 -0.03046547 0.06743682
0.05136467 -0.83688021 -0.54497081 -0.99707663 -0.07388305 0.01948132
0.06488580 -0.96545738 -0.25235283 -0.99760437 -0.06883779 0.00685384
0.19122133 -0.98105019 0.03122452 -0.98127276 -0.19031931 0.02970378
0.25627783 -0.94572651 0.19980766 -0.96659893 -0.25135607 0.05006707
0.29839414 -0.93827593 0.17492642 -0.95443535 -0.29261738 0.05855082
0.32609874 -0.90049160 0.28770560 -0.94459856 -0.32240412 0.06155656
0.27266237 -0.89186466 0.36087778 -0.95985585 -0.27782273 0.03861782
0.11691616 -0.74728787 0.65413421 -0.98061281 -0.19115509 -0.04310798
0.09393717 -0.85692924 0.50680190 -0.99100035 -0.12924366 -0.03484774
0.13334289 -0.82513350 0.54897583 -0.98294151 -0.18090506 -0.03315730
0.98976254 0.13159905 -0.05524406 -0.04833223 -0.05515150 -0.99730754
-0.05753464 -0.10352331 -0.99296159 -0.99509448 -0.07423089 0.06539732
0.98894113 0.13618810 -0.05872304 -0.05312101 -0.04441328 -0.99759996
0.97427416 0.21151811 -0.07778175 -0.05050534 -0.13143463 -0.99003750
0.97319740 0.21772502 -0.07404548 -0.05650604 -0.08571675 -0.99471593
0.97778690 0.19455154 -0.07799058 -0.06274011 -0.08336330 -0.99454224
0.98361057 0.16745523 -0.06685065 -0.05846084 -0.05454550 -0.99679846
0.95158380 0.29672524 -0.08026493 -0.03992457 -0.13959977 -0.98940283
0.96438706 0.25283465 -0.07766785 -0.06192910 -0.06963547 -0.99564838
0.99475616 0.08503230 -0.05683057 -0.05358547 -0.03997244 -0.99776298
0.93149924 0.35350016 -0.08571395 -0.00901795 -0.21312810 -0.97698271
0.10120204 -0.51635909 -0.85037136 -0.93775785 -0.33494264 0.09178069
-0.06732685 -0.20890865 -0.97561485 -0.99687582 -0.02639269 0.07444554
0.05254775 0.07966332 0.99543589 0.99391568 0.09245350 -0.05986642
-0.06756970 -0.16596627 -0.98381376 -0.99607116 -0.04535150 0.07606220
0.08352595 -0.91931564 -0.38455459 -0.99420094 -0.10310820 0.03054806
0.08959398 -0.96911162 -0.22977294 -0.99558479 -0.09362819 0.00669257
0.21871558 -0.97546983 0.02494388 -0.97548920 -0.21794368 0.03035611
0.25944865 -0.95391184 0.15079342 -0.96575344 -0.25584748 0.04315489
0.25073999 -0.91980070 0.30182132 -0.96435434 -0.26456490 -0.00511832
0.30090907 -0.94520575 0.12664866 -0.95321876 -0.29410154 0.06984449
0.33216709 -0.92945898 0.16053368 -0.94313145 -0.32494974 0.07007691
0.32452682 -0.89426690 0.30817053 -0.94473559 -0.32244712 0.05918238
0.31972370 -0.87466341 0.36433595 -0.94509453 -0.32183343 0.05674224
0.26433694 -0.85660243 0.44312340 -0.95964897 -0.27931443 0.03251747
0.08879811 -0.61672932 0.78215080 -0.96776319 -0.23922981 -0.07876294
0.12859073 -0.77216095 0.62227970 -0.98040324 -0.19341707 -0.03740820
0.14062062 -0.84560889 0.51494807 -0.98342562 -0.17942561 -0.02608804
0.14350149 -0.81708992 0.55836493 -0.98099011 -0.19191943 -0.02873015
0.98968786 0.13159688 -0.05657128 -0.04950076 -0.05639555 -0.99718064
0.99039638 0.12588708 -0.05716195 -0.04328681 -0.11032135 -0.99295294
0.95790082 0.27648515 -0.07734309 -0.02741340 -0.18008132 -0.98326969
0.97581446 0.20440449 -0.07749200 -0.05094371 -0.13209037 -0.98992771
0.95861959 0.27200568 -0.08403260 -0.05227755 -0.12196504 -0.99115670
0.95012194 0.30071583 -0.08269373 -0.05624398 -0.09558829 -0.99383074
0.93916619 0.33315718 -0.08350574 -0.04714416 -0.11578448 -0.99215490
0.93512011 0.34437677 -0.08339697 0.00757597 -0.25474298 -0.96697915
0.07580237 -0.44036102 -0.89461511 -0.92000020 -0.37687057 0.10755565
-0.06789132 -0.26140237 -0.96283937 -0.99322611 -0.07350931 0.08999106
-0.06749719 -0.21027471 -0.97530955 -0.99468964 -0.06194226 0.08219302
-0.06993239 -0.18307869 -0.98060781 -0.99171680 -0.09340780 0.08816380
0.09351358 -0.92361909 -0.37172973 -0.99335635 -0.11170572 0.02765783
0.14871827 -0.96643394 -0.20949538 -0.98682588 -0.15868719 0.03151217
0.18734112 -0.89127725 -0.41295061 -0.96741790 -0.24029630 0.07975166
-0.31141922 0.94689697 0.08002616 0.94673121 0.31642023 -0.05981873
-0.35707971 0.93228525 0.05777816 0.92951286 0.36076099 -0.07653376
0.35829946 -0.91782051 0.17095941 -0.93353313 -0.34991446 0.07794703
0.29963177 -0.85027128 0.43273503 -0.93192482 -0.35796916 -0.05808785
0.33518317 -0.85593837 0.39372817 -0.93981206 -0.33319581 0.07572266
0.12483540 -0.71753097 0.68524849 -0.97297949 -0.22373861 -0.05702617
0.16305231 -0.73904932 0.65362078 -0.96875310 -0.24542473 -0.03583662
0.16092315 -0.81272107 0.55998951 -0.97269231 -0.22674569 -0.04955862
0.98788601 0.14249647 -0.06144967 -0.04390627 -0.12314589 -0.99141687
0.95532835 0.28514108 -0.07773212 -0.01420990 -0.21839222 -0.97575760
0.95782298 0.27715141 -0.07591015 -0.02633698 -0.17838509 -0.98360825
0.98043597 0.18292020 -0.07270242 -0.04508365 -0.15085281 -0.98752773
0.94876814 0.30479681 -0.08329427 -0.05414567 -0.10288084 -0.99321890
0.94023836 0.32977858 -0.08484056 -0.04870193 -0.11635537 -0.99201286
0.92583001 0.36875886 -0.08279888 -0.03600118 -0.13203444 -0.99059117
0.07138817 -0.42892247 -0.90051609 -0.91933799 -0.37852362 0.10741333
0.07734210 -0.43577793 -0.89672506 -0.91926676 -0.37935418 0.10506693
-0.06685416 -0.26473224 -0.96200180 -0.99380219 -0.06815472 0.08781955
0.96803498 0.21191259 -0.13416891 -0.08013189 -0.24559239 -0.96605557
-0.06691594 -0.25184977 -0.96545017 -0.99275833 -0.07994601 0.08966360
0.10633279 -0.77485758 -0.62312841 -0.97807568 -0.19435948 0.07478299
0.20730285 -0.90971345 -0.35978746 -0.96400571 -0.25255215 0.08312942
-0.33166549 0.94245845 0.04207230 0.93972212 0.33397737 -0.07335908
-0.37946901 0.92434019 0.03998200 0.92010188 0.38155589 -0.08847324
-0.39821520 0.91654074 0.03711752 0.91242689 0.39994073 -0.08674472
0.38228232 -0.90854812 0.16852476 -0.92362005 -0.37016377 0.09952284
0.35865155 -0.87597787 0.32253975 -0.93245536 -0.35231361 0.08001378
0.19515815 -0.80039537 0.56681621 -0.96873772 -0.24756770 -0.01604572
0.10283587 -0.63662279 0.76428807 -0.95814294 -0.26978549 -0.09580176
0.16622023 -0.74250567 0.64888847 -0.96535748 -0.25675276 -0.04650785
0.19007060 -0.82053375 0.53907102 -0.97312587 -0.23016080 -0.00722001
0.99048966 0.12394401 -0.05973487 -0.04789663 -0.09638824 -0.99419075
0.95540571 0.28357756 -0.08236372 -0.01838102 -0.22126782 -0.97503990
0.93063593 0.35445586 -0.09098280 -0.02115635 -0.19609424 -0.98035681
-0.04497772 -0.19170475 -0.98042148 -0.98259425 -0.16857728 0.07803982
0.93657929 0.34147906 -0.07881196 -0.01090906 -0.19636792 -0.98046964
0.92368156 0.37377611 -0.08428476 -0.02872637 -0.15179893 -0.98799390
0.91119909 0.40210167 -0.08961387 -0.04330057 -0.12284216 -0.99148118
0.92478693 0.37310696 -0.07456793 0.03748584 -0.28437173 -0.95798099
0.12296768 -0.51855928 -0.84615320 -0.91000098 -0.39909717 0.11233763
-0.05508404 -0.36497769 -0.92938530 -0.98765498 -0.11678343 0.10439951
-0.06513367 -0.23769619 -0.96915334 -0.98447466 -0.14333323 0.10131752
0.19353434 -0.90958178 -0.36770284 -0.96625537 -0.24165036 0.08919464
0.23930728 -0.89430219 -0.37809467 -0.94829190 -0.29889902 0.10677978
0.31347960 -0.93116307 -0.18618803 -0.94035393 -0.33169076 0.07560299
0.29048097 -0.90159887 -0.32053140 -0.93276662 -0.34152925 0.11534403
-0.39973038 0.91079664 0.10327210 0.90005070 0.41133317 -0.14392324
-0.45783147 0.88764274 -0.04980757 0.88158393 0.44603917 -0.15446313
0.38352540 -0.86868054 0.31353205 -0.92240685 -0.37704915 0.08366348
0.11401668 -0.62989068 0.76826948 -0.95687878 -0.27759328 -0.08558621
0.16006640 -0.72468221 0.67023462 -0.96255416 -0.26508486 -0.05674091
0.18008871 -0.79455525 0.57987070 -0.96830714 -0.24691515 -0.03760583
0.20485242 -0.81642902 0.53988820 -0.97012901 -0.24258640 0.00125705
0.94367415 0.31959808 -0.08565195 0.00773254 -0.28009504 -0.95994115
0.91899121 0.37302494 -0.12770125 -0.07265240 -0.15812856 -0.98474211
0.93628335 0.34133998 -0.08282842 -0.01510492 -0.19646688 -0.98039412
0.98297119 0.16788298 -0.07471967 -0.04772989 -0.15940218 -0.98605925
0.92301363 0.37526822 -0.08496846 -0.02034638 -0.17291808 -0.98472607
0.91706556 0.38982555 -0.08382616 -0.03689449 -0.12636925 -0.99129695
0.90213060 0.42301819 -0.08494690 0.01630685 -0.23016849 -0.97301418
0.90605062 0.41766557 -0.06802749 0.09702890 -0.36152142 -0.92730129
0.89047253 0.44203192 -0.10801184 0.06605887 -0.36043218 -0.93044341
-0.06412141 -0.31600916 -0.94658685 -0.98622191 -0.12487957 0.10849615
-0.06788778 -0.27382922 -0.95937943 -0.98212773 -0.15085296 0.11255445
-0.05582372 -0.27886125 -0.95870757 -0.98813498 -0.12217415 0.09307426
0.25195387 -0.84468997 -0.47224796 -0.93263465 -0.34218332 0.11446928
0.30982268 -0.89644885 -0.31684288 -0.92677194 -0.35916832 0.10996312
0.31090382 -0.88548678 -0.34532884 -0.91873246 -0.37306008 0.12944853
-0.47368044 0.88057965 0.01436396 0.87341058 0.47179264 -0.12068875
0.40844074 -0.87711889 0.25266305 -0.91212940 -0.38171110 0.14938784
0.11561170 -0.62993914 0.76799136 -0.95702982 -0.27765530 -0.08367553
0.16376321 -0.75013494 0.64068645 -0.96062440 -0.26903096 -0.06944826
0.18796085 -0.74971777 0.63450301 -0.95970273 -0.27759737 -0.04370844
0.19928068 -0.81737584 0.54054052 -0.97118419 -0.23831902 -0.00232721
0.38883066 -0.81968999 0.42061740 -0.91785455 -0.38414553 0.09987628
0.93132210 0.35237825 -0.09202567 0.01057912 -0.27874967 -0.96030551
0.94911927 0.30497295 -0.07851202 0.02213548 -0.31330064 -0.94939601
0.96908492 0.22935857 -0.09093458 -0.03290272 -0.24513476 -0.96893054
0.96126431 0.25800338 -0.09698048 -0.02504497 -0.26863685 -0.96291590
0.92538846 0.36811373 -0.09026938 0.01339080 -0.26976970 -0.96283180
0.97800338 0.18853386 -0.08924354 -0.04770656 -0.21432993 -0.97559559
0.89804232 0.42962378 -0.09456944 0.00302836 -0.22100750 -0.97526747
0.90513891 0.41567001 -0.08911872 -0.02914514 -0.14846487 -0.98848814
0.89720953 0.43429828 -0.08000023 0.00593725 -0.19300461 -0.98117995
0.88557065 0.45660475 -0.08530440 0.10921679 -0.38317609 -0.91719562
0.15276456 -0.48307556 -0.86214906 -0.87497330 -0.47168335 0.10925467
-0.04418093 -0.45779565 -0.88795906 -0.99725020 -0.03272636 0.06649115
-0.05539627 -0.36337852 -0.92999321 -0.98011583 -0.15795292 0.12009922
-0.06635720 -0.29406640 -0.95347875 -0.97529417 -0.18267925 0.12421631
0.27448550 -0.86715275 -0.41557667 -0.92520517 -0.35592246 0.13158524
-0.42116234 0.86054444 0.28650576 0.86380237 0.47688213 -0.16256998
-0.46411863 0.86680210 0.18234041 0.84839600 0.49418136 -0.18976060
0.45826918 -0.86407942 0.20822151 -0.88848698 -0.43900305 0.13366866
0.40034243 -0.84163076 0.36246878 -0.91522640 -0.38695300 0.11237493
0.00030640 -0.34751850 0.93767315 -0.90247750 -0.40398657 -0.14942978
0.12597950 -0.67024285 0.73137116 -0.94384795 -0.30795708 -0.11963905
0.13674809 -0.72364438 0.67649013 -0.95181948 -0.28520602 -0.11268196
0.19438846 -0.81385463 0.54758912 -0.96829087 -0.24850929 -0.02561387
0.38650644 -0.81259060 0.43624452 -0.91849625 -0.38197580 0.10227003
0.92145628 0.37619463 -0.09693285 0.00584929 -0.26292393 -0.96479887
0.93226457 0.35008493 -0.09123290 0.02752429 -0.32008380 -0.94698936
0.94249362 0.32397243 -0.08214457 0.02992146 -0.32657859 -0.94469637
-0.05204815 -0.33660287 -0.94020712 -0.95082873 -0.27113339 0.14970443
0.96860158 0.23132506 -0.09110277 -0.02837759 -0.26117426 -0.96487451
0.92763495 0.36316341 -0.08721072 0.01444675 -0.26821819 -0.96324986
0.90268743 0.42156956 -0.08622429 0.00954992 -0.21996154 -0.97546184
0.90293181 0.41961700 -0.09292858 0.01184697 -0.24043997 -0.97059178
0.89306837 0.44130763 -0.08761550 -0.00885093 -0.17746532 -0.98408729
0.89720631 0.43496093 -0.07635306 0.00912135 -0.19111192 -0.98152590
0.88232964 0.46316013 -0.08352958 0.00382438 -0.18453404 -0.98281872
0.86900634 0.48544550 -0.09576353 0.05204634 -0.28214520 -0.95795894
0.85679489 0.50706154 -0.09376134 0.10895617 -0.35574263 -0.92821103
-0.05430412 -0.36439943 -0.92965811 -0.97542685 -0.17973448 0.12742840
-0.06501121 -0.29566994 -0.95307547 -0.97114128 -0.20088777 0.12856436
-0.05486005 -0.34458724 -0.93715000 -0.97345412 -0.19041535 0.12700041
-0.38248688 0.82106978 0.42373142 0.86827111 0.47621524 -0.13901179
-0.48691589 0.85423183 0.18221112 0.83798760 0.51570761 -0.17838839
0.46731776 -0.86124796 0.19966510 -0.88224113 -0.43969628 0.16827887
0.41624996 -0.83605689 0.35741428 -0.90846813 -0.39871404 0.12535083
0.03768269 -0.59494340 0.80288380 -0.93739575 -0.29941627 -0.17787395
0.06892869 -0.63626826 0.76838243 -0.93852103 -0.30251944 -0.16631369
0.12686484 -0.66776729 0.73347956 -0.94395441 -0.30843973 -0.11753747
0.12350766 -0.67023194 0.73180264 -0.94464123 -0.30530074 -0.12018520
-0.15422486 -0.78594744 0.59874982 -0.94742835 -0.05430900 -0.31532541
0.18287668 -0.80028951 0.57104546 -0.96885568 -0.24534179 -0.03355839
0.36731806 -0.81990218 0.43913323 -0.92614734 -0.36588153 0.09155212
0.93183345 0.35116619 -0.09148085 0.02783795 -0.32052422 -0.94683117
-0.04069477 -0.41247007 -0.91006178 -0.94177735 -0.28841677 0.17283298
-0.05232081 -0.35687807 -0.93268466 -0.95944643 -0.24109231 0.14607249
0.89587802 0.43017337 -0.11114629 0.04320614 -0.33332470 -0.94182163
0.88288659 0.46040022 -0.09242811 0.03444778 -0.25979805 -0.96504843
0.89276534 0.43884674 -0.10189998 0.03789436 -0.29852685 -0.95364869
0.89672124 0.43512097 -0.08099849 -0.00475764 -0.17352083 -0.98481870
0.88060468 0.46670350 -0.08199555 -0.00425862 -0.16523872 -0.98624444
0.85929900 0.50345296 -0.09022438 0.02030676 -0.20984305 -0.97752422
0.86659932 0.49068186 -0.09075758 0.06641367 -0.29367316 -0.95359600
0.82797825 0.55068648 -0.10581292 0.17217246 -0.42923191 -0.88663220
-0.03616854 -0.42918152 -0.90249383 -0.96751726 -0.21106540 0.13914670
-0.05871237 -0.33124253 -0.94171721 -0.97006708 -0.20373556 0.13214245
0.25152272 -0.72965801 -0.63587391 -0.88515824 -0.43914220 0.15378244
0.32200888 -0.77069092 -0.54985982 -0.89255697 -0.44078901 0.09511675
-0.51181573 0.84602082 0.14931014 0.82699317 0.53225905 -0.18106005
-0.51101398 0.85822767 0.04806261 0.84526736 0.51188201 -0.15329672
0.48893604 -0.86566806 0.10751910 -0.86797214 -0.47049910 0.15891823
0.45285988 -0.83809739 0.30415565 -0.89137727 -0.43290085 0.13432570
-0.26494145 -0.68511200 0.67854810 -0.89120460 -0.09471305 -0.44360316
-0.25158915 -0.71329969 0.65414560 -0.89200979 -0.09135382 -0.44268838
-0.33268198 -0.78098661 0.52856660 -0.90157175 0.09902000 -0.42114538
-0.14698265 -0.84604555 0.51244813 -0.97100490 0.02466664 -0.23778366
0.16577038 -0.86275750 0.47767109 -0.97992557 -0.19850686 -0.01846599
0.36925653 -0.85882038 0.35507360 -0.92878526 -0.35409275 0.10943626
0.91890025 0.38311896 -0.09403326 0.05083970 -0.35138819 -0.93484849
0.91987097 0.38101995 -0.09306537 0.05281775 -0.35545182 -0.93320107
-0.05385745 -0.40581870 -0.91236538 -0.93853337 -0.29141358 0.18502247
0.91437846 0.39354599 -0.09504494 0.04387600 -0.32970178 -0.94306505
0.91514021 0.39166448 -0.09548488 0.05233902 -0.35028237 -0.93518072
0.87379795 0.47930881 -0.08209932 0.04252840 -0.24350232 -0.96896750
0.88437241 0.45646605 -0.09759210 0.03789724 -0.27859789 -0.95965987
0.89430827 0.43507424 -0.10451400 0.03852087 -0.30756986 -0.95074546
0.88344109 0.46100825 -0.08368556 0.00587440 -0.18949248 -0.98186463
0.85913897 0.50343436 -0.09183716 0.01894628 -0.21062832 -0.97738266
0.86240876 0.49842060 -0.08847626 0.02468959 -0.21598782 -0.97608387
0.83535892 0.53861111 -0.10987976 0.02977984 -0.24393670 -0.96933383
0.83955663 0.53334421 -0.10338622 0.08042397 -0.31021953 -0.94725704
0.80822605 0.57519251 -0.12619172 0.09507027 -0.33893508 -0.93599397
-0.05344192 -0.39527935 -0.91700506 -0.96726948 -0.20763206 0.14587206
-0.38212627 0.74927664 0.54089195 0.82144344 0.54353917 -0.17261501
-0.52664995 0.84593844 0.08383306 0.82828790 0.53283393 -0.17328346
-0.48272446 0.84781516 0.21951441 0.83970505 0.51926064 -0.15894623
-0.51050913 0.85606462 0.08083193 0.83835691 0.51642841 -0.17452635
0.52096635 -0.84701788 0.10561661 -0.84829867 -0.50002652 0.17424947
-0.24121544 -0.73349583 0.63545185 -0.92647457 -0.02087131 -0.37577832
-0.34927395 -0.74348187 0.57030040 -0.85200262 -0.00133207 -0.52353585
-0.51929849 -0.77191466 0.36671090 -0.80170119 0.29141110 -0.52187628
-0.39601138 -0.83244324 0.38757366 -0.90437144 0.28048781 -0.32161927
-0.35188609 -0.84657031 0.39936826 -0.92421871 0.24662946 -0.29153687
0.39538324 -0.88352424 0.25111169 -0.91743189 -0.36659116 0.15469223
0.31632766 -0.89517367 0.31400797 -0.94680578 -0.31854576 0.04569019
0.91647661 0.38857579 -0.09528630 0.05738198 -0.36336276 -0.92987895
-0.03124504 -0.49406981 -0.86886066 -0.93818498 -0.28531045 0.19597721
0.88776034 0.44605821 -0.11363834 0.07439674 -0.38267243 -0.92088377
0.87284255 0.48061204 -0.08460557 0.02744819 -0.22144739 -0.97478598
0.85662889 0.50796241 -0.09033898 0.05825464 -0.26920727 -0.96131879
0.86141276 0.49647680 -0.10713979 0.07504709 -0.33304542 -0.93991953
0.88053036 0.46113694 -0.10963202 0.06615892 -0.34860253 -0.93493277
0.83531898 0.54216719 -0.09108789 0.04715423 -0.23573071 -0.97067380
0.85211688 0.51623029 -0.08604228 0.06085263 -0.26102266 -0.96341276
0.83926225 0.53455937 -0.09942466 0.03153465 -0.23040411 -0.97258395
0.82773393 0.55101287 -0.10602522 0.08960660 -0.31632924 -0.94440800
0.81496364 0.57059336 -0.10127977 0.07390758 -0.27567628 -0.95840508
-0.47137880 0.80174559 0.36743182 0.79908299 0.56455863 -0.20673631
-0.53452003 0.82467598 0.18492675 0.80055642 0.56418437 -0.20200360
-0.57592589 0.81723076 -0.02105572 0.80260772 0.56035131 -0.20451699
-0.23165227 -0.73753166 0.63433772 -0.97279733 0.17453142 -0.15232936
-0.45275089 -0.72720814 0.51593119 -0.81267655 0.09849278 -0.57433105
-0.56709826 -0.75233626 0.33524573 -0.76934803 0.33850366 -0.54177397
-0.53400791 -0.78275567 0.31957650 -0.82660484 0.40393317 -0.39187044
-0.48418859 -0.82803971 0.28268659 -0.87469530 0.45007920 -0.17982461
0.48353049 -0.80581218 0.34185535 -0.87433678 -0.46320269 0.14483935
0.91108811 0.39984140 -0.10022652 0.07465175 -0.39916980 -0.91383296
0.89187759 0.43892378 -0.10908884 0.07634997 -0.38385239 -0.92023265
0.89788151 0.42540511 -0.11331079 0.07928703 -0.40943792 -0.90888625
0.84681147 0.52301389 -0.09678278 0.08511283 -0.31285781 -0.94597882
0.85869026 0.50216538 -0.10237713 0.08098695 -0.33021161 -0.94042623
0.86867380 0.48403057 -0.10545299 0.08039248 -0.34778914 -0.93411982
0.82618797 0.56142235 -0.04710010 0.09276085 -0.21801226 -0.97152770
0.83253503 0.55201799 -0.04649307 0.10571599 -0.24069865 -0.96482557
0.78398603 0.61384273 -0.09253693 0.13551760 -0.31470466 -0.93946582
-0.50123161 0.78828079 0.35690379 0.78668392 0.58691072 -0.19147912
-0.56109703 0.81186998 0.16136102 0.78346312 0.58379745 -0.21299317
0.52508777 -0.84370917 0.11152414 -0.84458685 -0.50049043 0.19021671
-0.59162539 0.80619478 -0.00543036 0.79135811 0.57942420 -0.19498706
-0.15689738 -0.70331037 0.69335258 -0.98736501 0.09590942 -0.12614204
-0.45830241 -0.78411746 0.41847187 -0.85335743 0.25657666 -0.45381659
-0.53867614 -0.74071062 0.40146720 -0.74612361 0.19808365 -0.63565910
-0.48944014 -0.76059443 0.42654961 -0.82949907 0.25516129 -0.49681395
-0.57075644 -0.75063795 0.33283603 -0.76708311 0.34281358 -0.54227519
-0.57677418 -0.77684695 0.25266650 -0.78875858 0.44910616 -0.41971850
-0.58877528 -0.75711060 0.28306744 -0.78867215 0.46140042 -0.40633214
-0.64476967 -0.72804403 0.23286068 -0.76415890 0.60666978 -0.21911870
0.49670917 -0.82810420 0.25985271 -0.86773115 -0.46762553 0.16843131
0.86890900 0.47953331 -0.12265793 0.09002678 -0.39678454 -0.91348630
-0.05266884 -0.59572792 -0.80145758 -0.90459394 -0.31150436 0.29098952
0.82743412 0.55773306 -0.06547288 0.12808204 -0.30095264 -0.94499868
0.84851855 0.51701009 -0.11276932 0.11070737 -0.38183346 -0.91757673
0.85957563 0.49877095 -0.11116304 0.10122972 -0.37942782 -0.91966689
0.81028998 0.58565724 0.02087571 0.15614197 -0.18142253 -0.97093022
0.81785148 0.57383966 -0.04274447 0.14034268 -0.27095598 -0.95230609
0.77694839 0.62570322 -0.06961834 0.16254179 -0.30619600 -0.93798941
-0.54128677 0.79216605 0.28192490 0.77092230 0.60141021 -0.20972510
0.28289998 -0.94582695 0.15930806 -0.95349777 -0.25932258 0.15360281
-0.61790758 0.78532010 0.03824482 0.76219136 0.61023146 -0.21606016
-0.13579766 -0.68557042 0.71522874 -0.98550773 0.01940154 -0.16851744
-0.47186068 -0.78920734 0.39306399 -0.84684896 0.28163287 -0.45114282
-0.47445187 -0.78060400 0.40688190 -0.83937705 0.26191622 -0.47628361
-0.53820491 -0.74374759 0.39645308 -0.73933691 0.19080526 -0.64573550
-0.59990525 -0.66662365 0.44241014 -0.66350424 0.10553142 -0.74069244
-0.49796444 -0.76143825 0.41502202 -0.76423347 0.15913703 -0.62499821
-0.56716418 -0.74520051 0.35071510 -0.74142778 0.27655041 -0.61139584
-0.54726881 -0.78405797 0.29283094 -0.73863173 0.28791261 -0.60953224
-0.59343702 -0.76827109 0.23998332 -0.77556759 0.46608305 -0.42574811
-0.57322818 -0.78773630 0.22556831 -0.77240163 0.42758676 -0.46964392
-0.59088522 -0.76605636 0.25300670 -0.79286605 0.49347311 -0.35755792
-0.63744795 -0.74118567 0.21048512 -0.76280916 0.64557093 -0.03688315
-0.64548129 -0.73461324 0.20903920 -0.76074606 0.59401733 -0.26155090
0.86892909 0.45904848 -0.18503191 0.05463029 -0.46052161 -0.88596576
-0.06403036 -0.57435346 -0.81609946 -0.88670820 -0.34246528 0.31059006
0.82489979 0.56377244 -0.04124284 0.14892718 -0.28712961 -0.94624376
0.81511831 0.57562476 -0.06510248 0.17283078 -0.34891170 -0.92108101
0.83391583 0.53739697 -0.12565406 0.12112460 -0.40034190 -0.90832555
0.79249156 0.60959727 0.01866334 0.18742724 -0.21431123 -0.95861453
0.75053442 0.66070586 0.01287827 0.18512857 -0.19151086 -0.96387291
0.79962146 0.60050440 0.00009053 0.18240790 -0.24274762 -0.95278591
0.76080811 0.64333916 0.08535595 0.21343024 -0.12382705 -0.96907920
-0.55805612 0.76935661 0.31090796 0.74621481 0.62916875 -0.21750920
-0.65073812 -0.73098320 0.20543516 -0.75821072 0.64006966 -0.12420724
-0.63708079 0.74190700 0.20905031 0.71770799 0.66987985 -0.19014814
-0.14384937 -0.69086540 0.70852828 -0.92758876 -0.15532993 -0.33978194
-0.49783757 -0.77456355 0.39013988 -0.85042733 0.34776089 -0.39476037
-0.58110988 -0.75963938 0.29199213 -0.64632666 0.21275157 -0.73280191
-0.55086923 -0.77787358 0.30241662 -0.74266827 0.29156363 -0.60285532
-0.49538291 -0.81968373 0.28760105 -0.84737450 0.38311529 -0.36766720
-0.59869301 -0.77136117 0.21579766 -0.77186584 0.48362339 -0.41271240
-0.56849170 -0.78951830 0.23125340 -0.74384594 0.37320554 -0.55444646
-0.65895140 -0.72406054 0.20376316 -0.74857342 0.60475039 -0.27187273
-0.70129865 -0.68380702 0.20146534 -0.70578891 0.70575792 -0.06138311
-0.64947402 -0.73918504 0.17829473 -0.76038361 0.63152927 -0.15161662
0.83440441 0.49888429 -0.23427296 0.06930029 -0.51665241 -0.85338610
0.77932131 0.62431848 -0.05371059 0.19475670 -0.32279298 -0.92621517
0.82394320 0.56188977 -0.07346775 0.17006183 -0.36885512 -0.91379696
0.78608698 0.61596143 -0.05156403 0.20726921 -0.34126657 -0.91682965
0.84620684 0.50359976 -0.17413026 0.10506070 -0.47805572 -0.87202352
0.78559816 0.61184365 0.09210260 0.22657329 -0.14595413 -0.96299636
0.76514292 0.64380437 -0.00850470 0.23406851 -0.29044029 -0.92782348
0.76820731 0.63352507 0.09221497 0.22616827 -0.13380705 -0.96485418
0.71631992 0.68661928 0.12425709 0.25770241 -0.09483687 -0.96155888
-0.57793117 0.73577219 0.35303655 0.71712703 0.66435128 -0.21063302
-0.73935354 0.64663488 0.18766923 0.62103593 0.76260471 -0.18096545
-0.68303293 0.70841944 0.17778647 0.67039496 0.70468432 -0.23235892
-0.18154074 -0.42634699 0.88615531 -0.93890136 -0.19281030 -0.28511137
-0.60200286 -0.74318165 0.29201645 -0.63441324 0.22309035 -0.74010170
-0.58230543 -0.75193560 0.30905214 -0.61210340 0.15533371 -0.77537149
-0.60101926 -0.73451656 0.31505769 -0.72130919 0.32871968 -0.60963637
-0.43868691 -0.84816164 0.29694390 -0.82711881 0.25190747 -0.50241125
-0.62445933 -0.75919253 0.18351391 -0.77034920 0.55988413 -0.30510980
-0.56903476 -0.80681109 0.15891926 -0.77341223 0.45945501 -0.43673179
-0.56630808 -0.78907633 0.23802032 -0.74782521 0.37053519 -0.55087304
-0.81708729 0.57433462 0.05007968 0.56309825 0.81368744 -0.14433725
-0.57361197 -0.80239737 0.16470537 -0.81911093 0.56315327 -0.10915890
0.76156402 0.64149618 -0.09221184 0.24322855 -0.41478977 -0.87680638
0.71739215 0.68201530 0.14213952 0.31135327 -0.13135278 -0.94117248
0.74434692 0.66469473 0.06425503 0.29340309 -0.23908508 -0.92560959
0.73002315 0.66810453 0.14388393 0.28473836 -0.10594554 -0.95273274
0.70461303 0.69574249 0.13950951 0.27762228 -0.08936051 -0.95652527
0.71487492 0.68794751 0.12522796 0.25270760 -0.08719262 -0.96360594
-0.73882389 0.66142309 0.12906888 0.63838285 0.74828589 -0.18037632
-0.62503135 0.69521916 0.35497352 0.68042099 0.70809823 -0.18874362
0.00833924 -0.54632479 0.83753198 -0.93002063 -0.31197867 -0.19424452
-0.16484496 -0.48262352 0.86017483 -0.94118512 -0.18382692 -0.28351077
-0.57835984 -0.76863629 0.27330995 -0.62433511 0.20141000 -0.75474489
-0.57991129 -0.76984441 0.26653796 -0.66047013 0.25272718 -0.70704192
-0.59504026 -0.73829979 0.31755412 -0.63537157 0.19017619 -0.74842244
-0.57298994 -0.76430190 0.29584670 -0.64033061 0.19219074 -0.74366629
-0.58104599 -0.76687419 0.27256101 -0.70270115 0.30375224 -0.64338613
-0.42498454 -0.86112309 0.27902541 -0.81657124 0.23168164 -0.52871084
-0.46593401 -0.80743736 0.36187062 -0.76565820 0.16294245 -0.62226778
-0.59141761 -0.79528135 0.13324001 -0.79387933 0.54529083 -0.26909781
-0.56608975 -0.80863005 0.16018680 -0.77556008 0.45658144 -0.43593577
-0.56045055 -0.79656166 0.22668205 -0.75141275 0.37398565 -0.54361165
-0.57034075 -0.78290033 0.24855278 -0.71224809 0.32063261 -0.62441766
-0.82505113 0.55097467 0.12536964 0.53011978 0.83155191 -0.16581456
-0.57789195 -0.79934621 0.16458005 -0.81609136 0.56748122 -0.10936113
0.71018147 0.68599039 0.15830211 0.32534605 -0.12038524 -0.93790048
0.70728111 0.69025159 0.15266389 0.34130359 -0.14429764 -0.92881113
0.67441857 0.72583926 0.13534060 0.29705387 -0.09892360 -0.94972265
0.69107705 0.71074790 0.13133903 0.24018331 -0.05443756 -0.96919996
-0.65351987 0.63956922 0.40480003 0.63436222 0.75455225 -0.16803412
-0.03260240 -0.48955691 0.87136167 -0.92521101 -0.31498587 -0.21158563
0.05689893 -0.61955851 0.78288555 -0.94258887 -0.29179928 -0.16241764
-0.03651237 -0.50538486 0.86212122 -0.93637955 -0.28405333 -0.20617248
-0.16976082 -0.48905909 0.85557145 -0.94155568 -0.17582826 -0.28732806
-0.56055057 -0.79053694 0.24664620 -0.64434004 0.22926304 -0.72956449
-0.56021482 -0.78609556 0.26117644 -0.58852714 0.15584151 -0.79331541
-0.56710851 -0.78490490 0.24962427 -0.65425277 0.24518083 -0.71542978
-0.59513193 0.18054323 -0.78308499 0.54546058 0.80634928 -0.22863434
-0.83946043 0.23625758 -0.48937571 0.36957046 0.90842855 -0.19538486
-0.41589215 -0.86712331 0.27410018 -0.83279580 0.24205399 -0.49785656
-0.59277838 -0.79081607 0.15239312 -0.78840363 0.53117973 -0.31027079
-0.57110614 -0.80775690 0.14617325 -0.77577102 0.47288468 -0.41780317
-0.53187853 -0.83415174 0.14593220 -0.76022518 0.39442989 -0.51621974
-0.53643548 -0.82548237 0.17554456 -0.72412366 0.34337538 -0.59811234
-0.55616158 -0.79920483 0.22793855 -0.70594031 0.30957294 -0.63703454
-0.85210156 0.48502707 0.19665119 0.47089297 0.87447429 -0.11642440
-0.53523737 -0.82990140 0.15743148 -0.84469008 0.52487457 -0.10490637
0.63355911 0.76433313 0.11999066 0.35585624 -0.15016606 -0.92239714
0.66958040 0.73059005 0.13379204 0.29806536 -0.09931871 -0.94936448
-0.71746808 0.59894860 0.35566866 0.58483392 0.79530638 -0.15955278
-0.04230043 -0.46410513 0.88476950 -0.92707133 -0.31192657 -0.20794369
0.05428175 -0.60613358 0.79350847 -0.95603681 -0.26089677 -0.13389012
-0.15363128 -0.48843163 0.85897148 -0.91419345 -0.25966975 -0.31116244
-0.17578050 -0.41025352 0.89487052 -0.97249627 -0.06874213 -0.22254345
-0.18646112 -0.41579461 0.89013880 -0.81451982 -0.44119114 -0.37670663
-0.56186235 -0.78951752 0.24692696 -0.64467770 0.23086146 -0.72876173
-0.56781566 -0.78340524 0.25270876 -0.58805048 0.17122675 -0.79049230
-0.56923753 -0.78304613 0.25061417 -0.56353563 0.14964718 -0.81242436
-0.56016654 -0.79091644 0.24630201 -0.52680355 0.11066411 -0.84275240
-0.70849377 0.10333063 -0.69811130 0.42415491 0.85296410 -0.30421194
-0.86253005 0.15589988 -0.48139086 0.21981514 0.97234106 -0.07895727
-0.94641387 0.19108830 -0.26035753 0.19611397 0.98055762 0.00679103
-0.57356399 -0.80966830 0.12434463 -0.80262458 0.52512717 -0.28290522
-0.56629401 -0.81674433 0.11063410 -0.77766681 0.48501772 -0.39999005
-0.53101259 -0.82970721 0.17208022 -0.72657591 0.34133607 -0.59630293
-0.84177566 0.31262019 -0.44009352 0.40532678 0.90447736 -0.13278180
-0.88170838 0.42773297 0.19908521 0.41523299 0.90386868 -0.10297133
-0.79112107 0.47068956 0.39061338 0.46775991 0.87704927 -0.10947709
-0.52375227 -0.84324962 0.12088667 -0.84564459 0.49753717 -0.19324078
-0.50725466 -0.85358036 0.11871520 -0.86059755 0.50898290 -0.01755739
-0.76121145 0.51560265 0.39333323 0.50870520 0.85092390 -0.13094842
-0.08348363 -0.37647840 0.92265624 -0.91435844 -0.33918774 -0.22113416
-0.03545532 -0.46179089 0.88627994 -0.93129665 -0.30644202 -0.19692600
0.03889241 -0.57895523 0.81443119 -0.95525271 -0.26071367 -0.13971646
0.09183957 -0.71869868 0.68922985 -0.97058052 -0.21931739 -0.09936514
-0.16423909 -0.31506026 0.93475270 -0.93845654 -0.24199188 -0.24645372
-0.68275034 0.18952507 -0.70564324 0.49351084 0.83179575 -0.25409228
-0.58828294 0.17432235 -0.78964233 0.53839403 0.81302989 -0.22161774
-0.58378148 -0.76854724 0.26179066 -0.53019863 0.11666976 -0.83980811
-0.57620484 -0.77827984 0.24953654 -0.50157970 0.09567235 -0.85980505
-0.57419014 -0.77649814 0.25953120 -0.48836452 0.07041263 -0.86979437
-0.67028874 0.08056685 -0.73771405 0.36867487 0.89888817 -0.23680991
-0.74972337 0.11239215 -0.65213722 0.28384453 0.94483101 -0.16348287
-0.94096637 0.19458663 -0.27698088 0.23476598 0.96463239 -0.11987233
-0.87380892 0.15051180 -0.46238965 0.25608048 0.95078504 -0.17444380
-0.52386701 -0.84329033 0.12010325 -0.84525502 0.49720278 -0.19578916
-0.56155479 -0.82148868 0.09905907 -0.80072057 0.50933576 -0.31531519
-0.84859514 0.30978388 -0.42885923 0.39968091 0.90650135 -0.13605356
-0.75622326 0.26174882 -0.59967822 0.46278340 0.86186767 -0.20740242
-0.77365619 0.26071000 -0.57748288 0.41843298 0.89463007 -0.15668727
-0.80315548 0.28632995 -0.52245235 0.43163306 0.88410991 -0.17900443
-0.90528423 0.42283455 0.04088337 0.41667062 0.90256977 -0.10841355
-0.93930793 0.30146837 0.16376033 0.29601431 0.95346099 -0.05733844
-0.82422590 0.40538490 0.39536667 0.40739486 0.90945458 -0.08319809
-0.49563617 -0.86161333 0.10939442 -0.86680353 0.49864981 0.00021964
-0.49328479 -0.86347127 0.10529744 -0.86864781 0.49537969 -0.00707152
-0.10715067 -0.38607132 0.91622472 -0.87384981 -0.40298975 -0.27200356
-0.08978169 -0.37704498 0.92183316 -0.91381955 -0.33689356 -0.22679624
-0.06396407 -0.42909858 0.90099007 -0.93213886 -0.29674870 -0.20750266
0.01458971 -0.54578191 0.83780026 -0.95100981 -0.26635584 -0.15695533
0.04275442 -0.58271664 0.81155002 -0.96629846 -0.23050670 -0.11460362
0.06527933 -0.65122908 0.75606835 -0.97258753 -0.21098956 -0.09775925
-0.19397353 -0.21986657 0.95605069 -0.96281832 -0.14412627 -0.22849186
-0.66443950 0.17352504 -0.72691762 0.47793460 0.84643173 -0.23480172
-0.72721851 0.23152055 -0.64618224 0.46413109 0.85942370 -0.21441382
-0.59422249 0.17396791 -0.78526103 0.53267229 0.81664163 -0.22216357
-0.54267293 -0.80879611 0.22661649 -0.56212807 0.14924049 -0.81347364
-0.52550870 -0.81580675 0.24145399 -0.50563258 0.07123173 -0.85980338
-0.56410760 -0.78450722 0.25754830 -0.46775278 0.04658053 -0.88263112
-0.52334052 -0.82142705 0.22665451 -0.54796535 0.12071724 -0.82774478
-0.70200741 0.09888138 -0.70527166 0.33587581 0.91922843 -0.20544237
-0.68393415 0.08612201 -0.72444260 0.33684030 0.91810447 -0.20886065
-0.77388191 0.11745076 -0.62234408 0.09599456 0.99305344 0.06804344
0.66239113 -0.66300237 0.34880644 -0.72566676 -0.68351299 0.07885331
-0.89895886 0.14191052 -0.41440853 0.07368378 0.98157609 0.17629290
-0.49882898 -0.86231798 0.08704818 -0.85633552 0.47488475 -0.20291375
-0.52191246 -0.84947979 0.07740538 -0.82536542 0.48001051 -0.29725724
-0.88321424 0.32254601 -0.34043601 0.37817022 0.91914564 -0.11026624
-0.86905676 0.32291016 -0.37479249 0.39661139 0.90760231 -0.13768612
-0.76765591 0.26029578 -0.58561975 0.42451793 0.89109808 -0.16040204
-0.79518163 0.23571184 -0.55868262 0.36556798 0.92144066 -0.13155676
-0.83419627 0.27207324 -0.47967985 0.36025426 0.92742777 -0.10047221
-0.95159686 0.26204336 0.16061349 0.25727516 0.96503472 -0.05017440
-0.84710324 0.29232132 0.44380662 0.29338506 0.95356625 -0.06809344
-0.83484292 0.31316018 0.45273393 0.31152093 0.94682491 -0.08048161
-0.45738333 -0.88636404 0.07182860 -0.88926965 0.45587415 -0.03712557
-0.13838048 -0.33043265 0.93363011 -0.89968055 -0.35216171 -0.25798652
-0.09974653 -0.35356781 0.93007553 -0.92442310 -0.31286547 -0.21807602
-0.01048666 -0.46009657 0.88780695 -0.95531237 -0.25768796 -0.14482808
-0.00388920 -0.50394887 0.86372471 -0.96461487 -0.22582030 -0.13610062
0.06078457 -0.63429779 0.77069551 -0.96842968 -0.22449327 -0.10838260
-0.65438360 0.16495347 -0.73795158 0.47752088 0.84684557 -0.23415048
-0.70864081 0.21234284 -0.67285860 0.45196164 0.86891592 -0.20178147
-0.63548368 0.14781459 -0.75783336 0.44995326 0.86851412 -0.20790707
-0.51800543 -0.82339001 0.23173109 -0.54770565 0.11118855 -0.82925004
-0.52729654 -0.81441534 0.24225195 -0.50992024 0.07525368 -0.85692376
-0.55451471 -0.79030949 0.26062304 -0.47469509 0.04316536 -0.87909120
-0.55421740 -0.79259485 0.25423709 -0.49210042 0.06565498 -0.86805910
-0.51987076 -0.82168943 0.23358268 -0.47752407 0.05280793 -0.87703025
-0.64418525 0.07180361 -0.76149172 0.25436938 0.95902693 -0.12475436
-0.50635648 -0.83134782 0.22905023 -0.48456389 0.05459771 -0.87305039
-0.78883535 0.11750792 -0.60326666 0.08147309 0.99288297 0.08686501
0.65014076 -0.67999625 0.33900169 -0.74919271 -0.64805013 0.13689943
-0.88018554 0.15123898 -0.44988915 0.10829886 0.98686469 0.11987247
-0.91690338 0.11324786 -0.38270515 0.01090571 0.96564907 0.25962085
-0.46269265 -0.88404948 0.06612194 -0.88058716 0.44970295 -0.14944401
-0.49614832 -0.86485302 0.07659056 -0.85059655 0.46648034 -0.24265558
-0.90437257 0.27702874 -0.32460028 0.32051295 0.94314164 -0.08806451
-0.84100723 0.27466294 -0.46611929 0.35741726 0.92883545 -0.09755819
-0.72119814 0.19355725 -0.66513824 0.39444101 0.90405893 -0.16460179
-0.77538496 0.22180372 -0.59125400 0.35759342 0.92592633 -0.12160365
-0.85969406 0.26514849 -0.43660334 0.32304323 0.94431090 -0.06260998
-0.81253463 0.24259847 -0.53003162 0.34916943 0.93066281 -0.10930458
-0.96329099 0.26059029 0.06452342 0.25739846 0.96480781 -0.05377772
-0.97178888 0.18539681 0.14578901 0.18619879 0.98247749 -0.00824678
-0.87145102 0.22770305 0.43442437 0.23334691 0.97152328 -0.04113125
-0.45532727 -0.88782859 0.06661478 -0.88987488 0.45144519 -0.06572636
-0.21232928 -0.19221890 0.95810658 -0.90356719 -0.33475673 -0.26740277
-0.09852048 -0.36328897 0.92645288 -0.92393410 -0.31242496 -0.22076349
-0.01371753 -0.45767176 0.88901538 -0.95858842 -0.24692163 -0.14190814
-0.01043037 -0.50848132 0.86100990 -0.96686077 -0.21453138 -0.13840713
0.10237438 -0.77841735 0.61934316 -0.98091793 -0.18245037 -0.06717061
0.05813440 -0.63068843 0.77385569 -0.97486776 -0.20285863 -0.09209372
-0.64968103 0.15240990 -0.74477243 0.44233811 0.87256140 -0.20730054
-0.72189057 0.19446865 -0.66412050 0.39425397 0.90429479 -0.16375223
-0.58022797 0.10493375 -0.80766612 0.45004889 0.86782366 -0.21056589
-0.58591247 0.10902172 -0.80300748 0.45469785 0.86445385 -0.21440503
-0.52717471 -0.81457293 0.24198721 -0.51136702 0.07667124 -0.85593539
-0.56728244 -0.77900493 0.26709935 -0.41232872 -0.01207784 -0.91095507
-0.55135334 -0.79190958 0.26246682 -0.41851696 -0.00961052 -0.90815818
-0.65068179 0.07402655 -0.75573361 0.24956244 0.96079969 -0.12075821
-0.60824758 0.07038067 -0.79062098 0.35930133 0.91258210 -0.19518326
-0.79384923 0.12467520 -0.59519708 0.09828312 0.99219465 0.07674784
-0.85144496 0.11396824 -0.51191086 0.10290150 0.99343318 0.05001820
0.76370323 -0.64555949 0.00321569 -0.64327300 -0.76055980 0.08802680
-0.79443127 0.59803247 0.10600061 0.56471348 0.79156077 -0.23351732
-0.87573957 0.14898837 -0.45921966 0.09525573 0.98581547 0.13818181
-0.94596452 0.25548941 -0.19969064 0.27713299 0.95672262 -0.08876471
-0.92633837 0.24211422 -0.28857923 0.27598408 0.95761675 -0.08247998
-0.86664283 0.25481808 -0.42894983 0.30882892 0.94921893 -0.06006816
-0.87117875 0.26184681 -0.41531178 0.31534478 0.94677895 -0.06455535
-0.75067365 0.20513375 -0.62802017 0.35610718 0.92630231 -0.12309223
-0.80109358 0.23049037 -0.55237967 0.31003261 0.94921660 -0.05354983
-0.96680629 0.25105199 -0.04752409 0.25223508 0.96744466 -0.02069597
-0.98148984 0.18987931 0.02497272 0.18992822 0.98179793 -0.00042089
-0.95838028 0.15894197 0.23715955 0.16516069 0.98624557 0.00645524
-0.88762879 0.14600718 0.43680319 0.15995498 0.98711210 -0.00491014
-0.38167658 -0.92376006 0.03147065 -0.92394364 0.38037005 -0.04057993
-0.15609585 -0.28712150 0.94509017 -0.89502591 -0.36361134 -0.25829333
-0.22827412 -0.25436589 0.93978137 -0.90053356 -0.31171077 -0.30310997
-0.10391890 -0.34402472 0.93319231 -0.92859781 -0.30250931 -0.21492843
-0.12841700 -0.31665671 0.93980724 -0.91375107 -0.33053830 -0.23622753
-0.05432601 -0.39755714 0.91596782 -0.95477915 -0.24785760 -0.16420543
-0.03830739 -0.49565661 0.86767340 -0.96847278 -0.19548170 -0.15442616
0.01453194 -0.60493499 0.79614228 -0.97674739 -0.17891951 -0.11812039
0.08480615 -0.72694796 0.68143576 -0.97830230 -0.19049428 -0.08146529
-0.66695273 0.15958700 -0.72780913 0.41553569 0.89045209 -0.18554059
-0.74190980 0.20865703 -0.63720644 0.39284924 0.90541428 -0.16091748
-0.58656067 0.10326200 -0.80329543 0.38745075 0.90675741 -0.16635194
-0.49118891 -0.84249282 0.22122227 -0.50849277 0.07113425 -0.85812300
-0.55769026 -0.78635544 0.26575691 -0.41393864 -0.01404132 -0.91019654
-0.55994087 -0.78665578 0.26007500 -0.36519960 -0.04742466 -0.92972046
-0.55208111 0.03963290 -0.83284801 0.36375490 0.91024905 -0.19781089
-0.54483348 -0.79765570 0.25865406 -0.39997756 -0.02389646 -0.91621339
-0.69323897 0.08083551 -0.71616018 0.15187433 0.98776132 -0.03552139
-0.61347586 0.06262600 -0.78722644 0.20788829 0.97449756 -0.08448085
-0.81898725 0.12084781 -0.56094182 0.02060671 0.98313481 0.18171771
-0.70416200 0.08617011 -0.70479113 -0.05280498 0.98350453 0.17300437
-0.79054588 0.59716409 0.13576548 0.56444168 0.79650646 -0.21675590
-0.87258387 0.17038174 -0.45778537 -0.02124454 0.92306858 0.38404834
-0.84144515 0.11940052 -0.52698541 -0.13120720 0.90094149 0.41362923
-0.94663656 0.25391677 -0.19850847 0.27552974 0.95710003 -0.08968273
-0.93605399 0.21905625 -0.27534938 0.24605498 0.96692181 -0.06722548
-0.93478346 0.19886386 -0.29433513 0.22007674 0.97464401 -0.04043895
-0.88051701 0.25887373 -0.39708224 0.30588242 0.95025331 -0.05877645
-0.83364189 0.23895764 -0.49793637 0.29098007 0.95631272 -0.02822648
-0.75468874 0.20801477 -0.62223369 0.37355825 0.91590285 -0.14688835
-0.74701577 0.20147632 -0.63354146 0.31150135 0.94796294 -0.06582726
-0.81573683 0.23295291 -0.52943975 0.29240742 0.95582420 -0.02996648
-0.35698852 -0.93383753 0.02251001 -0.93400705 0.35720161 0.00615283
-0.98321605 0.17936268 -0.03339601 0.17818160 0.98335612 0.03552487
-0.99065673 0.11020717 0.08033451 0.11485193 0.99182093 0.05568048
-0.90841663 0.09837234 0.40632772 0.11369465 0.99342161 0.01367590
-0.96421790 0.25634235 -0.06762012 0.25768971 0.96615481 -0.01187020
-0.15905440 -0.29032344 0.94361752 -0.89433420 -0.36246663 -0.26226768
-0.24975367 -0.18320514 0.95082021 -0.94997346 -0.14382687 -0.27724400
-0.19865569 -0.31213993 0.92903423 -0.88669246 -0.34657350 -0.30604464
-0.07613777 -0.34839323 0.93425119 -0.94854140 -0.26352143 -0.17557257
-0.12937450 -0.29625866 0.94630498 -0.92570400 -0.30599132 -0.22235437
-0.14619192 -0.28291309 0.94793892 -0.91024810 -0.33677879 -0.24089110
-0.06599762 -0.36746830 0.92769146 -0.96111816 -0.22642347 -0.15806437
-0.06699516 -0.37906444 0.92294192 -0.96141160 -0.22285542 -0.16131727
-0.04202841 -0.50404775 0.86265254 -0.97356969 -0.17333856 -0.14871399
-0.01780902 -0.59789461 0.80137688 -0.97907567 -0.15207496 -0.13521874
0.05834850 -0.75501388 0.65310764 -0.98750222 -0.13959795 -0.07315657
-0.66162598 0.15737772 -0.73313254 0.39750957 0.90264642 -0.16497183
-0.66158026 0.15600537 -0.73346710 0.37088472 0.91818112 -0.13924120
-0.58160025 0.09914418 -0.80741048 0.39102399 0.90442973 -0.17060804
-0.55623865 0.08378097 -0.82678866 0.44579831 0.86971807 -0.21178862
-0.46504042 -0.86118227 0.20518890 -0.52197647 0.07952391 -0.84924471
-0.48534134 -0.84656727 0.21855825 -0.21515396 -0.12664576 -0.96833348
-0.45070472 -0.85804421 0.24622242 -0.25465789 -0.14077680 -0.95672953
-0.46612257 -0.85460639 0.22886175 -0.42198631 -0.01260132 -0.90651464
-0.45873404 -0.85997057 0.22363736 -0.41859090 -0.01286039 -0.90808386
-0.63575625 0.06961791 -0.76874405 0.01512584 0.99685681 0.07776678
-0.70705122 0.07701483 -0.70295614 -0.00789324 0.99313056 0.11674514
-0.47991920 0.02569732 -0.87693626 0.30844289 0.94069952 -0.14123514
-0.76157099 0.05451563 -0.64578456 -0.20664886 0.92401481 0.32170323
-0.24948137 -0.89223737 0.37639278 -0.92800528 0.33134347 0.17034599
-0.90703356 0.15397379 -0.39189574 -0.00946300 0.92305011 0.38456339
0.88888407 -0.45659292 0.03752486 -0.32296023 -0.68260711 -0.65554881
-0.84921539 0.11158504 -0.51612216 -0.13306014 0.90065777 0.41365525
-0.94863355 0.24184361 -0.20397568 0.26334772 0.96090865 -0.08545543
-0.93566632 0.20071560 -0.29024458 0.22149453 0.97433078 -0.04024745
-0.90374923 0.17843670 -0.38909864 0.19357236 0.98108596 0.00031066
-0.86406100 0.24504170 -0.43971941 0.27895853 0.96021426 -0.01306432
-0.72006923 0.18177934 -0.66966915 0.31512433 0.94548464 -0.08219244
-0.76290476 0.20717496 -0.61241734 0.30181718 0.95183617 -0.05398471
-0.78344357 0.21272603 -0.58392107 0.25984493 0.96564519 0.00315809
-0.98331392 0.14231528 -0.11331441 0.13868754 0.98955536 0.03931953
-0.15364738 -0.98687559 -0.04968920 -0.98800308 0.15264164 0.02346158
-0.13031951 -0.98812157 -0.08144119 -0.98862702 0.12328807 0.08612072
-0.94995636 0.10445268 0.29440218 0.12565489 0.99060374 0.05399224
-0.96889246 0.22828352 -0.09557270 0.23004699 0.97314900 -0.00771021
-0.16131298 -0.27685991 0.94727331 -0.89773530 -0.35753366 -0.25737351
-0.24938080 -0.22884859 0.94097698 -0.88734323 -0.33516547 -0.31667989
-0.07145990 -0.33879825 0.93814141 -0.94923747 -0.26576218 -0.16828185
-0.13482900 -0.27932873 0.95068216 -0.93330592 -0.28645235 -0.21652983
-0.14954390 -0.27197409 0.95061392 -0.91604966 -0.32374582 -0.23673134
-0.07042186 -0.36470068 0.92845798 -0.95379949 -0.24791168 -0.16972432
-0.10865310 -0.17932251 0.97777194 -0.99314135 -0.02314679 -0.11460609
-0.06092292 -0.48763254 0.87092072 -0.97351122 -0.16361389 -0.15970752
-0.02647338 -0.60812759 0.79339778 -0.98067510 -0.13810414 -0.13857704
0.02844436 -0.75925320 0.65017349 -0.98882157 -0.11661226 -0.09291647
-0.67173767 0.16060330 -0.72317016 0.36044279 0.92372507 -0.12966476
-0.60754836 0.12126743 -0.78497088 0.37745535 0.91363412 -0.15099710
-0.67501783 0.15771595 -0.72074729 0.33480328 0.93599224 -0.10874441
-0.50953370 0.05378922 -0.85876787 0.40883264 0.89332473 -0.18661940
-0.57670534 0.09549589 -0.81135166 0.39557189 0.90159827 -0.17505294
-0.58758849 0.10415178 -0.80242896 0.32057229 0.94049925 -0.11267031
-0.61448932 0.12349325 -0.77919984 0.37604153 0.91410422 -0.15167840
-0.53639418 0.07028699 -0.84103572 0.42327458 0.88453937 -0.19603258
-0.38700667 -0.90390128 0.18217669 -0.40696931 -0.00984438 -0.91338879
-0.40605646 -0.89230239 0.19726782 -0.48041528 0.02480431 -0.87669033
-0.44073632 -0.86010230 0.25685713 -0.33574206 -0.10742369 -0.93580842
-0.67739004 0.06112881 -0.73307985 -0.06282933 0.98809230 0.14044973
-0.63095593 0.06325957 -0.77323538 0.11901096 0.99276578 -0.01589262
-0.49489993 0.03180902 -0.86836761 0.31763706 0.93679363 -0.14671215
-0.73610252 0.06352312 -0.67388278 -0.17972106 0.94150841 0.28506544
0.24260609 -0.81393969 -0.52786791 -0.80584377 0.13387835 -0.57679492
-0.94363832 0.12336876 -0.30712685 0.01356560 0.94157249 0.33653721
0.89457828 -0.44329536 0.05673683 -0.30521426 -0.69873703 -0.64700150
0.84068137 -0.53433257 0.08799739 -0.35106888 -0.66148686 -0.66271102
-0.96680534 0.17396094 -0.18714970 0.18113434 0.98321670 -0.02180270
-0.95182842 0.17186557 -0.25393865 0.18641917 0.98187435 -0.03421561
-0.93131959 0.13876738 -0.33673069 0.12914045 0.99031711 0.05093880
-0.89415967 0.17831677 -0.41070870 0.19377300 0.98103797 0.00406987
-0.89501518 0.17979002 -0.40819526 0.19429755 0.98092413 0.00602926
-0.71868199 0.17983992 -0.67167991 0.31643507 0.94474173 -0.08562697
-0.83836108 0.22491831 -0.49655068 0.28180522 0.95856959 -0.04159627
-0.78286803 0.17321225 -0.59759116 0.19800788 0.97989112 0.02462405
-0.98417538 0.13586402 -0.11375319 0.13226616 0.99046099 0.03863552
-0.13295084 -0.98572201 -0.10332610 -0.98946422 0.13803355 -0.04367349
-0.12274584 -0.98918706 -0.08026483 -0.99012911 0.11654536 0.07785565
-0.17726322 -0.26292512 0.94839245 -0.89327538 -0.36149001 -0.26717809
-0.22570965 -0.25806040 0.93939346 -0.88457781 -0.34969431 -0.30860338
-0.25645405 -0.26354215 0.92993379 -0.89563400 -0.29694992 -0.33115026
-0.10091656 -0.29690596 0.94955921 -0.94277006 -0.27634174 -0.18660091
-0.12978661 -0.27528518 0.95256156 -0.93074518 -0.29739922 -0.21276088
-0.14268248 -0.27268428 0.95146465 -0.92841852 -0.29630652 -0.22414620
-0.16583958 -0.25513509 0.95257717 -0.91461724 -0.32139817 -0.24531312
-0.08631076 -0.39443940 0.91485959 -0.95219964 -0.23743278 -0.19220206
-0.08185136 -0.40364990 0.91124487 -0.96915740 -0.18101376 -0.16723609
-0.06898388 -0.48412204 0.87227696 -0.97672421 -0.14523461 -0.15785065
-0.01004512 -0.65640897 0.75433838 -0.98471338 -0.12469347 -0.12161847
-0.05962193 -0.55576634 0.82919782 -0.98309124 -0.11138624 -0.14534354
-0.02536205 -0.70045525 0.71324557 -0.98999012 -0.08149171 -0.11523307
-0.64144570 0.12929609 -0.75619447 0.29096833 0.95305032 -0.08386032
-0.59244317 0.10675868 -0.79850721 0.37262377 0.91509527 -0.15411766
-0.46393463 0.02831340 -0.88541692 0.23718697 0.96696776 -0.09335840
-0.47405815 0.06372337 -0.87818462 0.01280379 0.99777114 0.06548920
-0.60581601 0.05719940 -0.79354596 0.08552074 0.99631500 0.00652612
-0.71628082 0.04795645 -0.69616240 -0.04965660 0.99160367 0.11940010
-0.31627101 -0.94046575 0.12448661 -0.27782306 -0.03364833 -0.96004283
-0.45792562 0.18103331 -0.87036270 -0.23454848 0.91975254 0.31470975
0.38528839 -0.81326431 -0.43606657 -0.69253498 0.05747915 -0.71909076
-0.90001792 0.14805755 -0.40993515 0.07521451 0.97918475 0.18852077
-0.94272923 0.12293879 -0.31007692 0.02451406 0.95262301 0.30316418
0.89463043 -0.44239876 0.06260847 -0.32295945 -0.73710519 -0.59361029
0.88296497 -0.46437165 0.06878889 -0.27279383 -0.62681150 -0.72985679
0.77588445 -0.62957430 -0.04049203 -0.42669907 -0.47641969 -0.76873416
-0.96869743 0.17474289 -0.17632423 0.18157272 0.98310274 -0.02324584
-0.96336418 0.15458672 -0.21916315 0.15442547 0.98784101 0.01797336
-0.95263255 0.13610758 -0.27196699 0.12659048 0.99057412 0.05232409
-0.93218809 0.12919718 -0.33813226 0.12008469 0.99161094 0.04782694
-0.89839339 0.13943429 -0.41647023 0.14688484 0.98905057 0.01428000
-0.82986385 0.17167574 -0.53089875 0.18113129 0.98284698 0.03468964
-0.72139120 0.17987762 -0.66875911 0.28400400 0.95758080 -0.04879281
-0.70046872 0.15196143 -0.69731718 0.23127851 0.97267467 -0.02035564
-0.77429056 0.17271072 -0.60880637 0.23417330 0.97194374 -0.02209745
-0.97740179 0.13031261 -0.16644631 0.11598834 0.98887783 0.09309924
-0.96501064 0.14167619 -0.22064081 0.13622782 0.98987788 0.03979687
-0.98669088 0.07252535 -0.14553812 0.05503378 0.99114925 0.12080772
-0.21461016 -0.28738439 0.93346280 -0.87262720 -0.37287083 -0.31541905
-0.17733973 -0.25720507 0.94994533 -0.89515877 -0.35893947 -0.26429760
-0.23508316 -0.32174194 0.91717941 -0.88136983 -0.32726851 -0.34070891
-0.26502720 -0.22391985 0.93788087 -0.92765301 -0.20618524 -0.31136385
-0.10744651 -0.30688134 0.94566333 -0.94109672 -0.27533907 -0.19627914
-0.13815631 -0.25229833 0.95773613 -0.93523699 -0.28501704 -0.20999332
-0.15848784 -0.27243462 0.94903165 -0.90543753 -0.34323895 -0.24973983
-0.13902245 -0.26466629 0.95426655 -0.93428332 -0.28441566 -0.21499401
-0.17700653 -0.25460818 0.95070678 -0.89635485 -0.35722861 -0.26255623
-0.10948098 -0.30943447 0.94459742 -0.95280635 -0.23803771 -0.18840960
-0.09231480 -0.38390940 0.91874456 -0.97162265 -0.16707176 -0.16744108
-0.06950306 -0.49665833 0.86515886 -0.97833884 -0.13558400 -0.15642960
-0.02897896 -0.67623335 0.73611736 -0.98925555 -0.08616877 -0.11810320
-0.06532435 -0.54642087 0.83495927 -0.98042703 -0.12059559 -0.15562639
-0.03445194 -0.74566609 0.66542858 -0.99483955 -0.03799183 -0.09407976
-0.60545748 0.11252772 -0.78788245 0.29918867 0.94952273 -0.09430137
-0.65901661 0.12761103 -0.74122369 0.24254744 0.96890956 -0.04883717
-0.58038229 0.10099639 -0.80805701 0.34117463 0.93115264 -0.12866497
-0.59381068 0.10923806 -0.79715490 0.33898997 0.93248433 -0.12473498
-0.48898134 0.04477976 -0.87114412 0.22370972 0.97171783 -0.07562076
-0.39930245 -0.01127588 -0.91674995 0.23237438 0.96602875 -0.11309571
-0.50255311 0.04072552 -0.86358666 0.05451635 0.99839485 0.01535779
-0.52087647 0.14212154 -0.84171808 -0.17282456 0.94806582 0.26702625
-0.41667894 0.02751237 -0.90863734 0.11664170 0.99289781 -0.02342538
-0.45193404 0.03070422 -0.89152282 0.14993450 0.98780411 -0.04198518
-0.25298366 -0.96272403 0.09571727 -0.17238499 -0.05249663 -0.98362982
-0.62843317 0.12033107 -0.76849991 -0.27804708 0.88794059 0.36640322
0.35953677 -0.75185621 -0.55267137 -0.78160441 0.08088788 -0.61850774
-0.94831461 0.12869197 -0.29006511 0.08076872 0.98185754 0.17155810
-0.96434242 0.12335932 -0.23414990 0.07179464 0.97348648 0.21718581
-0.86186361 0.17068364 -0.47755453 0.23302776 0.96965128 -0.07399057
0.91572517 -0.40095690 0.02609587 -0.33744356 -0.80267698 -0.49177387
0.93102121 -0.36353552 0.03227077 -0.26049826 -0.72385424 -0.63888639
0.91082919 -0.41200355 0.02536410 -0.26514944 -0.63105452 -0.72901720
0.77583277 -0.62948489 -0.04280704 -0.42807218 -0.47532323 -0.76864958
-0.96390289 0.15561762 -0.21604261 0.15539372 0.98768622 0.01813042
-0.95624822 0.14886755 -0.25184903 0.14062059 0.98877281 0.05053820
-0.95469636 0.11437184 -0.27472535 0.08620816 0.98990184 0.11252788
-0.89867377 0.12093349 -0.42161670 0.08798790 0.99140495 0.09682166
-0.86519563 0.13327259 -0.48339939 0.12380195 0.99096316 0.05162463
-0.82347977 0.13992651 -0.54981971 0.11903816 0.99015045 0.07370190
-0.66966015 0.13396174 -0.73048586 0.21417660 0.97664285 -0.01723889
-0.77203321 0.14482039 -0.61886322 0.16432284 0.98607033 0.02575752
-0.97816604 0.12616529 -0.16514713 0.11635908 0.99089020 0.06780294
-0.97406930 0.14664681 -0.17228968 0.13951749 0.98880816 0.05285208
0.97688633 0.03663354 -0.21059711 -0.05969349 -0.89925915 -0.43332401
-0.21091178 -0.31490999 0.92539072 -0.88710797 -0.33594823 -0.31650954
-0.17986456 -0.25281119 0.95064998 -0.89540005 -0.35808551 -0.26463869
-0.27676168 -0.16846572 0.94605619 -0.94609028 -0.12463178 -0.29896507
-0.30078828 -0.40632939 0.86279947 -0.85385525 -0.28824046 -0.43341506
-0.14877214 -0.29800335 0.94290024 -0.91120017 -0.32911399 -0.24778686
-0.14121704 -0.25760984 0.95587397 -0.93559021 -0.28090432 -0.21392463
-0.11812846 -0.28256980 0.95194536 -0.95723909 -0.22254437 -0.18484411
-0.08208073 -0.48072192 0.87302303 -0.96654147 -0.17520770 -0.18734971
-0.08854342 -0.44367754 0.89180171 -0.98069578 -0.11787821 -0.15601458
-0.05021051 -0.64086467 0.76601011 -0.98878372 -0.07612318 -0.12849960
-0.07675076 -0.50667876 0.85871178 -0.98585463 -0.09013834 -0.14130032
-0.05854975 -0.58463371 0.80918193 -0.98528361 -0.09654849 -0.14104816
-0.06347929 -0.72839075 0.68221503 -0.99387056 -0.01585571 -0.10940737
-0.55828077 0.09157850 -0.82458228 0.21359436 0.97625190 -0.03619036
-0.65595293 0.12298345 -0.74471527 0.20577329 0.97840196 -0.01967240
-0.79525131 0.14416865 -0.58888948 0.13047922 0.98925310 0.06598100
-0.48232976 0.05628694 -0.87417954 0.23108931 0.97075903 -0.06499832
-0.29491693 0.01468802 -0.95541006 0.09257603 0.99561721 -0.01327031
-0.28387386 -0.05229290 -0.95743459 0.14092283 0.98539382 -0.09560278
-0.36958554 -0.01825051 -0.92901748 0.30150664 0.94335431 -0.13847874
-0.25206482 0.02905158 -0.96727419 -0.04904477 0.99788123 0.04275157
-0.61167854 0.13268980 -0.77989930 -0.30616856 0.86930609 0.38803062
-0.45806471 0.02309549 -0.88861883 0.14567293 0.98809820 -0.04941041
-0.24965897 -0.96401221 0.09138281 -0.22078744 -0.03521531 -0.97468603
-0.35433710 -0.90114444 0.24976772 -0.27577782 -0.15451632 -0.94872087
0.44007665 -0.73560691 -0.51499027 -0.64920717 0.13557988 -0.74843049
0.56734413 -0.63233078 -0.52752113 -0.67361218 0.01211503 -0.73898578
0.51910347 -0.65720463 -0.54645562 -0.59007090 0.18697342 -0.78540260
-0.93633634 0.23272115 -0.26289776 0.21055733 0.97137785 0.10995800
0.91647011 -0.38419813 0.11168888 -0.34009424 -0.89509082 -0.28835467
0.91437554 -0.40326005 0.03603813 -0.34082302 -0.81472492 -0.46910870
0.92401367 -0.38235864 0.00085993 -0.33835012 -0.81870544 -0.46394032
0.93275464 -0.35897452 0.03325959 -0.27130970 -0.75971955 -0.59094614
0.92660290 -0.37275121 0.04963522 -0.24018832 -0.68822980 -0.68457973
0.91801441 -0.39609236 0.01898749 -0.23634207 -0.58495730 -0.77586555
0.91934854 -0.39333713 0.00917281 -0.27554977 -0.66033518 -0.69859129
0.86015266 -0.50401855 -0.07812060 -0.33754820 -0.44771737 -0.82801592
-0.95717782 0.11167779 -0.26709315 0.08676503 0.99085248 0.10335964
-0.90691566 0.10212418 -0.40874767 0.08374507 0.99451488 0.06266531
-0.86108297 0.13246289 -0.49090698 0.12264467 0.99107182 0.05229709
-0.81165475 0.13979529 -0.56716305 0.14962968 0.98830295 0.02946678
-0.66528678 0.12781189 -0.73556626 0.17895357 0.98381549 0.00909215
-0.73421431 0.13346694 -0.66566956 0.12576413 0.99025428 0.05983207
-0.24416545 -0.39174595 0.88708425 -0.87805897 -0.29893830 -0.37369567
-0.13799424 -0.33310419 0.93273753 -0.90665305 -0.33658841 -0.25433946
-0.29730272 -0.20722806 0.93202341 -0.92198431 -0.19134991 -0.33664554
-0.32004467 -0.41815126 0.85012996 -0.84687132 -0.27599615 -0.45457143
-0.02880445 -0.64660388 0.76228195 -0.94841337 -0.22319263 -0.22516045
-0.13262376 -0.27996451 0.95080537 -0.93631691 -0.27930021 -0.21284276
-0.14281671 -0.24322145 0.95939916 -0.94603407 -0.25135475 -0.20454916
-0.15662375 -0.16531134 0.97372544 -0.95588660 -0.22267920 -0.19155906
-0.11632658 -0.33677652 0.93437129 -0.96624917 -0.17933767 -0.18493415
-0.09674564 -0.40537235 0.90901798 -0.97275585 -0.15481193 -0.17256686
-0.10780431 -0.36522931 0.92465442 -0.96821254 -0.17258321 -0.18105134
-0.09889837 -0.39832330 0.91189790 -0.97884667 -0.12599704 -0.16119556
-0.06134340 -0.62837547 0.77548778 -0.98970824 -0.06234343 -0.12880558
-0.07744364 -0.51577270 0.85321808 -0.98725128 -0.07969166 -0.13778318
-0.06500669 -0.58463657 0.80868673 -0.98760486 -0.07833112 -0.13601825
-0.06375980 -0.75376034 0.65404904 -0.99607313 0.00772706 -0.08819684
-0.07202507 -0.66354239 0.74466366 -0.99215287 -0.02883887 -0.12165989
-0.54635477 0.08357920 -0.83337337 0.15672843 0.98763484 -0.00370013
-0.48648748 0.05699511 -0.87182659 0.22434810 0.97255975 -0.06160789
-0.54033047 0.09056378 -0.83656514 0.17089652 0.98528200 -0.00371727
-0.38095361 0.01303501 -0.92450225 -0.07050440 0.99657977 0.04310356
-0.14383310 -0.25139889 -0.95713675 0.15942436 0.94867378 -0.27313349
-0.58395368 0.07418080 -0.80839062 0.41713536 0.88171148 -0.22041532
-0.37060606 -0.88993114 0.26584542 -0.00176036 -0.28555411 -0.95836103
0.14834422 -0.86979765 -0.47058064 -0.36126551 0.39529562 -0.84452862
-0.21131735 -0.00333231 -0.97741187 0.07150837 0.99726170 -0.01886016
-0.34425285 -0.90282744 0.25766766 -0.13736190 -0.22305742 -0.96507883
-0.45959738 -0.84706295 0.26693577 -0.24734369 -0.16658911 -0.95449942
0.37917358 -0.76657444 -0.51825774 -0.43693852 0.34537899 -0.83054084
0.52371562 -0.68314254 -0.50895798 -0.54494256 0.19056727 -0.81653035
0.50032729 -0.67763710 -0.53896248 -0.46632308 0.31358680 -0.82716751
-0.95060915 0.27808532 -0.13787980 0.24761547 0.94727713 0.20335361
-0.88738537 0.45310271 -0.08511875 0.43553621 0.88444906 0.16750531
0.93978626 -0.34094375 -0.02364754 -0.30862764 -0.81691509 -0.48723584
0.92118657 -0.38910481 -0.00357489 -0.34627256 -0.81552315 -0.46369973
0.94163179 -0.33300006 0.04940346 -0.23853897 -0.76354855 -0.60007733
0.91025877 -0.39195111 0.13342954 -0.22971445 -0.74619442 -0.62484020
0.87673825 -0.47625372 -0.06717504 -0.32649222 -0.48675978 -0.81022698
-0.95227873 0.09948524 -0.28856182 0.07056820 0.99153775 0.10896379
-0.91213953 0.10126611 -0.39717346 0.07718606 0.99410063 0.07619911
-0.48612291 0.08969286 -0.86927545 -0.07156035 0.98729265 0.14188856
-0.25823775 -0.48244506 0.83699465 -0.86262369 -0.27492598 -0.42461288
-0.11869397 -0.38202021 0.91650003 -0.92185897 -0.30053124 -0.24465695
-0.31905031 -0.42268535 0.84825933 -0.85828686 -0.25071865 -0.44775432
-0.37226909 -0.50779623 0.77689046 -0.80393952 -0.24185361 -0.54331225
-0.12173809 -0.36384046 0.92347175 -0.91604698 -0.31702742 -0.24566557
-0.12237995 -0.34135431 0.93193370 -0.92403340 -0.30348587 -0.23250517
-0.11988167 -0.41787493 0.90056032 -0.95246172 -0.20749731 -0.22307295
-0.12915337 -0.29483986 0.94677824 -0.95060694 -0.23495004 -0.20284238
-0.13732301 -0.26551643 0.95427644 -0.94286239 -0.26021561 -0.20808245
-0.12822144 -0.28180432 0.95086575 -0.95831782 -0.21162340 -0.19194427
-0.11524492 -0.35135233 0.92912334 -0.96645135 -0.17648555 -0.18661378
-0.10630367 -0.37373105 0.92142534 -0.96844435 -0.17116849 -0.18115431
-0.11812364 -0.33337364 0.93536562 -0.96754766 -0.17325763 -0.18393853
-0.10706668 -0.39426082 0.91274047 -0.97836065 -0.12169826 -0.16733199
-0.07186686 -0.63501233 0.76915181 -0.99057537 -0.04470785 -0.12946676
-0.08865036 -0.49536225 0.86415124 -0.99054193 -0.04737412 -0.12877287
-0.08319876 -0.74199390 0.66522402 -0.99491733 0.02385052 -0.09783010
-0.09279527 -0.64361316 0.75970465 -0.99382007 0.01319071 -0.11021663
-0.50820214 0.05655524 -0.85937893 0.14206269 0.98967761 -0.01888006
-0.35100627 -0.89687014 0.26910701 -0.08472013 -0.25579602 -0.96301138
-0.37127984 -0.88889319 0.26836583 -0.10975818 -0.24498363 -0.96329445
0.31211844 -0.78522795 -0.53478891 -0.55357748 0.30715886 -0.77408367
-0.21276928 -0.54404199 -0.81163263 0.10683065 0.81272018 -0.57277668
-0.38806075 -0.88151783 0.26895198 -0.16381764 -0.22119969 -0.96137118
-0.47463831 -0.83950007 0.26449612 -0.35008627 -0.09565066 -0.93182111
-0.37995544 -0.88636708 0.26455113 -0.17192829 -0.21334462 -0.96173006
0.47895166 -0.73413104 -0.48130754 -0.70766360 0.00153938 -0.70654792
0.49422091 -0.68278986 -0.53809279 -0.45682198 0.32264546 -0.82898355
0.81610775 -0.57575983 -0.04968754 -0.57783759 -0.81426030 -0.05553394
0.86878407 -0.49452141 -0.02574630 -0.48387638 -0.83673388 -0.25639817
-0.85695809 0.51356518 -0.04328626 0.50460899 0.85315961 0.13224435
0.94162834 -0.33641574 -0.01267351 -0.30178866 -0.82682651 -0.47463840
0.87157089 -0.48810163 -0.04605474 -0.48280317 -0.83817041 -0.25371540
0.95083952 -0.30940738 0.01308811 -0.26474792 -0.83406931 -0.48398036
0.94861984 -0.30640048 0.07898825 -0.18719512 -0.74470294 -0.64060563
0.52315331 -0.72442478 -0.44890913 -0.61843723 0.03972745 -0.78482938
-0.92923760 0.09691285 -0.35654652 0.06510387 0.99283630 0.10018786
-0.90200782 0.10631678 -0.41842410 0.05350569 0.98926073 0.13601620
-0.35927632 -0.50365949 0.78565115 -0.81056690 -0.24880050 -0.53016949
-0.16562288 -0.39697197 0.90276378 -0.91213942 -0.28635508 -0.29326180
-0.11834269 -0.38206512 0.91652673 -0.92187512 -0.30070311 -0.24438494
-0.56493843 -0.30061671 0.76842320 -0.70197290 -0.31436554 -0.63906842
-0.38570857 -0.51028967 0.76865691 -0.79736322 -0.23476329 -0.55596602
-0.12969668 -0.32329470 0.93736833 -0.92643178 -0.29743871 -0.23076890
-0.11227372 -0.34121078 0.93325764 -0.94790518 -0.24498969 -0.20360720
-0.11196920 -0.34162658 0.93314207 -0.94328851 -0.25878906 -0.20793027
-0.14546902 -0.34239548 0.92822635 -0.94755828 -0.22162645 -0.23025016
-0.13971888 -0.24894498 0.95838672 -0.95854157 -0.20874819 -0.19396468
-0.12585159 -0.29395571 0.94749749 -0.95719177 -0.21497162 -0.19383295
-0.12269752 -0.31433597 0.94134915 -0.97481835 -0.13979724 -0.17374115
-0.11304304 -0.39111686 0.91337234 -0.98019302 -0.10655050 -0.16693924
-0.08955863 -0.57867390 0.81062680 -0.98492306 -0.06949140 -0.15842213
-0.08848945 -0.71981978 0.68849772 -0.99467486 0.02719303 -0.09941087
-0.08223949 -0.81062293 0.57976478 -0.99634349 0.05335616 -0.06672888
-0.10867397 -0.61665708 0.77969486 -0.99254864 0.02382703 -0.11949687
-0.22042944 -0.94117010 0.25614411 -0.27416927 -0.19223166 -0.94227296
0.01560311 -0.62849355 -0.77765834 0.04487240 0.77740949 -0.62739223
-0.04433313 -0.59700876 -0.80100882 0.14558724 0.78937650 -0.59639674
-0.36371651 -0.87835807 0.31015715 0.05397185 -0.35227373 -0.93433946
-0.57323599 -0.77063966 0.27841511 -0.30877697 -0.11156961 -0.94456816
-0.55852604 -0.77928573 0.28418750 -0.17515056 -0.22408327 -0.95870173
0.54143304 -0.64279372 -0.54191011 -0.45331153 0.31964734 -0.83206630
0.80270904 -0.58828878 0.09784937 -0.59426528 -0.80281025 0.04841996
0.84909832 -0.51715904 -0.10760401 -0.52822131 -0.82981032 -0.17999229
0.84594280 -0.52477580 -0.09482224 -0.53223175 -0.84194595 -0.08863696
0.91267651 -0.40428352 -0.05980363 -0.39100751 -0.82123458 -0.41555610
0.87417483 -0.47483176 -0.10175067 -0.47612882 -0.79687351 -0.37187901
0.94546467 -0.31874490 0.06706969 -0.25267527 -0.84765232 -0.46651983
0.93959218 -0.32198030 0.11616902 -0.21711127 -0.82297015 -0.52495992
0.90425432 -0.38805759 0.17814443 -0.18949932 -0.73858130 -0.64698350
-0.75040066 0.48091438 -0.45345366 0.02316916 0.70474517 0.70908213
-0.17240389 -0.53869599 0.82467175 -0.88932568 -0.27484703 -0.36545718
-0.12679459 -0.49694878 0.85846668 -0.92938221 -0.24293937 -0.27790138
-0.58970743 -0.62634420 0.50984120 -0.57048357 -0.12379009 -0.81192648
-0.41913354 -0.53895313 0.73065495 -0.78810674 -0.18360026 -0.58751923
-0.12809323 -0.31721780 0.93966222 -0.93320549 -0.28219077 -0.22247700
-0.13475031 -0.43777657 0.88892859 -0.92774159 -0.25937206 -0.26836854
-0.14148237 -0.37146121 0.91760522 -0.94285309 -0.23191370 -0.23925756
-0.14513332 -0.36381546 0.92009497 -0.95792973 -0.18105100 -0.22269079
-0.14613745 -0.32211840 0.93535215 -0.98501426 -0.04016913 -0.16773009
-0.13842010 -0.24652313 0.95920086 -0.95764428 -0.21361470 -0.19309634
-0.13098514 -0.27273944 0.95312965 -0.95946175 -0.20713250 -0.19112661
-0.14046527 -0.26595223 0.95369750 -0.96941090 -0.15887707 -0.18708476
-0.12300294 -0.35559139 0.92651236 -0.97275370 -0.14167559 -0.18351638
-0.12870570 -0.28310749 0.95041311 -0.98757964 -0.05050115 -0.14878201
-0.11293292 -0.39675048 0.91095293 -0.98462105 -0.07830697 -0.15617102
-0.09910770 -0.49798143 0.86150581 -0.98721129 -0.05943432 -0.14792405
-0.10088083 -0.51937574 0.84857047 -0.99273437 -0.00367716 -0.12027014
-0.10283907 -0.68275118 0.72337741 -0.99459082 0.05990346 -0.08485700
-0.09910633 -0.74025500 0.66498154 -0.99492252 0.08548523 -0.05311764
-0.11114505 -0.66145700 0.74170178 -0.99370462 0.06340502 -0.09236281
-0.11060210 -0.58000410 0.80707031 -0.99234748 0.01959205 -0.12191287
-0.44100603 -0.84891057 0.29131520 -0.14061154 -0.25522411 -0.95660287
0.06973667 -0.67199081 -0.73726881 0.14041117 0.73832256 -0.65967005
0.15626943 -0.61934751 -0.76940793 0.32820976 0.76727480 -0.55096990
-0.40278304 -0.85797477 0.31881845 0.01018267 -0.35250169 -0.93575579
-0.56145084 -0.78361881 0.26592231 -0.38827321 -0.03431882 -0.92090511
-0.55859447 -0.78230757 0.27562150 -0.30516434 -0.11515312 -0.94531190
-0.53194815 -0.79735577 0.28505260 -0.15518661 -0.23913203 -0.95850557
-0.53547066 -0.79585338 0.28264558 -0.21076320 -0.19815566 -0.95724249
0.52979314 -0.65352839 -0.54057372 -0.53640270 0.23551702 -0.81043440
-0.76692259 0.56479180 0.30469653 0.55364454 0.82240152 -0.13089475
0.84702241 -0.52005762 -0.10996864 -0.53152633 -0.82642329 -0.18575341
0.83581620 -0.50205088 -0.22216290 -0.52983260 -0.84364617 -0.08682513
0.84570789 -0.52363801 -0.10286623 -0.53207082 -0.84219784 -0.08719786
0.88141525 -0.45829540 -0.11433491 -0.46728221 -0.81070566 -0.35270908
0.91136116 -0.40881515 -0.04786552 -0.39265525 -0.82861811 -0.39901632
0.87117416 -0.48052728 -0.10074335 -0.48547497 -0.81246227 -0.32282993
0.87279522 -0.48343244 -0.06724322 -0.47264794 -0.80275184 -0.36358431
0.93067575 -0.36577597 0.00711729 -0.33076504 -0.84958851 -0.41084537
0.95147938 -0.30410966 0.04695045 -0.25210363 -0.85789067 -0.44773594
0.92785567 -0.34439832 0.14308617 -0.21735553 -0.81115746 -0.54293656
-0.78303349 0.45626524 -0.42270640 0.02930951 0.70592749 0.70767748
-0.17495194 -0.51492059 0.83919525 -0.91020042 -0.24039745 -0.33725995
-0.21626437 -0.54984730 0.80678236 -0.87927651 -0.24949850 -0.40573803
-0.10998862 -0.53589863 0.83708739 -0.94562352 -0.20295204 -0.25417846
-0.11046994 -0.54189128 0.83315682 -0.93046975 -0.23824301 -0.27832785
-0.61600536 -0.63172942 0.47059038 -0.54229575 -0.09321433 -0.83500081
-0.37410188 -0.61594605 0.69329518 -0.80272275 -0.15930511 -0.57468086
-0.13961302 -0.42250744 0.89554214 -0.94140762 -0.22377792 -0.25233942
-0.11172174 -0.51409107 0.85042852 -0.95882249 -0.16909485 -0.22818080
-0.12899312 -0.42953184 0.89379150 -0.95857948 -0.17680073 -0.22330903
-0.11950218 -0.47885922 0.86972016 -0.96788913 -0.13894068 -0.20949025
-0.14864187 -0.31850767 0.93619365 -0.96191752 -0.17303705 -0.21159598
-0.13980554 -0.36715212 0.91959429 -0.96161926 -0.17110017 -0.21450709
-0.14034599 -0.22927667 0.96319014 -0.96555370 -0.18359078 -0.18439212
-0.15572067 -0.27015218 0.95014155 -0.96576202 -0.16041303 -0.20389071
-0.13701090 -0.28585941 0.94842631 -0.96832031 -0.16313779 -0.18905522
-0.13196523 -0.29907587 0.94506025 -0.97944808 -0.10736741 -0.17074476
-0.08321110 -0.65504956 0.75099009 -0.96382171 -0.13859475 -0.22768220
-0.10794783 -0.52240700 0.84583586 -0.99073476 -0.01400128 -0.13508770
-0.11107683 -0.67314565 0.73112035 -0.99372894 0.06572896 -0.09045719
-0.11264282 -0.85309267 0.50945514 -0.99347436 0.10593008 -0.04227964
-0.11491094 -0.57764566 0.80815905 -0.99337298 0.06486750 -0.09488106
-0.10986973 -0.60640240 0.78753078 -0.99269265 0.02716940 -0.11757164
-0.53975379 -0.79385775 0.28009948 -0.17159228 -0.22199258 -0.95983094
-0.42480335 -0.85179216 0.30658156 0.17178445 -0.40835053 -0.89651549
0.07620178 -0.67701507 -0.73201358 0.07567610 0.73595762 -0.67278492
-0.03594526 -0.68951011 -0.72338355 0.03693458 0.72244012 -0.69044632
0.11688406 -0.54952067 -0.82726371 0.37273270 0.79635626 -0.47632658
-0.47149161 -0.82835460 0.30252987 0.02717860 -0.35654101 -0.93388432
-0.38918450 -0.86125314 0.32676983 0.07151213 -0.38191533 -0.92142648
-0.54782897 -0.79201466 0.26943702 -0.15289570 -0.22185449 -0.96301794
-0.53454131 -0.80289000 0.26388106 -0.44397616 0.00109124 -0.89603794
0.84250379 -0.51394272 -0.16140103 -0.53678268 -0.82614601 -0.17131035
0.83646035 -0.50122476 -0.22160307 -0.52920437 -0.84381676 -0.08897280
-0.83411741 0.50837588 0.21401428 0.52151787 0.85322040 0.00584306
0.76614970 -0.47649914 -0.43123460 -0.58726299 -0.79163581 -0.16862665
0.87662250 -0.46717483 -0.11524217 -0.47557661 -0.80476046 -0.35522884
0.88107836 -0.46539813 -0.08429500 -0.46317798 -0.81294322 -0.35297251
0.87050074 -0.48089197 -0.10474470 -0.48962563 -0.82456553 -0.28347546
0.92973745 -0.36812767 0.00839110 -0.33408505 -0.85290438 -0.40117487
0.90052134 -0.38152081 0.20857391 -0.23542856 -0.83111739 -0.50380296
0.94968206 -0.30143011 0.08511204 -0.17249919 -0.73015594 -0.66114777
0.96157992 -0.26278624 0.07942010 -0.18807131 -0.84133399 -0.50674093
-0.14960474 -0.61575025 0.77360845 -0.92386252 -0.19170694 -0.33125004
-0.22960606 -0.69096947 0.68545038 -0.84434950 -0.20888348 -0.49339801
-0.12225004 -0.51144874 0.85057342 -0.93320203 -0.23255193 -0.27395919
-0.60335290 -0.64846867 0.46416986 -0.54916865 -0.08419234 -0.83145988
-0.60594046 -0.68997931 0.39593539 -0.41574728 -0.14966807 -0.89708066
-0.58381480 -0.64826638 0.48878530 -0.56546837 -0.10733031 -0.81775659
-0.13013731 -0.45530432 0.88077372 -0.94066840 -0.22407553 -0.25481990
-0.11212591 -0.51585907 0.84930396 -0.95836204 -0.16974680 -0.22962640
-0.13020916 -0.43886915 0.88906664 -0.95803571 -0.17526457 -0.22682577
-0.12443119 -0.45645738 0.88100141 -0.96672487 -0.14424482 -0.21127358
-0.12583610 -0.45467260 0.88172454 -0.96452153 -0.15185563 -0.21595886
-0.15691637 -0.28212008 0.94645947 -0.96829861 -0.14464803 -0.20365371
-0.13835856 -0.23396485 0.96234995 -0.96713424 -0.17738365 -0.18217160
-0.14149091 -0.22210787 0.96470124 -0.96711165 -0.17705667 -0.18260907
-0.14515094 -0.20986059 0.96689695 -0.96956962 -0.16455103 -0.18126723
-0.16611081 -0.19975506 0.96566308 -0.97298074 -0.12604804 -0.19344361
-0.14701225 -0.24641667 0.95794898 -0.96683568 -0.16868360 -0.19176716
-0.13660942 -0.27395591 0.95199054 -0.98073894 -0.09802625 -0.16894391
-0.12266938 -0.37906358 0.91720396 -0.98946166 -0.02492370 -0.14263384
-0.11546550 -0.52155560 0.84536833 -0.98992038 -0.00984439 -0.14128286
-0.12000357 -0.68823671 0.71549249 -0.99242127 0.10235880 -0.06799095
-0.12470084 -0.71003407 0.69303775 -0.99171257 0.11096066 -0.06476063
-0.12552747 -0.58315766 0.80260205 -0.99207729 0.06965730 -0.10454965
-0.11636039 -0.52321535 0.84421915 -0.99225163 0.02396461 -0.12191164
-0.40887082 -0.85911083 0.30782014 0.08941128 -0.37339178 -0.92335492
0.08089083 -0.67711484 -0.73141789 0.07997593 0.73586595 -0.67238772
0.19582257 -0.69350576 -0.69332772 0.35120320 0.70971572 -0.61070454
0.17843056 -0.56005192 -0.80901450 0.45436105 0.77619606 -0.43712217
0.19286226 -0.57442647 -0.79551142 0.43966889 0.77537936 -0.45329696
-0.48492143 -0.82178694 0.29919472 0.00351052 -0.34393603 -0.93898654
-0.44128644 -0.83916491 0.31791276 0.15666199 -0.42087561 -0.89348799
0.83883244 -0.51922673 -0.16359653 -0.54148889 -0.82677835 -0.15240549
0.83737189 -0.51107621 -0.19393182 -0.53501052 -0.83902687 -0.09898359
0.83104676 -0.51476496 -0.21066162 -0.54164910 -0.83508259 -0.09619406
0.82430774 -0.52216047 -0.21878114 -0.54545069 -0.83600444 -0.05983464
-0.83808178 0.51481462 0.18051279 0.52491212 0.85110056 0.00975163
0.86952561 -0.47480318 -0.13596764 -0.49383444 -0.83178365 -0.25350264
0.87796032 -0.47366518 -0.06947581 -0.47116214 -0.82921988 -0.30066717
0.88547534 -0.46182975 -0.05144626 -0.45380092 -0.83559382 -0.30959290
0.93903238 -0.32029453 0.12501866 -0.26263592 -0.90285665 -0.34040010
-0.75334138 0.38026974 -0.53653681 -0.01450062 0.80606109 0.59165472
-0.92434806 0.29691741 -0.23962632 0.18508343 0.89812237 0.39889890
-0.17140777 -0.62245190 0.76365775 -0.92157251 -0.17274356 -0.34765476
-0.14574157 -0.60861015 0.77996999 -0.94810623 -0.13926880 -0.28583005
-0.23349686 -0.67424929 0.70061922 -0.85486639 -0.20099647 -0.47833455
-0.49473184 -0.66079193 0.56444174 -0.67456770 -0.11749077 -0.72880340
-0.61381072 -0.67944503 0.40198368 -0.38902417 -0.18275385 -0.90291822
-0.56653106 -0.75075966 0.33970949 -0.41908172 -0.09245653 -0.90322882
-0.51804298 -0.70583427 0.48314539 -0.60098189 -0.10157420 -0.79278213
-0.11819932 -0.64698082 0.75328928 -0.96493781 -0.10420434 -0.24090776
-0.12998138 -0.58235198 0.80247813 -0.96677500 -0.10523633 -0.23296255
-0.13539977 -0.41742778 0.89856607 -0.97625601 -0.09856731 -0.19289574
-0.15832551 -0.26835692 0.95021981 -0.97143829 -0.12993468 -0.19855651
-0.15022433 -0.31431025 0.93735892 -0.96864903 -0.14296296 -0.20317657
-0.16258571 -0.09202509 0.98239368 -0.98145199 -0.08741503 -0.17061840
-0.14830260 -0.18871014 0.97077024 -0.97447038 -0.13943182 -0.17597233
-0.14808083 -0.31300458 0.93813658 -0.97522336 -0.11142632 -0.19111167
-0.13419762 -0.29490507 0.94605601 -0.97848523 -0.11153981 -0.17356695
-0.12819651 -0.35539153 0.92588478 -0.98919922 -0.02107891 -0.14505383
-0.12735900 -0.66862297 0.73261380 -0.99147373 0.10634535 -0.07530318
-0.15910761 -0.68754977 0.70849150 -0.98405772 0.16821155 -0.05775264
-0.12674192 -0.53298140 0.83658075 -0.99192631 0.07177456 -0.10454954
-0.12354824 -0.49580365 0.85960144 -0.99201703 0.03965897 -0.11970535
0.15211408 -0.40170529 -0.90304714 0.24812423 0.89994007 -0.35852784
0.23932248 -0.67643523 -0.69653434 0.37297294 0.72638887 -0.57727844
0.21446148 -0.59843630 -0.77193290 0.57949382 0.71415395 -0.39264613
-0.44639987 -0.83724666 0.31582475 0.09188911 -0.39396670 -0.91451991
0.84760600 -0.52103186 -0.10044823 -0.53062475 -0.83270651 -0.15823166
0.84159327 -0.51026279 -0.17706704 -0.53306562 -0.83749229 -0.12019888
0.83364540 -0.51658791 -0.19537747 -0.53903639 -0.83807671 -0.08406752
-0.67553586 0.43644530 0.59427845 0.50852346 0.85940903 -0.05310503
-0.77902579 0.51249391 0.36120459 0.53734571 0.84256929 -0.03655957
-0.80528557 0.52359110 0.27815023 0.49068677 0.85190016 -0.18301010
0.86725467 -0.48523912 -0.11141056 -0.49724084 -0.83300251 -0.24260736
0.87454146 -0.47883534 -0.07677212 -0.47931620 -0.82941771 -0.28691861
0.88892323 -0.45771119 -0.01777794 -0.44097298 -0.84462517 -0.30356422
0.93935752 -0.32582381 0.10698758 -0.27342591 -0.89987206 -0.33980656
-0.76643157 0.35089234 -0.53801233 0.01409134 0.84658378 0.53206897
0.93663365 -0.23991005 0.25526592 -0.12982592 -0.91452008 -0.38314256
-0.20196825 -0.64692956 0.73531687 -0.96575832 0.00671368 -0.25935659
-0.19357485 -0.67187971 0.71491712 -0.93288517 -0.09954439 -0.34614491
-0.09611498 -0.74603325 0.65893579 -0.95316666 -0.12173880 -0.27686277
-0.29502234 -0.75180852 0.58969980 -0.86673993 -0.04918493 -0.49632928
-0.39900404 -0.77590740 0.48863429 -0.70595926 -0.08013047 -0.70370495
-0.61741757 -0.68121183 0.39337778 -0.38469005 -0.17472757 -0.90635747
-0.57289755 -0.74614924 0.33918989 -0.40705827 -0.10017467 -0.90789241
-0.57100886 -0.74745852 0.33949172 -0.34976190 -0.15262732 -0.92432219
-0.62028837 -0.64499724 0.44634178 -0.37856251 -0.25220650 -0.89055175
-0.12519212 -0.59816176 0.79153615 -0.97342867 -0.08012853 -0.21451378
-0.13863541 -0.66090953 0.73754925 -0.96691060 -0.07071846 -0.24511798
-0.14440845 -0.52038878 0.84163046 -0.96539915 -0.11255202 -0.23523697
-0.16028292 -0.27464402 0.94809288 -0.97318876 -0.11655512 -0.19828933
-0.15365788 -0.28730673 0.94543326 -0.97658402 -0.10164589 -0.18960980
-0.16772325 -0.22547564 0.95970291 -0.97126776 -0.12893520 -0.20003685
-0.14100838 -0.36766538 0.91920561 -0.97755003 -0.09512699 -0.18800759
-0.14100149 -0.20311570 0.96894920 -0.95937043 -0.21357268 -0.18437769
-0.15560012 -0.24976219 0.95572352 -0.97647864 -0.10729882 -0.18701996
-0.15729775 -0.26133916 0.95234406 -0.97359395 -0.12052067 -0.19388045
-0.13722587 -0.28233626 0.94944996 -0.98488677 -0.06336787 -0.16119123
-0.14578408 -0.19681177 0.96954226 -0.97843701 -0.11625586 -0.17072085
-0.12699445 -0.41164583 0.90245229 -0.98938829 -0.01218088 -0.14478439
-0.12525754 -0.43775344 0.89032716 -0.99173260 0.03003131 -0.12475827
-0.13770817 -0.59003597 0.79554641 -0.98928332 0.12128956 -0.08128649
-0.16983205 -0.67658973 0.71650779 -0.98293972 0.16840038 -0.07396529
-0.14511137 -0.58392042 0.79873633 -0.98793942 0.12959002 -0.08474761
-0.13510413 -0.55008519 0.82410753 -0.99074298 0.06388871 -0.11977712
0.24033730 -0.60612386 -0.75818992 0.44993830 0.76166850 -0.46627963
0.86075002 -0.48414576 -0.15720107 -0.50332713 -0.85559648 -0.12089913
0.84912860 -0.50318003 -0.16059399 -0.51513034 -0.85611671 -0.04129171
0.84730101 -0.50759822 -0.15628509 -0.51981682 -0.85293055 -0.04795900
-0.84975475 0.49658179 0.17698437 0.50946569 0.85983580 0.03357439
0.79262680 -0.55162972 -0.25970656 -0.59035766 -0.80082476 -0.10078477
