-0.14062490 -0.47805229 0.86700088 -0.10214747 0.87803513 0.46756846
-0.13474745 -0.47845760 0.86771053 -0.09731880 0.87785333 0.46893770
-0.08953239 -0.47834423 0.87359649 -0.18155923 0.87026107 0.45791036
-0.08261251 0.46087870 -0.88360965 0.06574555 -0.88218850 -0.46628425
-0.08029894 0.46262565 -0.88290972 0.08948679 -0.87884736 -0.46863571
-0.00682831 0.44115841 -0.89740330 0.00919737 -0.89735854 -0.44120640
-0.01477434 -0.42218336 0.90639007 -0.00067024 0.90649295 0.42222038
0.10152741 -0.40939909 0.90668881 0.11735262 0.90996355 0.39773706
0.20148963 -0.41256255 0.88836604 0.13835776 0.90986139 0.39116421
0.21021743 -0.41314161 0.88607150 0.13141164 0.91003954 0.39314005
0.22923787 -0.41321906 0.88130587 0.13035548 0.91029352 0.39290357
0.29736474 -0.41464409 0.86002588 0.09518756 0.90916067 0.40542111
-0.25390825 0.46517226 -0.84802443 0.08259005 -0.86312807 -0.49818558
-0.29292548 0.45870608 -0.83891803 0.13567205 -0.84858638 -0.51136518
-0.27183518 0.49930623 -0.82267797 0.23650275 -0.79398990 -0.56004161
-0.37555826 0.45386708 -0.80805981 0.31873167 -0.75545144 -0.57245374
-0.19820622 0.54293084 -0.81605178 0.41256940 -0.70900893 -0.57192039
-0.13302220 0.55247122 -0.82284909 0.37253642 -0.74147522 -0.55806017
-0.06500511 0.57868236 -0.81295824 0.35673633 -0.74736750 -0.56051850
-0.04634084 0.57305002 -0.81820917 0.35765463 -0.75527066 -0.54922616
-0.18517086 -0.58306795 0.79103953 -0.22590487 0.80865878 0.54317397
0.02647348 0.55399847 -0.83209664 0.37923065 -0.77573127 -0.50440580
-0.32240069 0.48138338 -0.81506318 0.31431508 -0.75774765 -0.57186067
-0.40039897 0.43671000 -0.80558372 0.21286517 -0.81075400 -0.54531312
-0.75082427 0.16114017 -0.64054424 0.33086771 -0.74757510 -0.57589769
-0.52355868 0.37295496 -0.76602286 0.37872556 -0.70350778 -0.60136819
-0.41706586 0.45309788 -0.78788233 0.43072975 -0.66480964 -0.61032784
-0.38408411 0.44799531 -0.80732870 0.30528891 -0.76359385 -0.56896675
-0.27076304 0.50105590 -0.82196742 0.28809834 -0.77254897 -0.56583339
-0.24565685 0.50917518 -0.82485968 0.29509461 -0.77126527 -0.56397611
-0.58597964 0.34605026 -0.73271900 0.22332890 -0.80024016 -0.55654287
-0.77401412 0.17331672 -0.60898566 0.29148108 -0.75629520 -0.58571017
-0.61386198 0.32228607 -0.72062838 0.51664186 -0.52619380 -0.67542678
-0.78417218 0.17351440 -0.59579086 0.27660018 -0.76172054 -0.58589613
0.89949065 -0.17039184 0.40234721 -0.00658110 0.91544151 0.40239727
0.98053932 -0.13167249 0.14561930 0.08574124 0.95447236 0.28571141
0.98040593 -0.14781742 0.13020878 0.10769803 0.95567840 0.27400720
0.97789705 -0.15732555 0.13771763 0.10872820 0.94523108 0.30776033
0.97702581 -0.16643320 0.13311879 0.11802790 0.94263279 0.31227055
0.98237997 -0.17172320 0.07376148 0.13719365 0.93060529 0.33934021
0.89898556 -0.25501445 0.35607946 0.12631768 0.92942494 0.34671757
0.72408319 -0.32552087 0.60806227 0.09756928 0.92109495 0.37691435
0.66778851 -0.34031925 0.66199803 0.05798488 0.91044396 0.40954807
0.75647593 -0.28325817 0.58949906 0.00544371 0.90404063 0.42741182
0.91921020 -0.16828650 0.35599485 0.01000500 0.91376400 0.40612224
0.55555785 -0.37193221 0.74365449 0.02767469 0.90215254 0.43052882
0.27481192 -0.37755108 0.88427013 0.16768759 0.92440486 0.34257343
0.59221262 -0.37388942 0.71378636 0.09903391 0.91288805 0.39601487
0.39495292 -0.38783678 0.83282346 0.20582303 0.92083353 0.33121389
0.39388168 -0.38685539 0.83378661 0.23759034 0.91913944 0.31421894
0.53149557 -0.33770034 0.77683395 0.25545117 0.93829733 0.23311563
0.37349421 -0.29802313 0.87845570 0.36127311 0.91894931 0.15815791
0.37351358 -0.28780490 0.88184810 0.42209238 0.89926630 0.11470912
0.62392312 -0.33458543 0.70623827 0.37835023 0.92006594 0.10163596
0.52464187 -0.25466642 0.81233978 0.51430595 0.85521150 -0.06405296
0.48141274 -0.22375527 0.84745234 0.53068680 0.84391123 -0.07864727
0.40916452 -0.20580859 0.88894731 0.52536368 0.84968191 -0.04509640
0.36094263 -0.25729614 0.89639235 0.53348905 0.84534907 0.02782942
0.19784361 -0.18160212 0.96326458 0.61149400 0.79089963 0.02351261
0.20254858 -0.18917118 0.96082693 0.60964632 0.79219800 0.02745346
0.15535274 -0.26013246 0.95299357 0.45031825 0.87729007 0.16605932
0.01320742 -0.18253939 0.98310989 0.54672545 0.82452917 0.14574997
0.20353024 -0.30067796 0.93175542 0.39430434 0.89625764 0.20309199
0.19985108 -0.29797798 0.93341774 0.40527222 0.89246714 0.19813362
0.14570008 -0.34802669 0.92609340 0.25146195 0.91836768 0.30556142
0.25660744 -0.32137781 0.91152018 0.45885533 0.87054825 0.17775711
0.10437729 -0.23868077 0.96547240 0.46438977 0.87014222 0.16490835
-0.08683193 -0.33169684 0.93938142 0.32662418 0.88134336 0.34139511
-0.09510590 -0.33899269 0.93596947 0.30502817 0.88507986 0.35155585
-0.08761345 -0.34372288 0.93497515 0.25622454 0.89922953 0.35459176
-0.07561489 -0.33715588 0.93840736 0.26291704 0.90105700 0.34492174
-0.16488281 -0.33697295 0.92696434 0.09840707 0.92951775 0.35540527
-0.07699960 -0.33350191 0.93959969 0.07560480 0.93773115 0.33903444
-0.08021747 -0.33857724 0.93751299 0.07622592 0.93570614 0.34444687
0.10136230 -0.38571346 0.91703373 0.28880364 0.89349425 0.34389022
0.09287574 -0.22916844 0.96894580 0.48976478 0.85779649 0.15593506
0.17141001 -0.16811931 0.97074950 0.64243710 0.76609695 0.01923828
0.21513499 -0.19714409 0.95647854 0.53629756 0.84236354 0.05299715
0.33383775 -0.09744120 0.93758070 0.68503898 0.70832109 -0.17030241
0.35950410 -0.08732942 0.92904812 0.68720061 0.69831514 -0.20027810
0.51695091 -0.23421553 0.82334977 0.59166527 0.79286402 -0.14594139
0.44605330 -0.17671715 0.87738675 0.66413856 0.72250283 -0.19211888
0.51357156 -0.22859798 0.82703525 0.67216069 0.70628458 -0.22217594
0.53663909 -0.24896739 0.80624670 0.61436468 0.77025414 -0.17106913
0.71595484 -0.36359829 0.59599072 0.46438482 0.88545740 -0.01766433
0.74278671 -0.36841625 0.55905044 0.39745462 0.91458184 0.07463160
0.80271542 -0.40720049 0.43570155 0.43491420 0.89960545 0.03949350
0.85800117 -0.41377586 0.30434138 0.37590191 0.90960979 0.17694037
-0.83483791 0.42735085 -0.34701145 -0.52826703 -0.79923624 0.28662762
-0.76477164 0.42725506 -0.48226294 -0.63565576 -0.62254649 0.45648411
-0.69072855 0.33733413 -0.63960922 -0.71012568 -0.48333222 0.51196820
-0.66606706 0.27562273 -0.69309950 -0.71330899 -0.50701571 0.48386502
-0.63177729 0.22225995 -0.74260217 -0.68163455 -0.61546332 0.39570093
-0.63161075 0.22888358 -0.74072951 -0.71332639 -0.54583067 0.43958426
-0.64839363 0.26041806 -0.71537971 -0.64268285 -0.69094974 0.33097917
-0.61892873 0.24368893 -0.74668807 -0.68850327 -0.62584150 0.36645001
-0.56194985 0.08824436 -0.82245082 -0.77729774 -0.39636752 0.48857048
-0.67956084 0.30041152 -0.66929066 -0.56955773 -0.79105753 0.22323088
-0.58157647 0.16939554 -0.79565942 -0.62883580 -0.71410352 0.30760664
0.43961558 -0.08991367 0.89367431 0.76988214 0.55019766 -0.32336378
0.45539558 -0.13225307 0.88041133 0.75847387 0.57546109 -0.30587885
0.37787983 -0.01492323 0.92573440 0.76119787 0.57419455 -0.30146059
0.20783916 -0.19073686 0.95938653 0.60404783 0.79647392 0.02748854
0.44152504 -0.18110806 0.87878072 0.67043346 0.71750075 -0.18897548
0.49800581 -0.23655710 0.83428478 0.49077898 0.87005520 -0.04625889
0.34763992 -0.28003150 0.89483458 0.46488851 0.88027215 0.09486684
0.30763918 -0.33303091 0.89131844 0.30714089 0.92135966 0.23824553
0.29979503 -0.36684713 0.88065100 0.27178130 0.91770059 0.28975967
0.31358209 -0.37563077 0.87210542 0.25391814 0.91815561 0.30416432
0.26058114 -0.38859642 0.88379318 0.14291912 0.92085975 0.36275545
0.71980149 -0.33197150 0.60965633 0.21395864 0.94157916 0.26009691
0.92403316 -0.26792887 0.27272117 0.18657970 0.93866295 0.28999981
0.98085725 -0.18342046 0.06539127 0.13150989 0.87161344 0.47222364
0.96752763 -0.21317561 0.13581800 0.14665674 0.91107923 0.38526148
0.83435881 -0.30051255 0.46210119 0.17335516 0.93883932 0.29753792
0.96452671 -0.21685793 0.15053530 0.15974069 0.93344456 0.32119188
0.95789319 -0.22418165 0.17939694 0.14056961 0.91096163 0.38780031
0.95544457 -0.22865646 0.18666008 0.12371974 0.88437802 0.45007673
0.96479559 -0.21403506 0.15283477 0.12837821 0.89044732 0.43660355
0.96385729 -0.21473660 0.15769382 0.11470817 0.86871827 0.48184082
0.95321327 -0.23060398 0.19546427 0.11510458 0.87475747 0.47069135
0.95543987 -0.22421294 0.19199818 0.13338338 0.90816671 0.39678979
0.96367747 -0.21210435 0.16228840 0.10892484 0.86697584 0.48630056
0.95882684 -0.22065601 0.17877933 0.12073190 0.88651788 0.44666523
0.96621591 -0.21029823 0.14900190 0.09031507 0.81773037 0.56847185
0.95908332 -0.22304757 0.17438179 0.12776648 0.89060903 0.43645316
0.96888721 -0.20395589 0.14021301 0.14118634 0.92074698 0.36371878
0.87652165 -0.24069092 0.41686648 0.08683041 0.93086654 0.35489157
0.94403511 -0.18790759 0.27108759 0.08794558 0.93550444 0.34219450
0.98302495 -0.11032913 0.14659280 0.06543932 0.95728332 0.28164926
0.97994381 -0.10794032 0.16750836 0.05777104 0.95837724 0.27959901
0.97589970 -0.11382097 0.18618450 0.06387391 0.96482152 0.25502872
0.98336208 -0.09615000 0.15412425 0.07491627 0.98757958 0.13810906
0.87550044 -0.19976594 0.43999165 -0.00541696 0.90643132 0.42231861
-0.27958223 0.50179297 -0.81855834 0.27112448 -0.77659661 -0.56867331
-0.15488392 0.54103041 -0.82661784 0.32364708 -0.76275462 -0.55987328
-0.34188759 0.44393730 -0.82827085 0.15330972 -0.84322554 -0.51523477
0.39506522 -0.40335959 0.82536328 0.14723316 0.91463649 0.37651375
0.31863698 -0.40062162 0.85905349 0.22246119 0.91258574 0.34307200
0.18391569 -0.35437769 0.91683775 0.22874258 0.92257094 0.31070840
0.01963286 -0.36750752 0.92981333 0.24318251 0.90381908 0.35209858
0.16418163 -0.44296753 0.88137633 -0.00159654 0.89338052 0.44929802
0.19434440 -0.45168829 0.87075138 -0.04441353 0.88271427 0.46780661
-0.33679283 0.44165015 -0.83157432 0.11898661 -0.85612702 -0.50288045
-0.08590627 -0.41721940 0.90473652 -0.00331637 0.90820825 0.41850552
-0.07422505 -0.47642294 0.87607753 -0.15446371 0.87339121 0.46187523
