0.09496628 -0.32387406 0.94132197 0.24785136 0.92351085 0.29274121
0.10591946 -0.35271475 0.92971689 0.08367449 0.93482178 0.34511861
-0.04525562 0.38605666 -0.92136431 0.02748988 -0.92147881 -0.38745484
-0.05572771 -0.41606727 0.90762460 0.00753977 0.90883595 0.41708550
-0.21124908 0.43636245 -0.87462085 0.11947735 -0.87657666 -0.46619582
-0.24189885 0.44686624 -0.86127555 0.17267467 -0.85364276 -0.49140367
-0.41146326 0.40195325 -0.81800467 0.31457928 -0.77971411 -0.54137403
-0.38941783 0.41570586 -0.82191384 0.12113220 -0.86149013 -0.49311435
-0.35549292 0.44977990 -0.81934297 0.24474002 -0.80122602 -0.54602128
-0.25887123 0.50074553 -0.82597804 0.37721285 -0.73481417 -0.56370085
-0.27286050 0.49246949 -0.82645088 0.42446661 -0.70928794 -0.56279552
-0.36037239 0.45215279 -0.81589806 0.42408901 -0.69963080 -0.57503504
-0.38331357 0.45488095 -0.80383706 0.47409618 -0.65000695 -0.59390563
-0.51622093 0.41318315 -0.75019711 0.48622304 -0.57970399 -0.65385813
-0.56464642 0.41815463 -0.71156245 0.49929512 -0.51342595 -0.69792420
-0.58357453 0.39706105 -0.70836675 0.49950251 -0.51225173 -0.69863826
-0.64013457 0.32774001 -0.69484836 0.48805791 -0.52500612 -0.69725752
-0.68356913 0.26813930 -0.67884797 0.44525373 -0.58377546 -0.67893690
-0.71560484 0.22657941 -0.66073567 0.37881520 -0.66885340 -0.63963604
-0.63085276 0.31346253 -0.70976484 0.29075885 -0.75259662 -0.59081101
-0.66990328 0.28343743 -0.68621629 0.26073262 -0.77558190 -0.57488370
-0.75616729 0.20094180 -0.62276280 0.27364019 -0.76738483 -0.57986349
0.81553155 -0.19256799 0.54573423 -0.25535390 0.72650796 0.63795036
0.83290458 -0.16101649 0.52947503 -0.25735086 0.73430949 0.62814033
-0.74881083 0.17559499 -0.63910002 0.46857291 -0.54170954 -0.69784689
-0.74664754 0.15389583 -0.64717352 0.54495347 -0.41643369 -0.72774225
-0.67178977 0.27105567 -0.68936741 0.58275884 -0.38109678 -0.71774471
-0.78435302 0.10466379 -0.61142117 0.54027504 -0.36902761 -0.75625491
0.88872844 -0.08763371 0.44998020 -0.38270253 0.39857140 0.83347434
0.90259111 -0.05655774 0.42676756 -0.29293549 0.64574933 0.70512176
0.90321332 -0.07239975 0.42304134 -0.35275704 0.43622732 0.82780927
0.89809906 -0.08980988 0.43052554 -0.33130875 0.50562549 0.79660374
0.87245089 -0.14946599 0.46528423 -0.29066521 0.60667074 0.73990840
0.84103769 -0.20141374 0.50208384 -0.28635663 0.62166828 0.72905999
-0.61289626 0.41275838 -0.67378694 0.52546036 -0.42393896 -0.73767692
0.91090572 0.00948170 0.41250551 -0.39466396 0.31169158 0.86434299
-0.64531255 0.31670183 -0.69517750 0.53400397 -0.46373004 -0.70696133
-0.68606949 0.26345706 -0.67815864 0.27764249 -0.76677608 -0.57876521
-0.38779077 0.43679163 -0.81168437 0.37660465 -0.72865665 -0.57203889
-0.56237626 0.33943462 -0.75400072 0.27534136 -0.78294992 -0.55783212
0.54666734 -0.34572321 0.76264697 -0.11797573 0.86990118 0.47890896
0.43781459 -0.36330685 0.82239079 -0.00619198 0.91347730 0.40684247
0.56127739 -0.33409223 0.75719887 0.08327699 0.93305749 0.34995523
0.41495389 -0.34596848 0.84149814 0.14340892 0.93819249 0.31500596
0.37473506 -0.34545350 0.86036944 0.17765036 0.93754965 0.29906690
0.42419273 -0.24129353 0.87283331 0.29904318 0.94710237 0.11649160
0.29512456 -0.19037864 0.93629992 0.37505797 0.92437476 0.06973451
0.22060104 -0.21338396 0.95173657 0.40794352 0.90651476 0.10868862
0.09627830 -0.30571124 0.94724399 0.35132191 0.90085107 0.25502995
0.19226968 -0.18404205 0.96392995 0.45365086 0.88767153 0.07899495
0.29703447 -0.08965275 0.95064867 0.52731603 0.84540343 -0.08503489
0.51592433 -0.24198768 0.82174456 0.41006532 0.91198856 0.01110722
0.35311621 -0.08743459 0.93148494 0.52388453 0.84337431 -0.11943512
0.41571599 -0.03114362 0.90896112 0.58447903 0.77486581 -0.24076402
0.50910127 -0.11565437 0.85290098 0.59469116 0.76362801 -0.25142547
0.56672645 -0.00656271 0.82387990 0.41837323 0.86374438 -0.28090826
0.55797797 -0.00173041 0.82985395 0.71839494 0.50159264 -0.48198912
-0.65716076 0.09635723 -0.74756616 -0.61651593 -0.63930988 0.45955530
-0.66574776 0.11034098 -0.73797351 -0.61164308 -0.64718997 0.45501417
-0.77256477 0.27044165 -0.57446074 -0.56013697 -0.71633261 0.41607010
-0.80995733 0.32611424 -0.48746145 -0.55345434 -0.70001364 0.45129722
-0.79441589 0.26891667 -0.54459822 -0.51414663 -0.77509457 0.36726236
-0.79072779 0.28273532 -0.54296446 -0.58229363 -0.62107682 0.52459300
-0.80766988 0.35401514 -0.47153240 -0.54797149 -0.74592775 0.37857497
-0.83615959 0.39947522 -0.37584117 -0.50022626 -0.83646780 0.22381994
-0.84343123 0.40901095 -0.34833026 -0.49914441 -0.83638877 0.22651418
-0.81335533 0.47778466 -0.33192617 -0.56742185 -0.52558792 0.63386893
-0.85468447 0.36664119 -0.36754423 -0.49987692 -0.77230793 0.39199951
-0.86824143 0.39556760 -0.29947141 -0.48597130 -0.79963744 0.35272080
-0.85853207 0.36176491 -0.36338550 -0.48883489 -0.79140317 0.36704412
-0.85233629 0.48764679 -0.18900672 -0.50202370 -0.66155338 0.55706322
-0.88228387 0.40525553 -0.23946419 -0.46243837 -0.84121901 0.28018093
0.90844226 -0.35108620 0.22687267 0.33167434 0.93573534 0.11996472
0.92099464 -0.34500176 0.18094932 0.30457944 0.92727208 0.21771035
-0.94532490 0.32429346 -0.03456338 -0.32518610 -0.94533801 0.02429107
0.90085965 -0.41774410 0.11807586 0.42469496 0.90443558 -0.04038021
-0.88516587 0.46494949 0.01742201 -0.43450102 -0.83943045 0.32644364
-0.88545984 0.46418536 0.02219944 -0.43201581 -0.83981651 0.32874086
0.96667761 -0.23135550 -0.10958585 0.22792096 0.97272676 -0.04306724
0.95986676 -0.22081433 -0.17290697 0.21492156 0.97522831 -0.05233052
0.94081479 -0.23437352 -0.24481960 0.21987498 0.97178584 -0.08536588
-0.84353262 0.53475255 0.04992454 -0.50076741 -0.81669670 0.28677267
-0.81517172 0.57872891 -0.02383055 -0.51569539 -0.70642281 0.48479393
-0.81568432 0.57801241 -0.02368102 -0.52279931 -0.71900660 0.45794150
-0.81798303 0.57455063 -0.02820459 -0.52920330 -0.73239112 0.42842394
-0.76298761 0.64483964 0.04507509 -0.46171144 -0.59245306 0.66016805
-0.83324927 0.54333246 -0.10239894 -0.53429693 -0.74365216 0.40188089
-0.84270376 0.48126942 -0.24130937 -0.53642547 -0.78871781 0.30028662
-0.83433294 0.54032952 -0.10923665 -0.53929728 -0.75898105 0.36483723
-0.99437267 0.06223938 0.08572821 -0.05356777 -0.99354613 0.09998304
-0.41960263 0.90750164 0.01935209 -0.84744197 -0.39929354 0.34986690
0.89257789 0.23874058 -0.38250196 -0.21993229 0.97108263 0.09288870
0.91534501 0.22377108 -0.33476868 -0.22482154 0.97372901 0.03615371
0.92201966 0.18093024 -0.34226319 -0.18067917 0.98299146 0.03290778
0.92239153 0.17475738 -0.34446153 -0.16337706 0.98461109 0.06204011
0.91762048 0.27975127 -0.28233305 -0.21384442 0.94626659 0.24259041
0.93489450 0.32698053 -0.13804385 -0.29256916 0.93015832 0.22183077
0.85095584 0.42369658 -0.31041175 -0.28799099 0.87061715 0.39885709
0.84271497 0.43689084 -0.31457573 -0.26946047 0.84815919 0.45608896
0.88704038 0.44130209 -0.13569070 -0.29789329 0.77159798 0.56204641
0.87509185 0.45817244 -0.15586001 -0.26358554 0.72131753 0.64048713
0.91464537 0.39843291 -0.06837419 -0.25485942 0.69961005 0.66752720
0.92060614 0.38964993 -0.02563672 -0.25739482 0.65488356 0.71054590
0.94561797 0.30784056 0.10507587 -0.27912033 0.60205150 0.74808145
0.94344205 0.31072462 0.11561757 -0.28577453 0.58537006 0.75873238
0.93976587 0.28163251 0.19370934 -0.31226087 0.47681743 0.82166803
0.93405688 0.27099609 0.23259166 -0.33574483 0.44439420 0.83053553
0.93620127 0.12008204 0.33031434 -0.34388304 0.50711519 0.79030287
0.93763113 0.14748438 0.31479552 -0.34652930 0.46859464 0.81261098
0.91867620 0.03196072 0.39371645 -0.37617919 0.37487358 0.84732467
0.89667112 -0.04807214 0.44007972 -0.36446521 0.48411310 0.79548711
0.93903166 0.10685308 0.32680574 -0.32548019 0.58261460 0.74473011
0.95530695 0.24498576 0.16544074 -0.28758720 0.64064664 0.71194494
0.96022040 0.20474897 0.18988094 -0.27874187 0.74353337 0.60783321
0.96378988 0.19392644 0.18303472 -0.26611653 0.74338633 0.61364388
0.96270448 0.25478318 0.09102571 -0.26260740 0.79900324 0.54095399
0.96375346 0.21026695 0.16421664 -0.26541319 0.81817681 0.51004171
0.95697302 0.28140065 0.07082660 -0.26693356 0.75797564 0.59516335
0.95315307 0.28801638 0.09244402 -0.28898737 0.77675855 0.55958241
0.93758523 0.34772256 -0.00480346 -0.30032709 0.81659919 0.49291924
0.92848223 0.36833903 -0.04740399 -0.28112823 0.78050762 0.55836797
0.95808786 0.28194460 -0.05074390 -0.23400012 0.87240136 0.42913845
0.95463324 0.28720969 -0.07865125 -0.22577535 0.87030387 0.43771759
0.96277088 0.12990023 0.23706174 -0.19739673 0.93698829 0.28824911
0.95127487 0.29335582 -0.09496556 -0.23986116 0.89756119 0.36993331
0.95148879 0.29006445 -0.10262433 -0.24677429 0.91864485 0.30853534
0.89586067 0.30291525 -0.32507864 -0.25066000 0.94860917 0.19315863
0.97300148 0.20197022 0.11169687 -0.23001933 0.88833374 0.39743480
0.92315924 0.10261314 0.37046936 -0.18141937 0.96593863 0.18452534
0.86675137 0.06001622 0.49511632 -0.07747114 0.99688500 0.01478227
0.75894064 -0.01798272 0.65091145 -0.03341779 0.99722570 0.06651434
0.76280445 -0.05844096 0.64398295 -0.00735163 0.99505937 0.09900896
0.80572563 -0.16407956 0.56910813 -0.09434240 0.91304135 0.39680600
0.98955131 -0.03651175 0.13948175 0.00056450 0.96837854 0.24948487
0.99976528 0.01867701 -0.01098005 -0.01600821 0.97831315 0.20651199
0.90988570 0.02740498 0.41395295 -0.06702023 0.99441916 0.08147957
0.73137969 -0.25353491 0.63309079 -0.01705861 0.92123389 0.38863501
0.75148499 -0.24817486 0.61129349 -0.04554357 0.90482849 0.42333344
0.84274739 -0.19256559 0.50268817 -0.05943078 0.89483607 0.44242102
0.75947720 -0.32288501 0.56474751 -0.10868773 0.79294688 0.59951842
0.86519718 -0.26519704 0.42556369 -0.08812856 0.75506395 0.64970130
-0.81702602 0.28352776 -0.50207627 0.16548836 -0.71881306 -0.67521954
0.93716395 0.29299891 0.18940811 -0.26553521 0.24685752 0.93196160
0.94635975 0.30737424 0.09962115 -0.27390531 0.59959751 0.75196987
0.92731148 0.37306976 -0.03020701 -0.30185106 0.79312122 0.52900344
0.94090229 0.26572451 -0.20998421 -0.20510067 0.94045287 0.27107599
-0.41748905 0.90840477 0.02244179 -0.84965205 -0.39900529 0.34479883
-0.51109207 0.84960586 -0.13021040 -0.77780533 -0.39269081 0.49072686
-0.39864445 0.91250396 0.09175637 -0.75711137 -0.38390931 0.52857924
0.99378985 0.02524907 -0.10837089 -0.01707168 0.99698204 0.07573255
0.97150648 -0.23147607 0.05093118 0.22800879 0.97143298 0.06580336
0.98613948 -0.10531448 0.12821038 0.07092654 0.96614194 0.24807104
-0.86195374 0.49758613 -0.09717913 -0.48493099 -0.75324625 0.44436708
-0.84013039 0.53320998 -0.09933828 -0.51222754 -0.71977723 0.46855491
-0.84429550 0.51855439 -0.13515370 -0.49680394 -0.66288769 0.56014794
-0.86846459 0.47788572 -0.13188864 -0.48494998 -0.76369607 0.42613599
0.93646556 -0.33813843 0.09324542 0.33397108 0.94081926 0.05764128
0.90860075 -0.33494487 0.24951279 0.31680611 0.94198805 0.11087135
0.91788763 -0.30070680 0.25895524 0.24086067 0.94075346 0.23868190
0.77478832 -0.29466623 0.55935228 0.42012054 0.90111113 -0.10722668
0.73928571 -0.27279869 0.61566025 0.41485840 0.90466809 -0.09730465
0.73518914 -0.26985264 0.62183315 0.41094953 0.90697694 -0.09226844
0.65415817 -0.22403775 0.72241557 0.43604818 0.89213002 -0.11817803
0.60622650 -0.21860670 0.76465720 0.34684682 0.93789679 -0.00684917
0.59789884 -0.22139604 0.77038997 0.38109133 0.92404372 -0.03021127
0.65586752 -0.24834706 0.71285450 0.30757695 0.95030755 0.04808326
0.52343172 -0.22003895 0.82316595 0.27952179 0.95696074 0.07806212
0.63122267 -0.25196946 0.73353213 0.20123911 0.96657628 0.15884925
0.63382798 -0.23877436 0.73569620 0.19320126 0.96988207 0.14833111
0.63368809 -0.23782390 0.73612452 0.19211031 0.97014135 0.14805211
0.67906696 -0.23231582 0.69634587 0.20579812 0.97080952 0.12319122
0.71290123 -0.23156144 0.66192991 0.18739182 0.97248894 0.13838187
0.78820068 -0.23850727 0.56732184 0.25137848 0.96621168 0.05695493
0.86216772 -0.22306569 0.45487207 0.15907770 0.97163826 0.17496681
0.86248094 -0.21530089 0.45800897 0.15769432 0.97427005 0.16102928
0.99291652 -0.08401304 0.08401521 0.04624036 0.92460829 0.37810230
0.98702633 0.15900494 0.02228277 -0.13094299 0.71686304 0.68480760
0.98687190 0.15857887 0.03060499 -0.13676785 0.71978611 0.68058985
0.98946947 0.14005989 0.03651665 -0.09625708 0.44832280 0.88867390
0.94758934 -0.21408008 0.23715875 -0.04593551 0.64329827 0.76423639
0.97334981 -0.08827407 0.21165505 -0.18374503 0.25203541 0.95011365
0.89651096 0.38564885 -0.21804363 -0.14283545 0.71750516 0.68175107
0.76467514 -0.22940487 0.60220045 0.14521849 0.97179693 0.18580186
0.77317011 -0.22512348 0.59289747 0.12975521 0.97125304 0.19957751
0.77764052 -0.22866920 0.58564985 0.09343072 0.96319991 0.25202537
0.97205114 -0.13483548 0.19218761 0.05795170 0.93109912 0.36013341
0.99388701 -0.08645274 0.06866298 0.05689661 0.93407565 0.35251313
0.99879467 -0.04163373 -0.02599710 0.04775503 0.94666499 0.31866100
0.94449794 -0.13855104 0.29787135 0.04651166 0.95397723 0.29625002
0.99434227 -0.09385867 0.04973914 0.08037437 0.97094274 0.22541130
0.96443188 -0.02841659 -0.26279968 0.02730816 0.99959612 -0.00787007
0.98575175 -0.02110728 -0.16687728 0.04455641 0.98942238 0.13805082
0.98168981 0.00539722 -0.19041044 0.06798498 0.92383999 0.37669322
0.99479884 -0.03282335 -0.09642588 0.06414972 0.93722117 0.34278476
0.88789058 0.16874477 -0.42799008 0.02971278 0.90732670 0.41937506
0.65641218 -0.22192398 0.72102207 0.29477456 0.95522255 0.02564853
0.74087417 -0.24252900 0.62632674 0.34576768 0.93718690 -0.04610269
0.97097456 -0.14331245 0.19149423 0.02280266 0.85243613 0.52233392
-0.88285214 0.41673249 -0.21657842 -0.46522072 -0.83917755 0.28169271
-0.82793474 0.30802864 -0.46866041 -0.43821564 -0.87682402 0.19785532
-0.81335765 0.32285875 -0.48395410 -0.45825276 -0.86804217 0.19106860
-0.75078529 0.24197945 -0.61462784 -0.52063900 -0.78942704 0.32517707
0.59062874 -0.19539726 0.78292882 0.45734900 0.88041729 -0.12528898
0.30647945 -0.05547574 0.95025933 0.55410039 0.82212323 -0.13071431
0.51347512 -0.22776094 0.82732600 0.28709638 0.95416778 0.08449545
0.53963625 -0.32770658 0.77550060 0.07729916 0.93652850 0.34196383
0.61014432 -0.31806117 0.72564530 0.02682532 0.92365110 0.38229451
0.61498189 -0.31626052 0.72234112 0.00429724 0.91737789 0.39799428
0.74845624 -0.25076342 0.61394709 -0.11815180 0.86052608 0.49551490
0.65682286 -0.30322233 0.69039124 -0.08451466 0.88021076 0.46699718
0.71721363 -0.27589840 0.63990992 -0.18729778 0.80817276 0.55836940
0.69571817 -0.27432451 0.66386920 0.17076506 0.96087158 0.21809454
0.36101514 -0.38236848 0.85056603 -0.00590447 0.91112095 0.41209677
0.60973865 -0.32083416 0.72476494 -0.08887334 0.88097024 0.46475050
0.29073906 -0.39701265 0.87054682 -0.02985851 0.90564239 0.42298990
0.08367750 -0.32734579 0.94119227 0.25858608 0.91928291 0.29673591
0.36172825 -0.35292256 0.86290115 0.18061803 0.93457085 0.30652004
