0.13727555 0.96655768 -0.21661410 -0.58280206 0.25564024 0.77135593
0.13092607 0.96590197 -0.22336461 -0.50223982 0.25887468 0.82506919
0.37208968 0.82500648 -0.42533943 -0.40425655 0.55653811 0.72583890
0.34635857 0.82658148 -0.44362020 -0.31010500 0.54719001 0.77744323
0.63073730 0.72503895 -0.27656651 -0.40462786 0.61140388 0.68004537
0.55047333 0.73558098 -0.39484152 -0.34838691 0.63219839 0.69206345
0.40942982 0.77518761 -0.48109406 -0.33033201 0.61749661 0.71384788
0.39956278 0.78162950 -0.47896236 -0.32822886 0.60982621 0.72137225
0.41569096 0.78769565 -0.45468295 -0.40584022 0.60803974 0.68233520
0.46153089 0.78209567 -0.41870701 -0.42603403 0.60939807 0.66867703
0.38565171 0.79498297 -0.46826792 -0.53527504 0.60616511 0.58825547
0.05443836 0.96101111 -0.27109817 -0.45040974 0.26594377 0.85229397
0.02737176 0.95926183 -0.28118956 -0.44988930 0.26301768 0.85347605
0.10893187 0.96808416 -0.22571413 -0.50724733 0.24941179 0.82492054
-0.03718749 0.95269036 -0.30165908 -0.58286953 0.22452152 0.78093100
0.02014779 0.96155471 -0.27387354 -0.45527792 0.25270343 0.85373479
-0.00231374 0.95804614 -0.28660485 -0.45904383 0.25360656 0.85144728
0.06244104 0.96035135 -0.27171013 -0.42015341 0.27223587 0.86565512
-0.10192367 0.93054217 -0.35171425 -0.68842274 0.18924344 0.70018655
-0.20418119 0.87758029 -0.43377760 -0.63661134 0.21758443 0.73985338
-0.18806340 0.88913399 -0.41722044 -0.58102441 0.24177630 0.77714539
-0.08510613 0.94223452 -0.32396162 -0.54317069 0.22870415 0.80787379
0.08818026 0.97594178 -0.19940394 -0.53252447 0.21536301 0.81855762
-0.01214364 0.96696442 -0.25462207 -0.72363347 0.16723639 0.66961676
0.00177278 0.97279930 -0.23164280 -0.59005481 0.18803760 0.78516060
-0.07355934 0.95149249 -0.29874924 -0.80542994 0.11997319 0.58042145
-0.07225259 0.95225245 -0.29663941 -0.85649014 0.09316438 0.50768596
-0.13842689 0.95617074 -0.25802243 -0.95732045 -0.06244081 0.28220338
-0.14835036 0.93627125 -0.31841537 -0.95987648 -0.05884514 0.27417964
-0.04654154 0.96238011 -0.26769105 -0.93428081 0.05289288 0.35259280
-0.08212120 0.94774216 -0.30828714 -0.72384059 0.15591118 0.67212099
-0.05933962 0.95339954 -0.29581794 -0.57986373 0.20829479 0.78763658
-0.08533895 0.94630593 -0.31180519 -0.57201827 0.20970023 0.79298234
-0.12182777 0.93355614 -0.33709180 -0.57626665 0.20999020 0.78982329
-0.18103367 0.90832412 -0.37705994 -0.60467803 0.19956523 0.77106303
0.27785182 -0.84182167 0.46274683 0.54703891 -0.25732023 -0.79657698
0.30027810 -0.82654798 0.47607929 0.54831183 -0.25883225 -0.79521072
0.41576517 -0.74135661 0.52681100 0.50949174 -0.28996295 -0.81014794
0.42493379 -0.74413842 0.51545054 0.56269109 -0.22890629 -0.79434288
0.35250050 -0.80231494 0.48169929 0.45152360 -0.30504298 -0.83849585
0.38972467 -0.78447384 0.48240599 0.58651894 -0.19242200 -0.78674603
0.38164276 -0.79194117 0.47663200 0.57411534 -0.20102741 -0.79371262
0.40540898 -0.77694738 0.48166001 0.54632556 -0.21652281 -0.80910212
0.40640163 -0.77832061 0.47859669 0.56087005 -0.20099576 -0.80313474
0.59473461 -0.77961886 0.19617654 0.30793941 -0.00448839 -0.95139545
0.57216579 -0.79985863 0.18125272 0.32882431 0.02126868 -0.94415164
0.60573387 -0.79472715 0.03866918 0.18251680 0.09148031 -0.97893769
0.61634874 -0.78736931 0.01279971 0.15710393 0.10702027 -0.98176628
0.59107667 -0.80661494 0.00090911 0.08444384 0.06075837 -0.99457413
0.59868085 -0.80084831 -0.01494161 0.05941446 0.06300292 -0.99624324
0.60398525 -0.79631287 -0.03298105 -0.02816460 0.02003025 -0.99940264
0.60230076 -0.79747689 -0.03555840 -0.03199740 0.02039023 -0.99927998
0.57829845 -0.81523669 -0.03098584 -0.00479522 0.03458367 -0.99939030
0.58775127 -0.80829477 -0.03475625 -0.00323004 0.04061505 -0.99916965
0.62311482 -0.78121096 -0.03791105 -0.08689594 -0.02097624 -0.99599653
0.63012040 -0.77524179 -0.04414174 -0.07388461 -0.00327038 -0.99726146
0.63911730 -0.76773626 -0.04593650 -0.12082904 -0.04124250 -0.99181622
0.60513163 -0.79505420 -0.04128649 -0.11734100 -0.03777748 -0.99237293
0.67573214 -0.73630619 -0.03520267 -0.09132823 -0.03623641 -0.99516135
0.69282562 -0.72009343 -0.03818645 -0.02583749 0.02813206 -0.99927026
0.82155913 -0.57009763 0.00541427 -0.00090172 -0.01079598 -0.99994135
0.78110623 -0.62428206 0.01203629 0.04698833 0.03954833 -0.99811226
0.93049628 -0.36483359 0.03275988 0.04472829 0.02440066 -0.99870116
0.86339474 -0.50323617 0.03609652 0.06522793 0.04039320 -0.99705255
0.79929978 -0.59996969 0.03400467 0.11554290 0.09790654 -0.98846555
0.78977984 -0.61252409 0.03258990 0.11463524 0.09519716 -0.98883581
0.65241742 -0.75781775 0.00798671 0.13238952 0.10358711 -0.98577017
0.69129169 -0.72254848 0.00628855 0.04869300 0.03789987 -0.99809450
0.64223939 -0.76649880 0.00285670 0.10012651 0.08019853 -0.99173737
0.61657101 -0.78725934 -0.00793173 -0.03295986 -0.01574532 -0.99933267
0.59952796 -0.80008972 -0.02056025 0.09628239 0.09760166 -0.99055725
0.64151680 -0.76693159 -0.01650001 0.02611186 0.04332861 -0.99871957
0.63114738 -0.77534980 0.02203987 0.11926161 0.06892616 -0.99046755
0.62129021 -0.78304243 0.02903568 0.17216967 0.10026760 -0.97995102
0.53193885 -0.78420347 0.31947750 0.40913686 -0.09230202 -0.90779263
0.50695264 -0.78039825 0.36602959 0.44224352 -0.12901054 -0.88756800
0.36361381 -0.84620339 0.38951877 0.52929938 -0.15641199 -0.83389294
0.29333770 -0.84263909 0.45156658 0.57587701 -0.22128658 -0.78701842
0.34940922 -0.80269307 0.48331878 0.58125097 -0.21888576 -0.78373235
0.35540539 -0.79754853 0.48744568 0.58923107 -0.21365866 -0.77920270
0.42919925 -0.74345660 0.51289403 0.56769878 -0.21961644 -0.79340208
0.43371469 -0.73940355 0.51495051 0.57175732 -0.21586515 -0.79151493
0.23546278 -0.84307104 0.48351678 0.59409517 -0.26887429 -0.75812763
-0.21397693 0.88698369 -0.40923560 -0.61579919 0.20272675 0.76137596
-0.18324924 0.90681416 -0.37961537 -0.57320774 0.21515571 0.79065853
-0.10405876 0.93897134 -0.32787895 -0.61297244 0.19906510 0.76461625
-0.10377666 0.93817842 -0.33022973 -0.65881217 0.18389715 0.72948503
-0.07582503 0.94808787 -0.30883658 -0.66567242 0.18246937 0.72359186
-0.05930042 0.95217723 -0.29973650 -0.70289373 0.17337997 0.68984044
-0.02783334 0.96220165 -0.27091202 -0.70698351 0.17264850 0.68583292
-0.02672961 0.96260291 -0.26959449 -0.63349098 0.19231194 0.74947000
-0.02560326 0.96258271 -0.26977593 -0.63514388 0.19273180 0.74796170
-0.02446640 0.96181554 -0.27260286 -0.52407950 0.21987054 0.82279867
-0.01729123 0.96410620 -0.26495346 -0.56121540 0.20995308 0.80059797
-0.08869580 0.94430274 -0.31689981 -0.58510429 0.20808195 0.78380799
0.03758583 0.97136641 -0.23459476 -0.61542165 0.20745866 0.76040590
0.01596309 0.96838069 -0.24896598 -0.51133084 0.22188134 0.83024663
0.06298289 0.97236747 -0.22479919 -0.50844842 0.22508594 0.83115381
-0.03295643 0.96140176 -0.27316776 -0.54696417 0.21140613 0.81002325
-0.03977815 0.95846105 -0.28243613 -0.60252982 0.20247956 0.77198440
-0.03820881 0.95978057 -0.27813905 -0.61772233 0.19610235 0.76155311
-0.12578505 0.92905360 -0.34790456 -0.62139446 0.19958784 0.75765014
-0.16592585 0.89645129 -0.41090596 -0.76559275 0.14553159 0.62664849
-0.15230562 0.90191549 -0.40416765 -0.67522812 0.20366360 0.70893455
-0.20443231 0.76312393 -0.61306560 -0.86673230 0.14996734 0.47569418
0.21444999 -0.84504318 0.48980942 0.59441352 -0.28500873 -0.75195920
0.50946283 -0.77808833 0.36745924 0.44483387 -0.12739988 -0.88650560
0.58873188 -0.80825377 0.01097949 0.18585806 0.12213497 -0.97495633
0.60411412 -0.79677361 0.01407140 0.12643826 0.07840160 -0.98887140
0.61214161 -0.79036748 0.02453450 0.16676177 0.09870395 -0.98104435
0.67969555 -0.73332256 0.01587663 0.16737881 0.13399182 -0.97674489
0.66923946 -0.74304569 -0.00130930 0.03381314 0.03221466 -0.99890888
0.65856344 -0.75167900 -0.03567917 -0.05048077 0.00317784 -0.99871999
0.59471041 -0.80394000 -0.00018408 0.06747825 0.05014485 -0.99645984
0.59522879 -0.80269003 -0.03730227 -0.07024822 -0.00573603 -0.99751306
0.61302227 -0.79001588 -0.00887214 0.07789756 0.07161282 -0.99438608
0.59932709 -0.80049849 -0.00303577 0.13123609 0.10199507 -0.98609036
0.59553206 -0.80332518 -0.00320034 0.16535589 0.12648049 -0.97809005
0.60189885 -0.79857200 0.00079253 0.07691658 0.05698561 -0.99540770
0.58098602 -0.81390077 -0.00456638 0.14869088 0.11165253 -0.98256034
0.54617673 -0.81863654 0.17755380 0.33125347 0.01639162 -0.94339949
0.61620671 -0.78581548 0.05275697 0.18868320 0.08225922 -0.97858679
0.41298288 -0.75851530 0.50408310 0.55810058 -0.22661130 -0.79822987
0.39757240 -0.78868991 0.46893969 0.54649019 -0.20700771 -0.81147790
0.43310356 -0.74162090 0.51226926 0.57839400 -0.20721668 -0.78900039
0.35592294 -0.78998667 0.49923939 0.49912483 -0.29094476 -0.81622642
-0.23890525 0.87812704 -0.41450852 -0.61978728 0.19071448 0.76124358
-0.10040676 0.93950015 -0.32750267 -0.55807388 0.21932885 0.80028027
0.33955145 -0.80405861 0.48805183 0.60016423 -0.21431434 -0.77063107
-0.12273303 0.93396854 -0.33561790 -0.57592714 0.20837937 0.79049730
-0.05599509 0.95457393 -0.29266566 -0.61402571 0.19821583 0.76399148
-0.02226196 0.96413511 -0.26447669 -0.55089575 0.20892625 0.80799991
-0.21532646 0.88453001 -0.41381299 -0.67426091 0.17186633 0.71821606
-0.02615797 0.96220905 -0.27105275 -0.56217122 0.21004833 0.79990202
0.13203762 0.97533584 -0.17687911 -0.55127788 0.22055358 0.80464208
0.03093531 0.95889455 -0.28207132 -0.46350810 0.26379082 0.84591651
0.42068267 0.79510117 -0.43685275 -0.33440104 0.58353239 0.74004459
0.10892171 0.96950531 -0.21953465 -0.51275820 0.24399687 0.82313097
0.09675438 0.97353536 -0.20704490 -0.60607523 0.22263479 0.76361418
