0.30373347 0.95022434 -0.06942417 -0.95275587 0.30304155 -0.02054621
0.29853588 0.95148569 -0.07450749 -0.95436376 0.29827961 -0.01480414
0.30142063 0.95128518 -0.06482445 -0.95339471 0.29972506 -0.03469088
0.30224916 0.95039189 -0.07348959 -0.95198667 0.30489162 0.02761393
0.35301942 0.90364021 -0.24251130 -0.92979944 0.36769223 0.01659404
-0.27902633 -0.95727557 -0.07594644 0.93776935 -0.28865609 0.19304492
0.34044963 0.93447453 -0.10417058 -0.88486987 0.35588527 0.30058444
0.34995568 0.90297866 -0.24932028 -0.93495500 0.35322398 -0.03304617
0.37622088 0.82552415 -0.42067540 -0.73127615 0.54336798 0.41229409
-0.27768964 -0.95749533 -0.07804605 0.93558019 -0.28798923 0.20433289
-0.26219258 -0.95077926 -0.16514811 0.94442230 -0.28797778 0.15854135
0.20303044 0.96931130 0.13861552 -0.97884631 0.20457231 0.00318402
0.39851084 0.86465317 -0.30588230 -0.79858148 0.49114040 0.34792051
0.32556394 0.80859149 -0.49008965 -0.67469519 0.56180191 0.47871193
0.44146839 0.73842996 -0.50973231 -0.47835872 0.67431515 0.56255859
-0.25144419 -0.94977736 -0.18627608 0.93184716 -0.28957900 0.21864343
-0.28301787 -0.95900011 0.01482268 0.92876828 -0.27017367 0.25376296
-0.25183111 -0.95002639 -0.18447511 0.93120426 -0.28977621 0.22110720
0.45628482 0.88206106 -0.11735632 -0.88231075 0.46558860 0.06895772
0.32858434 0.80953586 -0.48650193 -0.66653591 0.56370384 0.48781955
-0.24050222 -0.95171249 -0.19079313 0.88067061 -0.29660186 0.36938685
-0.28157094 -0.95904922 -0.03069721 0.94509637 -0.28272048 0.16389634
-0.24693456 -0.93957120 -0.23712727 0.92256981 -0.30281091 0.23910375
-0.24132328 -0.95440680 -0.17570083 0.86808586 -0.29323572 0.40054941
-0.20919648 -0.94014394 -0.26900974 0.88286793 -0.29986706 0.36141950
-0.28059262 -0.95890063 0.04216043 0.87829328 -0.23879313 0.41422078
0.22907238 0.95600486 -0.18324991 -0.94983172 0.17834407 -0.25693008
-0.24181971 -0.93700576 -0.25207824 0.91481197 -0.30676612 0.26270440
-0.20877895 -0.94384915 -0.25604728 0.75647807 -0.32179305 0.56937712
-0.23160937 -0.96773589 -0.09921931 0.86780727 -0.25162432 0.42848077
-0.19737184 -0.93432188 -0.29679471 0.86118656 -0.30990261 0.40288720
-0.28662857 -0.95642018 0.05571852 0.87288815 -0.23674011 0.42663857
0.22890489 0.95585102 -0.18425930 -0.94390059 0.17166142 -0.28210646
-0.27632430 -0.91371244 -0.29795060 0.78254461 -0.39388365 0.48216146
-0.24563876 -0.96878421 -0.03344873 0.77381557 -0.21675292 0.59517026
-0.30662465 -0.95151985 -0.02431881 0.85109454 -0.28552324 0.44058430
-0.25758201 -0.96607780 0.01857900 0.78927904 -0.19927315 0.58080024
-0.33267048 -0.92466778 0.18525626 0.84948438 -0.20852029 0.48466036
-0.27275220 -0.94918793 0.15699825 0.86457348 -0.17023693 0.47279179
0.19992477 0.96598816 -0.16400300 -0.97350937 0.17688295 -0.14488624
-0.19972706 -0.97626901 -0.08371367 0.71388382 -0.20350292 0.67004222
-0.31452110 -0.93232507 0.17845584 0.76387173 -0.13697806 0.63066393
-0.35604814 -0.90486526 0.23334236 0.80180359 -0.16757515 0.57361102
-0.28160271 -0.93865162 0.19908080 0.83732623 -0.13906679 0.52872044
-0.20235659 -0.97797233 0.05120543 0.86248922 -0.15320738 0.48232758
-0.19155242 -0.98124647 -0.02151974 0.94029939 -0.18975542 0.28254196
-0.21139777 -0.97464907 -0.07328145 0.68815941 -0.20166275 0.69697118
-0.32256126 -0.93086988 0.17156796 0.75897676 -0.14604841 0.63452673
-0.34905916 -0.91126764 0.21851544 0.80063319 -0.16882962 0.57487655
-0.27157712 -0.94702768 0.17141882 0.87950784 -0.17189156 0.44375592
-0.22383991 -0.97165108 0.07609236 0.85945481 -0.15996951 0.48553815
-0.17001416 -0.98481917 -0.03502041 0.91714680 -0.17113104 0.35993886
-0.22088785 -0.97414583 0.04741854 0.96994591 -0.21432848 0.11518793
-0.21498309 -0.97145516 -0.10028586 0.64947146 -0.21890159 0.72819573
-0.26712608 -0.96365827 0.00252751 0.69242918 -0.19011591 0.69598699
0.36948791 0.88685101 -0.27744195 -0.90381128 0.27362287 -0.32902244
0.39726609 0.83268565 -0.38576448 -0.85213619 0.17867146 -0.49187443
-0.12872432 -0.99153638 0.01690259 0.84024137 -0.09999824 0.53291172
0.18833867 0.96778339 -0.16710430 -0.98199385 0.18812175 -0.01727246
-0.33150715 -0.93578738 -0.12002098 0.67919332 -0.32501015 0.65807664
-0.29189739 -0.95641559 -0.00807260 0.67253113 -0.21124266 0.70928031
0.36416554 0.89151740 -0.26940715 -0.90399200 0.26878440 -0.33249584
-0.26737306 -0.91668928 0.29697219 0.63818133 0.06245168 0.76734889
0.35893556 0.90011597 -0.24689394 -0.93175781 0.33005127 -0.15130632
-0.11181974 -0.99320447 0.03226808 0.87646008 -0.08326925 0.47421944
-0.17447677 -0.98038644 0.09165381 0.88362616 -0.11482312 0.45389491
0.18913276 0.96476787 -0.18289816 -0.97249109 0.15824001 -0.17094231
-0.37754506 -0.91969514 -0.10779901 0.66253424 -0.34962210 0.66242945
-0.30242428 -0.95315731 0.00554363 0.66682649 -0.20741233 0.71576709
0.35297492 0.90653580 -0.23152025 -0.92033720 0.29184657 -0.26039413
-0.26085454 -0.92401153 0.27956691 0.49287477 0.12153316 0.86157078
-0.17514271 -0.95230639 0.24987519 0.55998206 0.11239267 0.82084590
0.01318898 -0.99753517 0.06891830 0.62656820 0.06195913 0.77689987
-0.08836743 -0.98853695 0.12241705 0.71766800 0.02204092 0.69603658
-0.17338102 -0.97990263 0.09864065 0.86377794 -0.10318755 0.49319366
-0.23465696 -0.96482974 0.11848911 0.95714605 -0.20804669 0.20146477
-0.43014330 -0.90275657 0.00270362 0.68003875 -0.32205066 0.65865833
-0.32441428 -0.94540465 0.03107281 0.64572865 -0.19733717 0.73762631
-0.32767418 -0.94434899 0.02888986 0.67166030 -0.21133254 0.71007818
0.35777017 0.90412343 -0.23358384 -0.91265303 0.28560403 -0.29239503
0.06950476 -0.99710220 0.03092387 0.48963934 0.06110633 0.86978120
-0.04418566 -0.99526179 0.08661207 0.35892463 0.06509309 0.93109399
-0.01867812 -0.99664170 0.07972765 0.41351363 0.06490151 0.90818185
-0.10273883 -0.98425770 0.14381078 0.69420439 0.03259702 0.71903944
0.23083699 0.94860417 -0.21648206 -0.94027323 0.16027041 -0.30033264
0.23490512 0.94444430 -0.22987974 -0.94351363 0.16469498 -0.28750247
-0.35994297 -0.93289393 -0.01224330 0.61353892 -0.24657007 0.75018215
-0.33279166 -0.94242114 0.03304698 0.63335061 -0.19741279 0.74826151
-0.39337066 -0.91265929 0.11096200 0.79614747 -0.27779415 0.53756827
0.35515898 0.90878528 -0.21902384 -0.91202074 0.28544247 -0.29451799
-0.03973711 -0.98352027 0.17637736 0.26527911 0.15979819 0.95083731
-0.10640146 -0.98505169 0.13546908 0.70391047 0.02160347 0.70996010
-0.24436203 -0.94260466 0.22756033 0.85458010 -0.09844324 0.50990379
0.23575974 0.94705677 -0.21794680 -0.95556623 0.18507873 -0.22943203
-0.35740119 -0.93386120 -0.01294801 0.67380595 -0.26742500 0.68881744
-0.38616958 -0.92241865 -0.00411600 0.58881932 -0.24993844 0.76864988
0.39035669 0.88903916 -0.23923005 -0.87742722 0.28055120 -0.38911754
-0.04431542 -0.98315138 0.17734030 0.27694640 0.15846737 0.94772822
0.08393854 0.96246570 -0.25809729 0.01248990 -0.26000726 -0.96552593
-0.16350320 -0.96522158 0.20399535 0.66649622 0.04437972 0.74418628
-0.08213209 -0.98319304 0.16305162 0.46101341 0.10756785 0.88084948
-0.19410168 -0.95477873 0.22521596 0.70772094 0.02268734 0.70612770
-0.25997019 -0.93208492 0.25225633 0.84442598 -0.09273753 0.52758378
0.27170593 0.92919677 -0.25053799 -0.94520003 0.20868325 -0.25109416
-0.38187572 -0.92395705 0.02178103 0.61152679 -0.23493609 0.75553954
-0.40031922 -0.91636902 -0.00353713 0.52107567 -0.23080562 0.82171100
0.38282791 0.89716852 -0.22029871 -0.87927997 0.28070790 -0.38479853
-0.38123256 -0.92379642 0.03552487 0.61609501 -0.22522476 0.75478524
-0.13157192 -0.97271270 0.19109944 0.47844994 0.10652413 0.87162966
-0.19146715 -0.95592576 0.22259016 0.71152115 0.02103014 0.70234996
-0.23784809 -0.93506819 0.26282269 0.70294976 0.02101771 0.71092892
0.28391570 0.91706496 -0.27997106 -0.91436458 0.17104094 -0.36699104
0.28720379 0.91394293 -0.28674427 -0.94898963 0.23082535 -0.21479842
0.27980992 0.91730237 -0.28330693 -0.89740866 0.14505266 -0.41667435
-0.54391450 -0.83825570 0.03852849 0.62275398 -0.37245700 0.68807948
-0.41688627 -0.90893322 0.00679289 0.51295316 -0.22908559 0.82728404
0.39992374 0.89048404 -0.21702379 -0.86935961 0.29354888 -0.39754620
-0.39477676 -0.91781873 0.04195449 0.56382453 -0.20595515 0.79980278
-0.21268763 -0.94604158 0.24447764 0.56999713 0.08309674 0.81743389
-0.24194135 -0.93354243 0.26450518 0.67808455 0.03230965 0.73427343
0.29296184 0.90740067 -0.30132598 -0.91054547 0.16863474 -0.37745109
0.28568989 0.91464579 -0.28601480 -0.94865036 0.22762217 -0.21966051
-0.45725107 -0.88795543 -0.04956511 0.54023051 -0.32159817 0.77764112
-0.48970595 -0.87085903 -0.04233935 0.51448327 -0.32782975 0.79236019
-0.44307142 -0.89618695 0.02316518 0.47539237 -0.21296759 0.85360819
0.40519026 0.88464975 -0.23068526 -0.86369061 0.28766900 -0.41386607
-0.41290772 -0.90857726 0.06320323 0.54500830 -0.19089000 0.81641102
-0.16296996 -0.94604450 0.28007260 0.34087905 0.21239732 0.91579956
-0.22099189 -0.93134415 0.28941441 0.68348300 0.06378996 0.72717398
-0.30409294 -0.88821948 0.34437433 0.80800194 -0.04898773 0.58713973
0.30882913 0.88228542 -0.35524216 -0.94179815 0.23151493 -0.24375623
0.30617347 0.87579703 -0.37314534 -0.94428730 0.32911393 -0.00235494
-0.48038220 -0.87506783 -0.05907026 0.51918018 -0.33800170 0.78498840
-0.53633946 -0.84399480 0.00358689 0.53838605 -0.33885297 0.77156925
-0.51855552 -0.85470670 -0.02401333 0.45787546 -0.30129486 0.83640391
-0.46476579 -0.88536406 -0.01110083 0.45094532 -0.24747282 0.85755789
0.42950812 0.86242080 -0.26786792 -0.79824990 0.22386861 -0.55917799
0.11046217 0.95876771 -0.26184464 -0.17336762 -0.24083002 -0.95495790
0.20771909 0.93479580 -0.28811407 -0.24388576 -0.23574500 -0.94071466
-0.22608922 -0.92675394 0.30001807 0.65460950 0.08353332 0.75133795
-0.28279862 -0.90691632 0.31229427 0.83382601 -0.07152018 0.54737478
0.31478861 0.88077521 -0.35375577 -0.93972886 0.23679079 -0.24665745
-0.56790531 -0.82298368 0.01347205 0.48073092 -0.31835687 0.81703538
-0.38450739 -0.91653943 -0.11004344 0.65447783 -0.35473379 0.66769964
-0.51189339 -0.85885257 -0.01836844 0.46356672 -0.29417056 0.83580482
-0.45276532 -0.89079207 0.03863978 0.45934814 -0.19589296 0.86638635
0.22079322 0.93065351 -0.29177797 -0.18445542 -0.25391752 -0.94947463
-0.25120005 -0.91375005 0.31931099 0.59439600 0.11473790 0.79594517
-0.28028890 -0.89840716 0.33808696 0.79252225 -0.01785785 0.60958153
0.33082822 0.85811067 -0.39268163 -0.91555554 0.19100735 -0.35394117
-0.44529673 -0.89416397 -0.04670832 0.63359088 -0.35153174 0.68919384
-0.19849189 -0.92512667 0.32363811 0.45421514 0.20577912 0.86680079
-0.25353035 -0.89439124 0.36849242 0.74514526 0.06233905 0.66398227
0.33010596 0.85914963 -0.39101416 -0.91543001 0.19033247 -0.35462862
0.64272487 0.71709347 -0.26959541 -0.65698600 0.33492166 -0.67542356
0.26288164 0.90186518 -0.34283021 -0.23849902 -0.28355867 -0.92882335
-0.24008682 -0.89891094 0.36649349 0.69552600 0.10408339 0.71092212
-0.29697713 -0.85363835 0.42790908 0.68470186 0.12198383 0.71854252
0.34621933 0.83756679 -0.42262763 -0.93813741 0.31174234 -0.15071481
0.34377122 0.83069646 -0.43790954 -0.88285893 0.12700893 -0.45213810
-0.24628876 -0.89554733 0.37058985 0.55806065 0.18158522 0.80968827
0.33919233 0.83063382 -0.44158369 -0.77588332 -0.01841057 -0.63060778
0.30909801 0.85993046 -0.40617508 -0.44899160 -0.24454632 -0.85942054
0.34891447 0.81604594 -0.46079037 -0.93565953 0.33110178 -0.12211828
0.34889597 0.85073584 -0.39309058 -0.93337435 0.35311106 -0.06422520
0.29962498 0.86809248 -0.39577812 -0.41908574 -0.25291526 -0.87200975
0.37531412 0.79423481 -0.47783929 -0.76553684 -0.02504081 -0.64290458
0.35717341 0.83128965 -0.42589286 -0.40251362 -0.27447009 -0.87329775
0.36970624 0.79058856 -0.48814663 -0.91252589 0.40787816 -0.03052917
0.34878191 0.85097289 -0.39267850 -0.93710226 0.32282799 -0.13274594
0.37450159 0.79446495 -0.47809419 -0.76522142 -0.02636561 -0.64322716
0.34222719 0.83711159 -0.42676085 -0.48998410 -0.22854948 -0.84123766
0.38929737 0.77915680 -0.49128631 -0.90317047 0.42764542 -0.03745075
0.33819771 0.88156581 -0.32933885 -0.93965179 0.29709253 -0.16967776
0.35428488 0.82220930 -0.44548199 -0.85842174 0.47491065 0.19383509
0.52916521 0.65522414 -0.53913414 -0.61853367 -0.13709094 -0.77370679
0.37389979 0.81029421 -0.45124525 -0.38078800 -0.30952001 -0.87131965
0.38398138 0.74857342 -0.54055172 -0.91313004 0.39468288 -0.10207312
0.34523100 0.87667733 -0.33504108 -0.93519598 0.35135067 -0.04428538
0.35602769 0.82908249 -0.43112242 -0.85171694 0.47771668 0.21532568
0.31648275 0.79117417 -0.52333754 -0.71135879 0.56291741 0.42082378
0.48924750 0.70259321 -0.51672018 -0.63422984 -0.12006572 -0.76376486
0.42087299 0.74102724 -0.52320617 -0.88445950 0.46333602 -0.05523725
0.35040709 0.67105854 -0.65337235 -0.72438729 0.63637924 0.26511261
0.37194839 0.84747428 -0.37873703 -0.88181448 0.45002800 0.14098895
0.34638366 0.89695686 -0.27474853 -0.93757033 0.32123515 -0.13330373
0.31654403 0.80109435 -0.50798410 -0.65735459 0.57133877 0.49138281
0.33561134 0.80486906 -0.48943937 -0.65767503 0.57218391 0.48996863
0.34388512 0.78245133 -0.51914644 -0.71609819 0.57615137 0.39402166
0.55746412 0.61086750 -0.56220526 -0.64954442 -0.10081698 -0.75360996
0.42001048 0.74001271 -0.52533078 -0.90750730 0.33951041 -0.24731195
0.34990644 0.68974894 -0.63388640 -0.63291562 0.67292964 0.38286233
0.41314018 0.66703320 -0.61998546 -0.53747565 0.72818452 0.42528492
0.36951554 0.84417361 -0.38836741 -0.84502590 0.47912100 0.23743281
0.36301723 0.88877261 -0.27982467 -0.91851711 0.39182493 0.05291083
0.32253072 0.80345356 -0.50043625 -0.63569564 0.57557988 0.51439178
0.37612391 0.78824252 -0.48703653 -0.66891587 0.59471947 0.44593757
0.44828784 0.67766607 -0.58292949 -0.89063144 0.39423865 -0.22660901
0.30660051 0.68949223 -0.65619856 -0.40504083 0.71837741 0.56557566
0.33283490 0.71407437 -0.61588866 -0.64821368 0.64760143 0.40053898
0.41752380 0.64742053 -0.63758963 -0.53055990 0.74334216 0.40736800
0.31340662 0.80667269 -0.50105441 -0.63164544 0.57107306 0.52430874
0.37160414 0.84611320 -0.38210326 -0.84311408 0.47987074 0.24265772
0.36545613 0.89765614 -0.24628289 -0.92136663 0.38647920 0.04144155
0.40500236 0.85671747 -0.31938732 -0.86449474 0.47254610 0.17131579
0.30249822 0.72468185 -0.61913735 -0.37360716 0.68773901 0.62244105
0.48783860 0.54464549 -0.68218392 -0.83327001 0.05765423 -0.54985189
0.42193496 0.53780723 -0.72988647 -0.80062091 0.59878099 -0.02162147
0.25224912 0.67626804 -0.69212139 -0.20478344 0.73635834 0.64485675
0.34246200 0.69609410 -0.63100934 -0.37387416 0.71712172 0.58817911
0.35305545 0.73573411 -0.57796812 -0.59619504 0.65299988 0.46705750
0.37496257 0.62016958 -0.68905210 -0.62652701 0.71736544 0.30471426
0.32062629 0.80802417 -0.49426275 -0.60991395 0.57535702 0.54494882
0.32306999 0.81491554 -0.48118445 -0.62314349 0.56584752 0.53991550
0.40995613 0.87918615 -0.24283276 -0.85006887 0.46479204 0.24769196
0.42294252 0.85225022 -0.30787861 -0.84512156 0.49357492 0.20531298
0.33424869 0.72545016 -0.60166425 -0.41506633 0.68644488 0.59708738
0.30266571 0.71599430 -0.62908322 -0.40255111 0.69431251 0.59655911
0.52629107 0.43430823 -0.73102272 -0.84647155 0.34913930 -0.40197974
0.43958741 0.55293351 -0.70783299 -0.77203310 0.63535869 0.01686144
0.36391342 0.63516843 -0.68126953 -0.30232707 0.77236909 0.55860943
-0.23463073 -0.63847935 0.73300248 -0.09446000 -0.73550844 -0.67089838
0.28978774 0.69434416 -0.65871799 -0.21077840 0.71765172 0.66373831
0.31170160 0.70748347 -0.63427854 -0.35787806 0.70579046 0.61137801
0.40857345 0.81266135 -0.41551101 -0.58493352 0.58260250 0.56429356
0.36440820 0.86599118 -0.34244129 -0.81561869 0.47426537 0.33141899
0.43278766 0.85031468 -0.29943252 -0.77167052 0.52114892 0.36459348
0.55499208 0.82996333 -0.05607705 -0.73735905 0.52203351 0.42869896
0.46162087 0.83054549 -0.31160921 -0.69312316 0.55693054 0.45761186
0.24155283 0.71203101 -0.65929055 -0.22235779 0.70194596 0.67663050
0.32943144 0.72202384 -0.60840487 -0.47469380 0.68366915 0.55431241
0.23193251 0.70168215 -0.67368352 -0.24166255 0.71241993 0.65883005
0.26087660 0.71327621 -0.65052330 -0.35009679 0.69788593 0.62480992
0.50987428 0.61130828 -0.60525233 -0.84811980 0.23948519 -0.47258839
0.55052894 0.69845200 -0.45725575 -0.79707348 0.60260969 -0.03918622
0.28912407 0.61667794 -0.73219919 -0.03864405 0.77176046 0.63473809
-0.23134275 -0.62667596 0.74414903 -0.09937194 -0.74567705 -0.65885580
0.14377259 0.69899887 -0.70052129 -0.04598275 0.71182966 0.70084536
0.25932083 0.70490813 -0.66019493 -0.16380672 0.70577753 0.68923545
0.22894803 0.68991143 -0.68673509 -0.07246266 0.71559501 0.69474673
0.30751669 0.71934909 -0.62287271 -0.35623294 0.69402254 0.62564439
0.42305601 0.76078957 -0.49216142 -0.49665138 0.64899838 0.57631457
0.43481743 0.81508440 -0.38284630 -0.59942335 0.57924318 0.55242103
0.36080864 0.86160958 -0.35699600 -0.78678542 0.48673585 0.37954837
0.36331397 0.91084349 -0.19587541 -0.92337269 0.38002267 0.05445797
0.46216533 0.82828587 -0.31677404 -0.69020200 0.56026226 0.45796022
-0.16308102 -0.69297272 0.70227736 -0.04636041 -0.70563793 -0.70705444
0.26393339 0.70753264 -0.65554315 -0.19853024 0.70493996 0.68091512
-0.06443066 -0.69794786 0.71324444 -0.03214842 -0.71290672 -0.70052159
0.26304850 0.69431317 -0.66987675 -0.07337455 0.70671546 0.70368284
0.35603967 0.73561782 -0.57628304 -0.45549113 0.67508876 0.58033007
0.51393497 0.60669589 -0.60645777 -0.84559321 0.23931178 -0.47718146
0.57880354 0.64693296 -0.49645168 -0.66409051 0.72725534 0.17344598
0.53076255 0.67948139 -0.50655317 -0.84595007 0.38837069 -0.36542672
0.25449187 0.61863697 -0.74331838 -0.00047167 0.76870483 0.63960361
-0.28144807 -0.60147166 0.74767572 -0.11459048 -0.75252992 -0.64851201
-0.31179383 -0.59315258 0.74226326 -0.51684284 -0.54964083 -0.65632957
-0.38152820 -0.56321728 0.73295474 -0.21592201 -0.71669537 -0.66311806
-0.17931916 -0.66800100 0.72223216 -0.18082173 -0.69924521 -0.69163549
-0.19076316 -0.66827470 0.71903986 -0.16597231 -0.69998783 -0.69460076
0.55847996 0.64888823 -0.51676321 -0.30175775 0.73920864 0.60209042
0.48388892 0.79058677 -0.37526539 -0.54897547 0.60816878 0.57337308
0.35822999 0.86284059 -0.35661948 -0.83759588 0.46574911 0.28550115
0.33361554 0.85168856 -0.40413776 -0.75532591 0.49800873 0.42599314
0.39797351 0.89736235 -0.19067764 -0.89486289 0.42550454 0.13478267
0.47628281 0.78459638 -0.39694250 -0.52034116 0.61540031 0.59205377
-0.15712151 -0.69488651 0.70174474 -0.05409482 -0.70344806 -0.70868516
-0.08409888 -0.69804925 0.71109402 -0.00986375 -0.71300393 -0.70109069
-0.16859047 -0.69317561 0.70077443 -0.05217526 -0.70367849 -0.70860028
-0.10429075 -0.68456805 0.72145003 -0.10766678 -0.71337116 -0.69246620
0.42348886 0.65639114 -0.62434596 -0.09973046 0.71879029 0.68803656
0.48306909 0.71495473 -0.50545430 -0.83710688 0.20786972 -0.50600624
0.52102470 0.52703160 -0.67139477 -0.77329457 0.62444550 -0.10992493
0.53040081 0.67877257 -0.50788075 -0.84732521 0.40557113 -0.34285876
0.57704496 0.42797220 -0.69559968 0.03482497 0.83803874 0.54449832
-0.40880293 -0.52599311 0.74579585 -0.09293377 -0.78895956 -0.60737652
-0.20272766 -0.62296242 0.75552595 -0.17803566 -0.73523986 -0.65400738
-0.17917275 -0.67865503 0.71226722 -0.44608408 -0.58924192 -0.67364895
-0.28686923 -0.61423957 0.73512977 -0.56818855 -0.50873595 -0.64679945
-0.10414535 -0.72425306 0.68162400 -0.55551684 -0.52611589 -0.64389688
-0.14005399 -0.70124930 0.69902384 -0.10989267 -0.69061172 -0.71482801
0.33765984 0.85062367 -0.40302026 -0.74559724 0.50304842 0.43706641
-0.01758625 -0.73115075 0.68198919 -0.32128298 -0.64178830 -0.69633687
-0.03813261 0.78669006 -0.61616945 0.40338564 0.57626271 0.71077514
-0.09040290 -0.70949548 0.69888735 -0.17217377 -0.68005991 -0.71265334
-0.03969850 -0.70100224 0.71205330 -0.35080972 -0.65747410 -0.66682857
-0.34812135 -0.61927694 0.70378101 -0.10607651 -0.71989655 -0.68592769
0.48789063 0.69586515 -0.52700520 -0.74950254 0.02448123 -0.66154867
0.60384941 0.58206767 -0.54457611 -0.74931401 0.64750844 -0.13878521
0.55649608 0.59708881 -0.57775176 -0.81836343 0.27380949 -0.50528187
0.48999417 0.46587136 -0.73679686 0.09456669 0.81182063 0.57619828
-0.38909122 -0.53640455 0.74891806 -0.45410800 -0.59565425 -0.66255718
-0.18959050 -0.68230176 0.70605934 -0.57334328 -0.50683558 -0.64373529
-0.22996794 -0.65331113 0.72131777 -0.54866558 -0.52512884 -0.65054274
-0.35990214 -0.55401325 0.75069284 -0.51548362 -0.55257183 -0.65493590
-0.11036205 -0.72203392 0.68299878 -0.58010316 -0.51120257 -0.63415480
-0.09618370 -0.71468669 0.69279987 -0.34026909 -0.63048452 -0.69764334
-0.13000022 -0.70424885 0.69794959 -0.12034736 -0.68751109 -0.71613199
-0.00271703 0.79681349 -0.60421932 0.48448691 0.52962041 0.69625765
0.03318359 0.77108288 -0.63586956 0.37277567 0.58076084 0.72370934
-0.06455609 0.79740959 -0.59997541 0.48090053 0.55167043 0.68146497
-0.04322599 0.79008263 -0.61147439 0.45240706 0.56117821 0.69311386
-0.06860678 -0.69118440 0.71941447 -0.36211812 -0.65468043 -0.66352391
0.53898710 0.62441838 -0.56532705 -0.61268926 -0.16993350 -0.77183849
0.66762465 0.36933145 -0.64642996 -0.41832078 0.90434593 0.08465292
0.61857301 0.49579072 -0.60955644 -0.77601165 0.50711226 -0.37502408
0.55622441 0.58667684 -0.58857858 -0.72052634 -0.01243719 -0.69331604
-0.43026352 -0.49180409 0.75696892 -0.25231466 -0.73961449 -0.62394530
-0.62277383 -0.30943373 0.71861225 -0.52417177 -0.51686519 -0.67682672
-0.48569715 -0.43960866 0.75554121 -0.56124228 -0.50581688 -0.65510029
-0.17837495 -0.68365198 0.70767391 -0.56886709 -0.51517844 -0.64107841
-0.31036782 -0.58035398 0.75290179 -0.37523544 -0.65290761 -0.65795904
0.01399604 0.80458945 -0.59366661 0.59055024 0.47245973 0.65424168
-0.08499724 -0.74260551 0.66431361 -0.60905945 -0.48893797 -0.62448883
0.02185239 0.80008316 -0.59949106 0.57975322 0.47837707 0.65957689
0.02925396 0.77125984 -0.63584775 0.35741213 0.58599406 0.72723287
0.04964557 0.77980649 -0.62404901 0.64505655 0.45199141 0.61612159
0.00936170 0.79740667 -0.60336977 0.47943127 0.52594185 0.70251751
-0.05941477 0.79383677 -0.60522145 0.47759652 0.55500317 0.68108231
-0.05787243 0.79774755 -0.60020798 0.47227976 0.55156237 0.68755430
0.66320056 0.36734399 -0.65209156 -0.37185225 0.91784662 0.13886522
0.61095846 0.24788722 -0.75185215 -0.52559370 0.83721548 -0.15106811
0.62782377 0.37122133 -0.68412870 -0.77668267 0.35637912 -0.51938230
0.62784380 0.34016174 -0.70007300 -0.77813196 0.25355226 -0.57464945
-0.51373559 -0.43353182 0.74035525 -0.38596609 -0.65389818 -0.65072840
-0.58455741 -0.35522744 0.72945601 -0.53480411 -0.50740600 -0.67566550
-0.44171870 -0.46094397 0.76968521 -0.20749462 -0.78216940 -0.58750075
-0.32248643 -0.58362067 0.74524462 -0.71097553 -0.37042382 -0.59774590
-0.05855934 0.82898742 -0.55619305 0.55268830 0.49089253 0.67346877
0.67893755 0.27969912 -0.67883152 -0.26685184 0.95536667 0.12674649
0.72068250 0.37722731 -0.58164966 -0.26192975 0.92497319 0.27534962
0.61251086 0.24203457 -0.75249565 -0.47234550 0.87538463 -0.10291541
0.61382061 0.19383541 -0.76527911 -0.62864918 0.70637840 -0.32531494
-0.55636859 -0.38956064 0.73395950 -0.51912183 -0.52674478 -0.67309177
0.34733492 0.54461312 -0.76338398 -0.15277611 0.83605480 0.52694583
0.43810564 0.48489365 -0.75692904 -0.08999228 0.86146766 0.49977484
0.66231853 0.27511838 -0.69688165 0.00915767 0.92709774 0.37470770
0.71845835 0.38797051 -0.57731837 -0.34099334 0.91986930 0.19381452
0.56020737 0.16616978 -0.81151426 -0.45910394 0.87772369 -0.13720308
0.69364923 0.01042341 -0.72023761 -0.63356352 0.48455417 -0.60316217
0.69212908 0.21305756 -0.68961138 0.02577706 0.94753379 0.31861469
0.68792689 0.27796990 -0.67043966 0.07835808 0.88990551 0.44936424
0.69768810 0.38165054 -0.60627896 -0.20677564 0.91754484 0.33963996
0.56058472 0.16295119 -0.81190628 -0.42926809 0.89561397 -0.11663879
0.70069480 0.01540360 -0.71329486 -0.55556816 0.63903743 -0.53195423
0.68767899 0.20768148 -0.69567668 0.05324848 0.94120425 0.33361548
0.68781650 0.27988487 -0.66975594 0.05352179 0.90060937 0.43132147
0.68084353 0.29148304 -0.67192984 0.06188761 0.89122403 0.44932136
0.60840446 0.36703825 -0.70365262 0.04088164 0.87095726 0.48965517
0.66143525 0.39976323 -0.63458085 -0.22386838 0.91276789 0.34166902
0.52110088 0.07475501 -0.85021508 -0.45250037 0.86882871 -0.20094799
0.70408297 0.02255076 -0.70975965 -0.54380220 0.65988696 -0.51848668
0.66168702 0.42476258 -0.61785686 -0.73205960 0.54409528 -0.40993807
-0.72690630 -0.22321731 0.64944696 -0.25804844 -0.78761375 -0.55953163
0.65343499 0.19505283 -0.73142135 0.07594316 0.94446623 0.31971273
-0.64533699 -0.28684744 0.70799631 -0.25211808 -0.79490930 -0.55186564
-0.60096771 -0.32934463 0.72826511 -0.20798251 -0.81533295 -0.54034758
0.66780472 0.40052158 -0.62739092 -0.21683617 0.91100901 0.35077733
0.51465547 0.03946575 -0.85648835 -0.38023099 0.90584421 -0.18673709
0.68782568 -0.12720025 -0.71464396 -0.56214309 0.52952057 -0.63529766
0.69968587 0.01935458 -0.71418840 -0.62251693 0.50704622 -0.59613496
0.65410292 0.40238547 -0.64049625 -0.75431943 0.28415906 -0.59182417
-0.73308903 -0.21848303 0.64408511 -0.23513511 -0.80719030 -0.54143822
-0.72733915 -0.22313970 0.64898890 -0.25823480 -0.78717518 -0.56006253
0.64062613 0.19392459 -0.74296129 -0.14427522 0.98074931 0.13158822
-0.71550012 -0.23219645 0.65889633 -0.25617945 -0.79024613 -0.55667150
-0.73288512 -0.21358585 0.64595705 -0.30684537 -0.74363041 -0.59401995
0.54997557 0.41643676 -0.72395259 0.07048021 0.84058756 0.53707099
-0.56598961 -0.34667623 0.74797815 -0.24454194 -0.79585415 -0.55390918
0.52502716 0.02855344 -0.85060638 -0.42698795 0.87339294 -0.23423514
0.66655904 -0.17799984 -0.72388893 -0.41052508 0.72290307 -0.55577004
0.66997319 -0.18655069 -0.71856445 -0.66385853 0.28271097 -0.69236296
0.69152033 -0.07344736 -0.71861339 -0.70769507 0.13053271 -0.69435507
0.69110000 0.16853705 -0.70283431 -0.71923566 0.06446461 -0.69176912
0.66962057 0.24283525 -0.70188278 -0.73815626 0.11318450 -0.66506749
-0.54201657 -0.35726181 0.76064587 -0.25450891 -0.79284132 -0.55373985
-0.74280941 -0.21140575 0.63524944 -0.25822797 -0.78495252 -0.56317657
0.71765834 0.19397004 -0.66883641 0.16989370 0.88264078 0.43827090
0.48052514 -0.07793368 -0.87351131 -0.26900148 0.93493068 -0.23139319
-0.74470556 -0.14217156 0.65207440 -0.43277723 -0.64090413 -0.63399196
-0.69680786 -0.24453883 0.67428452 -0.28001225 -0.77274501 -0.56961238
-0.61724645 -0.31042358 0.72294134 -0.25285667 -0.79185545 -0.55590332
-0.60070026 -0.32941014 0.72845608 -0.26812598 -0.77538836 -0.57173544
-0.61545742 -0.31428593 0.72279775 -0.27387685 -0.77463400 -0.57002956
0.52950919 -0.07951607 -0.84456927 -0.45356500 0.81480086 -0.36107945
0.64934558 -0.21448900 -0.72961962 -0.53293675 0.55607760 -0.63777429
0.65829676 -0.21667171 -0.72090137 -0.63182110 0.36155960 -0.68562144
0.67105651 -0.18413876 -0.71817559 -0.68686163 0.21026424 -0.69570833
0.70062977 -0.01142403 -0.71343356 -0.70271206 0.16236271 -0.69270062
0.69130754 -0.08097840 -0.71800870 -0.68880093 0.22633669 -0.68871260
0.65288097 0.36792317 -0.66210204 -0.74201804 0.13505624 -0.65663463
-0.77761185 -0.17985857 0.60247052 -0.24752708 -0.79325938 -0.55630028
-0.73155928 -0.22137052 0.64483809 -0.26067233 -0.78313661 -0.56457680
0.75404376 0.16619872 -0.63544953 0.09364186 0.93037325 0.35445285
0.50593948 -0.10488732 -0.85616815 -0.40794170 0.84546149 -0.34464261
0.51067197 -0.05659250 -0.85791117 -0.34298980 0.90158361 -0.26363820
-0.76123315 0.08982944 0.64222640 -0.48217523 -0.74064124 -0.46792912
-0.85899615 0.29888797 0.41568220 -0.51028645 -0.56583232 -0.64764303
-0.70164955 -0.08891337 0.70695287 -0.55889302 -0.54674548 -0.62346458
-0.62654364 -0.30028737 0.71921527 -0.24950656 -0.79695320 -0.55010194
-0.59919131 -0.32015550 0.73380536 -0.19251338 -0.83205283 -0.52021796
0.64225417 -0.28014919 -0.71346062 -0.67719388 0.22863241 -0.69938236
0.66393948 -0.21190660 -0.71713316 -0.72060752 0.07489362 -0.68928641
0.67926872 -0.15104571 -0.71817774 -0.70608538 0.13230361 -0.69565743
0.71756750 0.10893760 -0.68791682 -0.68909460 -0.03249780 -0.72394240
0.79067451 0.17608668 -0.58636796 0.21079011 0.82089651 0.53075093
0.20900489 0.78905463 0.57767624 -0.79449648 -0.20740770 0.57075167
0.10262623 0.77713031 0.62091577 -0.84483945 -0.26140746 0.46681103
0.70698380 0.18616235 -0.68228841 0.05164200 0.94856954 0.31232837
0.77444375 0.19300281 -0.60248393 0.22810051 0.80308944 0.55047035
-0.76074594 0.08357659 0.64364636 -0.61386466 -0.41472477 -0.67169452
0.66155058 -0.24621555 -0.70832813 -0.67372561 0.21964934 -0.70558345
0.63803929 -0.20884828 -0.74113983 -0.76350433 -0.04680006 -0.64410472
0.72178411 0.10923935 -0.68344319 -0.68480259 -0.03047679 -0.72809112
0.77509415 0.19533938 -0.60089236 0.22846037 0.80002522 0.55476618
-0.76989877 -0.18842670 0.60971409 -0.25447184 -0.78552556 -0.56408656
0.01577384 0.78706813 0.61666435 -0.87094980 -0.29211521 0.39511412
0.74133646 0.31493238 -0.59265327 0.00369838 0.88113266 0.47285479
0.80344754 0.17220810 -0.56992680 0.18787777 0.83501101 0.51716393
-0.69224048 -0.05198234 0.71979237 -0.60640621 -0.49883711 -0.61921972
0.66521478 -0.23442265 -0.70889729 -0.68208092 0.19543374 -0.70467812
0.68018025 0.26303881 -0.68422616 -0.63852978 -0.24585697 -0.72926956
0.14696331 0.77447766 0.61529362 -0.83748639 -0.23356673 0.49402753
0.00181734 0.78968680 0.61350757 -0.87071240 -0.30046788 0.38933158
0.79465222 0.30575225 -0.52444577 0.02490321 0.84675831 0.53139460
0.82541978 0.16123441 -0.54100442 0.17969437 0.83345413 0.52255547
-0.77928847 0.16573572 0.60435188 -0.57436770 -0.57458949 -0.58305120
-0.68264550 -0.06948723 0.72743839 -0.60595268 -0.50256169 -0.61664671
0.66983986 -0.21935388 -0.70936489 -0.71415502 0.07114470 -0.69636285
0.57239825 0.63975620 -0.51290572 -0.51574779 -0.20539011 -0.83175665
0.00272872 0.79364097 0.60838038 -0.85551316 -0.31315312 0.41234985
-0.09398019 0.83520961 0.54184198 -0.89415985 -0.31012884 0.32295251
0.82384926 0.32194510 -0.46650168 0.01717133 0.80847758 0.58827645
-0.74807614 0.32941607 0.57607925 -0.63607091 -0.60342830 -0.48092431
-0.78910094 0.20979144 0.57732779 -0.58459044 -0.54507333 -0.60095686
-0.65616912 -0.12347814 0.74444294 -0.62520754 -0.46346518 -0.62794560
0.62465596 0.57771719 -0.52540255 -0.66427100 0.03938293 -0.74645364
0.84962118 0.26164392 -0.45791519 0.02955601 0.84327477 0.53666949
-0.04761348 0.79035401 0.61079746 -0.86587584 -0.33751920 0.36924231
-0.04347745 0.78878105 0.61313474 -0.86222845 -0.33963004 0.37578407
0.84996098 0.34160820 -0.40108627 -0.09587196 0.84887516 0.51982653
-0.73900563 0.33919984 0.58207750 -0.64704484 -0.59798586 -0.47301790
-0.77621758 0.16432865 0.60867262 -0.58683932 -0.54120368 -0.60226095
-0.67911530 -0.07404370 0.73028761 -0.67462736 -0.32912111 -0.66072476
-0.65646094 -0.12410067 0.74408209 -0.62539965 -0.46202785 -0.62881291
0.53083313 0.68955684 -0.49267387 -0.63991112 -0.05501670 -0.76647699
0.87776232 0.32020181 -0.35637650 -0.07111613 0.82269156 0.56402224
0.87546062 0.32269052 -0.35977703 -0.07604727 0.82713962 0.55682749
0.63043940 0.46011683 -0.62517101 -0.11818542 0.85289198 0.50853479
-0.55356938 0.51660675 0.65320623 -0.80757666 -0.52457684 -0.26951650
-0.76259238 0.11660743 0.63628268 -0.59925526 -0.49776974 -0.62699157
-0.77023345 0.28213364 0.57196248 -0.63507909 -0.25712764 -0.72839546
0.87946993 0.32177466 -0.35070458 -0.09868503 0.84411240 0.52700621
0.68376350 0.44414112 -0.57896996 -0.12928896 0.85461688 0.50290596
0.45446923 0.51879400 -0.72409296 -0.19222546 0.85085750 0.48896930
-0.38911438 0.66577840 0.63665473 -0.91864645 -0.33176982 -0.21451706
-0.67236829 -0.08071657 0.73580283 -0.64741260 -0.41778237 -0.63742834
0.88708419 0.31763813 -0.33494446 -0.11593495 0.85565442 0.50439519
0.59296370 0.47183985 -0.65250385 -0.23136097 0.87599725 0.42320323
0.39519092 0.53331786 -0.74792802 -0.24843839 0.84591472 0.47191823
-0.33842871 0.68875492 0.64115739 -0.93811291 -0.30021358 -0.17267331
0.89102054 0.30900237 -0.33256587 -0.13254897 0.87774646 0.46042588
0.73314583 0.42175138 -0.53350079 -0.15839326 0.86879832 0.46914938
0.27236044 0.56545240 -0.77851361 -0.28219593 0.82046402 0.49719653
0.33615103 0.54230577 -0.77000451 -0.25210434 0.83955801 0.48123363
-0.32788342 0.82164383 0.46625525 -0.94217569 -0.32058495 -0.09762287
-0.35669300 0.72535026 0.58875895 -0.85533750 -0.50701743 0.10644817
0.89447743 0.30461085 -0.32729542 -0.12537025 0.87352675 0.47035444
0.91754478 0.28466904 -0.27762419 -0.14131913 0.88606626 0.44149244
0.72474641 0.44050866 -0.52980644 -0.16372669 0.85701150 0.48859489
0.23836283 0.56720906 -0.78832549 -0.31218314 0.81339210 0.49085122
-0.33737797 0.76184833 0.55295861 -0.94126606 -0.28170910 -0.18616733
0.88014907 0.31572816 -0.35447633 -0.15628317 0.89784056 0.41165271
0.92136180 0.28025818 -0.26934713 -0.14859448 0.89425188 0.42217684
-0.20635124 0.87124127 0.44537386 -0.93658483 -0.30763018 0.16784707
0.64427179 0.44427761 -0.62252015 -0.18756354 0.88089699 0.43455774
0.27315620 -0.82773441 -0.49014443 -0.01064034 0.50689071 -0.86194468
-0.34097382 0.73747468 0.58298194 -0.93993926 -0.27790508 -0.19819944
-0.26678389 0.79530060 0.54435593 -0.96348321 -0.23353815 -0.13099657
0.87816262 0.31752199 -0.35778514 -0.14050595 0.88615692 0.44157004
0.90060872 0.29543290 -0.31878436 -0.17113438 0.91525137 0.36473006
0.88067901 0.31730661 -0.35173997 -0.14483082 0.88731623 0.43782866
0.71505004 0.37859035 -0.58768439 -0.17898610 0.91178799 0.36960334
0.30668321 -0.81219363 -0.49627313 -0.33563322 0.39562517 -0.85488665
0.91409969 0.26844320 0.30390793 -0.31666976 0.94071615 0.12154634
-0.25577903 0.72459954 0.63994735 -0.91490078 -0.39528388 0.08189753
-0.26352483 0.83364022 0.48538512 -0.96392179 -0.24714561 -0.09886335
-0.25590941 0.85950828 0.44244310 -0.96667129 -0.22394846 -0.12407175
0.91163653 0.28906041 -0.29216927 -0.19576725 0.93045717 0.30971697
0.93105358 0.27364379 -0.24136788 -0.21535128 0.94609803 0.24191399
0.88000715 0.31200919 -0.35810301 -0.16654480 0.90879947 0.38255244
0.86722231 0.32339185 -0.37860695 -0.17070265 0.90739274 0.38405609
0.46357808 0.40345746 -0.78887099 -0.12733352 0.91141063 0.39130151
0.68721539 0.38189080 -0.61797613 -0.20504683 0.91805482 0.33930981
0.35084832 -0.76646858 -0.53798836 -0.45064202 0.36541495 -0.81448984
-0.25362301 0.89010108 0.37867612 -0.96724206 -0.23776625 -0.08893844
0.88972843 0.30079138 -0.34337732 -0.19084102 0.92841631 0.31878337
0.89523393 0.29674724 -0.33241129 -0.19463313 0.93147546 0.30736202
0.89618200 0.30654478 -0.32076192 -0.20362489 0.92647862 0.31650326
0.70855850 0.36820024 -0.60197467 -0.19850095 0.92262989 0.33068338
0.79001337 0.36312923 -0.49397987 -0.18221357 0.90838277 0.37634969
0.26298642 -0.79982388 -0.53955525 -0.78541809 0.14730349 -0.60118234
0.23718894 -0.77664626 -0.58357692 -0.61358619 0.34596154 -0.70980465
-0.25405580 0.89137709 0.37536985 -0.96707493 -0.24008910 -0.08439956
-0.27824381 0.92468619 0.25987679 -0.94407737 -0.31311697 0.10332312
-0.25340331 0.89741701 0.36115023 -0.92992377 -0.32883924 0.16464120
0.90427840 0.30384305 -0.29993325 -0.21775943 0.93250334 0.28812915
-0.67716163 -0.09358437 -0.72985899 -0.43379277 0.85196203 0.29323134
0.25909701 -0.80103946 -0.53963381 -0.75528550 0.18020345 -0.63013524
0.28597933 -0.73767972 -0.61159182 -0.44533718 0.46281561 -0.76647019
0.28981385 -0.72142327 -0.62893283 -0.68616271 0.30150133 -0.66202545
-0.25646487 0.88305342 0.39299163 -0.96651775 -0.23780113 -0.09640593
-0.27281648 0.92345029 0.26983470 -0.94973409 -0.30327314 0.07765681
-0.25463703 0.92136335 0.29368284 -0.96701592 -0.24061526 -0.08357319
0.90782368 0.30224460 -0.29069650 -0.22843479 0.93774945 0.26161733
0.72629213 0.34358177 -0.59535813 -0.22589423 0.93731546 0.26535171
-0.66358757 -0.07853036 -0.74396551 -0.44181210 0.84365976 0.30502504
0.17940576 -0.74397862 -0.64366877 -0.91857892 0.10753819 -0.38032669
0.29227418 -0.72057307 -0.62876892 -0.64263260 0.33892828 -0.68713242
0.20382041 -0.69032162 -0.69419974 -0.82947850 0.25487831 -0.49699336
-0.25965422 0.93820643 0.22879773 -0.96443683 -0.23980863 -0.11114655
-0.26645574 0.94257390 0.20138469 -0.95691991 -0.23369686 -0.17230837
-0.25577530 0.90021735 0.35240275 -0.96535885 -0.21838431 -0.14279576
0.89192533 0.30953372 -0.32963344 -0.24609798 0.94385231 0.22040564
0.90314078 0.30446678 -0.30271557 -0.22741158 0.93726909 0.26421702
0.73071420 0.34346068 -0.58999282 -0.23420703 0.93789703 0.25592244
-0.51761830 -0.49090430 -0.70077407 -0.72816789 0.68280840 0.05953342
-0.66124195 -0.02873809 -0.74962211 -0.38014874 0.87429780 0.30181161
0.24311385 -0.69306362 -0.67864460 -0.77670020 0.28001556 -0.56420577
0.27877861 -0.71956241 -0.63601291 -0.69056582 0.31003326 -0.65345103
0.18109867 -0.63663942 -0.74959558 -0.90159959 0.19698019 -0.38511950
-0.26431933 0.95111662 0.15972626 -0.96440351 -0.26200452 -0.03577116
-0.26151058 0.92993534 0.25851998 -0.96397436 -0.23813885 -0.11850461
-0.29312804 0.94100904 0.16905048 -0.95267099 -0.27257910 -0.13460588
0.88899446 0.31919953 -0.32832992 -0.24573639 0.93756723 0.24613284
0.89176261 0.31541374 -0.32445908 -0.24366125 0.93891335 0.24304515
0.80298877 0.32413524 -0.50014532 -0.20503592 0.93819439 0.27883959
0.32906872 0.34485146 -0.87908548 -0.26460814 0.92731142 0.26471880
-0.72396642 -0.05161834 -0.68790132 -0.32760400 0.90329814 0.27699840
0.27446932 -0.64217424 -0.71573657 -0.78150320 0.28471991 -0.55514622
0.12675644 -0.62184006 -0.77281809 -0.95211631 0.14225250 -0.27062666
0.85651553 0.33340022 -0.39398667 -0.25054151 0.93596917 0.24736777
-0.28076166 0.95765418 0.06380776 -0.95972002 -0.27939594 -0.02958751
0.85673767 0.37564260 -0.35340241 -0.36625522 0.92555851 0.09590913
0.89783001 0.33206508 -0.28919566 -0.29354790 0.94088429 0.16901611
0.76250100 0.32454577 -0.55969840 -0.17199692 0.93563795 0.30821869
0.44179288 0.34517649 -0.82805336 -0.20292576 0.93754286 0.28255010
0.23198409 0.33554405 -0.91301346 -0.24896559 0.92783648 0.27773300
-0.59391105 0.04037015 -0.80351722 -0.27572492 0.92804253 0.25042561
-0.67969561 -0.37315688 -0.63148075 -0.55389911 0.82549918 0.10838351
0.06322382 -0.61932606 -0.78258419 -0.97529936 0.12795314 -0.18005331
0.76704079 0.35504237 -0.53440946 -0.22785966 0.92938071 0.29039887
-0.28196412 0.95754081 0.06009850 -0.95942444 -0.28147644 -0.01660727
0.94759315 0.29984903 -0.11026297 -0.29278132 0.95316333 0.07588703
0.86112881 0.36617702 -0.35266349 -0.31211740 0.92836154 0.20181105
0.86166614 0.39488223 -0.31874669 -0.37838107 0.91847962 0.11499155
0.90731055 0.32918209 -0.26158503 -0.29979619 0.94269490 0.14645347
0.72207624 0.29401925 -0.62622577 -0.18562089 0.95434248 0.23404120
0.25067708 -0.91778368 -0.30795160 0.02206021 0.32344162 -0.94599098
0.26264408 -0.91736382 -0.29910162 0.08423092 0.33059919 -0.94000500
0.13556592 -0.96465135 -0.22598596 0.06377082 0.23611435 -0.96963048
-0.62013614 0.03081042 -0.78388900 -0.25894564 0.93518555 0.24160945
-0.59238940 0.04653170 -0.80430692 -0.27243713 0.92794877 0.25434062
0.05849305 -0.61350113 -0.78752458 -0.89563626 0.31618014 -0.31283519
0.08143788 -0.64991403 -0.75563198 -0.90017813 0.27748573 -0.33567989
-0.24452861 0.95771545 0.15161459 -0.96964204 -0.24146897 -0.03856270
0.92622775 0.37461352 0.04203384 -0.37380537 0.92714351 -0.02596980
0.77190304 0.37637028 -0.51235855 -0.50569904 0.85191172 -0.13606949
0.85764128 0.41018033 -0.31016716 -0.39684033 0.91149879 0.10811016
0.82358563 0.39599186 -0.40607545 -0.35601637 0.91825235 0.17339258
0.81132472 0.41855770 -0.40811974 -0.41439646 0.90419054 0.10351323
0.67229724 0.27189490 -0.68854171 -0.17872609 0.96220905 0.20545258
0.10899829 -0.93664545 -0.33288845 -0.10115956 0.32269326 -0.94108224
0.09468611 0.19030797 -0.97714764 -0.09303328 0.97895354 0.18164472
0.45423520 -0.79525512 -0.40154666 -0.39915305 0.22128618 -0.88978052
0.00873450 -0.54703474 -0.83706439 -0.97232139 0.19081013 -0.13484327
0.02581998 -0.63789260 -0.76969242 -0.96169651 0.19433735 -0.19332051
0.05739007 -0.67621195 -0.73446840 -0.88471419 0.30643135 -0.35125589
0.91987664 0.38881582 0.05147143 -0.38783154 0.92129552 -0.02830740
0.82303381 0.41107538 -0.39195961 -0.41509673 0.90634674 0.07893208
0.81059700 0.41026151 -0.41787320 -0.41105154 0.90685844 0.09297549
0.83402258 0.41671491 -0.36160076 -0.44160944 0.89707786 0.01524720
0.80179274 0.41467074 -0.43032146 -0.37602314 0.90973669 0.17602794
0.77614868 0.48143131 -0.40720654 -0.61287999 0.72780240 -0.30770412
0.74466670 0.28723082 -0.60246992 -0.26053518 0.95614523 0.13381992
0.12885457 -0.92905879 -0.34676558 -0.15016742 0.32736754 -0.93288809
0.05331535 -0.97644657 -0.20906837 0.00939647 0.20984748 -0.97768903
0.17949663 -0.91520345 -0.36080986 -0.11451530 0.34483489 -0.93165189
-0.08730381 -0.54326099 -0.83501232 -0.98122942 0.19157934 -0.02205060
0.07208029 -0.39741147 -0.91480529 -0.94817132 0.25728652 -0.18648022
-0.01171175 -0.62168056 -0.78318340 -0.97545320 0.17934529 -0.12777495
0.01527487 -0.71747947 -0.69641221 -0.97008610 0.15813217 -0.18419340
0.02928557 -0.74154758 -0.67026085 -0.94217420 0.20347461 -0.26628172
0.91188866 0.40354669 0.07489394 -0.40289745 0.91492361 -0.02425788
0.88235033 0.46350139 -0.08139025 -0.46615005 0.88455850 -0.01613982
0.77568001 0.50920165 -0.37287295 -0.57653379 0.81205803 -0.09039123
0.79266518 0.39671221 -0.46292695 -0.50325698 0.85436964 -0.12955703
0.79403609 0.36385822 -0.48694345 -0.48044690 0.86640918 -0.13603643
-0.44653592 0.08955515 -0.89027280 -0.03201521 0.99274236 0.11592079
0.13321748 0.10496707 -0.98551255 0.05777805 0.99186194 0.11345353
-0.09087403 -0.56306410 -0.82140172 -0.97931314 0.20027041 -0.02893951
-0.07922012 -0.52981848 -0.84440309 -0.98674005 0.16205302 -0.00910587
0.06581964 -0.39832741 -0.91487867 -0.95208478 0.24936345 -0.17706633
0.45447823 -0.43165645 -0.77918053 -0.63852507 0.45203313 -0.62285781
-0.19052152 -0.64000559 -0.74437523 -0.97343802 0.22123565 0.05893381
-0.12025224 -0.70228732 -0.70166367 -0.97136950 0.22911218 -0.06284095
0.02030338 -0.73520577 -0.67753989 -0.92830396 0.23778965 -0.28584594
-0.03563391 -0.72810477 -0.68453902 -0.92004019 0.29134795 -0.26199704
0.89960468 0.43670523 0.00000391 -0.43020248 0.88621074 -0.17191973
0.77388495 0.60243231 -0.19539067 -0.63005596 0.76364499 -0.14098138
0.90049213 0.43484244 0.00509614 -0.42651418 0.88541085 -0.18475203
0.77488297 0.54998881 -0.31155866 -0.59785289 0.79773253 -0.07870750
0.77857143 0.50400096 -0.37391126 -0.61411339 0.73455161 -0.28861517
0.79149193 0.38741821 -0.47270250 -0.44926438 0.89317000 -0.02022164
0.79204792 0.38653758 -0.47249228 -0.49322399 0.86127567 -0.12220644
0.73063558 0.25975445 -0.63142639 -0.36574966 0.92982262 -0.04070804
-0.22091551 0.10737445 -0.96936429 -0.00248408 0.99385595 0.11065347
-0.20295915 0.09484169 -0.97458333 0.02461278 0.99547791 0.09174937
0.27751139 0.08595420 -0.95686954 0.04239634 0.99392372 0.10157852
0.16111918 0.10122410 -0.98173028 0.06117114 0.99178964 0.11230055
-0.18410002 -0.65214390 -0.73540163 -0.97302157 0.22676776 0.04249119
-0.07940700 -0.53264421 -0.84260595 -0.97334927 0.22385922 -0.04978196
-0.01026342 -0.45792350 -0.88893241 -0.98439360 0.16081238 -0.07147510
0.05466074 -0.40231699 -0.91386724 -0.98500365 0.12827295 -0.11538594
0.33147538 -0.53077710 -0.77999985 -0.65304947 0.46759710 -0.59571761
0.46589845 -0.42649549 -0.77526790 -0.62406981 0.46274671 -0.62960500
-0.32143149 -0.64429814 -0.69394654 -0.93840635 0.31485689 0.14233321
-0.32191253 -0.64939511 -0.68895453 -0.93385160 0.33758646 0.11813778
-0.11906949 -0.74942410 -0.65129566 -0.96027422 0.25365925 -0.11632048
0.77385521 0.60136276 -0.19877401 -0.63264471 0.74886328 -0.19739451
0.77887845 0.55614424 -0.28991711 -0.60649723 0.78561485 -0.12235371
0.76540297 0.44171056 -0.46802792 -0.59406680 0.76461190 -0.24990681
0.76686430 0.43525070 -0.47167349 -0.59080535 0.76583773 -0.25385374
0.73208582 0.23188318 -0.64053148 -0.43014729 0.88647074 -0.17071304
-0.30694556 -0.07785909 -0.94853699 -0.21435751 0.97669554 -0.01080459
0.23482695 0.08390354 -0.96840930 0.02648539 0.99534553 0.09265967
-0.17710674 -0.61506736 -0.76832640 -0.98352748 0.13928433 0.11521157
-0.08614115 -0.54580146 -0.83347493 -0.99170518 0.12708017 0.01927601
-0.06330802 -0.49042794 -0.86917925 -0.99537247 0.09411422 0.01939625
0.05494731 -0.41436782 -0.90844929 -0.98143393 0.14503019 -0.12551388
-0.42931849 -0.63274026 -0.64445746 -0.89994341 0.35981339 0.24624422
0.72868776 0.62546605 -0.27893806 -0.68410307 0.68375224 -0.25394061
0.76117349 0.54211122 -0.35599208 -0.64789873 0.66017854 -0.37998891
0.83350861 0.44528157 -0.32708997 -0.43568951 0.89377576 0.10648729
0.65224767 0.19182587 -0.73333204 -0.45299232 0.87433028 -0.17419668
0.01061977 -0.15627696 -0.98765624 -0.36592832 0.91859180 -0.14928354
0.37328964 0.05204396 -0.92625391 -0.20667636 0.97799879 -0.02834127
-0.35900784 -0.60811132 -0.70803535 -0.93333232 0.23557140 0.27091867
-0.08917612 -0.57316053 -0.81457633 -0.99507183 0.08686789 0.04781307
-0.07377225 -0.49107900 -0.86798567 -0.99510914 0.09358045 0.03163190
0.01792113 -0.41231003 -0.91086733 -0.99068594 0.11566788 -0.07184936
0.10483326 -0.30086935 -0.94788593 -0.97627968 0.15042891 -0.15572131
-0.42142534 -0.63453001 -0.64789850 -0.90265197 0.36227244 0.23233210
0.72863567 0.61210245 -0.30727956 -0.68479401 0.64313406 -0.34268904
0.76065505 0.55224073 -0.34122452 -0.63428032 0.74414939 -0.20959522
0.75825495 0.56924921 -0.31781235 -0.65101796 0.68727660 -0.32222140
0.82127458 0.44347259 -0.35894307 -0.43267196 0.89420956 0.11482298
0.80950928 0.42817250 -0.40170038 -0.29440433 0.88800317 0.35323721
0.66206193 0.14328727 -0.73562413 -0.12806323 0.98874629 0.07733428
0.00190363 -0.16181648 -0.98681903 -0.36434796 0.91887712 -0.15137835
0.12110564 -0.11395193 -0.98607731 -0.44928005 0.87952036 -0.15681671
-0.39883944 -0.61206818 -0.68286139 -0.91699308 0.26041484 0.30217174
-0.36476916 -0.59961414 -0.71232456 -0.92964745 0.19185351 0.31455976
-0.08486279 -0.54992706 -0.83089024 -0.99613786 0.06568350 0.05826750
-0.07977942 -0.49089652 -0.86755741 -0.99438870 0.09985054 0.03494350
0.01954019 -0.37057778 -0.92859590 -0.99620509 0.07157324 -0.04952583
0.65299535 -0.29928237 -0.69572067 -0.71584624 0.05606633 -0.69600338
-0.43137649 -0.62143809 -0.65401006 -0.90136451 0.26621130 0.34157524
-0.43105990 -0.67918652 -0.59404796 -0.90173662 0.30051291 0.31074616
0.72890109 0.61152673 -0.30779585 -0.68460894 0.64863032 -0.33254987
0.72202557 0.55647057 -0.41111994 -0.66477346 0.72264546 -0.18936701
0.75531685 0.53660542 -0.37623274 -0.63560385 0.73970175 -0.22101827
0.75121146 0.50706410 -0.42257237 -0.64607233 0.69596165 -0.31341335
0.79681295 0.44100383 -0.41304323 -0.46444339 0.88429117 0.04818221
0.76462477 0.46208307 -0.44925290 -0.29258457 0.86999559 0.39686519
0.85892135 0.40750152 -0.31015584 -0.25137833 0.86315513 0.43791804
0.75070775 0.33978984 -0.56655174 -0.18749858 0.93190861 0.31046847
0.49468029 0.11522566 -0.86140269 0.07198580 0.98233318 0.17274144
0.00789007 -0.15000436 -0.98865390 -0.33035579 0.93278182 -0.14416358
-0.39744404 -0.71875888 -0.57045937 -0.91705191 0.33311051 0.21921052
-0.40684286 -0.63846886 -0.65332723 -0.91128063 0.23385976 0.33893555
-0.22281837 -0.57502586 -0.78720850 -0.97297591 0.08099659 0.21623470
-0.40678927 -0.62748700 -0.66391456 -0.91050112 0.21943933 0.35047695
-0.07713772 -0.53705418 -0.84001344 -0.99691337 0.02919861 0.07287785
-0.06673306 -0.47996315 -0.87474692 -0.99634707 0.07887434 0.03273236
0.01326044 -0.37111917 -0.92849058 -0.99715853 0.06395688 -0.03980480
0.66560090 -0.25536832 -0.70125782 -0.70978183 0.07375491 -0.70054984
-0.47854435 -0.60151607 -0.63966686 -0.87798667 0.31816816 0.35764301
0.64272565 0.75578821 -0.12525108 -0.65546715 0.45788091 -0.60058963
0.72865665 0.58627433 -0.35403663 -0.68461525 0.63785732 -0.35276061
0.82539511 0.43106356 -0.36456430 -0.22856633 0.84561795 0.48237717
0.80278015 0.44694361 -0.39469680 -0.48561582 0.87416971 0.00218350
0.85410249 0.40860254 -0.32179654 -0.26471657 0.87409627 0.40728489
0.85323590 0.40913329 -0.32341683 -0.24811269 0.86390543 0.43830067
0.43244854 -0.04878636 -0.90033782 0.16697153 0.98559761 0.02679313
-0.31891730 -0.17069264 -0.93228525 0.02162434 0.98208243 -0.18720731
-0.41005573 -0.63873535 -0.65105420 -0.91057426 0.24596791 0.33219624
-0.08377067 -0.53948379 -0.83781844 -0.99606305 0.02086542 0.08615746
-0.23537117 -0.58223844 -0.77820230 -0.96569544 0.04973183 0.25487083
-0.41515547 -0.63480222 -0.65166873 -0.90223783 0.19542693 0.38441551
-0.06411479 -0.48255366 -0.87351662 -0.99767905 0.05110686 0.04499535
-0.05364996 -0.40769133 -0.91154236 -0.99756831 0.06255318 0.03073594
0.17939469 -0.31600621 -0.93164247 -0.98174483 0.00333542 -0.19017363
0.66514641 -0.25071645 -0.70336443 -0.70896953 0.08364213 -0.70026147
-0.47184914 -0.67004973 -0.57305479 -0.88009155 0.31895608 0.35171857
0.72930527 0.57455689 -0.37148109 -0.68393666 0.62694973 -0.37304798
0.76288974 0.46617660 -0.44797170 -0.27804542 0.86210561 0.42363274
0.81393671 0.44621941 -0.37201527 -0.29892582 0.87075633 0.39041880
0.34055519 -0.09140243 -0.93577117 0.18525341 0.98227668 -0.02852565
0.50422794 -0.08302289 -0.85957050 -0.08000338 0.98659635 -0.14222223
-0.51964068 -0.19259746 -0.83239406 -0.17690603 0.97740227 -0.11571159
-0.31622794 -0.15296483 -0.93627012 0.06392287 0.98123682 -0.18190147
-0.41403517 -0.65185910 -0.63533825 -0.90280360 0.20491108 0.37809670
-0.04419988 -0.53006822 -0.84680229 -0.99798834 -0.01513428 0.06156474
-0.42592934 -0.60424405 -0.67340428 -0.89185977 0.15518171 0.42485857
-0.04553485 -0.53157473 -0.84578663 -0.99518222 -0.04945160 0.08465812
-0.42743567 -0.61596793 -0.66172683 -0.88165212 0.12211090 0.45582733
-0.04593295 -0.43127358 -0.90105122 -0.99894083 0.02229134 0.04025369
0.19301930 -0.30977610 -0.93101144 -0.98042011 -0.02318822 -0.19554739
0.63207746 -0.21082732 -0.74567425 -0.76774722 -0.03988856 -0.63950998
-0.46538147 -0.71771383 -0.51798362 -0.87766868 0.29846618 0.37498763
0.73306602 0.50180268 -0.45913869 -0.67801780 0.48563242 -0.55177271
0.77287829 0.46475697 -0.43204188 -0.32227743 0.87400502 0.36366534
-0.13618843 -0.98863202 0.06371443 0.10115001 -0.07785376 -0.99182028
0.05372170 -0.10430594 -0.99309331 0.03250701 0.99418503 -0.10266212
0.33210838 -0.09649923 -0.93829203 0.00406541 0.99489021 -0.10088115
-0.53865522 -0.19250138 -0.82024014 -0.17341803 0.97803444 -0.11564964
-0.46153635 -0.11205038 -0.88001645 0.09163623 0.98066288 -0.17292529
-0.40807033 -0.68908274 -0.59886855 -0.89687663 0.18003225 0.40398118
-0.03213692 -0.52790922 -0.84869260 -0.99596596 -0.05426239 0.07146627
-0.04426689 -0.43071777 -0.90140039 -0.99901509 0.01632626 0.04125945
-0.42142478 -0.64927268 -0.63312417 -0.89276481 0.17440379 0.41539660
-0.42995587 -0.60684460 -0.66848910 -0.87687135 0.10433793 0.46926576
-0.04932694 -0.50277090 -0.86301124 -0.97503340 -0.16306667 0.15072872
-0.02762570 -0.39650643 -0.91761625 -0.99959767 0.01686625 0.02280584
0.31743693 -0.29521513 -0.90115583 -0.94769371 -0.06536858 -0.31241566
0.63244718 -0.21080804 -0.74536604 -0.76772934 -0.04268077 -0.63935131
-0.47657010 -0.68996596 -0.54481930 -0.86109549 0.24144395 0.44745883
0.72945803 0.51007485 -0.45575720 -0.67290622 0.65476018 -0.34421861
0.73040742 0.55346489 -0.40022698 -0.67990088 0.53331262 -0.50330156
0.78196990 0.46162918 -0.41883355 -0.30502230 0.86939126 0.38874191
-0.38822541 -0.08992087 -0.91716701 0.16061322 0.97339487 -0.16341914
0.31104100 -0.08379786 -0.94669503 -0.04473332 0.99371052 -0.10265683
-0.66397470 -0.08595940 -0.74279791 0.01652696 0.99144083 -0.12950648
-0.57832956 -0.07175572 -0.81264138 0.16270973 0.96596521 -0.20108917
-0.03139503 -0.47776252 -0.87792790 -0.99519765 -0.06653526 0.07179670
-0.03223155 -0.43669116 -0.89903396 -0.99946582 0.01895029 0.02662736
-0.52428448 -0.63377333 -0.56873292 -0.82351935 0.20743324 0.52800328
-0.52397668 -0.62938398 -0.57386792 -0.81796902 0.18401833 0.54503578
-0.43641740 -0.58889067 -0.68025553 -0.87118715 0.08760364 0.48307198
-0.02722166 -0.46004838 -0.88747650 -0.99647105 -0.05803033 0.06064650
-0.04771873 -0.49356171 -0.86840075 -0.98691028 -0.11078463 0.11719607
-0.02853211 -0.41847610 -0.90777951 -0.99919379 -0.01372020 0.03773018
0.30109483 -0.32808366 -0.89537871 -0.94809097 -0.20372367 -0.24417257
0.54411167 -0.24167320 -0.80345291 -0.83800387 -0.10959088 -0.53454602
0.64302486 -0.14031357 -0.75288188 -0.76059830 -0.00212410 -0.64921939
-0.60144085 -0.66260993 -0.44633740 -0.77416134 0.34536985 0.53046584
0.72292417 0.47260493 -0.50400919 -0.53649700 0.84362739 0.02153896
0.73414195 0.48387176 -0.47634420 -0.67892510 0.53325713 -0.50467569
0.83332533 0.42677185 -0.35133278 -0.14908561 0.78553450 0.60059059
-0.61124974 -0.05626094 -0.78943557 0.15170644 0.97064459 -0.18663955
-0.27044326 -0.93336290 0.23599610 -0.37100431 -0.12515834 -0.92015827
0.34527478 -0.07463756 -0.93552905 -0.04324129 0.99450880 -0.09530205
-0.16029194 -0.98121083 0.10738665 0.07559294 -0.12067668 -0.98980957
0.91122562 0.30234897 -0.27973735 -0.16431510 -0.35593519 -0.91995150
-0.02833799 -0.43996271 -0.89756882 -0.99935460 -0.00736052 0.03515948
-0.61249954 -0.63594848 -0.46948269 -0.74372303 0.26240629 0.61483246
-0.61662662 -0.63196254 -0.46946242 -0.73295569 0.24321865 0.63531160
-0.13599692 -0.51996696 -0.84329075 -0.97173595 -0.09577873 0.21576770
-0.67013544 -0.55854756 -0.48881811 -0.68620771 0.21520093 0.69484353
0.13226473 -0.36598852 -0.92117238 -0.98516107 -0.15108889 -0.08142371
0.09051287 -0.37527755 -0.92248267 -0.98891854 -0.14331895 -0.03872753
0.49947050 -0.25778008 -0.82709050 -0.86132216 -0.25027376 -0.44213945
0.54745233 -0.23159352 -0.80415207 -0.83679485 -0.14187013 -0.52881682
0.64005125 -0.16209584 -0.75103885 -0.76124382 -0.00131457 -0.64846450
-0.60457331 -0.68095762 -0.41326487 -0.74673438 0.30392215 0.59162420
0.58087850 0.42446056 -0.69455987 -0.28341109 0.90535110 0.31625551
0.72635645 0.47206384 -0.49956194 -0.52494156 0.85019141 0.04013519
0.73623711 0.53536564 -0.41393054 -0.67609704 0.60822606 -0.41587737
0.76051110 0.44831520 -0.46971956 -0.33355644 0.89038676 0.30976051
-0.66321170 -0.02223714 -0.74810147 0.26242408 0.92919075 -0.26026583
-0.26711288 -0.93503869 0.23313810 -0.38808009 -0.11706936 -0.91416007
0.64702785 0.06096063 -0.76002556 -0.03105273 0.99807853 0.05361861
-0.64749354 -0.63505650 -0.42125446 -0.68806159 0.24954465 0.68139470
-0.14850858 -0.51283544 -0.84554422 -0.95838022 -0.13618088 0.25092250
-0.65722758 -0.60940683 -0.44348079 -0.67659879 0.21780927 0.70340121
-0.68115979 -0.55422258 -0.47839177 -0.65859616 0.17842475 0.73103744
0.07516863 -0.38836470 -0.91843486 -0.98205489 -0.18859398 -0.00062767
0.57775956 -0.19450021 -0.79269391 -0.80879176 -0.26704359 -0.52396905
0.58060884 -0.21358582 -0.78566819 -0.81415468 -0.16031146 -0.55807930
0.64526784 -0.08958466 -0.75868577 -0.76394850 -0.08021265 -0.64027238
-0.62996590 -0.67257202 -0.38831669 -0.72419429 0.32813561 0.60652268
0.76004231 0.44391966 -0.47462726 -0.40553099 0.89466763 0.18738872
0.76745361 0.49516627 -0.40721673 -0.51677626 0.85371286 0.06416227
0.75806689 0.49228123 -0.42777783 -0.57412219 0.81488699 -0.07964285
0.76188225 0.53585172 -0.36386612 -0.60138649 0.79385823 -0.09013058
0.76940823 0.45443135 -0.44889104 -0.54892105 0.82976764 -0.10085279
0.68976772 0.43733361 -0.57702678 -0.45084816 0.88303542 0.13032416
-0.68268406 -0.00979378 -0.73064804 0.27001747 0.92575592 -0.26470098
-0.41459650 -0.24150077 -0.87737519 0.20169869 0.91577494 -0.34738156
0.33162999 0.04641903 -0.94226688 0.02132182 0.99816489 0.05667694
-0.63259256 -0.67588973 -0.37815303 -0.68743050 0.26510340 0.67613578
-0.64067900 -0.64309961 -0.41946805 -0.70073634 0.26643142 0.66180283
-0.67588532 -0.55785018 -0.48164535 -0.66434920 0.17820892 0.72586620
-0.16425329 -0.48293194 -0.86011487 -0.95402437 -0.14384899 0.26295429
-0.66020936 -0.60856605 -0.44019425 -0.66695362 0.20550315 0.71619928
0.04282461 -0.34491256 -0.93765742 -0.94146138 -0.32805067 0.07767344
0.66034615 -0.03992717 -0.74989921 -0.72011662 -0.31692207 -0.61724603
0.64466131 -0.13325590 -0.75276476 -0.76334041 -0.16567789 -0.62438959
0.71302742 0.44638538 -0.54067737 -0.52710682 0.84977466 0.00644639
0.77944565 0.50821936 -0.36630258 -0.54105979 0.84084481 0.01530689
0.68255341 0.41309571 -0.60288697 -0.63662893 0.74120456 -0.21288371
0.75417066 0.46975690 -0.45886281 -0.61735100 0.74537390 -0.25158596
0.68305188 0.42354342 -0.59502190 -0.54896033 0.83508337 -0.03575379
0.68439323 0.44323614 -0.57891941 -0.45622262 0.87969226 0.13417363
-0.77194518 -0.01887053 -0.63540900 0.28993621 0.87908602 -0.37834477
-0.08703338 -0.91960359 0.38308552 -0.92649555 -0.06659994 -0.37036535
-0.26487014 -0.87246394 0.41067088 -0.19869751 -0.36736083 -0.90860629
-0.60408223 -0.15556589 -0.78159064 0.27943498 0.87714398 -0.39055663
0.27078813 0.13622449 -0.95295161 0.15721133 0.97038794 0.18338977
-0.68477339 -0.63243377 -0.36209518 -0.65233797 0.31045222 0.69142938
-0.65338260 -0.63193405 -0.41683412 -0.65703821 0.19987938 0.72687626
-0.67513478 -0.55456287 -0.48647001 -0.67993313 0.21199241 0.70196176
-0.68874925 -0.51301050 -0.51229364 -0.65131235 0.12744239 0.74803126
0.67604029 -0.00377406 -0.73685503 -0.65016371 -0.47366530 -0.59407777
0.79483563 0.11212496 -0.59637612 -0.46473813 -0.51946855 -0.71705717
0.65601212 -0.00944007 -0.75469142 -0.71952081 -0.30975127 -0.62156576
0.71857262 0.44762218 -0.53224790 -0.52643728 0.85020310 0.00429574
-0.77131695 -0.02121502 -0.63609761 0.31442925 0.85625690 -0.40982723
-0.38975087 -0.81580478 0.42726675 -0.36660036 -0.28816772 -0.88462627
-0.65469229 -0.68953502 -0.30970860 -0.62296379 0.26012823 0.73773259
-0.67977226 -0.63940328 -0.35926741 -0.59930938 0.20189264 0.77464038
-0.68102318 -0.57440960 -0.45415974 -0.62201178 0.12650491 0.77272111
-0.68454689 -0.52870822 -0.50185984 -0.63788503 0.10122207 0.76345062
0.70237571 0.28764227 -0.65109938 -0.45327422 -0.52453333 -0.72069919
0.60217327 0.31124389 -0.73519701 -0.66410023 -0.31584466 -0.67765260
0.75737315 0.55365336 -0.34619915 -0.64116687 0.73094672 -0.23371351
-0.69096023 -0.64678371 -0.32286972 -0.57745099 0.22514096 0.78476876
-0.70111644 -0.60895842 -0.37095201 -0.56224233 0.15217596 0.81285059
-0.69656533 -0.63621449 -0.33170447 -0.57633275 0.22077239 0.78682923
-0.68145424 -0.57088852 -0.45793718 -0.61681283 0.11123006 0.77921110
0.78672951 0.15592699 -0.59728014 -0.45658726 -0.50417531 -0.73303163
0.66424918 0.37280807 -0.64790988 -0.48008993 -0.45159701 -0.75204647
0.75595117 0.56452972 -0.33142725 -0.65435070 0.66636789 -0.35746205
0.65165818 0.72690350 0.21668650 0.51860994 -0.21851568 -0.82661647
0.74532920 0.60832310 0.27281407 0.44675285 -0.15197526 -0.88165498
0.71994382 0.64492416 0.25642508 0.47323582 -0.18590815 -0.86109591
0.81473345 0.56145191 0.14484923 0.31656834 -0.22141665 -0.92236608
0.75610000 0.22625580 -0.61410189 -0.47543311 -0.45494726 -0.75298500
0.75842452 0.53049266 -0.37864199 -0.65008420 0.57407832 -0.49781993
0.73104334 0.41035706 -0.54514468 -0.60065752 0.76605749 -0.22883750
0.68747205 0.68720847 0.23479079 0.47152495 -0.17651033 -0.86400706
0.76108027 0.60280800 0.23953985 0.42080545 -0.17780605 -0.88955486
0.72268432 0.64224738 0.25543240 0.46783647 -0.18249720 -0.86476809
0.80509031 0.56320870 0.18607964 0.35248655 -0.20196940 -0.91376233
0.76471621 0.62947345 0.13774025 0.21446319 -0.04706223 -0.97559762
0.69666773 0.44901970 -0.55949575 -0.43548146 -0.35507396 -0.82721114
0.75674623 0.44390661 -0.47987702 -0.65227270 0.56137741 -0.50930917
0.75787264 0.46869561 -0.45382109 -0.61036658 0.75504071 -0.23951259
0.73095840 0.41005936 -0.54548246 -0.60032207 0.76649880 -0.22823921
0.68380713 0.69451028 0.22374825 0.44455549 -0.15338534 -0.88252103
0.72458994 0.65687758 0.20852166 0.33081567 -0.06608202 -0.94137889
0.76992148 0.61923248 0.15418185 0.26302925 -0.08781278 -0.96078330
0.69606906 0.58167583 -0.42088142 -0.43752864 -0.12113062 -0.89100850
0.75931895 0.64280921 0.10114862 0.13503829 -0.00360241 -0.99083382
0.75872511 0.50386721 -0.41286084 -0.64384013 0.67640203 -0.35770124
0.77835113 0.44011429 -0.44773769 -0.41763854 0.89543891 0.15416621
0.75410753 0.44632977 -0.48177946 -0.62479252 0.71360600 -0.31686091
0.68325448 0.70081198 0.20500244 0.42248079 -0.15044086 -0.89379954
0.67639500 0.70881730 0.20016964 0.28920534 -0.00564970 -0.95725042
0.83067906 0.33924350 -0.44145924 -0.43419617 -0.10158037 -0.89507270
0.75349730 0.63791025 0.15909861 0.20112236 0.00673880 -0.97954297
0.73268795 0.67325014 0.09951221 0.07844459 0.06170065 -0.99500728
0.76204383 0.53004265 -0.37194633 -0.63837451 0.71119678 -0.29440990
0.75661772 0.50704974 -0.41283184 -0.62695009 0.74185294 -0.23788188
0.75370598 0.42073494 -0.50488567 -0.49212921 0.87047279 -0.00927426
0.75492018 0.42925885 -0.49581492 -0.52739573 0.84673697 -0.06992999
0.75604141 0.42688680 -0.49615434 -0.61567110 0.72111052 -0.31772423
0.62457979 0.69546062 -0.35529515 -0.49165314 -0.00332013 -0.87078482
0.71122247 0.67473584 -0.19721605 -0.24671933 -0.02310951 -0.96881139
-0.80423158 -0.53986907 -0.24850149 -0.46906039 0.31981957 0.82322401
0.71934772 0.67972612 0.14321752 0.26976165 -0.08336026 -0.95931214
0.68300015 0.72396290 0.09689438 0.05605712 0.08031011 -0.99519241
0.72179490 0.68963146 0.05848600 0.00081291 0.08365948 -0.99649411
0.75032651 0.65511149 0.08853798 -0.63660616 0.75214875 -0.17030840
0.67951262 0.35007927 -0.64475358 -0.46205837 0.88683277 -0.00544813
0.75978780 0.40666398 -0.50729376 -0.31517416 0.91281080 0.25969532
0.64348119 0.68258035 -0.34643331 -0.49707949 0.02845238 -0.86723846
0.60180831 0.64295828 -0.47374198 -0.70673013 0.15246163 -0.69086039
0.68514341 0.70449615 -0.18510450 -0.29147980 0.03227774 -0.95603228
0.71763259 0.68236321 0.13922651 0.26664075 -0.08453156 -0.96008188
0.70962590 0.69855005 0.09197242 0.09669500 0.03274583 -0.99477530
0.69570881 0.70988345 0.10979402 0.17524025 -0.01949949 -0.98433262
0.70595139 0.70578748 0.05913317 -0.02062917 0.10394544 -0.99436909
0.65801823 0.28966263 -0.69505942 -0.38268092 0.92360365 0.02262026
0.79505926 0.40332460 -0.45300120 -0.42357591 0.90378678 0.06126152
0.60855001 0.72324491 -0.32647172 -0.37681487 -0.09868737 -0.92101651
0.59366113 0.73965824 -0.31697372 -0.48083788 0.01020467 -0.87675023
0.50505036 0.77410090 -0.38169613 -0.55454159 -0.04784137 -0.83077967
0.67450970 0.72714990 -0.12763129 -0.21319473 0.02633597 -0.97665471
0.67159408 0.71231049 -0.20389980 -0.35413867 0.06688097 -0.93279833
0.71322292 0.68756527 0.13626102 0.39428854 -0.23281971 -0.88900596
0.65756124 0.74835765 0.08702935 0.09879945 0.02886374 -0.99468869
0.70347339 0.71046150 0.01922983 -0.05130025 0.07774466 -0.99565262
0.64544004 0.27919912 -0.71095365 -0.29331058 0.95003235 0.10680559
0.68244565 0.35046780 -0.64143616 -0.32920054 0.93088472 0.15836903
0.57453650 0.75069112 -0.32614514 -0.50149947 0.00795881 -0.86512136
0.53638923 0.73847973 -0.40857592 -0.67571366 0.08571815 -0.73216355
0.65061009 0.74889439 -0.12595116 -0.25166532 0.05614132 -0.96618468
0.62828106 0.75502026 -0.18763645 -0.34206697 0.05147083 -0.93826485
0.68211728 0.72046834 0.12506577 0.21149045 -0.03065316 -0.97689933
0.69835436 0.70818090 0.10383120 0.33014697 -0.19000275 -0.92460912
0.66395879 0.74369937 0.07790997 0.09635269 0.01823351 -0.99518025
0.67913067 0.73390454 0.01287175 -0.07349791 0.08543948 -0.99362880
0.60549021 0.77490658 -0.18138757 -0.36635998 0.06906203 -0.92790669
0.53051472 0.74684566 -0.40096867 -0.66510713 0.07348200 -0.74312383
0.62119442 0.78179789 -0.05394124 -0.22596520 0.11278569 -0.96758419
0.64291191 0.76257575 0.07171120 0.17256795 -0.05299532 -0.98357099
0.60191369 0.79607475 0.06296731 0.17667548 -0.05585719 -0.98268294
0.67469859 0.73638833 0.05014134 0.09601961 -0.02021342 -0.99517423
0.65108025 0.75532895 0.07464977 0.11897238 -0.00442418 -0.99288774
0.63782054 0.76977766 0.02504767 -0.05733055 0.07988398 -0.99515414
0.65083885 0.75911140 0.01260022 -0.11858362 0.11803462 -0.98590356
0.57799059 0.80302876 -0.14516078 -0.33815709 0.07379931 -0.93819159
0.55451298 0.80162072 -0.22342712 -0.37572259 0.00160457 -0.92673081
0.59726071 0.66920519 -0.44209060 -0.64041972 0.06607831 -0.76517731
0.68872404 0.72282732 -0.05639055 -0.12281259 0.03965678 -0.99163723
0.62796938 0.77548170 0.06544194 0.18461962 -0.06675463 -0.98054039
0.63129807 0.77406979 0.04773594 0.02587535 0.04049472 -0.99884468
0.63472289 0.77155066 0.04285471 -0.04138215 0.08931724 -0.99514318
0.60580814 0.79337209 0.05964316 0.11013068 -0.00937811 -0.99387288
0.57357150 0.80219370 -0.16583458 -0.34864855 0.05587459 -0.93558657
0.60642731 0.79253834 -0.06425624 -0.27050281 0.12963787 -0.95395088
0.52195489 0.82764888 -0.20630203 -0.32591134 -0.02999917 -0.94492424
0.47471502 0.82116592 -0.31675252 -0.53094929 -0.01984254 -0.84717125
0.49466243 0.77137202 -0.40036771 -0.78269535 0.19516782 -0.59101403
0.60920548 0.79214162 -0.03715371 -0.20806991 0.11445736 -0.97139406
0.60549396 0.79326504 0.06409153 0.10561977 -0.00027619 -0.99440658
0.60894930 0.79119033 0.05655707 0.25946122 -0.13130309 -0.95678598
0.59227109 0.80417973 0.05009986 0.02514661 0.04369985 -0.99872822
0.63947713 0.76758343 0.04341286 -0.03968467 0.08934838 -0.99520952
0.53441757 0.83192825 -0.14930925 -0.36472571 0.06762469 -0.92865610
0.60540742 0.79496402 -0.03891165 -0.24426506 0.13904637 -0.95968783
0.46863949 0.86255938 -0.19070506 -0.36229321 -0.00922340 -0.93201858
0.54009670 0.78573954 -0.30151099 -0.62329626 0.13272035 -0.77064079
0.49481761 0.80897772 -0.31734946 -0.61774790 0.07061336 -0.78319949
0.46410078 0.80376565 -0.37225175 -0.68940473 0.06389154 -0.72155327
0.58924747 0.80762672 -0.02294541 -0.19591978 0.11527668 -0.97382075
0.58644533 0.80777717 0.05981591 0.11992437 -0.01355622 -0.99269050
0.59041613 0.80616105 0.03889966 0.01430737 0.03773523 -0.99918538
0.59640056 0.80167955 0.04020314 -0.09210906 0.11810645 -0.98871976
0.46785110 0.87526900 -0.12255439 -0.34684965 0.05429237 -0.93634808
0.57637787 0.81674725 -0.02669429 -0.23073761 0.13132058 -0.96411365
0.48670805 0.85101855 -0.19718710 -0.33525014 -0.02647814 -0.94175702
0.46883264 0.87089336 -0.14744759 -0.33841056 0.02290872 -0.94071966
0.42975795 0.87717128 -0.21419276 -0.35854942 -0.05193077 -0.93206519
0.44144076 0.86740720 -0.22964081 -0.49133486 0.01952375 -0.87075192
0.59673244 0.80220187 0.01956255 -0.09908144 0.09785199 -0.99025649
0.57273525 0.81863755 0.04250699 0.09876678 -0.01743696 -0.99495780
0.57624686 0.81664407 0.03212515 -0.00260883 0.04114542 -0.99914980
0.51792425 0.85373515 -0.05376663 -0.33615470 0.14532772 -0.93052673
0.54199535 0.83993286 -0.02745666 -0.26622537 0.14061870 -0.95359868
0.48840570 0.85501766 -0.17436960 -0.31934762 -0.01082690 -0.94757581
0.49662590 0.85420161 -0.15395603 -0.30285761 0.00431141 -0.95302606
0.44091326 0.88022780 -0.17548363 -0.32863691 -0.02361258 -0.94416118
0.43884981 0.86930269 -0.22742854 -0.51620555 0.03673218 -0.85567671
0.56148434 0.82724530 0.02001467 -0.12380202 0.10789525 -0.98642373
0.57200444 0.81960273 0.03259376 0.08183689 -0.01748607 -0.99649239
0.58639812 0.80973601 0.02156290 0.01386694 0.01658110 -0.99976635
0.54682708 0.83536482 -0.05608691 -0.32060555 0.14704184 -0.93573010
0.53735554 0.84291077 -0.02739700 -0.24518627 0.12505877 -0.96137613
0.49194872 0.85726815 -0.15191388 -0.30701861 0.00754134 -0.95167369
0.45420989 0.88052750 -0.13551691 -0.30682755 0.01180401 -0.95169199
0.44701907 0.88632226 -0.12085899 -0.34350511 0.04533434 -0.93805599
0.44093570 0.88860774 -0.12630153 -0.42431477 0.08237819 -0.90175986
0.44150883 0.84272015 -0.30804658 -0.82423300 0.24525976 -0.51037991
0.54958689 0.83530891 -0.01460628 -0.15490672 0.08470862 -0.98429078
0.55974054 0.82829642 -0.02481096 -0.00638942 -0.02562596 -0.99965119
0.55794489 0.82961768 -0.02078639 -0.04051273 0.00221137 -0.99917662
0.54703140 0.83630943 -0.03664903 -0.24472289 0.11789911 -0.96239835
0.49706945 0.86688316 -0.03788992 -0.35307178 0.16217659 -0.92143315
0.55924898 0.82863235 -0.02467745 -0.11363501 0.04713824 -0.99240369
0.44912669 0.88273567 -0.13806884 -0.31552026 0.01212496 -0.94884145
0.44473371 0.88774073 -0.11886270 -0.29714903 0.02104889 -0.95459908
0.44431472 0.88841277 -0.11535665 -0.37417379 0.06703395 -0.92493272
-0.44700786 -0.88975441 0.09230949 0.44733372 -0.13298146 0.88442552
0.44211856 0.81591398 -0.37257963 -0.89695662 0.40207279 -0.18386500
-0.43343014 -0.87265706 0.22496217 0.69648349 -0.16596092 0.69811726
0.54481095 0.83805341 -0.02911318 -0.13827048 0.05553715 -0.98883617
0.53776449 0.83733696 -0.09836735 -0.03804518 -0.09245402 -0.99498987
0.55024236 0.83449090 -0.02929787 -0.07653497 0.01546375 -0.99694699
0.51863813 0.85458446 -0.02645547 -0.23461004 0.11249141 -0.96555883
0.50311863 0.86335707 -0.03855126 -0.35290810 0.16452737 -0.92107910
0.49069750 0.86965734 -0.05396438 -0.31205961 0.11757674 -0.94275904
0.50714874 0.86053842 -0.04768378 -0.28441322 0.11487532 -0.95179456
0.49338645 0.86883181 -0.04124486 -0.33043769 0.14336158 -0.93287647
0.47811848 0.87787813 -0.02707013 -0.37135783 0.17412968 -0.91201556
0.45236599 0.88667500 -0.09577254 -0.40229374 0.10703416 -0.90923238
-0.43552575 -0.87335014 0.21812117 0.69358176 -0.17111123 0.69976097
0.54022485 0.84015608 -0.04790624 -0.15060799 0.04051886 -0.98776287
0.56654936 0.81766123 -0.10223538 -0.08004210 -0.06887451 -0.99440920
0.58148974 0.80854654 -0.09012298 -0.16323631 0.00743137 -0.98655903
0.54034287 0.83909667 -0.06282139 -0.10737468 -0.00528922 -0.99420458
0.57849663 0.81397611 -0.05276965 -0.16830343 0.05581183 -0.98415399
0.50241697 0.86348993 -0.04429837 -0.31019226 0.13218641 -0.94143909
0.52405238 0.85050547 -0.04482757 -0.36311859 0.17551105 -0.91506326
0.51068717 0.85852271 -0.04623158 -0.30461460 0.13039014 -0.94350857
0.50384998 0.86273092 -0.04278618 -0.28308508 0.11812353 -0.95179290
0.51893854 0.85480946 -0.00188101 -0.36697155 0.22079295 -0.90364951
-0.45010048 -0.89035559 0.06838541 0.43948752 -0.15420626 0.88491309
-0.42807668 -0.87743199 0.21647975 0.77100837 -0.22960562 0.59399271
-0.41981700 -0.89968920 0.11963736 0.55681783 -0.15121581 0.81675446
0.56853807 0.82052857 -0.05913926 -0.20217369 0.06967729 -0.97686791
0.54908466 0.83436543 -0.04837790 -0.19204211 0.06962126 -0.97891408
0.58790570 0.80343544 -0.09411948 -0.16755983 0.00712316 -0.98583621
0.52329481 0.85131621 -0.03772634 -0.26199466 0.11860212 -0.95775384
0.53784084 0.84177214 -0.04633439 -0.36079282 0.18015492 -0.91508073
0.52477705 0.85003752 -0.04522401 -0.36433184 0.17627294 -0.91443437
0.55671078 0.82876885 -0.05670426 -0.34158850 0.16616464 -0.92504412
0.55776858 0.82828075 -0.05334130 -0.33822781 0.16813493 -0.92592257
0.52487129 0.85116827 -0.00476496 -0.35470024 0.21362948 -0.91024739
0.54855478 0.83608365 -0.00720097 -0.35136184 0.22269648 -0.90936857
-0.48265666 -0.87569189 0.01436187 0.40394920 -0.20803554 0.89081216
0.38698015 0.87597126 -0.28795969 -0.90375358 0.29835024 -0.30694735
0.56721514 0.82144010 -0.05918763 -0.22977683 0.08883104 -0.96918094
0.53259218 0.84532744 -0.04203804 -0.28180259 0.13027497 -0.95058703
0.59849089 0.79560924 -0.09388673 -0.15935278 0.00337440 -0.98721594
0.54125082 0.83957362 -0.04651500 -0.35801634 0.18004368 -0.91619247
0.53733903 0.84195274 -0.04881038 -0.34768063 0.16841978 -0.92236274
0.54637706 0.83603436 -0.05018756 -0.31228843 0.14775698 -0.93842620
0.60445595 0.79526412 -0.04677572 -0.37720346 0.23399517 -0.89608252
-0.60705721 -0.79465199 0.00312287 0.45979589 -0.34804049 0.81697953
-0.49640271 -0.86684752 -0.04647383 0.42356634 -0.28859165 0.85866553
0.39074185 0.86297977 -0.32029164 -0.90132791 0.28804874 -0.32347479
0.58026141 0.81185871 -0.06466996 -0.19838238 0.06388278 -0.97804064
0.59861946 0.79795325 -0.07018114 -0.21653876 0.07684773 -0.97324479
0.60827935 0.78772950 -0.09735739 -0.17275330 0.01167324 -0.98489600
0.61064303 0.78759259 -0.08254081 -0.24070717 0.08530074 -0.96684217
0.57498258 0.81589705 -0.06088543 -0.36203259 0.18698525 -0.91321898
0.57633924 0.81494814 -0.06076773 -0.34738529 0.17700870 -0.92086452
0.58062315 0.81187630 -0.06110276 -0.35750163 0.18680468 -0.91503918
0.61075759 0.78945494 -0.06112384 -0.36187369 0.20963225 -0.90835118
0.57509148 0.81772387 -0.02444248 -0.41206384 0.26372823 -0.87215304
0.63336533 0.77215469 -0.05124051 -0.28004619 0.16697580 -0.94535351
-0.57541966 -0.81673110 -0.04292601 0.56166708 -0.43277833 0.70514750
0.58592188 0.81036544 0.00187256 -0.38143671 0.27782905 -0.88165587
0.38982952 0.86790210 -0.30786180 -0.90703118 0.30409718 -0.29123765
0.57740086 0.81422025 -0.06044624 -0.25253701 0.10769999 -0.96157461
0.67682368 0.72583592 -0.12276808 -0.22633052 0.04648404 -0.97294080
0.60898751 0.78937173 -0.07763103 -0.24900614 0.09733882 -0.96359801
0.56167090 0.82547772 -0.05578936 -0.32161444 0.15571019 -0.93397993
0.61122513 0.78828418 -0.07079454 -0.36580360 0.20204876 -0.90849549
0.65818042 0.74779773 -0.08716138 -0.40406662 0.25318965 -0.87899107
0.62648392 0.77763563 -0.05292267 -0.38246793 0.24754360 -0.89019120
0.39334306 0.86458588 -0.31268603 -0.90209162 0.29726845 -0.31282946
0.56069422 0.82617491 -0.05528921 -0.33283871 0.16373757 -0.92865950
0.76931167 0.62340552 -0.13973226 -0.23671174 0.07498978 -0.96868163
0.65723526 0.74648237 -0.10395196 -0.24501708 0.08118674 -0.96611357
0.61726236 0.78318650 -0.07487331 -0.25434047 0.10858405 -0.96099967
0.59759045 0.79858065 -0.07179551 -0.31293494 0.14985526 -0.93787801
0.59585452 0.80022037 -0.06785861 -0.33311710 0.16938756 -0.92754567
0.62005341 0.78138340 -0.07052542 -0.29354087 0.14768928 -0.94446903
0.64888948 0.75702399 -0.07653210 -0.43531331 0.28686178 -0.85335374
0.39529106 0.85750198 -0.32929543 -0.77571011 0.11963183 -0.61964667
0.58049840 0.81170642 -0.06445413 -0.26586568 0.11412643 -0.95723075
0.78110504 0.60880584 -0.13867389 -0.25996810 0.11516356 -0.95872521
0.86377460 0.46823829 -0.18613505 -0.31385249 0.21097353 -0.92573583
0.71221495 0.69124424 -0.12219374 -0.13198073 -0.03910614 -0.99048060
0.60427648 0.79364687 -0.07053051 -0.33478835 0.17258117 -0.92635447
0.67345232 0.73288327 -0.09666538 -0.39553609 0.24677475 -0.88467705
0.62695605 0.77642649 -0.06393858 -0.45787880 0.30084124 -0.83656532
0.70894212 0.65433162 -0.26315641 -0.53128535 0.25008953 -0.80943877
0.72898889 0.67374641 -0.12100045 -0.22125317 0.06463699 -0.97307205
