-0.49122939 -0.78165728 -0.38432491 -0.84134710 0.31159818 0.44163528
-0.53044468 -0.78774929 -0.31317651 -0.78983861 0.32509482 0.52006584
-0.55953205 -0.77454048 -0.29497617 -0.77218789 0.35788426 0.52501893
-0.59845507 -0.76385391 -0.24161693 -0.77033454 0.46579179 0.43545696
-0.43065226 -0.80072170 -0.41639334 -0.90142971 0.35896814 0.24200492
-0.10956302 -0.77291489 -0.62497878 -0.99354488 0.06655878 0.09186153
-0.10543246 -0.77789456 -0.61948699 -0.99437684 0.07624577 0.07349375
-0.09704957 -0.79026473 -0.60503155 -0.99446797 0.05245126 0.09100734
-0.01191444 -0.74587035 -0.66598457 -0.93116593 -0.23444378 0.27922416
-0.27547371 -0.73530316 -0.61922824 -0.92851633 0.03671175 0.36947215
-0.49650040 -0.77035749 -0.40004581 -0.72148305 0.10998634 0.68364114
-0.51306975 -0.74836051 -0.42037600 -0.81725758 0.27619845 0.50577128
-0.58820611 -0.77638125 -0.22637522 -0.63226038 0.26694822 0.72731394
-0.59160483 -0.77314144 -0.22859605 -0.67754310 0.32309914 0.66071343
-0.57279074 -0.78930467 -0.22115353 -0.71903938 0.35427940 0.59788668
-0.59838492 -0.78035498 -0.18160844 -0.66092378 0.35263711 0.66244006
-0.60383433 -0.77534509 -0.18499771 -0.67875963 0.37845567 0.62933034
-0.61482966 -0.76389563 -0.19608185 -0.66655755 0.37043566 0.64689910
-0.61593491 -0.76323396 -0.19518724 -0.66565210 0.37169608 0.64710844
-0.62649661 -0.75009429 -0.21180317 -0.71028417 0.43754616 0.55140710
-0.61054736 -0.77228200 -0.17553473 -0.69557315 0.41690934 0.58511931
-0.61296105 -0.77139848 -0.17094792 -0.73031592 0.47058380 0.49516624
-0.62001652 -0.76390135 -0.17898107 -0.71284306 0.45316654 0.53525215
-0.61252308 -0.77460289 -0.15749897 -0.72777915 0.47489226 0.49478778
-0.62317783 -0.76032269 -0.18319103 -0.71581715 0.46015209 0.52522933
-0.62558246 -0.75618684 -0.19190657 -0.70880550 0.44813216 0.54476821
-0.62329197 -0.75696522 -0.19624178 -0.69381571 0.41955167 0.58531713
-0.63702703 -0.73830956 -0.22157517 -0.68776804 0.41458255 0.59589976
-0.64316499 -0.72986740 -0.23158665 -0.68959230 0.42061710 0.58952844
-0.64112079 -0.73002148 -0.23671246 -0.71422356 0.45471448 0.53208971
-0.63616854 -0.73767865 -0.22609688 -0.70800996 0.44169471 0.55102432
-0.64667886 -0.71623784 -0.26231644 -0.72244161 0.46480262 0.51189518
-0.64646590 -0.71294361 -0.27164927 -0.72454584 0.46216470 0.51130939
-0.64104337 -0.70688927 -0.29895002 -0.74269462 0.47309458 0.47390527
-0.62942207 -0.70112598 -0.33503774 -0.75687796 0.45552456 0.46865046
-0.62387967 -0.69783992 -0.35184318 -0.77851474 0.51548988 0.35802916
-0.60223180 -0.71852779 -0.34790051 -0.78518730 0.45439580 0.42072016
-0.60684741 -0.59444958 -0.52760410 -0.79141921 0.51324987 0.33200932
-0.55313343 -0.71043694 -0.43511242 -0.82754308 0.40836942 0.38523620
-0.55326861 -0.68963933 -0.46721679 -0.82841235 0.39672196 0.39540440
-0.56939399 -0.60504645 -0.55651534 -0.81862998 0.35550734 0.45106483
-0.54632628 -0.70317447 -0.45505315 -0.83700544 0.43836299 0.32750541
-0.54239124 -0.69203377 -0.47634137 -0.83995163 0.45824045 0.29068336
-0.53181314 -0.66503644 -0.52431035 -0.84374684 0.46914724 0.26075315
-0.50595760 -0.71428949 -0.48352608 -0.85996622 0.46115416 0.21862085
-0.51020503 -0.52783066 -0.67903286 -0.84070492 0.47260296 0.26431352
-0.50490057 -0.60839421 -0.61231685 -0.85536635 0.44786608 0.26031595
-0.50828046 -0.60441738 -0.61345798 -0.84140760 0.50034511 0.20417655
-0.50274396 -0.61739194 -0.60504192 -0.83965212 0.51516956 0.17200211
-0.50400782 -0.63441330 -0.58608520 -0.83742046 0.52505863 0.15179071
-0.50843072 -0.64592743 -0.56945240 -0.85942262 0.42193145 0.28873301
-0.51255178 -0.63799840 -0.57467270 -0.85804474 0.35530946 0.37082934
-0.53194636 -0.67289507 -0.51404792 -0.83448511 0.51964116 0.18332410
-0.55914968 -0.63958985 -0.52751929 -0.81928855 0.52370763 0.23344514
-0.56587648 -0.70083994 -0.43428934 -0.82053876 0.53021234 0.21352053
-0.56115764 -0.70290267 -0.43706965 -0.82666516 0.50245351 0.25330877
-0.59714496 -0.70402300 -0.38440818 -0.80168962 0.50787801 0.31520435
-0.61282188 -0.72755325 -0.30840817 -0.78503597 0.60515618 0.13230491
-0.62193924 -0.72848785 -0.28722307 -0.77794963 0.53295285 0.33279979
-0.63385254 -0.73139077 -0.25159210 -0.76388770 0.54096645 0.35189614
-0.63386488 -0.74146068 -0.22011673 -0.76368803 0.55492985 0.32989898
-0.63324881 -0.74188524 -0.22045937 -0.74695861 0.51127779 0.42502695
-0.63863617 -0.72876227 -0.24708179 -0.74701935 0.51008326 0.42635337
-0.64145303 -0.72328806 -0.25571942 -0.73184413 0.47695136 0.48674595
-0.63021529 -0.74581760 -0.21583523 -0.74104702 0.49484244 0.45385051
-0.62699932 -0.75312090 -0.19920057 -0.73117548 0.48069480 0.48406097
-0.62851828 -0.75261843 -0.19629151 -0.73075533 0.48495895 0.48042840
-0.63477165 -0.73330778 -0.24356662 -0.74276018 0.49217522 0.45395035
-0.63393885 -0.72909588 -0.25795513 -0.75490969 0.51089513 0.41121480
-0.62145966 -0.72119600 -0.30604613 -0.77402967 0.50482029 0.38214469
-0.60991466 -0.72879022 -0.31123769 -0.78404349 0.49783197 0.37072796
-0.59730089 -0.70402747 -0.38415760 -0.80187446 0.51519191 0.30261311
-0.58160609 -0.70285058 -0.40955511 -0.81213862 0.47289413 0.34176323
-0.58919322 -0.69904470 -0.40520105 -0.80617785 0.47501495 0.35275784
-0.55741972 -0.70555717 -0.43757561 -0.82686406 0.42437416 0.36905622
-0.55980062 -0.67611921 -0.47904712 -0.82856262 0.46396175 0.31340638
-0.54385555 -0.67626911 -0.49687156 -0.83590674 0.38433194 0.39185318
-0.56639493 -0.66644371 -0.48481917 -0.80748826 0.33113202 0.48817444
-0.65888965 -0.67053115 -0.34095812 -0.72208256 0.43672401 0.53653425
-0.65473139 -0.67780954 -0.33451611 -0.72734094 0.44454476 0.52283370
-0.68411314 -0.65681803 -0.31714231 -0.67639238 0.40860945 0.61280644
-0.66698486 -0.68923569 -0.28299370 -0.68876129 0.42551857 0.58697689
-0.65645689 -0.71005780 -0.25472000 -0.67790228 0.40714487 0.61211240
-0.55350608 -0.70750344 -0.43939734 -0.82983947 0.42372510 0.36307517
-0.60095865 -0.72136086 -0.34421983 -0.78857112 0.46484450 0.40258580
-0.63207978 -0.69153225 -0.34965467 -0.74946690 0.43089715 0.50262016
-0.64085859 -0.70796633 -0.29678956 -0.74371016 0.47677118 0.46859837
-0.65899646 -0.69297689 -0.29241532 -0.71336889 0.45263353 0.53500265
-0.63569176 -0.73189998 -0.24539457 -0.73952568 0.48625019 0.46547028
-0.62970096 -0.75077993 -0.19951507 -0.72168088 0.47031981 0.50791347
-0.64958501 -0.72120345 -0.24063466 -0.68069434 0.41069680 0.60661638
-0.65930128 -0.71604198 -0.22935934 -0.62240702 0.34861973 0.70076656
-0.64023662 -0.73914325 -0.20919938 -0.63833743 0.36041230 0.68016791
-0.63333344 -0.74500060 -0.20943463 -0.65048218 0.36587122 0.66559088
-0.63154417 -0.74600077 -0.21126983 -0.65095812 0.36214060 0.66716403
-0.62885350 -0.75199473 -0.19760355 -0.61734921 0.32841077 0.71486104
-0.60816771 -0.77407557 -0.17589523 -0.61626840 0.32074377 0.71926123
-0.61410260 -0.76512116 -0.19356579 -0.61521751 0.31045866 0.72465372
-0.60682005 -0.77235556 -0.18771371 -0.60365450 0.29418713 0.74098265
-0.59931529 -0.78004634 -0.17985803 -0.61701059 0.30697739 0.72461218
-0.59189999 -0.78546304 -0.18083760 -0.60975611 0.28963488 0.73777312
-0.59762406 -0.78172505 -0.17818949 -0.56864941 0.25658196 0.78153920
0.59584558 0.78603333 0.16468073 0.52236766 -0.22357379 -0.82288933
-0.59594786 -0.77348709 -0.21578690 -0.56837553 0.21646667 0.79378301
-0.58297163 -0.78547281 -0.20778990 -0.59348887 0.23700976 0.76915371
-0.61296964 -0.74564797 -0.26129934 -0.62731075 0.25822169 0.73471272
-0.60254669 -0.75697553 -0.25283524 -0.61211187 0.23505093 0.75502998
0.63327920 0.74300933 0.21655157 0.49315420 -0.17176870 -0.85281563
0.63001060 0.74660170 0.21371135 0.48942158 -0.16805167 -0.85570163
0.67358470 0.69426239 0.25354195 0.48836082 -0.16057166 -0.85774153
0.65085745 0.72026932 0.23999307 0.51571494 -0.18746139 -0.83600020
0.58074671 0.79090804 0.19286706 0.43973488 -0.10538773 -0.89192301
-0.12481186 -0.60581625 -0.78575361 -0.89606571 -0.27121302 0.35143957
-0.10874978 -0.62485063 -0.77313334 -0.88864040 -0.28746411 0.35732722
-0.10011076 -0.65253979 -0.75111234 -0.95736969 -0.14240989 0.25132209
0.78435767 0.61898488 0.04050656 0.25826353 -0.26649597 -0.92859030
0.79494727 0.60524672 0.04165736 0.24735315 -0.26065022 -0.93320841
0.84573126 0.52880245 0.07145964 0.24433395 -0.26470926 -0.93286121
0.66429961 0.74707770 0.02410344 0.26145157 -0.20203049 -0.94383621
0.77524447 0.63109678 0.02670121 0.21497758 -0.22386037 -0.95061624
0.63962144 0.74318689 0.19636114 0.47839162 -0.18490870 -0.85845810
0.60959202 0.77325654 0.17456195 0.42775670 -0.13547084 -0.89368445
0.59573412 0.78762513 0.15731338 0.43789923 -0.15431452 -0.88568133
0.59020483 0.78634799 0.18252452 0.48548681 -0.16511460 -0.85851020
0.59931684 0.78362739 0.16354638 0.49876779 -0.20573519 -0.84196424
0.63750529 0.74685115 0.18921004 0.52330756 -0.23950779 -0.81779295
0.65510607 0.72995245 0.19494990 0.45529658 -0.17549230 -0.87287319
-0.60577840 -0.77397609 -0.18437347 -0.57628924 0.26705900 0.77237964
-0.62655222 -0.75530213 -0.19222638 -0.59878528 0.30862308 0.73905885
-0.63203967 -0.74424076 -0.21594340 -0.68512511 0.40644169 0.60449052
-0.62884808 -0.75248820 -0.19573361 -0.71770197 0.46493316 0.51840240
-0.62441462 -0.76041263 -0.17854720 -0.73736644 0.49844345 0.45590013
-0.62206692 -0.75765431 -0.19746591 -0.69554073 0.41893870 0.58370668
-0.63215238 -0.74555582 -0.21102116 -0.65151149 0.36402273 0.66559768
-0.61234421 -0.76770282 -0.18885717 -0.63995892 0.34106103 0.68857110
-0.59998965 -0.77875203 -0.18318787 -0.69843376 0.39822811 0.59464675
-0.60293829 -0.77714962 -0.18028858 -0.63713920 0.33306661 0.69506854
-0.59531188 -0.77287060 -0.21971551 -0.62378478 0.27218986 0.73266995
-0.36476851 -0.92251211 -0.12615585 -0.67815727 0.17038529 0.71489269
-0.27015734 -0.73289704 -0.62440133 -0.80635661 -0.18214865 0.56268197
-0.01734058 -0.74385601 -0.66811490 -0.94562024 -0.20487471 0.25264350
-0.19265594 -0.85462636 -0.48218003 -0.98090518 0.18106242 0.07100354
-0.62702656 -0.74727446 -0.22004238 -0.75078017 0.50436711 0.42654753
-0.62422746 -0.74882340 -0.22271863 -0.75263619 0.49997696 0.42844111
-0.62139082 -0.75007874 -0.22639629 -0.74708420 0.48016411 0.45968217
-0.57153219 -0.78921676 -0.22469504 -0.74360496 0.38233471 0.54851788
-0.53417993 -0.78114730 -0.32320392 -0.75762314 0.27274758 0.59297216
-0.43677309 -0.77196968 -0.46183556 -0.88019019 0.26074606 0.39658123
-0.50422668 -0.75332320 -0.42220813 -0.83479917 0.30004868 0.46160722
