0.44079924 -0.30428660 0.84445590 0.15818834 0.95239681 0.26060846
0.48104572 -0.30303976 0.82265544 0.14107037 0.95288765 0.26852256
0.46915504 -0.29098856 0.83379811 0.13545747 0.95669365 0.25765991
0.52513927 -0.29441836 0.79846513 0.23636526 0.95179349 0.19550107
0.53224653 -0.31252161 0.78679341 0.49469766 0.86900145 0.01052450
0.58539510 -0.35357180 0.72958863 0.58384800 0.80822444 -0.07677805
-0.62158376 0.38473558 -0.68235785 -0.74301386 -0.56547713 0.35800293
-0.60770607 0.34830305 -0.71370745 -0.66858667 -0.70938033 0.22309537
-0.70324862 0.51060480 -0.49469593 -0.67188895 -0.70478463 0.22769247
-0.62070853 0.38337401 -0.68391913 -0.74053192 -0.57321113 0.35077271
-0.61398757 0.35778511 -0.70356888 -0.75746286 -0.51774496 0.39773136
-0.67285746 0.39625296 -0.62469715 -0.58707821 -0.79982108 0.12500222
-0.78897053 0.48570776 -0.37631583 -0.58914465 -0.77190900 0.23888336
0.66881174 -0.37362579 0.64272445 0.46884844 0.88291413 0.02537349
0.76929742 -0.45036691 0.45315698 0.54146951 0.83607084 -0.08829699
-0.81222719 0.47706783 -0.33569813 -0.56364173 -0.79011256 0.24089450
-0.85744977 0.43352023 -0.27720064 -0.49646747 -0.83860880 0.22417729
-0.90436196 0.33884177 -0.25945279 -0.39126894 -0.90106750 0.18704548
-0.91680026 0.32839659 -0.22722894 -0.37198001 -0.90926325 0.18673851
0.93406945 -0.33575273 0.12159131 0.34192947 0.93912911 -0.03347907
0.90816164 -0.30553675 0.28616399 0.28602991 0.95203024 0.10874460
0.91670281 -0.28776336 0.27721512 0.30233106 0.95314687 -0.01034196
0.94463688 -0.28216907 0.16745694 0.24955660 0.94920313 0.19166350
0.72216892 -0.30725670 0.61973017 0.23490459 0.95162332 0.19807301
0.50277090 -0.27588165 0.81921351 0.26735914 0.95086378 0.15613209
0.50772160 -0.27613723 0.81606811 0.26263213 0.95176309 0.15865496
0.65387154 -0.30530354 0.69227296 0.21617095 0.95221657 0.21576320
0.67029774 -0.30870706 0.67483395 0.19909564 0.95083785 0.23720947
0.43472761 -0.26328820 0.86121505 0.30266863 0.94339615 0.13563010
0.43011883 -0.26282996 0.86366564 0.31061968 0.94135529 0.13177902
0.42966694 -0.26351482 0.86368185 0.31275901 0.94069684 0.13142033
0.15677895 -0.20083581 0.96699816 0.63006496 0.77432323 0.05866703
0.18614304 -0.14128350 0.97231156 0.71011269 0.70327842 -0.03375553
0.37037921 -0.24834932 0.89506531 0.51562113 0.85647273 0.02427653
0.15720029 -0.10918012 0.98151302 0.76558000 0.64129364 -0.05128090
-0.01248117 -0.16629162 0.98599762 0.71548337 0.68735945 0.12498225
-0.16635287 -0.07814147 0.98296529 0.66725439 0.72503841 0.17056072
-0.02407033 -0.13941745 0.98994112 0.41977486 0.89729369 0.13657631
-0.11573099 -0.09374240 0.98884720 0.44986838 0.88262922 0.13632388
-0.35147616 0.07533349 0.93316096 0.39937598 0.91357541 0.07667309
-0.14550877 0.05571549 0.98778695 0.11908277 0.99214077 -0.03841924
-0.06020408 0.04979511 0.99694330 0.12753524 0.99095309 -0.04179424
-0.42872956 0.17484100 0.88635302 0.75543147 0.60746729 0.24557447
-0.38762641 0.11784731 0.91425264 0.73191905 0.64228076 0.22753021
-0.38195050 0.13124822 0.91481572 0.74397498 0.63091630 0.22010437
-0.38928163 0.14656954 0.90938288 0.73364460 0.64630818 0.20988441
-0.21970612 0.05822571 0.97382700 0.81831855 0.55444694 0.15147094
-0.24715021 0.11308123 0.96235621 0.90319186 0.38658890 0.18652980
-0.15213779 -0.01778413 0.98819929 0.83904332 0.52610314 0.13864255
-0.12488493 -0.00679079 0.99214798 0.84397721 0.52501458 0.10982767
-0.05501857 -0.07713359 0.99550158 0.79063720 0.60554254 0.09061503
0.10898616 -0.21153164 0.97127569 0.67125624 0.73633069 0.08504237
0.08669265 -0.19335705 0.97729087 0.58996356 0.80043751 0.10603263
-0.01826920 -0.12216898 0.99234116 0.50869924 0.85330755 0.11441754
-0.16897532 -0.02039111 0.98540938 0.81628513 0.55742586 0.15150921
-0.32009652 0.05445600 0.94581854 0.73162574 0.64846742 0.21027067
0.05343112 -0.21377006 0.97542173 0.65683031 0.74328089 0.12691540
0.45674735 -0.27476406 0.84610087 0.32709476 0.93635112 0.12749776
0.29426640 -0.22702146 0.92836881 0.18502960 0.96653247 0.17770480
0.29230341 -0.22364771 0.92980665 0.21341184 0.96300626 0.16454294
0.30047980 -0.22614056 0.92659181 0.22894220 0.96018469 0.16009660
0.50986397 -0.29728302 0.80725557 0.40997276 0.90894336 0.07579146
0.31662312 -0.22065027 0.92253089 0.18930404 0.96770215 0.16648300
0.23167042 -0.16914555 0.95797634 0.16319075 0.97756976 0.13314012
0.02990428 -0.11641298 0.99275064 0.07030661 0.99097985 0.11408751
-0.33962399 0.01709658 0.94040591 0.01418573 0.99981421 -0.01305350
-0.28023756 0.02180505 0.95968300 0.00793896 0.99976045 -0.02039740
-0.17029898 0.03994472 0.98458254 0.07376087 0.99689162 -0.02768600
-0.34017932 0.01907422 0.94016713 0.01454003 0.99978149 -0.01502269
-0.19260398 -0.05242902 0.97987497 0.00673633 0.99847746 0.05474844
-0.16811702 -0.10076025 0.98060393 -0.08314583 0.99266690 0.08774506
-0.35328904 -0.11753005 0.92810214 -0.24145414 0.96991974 0.03091429
-0.35898191 -0.13064426 0.92415583 -0.28513676 0.95816875 0.02469316
-0.21745768 0.39136648 -0.89417249 0.38131440 -0.80923349 -0.44692340
-0.00079054 0.52595663 -0.85051107 0.66294509 -0.63647485 -0.39421269
-0.30928019 0.35582373 -0.88189304 0.50430280 -0.72485560 -0.46932188
-0.34341916 0.34092170 -0.87512046 0.41437176 -0.78119332 -0.46694019
0.36859158 -0.36198488 0.85621679 -0.03772142 0.91448498 0.40285769
-0.38402975 0.31846058 -0.86666262 0.37379432 -0.80465627 -0.46130919
-0.43983111 0.23579223 -0.86657411 0.61062062 -0.62904787 -0.48108345
-0.44934708 0.23481226 -0.86194575 0.51059061 -0.72421759 -0.46347183
-0.14151092 0.45916328 -0.87700844 0.72434026 -0.55583906 -0.40788993
-0.43641955 0.24221809 -0.86652666 0.41736227 -0.79869968 -0.43345997
-0.47429821 0.17481725 -0.86283261 0.56376946 -0.69244826 -0.45019940
-0.44135135 0.16128170 -0.88272148 0.81913745 -0.32921875 -0.46971145
-0.47580063 0.11152596 -0.87245387 0.87249839 -0.06553458 -0.48420227
-0.40071720 0.36381501 -0.84087121 0.87126178 -0.13259505 -0.47256899
-0.24436988 0.25852942 -0.93458331 0.69194931 -0.62872064 -0.35484725
-0.20673124 0.30047548 -0.93111587 0.59673262 -0.71545279 -0.36336973
0.06022462 0.20280442 -0.97736555 0.88748246 -0.45905238 -0.04056779
0.03744435 0.18959975 -0.98114723 0.78200847 -0.61682963 -0.08935352
0.15380207 0.33480784 -0.92964977 0.65714639 -0.73727250 -0.15680547
0.09223130 0.28944927 -0.95273954 0.63683653 -0.75269026 -0.16702296
0.25654644 0.42448878 -0.86832792 0.75906378 -0.64464265 -0.09087403
-0.36864313 -0.51017851 0.77705872 -0.72865033 0.67765796 0.09923908
0.24820477 0.47351801 -0.84508884 0.79666615 -0.59608728 -0.10001519
-0.19937822 -0.52385241 0.82814676 -0.93579364 0.35254085 -0.00229128
-0.18226157 -0.49334222 0.85052586 -0.94742197 0.31949687 -0.01770356
-0.25368264 -0.80155796 0.54143327 -0.95944446 0.27964935 -0.03553390
-0.20812076 -0.58928317 0.78066069 -0.96331441 0.26175886 -0.05922630
-0.19198820 -0.53009796 0.82591563 -0.96275693 0.26497638 -0.05372765
-0.17611332 -0.44474342 0.87817276 -0.97012460 0.22963999 -0.07825448
-0.19650388 -0.54882205 0.81251496 -0.96375579 0.26061606 -0.05704499
-0.12130794 -0.36677402 0.92236716 -0.97650194 0.21084607 -0.04458590
-0.12529054 -0.40647078 0.90503252 -0.97896600 0.19870441 -0.04628301
0.41125065 -0.32579926 0.85130942 -0.89621776 0.02590172 0.44285768
0.48621958 -0.25083369 0.83706218 -0.86465406 0.00040290 0.50236756
0.14649919 0.32380474 -0.93471313 0.69178474 -0.70895529 -0.13717277
0.06005305 0.18054858 -0.98173106 0.89494753 -0.44534412 -0.02715806
0.51157022 -0.23722547 0.82584506 -0.84911227 0.00757162 0.52815813
0.60345155 -0.07850333 0.79352593 -0.30750743 0.89525765 0.32241741
0.30812222 -0.22134294 0.92523944 0.15815586 0.97094178 0.17960732
0.30246070 -0.22243415 0.92684442 0.16936482 0.96945751 0.17739145
0.41699278 -0.29953611 0.85813475 0.17996292 0.95265394 0.24507925
0.38946325 -0.29914603 0.87110853 0.21299098 0.94940150 0.23080660
0.41606709 -0.30072537 0.85816813 0.19342780 0.95140374 0.23961772
0.32963428 -0.29890811 0.89554185 0.03432224 0.95172501 0.30502713
0.40079504 -0.28837425 0.86959970 0.17776546 0.95561016 0.23496540
0.39793208 -0.26238960 0.87909144 0.22362956 0.95706522 0.18443431
0.41862136 -0.26441503 0.86881578 0.21766059 0.95800483 0.18668345
0.46865761 -0.26951480 0.84126210 0.22451265 0.95739174 0.18164574
0.55576235 -0.27832067 0.78336829 0.30854353 0.94404769 0.11651123
0.75603992 -0.30256379 0.58039552 0.27239609 0.95175016 0.14132226
0.08865292 -0.14105579 0.98602438 0.17206000 0.97720963 0.12432498
0.31722841 -0.22392343 0.92153376 0.16950545 0.96946436 0.17721961
0.73491853 -0.30526781 0.60556287 0.19725955 0.95057255 0.23979266
0.43552530 -0.26168492 0.86130059 0.29895917 0.94455272 0.13580735
0.48747623 -0.26727375 0.83122301 0.25756302 0.95365238 0.15559050
0.90527189 -0.31237721 0.28792930 0.22472766 0.92727071 0.29944372
0.87176418 -0.33148012 0.36076045 0.18912545 0.90697116 0.37634411
0.81082809 -0.29672644 0.50449109 0.32906246 0.94394124 0.02632207
0.75054812 -0.28090319 0.59813958 0.31497478 0.94778860 0.04987654
0.57694095 -0.27668697 0.76849437 0.09568246 0.95729280 0.27282861
0.55927372 -0.27179009 0.78316224 0.10257362 0.96015495 0.25996384
0.25026700 -0.24914022 0.93557233 0.08417099 0.96826392 0.23533005
0.53068918 -0.25075960 0.80962253 0.11726544 0.96776807 0.22287625
0.62035644 -0.22826348 0.75036907 0.02877039 0.96269172 0.26906690
0.39994138 -0.26380214 0.87775582 -0.03288779 0.95293617 0.30138195
0.45150152 -0.31595033 0.83445901 0.16372997 0.94866574 0.27060276
