0.64971644 -0.74570489 -0.14762399 -0.50020498 -0.27315015 -0.82169586
0.63514006 -0.76003057 -0.13766164 -0.49835846 -0.26707175 -0.82481003
-0.52367431 -0.27951032 -0.80476034 -0.63145322 0.76146299 0.14642750
0.63450599 -0.76044583 -0.13829102 -0.49812299 -0.26551405 -0.82545495
0.63037157 -0.76540893 -0.12954083 -0.45507652 -0.22916208 -0.86045927
0.63265550 -0.76328623 -0.13092405 -0.42531750 -0.20117183 -0.88240296
-0.51708615 -0.26635236 -0.81343615 -0.67320502 0.71346515 0.19432607
0.63100755 -0.76501137 -0.12879105 -0.43037078 -0.20707421 -0.87857914
0.62796527 -0.76721740 -0.13052632 -0.42529193 -0.19784755 -0.88316655
0.67727059 -0.71618330 -0.16848145 -0.42400983 -0.19280060 -0.88489753
-0.51475126 -0.26495814 -0.81537002 -0.67454511 0.71217167 0.19442369
0.66981673 -0.72793007 -0.14650407 -0.37902683 -0.16552727 -0.91046107
0.62942827 -0.76631725 -0.12875560 -0.42271829 -0.19864115 -0.88422334
0.69694656 -0.69465011 -0.17812029 -0.38061187 -0.14780043 -0.91284704
0.59561259 -0.79412156 -0.12089945 -0.35075569 -0.12171504 -0.92852354
-0.56745058 -0.32817447 -0.75518298 -0.67761523 0.70717210 0.20185481
-0.54164386 -0.30728889 -0.78242922 -0.74714249 0.60254049 0.28057632
0.63095230 -0.76934743 -0.10001951 -0.30037022 -0.12337712 -0.94580966
-0.46924767 -0.22272947 -0.85451639 -0.76154107 0.59195691 0.26389802
-0.56161004 -0.32169449 -0.76230365 -0.68190604 0.70176375 0.20623249
-0.57487738 -0.34759638 -0.74073809 -0.70435417 0.67093539 0.23179935
0.63180757 -0.76890570 -0.09799559 -0.28044820 -0.10889977 -0.95367175
0.62227732 -0.77665377 -0.09787714 -0.29195806 -0.11425490 -0.94958222
0.75910550 -0.63208199 -0.15566380 -0.35688210 -0.20410538 -0.91157895
-0.57169563 -0.33519262 -0.74887252 -0.67836338 0.70651746 0.20163378
-0.56484997 -0.32741660 -0.75745821 -0.67199665 0.71524525 0.19195005
-0.56815207 -0.33817714 -0.75022632 -0.79552251 0.45900115 0.39555269
0.63334775 -0.76774234 -0.09717216 -0.26678401 -0.09874354 -0.95868450
0.63419777 -0.76638603 -0.10220438 -0.28562275 -0.10938965 -0.95207858
0.80936027 -0.55596483 -0.18931231 -0.32463288 -0.15487024 -0.93307489
-0.64129084 -0.42921683 -0.63601804 -0.69023538 0.68475461 0.23385094
-0.55613285 -0.31800497 -0.76784706 -0.75850165 0.57183516 0.31253779
-0.58585954 -0.38722456 -0.71191704 -0.76265925 0.56052935 0.32273495
0.63824540 -0.76298994 -0.10241713 -0.27766663 -0.10407569 -0.95502329
0.84011543 -0.53344500 -0.09819699 -0.09527629 0.03309277 -0.99490070
-0.60289055 -0.35797259 -0.71300679 -0.65347821 0.73426366 0.18391058
-0.59612560 -0.35683918 -0.71923578 -0.76406252 0.52733964 0.37164703
-0.01358105 -0.63891733 -0.76915556 -0.99386024 -0.07584810 0.08055371
-0.55188406 -0.27150536 -0.78848517 -0.77209771 0.52362853 0.36010879
0.63192034 -0.77108228 -0.07815950 -0.19524667 -0.06078789 -0.97886854
0.85735667 -0.50250399 -0.11148701 -0.14923720 -0.03538601 -0.98816806
0.78076077 -0.61757326 -0.09495264 -0.15435353 -0.04337777 -0.98706299
-0.00374861 -0.63593864 -0.77173048 -0.99356824 -0.08497196 0.07484667
0.63906890 -0.76573193 -0.07242665 -0.16269930 -0.04254873 -0.98575789
0.59931213 -0.79772580 -0.06677286 -0.18077436 -0.05360884 -0.98206252
0.82732075 -0.55219352 -0.10306669 -0.12683858 -0.00489533 -0.99191129
0.85741252 -0.50312960 -0.10818703 -0.12827571 -0.00535351 -0.99172413
0.03439738 -0.20087710 -0.97901243 -0.99883682 -0.04003130 -0.02688015
0.16605143 -0.54694366 -0.82053614 -0.94240367 -0.33301347 0.03126262
0.20208666 -0.40220362 -0.89296883 -0.92869860 -0.36817476 -0.04434243
0.16339359 -0.53695399 -0.82763696 -0.94090402 -0.33706871 0.03292833
0.22681019 -0.37002882 -0.90090835 -0.92777389 -0.36350191 -0.08427313
0.20419550 -0.40019161 -0.89339298 -0.92793375 -0.36984333 -0.04642047
0.24182625 -0.46900472 -0.84944373 -0.93211871 -0.35550392 -0.06907783
0.11698390 -0.68062997 -0.72322726 -0.95139754 -0.28569680 0.11497857
0.24049111 -0.38175109 -0.89242935 -0.92923647 -0.35624671 -0.09801957
0.22811332 -0.37086287 -0.90023613 -0.92605978 -0.36813664 -0.08299861
0.02880219 -0.55356205 -0.83230978 -0.99614114 -0.08495557 0.02203161
0.24572422 -0.42298847 -0.87218142 -0.92975581 -0.35734737 -0.08863950
0.24721871 -0.48246267 -0.84030509 -0.96196967 -0.22618619 -0.15314737
0.14777410 -0.67965621 -0.71849167 -0.95973116 -0.27403152 0.06182925
0.09874250 -0.70110065 -0.70619249 -0.95267212 -0.27164248 0.13647768
0.26098731 -0.32918444 -0.90748179 -0.92767143 -0.34557322 -0.14143881
0.25719434 -0.30668080 -0.91640496 -0.92531770 -0.35158676 -0.14203501
0.01478041 -0.41338697 -0.91043550 -0.99183619 0.10927885 -0.06572042
0.26260567 -0.45501792 -0.85088009 -0.93802267 -0.32708219 -0.11458937
0.18319474 -0.58122057 -0.79285699 -0.96067375 -0.27703699 -0.01888208
0.19487697 -0.76414692 -0.61490041 -0.96269190 -0.26901850 0.02921305
0.09132060 -0.69428873 -0.71387941 -0.95190209 -0.27141029 0.14219324
0.22622673 -0.23629582 -0.94497919 -0.92886162 -0.34446573 -0.13623320
0.25490400 -0.30058181 -0.91906178 -0.92337984 -0.35780802 -0.13907948
0.26756993 -0.33529034 -0.90331984 -0.92308509 -0.35799581 -0.14054522
0.28047118 -0.35602286 -0.89139426 -0.93021423 -0.32984567 -0.16094525
-0.23276576 0.21138474 0.94928223 0.92076647 0.36211005 0.14513950
0.24684538 -0.42899209 -0.86892647 -0.93711311 -0.33399576 -0.10132100
0.23047966 -0.45998505 -0.85749221 -0.94760776 -0.30639499 -0.09034160
0.20865360 -0.64317513 -0.73674250 -0.96229494 -0.26943663 -0.03731479
0.23205794 -0.23343119 -0.94427705 -0.93240708 -0.32990170 -0.14758709
0.26436490 -0.27726009 -0.92370892 -0.93087858 -0.32376614 -0.16923536
0.27597904 -0.32530251 -0.90444118 -0.93769711 -0.29778376 -0.17902212
-0.26070613 0.15403631 0.95305049 0.91650635 0.34972608 0.19418521
0.25639305 -0.45001382 -0.85542399 -0.94627964 -0.29725999 -0.12724504
0.30182931 -0.67120963 -0.67703527 -0.94379300 -0.31073308 -0.11269332
0.24972224 -0.56409365 -0.78704333 -0.95780754 -0.26332515 -0.11517253
0.23656319 -0.71678942 -0.65593505 -0.96656525 -0.24235894 -0.08374835
0.24564429 -0.23069823 -0.94150800 -0.92814529 -0.33617759 -0.15978412
0.27482527 -0.28967810 -0.91681933 -0.93897551 -0.28601992 -0.19109602
0.28058138 -0.33668825 -0.89884102 -0.94329810 -0.26978502 -0.19340292
0.25218570 -0.23769030 -0.93803293 -0.93940878 -0.29273170 -0.17837968
-0.28441340 0.11781770 0.95143473 0.92619908 0.28998899 0.24095988
0.26690423 -0.41496381 -0.86980873 -0.94754732 -0.27766496 -0.15829170
0.24701357 -0.54957086 -0.79809541 -0.95946169 -0.25406080 -0.12201001
0.25378588 -0.22598627 -0.94049078 -0.92610580 -0.33737484 -0.16883790
0.26029745 -0.22123311 -0.93984103 -0.93841410 -0.28702828 -0.19233738
0.27424601 -0.28412426 -0.91872877 -0.93794781 -0.28987136 -0.19033797
0.26409581 -0.31050673 -0.91314781 -0.94220179 -0.28544325 -0.17543659
-0.27184108 0.05961364 0.96049398 0.92992103 0.27315840 0.24623452
-0.28426865 0.11499844 0.95182282 0.91425133 0.33144253 0.23300302
0.26528993 -0.43789923 -0.85899097 -0.95446593 -0.24534947 -0.16970125
0.26218349 -0.33344367 -0.90558004 -0.94504213 -0.27866441 -0.17100149
0.25169253 -0.40913850 -0.87707281 -0.95529801 -0.25026384 -0.15739718
0.26327661 -0.66943705 -0.69465059 -0.96379364 -0.21407093 -0.15898256
0.25395986 -0.19387551 -0.94758469 -0.93682134 -0.29297438 -0.19113269
-0.28506482 0.17149125 0.94304234 0.91773421 0.33273947 0.21690626
0.25961727 -0.19817474 -0.94515908 -0.93656963 -0.29028869 -0.19639209
0.26961014 -0.25631064 -0.92823231 -0.93991452 -0.27970582 -0.19576874
0.26551324 -0.31404641 -0.91152489 -0.95174760 -0.23628362 -0.19582301
-0.27962482 0.03310369 0.95953852 0.91893762 0.29875493 0.25748616
-0.27235436 0.05665003 0.96052796 0.91020638 0.33886996 0.23809999
-0.26903379 0.11568289 0.95615810 0.91753083 0.33263794 0.21792030
0.25298688 -0.34012577 -0.90571088 -0.95482570 -0.23863608 -0.17708968
0.27171668 -0.36958349 -0.88858211 -0.95158380 -0.24107452 -0.19071290
0.25698179 -0.42719632 -0.86687005 -0.96076369 -0.20980754 -0.18142247
0.24607834 -0.39947915 -0.88309789 -0.95958012 -0.22878882 -0.16389522
0.25128591 -0.59059834 -0.76684356 -0.96402216 -0.22367835 -0.14362916
0.25578105 -0.18994047 -0.94789171 -0.93591410 -0.29426187 -0.19358417
0.26177585 -0.20014784 -0.94414741 -0.94082975 -0.27105257 -0.20339611
0.26803026 -0.24050477 -0.93290800 -0.94342691 -0.26172748 -0.20357874
0.26365602 -0.29887301 -0.91714799 -0.95272040 -0.22954544 -0.19907966
-0.29558772 0.03510650 0.95467037 0.90295184 0.33657619 0.26719740
-0.30924991 0.11055449 0.94453281 0.91334808 0.31117043 0.26261821
0.24668626 -0.40540856 -0.88022143 -0.96283197 -0.20563133 -0.17512952
0.22713220 -0.42497164 -0.87624776 -0.96882731 -0.18999365 -0.15898469
0.22998174 -0.64125639 -0.73205101 -0.97073418 -0.20461486 -0.12572969
-0.31503633 0.13645221 0.93921936 0.91550165 0.30459452 0.26282856
0.25840932 -0.17367828 -0.95029497 -0.94613999 -0.24411698 -0.21266410
0.26922527 -0.24486580 -0.93142825 -0.94620496 -0.24749142 -0.20843267
0.27619651 -0.29258770 -0.91548234 -0.94901139 -0.23363362 -0.21164291
0.24645890 -0.32024291 -0.91471446 -0.96264660 -0.19007637 -0.19282767
-0.31559438 0.02802223 0.94848037 0.89611691 0.33751380 0.28819951
-0.30466959 0.06751166 0.95006245 0.91998559 0.27909878 0.27519161
0.21709995 -0.44060794 -0.87105238 -0.97321570 -0.16682884 -0.15817530
0.20595813 -0.48514560 -0.84983230 -0.97659045 -0.15698653 -0.14705889
0.18317945 -0.28848290 -0.93979937 -0.97220296 -0.19496936 -0.12964708
-0.31177479 0.10704846 0.94410652 0.92412567 0.26515111 0.27511209
-0.30006462 0.13242485 0.94468248 0.93242639 0.24975109 0.26116174
0.26221171 -0.18821746 -0.94647729 -0.94791895 -0.23401096 -0.21607547
0.26553863 -0.21074457 -0.94078481 -0.94824100 -0.23335615 -0.21536925
0.26391652 -0.21504793 -0.94026726 -0.95221263 -0.21347812 -0.21844494
0.24601315 -0.32765070 -0.91220754 -0.96173722 -0.19959438 -0.18767962
-0.31625071 0.02118533 0.94843906 0.90401000 0.30988276 0.29451430
-0.34609282 -0.04737507 0.93700337 0.88156950 0.32530990 0.34206539
-0.33542246 0.07206625 0.93930733 0.91005927 0.28248602 0.30330494
0.21663383 -0.42464358 -0.87906069 -0.97363496 -0.15987666 -0.16270970
0.20712297 -0.54935777 -0.80950981 -0.97816795 -0.13063441 -0.16162373
-0.31627321 0.11921237 0.94114810 0.92591923 0.25474548 0.27888775
0.26410857 -0.13913706 -0.95440429 -0.94783604 -0.22055268 -0.23013790
0.26320297 -0.18109986 -0.94759011 -0.94997072 -0.21986526 -0.22184440
0.26947659 -0.21719974 -0.93819332 -0.95105088 -0.21306422 -0.22384346
0.26553866 -0.21644811 -0.93948895 -0.95318657 -0.20515051 -0.22214574
0.24774104 -0.28991985 -0.92443001 -0.96252394 -0.18231216 -0.20077321
0.22537988 -0.37028271 -0.90116292 -0.97138143 -0.15659016 -0.17859940
-0.37821031 0.03248614 0.92514950 0.90668678 0.21461198 0.36312652
-0.33536434 0.02263199 0.94181669 0.91018999 0.26572567 0.31771719
0.20208780 -0.39819357 -0.89476395 -0.97865021 -0.11706442 -0.16893727
0.18515286 -0.45699981 -0.86998254 -0.98250562 -0.10412755 -0.15440248
-0.31664979 0.11343686 0.94173509 0.93033630 0.23072785 0.28502473
0.26008776 -0.14800158 -0.95417500 -0.95040226 -0.21378788 -0.22589892
0.25553912 -0.15111059 -0.95491642 -0.95827073 -0.17048864 -0.22945781
0.26676294 -0.24466117 -0.93219012 -0.95788151 -0.17399505 -0.22844853
0.24820383 -0.22255635 -0.94279557 -0.96074307 -0.18110269 -0.21017763
0.24755067 -0.29283583 -0.92356157 -0.96603608 -0.14751941 -0.21216118
0.22422045 -0.35184094 -0.90880859 -0.97282028 -0.13616054 -0.18729949
0.92133820 -0.26287007 0.28641811 0.24684171 -0.17361966 -0.95337582
-0.34104109 0.03915103 0.93923277 0.91810775 0.22847655 0.32384661
0.21452717 -0.42397162 -0.87990123 -0.97608894 -0.12538952 -0.17756085
0.18571943 -0.40692970 -0.89438051 -0.98198539 -0.10912711 -0.15425952
0.18408686 -0.44129130 -0.87827903 -0.98287714 -0.08995043 -0.16081502
-0.30712739 0.07645781 0.94859213 0.93321264 0.21954773 0.28445211
0.25882876 -0.13246980 -0.95679647 -0.95723832 -0.16771066 -0.23572855
0.25634706 -0.22160479 -0.94083875 -0.95862579 -0.18294141 -0.21810347
0.25123933 -0.25243396 -0.93442810 -0.96382904 -0.15396471 -0.21755110
0.23945616 -0.30722755 -0.92101681 -0.96903741 -0.13447011 -0.20708531
0.21228847 -0.34625569 -0.91380560 -0.97529733 -0.13350798 -0.17598541
0.92232651 -0.26688218 0.27944180 0.22538038 -0.21586651 -0.95005548
-0.32550630 0.05125275 0.94414979 0.92543566 0.22208247 0.30699876
0.21330342 -0.39492700 -0.89360750 -0.97639495 -0.11798397 -0.18092209
0.18257795 -0.43079099 -0.88378978 -0.98220181 -0.03959632 -0.18360773
-0.30903018 0.07886422 0.94777679 0.93811488 0.18909289 0.29014552
0.27056035 -0.15190783 -0.95064253 -0.95239449 -0.18635632 -0.24128020
0.25731331 -0.21839376 -0.94132572 -0.96168518 -0.15325005 -0.22732361
0.24036361 -0.29147995 -0.92588592 -0.96953672 -0.11843297 -0.21441142
0.92237663 -0.26603368 0.28008482 0.22625503 -0.21561702 -0.94990420
0.92132413 -0.26904410 0.28067276 0.22627428 -0.21600302 -0.94981194
-0.33138108 0.04090170 0.94261003 0.92769963 0.19618082 0.31762657
0.20622377 -0.34912038 -0.91410434 -0.97848183 -0.06716158 -0.19509672
-0.31715876 0.05665543 0.94667870 0.93521142 0.18440685 0.30228087
0.27059847 -0.11780707 -0.95545697 -0.95238858 -0.17757879 -0.24783416
0.26631084 -0.14018422 -0.95363879 -0.95794988 -0.14813712 -0.24573871
0.26235071 -0.17560288 -0.94886023 -0.96238816 -0.11953242 -0.24396950
0.23279269 -0.27830049 -0.93185645 -0.97250849 -0.07243583 -0.22131513
0.25242952 -0.23005579 -0.93986899 -0.96715319 -0.09000440 -0.23772669
0.13745815 -0.19756190 -0.97060531 -0.98843479 0.03600149 -0.14731112
0.20470086 -0.31526914 -0.92666227 -0.97874695 -0.05399936 -0.19783475
0.19848825 -0.35389236 -0.91398174 -0.98002028 -0.05952828 -0.18978049
-0.32131597 0.05148280 0.94557154 0.93636775 0.16628669 0.30913475
0.26946244 -0.10713145 -0.95703340 -0.95454097 -0.16122894 -0.25071251
0.27029261 -0.12315196 -0.95486945 -0.95705849 -0.14231560 -0.25255752
0.26261538 -0.17508413 -0.94888288 -0.96303678 -0.10865398 -0.24648425
0.21874094 -0.33211535 -0.91752487 -0.97559077 -0.05577259 -0.21239613
0.24447529 -0.25257805 -0.93618172 -0.96964163 -0.06886075 -0.23463468
0.25370508 -0.23731908 -0.93771714 -0.96718067 -0.07624722 -0.24237981
0.25939050 -0.19864024 -0.94512361 -0.96489179 -0.09508744 -0.24483101
0.20528620 -0.29956621 -0.93172830 -0.97860897 -0.04970188 -0.19963534
0.19535860 -0.39650595 -0.89700508 -0.98036480 -0.05392922 -0.18967500
-0.31014955 0.06849454 0.94821721 0.94244063 0.15324374 0.29719046
0.26971346 -0.10499080 -0.95719987 -0.95864880 -0.12302278 -0.25662792
0.26670659 -0.16125600 -0.95019168 -0.96236062 -0.09800519 -0.25348988
0.22259973 -0.25770077 -0.94023383 -0.97445536 -0.02936440 -0.22265339
0.24205208 -0.24739721 -0.93819267 -0.96994853 -0.03706993 -0.24046989
0.25531262 -0.16167009 -0.95324618 -0.96656644 -0.06691252 -0.24753192
0.25818223 -0.16285516 -0.95227104 -0.96604705 -0.05346432 -0.25277385
0.19875897 -0.33748251 -0.92010891 -0.97930282 -0.03177657 -0.19989069
0.29156694 -0.06879397 -0.95407349 -0.95278722 -0.10927339 -0.28329462
0.27225736 -0.12537909 -0.95402098 -0.96086735 -0.08806611 -0.26263741
-0.30140942 0.05038208 0.95216280 0.94883043 0.11450288 0.29429582
0.26611286 -0.15850720 -0.95082039 -0.96376419 -0.06269085 -0.25928456
0.26405954 -0.13235775 -0.95538163 -0.96325988 -0.08653349 -0.25424874
0.21455608 -0.26179153 -0.94097340 -0.97478318 0.00311710 -0.22313245
0.24529210 -0.19100009 -0.95044774 -0.96896881 -0.01744195 -0.24656695
0.25983104 -0.14485928 -0.95472699 -0.96564674 -0.04283464 -0.25630364
0.19998175 -0.32464901 -0.92445135 -0.97682285 0.00743049 -0.21392044
0.27303061 -0.06726487 -0.95965081 -0.96120572 -0.05973957 -0.26928568
0.21635458 -0.24973653 -0.94383389 -0.97318012 0.02224236 -0.22896689
0.25282189 -0.16063231 -0.95408511 -0.96725976 -0.01940823 -0.25304541
0.24580163 -0.18485259 -0.95153093 -0.96722382 0.01775237 -0.25330421
0.27276972 -0.09158944 -0.95770985 -0.96206450 -0.03150765 -0.27099678
0.19081946 -0.32877466 -0.92492980 -0.97773713 0.02012207 -0.20886657
0.27224407 -0.05272685 -0.96078253 -0.96189475 -0.04119871 -0.27029833
0.22156282 -0.20329995 -0.95371860 -0.97093606 0.04479086 -0.23511060
0.21355306 -0.28199247 -0.93534780 -0.97059095 0.04766291 -0.23596922
0.25489774 -0.14180291 -0.95651406 -0.96601856 0.00648263 -0.25839159
0.24434365 -0.18817836 -0.95125449 -0.96726555 0.02200875 -0.25281012
0.27468717 -0.10474750 -0.95581114 -0.96108401 0.00048672 -0.27625594
0.20365389 -0.26062939 -0.94371474 -0.97394413 0.04431588 -0.22241633
0.16728564 -0.34073371 -0.92515731 -0.98153728 0.03070799 -0.18878987
0.22805500 -0.20266320 -0.95232272 -0.96942908 0.04369438 -0.24145006
0.26675335 -0.12915650 -0.95507139 -0.96263599 0.01224304 -0.27052179
0.24531125 -0.18242739 -0.95212531 -0.96507919 0.04714337 -0.25768143
0.23579533 -0.27051994 -0.93339145 -0.96402478 0.05616312 -0.25981149
0.27830023 -0.07220367 -0.95777643 -0.95970237 0.01957658 -0.28033563
0.20216064 -0.25938231 -0.94437915 -0.97048181 0.07643493 -0.22874193
0.15231787 -0.38789371 -0.90903127 -0.97977024 0.06153761 -0.19042972
0.22613983 -0.20256880 -0.95279938 -0.96707302 0.07054636 -0.24452600
0.26779312 -0.12940827 -0.95474625 -0.96238798 0.01116226 -0.27144948
0.25798762 -0.13555677 -0.95659125 -0.96153122 0.06065539 -0.26791525
0.27718890 -0.09358034 -0.95624745 -0.95881408 0.03726305 -0.28157955
0.21260192 -0.24043179 -0.94709712 -0.96771991 0.08244661 -0.23816131
0.18510742 -0.26935136 -0.94508475 -0.97303480 0.08443888 -0.21464710
0.13203683 -0.58827567 -0.79780835 -0.98881680 -0.02186861 -0.14752351
0.16767679 -0.27877390 -0.94560540 -0.98066157 0.05103751 -0.18893939
0.24671936 -0.17185806 -0.95372659 -0.95761585 0.10774091 -0.26714003
0.27028954 -0.11328495 -0.95609105 -0.96052432 0.03619500 -0.27583149
0.26701090 -0.14206320 -0.95316494 -0.95779318 0.07016110 -0.27876452
0.25868928 -0.13390100 -0.95663500 -0.96079630 0.06660190 -0.26913694
0.30441529 -0.07781584 -0.94935560 -0.94783860 0.07414856 -0.31000656
0.21646288 -0.21149246 -0.95310795 -0.96310186 0.11366875 -0.24395545
0.16955203 -0.30926174 -0.93573993 -0.96737200 0.12915473 -0.21796921
0.25034016 -0.17720902 -0.95180190 -0.95687777 0.10434695 -0.27110282
0.29175332 -0.09894121 -0.95136255 -0.95012063 0.08464826 -0.30017585
0.26611203 -0.15753643 -0.95098197 -0.95432723 0.09593797 -0.28294086
0.22511759 -0.22589190 -0.94778425 -0.95170742 0.15742832 -0.26357037
0.17060058 -0.30566302 -0.93673140 -0.96916986 0.11946955 -0.21549226
0.25274083 -0.17306539 -0.95192987 -0.94853389 0.14970379 -0.27905607
0.29237521 -0.10590913 -0.95042098 -0.94412065 0.12616767 -0.30449635
0.27467772 -0.11899501 -0.95414484 -0.94749969 0.13543913 -0.28965583
0.19068550 -0.28937432 -0.93803066 -0.95188648 0.17901662 -0.24872723
0.24304859 -0.18544938 -0.95212179 -0.94659960 0.16901630 -0.27455905
0.15681086 -0.31919664 -0.93462503 -0.96961093 0.13018167 -0.20714092
0.21447922 -0.22678705 -0.95003492 -0.95239311 0.16721109 -0.25492725
0.26657385 -0.14891545 -0.95224088 -0.94427156 0.15759701 -0.28898862
0.30246085 -0.10891607 -0.94691861 -0.94099271 0.12411989 -0.31484446
0.27264041 -0.12270788 -0.95425892 -0.94682115 0.14192930 -0.28876606
0.23968425 -0.16833016 -0.95614666 -0.94393539 0.18988781 -0.27005303
0.24652049 -0.17261896 -0.95364058 -0.93923676 0.19998792 -0.27899694
0.20536034 -0.23431003 -0.95022416 -0.95294851 0.17332877 -0.24868925
0.27138805 -0.13625166 -0.95277703 -0.93684733 0.18950050 -0.29395014
0.31009004 -0.02104267 -0.95047432 -0.92076600 0.24228068 -0.30576164
0.24505819 -0.15276225 -0.95739764 -0.92520654 0.25825325 -0.27802536
0.25951406 -0.11946946 -0.95832115 -0.93691999 0.20946427 -0.27983159
0.19636780 -0.25054306 -0.94798094 -0.94757515 0.20005570 -0.24915671
0.27041700 -0.13655019 -0.95301032 -0.93160093 0.21262270 -0.29480731
0.29048738 -0.09407193 -0.95224345 -0.92054927 0.24413598 -0.30493706
0.24478193 -0.15117817 -0.95771974 -0.92996711 0.24284343 -0.27602208
0.20090102 -0.24510436 -0.94845277 -0.93671983 0.23528893 -0.25922036
0.28032869 -0.10400724 -0.95425272 -0.92321438 0.24300605 -0.29769668
0.32532147 0.03718909 -0.94487196 -0.90412104 0.30494511 -0.29928857
0.25480807 -0.12409310 -0.95899624 -0.91027570 0.30386585 -0.28118280
0.22614007 -0.17603184 -0.95805717 -0.91240424 0.30617207 -0.27161971
0.19064470 -0.24571335 -0.95041019 -0.93292397 0.25591445 -0.25329971
0.26747414 -0.12264808 -0.95572752 -0.90462577 0.30961105 -0.29290482
0.28003028 -0.09332464 -0.95544422 -0.89859605 0.32472873 -0.29508719
0.26142612 -0.11120160 -0.95879644 -0.90786946 0.30898371 -0.28337640
0.24434978 -0.14117108 -0.95935601 -0.90998930 0.30838937 -0.27715608
0.22757940 -0.17084727 -0.95865470 -0.92543423 0.26834098 -0.26751560
0.22581211 -0.14607532 -0.96315676 -0.92801267 0.26847461 -0.25829029
0.19279070 -0.21163845 -0.95814455 -0.93978316 0.24100555 -0.24233036
0.28947884 -0.08265696 -0.95360887 -0.87212956 0.38778001 -0.29835686
0.25877050 -0.11725006 -0.95879626 -0.89244449 0.35075027 -0.28375554
0.24246958 -0.14491671 -0.95927453 -0.90448946 0.32383430 -0.27754322
0.21712834 -0.17669168 -0.96001840 -0.92592585 0.27410048 -0.25986591
0.22038338 -0.17475168 -0.95963174 -0.94581330 0.20224139 -0.25403866
0.18650052 -0.22706853 -0.95585436 -0.92431778 0.28916398 -0.24903978
0.30320516 -0.04282501 -0.95196253 -0.88968980 0.34512711 -0.29889691
0.26940984 -0.10880564 -0.95685929 -0.86749613 0.40402889 -0.29019168
0.23046418 -0.14983091 -0.96147645 -0.90304738 0.33513325 -0.26868403
0.18893868 -0.21813822 -0.95745385 -0.91952330 0.30289498 -0.25046274
0.28253749 -0.07909753 -0.95598966 -0.82228744 0.49323684 -0.28383243
0.26463130 -0.11046571 -0.95800191 -0.86379939 0.41451409 -0.28640649
0.22698580 -0.15497485 -0.96148854 -0.89746243 0.35010776 -0.26830184
0.22013545 -0.13947277 -0.96544695 -0.90646201 0.33638901 -0.25528231
0.27321994 -0.07907873 -0.95869565 -0.83225060 0.48035124 -0.27680635
0.25734076 -0.09420300 -0.96171802 -0.86906534 0.41257438 -0.27296120
0.23962998 -0.12790270 -0.96240240 -0.87992728 0.39026716 -0.27096063
0.24539110 -0.07977449 -0.96613628 -0.90093738 0.34917319 -0.25766256
0.27686539 -0.05538115 -0.95931149 -0.85751522 0.43625471 -0.27267116
0.25629506 -0.09363075 -0.96205306 -0.86964417 0.41212970 -0.27178699
0.24360339 -0.09137796 -0.96556067 -0.92929924 0.26295540 -0.25934032
0.30443338 0.00816970 -0.95249861 -0.88447046 0.37363046 -0.27948579
0.23803069 -0.12500122 -0.96318018 -0.82843417 0.49152181 -0.26852044
0.25991914 -0.08687402 -0.96171463 -0.86097801 0.43009350 -0.27154481
