-0.53687125 0.27148449 -0.79878998 0.51476496 -0.64473099 -0.56510097
-0.54570270 0.27582371 -0.79128367 0.51011473 -0.63981473 -0.57482177
-0.55434245 0.26873201 -0.78771037 0.50055802 -0.64849126 -0.57349879
-0.48429513 0.34320509 -0.80477858 0.49791127 -0.64824188 -0.57607895
-0.42599210 0.37935337 -0.82135367 0.64950997 -0.50375551 -0.56953239
-0.42111087 0.39963576 -0.81422174 0.58542019 -0.56591445 -0.58053780
-0.39413220 0.40729091 -0.82387745 0.66252291 -0.49538025 -0.56183791
-0.37734434 0.42379701 -0.82341206 0.67632520 -0.48127005 -0.55764097
-0.37357497 0.42262390 -0.82573050 0.68746001 -0.47150382 -0.55234319
-0.36196399 0.44534564 -0.81893182 0.66946870 -0.48713559 -0.56081247
-0.33438355 0.48340026 -0.80901909 0.66415364 -0.48817721 -0.56620055
-0.35056907 0.47557890 -0.80679989 0.61061782 -0.53711843 -0.58193612
-0.35642096 0.48665944 -0.79757553 0.40822425 -0.68673503 -0.60145491
-0.36056522 0.48577663 -0.79624987 0.41527545 -0.68078858 -0.60338485
-0.36193711 0.48853034 -0.79393941 0.41388717 -0.67891967 -0.60643667
-0.39843053 0.46652573 -0.78968787 0.35078308 -0.71801627 -0.60116887
-0.37143677 0.47991726 -0.79480451 0.42876613 -0.67063475 -0.60531706
-0.33544794 0.48720977 -0.80628860 0.65179831 -0.49791744 -0.57204652
-0.37247381 0.44382510 -0.81503522 0.63955659 -0.51362765 -0.57197392
-0.35602066 0.46615764 -0.80990517 0.63611537 -0.51399809 -0.57546782
-0.38268009 0.44259781 -0.81096435 0.59494126 -0.55349892 -0.58282405
-0.45640704 0.36536309 -0.81129682 0.56961524 -0.58049101 -0.58186650
-0.45697898 0.34932035 -0.81801319 0.63617283 -0.51438755 -0.57505625
-0.47650459 0.32909745 -0.81525350 0.62361223 -0.52712166 -0.57727867
-0.46372056 0.34962890 -0.81407797 0.55830657 -0.59813744 -0.57491350
-0.51602525 0.28100657 -0.80916822 0.56108332 -0.60289544 -0.56718832
-0.49462777 0.29338631 -0.81808800 0.65127701 -0.49816427 -0.57242531
-0.52847296 0.23451126 -0.81591713 0.64406300 -0.51538759 -0.56529516
-0.57862991 0.15229696 -0.80124468 0.60542661 -0.57805675 -0.54709148
-0.56778085 0.15458590 -0.80853462 0.62587678 -0.55692911 -0.54599297
-0.56538785 0.12909502 -0.81466013 0.62870908 -0.57187551 -0.52695674
-0.64515066 -0.00978547 -0.76399279 0.65524870 -0.52137244 -0.54664421
-0.65588826 0.00037724 -0.75485796 0.64302379 -0.52351099 -0.55897832
0.73001730 0.08918034 0.67758524 -0.62025344 0.50278342 0.60207528
0.72452277 0.07795940 0.68482786 -0.62362635 0.49727470 0.60316503
0.73888928 0.14050025 0.65901625 -0.61555183 0.53860313 0.57532835
0.71913910 0.10508791 0.68687367 -0.60706985 0.57597566 0.54746538
0.70655191 0.10801613 0.69936895 -0.56413299 0.68264121 0.46449435
-0.61118466 -0.06738342 -0.78861457 0.54722112 -0.75584066 -0.35951909
-0.61724371 -0.05517492 -0.78483498 0.53798586 -0.75748223 -0.36985397
-0.60886419 0.04020622 -0.79225498 0.58874822 -0.64644188 -0.48527148
-0.57181925 -0.00530538 -0.82036251 0.46226943 -0.82819456 -0.31686071
0.80376005 0.30227852 0.51244253 -0.54418349 0.72167289 0.42784655
0.55695724 0.13362238 0.81972170 -0.45424530 0.87528270 0.16595614
0.61105198 0.17782138 0.77135926 -0.42824668 0.89379102 0.13320108
0.64480323 0.20161098 0.73728001 -0.45684531 0.87498808 0.16027577
0.71052140 0.21157262 0.67111582 -0.54091418 0.77423400 0.32859352
0.71033949 0.19841838 0.67531323 -0.50948519 0.80692649 0.29882196
0.73231769 0.22231865 0.64364994 -0.52677345 0.78393459 0.32856712
0.79891878 0.31679028 0.51124614 -0.52065575 0.78980798 0.32422376
0.81296647 0.35872805 0.45869356 -0.54760587 0.73884785 0.39272350
0.80416417 0.33960432 0.48784107 -0.56197613 0.70176601 0.43784392
0.80906808 0.35379040 0.46929866 -0.56629813 0.68289036 0.46148366
0.80759275 0.35596693 0.47019312 -0.58233440 0.60729992 0.54043823
0.80710620 0.41168562 0.42319578 -0.58706713 0.63573325 0.50119412
0.75055557 0.19594261 0.63108861 -0.58118099 0.65023094 0.48931420
0.81023329 0.35007799 0.47007179 -0.55427659 0.71837544 0.42037392
0.74662840 0.18719244 0.63836128 -0.56428117 0.68642873 0.45869648
0.76816684 0.24050316 0.59336162 -0.58815545 0.63124889 0.50556707
0.77048612 0.25906286 0.58244097 -0.61463320 0.54421872 0.57100976
0.79405546 0.35547945 0.49306220 -0.60364175 0.55639935 0.57099605
0.78379071 0.28565094 0.55143070 -0.55068165 0.73016387 0.40448806
0.77983570 0.31148809 0.54298389 -0.60312629 0.60613465 0.51849741
0.77167791 0.30712038 0.55694723 -0.63150215 0.47410131 0.61354136
0.76747781 0.26294661 0.58466828 -0.62591171 0.50453508 0.59470910
0.73238766 0.16466859 0.66067588 -0.58343959 0.65198582 0.48426524
0.71635264 0.19906290 0.66873986 -0.47221288 0.84390712 0.25462872
0.72846812 0.21343404 0.65098399 -0.46691841 0.85002857 0.24380040
0.72247589 0.20414872 0.66056937 -0.46052325 0.85471809 0.23953167
0.76829767 0.25807989 0.58575892 -0.51554614 0.79188514 0.32730752
0.76645052 0.25370085 0.59007585 -0.51075441 0.79778743 0.32041407
0.75635564 0.18691687 0.62688774 -0.40030277 0.89018476 0.21755202
0.79250288 0.22157894 0.56819195 -0.44422764 0.84806293 0.28887919
0.82078302 0.47311950 0.32011452 -0.56901240 0.62770563 0.53123492
0.82466704 0.48279417 0.29467639 -0.56436956 0.66775155 0.48538113
0.82342315 0.42321068 0.37797773 -0.56231791 0.69780755 0.44369268
0.82350945 0.43571702 0.36329460 -0.56415087 0.69639277 0.44358858
0.83042002 0.49835262 0.24909300 -0.55638230 0.71851498 0.41734293
0.83348882 0.47470552 0.28275624 -0.55243796 0.70629865 0.44266748
0.87297773 0.44750372 0.19403711 -0.48737499 0.78448975 0.38346002
0.87777352 0.37716007 0.29540479 -0.45936960 0.83764720 0.29551116
0.84551203 0.30798683 0.43618071 -0.43813446 0.86709118 0.23704684
0.83794528 0.32097429 0.44138786 -0.42083156 0.89496660 0.14810690
0.78343636 0.29073748 0.54927158 -0.36421442 0.93093145 0.02673028
0.68678540 0.25612405 0.68023992 -0.28986076 0.95473295 -0.06682634
0.49478334 0.22830857 0.83848953 -0.18288824 0.97061932 -0.15636528
0.39591882 0.22036281 0.89145303 0.04125891 0.96553063 -0.25699863
0.47556534 0.21541728 0.85289681 -0.06972419 0.97573328 -0.20756486
0.40276092 0.21782175 0.88900924 -0.10334253 0.97588193 -0.19228818
0.65613908 0.32304230 0.68200094 -0.37400141 0.92414892 -0.07792103
0.65416569 0.34908435 0.67097497 -0.38943470 0.91594732 -0.09685619
0.87371725 0.41167921 0.25911093 -0.41918987 0.90745801 -0.02828210
0.89424026 0.44713998 0.02000787 -0.44389698 0.88025212 0.16766569
0.89047974 0.44880378 0.07497349 -0.45314199 0.88964438 0.05652620
0.89960182 0.40399420 0.16584729 -0.42521086 0.89686960 0.12174062
0.86475867 0.34387287 0.36598366 -0.39978582 0.91244072 0.08731154
0.87701267 0.34923562 0.32997480 -0.40488151 0.90695488 0.11620649
0.85340655 0.33226928 0.40161487 -0.40860534 0.90483290 0.11966263
0.89799112 0.40015730 0.18299200 -0.42974544 0.88691336 0.16942123
0.89844954 0.40909067 0.15947816 -0.43431738 0.88135111 0.18598011
0.89905113 0.43419975 0.05637047 -0.42788902 0.84400153 0.32337669
0.89986867 0.43152031 0.06345621 -0.42459911 0.83341730 0.35373873
0.90477371 0.42439812 0.03564796 -0.40622622 0.83482432 0.37154895
0.90965569 0.40299267 0.10061517 -0.41391903 0.85931450 0.30041593
0.90037358 0.42342365 0.10019843 -0.42555469 0.80890584 0.40567791
0.82998711 0.51172847 0.22193582 -0.55085045 0.68945920 0.47032943
0.86135226 0.22450943 0.45570585 -0.32086423 0.93589813 0.14539893
0.82181948 0.20239578 0.53258687 -0.33736372 0.92615014 0.16861698
0.82085299 0.20461208 0.53323001 -0.33010018 0.93185800 0.15058105
0.54879731 0.05627359 0.83405930 -0.15824847 0.98668498 0.03755371
0.52811986 0.05814181 0.84717709 -0.20626625 0.97655737 0.06156268
0.56780428 0.04748684 0.82179278 -0.15268429 0.98708636 0.04845648
0.56858945 0.12238550 0.81346661 -0.23445641 0.97196645 0.01764646
0.56298113 0.15620579 0.81157380 -0.23904610 0.97078061 -0.02102473
0.71438599 0.25002044 0.65356135 -0.33121112 0.94355607 0.00107761
0.88059795 0.36259964 0.30507186 -0.40493855 0.91019189 0.08703756
0.89764541 0.37595466 0.22997990 -0.40206066 0.91228819 0.07795869
0.88632256 0.46124065 -0.04110251 -0.43963546 0.86602831 0.23815057
0.88469577 0.46385807 -0.04635868 -0.44410905 0.86888224 0.21865682
0.89949739 0.43244067 -0.06244719 -0.42796832 0.90080321 0.07346204
0.89850307 0.42986673 -0.08892062 -0.41926298 0.90038931 0.11626546
0.84808731 0.36784491 0.38136348 -0.41095695 0.91097438 0.03521605
0.87419504 0.38341600 0.29795173 -0.38839945 0.92039967 -0.04483625
0.89849782 0.42745736 -0.09990965 -0.42734018 0.90378129 0.02365914
-0.58698535 0.80830348 -0.04575793 -0.80914122 -0.58381921 0.06667557
0.64510852 0.32040322 0.69366914 -0.41030458 0.91110337 -0.03925431
0.46086732 0.22768243 0.85776573 -0.52479237 0.84935212 0.05651554
0.57184553 0.29144081 0.76684749 -0.38747910 0.91988099 -0.06065447
0.54016984 0.36831588 0.75667697 -0.42620677 0.89503127 -0.13140377
0.55574751 0.38623664 0.73618340 -0.52583855 0.84919655 -0.04857123
-0.47357979 0.86801755 -0.14922400 -0.20112613 -0.27153340 -0.94117904
-0.42851526 0.88953990 -0.15840946 0.16867700 -0.09348117 -0.98122847
-0.37834844 0.91253966 -0.15531851 0.18502660 -0.08985131 -0.97861737
-0.31177497 0.93871289 -0.14701863 0.00782905 -0.15218776 -0.98832059
-0.23622783 -0.06017226 0.96983284 -0.17378482 0.98460501 0.01875900
-0.24931462 0.96718043 -0.04903323 -0.03548801 -0.05972251 -0.99758399
-0.15239550 -0.05516236 0.98677897 -0.11319602 0.99284500 0.03801977
0.05192957 -0.05323316 0.99723095 -0.06171910 0.99649835 0.05640800
0.05357387 -0.08401230 0.99502355 -0.04820621 0.99507517 0.08661216
-0.02936911 -0.08256923 0.99615252 -0.00398103 0.99658412 0.08248763
0.02468768 -0.10894177 0.99374157 0.04800363 0.99302703 0.10767090
-0.02369909 -0.11333397 0.99327427 0.07810693 0.99030638 0.11485894
0.45236498 -0.08948513 0.88733214 -0.05499205 0.99026126 0.12790041
0.25942048 -0.09082212 0.96148449 -0.04055430 0.99366570 0.10480402
0.54116684 -0.06573877 0.83834177 -0.08347789 0.98781556 0.13134649
0.52217895 -0.01007988 0.85277647 -0.12382199 0.98843884 0.08750308
0.35884619 -0.03112534 0.93287760 -0.08767387 0.99390113 0.06688652
0.59876049 0.12678149 0.79083025 -0.22886388 0.97330570 0.01724452
0.73053408 0.19511390 0.65440863 -0.21217953 0.97573447 -0.05405641
0.52793026 0.18992734 0.82777852 -0.25919408 0.96420491 -0.05592371
0.76511461 0.32864907 0.55370522 -0.42684740 0.90270859 0.05402298
0.73963469 0.33374685 0.58442587 -0.35313347 0.93169075 -0.08514188
0.62614119 0.29667667 0.72106189 -0.39973158 0.91614670 -0.02983234
0.43435997 0.22805901 0.87139004 -0.28348669 0.95286691 -0.10807403
0.45814246 0.14213300 0.87744159 -0.24304706 0.96954590 -0.03014932
0.53641421 0.12330193 0.83489907 -0.23129065 0.97287226 0.00492340
0.45165038 0.23101324 0.86176848 -0.26886392 0.95623690 -0.11542646
0.47371417 0.12592725 0.87162906 -0.23091018 0.97285855 -0.01505684
0.53516680 -0.00542444 0.84472895 -0.12278703 0.98885989 0.08414008
0.54475528 -0.11484178 0.83069444 -0.04728962 0.98479545 0.16715765
0.50041896 -0.13306202 0.85549718 -0.01263724 0.98689133 0.16089085
0.36352879 -0.14700280 0.91991144 0.04730464 0.98911029 0.13936710
0.55035990 -0.13590164 0.82379293 -0.00560597 0.98604023 0.16641289
0.11990038 -0.12707314 0.98461992 0.09910018 0.98835313 0.11548721
-0.32763812 -0.05627776 0.94312572 0.25196466 0.95686793 0.14462931
-0.32063317 -0.08059607 0.94376832 0.15209891 0.97906297 0.13528384
-0.36436117 -0.11404748 0.92424786 0.11132021 0.98002237 0.16481492
-0.39446288 -0.10313974 0.91310525 0.12272198 0.97886652 0.16358387
-0.38278970 -0.10420280 0.91794002 0.11802526 0.97996038 0.16046087
-0.46222469 -0.07427847 0.88364643 0.24313913 0.94768077 0.20684426
-0.76018041 0.06037000 0.64690125 0.20638600 0.96654093 0.15232699
-0.36965361 -0.10855331 0.92280680 0.11741514 0.97973353 0.16228342
-0.34697545 -0.12032349 0.93012387 0.09369400 0.98232800 0.16202858
-0.39417845 -0.11127838 0.91227221 0.06013696 0.98739207 0.14642568
-0.36674824 -0.04069477 0.92942977 0.28991199 0.94429606 0.15574346
-0.35484618 -0.03141715 0.93439668 0.28928256 0.94669950 0.14168864
-0.23186398 -0.05674626 0.97109163 0.27110067 0.95497429 0.12053416
0.01226857 -0.11741695 0.99300694 0.24304473 0.96364981 0.11094283
-0.28773540 -0.05949371 0.95586026 0.39228889 0.90317672 0.17430241
-0.31561986 -0.04363135 0.94788206 0.37769672 0.91062009 0.16767925
-0.31435260 -0.03622114 0.94861507 0.38164476 0.91014010 0.16122167
-0.32410744 -0.02648900 0.94564939 0.45789015 0.87032282 0.18131413
-0.30242807 -0.01947917 0.95297319 0.46780479 0.86806422 0.16620246
-0.23957032 -0.00830451 0.97084355 0.47916076 0.86868399 0.12567079
-0.32538822 0.03197634 0.94503969 0.54110307 0.82591087 0.15836261
-0.18843576 -0.07063749 0.97954196 0.39351419 0.90840894 0.14120874
-0.24769986 -0.06777737 0.96646315 0.35283366 0.92273504 0.15514030
0.19715582 -0.13682981 0.97077662 0.19105025 0.97659039 0.09884871
0.18751459 -0.13423853 0.97304589 0.20588827 0.97398335 0.09469135
0.45739305 -0.12838557 0.87994814 0.06398883 0.99170995 0.11143067
0.41675404 -0.12439967 0.90046704 0.05700807 0.99221855 0.11069070
0.47675282 -0.12173192 0.87056774 0.02267564 0.99173838 0.12625732
0.49862710 -0.10503073 0.86042994 -0.00164718 0.99251539 0.12210865
0.50941432 -0.10704504 0.85383749 -0.05406802 0.98629063 0.15590854
0.52102339 -0.12589279 0.84420717 -0.04768466 0.98322499 0.17605367
0.45571673 -0.13523512 0.87979186 0.00568602 0.98881364 0.14904787
0.46745545 -0.10528849 0.87772417 0.00600273 0.99323714 0.11594807
0.43989152 -0.11452307 0.89071876 -0.01587369 0.99068898 0.13521604
0.46608651 -0.07243249 0.88176912 -0.00822416 0.99624538 0.08618323
0.47830716 -0.06629096 0.87568706 -0.06956643 0.99115330 0.11302967
0.54088682 -0.06632338 0.83847642 -0.01637205 0.99586713 0.08933430
0.48898399 -0.08728255 0.86791503 -0.00478809 0.99469775 0.10273016
0.56048608 -0.06386829 0.82569748 -0.06440448 0.99064082 0.12034475
0.46020675 -0.05476682 0.88612098 -0.01861928 0.99728066 0.07130697
0.46603698 -0.05719065 0.88291496 0.02027452 0.99833697 0.05396540
0.51042068 -0.06110135 0.85775131 -0.01907666 0.99642247 0.08233140
0.63607770 0.00801683 0.77158338 -0.24726799 0.94933170 0.19397907
0.59396327 -0.06367005 0.80196869 -0.24600087 0.93474007 0.25640708
0.59853923 -0.09745690 0.79514343 -0.19984603 0.94302577 0.26601499
0.51894468 -0.24079996 0.82019013 -0.07058065 0.94415545 0.32185227
0.48644179 -0.31123203 0.81640005 0.14647125 0.95022815 0.27497756
0.52112544 -0.31998485 0.79122567 0.09072991 0.94257486 0.32143554
0.39541152 -0.38002938 0.83619821 0.19432376 0.92439592 0.32822335
0.49262446 -0.41972542 0.76233310 0.30766129 0.90342909 0.29859737
0.37693021 -0.41397288 0.82858318 0.28266048 0.90330255 0.32271892
0.45327386 -0.42736670 0.78224075 0.05376952 0.88908124 0.45458049
0.45786804 -0.44429961 0.77003556 0.29388317 0.89311063 0.34056738
0.51398903 -0.46607614 0.72013080 0.40378618 0.87214476 0.27626121
0.46212691 -0.46165970 0.75717181 0.42504323 0.86465794 0.26777780
0.44592473 -0.46701205 0.76357764 0.42164791 0.86210918 0.28103513
0.51321626 -0.48558971 0.70768052 0.51723856 0.83298618 0.19646472
0.49440354 -0.47808880 0.72594512 0.53639585 0.82498199 0.17800051
0.50135458 -0.47805673 0.72118336 0.53614360 0.82584727 0.17471823
0.48632002 -0.46730238 0.73832333 0.48710012 0.84648883 0.21491899
0.47933683 -0.44720444 0.75514537 0.39826635 0.87757891 0.26690689
0.47610173 -0.45007485 0.75548643 0.43720001 0.86655062 0.24072027
0.44278300 -0.43542141 0.78380579 0.35430127 0.88799405 0.29315054
0.45184207 -0.41505086 0.78966552 0.34172252 0.89818764 0.27655882
0.44827220 -0.40317577 0.79781038 0.33345342 0.90350670 0.26922959
0.49862245 -0.40488851 0.76644701 0.37185693 0.89862555 0.23279747
0.45074490 -0.33579141 0.82708716 0.22694066 0.93921334 0.25763592
0.46248078 -0.23064472 0.85610431 0.18070823 0.96982455 0.16366094
0.49823585 -0.23754489 0.83386660 0.15218432 0.97076648 0.18561357
0.49863490 -0.16229196 0.85148370 0.11556948 0.98599362 0.12025112
0.49944985 -0.11036189 0.85928464 0.08754292 0.99320525 0.07667857
0.48578751 -0.11034002 0.86708456 0.15976284 0.98649776 0.03602810
0.32956672 -0.07891417 0.94082856 0.35226366 0.93481904 -0.04498578
0.36503187 -0.05664018 0.92927051 0.33759573 0.93826455 -0.07542448
0.18398526 0.07693303 0.97991365 0.63401526 0.75252730 -0.17812148
0.11368474 0.13765699 0.98393416 0.63812304 0.74895436 -0.17851157
0.01906018 0.20093615 0.97941887 0.72705781 0.66964531 -0.15153250
-0.06997365 0.16029850 0.98458529 0.62781805 0.77409106 -0.08140982
-0.04494901 0.14137477 0.98893523 0.63212472 0.77057636 -0.08142766
-0.06420970 0.13278708 0.98906255 0.62320107 0.77942348 -0.06418382
-0.12638320 0.09811895 0.98711699 0.55447948 0.83211488 -0.01172032
-0.18536897 0.15363947 0.97058398 0.77161622 0.63435310 0.04695322
-0.11496819 0.11230102 0.98700094 0.65302730 0.75726706 -0.01009575
-0.25218001 0.17808796 0.95115191 0.27310318 0.95606035 -0.10659885
0.04306683 0.18387249 0.98200619 0.65060043 0.74077719 -0.16723706
0.05689792 0.18886369 0.98035359 0.69326347 0.69913363 -0.17492279
0.15403374 0.09312484 0.98366731 0.76985675 0.61272889 -0.17856057
0.13710767 0.12099402 0.98313886 0.77392411 0.60639399 -0.18255916
0.13735794 0.12023249 0.98319733 0.77368999 0.60677379 -0.18228935
0.18114316 0.06921890 0.98101783 0.79628259 0.57509696 -0.18760999
0.17732720 0.11742367 0.97712165 0.74174005 0.63659525 -0.21111192
0.19180360 0.10281169 0.97603339 0.84372103 0.49074480 -0.21749571
0.22540972 0.07073247 0.97169310 0.75830287 0.61345625 -0.22056358
0.22675140 0.06751565 0.97160971 0.75610530 0.61661184 -0.21930501
0.25142503 0.02883099 0.96744728 0.84622592 0.47860163 -0.23418425
0.26649234 -0.00072505 0.96383679 0.86070091 0.45024708 -0.23763749
0.31805873 -0.09605804 0.94319218 0.83697861 0.49573866 -0.23175412
0.30134520 -0.06087724 0.95156980 0.85039270 0.46856657 -0.23932739
0.33433104 -0.13974077 0.93203825 0.88442200 0.38818967 -0.25904924
0.35522455 -0.19020817 0.91522479 0.87766999 0.40484232 -0.25651142
0.40385327 -0.21091378 0.89017862 0.59665263 0.79834723 -0.08153164
-0.42116979 0.22529405 -0.87855488 -0.87446409 -0.35791782 0.32742533
-0.47285002 0.31316084 -0.82361591 -0.70243448 -0.69828731 0.13777046
-0.47283551 0.31271490 -0.82379371 -0.72713441 -0.66653508 0.16433668
0.39447391 -0.18658975 0.89976364 0.62404615 0.77313495 -0.11326407
0.34323332 -0.11090123 0.93267995 0.62341613 0.76963222 -0.13790803
0.34889498 -0.09982849 0.93182969 0.58896267 0.79677802 -0.13515876
0.21263894 0.05617642 0.97551471 0.87131661 0.44095910 -0.21531951
0.31238186 -0.05777304 0.94819820 0.65027148 0.74064231 -0.16910374
0.43489718 -0.05687655 0.89868212 0.14569475 0.98929811 -0.00789420
0.39992228 -0.05143800 0.91510457 0.18714467 0.98197240 -0.02659000
0.47338563 -0.15470640 0.86716318 0.15565261 0.98365581 0.09051830
0.46413249 -0.25700560 0.84766102 0.40983152 0.91069412 0.05171566
0.48451978 -0.07877005 0.87122661 0.04843737 0.99682552 0.06318808
0.46395600 -0.08001345 0.88223737 0.03856932 0.99679273 0.07011986
0.53037792 -0.08072482 0.84390920 0.00379244 0.99567211 0.09285835
0.24441294 -0.04522151 0.96861619 0.29096887 0.95629972 -0.02877428
0.49318278 -0.13432948 0.85949194 -0.02757796 0.98509532 0.16978440
-0.22130096 0.08773968 0.97125053 0.59680438 0.79985219 0.06372672
-0.17415045 0.07765384 0.98165244 0.56316811 0.82561779 0.03459837
-0.21468586 -0.08088330 0.97332829 0.34980032 0.92408884 0.15394655
-0.04884307 -0.13421997 0.98974717 0.09597168 0.98571414 0.13840920
0.40078944 -0.14379464 0.90481544 0.01326415 0.98841351 0.15120478
0.49318680 -0.13473497 0.85942620 -0.00488137 0.98748893 0.15761296
0.22519445 -0.12238704 0.96659654 0.03505978 0.99245465 0.11749300
0.28582251 -0.10828102 0.95214534 0.08089561 0.99277532 0.08861770
0.39735624 -0.06135398 0.91561109 -0.07862440 0.99181730 0.10058183
0.29698589 -0.08595280 0.95100552 -0.03057045 0.99457413 0.09943730
-0.37956810 0.91236484 -0.15335755 0.17537892 -0.09179950 -0.98021179
0.39498091 0.23505817 0.88810909 -0.32051960 0.94122815 -0.10656826
0.46185520 0.13657108 0.87637782 -0.23080492 0.97253990 -0.02992131
0.59255844 0.11813451 0.79681796 -0.23192242 0.97232205 0.02831613
0.55625540 0.26986295 0.78597325 -0.38092247 0.92338842 -0.04745470
0.57638597 0.21538983 0.78828073 -0.33116722 0.94344246 -0.01563878
0.56628793 0.16547807 0.80742496 -0.23576526 0.97122574 -0.03369420
0.53459442 -0.06379595 0.84269744 -0.05674797 0.99218631 0.11111298
0.81908280 0.20861925 0.53439820 -0.28984889 0.95438421 0.07168310
0.90695566 0.39098901 0.15671317 -0.41816056 0.88052773 0.22318764
0.89148474 0.45207250 -0.02975738 -0.42734912 0.86090297 0.27607769
0.89086962 0.45419520 0.00762358 -0.44091883 0.86054820 0.25504383
0.89781082 0.43102846 -0.09027899 -0.41732433 0.89819795 0.13813369
0.89903998 0.42448661 -0.10741659 -0.42807710 0.90366560 -0.01177132
0.60141224 0.23775946 0.76274097 -0.19658245 0.96937948 -0.14716932
0.61254883 0.24229276 0.75238168 -0.25681260 0.96122539 -0.10046457
0.69960099 0.25160205 0.66877115 -0.42763540 0.89725971 0.10978603
0.42491135 0.20022272 0.88281441 -0.19149971 0.97304255 -0.12851489
0.52603364 0.15517460 0.83618754 0.13721904 0.95484543 -0.26351699
0.60921872 0.13537154 0.78136235 -0.04704230 0.98975587 -0.13479756
0.40213296 0.10126806 0.90996373 0.22756813 0.95162088 -0.20647135
0.36701682 0.09939044 0.92488933 0.15814365 0.97313482 -0.16732994
0.68329632 -0.07259911 0.72652292 0.13292947 0.99078405 -0.02601456
0.56711388 -0.07865918 0.81987482 0.03346821 0.99680787 0.07248402
0.54437411 -0.13483129 0.82793564 -0.23978598 0.92080146 0.30761582
0.53026712 -0.25326782 0.80911815 -0.16692159 0.90447384 0.39251024
0.54901713 -0.32068145 0.77184439 -0.10988454 0.88775814 0.44700217
-0.51467824 0.29758626 -0.80408263 0.35595369 -0.77902716 -0.51615280
-0.50711352 0.31907660 -0.80064100 0.37990680 -0.75108069 -0.53995252
-0.48365685 0.36368567 -0.79612112 0.41370693 -0.70657134 -0.57411116
-0.45568004 0.38113365 -0.80442089 0.47133312 -0.66330385 -0.58126855
-0.43784475 0.40043205 -0.80495101 0.49256203 -0.64216280 -0.58737522
-0.42577708 0.40986863 -0.80667317 0.51859593 -0.62002045 -0.58875543
-0.43719345 0.40283662 -0.80410480 0.48472261 -0.64756930 -0.58796096
-0.49553907 0.31612748 -0.80901450 0.52606791 -0.63191575 -0.56915307
-0.51134610 0.28594846 -0.81040651 0.50346303 -0.66456276 -0.55216062
-0.56509894 0.14551564 -0.81208891 0.53080374 -0.68941861 -0.49289897
-0.55886793 0.15663484 -0.81432933 0.48000112 -0.73966455 -0.47169420
-0.55473393 0.13113664 -0.82162857 0.45492288 -0.77901709 -0.43148309
-0.57458401 0.11440165 -0.81041068 0.41766980 -0.81055510 -0.41055140
-0.53815925 0.10896336 -0.83577007 0.46103963 -0.79204696 -0.40013012
-0.55565059 0.06508270 -0.82886469 0.46514463 -0.80197918 -0.37479314
-0.60040843 0.03366491 -0.79898465 0.41227204 -0.84307688 -0.34533051
-0.47861943 0.37101677 -0.79578263 0.40252736 -0.71276063 -0.57440752
-0.52384508 0.34139761 -0.78040630 0.25976562 -0.80850399 -0.52805597
0.59193802 -0.33025277 0.73521596 -0.15324728 0.84943938 0.50494361
0.62702376 -0.31587228 0.71208572 -0.00841792 0.91130131 0.41165417
0.57383811 -0.33981547 0.74514109 -0.08608861 0.87978309 0.46751523
0.65830994 -0.31494281 0.68369526 0.23071295 0.94897234 0.21499550
0.65861458 -0.31600490 0.68291134 0.23304047 0.94858539 0.21419144
0.70896733 -0.31795740 0.62949866 0.41475978 0.90989977 -0.00753258
-0.74665332 0.28194043 -0.60251021 -0.48928982 -0.84639007 0.21028399
-0.81130058 0.34969246 -0.46851546 -0.50687104 -0.82007557 0.26562726
-0.80894613 0.35290092 -0.47017777 -0.51072305 -0.81796062 0.26476872
0.69944745 -0.24613492 0.67096263 0.48679844 0.85144252 -0.19512287
0.65958256 -0.23324917 0.71452487 0.15360923 0.97239804 0.17563149
0.69560027 -0.24133866 0.67668009 0.13401368 0.96894455 0.20781435
0.68268871 -0.23794131 0.69088358 0.07223564 0.96284205 0.26022536
0.67040873 -0.23533228 0.70368379 0.13523084 0.97123975 0.19597456
0.73426580 -0.23097365 0.63836116 0.23056117 0.96929312 0.08551269
-0.78551275 0.27560243 -0.55408758 -0.46031401 -0.85864288 0.22548506
0.75955015 -0.29503718 0.57968670 0.46433720 0.87003982 -0.16559504
0.72068477 -0.25252813 0.64563382 0.42476511 0.89686084 -0.12335037
0.71713674 -0.16976497 0.67593992 0.39423743 0.89860505 -0.19257708
0.73417836 -0.17378220 0.65633976 0.24868974 0.96833801 -0.02179164
0.73017859 -0.16610526 0.66275817 0.26595148 0.96259624 -0.05175310
0.72609973 -0.16649726 0.66712666 0.25562716 0.96606255 -0.03712045
0.66260076 -0.14537629 0.73472857 -0.10484210 0.95331985 0.28317747
-0.63067484 0.09119684 -0.77067018 0.35410914 -0.84984344 -0.39034960
0.69755757 -0.09722455 0.70990199 0.03060961 0.99389058 0.10604083
0.68828005 -0.10978132 0.71709043 0.24693510 0.96490920 -0.08929348
0.43962982 -0.01666106 0.89802456 0.26923484 0.95629621 -0.11406229
0.59894711 -0.07856800 0.79692507 0.23108120 0.96979779 -0.07806296
0.58369005 -0.07241815 0.80874079 0.26528412 0.95836484 -0.10564655
0.59062821 -0.07647698 0.80331171 0.27998140 0.95307821 -0.11511891
0.55138654 -0.06175842 0.83196080 0.24587020 0.96499169 -0.09131820
0.31914312 -0.00564221 0.94768977 0.25358534 0.96402758 -0.07965768
0.49576882 -0.05567566 0.86666805 0.27635077 0.95618391 -0.09665745
0.51631683 -0.03621831 0.85563147 0.18323950 0.98063940 -0.06906306
0.39987448 0.01146276 0.91649824 0.07662280 0.99600363 -0.04588820
0.49947053 0.04331049 0.86524761 -0.07865297 0.99689192 -0.00449701
0.48137406 0.03911769 0.87564200 -0.26940250 0.95724934 0.10533753
0.59269893 0.22240461 0.77410871 -0.62053329 0.73881602 0.26284859
0.53436285 0.14458340 0.83279771 -0.50700414 0.84316623 0.17893460
0.54187900 0.14979592 0.82699960 -0.46977159 0.86990911 0.15024252
0.44959584 0.06516933 0.89085162 -0.14024803 0.99011505 -0.00165035
0.34794015 0.05936554 0.93563533 0.04991382 0.99540472 -0.08171962
0.48878902 0.04749598 0.87110817 -0.02613285 0.99886596 -0.03979836
0.58417970 -0.05018571 0.81007135 0.02919940 0.99873990 0.04081711
0.57545823 -0.05295360 0.81611502 0.07805574 0.99690235 0.00964539
0.58251631 -0.06234846 0.81042421 0.05676659 0.99773979 0.03595658
0.62529975 -0.06474254 0.77769452 -0.26951912 0.91731614 0.29307088
0.63777518 -0.09141456 0.76477855 -0.25243399 0.91328132 0.31967857
0.64369017 -0.09011924 0.75996149 -0.31490842 0.87388128 0.37035692
0.61251730 -0.10989589 0.78278065 -0.18574238 0.94255000 0.27766758
0.69266123 -0.13232222 0.70902139 -0.06531097 0.96748221 0.24436183
0.66945714 -0.15796748 0.72586054 -0.00820343 0.97549671 0.21986121
0.64638394 -0.16981927 0.74387449 0.14311504 0.98459882 0.10041557
0.66651917 -0.21628655 0.71342301 0.13601458 0.97620648 0.16888157
0.62818474 -0.23890989 0.74047685 -0.17489444 0.88397896 0.43358183
0.66246897 -0.12861724 0.73796511 0.28592485 0.95397764 -0.09040859
0.69571233 -0.11849028 0.70848048 0.26770389 0.95801699 -0.10265516
0.65803719 -0.09299243 0.74722117 0.13705388 0.99056023 0.00258032
0.64957148 -0.09378175 0.75449449 0.36444038 0.90933490 -0.20073180
0.67463988 -0.10830408 0.73015845 0.27028906 0.95672214 -0.10782709
0.60281497 -0.07674291 0.79418176 0.27204430 0.95548886 -0.11416198
-0.59991300 0.03719252 -0.79920036 0.43897182 -0.81983387 -0.36766320
-0.56108469 0.03995056 -0.82679379 0.70934498 -0.49159795 -0.50513470
-0.55577278 0.05870608 -0.82925892 0.68403631 -0.53459406 -0.49628973
-0.56072861 0.05214298 -0.82635623 0.70686007 -0.48959237 -0.51053715
-0.56519860 0.04952390 -0.82346702 0.69273198 -0.51354676 -0.50635177
-0.59670931 -0.02342215 -0.80211562 0.71732849 -0.46361548 -0.52009672
0.65464097 0.06365320 0.75325537 -0.71442813 0.37775809 0.58897483
-0.59479082 -0.06247158 -0.80144948 0.72886896 -0.46243551 -0.50487971
-0.59915626 -0.06460786 -0.79802108 0.69874418 -0.52878875 -0.48180807
-0.60831940 -0.07920009 -0.78973085 0.64603871 -0.62742245 -0.43471268
0.65714407 0.14270324 0.74013352 -0.68312633 0.52777427 0.50477010
0.64737797 0.13060156 0.75089622 -0.66354942 0.58128107 0.47097194
0.66589504 0.19714206 0.71952683 -0.63337964 0.65902674 0.40560332
0.69746321 0.24389942 0.67383844 -0.67268610 0.54700083 0.49828056
0.67338580 0.12949783 0.72786117 -0.67963964 0.49588037 0.54054844
0.69838852 0.24547526 0.67230606 -0.67098695 0.55143696 0.49567518
0.66399479 0.27553764 0.69511873 -0.62723428 0.71131277 0.31719309
0.65638757 0.25198776 0.71109605 -0.67027944 0.62737495 0.39639139
0.65059549 0.11738079 0.75029820 -0.65188813 0.59314048 0.47246832
0.66885668 0.13354249 0.73129827 -0.66810435 0.53936392 0.51256526
-0.55774683 0.05670400 -0.82807195 0.69862270 -0.50660771 -0.50524741
-0.56013584 0.04744376 -0.82704109 0.68200940 -0.54028672 -0.49290311
-0.58585250 -0.02912335 -0.80989432 0.71882170 -0.48018962 -0.50270605
-0.59388882 0.02145675 -0.80426103 0.46557263 -0.80610162 -0.36529768
-0.59788835 0.01635510 -0.80141258 0.45398098 -0.81707865 -0.35536411
0.60115290 -0.01012610 0.79906988 -0.40365010 0.85913843 0.31455970
0.65428710 -0.08097120 0.75189900 0.09820154 0.99493015 0.02169000
0.46291757 -0.05421934 0.88474154 0.29951155 0.94898880 -0.09855489
0.46023467 -0.05178526 0.88628572 0.21901527 0.97406578 -0.05681709
0.52039063 -0.07158262 0.85092276 0.13491271 0.99085718 0.00084712
0.44646117 -0.07727411 0.89146012 0.05786080 0.99667221 0.05741632
0.55745733 -0.07272280 0.82701433 0.05456791 0.99721158 0.05090689
0.52902043 -0.07733773 0.84507775 0.17690083 0.98401129 -0.02068798
0.58148348 -0.08075467 0.80954045 0.05086707 0.99672341 0.06288964
0.54193181 -0.09556010 0.83497196 -0.25620973 0.92743558 0.27243316
0.54053187 -0.07939086 0.83756942 -0.07412405 0.98717248 0.14140783
0.58529025 -0.07652514 0.80720460 0.09712654 0.99498504 0.02390241
0.65976369 -0.09327022 0.74566257 0.01612722 0.99379653 0.11003834
0.69547462 -0.09204134 0.71263140 0.14433277 0.98944294 -0.01306444
0.45580438 -0.07711688 0.88673300 0.00970882 0.99661118 0.08168212
0.57355750 -0.06509322 0.81657505 0.16305704 0.98596203 -0.03593443
0.59708458 -0.07703310 0.79847103 0.27985662 0.95284319 -0.11734629
0.60192865 -0.07984060 0.79454857 0.29288247 0.94772375 -0.12664741
0.67477149 -0.09142096 0.73234260 0.12378084 0.99226105 0.00981737
-0.50807291 0.21148017 -0.83494794 0.39567733 -0.80373776 -0.44434804
-0.51199031 0.20568743 -0.83400160 0.40892226 -0.79547226 -0.44722086
-0.38271743 0.31225190 -0.86949772 0.48334479 -0.73439831 -0.47648397
-0.38687167 0.31030622 -0.86835504 0.47867790 -0.73728871 -0.47673148
-0.44181135 0.28748214 -0.84979814 0.32427943 -0.83203548 -0.45006651
-0.48194984 0.24851359 -0.84021747 0.36648601 -0.81384838 -0.45093116
0.67520231 -0.11075467 0.72927046 0.28912109 0.94929063 -0.12351638
0.71923441 -0.16868597 0.67397851 0.19457002 0.98016447 0.03768447
0.69636697 -0.15425521 0.70091259 0.33681077 0.93264204 -0.12937275
0.66566092 -0.24609196 0.70451003 0.16066743 0.96918285 0.18673693
0.71916616 -0.19713882 0.66628546 0.03535266 0.96804690 0.24826476
0.61242777 -0.21804954 0.75985968 0.09956908 0.97482872 0.19948696
0.63999814 -0.22627799 0.73430288 -0.04963741 0.94148356 0.33338407
0.51062220 -0.23877172 0.82598609 -0.07570550 0.94444978 0.31981757
0.76908886 -0.30611214 0.56106842 0.46577632 0.86956459 -0.16404268
-0.81477338 0.34518072 -0.46582684 -0.49952030 -0.82580268 0.26178113
0.62799525 -0.31364182 0.71221542 0.23330554 0.94897079 0.21218610
0.65781128 -0.29053196 0.69489253 0.26072550 0.95340359 0.15180194
0.58526105 -0.23432483 0.77624834 0.31937456 0.94656229 0.04494126
0.66761309 -0.28076199 0.68954009 0.20818597 0.95962220 0.18916625
0.65147305 -0.28715187 0.70222986 0.15957822 0.95676208 0.24318977
-0.52076024 0.28228304 -0.80568296 0.46283263 -0.69966435 -0.54429382
-0.53356570 0.20228322 -0.82121205 0.40201405 -0.79361385 -0.45668554
0.54587889 -0.34857959 0.76191115 -0.07885860 0.88393801 0.46090668
-0.56458896 0.09626150 -0.81973964 0.34001535 -0.87786043 -0.33726940
0.55308169 -0.11871011 0.82462633 0.11978932 0.99084306 0.06229464
0.66797531 0.28007352 0.68946928 -0.47033671 0.87686229 0.09947854
0.40443054 0.19964205 0.89251274 0.08176909 0.96408230 -0.25270370
0.86090535 0.33530116 0.38264224 -0.40851197 0.90386420 0.12707280
0.77691144 0.26696187 0.57021058 -0.46193036 0.85707974 0.22811116
0.88331407 0.39188200 0.25726423 -0.45627296 0.84464037 0.27999574
0.88921058 0.44844127 0.09058107 -0.44961974 0.82001245 0.35414925
0.83190644 0.48438284 0.27074897 -0.55338198 0.68790448 0.46963379
0.83034378 0.49313498 0.25951335 -0.55502313 0.69026148 0.46420723
0.83377647 0.27234980 0.48025241 -0.46980783 0.80689281 0.35805672
0.75562823 0.18657185 0.62786704 -0.36781096 0.91403377 0.17104790
-0.47034001 0.01008500 -0.88242769 0.38270605 -0.89868271 -0.21425574
0.77064282 0.18840066 0.60878146 -0.41215274 0.87595928 0.25065029
0.76504922 0.25047061 0.59326583 -0.54162055 0.74861407 0.38239270
0.81521159 0.40697837 0.41206649 -0.57777846 0.62065202 0.53005958
0.82098085 0.42242339 0.38412097 -0.56469440 0.70010585 0.43700343
0.76562440 0.23674364 0.59814030 -0.53890616 0.74379486 0.39541051
0.75897640 0.28738844 0.58426267 -0.45115572 0.87912035 0.15364233
0.65388167 0.21946774 0.72406679 -0.42070892 0.90087909 0.10686853
0.57691526 0.18097717 0.79650241 -0.29560772 0.95530492 -0.00294761
0.58480281 0.18072084 0.79078805 -0.32883108 0.94398993 0.02744438
0.58256340 0.16505387 0.79584992 -0.34150830 0.93824464 0.05539903
0.69919848 0.13911563 0.70126200 -0.53324974 0.75482970 0.38193840
0.72573203 0.15272364 0.67081183 -0.55751854 0.70184994 0.44337326
0.76358682 0.24377336 0.59792119 -0.62153322 0.52847815 0.57827961
0.72502244 0.07946827 0.68412519 -0.61481714 0.52234316 0.59089553
-0.64656293 -0.01695105 -0.76267231 0.62980735 -0.57599759 -0.52112341
-0.58514750 0.10726897 -0.80380088 0.57325488 -0.64636785 -0.50357485
-0.49506629 0.31860197 -0.80833298 0.53192788 -0.62447262 -0.57191497
-0.67493600 -0.02009499 -0.73760265 0.62155968 -0.55419415 -0.55365384
-0.44632208 0.37715703 -0.81151038 0.58996570 -0.55784416 -0.58373821
-0.21445689 0.59980953 -0.77086747 0.54271221 -0.58300775 -0.60462004
-0.36163366 0.45614481 -0.81311315 0.64505136 -0.50728244 -0.57146603
-0.35940424 0.45279130 -0.81597096 0.64100248 -0.51568282 -0.56849539
-0.38865763 0.43694881 -0.81118494 0.57695544 -0.57101125 -0.58401084
-0.56232905 0.29683793 -0.77179879 0.38787669 -0.72961396 -0.56321859
0.61970085 -0.28859636 0.72985137 -0.16802856 0.85959041 0.48256683
-0.63038158 0.19441871 -0.75154537 0.28848010 -0.84012926 -0.45930612
