0.76088929 -0.47526866 -0.44177732 0.41037419 0.87984002 -0.23973852
0.74318367 -0.47703892 -0.46916083 0.51252234 0.85663438 -0.05914745
0.59033293 -0.40716499 -0.69693881 0.43695110 0.88719231 -0.14820097
0.59974784 -0.42675561 -0.67689162 0.54850131 0.83516574 -0.04055174
-0.70281619 0.43586987 0.56219828 -0.62571931 -0.75474256 -0.19707651
0.67040557 -0.43798560 -0.59893662 0.55314249 0.83302695 0.00997765
0.66868210 -0.43265787 -0.60470784 0.49019143 0.86802667 -0.07900736
0.63942909 -0.41812307 -0.64521593 0.49630377 0.86540568 -0.06896136
0.63644153 -0.41998339 -0.64695919 0.45292056 0.88241899 -0.12727824
0.64780265 -0.41613269 -0.63811070 0.21918584 0.90401888 -0.36702520
0.66739166 -0.41304240 -0.61966479 0.17967062 0.89681804 -0.40427214
0.69028610 -0.40334833 -0.60067904 -0.06285059 0.79363346 -0.60514116
0.68939316 -0.40527886 -0.60040504 -0.06656435 0.78989619 -0.60961723
0.71233910 -0.39313102 -0.58139575 -0.08265430 0.77563709 -0.62574393
0.65303528 -0.41662174 -0.63243288 0.13475007 0.88568044 -0.44431144
0.65056920 -0.41582498 -0.63549137 0.13564238 0.88694841 -0.44150162
0.64269638 -0.42302573 -0.63874137 0.12634613 0.88084334 -0.45623648
0.65193349 -0.44785300 -0.61189085 0.26033777 0.89009660 -0.37410203
0.75001889 -0.46664721 -0.46873447 0.04879349 0.74578857 -0.66439342
0.75909722 -0.45956856 -0.46105117 0.03913021 0.73917669 -0.67237395
0.74797660 -0.45334360 -0.48477900 0.01978171 0.74529332 -0.66644335
0.74673420 -0.45299309 -0.48701677 -0.00454372 0.72872967 -0.68478638
0.76685280 -0.44897264 -0.45865059 0.09580377 0.78667271 -0.60989153
0.74423462 -0.46215469 -0.48221153 0.12250756 0.80416638 -0.58164287
0.79639530 -0.43433574 -0.42084098 0.08996168 0.77319908 -0.62775010
0.74666786 -0.47322437 -0.46748883 0.06570461 0.75181311 -0.65609443
0.80162948 -0.48995772 -0.34253713 0.26377276 0.80406779 -0.53282177
0.70209515 -0.55330014 -0.44824260 0.22671925 0.77041626 -0.59586686
0.74530751 -0.53068560 -0.40359586 0.20931530 0.76098388 -0.61407697
0.62075275 -0.51484537 -0.59127003 0.34965992 0.85680914 -0.37896708
0.60959321 -0.53525227 -0.58472311 0.36313528 0.84422868 -0.39422160
0.51222098 -0.53788483 -0.66955930 0.40525782 0.83871984 -0.36375150
0.47887284 -0.51361662 -0.71195430 0.46218187 0.83699811 -0.29295394
0.34151119 -0.46691918 -0.81569391 0.54585052 0.80504048 -0.23228665
0.32552093 -0.47747636 -0.81612039 0.55179036 0.79684258 -0.24610844
0.32030076 -0.52645093 -0.78756386 0.50210112 0.79932600 -0.33010983
-0.53260607 -0.69534296 0.48252365 -0.16769041 -0.47211584 -0.86544013
0.38753223 -0.44967800 -0.80474126 0.61800462 0.77446973 -0.13515563
0.40261516 -0.45731375 -0.79294711 0.56432348 0.80605996 -0.17834368
0.41391230 -0.43831575 -0.79784465 0.55319870 0.81715900 -0.16193369
0.39814800 -0.44563320 -0.80180371 0.55963397 0.81056541 -0.17260793
0.41244841 -0.51678205 -0.75021505 0.47256839 0.82542735 -0.30878609
0.45756131 -0.52884716 -0.71481353 0.47467351 0.82504934 -0.30655938
0.55281538 -0.54879928 -0.62706822 0.44464272 0.83069557 -0.33501911
0.32969105 -0.45593095 -0.82669872 0.52510756 0.81626898 -0.24076366
0.29985794 -0.42057544 -0.85627180 0.58357000 0.79091603 -0.18411417
0.55835676 -0.54949111 -0.62152815 0.43388274 0.83197987 -0.34576756
0.44512674 -0.52690852 -0.72403711 0.45076546 0.83049065 -0.32725504
0.32201144 -0.40326756 -0.85655355 0.58027762 0.79894614 -0.15799707
-0.63622499 -0.19175975 0.74729252 -0.34973395 -0.79169303 -0.50090748
-0.69464183 -0.14630961 0.70431972 -0.41633812 -0.71667892 -0.55949438
-0.70854700 -0.11508703 0.69621563 -0.33183348 -0.81638080 -0.47266161
0.46637571 -0.40037063 -0.78879470 0.53238231 0.83917254 -0.11116938
0.53112841 -0.38282305 -0.75587636 0.49797124 0.86281097 -0.08707404
0.52886224 -0.38339931 -0.75717217 0.49966994 0.86179811 -0.08737274
0.53122926 -0.40858930 -0.74219286 0.47107947 0.87057203 -0.14208607
0.55143261 -0.40905225 -0.72704774 0.44719419 0.88067305 -0.15630861
0.57689506 -0.37810299 -0.72403747 0.45351738 0.88549823 -0.10106881
0.56797916 -0.36849055 -0.73594457 0.49580860 0.86690849 -0.05141509
0.60238618 -0.38207367 -0.70082146 0.49742731 0.86635035 -0.04475651
0.59660459 -0.38848808 -0.70223933 0.50452310 0.86204803 -0.04826646
0.60386962 -0.39287391 -0.69353557 0.50648630 0.86098117 -0.04672475
0.60371619 -0.38336828 -0.69896746 0.50380397 0.86297411 -0.03817390
0.62091243 -0.37822431 -0.68659604 0.45567766 0.88685536 -0.07645588
0.61800665 -0.38620949 -0.68477005 0.46252126 0.88294148 -0.08055144
0.61595064 -0.37815994 -0.69108599 0.56321079 0.82475799 0.05067318
-0.65703583 0.28812218 0.69662738 -0.69553238 -0.58809549 -0.41276914
-0.66747838 0.31953180 0.67258608 -0.71122915 -0.54106379 -0.44877973
-0.65009445 0.28150225 0.70578599 -0.64140391 -0.70130771 -0.31107658
-0.64111924 0.26498449 0.72024262 -0.64729160 -0.69089234 -0.32199609
0.56076276 -0.32475713 -0.76162857 0.57013142 0.81850040 0.07076237
0.56445402 -0.33086014 -0.75625604 0.51984382 0.85414135 0.01431602
0.57331908 -0.34348157 -0.74385864 0.45817974 0.88706386 -0.05647165
-0.55757540 0.24741682 0.79239798 -0.63762629 -0.73886609 -0.21796727
-0.68557507 0.34129888 0.64304119 -0.63610870 -0.71041453 -0.30112618
-0.69152129 0.36487114 0.62343192 -0.70314121 -0.53774190 -0.46521622
0.63143247 -0.39963901 -0.66451609 0.46016905 0.88287312 -0.09369951
0.63596839 -0.41217336 -0.65242422 0.45287400 0.88387221 -0.11694078
0.59926218 -0.36026394 -0.71490890 0.46895742 0.88173348 -0.05123496
0.57465887 -0.35667413 -0.73658055 0.48804879 0.87183362 -0.04140608
0.60409194 -0.39039645 -0.69473994 0.40912175 0.90006101 -0.15003236
0.53859937 -0.36488205 -0.75945497 0.48751676 0.87011456 -0.07230576
-0.63543612 -0.60936314 0.47423369 -0.18477035 -0.47632939 -0.85963380
0.50433445 -0.45539722 -0.73366219 0.49849248 0.84730196 -0.18326144
0.52761590 -0.57415450 -0.62607366 0.34554410 0.81833470 -0.45926860
0.49399525 -0.58462828 -0.64356709 0.38517681 0.81074214 -0.44083562
0.48254797 -0.60474128 -0.63358945 0.40523943 0.79545075 -0.45059845
0.75534528 -0.57046539 -0.32252574 0.35926366 0.77208239 -0.52423137
0.74827826 -0.57549345 -0.32998043 0.36449891 0.77227730 -0.52031559
0.73633784 -0.58216685 -0.34480199 0.38304859 0.77874339 -0.49682248
0.58851850 -0.61643410 -0.52312052 0.37301305 0.78108442 -0.50076783
0.60107845 -0.61199045 -0.51397705 0.39605883 0.78669894 -0.47354224
0.45544082 -0.60265034 -0.65527576 0.44488415 0.79161751 -0.41883156
0.62355298 -0.60927135 -0.48986754 0.44746751 0.79196072 -0.41541684
0.70975518 -0.59972495 -0.36956403 0.45568761 0.79093814 -0.40836963
0.48195052 -0.61416942 -0.62491572 0.42350575 0.78765231 -0.44748935
0.21769112 -0.56012374 -0.79929477 0.42097825 0.79272628 -0.44086552
0.25517815 -0.57181174 -0.77968943 0.44434166 0.78554189 -0.43067887
0.25134754 -0.56905669 -0.78294247 0.41329384 0.79455864 -0.44481999
0.15884264 -0.51523370 -0.84220141 0.51706523 0.77010500 -0.37360659
0.59884679 -0.61335266 -0.51495731 0.40083325 0.78621781 -0.47031301
0.59633559 -0.61342525 -0.51777732 0.39819378 0.78611398 -0.47272250
0.60306251 -0.61241025 -0.51114517 0.38866830 0.78515702 -0.48214671
0.66970885 -0.60295486 -0.43351537 0.38524136 0.78114653 -0.49132398
0.79015595 -0.56121391 -0.24635877 0.40546685 0.78006488 -0.47654533
0.77273136 -0.57159966 -0.27597120 0.41352889 0.78320813 -0.46430483
0.82310730 -0.53562951 -0.18866743 0.37661067 0.76352185 -0.52459395
0.76294827 -0.57606101 -0.29336613 0.36547643 0.75868261 -0.53928447
0.31152445 0.76125056 -0.56872678 -0.85175020 0.48904276 0.18803950
0.66271502 -0.62457401 -0.41317815 0.34824598 0.74547714 -0.56832093
0.62623835 -0.63434708 -0.45324314 0.33965492 0.74527043 -0.57376528
0.61776072 -0.63473564 -0.46420079 0.28802890 0.73192930 -0.61751020
0.41472352 -0.64154762 -0.64530700 0.43261084 0.76290864 -0.48043555
0.41674179 -0.64383733 -0.64171624 0.43235159 0.76136714 -0.48310694
0.75639480 -0.57355732 -0.31448203 0.36812007 0.77066839 -0.52015179
0.75258088 -0.57487130 -0.32116210 0.37253466 0.77385515 -0.51221699
0.78704423 -0.55080903 -0.27779651 0.31833580 0.74835294 -0.58191937
0.77453637 -0.54389971 -0.32290345 0.26108831 0.73988509 -0.62000239
0.80006617 -0.51464593 -0.30827552 0.24172643 0.74686277 -0.61948723
0.63643998 -0.58856440 -0.49853402 0.33054239 0.79209238 -0.51315838
0.70959353 -0.59480149 -0.37774095 0.40948802 0.78438902 -0.46588993
0.71208835 -0.59233332 -0.37692380 0.39098650 0.78047019 -0.48784828
0.75217396 -0.57412881 -0.32343549 0.36730611 0.77278870 -0.51757503
0.67076832 -0.60237074 -0.43268853 0.35351217 0.77253515 -0.52746439
0.72856349 -0.57325828 -0.37492701 0.29923880 0.75873107 -0.57860470
0.52219468 -0.61296958 -0.59294271 0.46268365 0.78767693 -0.40680334
0.60962033 -0.57601905 -0.54457790 0.34115991 0.81076896 -0.47567177
0.75249314 -0.55667502 -0.35194737 0.28651434 0.75786799 -0.58612764
0.69391847 -0.57476515 -0.43373054 0.22226657 0.74392229 -0.63022000
0.64576757 -0.47483763 -0.59792429 0.27968174 0.87577873 -0.39343327
0.62976921 -0.41822347 -0.65458381 0.30422819 0.90816474 -0.28754494
0.63149977 -0.41713020 -0.65361333 0.30031621 0.90874970 -0.28980026
0.69418097 -0.45941734 -0.55411965 -0.07714379 0.71790493 -0.69185364
0.75396878 -0.41895247 -0.50597429 -0.02321631 0.75275815 -0.65788776
0.74090594 -0.43060362 -0.51540172 0.02759349 0.78628260 -0.61725050
0.62237728 -0.48929635 -0.61093020 0.32838306 0.87173873 -0.36364296
0.78487521 -0.47285676 -0.40047148 0.35381007 0.87255567 -0.33684584
0.75156176 -0.47107404 -0.46178371 0.22727527 0.84208089 -0.48912758
0.68315959 -0.40977943 -0.60446167 -0.03485185 0.80848634 -0.58748215
0.71173465 -0.39137590 -0.58331698 -0.05441245 0.79719317 -0.60126728
0.69736004 -0.41677719 -0.58308303 -0.23369598 0.63685644 -0.73471087
0.81400514 -0.35262248 -0.46157661 0.09357142 0.86387336 -0.49494165
0.67756081 -0.41178066 -0.60938340 0.28803024 0.91095179 -0.29530561
0.69671541 -0.42091432 -0.58087760 0.33281168 0.90699941 -0.25804746
0.70614862 -0.41735795 -0.57198465 0.29518706 0.90779126 -0.29795909
0.71015263 -0.41420254 -0.56931502 0.19372630 0.89237714 -0.40759441
0.78726035 -0.42573470 -0.44606179 0.42298010 0.89922500 -0.11172401
0.77422494 -0.41686067 -0.47623831 0.31051087 0.90585554 -0.28811252
0.75085992 -0.42811120 -0.50292170 0.44410741 0.89088905 -0.09531728
0.84276271 -0.36961421 -0.39132637 0.17421415 0.87514824 -0.45140341
0.71659446 -0.42995822 -0.54920715 0.47000748 0.87944984 -0.07523939
0.71377695 -0.44019049 -0.54475212 0.47466359 0.87596667 -0.08588913
0.70974290 -0.44668159 -0.54473913 0.44889399 0.88271523 -0.13895346
0.69955951 -0.43736950 -0.56508803 0.47687489 0.87469053 -0.08664244
0.68063915 -0.42983246 -0.59327430 0.48674160 0.87054873 -0.07230167
0.69396102 -0.43433404 -0.57425791 0.47395587 0.87596047 -0.08977245
0.65073150 -0.41586104 -0.63530159 0.21985640 0.90403807 -0.36657664
0.61405426 -0.41559803 -0.67098123 0.32135701 0.90812767 -0.26839113
0.63145661 -0.41216657 -0.65679628 0.50426400 0.86173421 -0.05596429
0.65979981 -0.42587227 -0.61910999 0.50367892 0.86206031 -0.05621035
0.70572710 -0.45858294 -0.54004723 0.52418691 0.85077983 -0.03744151
-0.68473208 0.32550067 0.65206695 -0.62217766 -0.72700930 -0.29043493
