0.63712996 -0.36434451 -0.67920440 -0.76248986 -0.42666420 -0.48638129
0.63894004 -0.36510751 -0.67709106 -0.76635194 -0.37852845 -0.51905787
0.58924884 -0.24776624 -0.76902395 -0.74592108 -0.53257191 -0.39996123
0.65070361 -0.41954714 -0.63290215 -0.71307206 -0.05114822 -0.69922256
0.64773715 -0.42434758 -0.63274467 -0.75437689 -0.24108659 -0.61056763
0.66621053 -0.35888588 -0.65373123 -0.72704101 -0.11736475 -0.67648870
0.65465426 -0.38611925 -0.64987671 -0.75325769 -0.26100406 -0.60372162
0.64834481 -0.47465786 -0.59527224 -0.75882500 -0.46645349 -0.45453906
0.70343524 -0.34322578 -0.62239450 -0.63839775 0.07984580 -0.76555401
0.64804757 -0.38896355 -0.65478379 -0.75892150 -0.25776607 -0.59799236
0.69785714 -0.28250635 -0.65816838 -0.69201154 -0.02897373 -0.72130477
0.65162438 -0.33969045 -0.67823011 -0.75667667 -0.22843006 -0.61258477
0.65178007 -0.31208605 -0.69121999 -0.75833237 -0.28105804 -0.58816534
0.65519720 -0.33368939 -0.67776704 -0.75513107 -0.26288807 -0.60055560
0.64962763 -0.21461597 -0.72933120 -0.75445729 -0.30021447 -0.58366561
0.65151966 -0.27049470 -0.70876992 -0.75078082 -0.09583607 -0.65356231
0.65831929 -0.11917327 -0.74324524 -0.75270665 -0.11335762 -0.64852363
0.69389731 -0.07984267 -0.71563381 -0.66469872 0.31117097 -0.67922634
0.65706533 -0.11647456 -0.74478114 -0.75274366 -0.15448701 -0.63993019
0.65863001 -0.12475549 -0.74205297 -0.75244164 -0.11728787 -0.64813209
0.69783241 -0.10302798 -0.70881253 -0.64208239 0.34858248 -0.68280345
0.72040820 0.02307475 -0.69316638 -0.48721999 0.72812623 -0.48212963
0.78426206 0.12763168 -0.60716003 -0.56187147 0.56113380 -0.60780698
0.68845206 -0.00038144 -0.72528183 -0.70404977 -0.24054243 -0.66817170
0.70392919 -0.07373147 -0.70643294 -0.60169810 0.46659625 -0.64826494
0.72746658 0.04463276 -0.68469000 -0.49430022 0.72617602 -0.47784495
0.70552415 0.00509548 -0.70866764 -0.50281698 0.70828038 -0.49549380
0.66209382 -0.05793941 -0.74717790 -0.74913824 -0.07855312 -0.65773964
0.65322006 -0.04213671 -0.75599480 -0.73935765 -0.25078240 -0.62486684
0.70358998 -0.07562663 -0.70657045 -0.59957606 0.47050333 -0.64740646
0.72104627 0.06367831 -0.68995464 -0.62277967 0.49602729 -0.60506403
0.70752889 0.07435545 -0.70276183 -0.52621520 0.71921062 -0.45368886
0.73206401 -0.00487581 -0.68121845 -0.47759780 0.70939541 -0.51832277
0.71850038 0.02865392 -0.69493616 -0.53846359 0.65534288 -0.52970064
0.66269571 -0.06076040 -0.74641991 -0.74862152 -0.08037504 -0.65810770
0.70534652 0.04342486 -0.70753133 -0.70130718 -0.10259184 -0.70543826
0.71270210 0.04127926 -0.70025128 -0.64245355 0.43918788 -0.62798691
0.71748972 0.08567967 -0.69127965 -0.65390098 0.42484176 -0.62603754
0.70862287 0.07725587 -0.70134526 -0.56644559 0.65495157 -0.50017780
0.74561054 -0.02159664 -0.66603196 -0.46456978 0.69970024 -0.54276568
0.70832366 -0.07330505 -0.70207125 -0.51845688 0.62094021 -0.58790803
0.66178775 -0.07950964 -0.74546313 -0.74968511 -0.06617840 -0.65847754
0.69669980 0.11067840 -0.70877337 -0.69057345 -0.16401073 -0.70442092
0.72412264 0.07812423 -0.68523210 -0.63486266 0.46366674 -0.61803126
0.69842511 0.07751034 -0.71147352 -0.66488302 0.43812871 -0.60495776
0.63234526 0.11086461 -0.76671278 -0.60886014 0.68305731 -0.40338820
0.73738027 -0.14818600 -0.65902299 -0.41040337 0.67662883 -0.61134487
0.73462486 -0.05487230 -0.67625093 -0.49062580 0.64548355 -0.58535230
0.63568348 0.17666580 -0.75146240 -0.76173997 -0.01424441 -0.64772636
0.68747103 0.12616712 -0.71516818 -0.71386421 -0.06342251 -0.69740635
0.69934160 -0.05987287 -0.71227568 -0.65215099 -0.46137321 -0.60152632
0.72130859 0.06868288 -0.68920004 -0.65700233 0.38281661 -0.64946085
0.71922868 0.10020854 -0.68750888 -0.64541805 0.46267149 -0.60775876
0.70604324 0.10004596 -0.70106620 -0.65396571 0.47195682 -0.59125769
0.60524029 0.21843314 -0.76548761 -0.65452254 0.68387443 -0.32236001
0.62684423 0.12505753 -0.76904297 -0.59882557 0.70880103 -0.37283936
0.72864783 -0.16748475 -0.66409433 -0.42097539 0.65531719 -0.62716758
0.73027772 -0.08459709 -0.67789227 -0.48358613 0.63688415 -0.60043573
0.63583040 0.16245893 -0.75453752 -0.76944160 0.21024817 -0.60312140
0.64223087 0.09723310 -0.76031929 -0.76399332 0.00086517 -0.64522362
0.68259943 0.19662698 -0.70384371 -0.68619883 -0.15883805 -0.70986032
0.73254973 0.21918434 -0.64446044 -0.67333305 0.37235388 -0.63872945
0.72811985 0.15116091 -0.66857457 -0.64555663 0.47912347 -0.59472471
0.71550739 0.14095290 -0.68423784 -0.65000772 0.49323756 -0.57810611
0.62268567 0.23743136 -0.74557960 -0.61902618 0.73230529 -0.28378794
0.54865587 0.22637883 -0.80481637 -0.65489584 0.71476471 -0.24540362
0.61034703 0.13398692 -0.78072017 -0.64470899 0.65667331 -0.39131898
0.71667790 -0.19401132 -0.66987497 -0.40161812 0.67045182 -0.62385678
0.72500426 -0.17080055 -0.66723019 -0.43961075 0.63100147 -0.63920230
0.75089121 -0.08032340 -0.65552318 -0.31432918 0.82947731 -0.46169752
0.67728347 0.16292566 -0.71745551 -0.71859401 -0.06270303 -0.69259733
0.66540492 0.25582895 -0.70127594 -0.69336617 -0.13621873 -0.70759302
0.66080374 0.17875871 -0.72896081 -0.74709481 0.24985814 -0.61597109
0.72314709 0.13152847 -0.67805505 -0.65592843 0.43831009 -0.61452603
0.71599877 0.14609659 -0.68264306 -0.65319926 0.48524225 -0.58126652
0.66755271 0.22339889 -0.71025789 -0.71376354 0.46353251 -0.52505165
0.63011807 0.24403247 -0.73715627 -0.59865850 0.75727630 -0.26103774
0.63470584 0.29983860 -0.71221161 -0.61689174 0.75167304 -0.23330732
0.56164622 0.31031740 -0.76697892 -0.69292700 0.68297076 -0.23109116
0.68833941 -0.23005454 -0.68794173 -0.39656830 0.67475772 -0.62244332
0.73302847 -0.17064992 -0.65844357 -0.42986292 0.63398731 -0.64286703
0.71028042 -0.14806910 -0.68816960 -0.47206154 0.62500936 -0.62170827
0.65467477 0.27593985 -0.70374578 -0.72391188 -0.03913948 -0.68878138
0.67021692 0.21401654 -0.71063793 -0.70708686 -0.10676292 -0.69902068
0.70995194 0.12748180 -0.69261587 -0.66706365 0.43708313 -0.60331130
0.63829815 0.32617536 -0.69726986 -0.74957269 0.46958256 -0.46651164
0.63685846 0.25999662 -0.72581899 -0.58393317 0.77737635 -0.23389784
0.59059620 0.33346984 -0.73484284 -0.64457911 0.74281198 -0.18096474
0.63799620 0.30703717 -0.70617920 -0.62872386 0.73719120 -0.24749851
0.54368252 0.30692255 -0.78115809 -0.70005447 0.67923981 -0.22035663
0.54279214 0.31152141 -0.77995586 -0.68698245 0.69891286 -0.19893721
0.62577724 -0.29459500 -0.72223032 -0.43086439 0.64129102 -0.63490295
0.71291703 -0.16224356 -0.68222165 -0.53322321 0.50642204 -0.67765015
0.68655175 -0.23477238 -0.68813419 -0.44088712 0.61815524 -0.65077078
0.61026525 0.26520717 -0.74648613 -0.79068041 0.26219243 -0.55324465
0.66338068 0.23312926 -0.71103930 -0.71012694 -0.10341771 -0.69643712
0.62429440 0.27997309 -0.72929531 -0.59790319 0.77207845 -0.21542224
0.57547867 0.34316808 -0.74233413 -0.66627413 0.72309560 -0.18224031
0.56950289 0.36720908 -0.73540735 -0.66164249 0.73565698 -0.14504534
0.54989916 0.28649074 -0.78455973 -0.56118762 0.82244587 -0.09301195
0.65228033 0.27153486 -0.70767170 -0.71841466 -0.07621738 -0.69142705
0.54754966 0.33347684 -0.76745206 -0.58134586 0.81127173 -0.06225190
0.52895850 0.37065879 -0.76342320 -0.67818582 0.72540385 -0.11769998
0.62883693 0.33682740 -0.70079345 -0.55650586 0.82441986 -0.10311758
0.56692249 0.29222089 -0.77019864 -0.38624287 0.92011827 0.06479890
0.54000604 0.32420138 -0.77671558 -0.61104923 0.78563917 -0.09690163
0.57778829 0.34737393 -0.73857433 -0.79484272 0.03388777 -0.60586858
0.53950667 0.36374706 -0.75935549 -0.62059867 0.78128904 -0.06666917
0.59603590 0.23975296 -0.76632881 -0.33712891 0.94090909 0.03215959
0.49153221 0.30729505 -0.81484097 -0.22126862 0.94903737 0.22442889
0.54398626 0.45302615 -0.70629054 -0.81013322 0.06432654 -0.58270597
0.59116167 0.32697570 -0.73730242 -0.80258352 0.32906109 -0.49757275
0.64977223 0.18426013 -0.73745805 -0.09923509 0.98243457 0.15803386
0.50176579 0.32097629 -0.80324680 -0.20118093 0.94644445 0.25252575
0.41183037 0.71841997 -0.56059664 -0.79620981 -0.01553053 -0.60482126
0.54758018 0.43119878 -0.71709383 -0.82093877 0.44267690 -0.36068928
0.59960610 0.33099619 -0.72863853 -0.79778254 0.31930539 -0.51145583
0.59481859 0.36965752 -0.71382368 -0.78335452 0.46584052 -0.41151959
0.63431048 0.13626993 -0.76097363 -0.09445464 0.99062818 0.09866210
0.64303619 0.19138843 -0.74153554 0.19018123 0.89803183 0.39669883
0.54841298 0.32713833 -0.76956081 -0.24644797 0.94265395 0.22509331
0.49179941 0.54928941 -0.67558455 -0.79605770 -0.03067880 -0.60444278
0.53478819 0.47506225 -0.69879711 -0.83461905 0.42612305 -0.34904188
0.56574923 0.42549589 -0.70631510 -0.80963749 0.44896388 -0.37804586
0.63206619 0.29312757 -0.71733445 -0.74874693 0.46954662 -0.46787190
0.59473443 0.36494136 -0.71631610 -0.78360838 0.46219555 -0.41513044
0.62237751 0.62918466 -0.46558881 -0.78219700 0.52164781 -0.34066328
0.72539932 0.07472756 -0.68426001 0.18758456 0.93500113 0.30097339
-0.65260983 -0.16390762 0.73975313 -0.39246011 -0.76202244 -0.51506990
-0.60691953 -0.22818874 0.76130062 -0.34192723 -0.78974414 -0.50930345
0.49915695 0.53680503 -0.68020791 -0.79183012 -0.03623611 -0.60966551
0.49714568 0.53649908 -0.68192005 -0.80240619 -0.01475844 -0.59659576
0.53019595 0.45519552 -0.71532470 -0.83906114 0.40301779 -0.36544928
0.55950111 0.41667646 -0.71647704 -0.81962782 0.40660864 -0.40358362
0.63643497 0.25280118 -0.72872633 -0.74663711 0.43905139 -0.49976689
0.60269660 0.37465739 -0.70454860 -0.78427750 0.44098169 -0.43639898
0.70383215 0.09165251 -0.70442903 0.26861775 0.88367230 0.38336384
0.71885765 0.08529168 -0.68990517 0.26551366 0.88351375 0.38588333
-0.66954142 -0.14544280 0.72839600 -0.43037465 -0.72329241 -0.54002398
0.55833894 0.51079714 -0.65371549 -0.74015695 -0.04922293 -0.67063022
0.53966427 0.45333835 -0.70939898 -0.83536303 0.39299643 -0.38434678
0.52005780 0.47107205 -0.71248233 -0.84722203 0.39038789 -0.36029467
0.56349349 0.42677748 -0.70734447 -0.82160574 0.37890601 -0.42590404
0.65593684 0.26028678 -0.70851803 -0.73618501 0.42787105 -0.52436441
0.60908830 0.36968169 -0.70167434 -0.77940857 0.44270214 -0.44332507
-0.64715695 -0.13234147 0.75078201 -0.36372334 -0.81190401 -0.45663685
-0.60887557 -0.18126117 0.77227908 -0.34940392 -0.81273878 -0.46623233
0.50410080 0.59851313 -0.62262708 -0.74129289 -0.07005221 -0.66751605
0.53793806 0.45100757 -0.71219021 -0.83806121 0.37729719 -0.39408156
0.52507967 0.44930714 -0.72278249 -0.84303808 0.39088339 -0.36945495
0.51520008 0.51711059 -0.68349516 -0.85690951 0.29535705 -0.42245737
0.56343824 0.46766314 -0.68104964 -0.82301450 0.38957870 -0.41337109
0.60334784 0.33308366 -0.72458726 -0.78198391 0.42534012 -0.45561731
0.65734935 0.25924376 -0.70759070 -0.73546547 0.42537096 -0.52739948
0.64181656 0.50157827 -0.58007830 -0.76685429 0.42221540 -0.48339295
-0.59807014 -0.17551270 0.78198940 -0.34981659 -0.82070446 -0.45174393
-0.60220909 -0.17490454 0.77894324 -0.32210919 -0.83952922 -0.43753448
0.50335962 0.59870529 -0.62304187 -0.74185526 -0.07026363 -0.66686875
0.47688171 0.57809079 -0.66211396 -0.83112144 0.05142595 -0.55370796
0.55477035 0.43892047 -0.70680887 -0.82583767 0.39373159 -0.40369251
0.53291482 0.45924389 -0.71070158 -0.84159362 0.37489110 -0.38881481
0.47153097 0.74123913 -0.47772709 -0.83421719 0.19930321 -0.51415950
0.52536166 0.48968369 -0.69584846 -0.84987426 0.34172341 -0.40117201
0.74037093 0.28443533 -0.60905457 -0.59233862 0.70440537 -0.39108580
0.66452819 0.25900829 -0.70094013 -0.72985113 0.42627493 -0.53442216
0.54500806 0.51780826 -0.65942466 -0.74402833 -0.06387306 -0.66508806
0.46432972 0.62116450 -0.63131022 -0.88535410 0.34435406 -0.31235939
0.53289008 0.45672616 -0.71234077 -0.84206909 0.36915195 -0.39325124
0.50985295 0.49848005 -0.70111889 -0.85841018 0.34824067 -0.37664363
0.53260195 0.46606657 -0.70648229 -0.84158647 0.38021418 -0.38362670
0.40608278 0.70044625 -0.58691728 -0.82214886 -0.00036463 -0.56927258
0.48235139 0.41997138 -0.76874000 -0.85443127 0.41901088 -0.30720857
0.48987263 0.62922692 -0.60340565 -0.87112629 0.38038445 -0.31055856
0.49432850 0.55747288 -0.66698074 -0.86246479 0.21867518 -0.45643812
0.46164230 0.64092124 -0.61327523 -0.75338048 -0.08170056 -0.65248984
0.42629662 0.64311212 -0.63614315 -0.86494237 0.08389220 -0.49480990
0.48937351 0.33836907 -0.80375367 -0.86677635 0.08728726 -0.49099874
0.49471962 0.46710908 -0.73284495 -0.86844844 0.29716313 -0.39685187
0.42775008 0.63135284 -0.64685661 -0.81111830 -0.04770467 -0.58293349
0.45120314 0.64728034 -0.61436468 -0.75305927 -0.09325141 -0.65131092
0.44251460 0.58596843 -0.67883867 -0.87478024 0.44863981 -0.18298052
0.43052083 0.62858909 -0.64770949 -0.85242945 0.04729140 -0.52069914
0.44757029 0.57931948 -0.68122673 -0.81709331 -0.04461546 -0.57477659
0.47269902 0.60315973 -0.64245939 -0.74658102 -0.11320885 -0.65559185
0.44424418 0.59263068 -0.67188990 -0.86248779 0.48581907 -0.14175530
0.44136730 0.58513439 -0.68030345 -0.84462005 0.52691102 -0.09477231
0.42343992 0.64459252 -0.63655263 -0.84028679 0.01687273 -0.54187965
0.43398711 0.59387708 -0.67746973 -0.80730057 -0.07743599 -0.58503795
0.46572989 0.61286581 -0.63835043 -0.75583887 -0.09965973 -0.64712864
0.45655692 0.62588793 -0.63231337 -0.74553692 -0.11870492 -0.65580779
0.45656723 0.53537929 -0.71057397 -0.78186673 0.62255496 -0.03331345
0.43575948 0.60148525 -0.66957390 -0.88965654 0.17504036 -0.42174888
0.44266972 0.57981026 -0.68400562 -0.88325435 0.41348067 -0.22112338
0.45225459 0.63121468 -0.63010627 -0.74320656 -0.12384990 -0.65749931
0.46128741 0.50187647 -0.73166525 -0.84214640 -0.01191889 -0.53911722
0.45213684 0.47634491 -0.75410068 -0.84816909 0.49123397 -0.19823833
0.44278592 0.56564158 -0.69569409 -0.87730694 0.11311097 -0.46641028
0.44948044 0.60305214 -0.65901101 -0.84241295 0.53157616 -0.08813211
0.46801525 0.58589661 -0.66157907 -0.76147914 -0.11253287 -0.63834620
0.47181836 0.47053626 -0.74564278 -0.83089662 -0.04562154 -0.55455351
0.47443071 0.45877826 -0.75129098 -0.87073690 0.11916126 -0.47709313
0.45934659 0.47409144 -0.75115788 -0.83525229 0.51829028 -0.18365422
0.44267681 0.56828654 -0.69360483 -0.88095814 0.13141361 -0.45458037
0.45516148 0.57464743 -0.68015325 -0.82424146 0.56088090 -0.07770926
0.47867426 0.54657865 -0.68711191 -0.75432926 -0.14445031 -0.64040732
0.51559138 0.45892400 -0.72357053 -0.78892565 -0.07521746 -0.60986775
0.48660359 0.52399647 -0.69903123 -0.76804894 -0.12471007 -0.62813079
0.47059178 0.45904070 -0.75354171 -0.82830489 0.52412659 -0.19799583
0.45604992 0.45699322 -0.76365948 -0.77370262 0.62762123 -0.08646315
0.45760694 0.46687725 -0.75671762 -0.88914818 0.23704377 -0.39144066
0.50459671 0.49763161 -0.70551050 -0.76117671 -0.12920363 -0.63554418
0.48765543 0.52902621 -0.69449520 -0.74265420 -0.16683909 -0.64855963
0.46891496 0.46156797 -0.75304306 -0.87441480 0.12235144 -0.46949866
0.50696039 0.47842395 -0.71700889 -0.75616878 -0.15245013 -0.63637072
0.49438101 0.51768589 -0.69827563 -0.72613865 -0.19561625 -0.65913355
0.46900097 0.32966390 -0.81936550 -0.62551314 0.77893543 -0.04464358
0.47216770 0.31952974 -0.82155859 -0.87769139 0.25705129 -0.40445328
0.49659362 0.50383306 -0.70678645 -0.75741488 -0.14616941 -0.63636249
0.45435339 0.49818590 -0.73849434 -0.88359183 0.14662886 -0.44470823
0.51042151 0.48424459 -0.71061736 -0.76510882 -0.12147377 -0.63233900
0.47099251 0.44064155 -0.76419973 -0.88058305 0.18345261 -0.43694234
0.47153947 0.43756896 -0.76562655 -0.85371596 0.00897776 -0.52066165
0.52677315 0.42684504 -0.73506016 -0.77881539 -0.10406573 -0.61856031
0.45446122 0.20272096 -0.86739218 -0.78087986 0.55919224 -0.27844340
0.45365071 0.52541721 -0.71981794 -0.88105124 0.14299271 -0.45089000
0.47316059 0.40066457 -0.78459352 -0.86727059 0.05536053 -0.49474949
0.52942282 0.42827529 -0.73231947 -0.77692723 -0.10193307 -0.62128407
0.47402346 0.42416793 -0.77161092 -0.87137032 0.10002988 -0.48032054
0.48198590 0.36593634 -0.79610318 -0.87215030 0.28740817 -0.39591727
0.49781609 0.27514848 -0.82247949 -0.86603343 0.20858823 -0.45439756
0.53574747 0.36336723 -0.76219356 -0.79393011 -0.09055729 -0.60122740
0.50111103 0.25463951 -0.82707107 -0.74592561 0.61162943 -0.26363698
0.50096780 0.30044365 -0.81164336 -0.85421169 0.02090087 -0.51950520
0.49019706 0.36414596 -0.79189938 -0.86673766 0.29959926 -0.39875570
0.50052953 0.29731542 -0.81306446 -0.86484843 0.21384464 -0.45421109
0.49746990 0.31431869 -0.80853420 -0.86612201 0.12781136 -0.48321530
0.50191933 0.30194378 -0.81049794 -0.84214807 -0.04297923 -0.53753084
0.49422598 0.36082727 -0.79091370 -0.85129493 0.01650336 -0.52442795
0.51573211 0.28952464 -0.80634725 -0.78323185 0.54077178 -0.30677977
0.50216252 0.25825673 -0.82530981 -0.86279666 0.21411312 -0.45797113
0.48209170 0.31442446 -0.81775600 -0.76885480 0.59934556 -0.22281669
0.48818904 0.27185512 -0.82931679 -0.75888860 0.60150778 -0.24955261
0.49429190 0.36163267 -0.79050452 -0.85396773 0.03198597 -0.51934201
0.50350302 0.29708880 -0.81130946 -0.84503275 0.36497709 -0.39078304
0.49295020 0.36524037 -0.78968328 -0.85439360 0.03176102 -0.51865482
0.51486909 0.25901642 -0.81720281 -0.84306377 -0.01983060 -0.53744787
0.51818740 0.12014475 -0.84678632 -0.82519603 0.33046484 -0.45808792
0.51839203 0.18460792 -0.83497882 -0.85418010 0.06545720 -0.51584089
0.47968704 0.31836870 -0.81764406 -0.77363521 0.59312236 -0.22292240
0.50939918 0.22841501 -0.82966202 -0.86001509 0.16849089 -0.48164812
0.50805861 0.22579995 -0.83119851 -0.77066678 0.55012417 -0.32161498
0.51263791 0.28790247 -0.80889720 -0.84948021 0.03308342 -0.52658224
0.51918411 0.11956339 -0.84625798 -0.85199994 0.15050243 -0.50144315
0.54915828 0.05995250 -0.83356524 -0.72685039 0.52651739 -0.44098517
0.51968879 0.19617227 -0.83152878 -0.85267913 0.05814946 -0.51918876
0.51191854 0.28728551 -0.80957186 -0.85899991 0.16278821 -0.48540625
0.51039344 0.28984258 -0.80962330 -0.85230643 0.04532430 -0.52107531
0.52716768 0.18408781 -0.82958180 -0.77168792 0.51247042 -0.37665886
0.51116699 0.30535665 -0.80340880 -0.84922272 0.03544579 -0.52684385
0.51928514 0.11793373 -0.84642464 -0.85161793 0.15409264 -0.50100136
0.55110908 -0.01547279 -0.83428979 -0.80301481 0.26194075 -0.53530765
0.55278832 -0.01536039 -0.83318019 -0.79804915 0.27805367 -0.53460622
0.55039781 0.06110388 -0.83266360 -0.75090909 0.47218931 -0.46170643
0.51982939 0.18685672 -0.83358389 -0.85397148 0.08786357 -0.51284766
0.52298874 0.30841771 -0.79458243 -0.73545539 -0.30789083 -0.60357982
0.51801938 0.24453220 -0.81967062 -0.85373485 0.20701134 -0.47778979
0.53315151 0.17950726 -0.82675666 -0.76509970 0.51937324 -0.38062319
0.51724494 0.07765944 -0.85230672 -0.85073972 0.15518901 -0.50215375
0.56550646 0.01676071 -0.82457364 -0.79656398 0.27021557 -0.54080439
0.53267401 -0.07335787 -0.84313524 -0.69735998 0.52642649 -0.48637873
0.55490828 0.09348924 -0.82664180 -0.65346807 0.66392297 -0.36357376
0.54318947 -0.03400720 -0.83892119 -0.49579972 0.79337490 -0.35318404
0.52032888 0.22729568 -0.82316136 -0.85206616 0.20244700 -0.48269916
0.52417403 0.14934365 -0.83841401 -0.84436482 0.21929815 -0.48883164
0.58303040 0.08056372 -0.80844611 -0.72472310 0.50133699 -0.47269195
0.52632022 0.13644738 -0.83926702 -0.84690684 0.17204043 -0.50314105
0.52736777 0.20435712 -0.82469475 -0.84906137 0.09103005 -0.52039248
0.60486478 -0.06101775 -0.79398710 -0.74991757 0.29176524 -0.59371442
0.55789316 -0.08382141 -0.82566899 -0.32154033 0.89535016 -0.30815575
0.55000240 0.06081212 -0.83294618 -0.79995316 0.32489738 -0.50449657
0.64468598 0.03765568 -0.76351953 -0.46787304 0.80930251 -0.35513997
0.55984074 0.12099769 -0.81971818 -0.79728347 0.34806848 -0.49314043
0.60827804 -0.05780292 -0.79161650 -0.74779773 0.29260021 -0.59597296
0.60999078 -0.05402154 -0.79056495 -0.74929816 0.28526384 -0.59764266
0.58175266 -0.12764843 -0.80328679 -0.50999832 0.71210170 -0.48250696
0.56077206 -0.17523651 -0.80921376 -0.42185867 0.78050125 -0.46136007
0.57786000 0.06249057 -0.81374002 -0.40226406 0.88934654 -0.21736243
0.65133661 -0.02723569 -0.75830007 -0.42446855 0.81528383 -0.39387667
0.60283309 -0.03189971 -0.79722941 -0.69491130 0.46996757 -0.54426908
0.61568582 -0.02393472 -0.78762817 -0.72635561 0.37029448 -0.57904196
0.58478296 -0.14816549 -0.79754370 -0.71142328 0.37871039 -0.59199274
0.55740243 -0.27487472 -0.78341973 -0.17492230 0.88354164 -0.43446109
0.52495021 0.05851507 -0.84911913 -0.39699888 0.89929593 -0.18346339
0.56015360 0.19246948 -0.80571920 -0.44512361 0.89022124 -0.09680440
0.62900740 0.08196492 -0.77306634 -0.26934600 0.95580995 -0.11781358
0.66717809 -0.06425563 -0.74212176 -0.40196824 0.80770886 -0.43130964
0.59713113 -0.19160487 -0.77892363 -0.66950911 0.41578746 -0.61553097
0.57932758 -0.16615018 -0.79798102 -0.70533663 0.38846806 -0.59295267
0.52254307 -0.27164090 -0.80818313 -0.21898539 0.87333274 -0.43512684
0.49038386 -0.41428128 -0.76674289 -0.15974107 0.82215768 -0.54638779
0.53348672 0.04096588 -0.84481573 -0.40876505 0.88692415 -0.21512038
0.47361076 0.19058956 -0.85986537 -0.48900965 0.86889493 -0.07675378
0.56218767 0.16978164 -0.80939442 -0.54205126 0.81481147 -0.20557909
0.51296753 0.19073410 -0.83694971 -0.36178589 0.93221492 -0.00929473
0.61769271 0.03706868 -0.78554553 -0.25079855 0.95601624 -0.15209579
0.54802829 0.09675067 -0.83084559 -0.23114783 0.97212607 -0.03926327
0.72535896 -0.09518927 -0.68175769 -0.41189742 0.73350734 -0.54065484
0.68808395 -0.05046606 -0.72387409 -0.21093564 0.94058865 -0.26608112
0.60676730 -0.17566985 -0.77522492 -0.66087544 0.43042117 -0.61480188
0.59006763 -0.20169513 -0.78175402 -0.63011146 0.49032539 -0.60211349
0.49589261 -0.33879811 -0.79956639 -0.66584063 0.44271803 -0.60054731
0.55304652 -0.20187084 -0.80832410 -0.23118582 0.89491886 -0.38167182
0.46154267 -0.44465816 -0.76763111 0.20440702 0.89533055 -0.39572850
0.51202416 -0.41092676 -0.75430131 -0.13204609 0.83005214 -0.54182774
0.53013903 -0.18964417 -0.82643074 -0.24359889 0.89951313 -0.36267853
0.49153498 0.05047724 -0.86939371 -0.45356411 0.86706716 -0.20609245
0.46519375 0.28059036 -0.83956170 -0.49061534 0.87116235 0.01930593
0.51960683 0.25248784 -0.81624663 -0.57176352 0.81265527 -0.11259663
0.50505388 0.16225317 -0.84769958 -0.25860125 0.96549535 0.03072684
0.45775950 0.25534615 -0.85161883 -0.36037174 0.92894399 0.08482517
0.64356196 0.04237257 -0.76422030 -0.22060092 0.96636474 -0.13219093
0.67823625 -0.01918541 -0.73459351 -0.22278209 0.94724357 -0.23042966
0.55968767 0.07763021 -0.82505953 -0.19977507 0.97887945 -0.04341628
0.64459544 -0.28675315 -0.70870972 -0.34550709 0.71766931 -0.60462862
0.69432098 -0.06237968 -0.71695691 -0.19296741 0.94361842 -0.26897565
0.58689320 -0.22030923 -0.77911508 -0.63276041 0.47555152 -0.61111790
0.57795042 -0.21774955 -0.78648496 -0.67077202 0.42215198 -0.60979724
0.53868067 -0.19512512 -0.81960315 -0.24825749 0.89285743 -0.37573111
0.43634927 -0.48509234 -0.75781584 0.25051612 0.87442124 -0.41548678
0.52470177 -0.35237595 -0.77493179 0.25950298 0.93318874 -0.24863042
0.48211959 -0.47725937 -0.73470014 -0.09915172 0.80348676 -0.58700770
0.53166348 -0.40321347 -0.74481732 -0.08068279 0.85129404 -0.51844841
0.47679138 0.18900841 -0.85845548 -0.50955099 0.85521179 -0.09471338
0.49351269 0.05029513 -0.86828321 -0.51437205 0.82189971 -0.24474916
0.45449138 0.29753944 -0.83958793 -0.50252879 0.86388701 0.03411844
0.50652736 0.31874529 -0.80114388 -0.68489707 0.71318400 -0.14928040
0.44449362 0.29905394 -0.84438866 -0.34631076 0.92670399 0.14590624
0.61742854 0.04486685 -0.78534645 -0.17366190 0.98151326 -0.08045673
0.68664950 0.00503632 -0.72697127 -0.17531341 0.97161168 -0.15885845
0.68493521 -0.03529100 -0.72774881 -0.20899288 0.94733793 -0.24263743
0.66921562 0.07969218 -0.73878258 -0.21509443 0.97244263 -0.08994322
0.50437683 0.07216893 -0.86046243 -0.15404689 0.98803562 -0.00742881
0.57174766 -0.39056093 -0.72150314 -0.43383628 0.60248518 -0.66992366
0.66916817 -0.14252558 -0.72931510 -0.14669561 0.93678576 -0.31766790
0.56426620 -0.31828585 -0.76177287 -0.60477895 0.46874863 -0.64383018
0.64091355 -0.04097815 -0.76651859 -0.72496021 0.29591808 -0.62198490
0.52057427 -0.18031466 -0.83455920 -0.33289918 0.85722536 -0.39286494
0.49881357 -0.51665568 -0.69588214 0.47364601 0.83490098 -0.28035682
0.49685702 -0.25571722 -0.82930201 0.24514273 0.95803982 -0.14854226
0.40295106 -0.55591273 -0.72704303 -0.00456445 0.79315972 -0.60899669
0.46693778 -0.46606970 -0.75149727 -0.08167502 0.82346791 -0.56145334
0.54458690 -0.40611982 -0.73382002 -0.31154066 0.71439022 -0.62656927
0.48837191 0.29307020 -0.82195061 -0.57752901 0.81466925 -0.05267182
0.49311221 0.18669182 -0.84969795 -0.36547080 0.93079191 -0.00758725
0.52139646 -0.06371080 -0.85093284 -0.33491102 0.90191340 -0.27273956
0.49426389 0.32646397 -0.80568266 -0.61370963 0.78744102 -0.05742139
0.48642582 0.33417171 -0.80729133 -0.55903393 0.82912028 0.00636700
0.32772717 0.30360851 -0.89466017 -0.10300943 0.95279580 0.28560328
0.70684505 0.04885570 -0.70567930 -0.17480677 0.97873473 -0.10733561
0.71109468 0.00551059 -0.70307475 -0.14120121 0.98071575 -0.13512520
0.63553780 0.06653852 -0.76919729 -0.17737591 0.98221415 -0.06158892
0.56688571 0.07265675 -0.82058620 -0.16539687 0.98585826 -0.02697080
0.53961086 -0.42215836 -0.72842473 -0.55171567 0.47622639 -0.68470311
0.53880358 -0.43789101 -0.71968204 -0.50594181 0.51486486 -0.69205284
0.71226472 -0.14384258 -0.68701404 -0.03977248 0.96893334 -0.24410331
0.67544246 -0.18033719 -0.71502173 -0.12103871 0.92937171 -0.34873763
0.57165575 -0.30888420 -0.76013178 -0.60039747 0.47395223 -0.64412129
0.56096321 -0.31872025 -0.76402730 -0.62980092 0.43468010 -0.64374220
-0.52642184 0.52334398 0.67006803 -0.72392231 -0.68920982 -0.03043687
0.39834988 -0.56645948 -0.72141606 0.17098688 0.81858635 -0.54834288
0.54850596 -0.23398173 -0.80274135 0.36826253 0.92952144 -0.01930495
0.40886480 -0.56574404 -0.71607494 -0.00752683 0.78254080 -0.62255383
0.42016387 -0.56385380 -0.71100718 0.00286523 0.78434408 -0.62031943
0.45892709 -0.49273780 -0.73932099 -0.17148210 0.76735485 -0.61786765
0.47997719 -0.46703953 -0.74262780 -0.57345086 0.47359386 -0.66847813
0.48753965 0.28423080 -0.82554102 -0.40832913 0.90997857 0.07215542
0.45402613 0.17586404 -0.87345988 -0.19424123 0.97628433 0.09559989
0.57842374 0.36640871 -0.72881454 -0.37060460 0.91395283 0.16535592
0.53927481 0.38116813 -0.75092846 -0.57387543 0.81893492 0.00356281
0.32262886 0.34052214 -0.88315082 -0.11962202 0.94023246 0.31883162
0.71590370 0.04862967 -0.69650346 -0.16334412 0.98155278 -0.09936212
0.76733440 0.00976112 -0.64117289 -0.11201794 0.98655027 -0.11904024
0.71351624 0.07347095 -0.69677591 -0.18515888 0.97890419 -0.08638769
0.57444060 0.09632132 -0.81285930 -0.17384036 0.98475462 -0.00616106
0.53359658 -0.42863002 -0.72907543 -0.55669147 0.47096351 -0.68431580
0.45240146 -0.50638592 -0.73410231 -0.47148135 0.56290740 -0.67885250
0.46815923 -0.56079274 -0.68288982 -0.72351193 0.20040525 -0.66058177
0.50398248 -0.48863748 -0.71220446 -0.33966011 0.64602029 -0.68358529
0.78624249 -0.15219277 -0.59888244 0.02997749 0.97744739 -0.20904078
0.71122652 -0.12076603 -0.69251174 -0.04608752 0.97500241 -0.21736217
0.64276081 -0.19282444 -0.74140221 -0.15407471 0.91548777 -0.37167627
0.66388512 -0.18853304 -0.72367942 -0.18395735 0.89679497 -0.40239099
0.55513167 -0.32950670 -0.76371086 -0.62421256 0.44179022 -0.64434469
0.54948032 -0.34006849 -0.76316762 -0.59597808 0.48063290 -0.64327455
0.53932649 -0.34712455 -0.76722330 -0.61499125 0.46001744 -0.64044505
-0.46633604 0.45883828 0.75630558 -0.81665689 -0.55191284 -0.16871193
-0.48640850 0.45918703 0.74333984 -0.78221112 -0.60791850 -0.13631164
0.42906785 -0.57724667 -0.69475681 0.08976377 0.79259717 -0.60310221
0.54655248 -0.17221910 -0.81952482 0.35530174 0.93386483 0.04070857
0.42863798 -0.56112933 -0.70809847 0.00636576 0.78560501 -0.61869556
0.41169304 -0.54589903 -0.72972816 -0.46163204 0.56547999 -0.68346781
0.52007997 0.30499312 -0.79780704 -0.25347805 0.94710469 0.19682895
0.58909655 0.12643754 -0.79810959 -0.12825575 0.98979264 0.06213672
0.46897352 0.33694100 -0.81641573 -0.51931441 0.85289526 0.05368671
0.54877007 0.38946405 -0.73970884 -0.56650543 0.82394683 0.01354098
0.55276561 0.39821932 -0.73203254 -0.61208236 0.79013151 -0.03236535
0.75485712 0.04603025 -0.65427214 -0.14818491 0.98371053 -0.10175888
0.69401175 -0.08023064 -0.71547943 -0.07670152 0.97987658 -0.18427905
0.81225318 0.09575164 -0.57539243 -0.17931359 0.97965717 -0.09010241
0.71041805 0.11360066 -0.69455111 -0.21594489 0.97446722 -0.06149442
0.54585505 0.10799126 -0.83089119 -0.16300651 0.98639899 0.02111534
0.53593582 -0.41962510 -0.73258972 -0.56544065 0.46596095 -0.68055665
0.30330580 -0.62343717 -0.72064674 -0.67404151 0.39420232 -0.62471801
0.45201766 -0.50942230 -0.73223561 -0.52533734 0.51138949 -0.68007469
0.55848211 -0.45597273 -0.69295508 -0.26548144 0.69318402 -0.67008621
0.64215493 -0.19432913 -0.74153435 0.06743075 0.97790438 -0.19787931
0.77222812 -0.15439256 -0.61630088 0.05608045 0.98280263 -0.17593764
0.65883124 -0.19514719 -0.72653913 0.00652569 0.96721512 -0.25387481
0.57952523 -0.22043125 -0.78457665 -0.11813705 0.92983282 -0.34850338
0.51588672 -0.31759414 -0.79560983 -0.22769581 0.84449512 -0.48475009
0.54175347 -0.36150989 -0.75882405 -0.57987738 0.49279204 -0.64876682
0.54033452 -0.35034561 -0.76504683 -0.40601230 0.68780434 -0.60173017
0.53781909 -0.36646304 -0.75924677 -0.60385132 0.46100909 -0.65025711
-0.46914220 0.50663400 0.72334474 -0.80816156 -0.57653457 -0.12034461
-0.51107103 0.28088272 0.81234926 -0.69296145 -0.69380248 -0.19606766
0.39894825 -0.61312622 -0.68184793 0.10933511 0.77008677 -0.62849998
0.55866748 -0.10044427 -0.82328713 0.27469385 0.95902413 0.06939747
0.37110311 -0.60761279 -0.70220309 0.02732153 0.76301950 -0.64579779
0.39029956 -0.57220274 -0.72128379 -0.28605258 0.66928196 -0.68573725
0.46760947 0.11761980 -0.87607479 0.00052305 0.99107045 0.13333802
0.37047166 0.26334417 -0.89073044 -0.62302548 0.78169954 -0.02801888
0.55542153 0.40199959 -0.72794461 -0.58198369 0.81318504 0.00501931
0.78469360 0.05264909 -0.61764395 -0.13363470 0.98732549 -0.08561647
0.96087515 0.18626407 -0.20499912 -0.22270530 0.95959854 -0.17196795
0.54404587 0.03226415 -0.83843493 -0.29943752 0.94092733 -0.15809162
0.71517277 0.09795956 -0.69204909 -0.21053918 0.97433472 -0.07965691
0.77233642 0.13036333 -0.62169284 -0.22093463 0.97273755 -0.07049548
0.58806837 0.14576098 -0.79556859 -0.15682560 0.98550880 0.06463876
0.54808086 -0.41070041 -0.72865123 -0.45011508 0.58942842 -0.67079842
0.48403877 -0.47605813 -0.73421735 -0.52603179 0.51222241 -0.67890996
0.38257894 -0.56046045 -0.73451853 -0.50433159 0.53943133 -0.67428738
0.40510246 -0.54292613 -0.73561078 -0.55668586 0.49177000 -0.66952461
0.34940475 -0.58395147 -0.73274618 -0.42386398 0.59893167 -0.67942643
0.66263223 -0.19307661 -0.72362971 0.08489822 0.97933525 -0.18356134
0.79884279 -0.17577937 -0.57528412 0.15630072 0.98415911 -0.08367197
0.66644710 -0.18328527 -0.72267199 0.01664945 0.97272795 -0.23135075
0.56380391 -0.17498372 -0.80715919 -0.16024259 0.93555123 -0.31474787
0.59162408 -0.21216391 -0.77779657 -0.18793309 0.90188175 -0.38896090
0.57702249 -0.22380930 -0.78546453 -0.20431888 0.89158344 -0.40414459
0.66908997 -0.29391199 -0.68259388 0.05599093 0.93580067 -0.34805480
0.54514611 -0.35756662 -0.75826246 -0.60346669 0.46046931 -0.65099621
-0.46646109 0.53353500 0.70551723 -0.81089771 -0.57655919 -0.10012192
-0.54026335 0.29701799 0.78733456 -0.70837718 -0.66556406 -0.23500265
0.37519422 -0.62347281 -0.68593806 0.27332380 0.78150845 -0.56083745
0.36863059 -0.62285787 -0.69004321 0.03641492 0.75142646 -0.65881127
0.56390417 -0.04054495 -0.82484436 0.26109239 0.95631671 0.13148816
0.36936587 -0.61776495 -0.69421566 0.03319276 0.75533736 -0.65449512
0.33662677 -0.60217440 -0.72392565 -0.18714759 0.71067250 -0.67817426
0.34097329 -0.60638595 -0.71835458 -0.37970170 0.61020654 -0.69532347
-0.56590295 -0.06159166 0.82216811 -0.40024564 -0.85129476 -0.33926499
0.54170561 0.44457364 -0.71337885 -0.53436506 0.83725595 0.11600207
0.55672133 0.40527210 -0.72513169 -0.58965564 0.80765373 -0.00131613
0.58501107 0.41628966 -0.69603527 -0.61974132 0.78304434 -0.05255809
0.85389525 0.13540109 -0.50252318 -0.23632683 0.96115369 -0.14259467
0.84486592 0.13238193 -0.51834023 -0.23311152 0.96317798 -0.13396727
0.69006908 0.14415054 -0.70924282 -0.29246795 0.95192742 -0.09108622
0.57812864 0.15088525 -0.80187339 -0.15555586 0.98511028 0.07321271
0.61750376 0.15007728 -0.77211785 -0.18132308 0.98235059 0.04592673
0.47915784 -0.46424550 -0.74490535 -0.23824070 0.74802393 -0.61943656
0.47391385 -0.48292661 -0.73633385 -0.37597299 0.64517868 -0.66512316
0.48436347 -0.47662631 -0.73363441 -0.52564758 0.51178223 -0.67953926
0.36550400 -0.57459170 -0.73229176 -0.48106509 0.55689967 -0.67708135
0.42842507 -0.52798015 -0.73327279 -0.53787547 0.50305700 -0.67647886
0.43115938 -0.53868288 -0.72382486 -0.31888431 0.65947336 -0.68074059
0.33505818 -0.59580588 -0.72989821 -0.47280735 0.56375390 -0.67722577
0.83865809 -0.20207973 -0.50578296 0.32269111 0.93244761 0.16251785
0.57782710 -0.17794277 -0.79652506 0.15468819 0.98213124 -0.10719077
0.59118289 -0.16561365 -0.78935093 -0.03079827 0.97334164 -0.22728303
0.53796721 -0.17042033 -0.82555932 -0.12248401 0.95315468 -0.27657527
0.61834389 -0.19907130 -0.76027727 -0.19835825 0.89653617 -0.39607686
0.52374375 -0.26727140 -0.80886257 -0.14993697 0.90576255 -0.39637506
-0.48255125 0.59293467 0.64464939 -0.82371527 -0.55740207 -0.10390431
-0.57694012 0.24853843 0.77805448 -0.68749529 -0.66209716 -0.29829136
0.41353729 -0.62649781 -0.66067201 0.32547247 0.77939731 -0.53535742
0.33045179 -0.63294536 -0.70012987 0.04021877 0.75057161 -0.65956402
0.34011304 -0.63005930 -0.69810355 0.04757389 0.75293732 -0.65637052
0.32775870 -0.61383319 -0.71818042 -0.44078431 0.57301074 -0.69091821
-0.55038011 -0.07088840 0.83189946 -0.65033501 -0.58845431 -0.48040187
-0.52985418 -0.10543993 0.84150881 -0.45748827 -0.79995942 -0.38829041
0.44415182 0.43588197 -0.78277463 -0.46349305 0.85947114 0.21560062
0.54378265 0.42117050 -0.72588968 -0.63094044 0.77549917 -0.02269918
0.59322381 0.41556892 -0.68948382 -0.53824645 0.84162921 0.04416977
0.81319553 0.11799974 -0.56990272 -0.23440522 0.96269953 -0.13514411
0.67334437 0.15527713 -0.72283918 -0.23659635 0.97153771 -0.01169452
0.78553009 0.18985417 -0.58898038 -0.30919385 0.94486916 -0.10780276
0.63747448 0.14971806 -0.75578487 -0.19550441 0.98026544 0.02928662
0.64056474 0.17171051 -0.74846005 -0.17232864 0.98196286 0.07779399
0.54961920 0.16415669 -0.81912845 -0.12640589 0.98555654 0.11269367
0.40624368 -0.54180437 -0.73580849 -0.32749450 0.66542423 -0.67078906
0.36714470 -0.57156396 -0.73383880 -0.46304888 0.57192266 -0.67711914
0.31016776 -0.61742622 -0.72289753 -0.51475257 0.53021830 -0.67371976
0.38267383 -0.57537520 -0.72284454 -0.33152425 0.64477152 -0.68873900
0.29275295 -0.62366289 -0.72480363 -0.41906947 0.59764969 -0.68351710
0.94567615 -0.16296904 -0.28131446 0.17959383 0.98314691 0.03417914
0.67962438 -0.19294716 -0.70773035 0.48152259 0.84517485 0.23198159
0.58539528 -0.17257608 -0.79216790 0.12346224 0.98466247 -0.12327562
0.56095642 -0.10505361 -0.82115263 -0.08174066 0.98003960 -0.18122046
0.51497906 -0.18934816 -0.83602870 -0.21584313 0.91523075 -0.34024185
0.46265143 -0.16342497 -0.87134719 -0.19141102 0.94126672 -0.27817047
0.52329266 -0.22103898 -0.82298642 -0.19680946 0.90831363 -0.36909682
0.51500368 -0.24513666 -0.82138866 -0.16959478 0.91015482 -0.37796271
0.47058693 -0.26330203 -0.84215200 -0.17671277 0.90697718 -0.38231537
-0.45421261 0.55310422 0.69840300 -0.83917540 -0.52883685 -0.12694985
0.43359530 -0.57565808 -0.69326258 0.62839270 0.74457306 -0.22524132
-0.60205871 0.16971105 0.78020734 -0.65187126 -0.66874039 -0.35756147
0.34019071 -0.64082503 -0.68819588 0.05013441 0.74316478 -0.66722769
0.29899326 -0.65444124 -0.69448519 -0.11687661 0.69718295 -0.70730186
0.26134780 -0.65847999 -0.70576310 -0.42680132 0.57698053 -0.69637215
-0.56253064 -0.01451081 0.82664913 -0.63748765 -0.62906152 -0.44484958
-0.56791401 -0.04590143 0.82180697 -0.67200965 -0.55066043 -0.49515256
-0.60004938 -0.06559202 0.79726934 -0.50981796 -0.73666400 -0.44431064
0.41627401 0.43186006 -0.80013305 -0.42114168 0.87149346 0.25127435
0.58148360 0.43855616 -0.68523383 -0.60466498 0.79647285 -0.00336337
0.59110302 0.41842002 -0.68958098 -0.59105718 0.80644375 -0.01731992
0.56388563 0.36905918 -0.73880202 -0.60870528 0.79032052 -0.06979570
0.81020010 0.22028947 -0.54318368 -0.33431527 0.93485135 -0.11952560
0.65621483 0.16754529 -0.73573822 -0.18143307 0.98146701 0.06168105
0.62135762 0.21863921 -0.75240391 -0.14219989 0.97579849 0.16612199
0.54838365 0.17360605 -0.81800753 -0.11623248 0.98454130 0.13102853
0.36832827 -0.57643932 -0.72941893 -0.44948855 0.57637060 -0.68246388
0.42176181 -0.56581646 -0.70849746 -0.14702375 0.72837824 -0.66921544
0.71742731 -0.20180634 -0.66676247 0.25910783 0.96575403 -0.01350442
0.48883054 -0.09427882 -0.86726940 0.16491273 0.98620516 -0.01425611
0.47910520 -0.21560942 -0.85086477 -0.19233708 0.92001605 -0.34143364
0.45331347 -0.18745285 -0.87141746 -0.26104277 0.90685248 -0.33087045
0.35771620 -0.16869076 -0.91846758 -0.05181346 0.97844803 -0.19988695
0.45494476 -0.21840951 -0.86332065 -0.19195996 0.92261380 -0.33456722
0.43739963 -0.31988493 -0.84044945 -0.12474964 0.90397304 -0.40898690
-0.47275290 0.62865043 0.61749774 -0.84700441 -0.51748365 -0.12163204
-0.41096440 0.54574341 0.73025507 -0.80506432 -0.59310627 -0.00981712
-0.58263028 0.10261908 0.80623281 -0.68537134 -0.59519756 -0.41953075
0.28263116 -0.67774582 -0.67880803 0.10871084 0.72573256 -0.67933369
0.20602769 -0.68939304 -0.69447094 -0.27533728 0.64018285 -0.71718574
0.32164431 -0.62383485 -0.71230263 -0.41779217 0.58158183 -0.69800597
-0.59101433 0.06928414 0.80368012 -0.66299826 -0.60924226 -0.43503708
-0.54486334 -0.10009810 0.83252889 -0.63846040 -0.59411240 -0.48928410
-0.45528027 -0.22286125 0.86200511 -0.53456736 -0.70581853 -0.46482041
-0.47977319 -0.19989118 0.85431921 -0.63983637 -0.58654618 -0.49656120
0.37403047 0.48799378 -0.78864646 -0.01642324 0.85372120 0.52047139
0.49665090 0.37060887 -0.78484839 -0.68720692 0.72025549 -0.09475583
0.59457022 0.39333269 -0.70126718 -0.62460762 0.77516425 -0.09479360
0.71516758 0.18865557 -0.67301148 -0.31106514 0.94817966 -0.06476017
0.55637455 0.16627294 -0.81412572 -0.13908640 0.98458695 0.10603523
0.67662913 0.23268057 -0.69859350 -0.18196708 0.97217047 0.14755498
0.61621058 0.22789451 -0.75388896 -0.14377353 0.97368568 0.17682026
0.57173967 0.20577337 -0.79421097 -0.11929818 0.97859907 0.16766591
0.43952712 -0.56371266 -0.69931686 -0.17189057 0.71137553 -0.68146783
0.37780017 -0.58116251 -0.72077549 -0.24641764 0.68728113 -0.68331772
0.55904585 -0.11073285 -0.82170916 0.37578708 0.91724861 0.13205728
0.25249839 -0.03824282 -0.96684128 0.19306386 0.98111749 0.01161268
0.44730842 -0.14844018 -0.88197547 -0.20703021 0.94216245 -0.26356864
0.42487499 -0.17233065 -0.88869762 -0.22368899 0.93128353 -0.28753147
0.38908646 -0.31522849 -0.86558813 -0.12958649 0.91155708 -0.39021924
0.57527542 -0.36047438 -0.73424554 0.05423251 0.91248876 -0.40549123
-0.42404518 0.55682492 0.71423507 -0.82103181 -0.56920815 -0.04369053
-0.44899505 0.60722101 0.65550452 -0.81691545 -0.57617944 -0.02581635
-0.60829598 0.08323373 0.78933406 -0.71136910 -0.49826008 -0.49567223
-0.56643653 0.06235793 0.82174283 -0.67233086 -0.61159945 -0.41703400
0.31576788 -0.67559528 -0.66622949 0.11021002 0.72351670 -0.68145245
0.23905319 -0.68421191 -0.68899029 -0.10070425 0.68826687 -0.71843398
0.28806534 -0.65137482 -0.70194679 -0.27938572 0.64396060 -0.71222073
0.24663329 -0.66300857 -0.70681798 -0.46292549 0.56015629 -0.68696797
-0.63526064 0.15345430 0.75689876 -0.63289136 -0.66510510 -0.39633799
-0.48382014 -0.23109749 0.84410429 -0.48993036 -0.72768724 -0.48004121
-0.28799459 -0.49693537 0.81860518 -0.36793563 -0.73179013 -0.57367808
0.37930471 0.48869425 -0.78568822 0.00531840 0.84797758 0.53000551
0.71443868 0.19605792 -0.67166859 -0.23902225 0.97057897 0.02906632
0.73305815 0.20050803 -0.64994025 -0.22377615 0.97346175 0.04792129
0.68645149 0.23251113 -0.68900138 -0.19282278 0.97178668 0.13583098
0.66448730 0.25518709 -0.70237905 -0.15470344 0.96650285 0.20479056
0.59834033 0.22779834 -0.76817757 -0.13556574 0.97369307 0.18314931
0.64169765 0.25574657 -0.72306144 -0.13552478 0.96574116 0.22130768
0.24314946 -0.63353390 -0.73451567 -0.27966148 0.67929876 -0.67848563
-0.60776466 0.16634676 0.77649915 -0.61176169 -0.72153115 -0.32425380
-0.54922658 0.09441318 0.83032304 -0.57817268 -0.76033551 -0.29598373
0.49256289 -0.13421172 -0.85986578 -0.22353223 0.93537825 -0.27404559
0.36374298 -0.22209901 -0.90463424 -0.18006033 0.93607801 -0.30221897
0.37398708 -0.41083232 -0.83147496 -0.06669831 0.88229704 -0.46594357
0.32548222 -0.50048506 -0.80223197 -0.12709539 0.81757426 -0.56162184
-0.47042143 0.63971502 0.60783917 -0.82703608 -0.55984330 -0.05086112
-0.44999313 0.61206722 0.65029222 -0.80781174 -0.58942550 -0.00421605
-0.54157120 0.02004881 0.84041584 -0.64278603 -0.65416765 -0.39861116
0.29925588 -0.69179857 -0.65716106 0.12290817 0.71093351 -0.69243574
0.30153149 -0.67622644 -0.67215824 0.09266504 0.72241729 -0.68522000
0.18618172 -0.69557929 -0.69390625 -0.16401434 0.67434162 -0.71997410
0.15017428 -0.70760560 -0.69046515 -0.44173712 0.57677364 -0.68716854
0.17884338 -0.69032550 -0.70104617 -0.38571751 0.60630065 -0.69542903
-0.61378187 0.11512223 0.78103697 -0.65057385 -0.63420510 -0.41777700
-0.46575785 -0.30315363 0.83136481 -0.43306026 -0.74121362 -0.51289505
-0.42330992 -0.43076932 0.79702353 -0.15430072 -0.83259964 -0.53194845
-0.27139890 -0.50507718 0.81929225 -0.33115527 -0.75026530 -0.57222205
0.33437306 0.49841776 -0.79985905 0.01907580 0.84495687 0.53449410
0.69767058 0.21700545 -0.68276238 -0.24325381 0.96815759 0.05914855
0.69413710 0.22974126 -0.68219703 -0.25339842 0.96502817 0.06715586
0.73528951 0.24842016 -0.63058454 -0.18941389 0.96865159 0.16073744
0.85101807 0.22758110 -0.47326007 -0.12392920 0.96279544 0.24013868
0.56330580 0.24669965 -0.78855938 -0.10562155 0.96805549 0.22740421
0.63899404 0.26696837 -0.72139770 -0.13786778 0.96240264 0.23403779
0.25505033 -0.61088324 -0.74951386 -0.26374945 0.70180249 -0.66174734
0.25141573 -0.64171726 -0.72456133 -0.26106912 0.67589778 -0.68920618
0.51947743 -0.10930659 -0.84746403 0.31628096 0.94593960 0.07186545
0.32822540 -0.11318280 -0.93779409 -0.22899206 0.95364720 -0.19524272
0.34606457 -0.14481086 -0.92696774 -0.22579552 0.94612175 -0.23209926
0.28943735 -0.18851234 -0.93845040 -0.21056834 0.94385868 -0.25454232
0.31571987 -0.41877729 -0.85143799 -0.07877459 0.88266820 -0.46334800
0.37454101 -0.53343636 -0.75839615 0.02429508 0.82329851 -0.56708854
-0.43262106 0.62057865 0.65400404 -0.81721872 -0.57629377 0.00625315
0.26425514 -0.71869344 -0.64315546 0.17030156 0.69115341 -0.70235634
0.22925921 -0.71747833 -0.65777284 0.10056793 0.68961513 -0.71715909
0.08217354 -0.72882015 -0.67975640 -0.38710618 0.60516793 -0.69564402
0.18962072 -0.68690968 -0.70156902 -0.32784659 0.62922776 -0.70469075
-0.49995196 -0.27774668 0.82030785 -0.56603187 -0.61209071 -0.55222553
-0.33847442 -0.45786485 0.82206744 -0.39131749 -0.72601426 -0.56548560
0.34736782 0.49292946 -0.79771942 -0.00053197 0.85079634 0.52549535
0.73124105 0.44493103 -0.51703286 -0.58698082 0.79656756 -0.14468488
0.77148318 0.24714939 -0.58628571 -0.29414368 0.95563084 0.01578880
0.74785751 0.25321898 -0.61366868 -0.16469321 0.96626598 0.19800557
0.75569862 0.24951833 -0.60552484 -0.21593122 0.96780682 0.12932025
0.74333972 0.25491133 -0.61843866 -0.16178261 0.96560502 0.20355169
0.70797664 0.26233020 -0.65570724 -0.14094135 0.96225846 0.23279643
0.69315881 0.26342267 -0.67092425 -0.13892055 0.96219718 0.23425977
0.54745066 0.24598782 -0.79986739 -0.09761485 0.96806723 0.23090506
0.67048061 0.26515177 -0.69292879 -0.11135073 0.95934212 0.25935248
0.59072846 0.27898034 -0.75710624 -0.11329120 0.95770723 0.26450345
0.28346801 -0.59888446 -0.74898821 -0.08885330 0.76126271 -0.64232713
0.13568306 -0.68469930 -0.71608454 -0.37168905 0.63479966 -0.67740434
0.34202972 -0.02226030 -0.93942547 -0.22919579 0.96755058 -0.10637325
0.28341767 -0.13098779 -0.95000881 -0.21737191 0.95606977 -0.19667244
0.27481961 -0.19521323 -0.94147015 -0.17424281 0.95284814 -0.24843478
0.32672653 -0.34828463 -0.87860548 -0.09496982 0.91282064 -0.39716408
0.34344593 -0.53199810 -0.77396572 0.08165038 0.83788657 -0.53970295
0.31408998 -0.57820570 -0.75301111 0.04828721 0.80185246 -0.59556776
0.42003474 -0.70936048 -0.56601989 0.80490839 0.57928109 -0.12866984
0.27664649 -0.72016466 -0.63626218 0.16642407 0.68800300 -0.70636743
0.26977813 -0.71029717 -0.65015203 0.18250734 0.70066547 -0.68975288
0.22143681 -0.71855885 -0.65927154 0.08860012 0.68808323 -0.72020245
0.11360620 -0.71783012 -0.68688691 -0.19058208 0.66277862 -0.72415674
0.14200860 -0.69346547 -0.70635635 -0.34479928 0.63424385 -0.69198865
-0.34442720 -0.43921793 0.82973349 -0.38705280 -0.73876911 -0.55173397
-0.47746474 -0.29582131 0.82735562 -0.58414763 -0.59651983 -0.55039597
-0.37866995 -0.43151349 0.81878275 -0.45122960 -0.68632758 -0.57039142
0.73312432 0.44619042 -0.51326686 -0.59284836 0.78909194 -0.16082525
0.73200268 0.44650996 -0.51458818 -0.58886290 0.79452008 -0.14825082
0.76984966 0.25171888 -0.58648884 -0.29864523 0.95420331 0.01752636
0.74758381 0.25820452 -0.61192238 -0.16520093 0.96467185 0.20522401
0.78678459 0.24980657 -0.56441712 -0.24502815 0.96570748 0.08585081
0.81026751 0.24572338 -0.53205884 -0.22156964 0.96891457 0.11005224
0.69045424 0.27607134 -0.66862369 -0.11777207 0.95487869 0.27264723
0.72844625 0.26103836 -0.63342333 -0.15117039 0.96302110 0.22301984
0.56818140 0.29580027 -0.76790118 -0.08904993 0.94978237 0.29997265
0.54263639 0.25805092 -0.79934698 -0.08236876 0.96340096 0.25509599
0.67992717 0.27881974 -0.67820251 -0.11871297 0.95454317 0.27341288
0.40280515 -0.01636294 -0.91513950 -0.08869470 0.99443692 -0.05682040
0.25149381 -0.01041876 -0.96780288 -0.19308637 0.97930127 -0.06071807
0.25495693 -0.06191006 -0.96496844 -0.23935214 0.96285099 -0.12501408
0.23342980 -0.20073085 -0.95142931 -0.16432606 0.95624387 -0.24206342
0.28004232 -0.36871585 -0.88635486 -0.10161073 0.90672684 -0.40929416
0.30540845 -0.53544843 -0.78741395 0.07162622 0.83749843 -0.54172516
0.19328415 -0.59755558 -0.77818286 -0.03478593 0.78846699 -0.61409271
0.10413749 -0.68353295 -0.72245294 -0.30408505 0.66973448 -0.67748660
-0.41483563 0.67579371 0.60927367 -0.84040946 -0.54122287 0.02810413
0.39533016 -0.69656467 -0.59875852 0.73687005 0.62968022 -0.24601911
0.28359804 -0.72708011 -0.62524134 0.52063346 0.66429001 -0.53633916
0.24818629 -0.72760171 -0.63953054 0.16802865 0.68251330 -0.71129596
0.22081642 -0.71454930 -0.66382182 0.18146157 0.69883811 -0.69187939
0.18887906 -0.71938169 -0.66844207 0.09949568 0.69121069 -0.71577126
0.01108951 -0.73270994 -0.68045080 -0.25151104 0.65657121 -0.71109527
-0.24421659 -0.49673718 0.83283281 -0.38065538 -0.74079603 -0.55346441
-0.49048379 -0.25987238 0.83180046 -0.59475368 -0.59781832 -0.53747684
-0.36610854 -0.43861669 0.82071918 -0.23063296 -0.81166744 -0.53666049
0.73419136 0.42797318 -0.52706927 -0.52079791 0.85305005 -0.03279038
0.68341261 0.38856006 -0.61803585 -0.66882145 0.67258376 -0.31671596
0.80236363 0.24726959 -0.54320389 -0.13259682 0.96124703 0.24170718
0.79921216 0.25082177 -0.54621279 -0.24138615 0.96620119 0.09048770
0.74801683 0.27929735 -0.60204971 -0.10213958 0.94477743 0.31138903
0.52815735 0.31043154 -0.79036838 -0.08978596 0.94597799 0.31155127
0.64826959 0.29717559 -0.70102298 -0.09263591 0.94463295 0.31478119
0.54622054 0.26730967 -0.79384422 -0.08038694 0.96006781 0.26796994
0.21016736 -0.01394806 -0.97756594 -0.20116590 0.97788560 -0.05720137
0.20992462 0.00645798 -0.97769624 -0.22049883 0.97452903 -0.04090703
0.18168135 -0.05333931 -0.98190981 -0.23004892 0.96851373 -0.09517725
0.25350964 -0.25468975 -0.93320203 -0.14103448 0.94467652 -0.29613420
0.21448548 -0.13336535 -0.96757931 -0.18098319 0.96805251 -0.17354949
0.26024920 -0.48668498 -0.83391130 -0.04855683 0.85598236 -0.51471972
0.29008159 -0.53591502 -0.79287314 0.09615284 0.84062576 -0.53301316
0.22319835 -0.65544325 -0.72150999 0.02659223 0.74400133 -0.66764879
0.10996270 -0.69696975 -0.70861942 -0.29112124 0.65909117 -0.69343156
-0.42144307 0.59774661 0.68197125 -0.90613616 -0.30750602 -0.29044342
-0.42581263 0.70368803 0.56877655 -0.86731243 -0.49653181 -0.03500329
0.36321816 -0.74263841 -0.56263733 0.65503752 0.63298392 -0.41262239
0.30410773 -0.73721141 -0.60335553 0.43113366 0.67128581 -0.60290891
0.22427043 -0.72702199 -0.64895439 0.31842467 0.68403476 -0.65627903
0.21964653 -0.71267718 -0.66621822 0.19884923 0.70126390 -0.68460786
0.09293523 -0.72666502 -0.68067688 -0.06050538 0.67825043 -0.73233563
0.01113662 -0.73530370 -0.67764634 -0.25669265 0.65287602 -0.71264428
-0.56973583 0.01419896 0.82170528 -0.77646524 -0.33689138 -0.53254676
0.68190247 0.44567716 -0.57998353 -0.73088849 0.44604963 -0.51656729
0.77605301 0.25974083 -0.57469696 -0.15073362 0.96123230 0.23089385
0.85315859 0.27421591 -0.44376355 -0.29265714 0.95580810 0.02797624
0.83079916 0.25149748 -0.49650967 -0.19345014 0.96694887 0.16609338
0.74805152 0.29879066 -0.59257329 -0.09395581 0.93160105 0.35112938
0.76509386 0.27047795 -0.58435702 -0.09674085 0.94548386 0.31096858
0.59683788 0.29627550 -0.74565768 -0.08797316 0.94788921 0.30621374
0.64624578 0.36369249 -0.67089063 -0.07423168 0.90492070 0.41905645
0.67608249 0.33059832 -0.65849626 -0.10677078 0.92821693 0.35638937
0.23805459 0.02783126 -0.97085297 -0.12827364 0.99173421 -0.00302303
0.22200191 0.02438569 -0.97474122 -0.22661351 0.97360337 -0.02725508
0.20746432 0.00041269 -0.97824252 -0.23189659 0.97151709 -0.04877046
0.16969021 -0.25802895 -0.95111847 -0.15955926 0.94518787 -0.28488722
0.17268108 -0.18810472 -0.96684951 -0.13211671 0.96830171 -0.21198356
0.25371665 -0.45613673 -0.85297555 -0.06122985 0.87248802 -0.48478404
0.28397179 -0.57579422 -0.76669490 0.13328581 0.81555462 -0.56312126
0.26421681 -0.50532335 -0.82148516 0.06394555 0.85905784 -0.50786865
-0.05284358 -0.67323315 -0.73753965 -0.24296652 0.72504514 -0.64441985
0.02471280 -0.71187270 -0.70187366 -0.24398774 0.67656165 -0.69479090
0.09402540 -0.70083529 -0.70709914 -0.25683880 0.66912806 -0.69735324
-0.43446887 0.73505425 0.52051145 -0.83148950 -0.54946929 0.08190674
0.38281044 -0.74277073 -0.54931581 0.82759142 0.53996617 -0.15339160
-0.40592390 0.75223380 0.51900882 -0.87321794 -0.48680556 0.02260378
0.25648290 -0.73318177 -0.62981039 0.25562042 0.67986059 -0.68734837
0.23030029 -0.71313804 -0.66211474 0.25895566 0.70078284 -0.66471457
0.15386419 -0.70798284 -0.68926495 0.17036898 0.70613313 -0.68727762
0.02397300 -0.72357589 -0.68982846 -0.06199556 0.68762267 -0.72341663
-0.03080427 -0.71892625 -0.69440347 -0.15539762 0.68973023 -0.70719433
0.79783654 0.25787115 -0.54493976 -0.11453316 0.95227462 0.28294027
0.83856845 0.24859376 -0.48477221 -0.15562476 0.96205062 0.22414193
0.71497291 0.32005090 -0.62159568 -0.09988506 0.92670965 0.36225984
0.78452957 0.26330620 -0.56141186 -0.10048146 0.94738525 0.30391547
0.62008888 0.38166392 -0.68543601 -0.08368310 0.90088123 0.42592281
0.63666034 0.36567566 -0.67892927 -0.07531320 0.90569413 0.41718844
0.68138367 0.34845093 -0.64366007 -0.09278028 0.91343153 0.39627606
0.20890272 0.00482114 -0.97792453 -0.31566265 0.94679350 -0.06276369
0.30471447 0.10123347 -0.94704854 -0.22335765 0.97420222 0.03227033
0.19858812 0.01887716 -0.97990125 -0.23741502 0.97096306 -0.02940988
0.09723882 -0.01255085 -0.99518198 -0.20697638 0.97780418 -0.03255526
0.18050119 -0.25824058 -0.94906861 -0.16809416 0.94262266 -0.28845605
0.08577021 -0.10727371 -0.99052304 -0.13526697 0.98372746 -0.11825063
0.24804804 -0.46101919 -0.85201734 -0.03265502 0.87502491 -0.48297527
0.16689105 -0.26831704 -0.94876415 -0.18911265 0.93568271 -0.29788309
0.25055593 -0.56490594 -0.78619528 0.15966663 0.82509148 -0.54196918
0.26413870 -0.46862355 -0.84298450 0.04810355 0.87933886 -0.47376072
0.26715013 -0.50145125 -0.82290792 0.13214047 0.86494046 -0.48416615
0.07769673 -0.70472074 -0.70521766 -0.24706568 0.67168164 -0.69842851
-0.39356273 0.68014383 0.61847621 -0.85283434 -0.52128613 0.03056817
-0.43488455 0.78586745 0.43964511 -0.89354300 -0.43711588 -0.10252108
-0.40719068 0.76301485 0.50200021 -0.86876363 -0.49318469 0.04492979
0.25433370 -0.73721766 -0.62595892 0.27021375 0.67563450 -0.68593186
0.16652931 -0.73535693 -0.65690047 0.20132062 0.67752612 -0.70740968
0.17197548 -0.70804298 -0.68490851 0.25209260 0.70374787 -0.66422009
0.05126546 -0.69432503 -0.71783328 0.01560334 0.71924758 -0.69457865
0.59932411 0.40336022 -0.69145584 -0.08663066 0.89138114 0.44489872
0.70825988 0.35576224 -0.60975504 -0.06656069 0.89353967 0.44402322
0.08507144 -0.01353143 -0.99628299 -0.15985200 0.98677033 -0.02705180
-0.00959811 0.00270470 -0.99995035 -0.24887419 0.96852291 0.00500853
0.08340018 0.01865279 -0.99634159 -0.24065425 0.97060895 -0.00197326
0.06944226 -0.02449394 -0.99728525 -0.15940218 0.98658139 -0.03533042
0.15196368 -0.24025713 -0.95874065 -0.16737613 0.94974118 -0.26453161
0.07720488 -0.10590959 -0.99137414 -0.12496337 0.98547280 -0.11501087
0.16834308 -0.38057959 -0.90929633 -0.12164374 0.90738958 -0.40230212
0.15988684 -0.23723941 -0.95820338 -0.19514269 0.94393855 -0.26626936
0.24017525 -0.56158537 -0.79179406 0.22713900 0.82553732 -0.51661980
0.38846344 -0.50603056 -0.77008396 0.22976933 0.86251372 -0.45086157
0.19454001 -0.46119386 -0.86571038 0.07960819 0.88708431 -0.45469117
0.25809139 -0.50215405 -0.82536674 0.15102428 0.86477757 -0.47890648
-0.42823830 0.79258007 0.43408388 -0.86889750 -0.49310756 0.04315309
0.26967880 -0.74197519 -0.61379665 0.39197320 0.66679847 -0.63382721
0.18824264 -0.74084806 -0.64475489 0.23919617 0.67130679 -0.70152158
0.18936898 -0.70373803 -0.68475699 0.24299791 0.70927072 -0.66173035
0.01450608 -0.69178039 -0.72196233 0.08063859 0.72049576 -0.68875486
0.59104586 0.40623459 -0.69687748 -0.08604673 0.89075136 0.44627127
0.68200397 0.37872973 -0.62564719 -0.08293377 0.89000225 0.44835037
0.67639714 0.37973148 -0.63110304 -0.10902886 0.89903313 0.42408982
-0.09824439 -0.04057024 -0.99433506 -0.31271937 0.94981307 -0.00785572
0.08160818 -0.01563151 -0.99654198 0.09806668 0.99515104 -0.00757888
-0.08678265 -0.01506869 -0.99611336 -0.31509927 0.94896835 0.01309634
0.09827592 0.05188576 -0.99380571 -0.31296223 0.94958287 0.01862857
0.07124902 0.03927559 -0.99668503 -0.25010958 0.96800542 0.02026611
0.04591799 0.01526759 -0.99882853 -0.16630404 0.98604655 0.00742691
0.07019085 -0.16805519 -0.98327553 -0.19094439 0.96521634 -0.17859915
-0.01465587 -0.03764837 -0.99918360 -0.10531156 0.99379104 -0.03590050
0.14291728 -0.39444193 -0.90773910 0.00029847 0.91717118 -0.39849347
0.17170988 -0.35481769 -0.91903222 -0.11824589 0.91872042 -0.37679011
0.08741264 -0.18160252 -0.97947925 -0.23233506 0.95241058 -0.19731830
0.24787590 -0.52210963 -0.81606317 0.21705811 0.85086721 -0.47844627
0.19557112 -0.46412134 -0.86391163 0.09227889 0.88572329 -0.45494932
0.14127119 -0.39369437 -0.90832108 -0.00447972 0.91725940 -0.39826521
0.23970838 -0.47522974 -0.84657937 0.15973033 0.87942475 -0.44844005
-0.41804418 0.77856988 0.46804711 -0.87658799 -0.48093864 0.01707496
0.37356696 -0.79505765 -0.47784010 0.84010285 0.50839239 -0.18911481
0.26466689 -0.74184990 -0.61612511 0.40149993 0.66566932 -0.62903279
0.15308353 -0.69878709 -0.69875747 0.28239238 0.70854002 -0.64670366
0.09893876 -0.69359350 -0.71353990 0.18399960 0.71744472 -0.67187595
0.56447816 0.41915762 -0.71110570 -0.14979661 0.89919162 0.41111481
-0.04727200 -0.02948899 -0.99844670 -0.12245230 0.99219596 -0.02350680
-0.10059378 -0.04773203 -0.99378198 -0.16579787 0.98568612 -0.03056060
0.00331496 -0.00261483 -0.99999112 -0.18081802 0.98351151 -0.00317114
-0.10244793 0.03563203 -0.99409997 -0.32480279 0.94338524 0.06728709
-0.02595226 0.05928489 -0.99790376 -0.29457635 0.95346189 0.06430562
-0.01366046 0.05845769 -0.99819642 -0.27157515 0.96054709 0.05996936
-0.04321590 0.04398042 -0.99809724 -0.21293414 0.97567052 0.05221188
-0.01832321 0.00709564 -0.99980694 -0.11946807 0.99279511 0.00923534
0.07057014 -0.13748489 -0.98798674 -0.20374322 0.96758890 -0.14919941
-0.01146664 0.00496399 -0.99992198 -0.10268237 0.99469543 0.00611556
-0.02671123 -0.04372184 -0.99868661 -0.15684530 0.98685253 -0.03900871
0.14821483 -0.36563447 -0.91888183 0.00632099 0.92947531 -0.36883017
0.10116409 -0.20108284 -0.97433645 -0.21830417 0.95100540 -0.21893403
0.07209338 -0.16175222 -0.98419452 -0.23433524 0.95639408 -0.17434855
0.24513787 -0.51643252 -0.82049066 0.29664564 0.84567726 -0.44365674
0.23353887 -0.48053697 -0.84530693 0.18588389 0.87537718 -0.44627574
0.13348716 -0.45573568 -0.88004899 0.16308296 0.88599181 -0.43407652
0.06116367 -0.38348186 -0.92152089 0.13794282 0.91763771 -0.37271026
-0.42247245 0.76813036 0.48113701 -0.87863123 -0.47741002 -0.00932032
0.24234867 -0.73930943 -0.62824255 0.29905617 0.67294091 -0.67654711
0.14620328 -0.68944782 -0.70942682 0.32616365 0.71062833 -0.62339765
0.28001395 0.44940588 -0.84830809 -0.22205703 0.89001423 0.39820269
-0.14638007 -0.03484004 -0.98861474 -0.05054426 0.99833769 -0.02769881
-0.14224696 -0.02710453 -0.98946005 -0.11674608 0.99310714 -0.01042076
-0.18643489 -0.03839697 -0.98171675 -0.31734222 0.94802761 0.02318619
-0.15825357 0.02825508 -0.98699415 -0.32177761 0.94354677 0.07860478
-0.01294768 0.07247605 -0.99728608 -0.26567400 0.96127170 0.07330798
-0.04316559 0.05146442 -0.99774158 -0.20761503 0.97640878 0.05934616
-0.09248522 0.02765943 -0.99532986 -0.16116053 0.98601812 0.04237557
0.03514599 -0.12442757 -0.99160606 -0.17591180 0.97595680 -0.12869884
-0.09685264 -0.00201183 -0.99529672 -0.10048006 0.99490875 0.00776670
-0.10311552 -0.08847365 -0.99072683 -0.23017924 0.97112203 -0.06276569
-0.13808770 -0.04806144 -0.98925322 -0.16648616 0.98573565 -0.02465110
0.05619119 -0.21031447 -0.97601765 -0.06799649 0.97448641 -0.21389920
0.08788320 -0.16031756 -0.98314542 -0.23878284 0.95479828 -0.17703985
0.04048752 -0.21075481 -0.97670019 -0.20597826 0.95474541 -0.21455584
-0.01902337 -0.14153658 -0.98975027 -0.27145496 0.95347607 -0.13113180
0.23359850 -0.56035119 -0.79463089 0.31431833 0.81688142 -0.48364112
0.25215974 -0.49456877 -0.83175546 0.29105002 0.85849339 -0.42223096
0.19451179 -0.46536249 -0.86348307 0.19481379 0.88108802 -0.43096581
0.07767853 -0.40891066 -0.90926242 0.15478215 0.90590614 -0.39417827
-0.01748439 -0.28782228 -0.95752424 0.11114924 0.95117533 -0.28794348
0.44637620 -0.84795594 -0.28586537 0.85241544 0.50013328 -0.15249464
0.33607340 -0.77370614 -0.53705996 0.62340856 0.61017317 -0.48892796
0.26307511 -0.75063860 -0.60608023 0.54242885 0.63459545 -0.55050844
0.10054217 -0.69204640 -0.71481681 0.18524523 0.71891540 -0.66995889
-0.22099100 -0.62902546 -0.74531204 -0.01203860 0.76590759 -0.64283806
0.29507431 0.45912030 -0.83793777 -0.23082328 0.88526374 0.40376812
0.02901209 0.37976101 -0.92462963 -0.24041097 0.90051711 0.36231413
-0.25066260 -0.04373931 -0.96708590 -0.16928424 0.98556703 -0.00069777
-0.27666813 -0.04168789 -0.96006095 -0.30400303 0.95154589 0.04628872
-0.26932305 -0.01260448 -0.96296746 -0.36398992 0.92707682 0.08966613
-0.15189233 0.03815361 -0.98766035 -0.34239367 0.93535179 0.08878964
-0.20869976 0.02518660 -0.97765535 -0.27419049 0.95806843 0.08321335
-0.07456645 0.04570853 -0.99616802 -0.16432169 0.98473042 0.05748375
-0.06231100 -0.08785959 -0.99418211 -0.20830344 0.97532588 -0.07313763
-0.17776723 0.00292528 -0.98406821 -0.16868593 0.98510379 0.03340066
-0.10836073 0.04120535 -0.99325728 -0.09698329 0.99393642 0.05181404
-0.05509793 -0.07679202 -0.99552363 -0.09809143 0.99263149 -0.07113999
-0.16022643 -0.05764160 -0.98539585 -0.29032239 0.95688874 -0.00876732
-0.02747565 -0.19787152 -0.97984284 -0.07568146 0.97781134 -0.19533911
-0.01267197 -0.14067493 -0.98997474 -0.29961449 0.94509822 -0.13046284
-0.00305633 -0.17138165 -0.98519999 -0.21707113 0.96182668 -0.16664229
-0.17328647 -0.47510913 -0.86269528 0.11092020 0.86095923 -0.49643317
0.25502944 -0.50947279 -0.82182568 0.31767389 0.84689814 -0.42643514
0.20493504 -0.46974206 -0.85868740 0.23177220 0.87564617 -0.42370439
0.19134299 -0.46566236 -0.86402923 0.20674324 0.87966573 -0.42830533
0.10106420 -0.40795916 -0.90738928 0.03232029 0.91292405 -0.40684772
-0.05553571 -0.18818828 -0.98056155 -0.00130470 0.98209000 -0.18840770
0.01741275 -0.29369974 -0.95573914 0.10138265 0.95147604 -0.29054257
-0.36855111 0.74741369 0.55275929 -0.87129420 -0.48501500 0.07487976
0.26183826 -0.74849170 -0.60926259 0.54736423 0.63510728 -0.54500568
0.23225120 -0.73358846 -0.63867635 0.54002935 0.64338100 -0.54261339
0.10750692 -0.67452788 -0.73037970 0.33545369 0.71616727 -0.61202562
0.03472397 -0.64821708 -0.76066351 0.33729258 0.72406626 -0.60163260
-0.15150717 -0.63068706 -0.76110417 0.05888103 0.76286697 -0.64386880
0.33839399 0.45894766 -0.82149655 -0.17047749 0.88845360 0.42613104
-0.12286554 0.33469397 -0.93428266 -0.20699206 0.91206837 0.35395712
-0.27293244 0.30816674 -0.91134036 -0.39384729 0.82849163 0.39810288
-0.29420075 -0.03001245 -0.95527232 -0.28942004 0.95537484 0.05911870
-0.32752049 -0.01652896 -0.94469953 -0.35091904 0.93045723 0.10538131
-0.21928665 0.02261208 -0.97539842 -0.29388639 0.95176834 0.08813509
-0.22519408 0.02398012 -0.97401881 -0.21589541 0.97361702 0.07388546
-0.17257711 0.03187925 -0.98448002 -0.17935236 0.98175079 0.06323094
-0.25942743 -0.00640730 -0.96574134 -0.16993673 0.98467827 0.03911723
-0.18564954 0.02601643 -0.98227155 -0.09545709 0.99444377 0.04438024
-0.10966927 -0.07928967 -0.99080068 -0.28637424 0.95706558 -0.04489195
-0.30083850 -0.04477578 -0.95262337 -0.26954809 0.96215999 0.03989927
-0.06358988 -0.17941850 -0.98171550 -0.14303048 0.97518945 -0.16896112
-0.06258533 -0.14988062 -0.98672128 -0.30581653 0.94398218 -0.12399145
0.25830203 -0.53759301 -0.80266678 0.35233080 0.82605749 -0.43987742
0.09749592 -0.54109663 -0.83528978 0.31411359 0.81311935 -0.49007103
0.24486773 -0.50694877 -0.82646406 0.35059729 0.84103012 -0.41200727
0.26182395 -0.46603730 -0.84513754 0.24336863 0.87926811 -0.40946230
0.21746030 -0.42503077 -0.87866944 0.20266148 0.90025544 -0.38531604
-0.00193712 -0.37570927 -0.92673558 0.03350174 0.92619270 -0.37555921
-0.20577441 -0.13975953 -0.96856815 0.01781567 0.98905027 -0.14649998
-0.13122028 -0.23372391 -0.96340770 0.11773191 0.96125931 -0.24923831
-0.41899949 0.81496704 0.40033513 -0.88014287 -0.47289193 0.04149497
0.23800060 -0.72852123 -0.64234930 0.44082764 0.67033482 -0.59692734
0.22046767 -0.69897121 -0.68031859 0.44971654 0.69176430 -0.56499320
-0.31726483 -0.89148051 0.32342789 0.13594773 -0.38027924 -0.91482562
-0.13150170 -0.66762209 -0.73279476 -0.03105368 0.74162561 -0.67009491
-0.23238918 -0.60202241 -0.76391387 0.03655583 0.77945513 -0.62539065
0.25160998 0.46186191 -0.85051519 -0.17187490 0.88614178 0.43036240
0.02973644 0.41699734 -0.90842122 -0.25448367 0.88203347 0.39655411
0.08013453 0.37604082 -0.92313153 -0.41884911 0.85308415 0.31114766
-0.34611183 0.26368880 -0.90037489 -0.37520301 0.84070003 0.39044338
-0.18909881 0.34837198 -0.91808426 -0.27086478 0.88017392 0.38977703
-0.30483177 0.02703365 -0.95202249 -0.20764019 0.97366548 0.09413335
-0.17422242 0.04686110 -0.98359066 -0.12704454 0.98944908 0.06964348
-0.29779556 -0.01514516 -0.95450956 -0.06509215 0.99786925 0.00447483
-0.18592218 0.02568783 -0.98222864 -0.11111137 0.99269629 0.04699341
-0.15371023 0.05314155 -0.98668599 -0.08339220 0.99429262 0.06654243
-0.18815576 0.03028238 -0.98167223 -0.09323150 0.99446023 0.04854641
-0.14584157 -0.15580191 -0.97696269 -0.33305451 0.93761033 -0.09980759
-0.25609067 -0.02046261 -0.96643621 -0.24571814 0.96831435 0.04460913
-0.36555120 -0.07025225 -0.92813629 -0.20791094 0.97811627 0.00785146
-0.08929159 -0.15477870 -0.98390573 -0.15306005 0.97825003 -0.13999848
0.24291554 -0.53747690 -0.80753368 0.36929739 0.82102168 -0.43536526
-0.35697383 -0.83331817 0.42207882 -0.05697040 -0.43158597 -0.90027106
0.22873504 -0.56716728 -0.79120260 0.36876917 0.80266035 -0.46877038
0.24181230 -0.48853093 -0.83837008 0.34576520 0.85067731 -0.39597297
0.23419762 -0.44486144 -0.86443615 0.27303246 0.88347590 -0.38068846
0.27151489 -0.43509683 -0.85846984 0.11495609 0.90025318 -0.41991580
0.24260864 -0.38303292 -0.89130628 -0.05908874 0.91121459 -0.40767208
-0.23801540 -0.09842966 -0.96626103 0.05773224 0.99165887 -0.11523782
-0.20731574 -0.13723244 -0.96860075 -0.17024422 0.98006505 -0.10241824
0.03019102 -0.26072818 -0.96494013 -0.22088310 0.93977326 -0.26083902
-0.29677188 -0.10243629 -0.94943839 0.03059292 0.99269986 -0.11666645
0.37128720 -0.81986922 -0.43584430 0.86369801 0.47726116 -0.16201125
-0.42274666 0.81462747 0.39707366 -0.87729031 -0.47774026 0.04610928
0.21427438 -0.69869012 -0.68258232 0.47060442 0.68620431 -0.55466670
0.14690214 -0.63900334 -0.75504607 0.47774976 0.71422529 -0.51150501
-0.26430157 -0.91957885 0.29072216 -0.17417543 -0.25097296 -0.95219511
-0.01884339 -0.67764825 -0.73514479 -0.04121532 0.73517686 -0.67662132
-0.22152977 -0.93422210 0.27955982 -0.20840034 -0.23470362 -0.94946486
0.59563518 0.43214461 -0.67710394 -0.15490682 0.88892448 0.43106520
0.25322235 0.47593704 -0.84223658 -0.17551562 0.87876493 0.44380912
0.13973464 0.46607310 -0.87364191 -0.16147089 0.88121349 0.44428596
-0.21618959 0.35288441 -0.91034865 -0.25949520 0.87809598 0.40200704
-0.35415116 0.01697931 -0.93503404 -0.08321746 0.99529666 0.04959287
-0.19365922 0.04323243 -0.98011589 -0.08786194 0.99424988 0.06121635
-0.29816118 0.00622072 -0.95449531 -0.10274749 0.99395931 0.03857374
-0.14744207 0.03985826 -0.98826730 -0.10208601 0.99323791 0.05528920
-0.14211719 -0.15732881 -0.97726679 -0.35995764 0.92790866 -0.09703656
-0.27930039 -0.06379686 -0.95808208 -0.15902166 0.98708510 -0.01937008
-0.24463768 -0.14042990 -0.95939142 -0.15588070 0.98228228 -0.10403208
0.23044159 -0.54580081 -0.80560428 0.41570759 0.80375469 -0.42563540
0.24043913 -0.57888311 -0.77915555 0.44890964 0.77801794 -0.43950912
0.24083239 -0.47480193 -0.84650040 0.25384614 0.87262625 -0.41723576
0.19386025 -0.46991149 -0.86116284 0.40259257 0.83860111 -0.36697072
0.20285369 -0.42764029 -0.88089401 0.04291170 0.90261555 -0.42830348
0.21622263 -0.39771017 -0.89166951 0.05714041 0.91686314 -0.39509115
0.14312008 -0.40573409 -0.90271616 -0.09295648 0.90256327 -0.42040303
-0.22492732 -0.09780843 -0.96945411 0.08313473 0.98939466 -0.11910868
-0.37125874 -0.07148406 -0.92577374 0.00827391 0.99673790 -0.08028163
0.03653345 -0.31357822 -0.94885933 -0.20043506 0.92789984 -0.31436878
-0.11942220 -0.25018528 -0.96080470 -0.12922440 0.96341503 -0.23480318
-0.18746446 -0.10584836 -0.97655177 0.03831286 0.99263263 -0.11494613
-0.40837049 0.80206543 0.43580341 -0.86759412 -0.48945561 0.08782759
-0.43580717 0.82699674 0.35517389 -0.87264353 -0.48487297 0.05823639
0.17034991 -0.63863355 -0.75041866 0.44868118 0.72829396 -0.51795095
-0.28533396 -0.91435170 0.28730738 -0.19261312 -0.23894759 -0.95173746
-0.45833606 -0.20643465 -0.86447257 0.15620908 0.93880069 -0.30700487
0.54537797 0.39501429 -0.73927438 -0.07863933 0.90221226 0.42406249
0.44850370 0.45390671 -0.76994359 -0.11206114 0.88320565 0.45540103
0.15245414 0.47783571 -0.86511898 -0.12117737 0.87778425 0.46347690
-0.12923481 0.40424147 -0.90547627 -0.19724892 0.88440627 0.42298746
-0.19872017 0.38282952 -0.90219283 -0.18716805 0.88878447 0.41836616
-0.28905812 0.02121358 -0.95707649 -0.09594782 0.99407840 0.05101208
-0.52276778 -0.77163327 0.36234790 0.14684822 -0.50021255 -0.85335976
0.19797073 -0.56126750 -0.80360830 0.45089966 0.78009003 -0.43376139
-0.32014304 -0.89788800 0.30216825 0.12555455 -0.35635403 -0.92587686
0.16624109 -0.39290801 -0.90442646 0.03288680 0.91888791 -0.39314559
0.08665149 -0.35703108 -0.93006474 -0.13964780 0.92000574 -0.36618027
-0.26207227 -0.00594857 -0.96502990 0.03813023 0.99913633 -0.01651380
-0.03906321 -0.32420087 -0.94518137 -0.16603136 0.93486035 -0.31379882
-0.15651749 -0.27556673 -0.94845414 -0.13781205 0.95698887 -0.25530416
-0.22821410 -0.13365224 -0.96439385 -0.09986762 0.98852175 -0.11336341
-0.17117025 -0.10634758 -0.97948503 0.02774449 0.99324280 -0.11268985
0.42124593 -0.84774667 -0.32230034 0.87166834 0.47658387 -0.11428979
-0.39420900 -0.86642247 0.30644980 -0.06463282 -0.30648968 -0.94967723
-0.30818135 -0.90530616 0.29230991 -0.20331353 -0.23748922 -0.94987500
0.45491019 0.33365634 -0.82566959 -0.06915922 0.93759513 0.34078199
0.37403595 0.49239567 -0.78590310 -0.18969616 0.87011671 0.45487610
0.35526186 0.41110888 -0.83951086 -0.09019234 0.90898174 0.40696141
0.41060132 0.49228334 -0.76750487 -0.18495233 0.86920083 0.45856571
0.09135952 0.48217130 -0.87130034 -0.12076587 0.87386614 0.47092840
-0.09552318 0.42230242 -0.90140778 -0.16491884 0.88632017 0.43271059
-0.61171132 0.32013592 -0.72341025 -0.16727521 0.84143603 0.51381367
0.22644854 -0.55962408 -0.79720891 0.34863788 0.81081289 -0.47014266
0.22633120 -0.37437639 -0.89923114 0.30458272 0.90409392 -0.29973924
-0.01270188 -0.36273485 -0.93180585 0.07554895 0.92886919 -0.36262152
-0.36122620 0.01733452 -0.93231714 0.08432370 0.99633801 -0.01414635
-0.40589839 -0.01430201 -0.91380626 -0.08300570 0.99632192 0.02127637
-0.10566851 -0.32595837 -0.93946016 0.07128429 0.93983579 -0.33410662
-0.46217325 0.81973511 0.33827537 -0.87063342 -0.49192581 0.00255831
-0.26396516 -0.92244893 0.28179848 -0.26565459 -0.21133085 -0.94062054
-0.34314957 -0.89111274 0.29692844 -0.19085020 -0.24338065 -0.95096904
-0.29090780 -0.91430229 0.28182277 -0.38803959 -0.15649563 -0.90825897
0.53513175 0.31757393 -0.78280324 -0.07579667 0.94096065 0.32992122
0.46764779 0.30913675 -0.82809424 -0.05643795 0.94537961 0.32104862
0.44317046 0.53956896 -0.71586686 -0.29906556 0.84180868 0.44935283
0.20035146 0.42175150 -0.88429916 -0.06946068 0.90644366 0.41657549
0.36025396 0.32272726 -0.87525094 -0.05473536 0.94394684 0.32552803
0.37073717 0.51302075 -0.77418590 -0.22658269 0.85836297 0.46029684
-0.00952656 -0.46562442 0.88493121 0.06714961 -0.88327157 -0.46402830
-0.26850244 0.46157289 -0.84549212 0.05813637 0.88388783 0.46407163
-0.31814492 0.42219332 -0.84884429 -0.08204881 0.87974435 0.46831393
-0.73834980 0.27118698 -0.61749274 -0.12120184 0.84733087 0.51704979
-0.34712285 -0.88245201 0.31746519 0.10522365 -0.37302446 -0.92183548
-0.38393417 0.02098057 -0.92312211 0.05548237 0.99845958 -0.00038275
-0.41650951 0.02058803 -0.90889817 0.06953445 0.99753654 -0.00926885
-0.10072946 0.00098243 -0.99491340 -0.27062926 0.96226615 0.02834990
-0.42397889 0.00910451 -0.90562630 -0.07501070 0.99616092 0.04513176
-0.19006142 -0.93803942 0.28975636 -0.26267520 -0.23579024 -0.93563068
-0.46801680 0.82376873 0.31994584 -0.85451388 -0.51415604 0.07382134
0.52957398 0.29977617 -0.79352736 -0.07857074 0.94878584 0.30599368
0.52323735 0.28097412 -0.80453479 -0.08455181 0.95654076 0.27907121
0.40854341 0.53800595 -0.73732084 -0.28109765 0.84271145 0.45915318
0.39418116 0.54115182 -0.74281621 -0.27222392 0.84073818 0.46803153
0.19000897 0.45404106 -0.87048453 -0.07368626 0.89073139 0.44851753
0.27643815 0.35960329 -0.89121681 -0.04672669 0.93128681 0.36127767
0.34173629 0.25829929 -0.90360272 -0.03409434 0.96426278 0.26274496
-0.01801846 0.56809193 -0.82276791 0.05096486 0.82235354 0.56668973
-0.15380315 0.48176494 -0.86269760 0.03180240 0.87504727 0.48299167
-0.72674417 0.30722520 -0.61437410 -0.04725638 0.86992437 0.49091589
-0.43277609 0.02081183 -0.90126121 0.03384793 0.99940372 0.00682471
-0.36710021 0.02223375 -0.92991567 -0.00100358 0.99970430 0.02429854
-0.46352139 0.02680036 -0.88568038 0.06981381 0.99753982 -0.00635191
-0.52625954 0.02768165 -0.84987330 -0.04178208 0.99742085 0.05835984
-0.37796897 0.02388903 -0.92550999 -0.21418318 0.97029167 0.11251518
-0.42057630 0.01252541 -0.90717071 -0.18865515 0.97684097 0.10095037
-0.45537469 0.03315756 -0.88968223 -0.04952906 0.99681520 0.06250124
0.43271020 -0.84859610 -0.30437881 0.86985010 0.48170787 -0.10638835
0.49260539 0.28623617 -0.82183260 -0.08407114 0.95559609 0.28243250
0.49843740 0.25030226 -0.83000541 -0.07287318 0.96612090 0.24758819
0.35260412 0.56239140 -0.74792135 -0.28076461 0.82601339 0.48874658
0.15369135 0.53676033 -0.82961875 -0.18334459 0.84050554 0.50983840
0.16914459 0.47822687 -0.86179417 -0.06228793 0.87783206 0.47490129
0.22096102 0.44088221 -0.86994207 -0.06757072 0.89676672 0.43731415
0.25495854 0.29306310 -0.92147177 -0.00923309 0.95365977 0.30074543
0.20740727 0.36848444 -0.90620172 -0.02483226 0.92803001 0.37167683
0.42633891 0.24663582 -0.87029070 -0.03361728 0.96576673 0.25722474
0.11515181 0.57097584 -0.81285101 -0.02473374 0.81968874 0.57227498
-0.18479641 0.58324492 -0.79099667 0.23203306 0.80799776 0.54157209
-0.64581114 0.34246513 -0.68238240 0.01468955 0.89916670 0.43735972
-0.82671452 0.26499397 -0.49630770 0.02595265 0.89915645 0.43685719
-0.45593530 0.02874312 -0.88954866 0.08477620 0.99633646 -0.01125812
-0.49814406 0.03281213 -0.86647332 0.09417074 0.99542028 -0.01644451
-0.47902542 0.03584445 -0.87706894 0.02694780 0.99929553 0.02612168
-0.36749977 0.05844146 -0.92818564 -0.11000059 0.98828679 0.10577852
-0.46054912 0.04633447 -0.88642412 -0.16045967 0.97783828 0.13448098
-0.53260934 0.03165444 -0.84576911 -0.08467758 0.99229342 0.09046268
0.45386630 -0.86260915 -0.22340754 0.86050689 0.48940068 -0.14147404
0.53187954 0.21327922 -0.81952196 -0.08158898 0.97616827 0.20109393
0.36101964 0.58346945 -0.72748083 -0.27954483 0.81192780 0.51247251
0.16530488 0.52672631 -0.83380681 -0.18219979 0.84719539 0.49906233
0.15360588 0.52331799 -0.83817869 -0.20675617 0.84649080 0.49061725
0.18030478 0.45452440 -0.87229455 -0.05336636 0.89004326 0.45274174
0.33139938 0.26884767 -0.90437573 -0.02808597 0.96092868 0.27536759
0.24170738 0.25848436 -0.93528789 -0.00912794 0.96443039 0.26417944
0.19390433 0.32827058 -0.92446721 -0.01388279 0.94317645 0.33200222
0.34609246 0.25048465 -0.90414464 -0.02555441 0.96586025 0.25780052
0.34109280 0.18147968 -0.92234534 -0.08918525 0.98300910 0.16043419
-0.07367732 0.58339787 -0.80883783 0.11695547 0.81050014 0.57394344
-0.51670951 0.65894282 -0.54663116 0.48657072 0.75134856 0.44578502
-0.62800586 0.34606308 -0.69702870 0.01163872 0.89976019 0.43622962
-0.68616945 0.33994433 -0.64312476 0.05619914 0.90622133 0.41905198
-0.53939277 0.04487983 -0.84085751 0.11637545 0.99296927 -0.02165383
-0.55182379 0.04592834 -0.83269513 0.02245936 0.99893868 0.04021398
-0.38654017 0.05525533 -0.92061591 -0.09474722 0.99054313 0.09923400
-0.44653136 0.05508532 -0.89307076 -0.10892338 0.98733360 0.11536073
-0.52746153 0.03322919 -0.84892887 -0.11805474 0.98667401 0.11197134
-0.44683427 0.06136759 -0.89250946 -0.10644618 0.98691016 0.12115063
-0.59294194 0.05524751 -0.80334777 -0.02186682 0.99617100 0.08464793
0.43899566 -0.84882438 -0.29458451 0.86052477 0.49150497 -0.13386577
0.51840144 0.17798126 -0.83641064 -0.09726334 0.98402554 0.14910935
0.35533875 0.60001522 -0.71673995 -0.27842394 0.79991764 0.53161252
0.08618549 0.52393991 -0.84738368 -0.13397768 0.84891772 0.51126182
0.13005723 0.51987952 -0.84428096 -0.09042618 0.85418397 0.51204783
0.11569101 0.46163183 -0.87949514 -0.05070844 0.88703096 0.45891696
0.23020615 0.24162327 -0.94266820 0.00222510 0.96855205 0.24880116
0.11848156 0.29741102 -0.94736940 0.02831302 0.95268995 0.30262229
0.13588527 0.33739188 -0.93150520 0.00079821 0.94018859 0.34065348
0.32938606 0.19499785 -0.92384022 -0.02930936 0.98008192 0.19641899
0.42294547 0.18085304 -0.88792413 -0.06168747 0.98335427 0.17090668
0.41786727 0.17772977 -0.89095402 -0.09906416 0.98374438 0.14977765
0.17480905 0.59601820 -0.78371179 -0.02195062 0.79812914 0.60208654
-0.27412724 0.73453856 -0.62073141 0.57570624 0.64236486 0.50589502
-0.50763971 0.65370470 -0.56122375 0.49697840 0.75427777 0.42904267
-0.47045940 0.56869221 -0.67472756 0.22376040 0.81652313 0.53218544
-0.65897632 0.56549317 -0.49595127 0.36919874 0.81765199 0.44174373
-0.57308388 0.04879570 -0.81804276 0.07891437 0.99687266 0.00417894
-0.59219074 0.05656344 -0.80381018 -0.04095775 0.99413091 0.10013093
-0.56306589 0.04619477 -0.82511991 0.03851178 0.99881852 0.02963876
-0.33606437 0.07007867 -0.93922830 -0.06611753 0.99301237 0.09774911
-0.39979073 0.06861551 -0.91403466 -0.05104499 0.99398011 0.09694356
-0.55187303 0.06308179 -0.83153886 -0.10010421 0.98491359 0.14115389
-0.54931039 0.06559390 -0.83304000 -0.08914974 0.98662430 0.13647294
-0.61767250 0.06491346 -0.78375190 -0.04254122 0.99237067 0.11571871
0.43843234 -0.84543949 -0.30497414 0.86595380 0.48821169 -0.10850526
0.52272362 0.17531912 -0.83428007 -0.09420194 0.98451084 0.14786640
0.36405069 0.72887540 -0.57983434 -0.65198117 0.64401567 0.40020552
0.20734799 0.60442978 -0.76920187 -0.18350278 0.79636413 0.57630807
-0.07734288 0.55981869 -0.82499766 0.08316231 0.82821512 0.55420554
-0.00584462 -0.52473950 0.85124284 -0.02588193 -0.85089284 -0.52470142
0.13927028 0.41454130 -0.89931047 -0.00959581 0.90868336 0.41737574
0.14504795 0.51258427 -0.84629697 -0.07918095 0.85861272 0.50647265
0.17745526 0.23737119 -0.95507312 -0.06727733 0.97113132 0.22886194
0.12044563 0.29181090 -0.94886208 0.02849503 0.95441043 0.29713422
0.15188523 0.35776243 -0.92137772 -0.00841204 0.93262702 0.36074373
-0.07222743 0.31108746 -0.94763279 -0.05738623 0.94724411 0.31533381
0.27287847 0.18244292 -0.94459087 -0.04153219 0.98317236 0.17789669
0.36758304 0.18377276 -0.91165257 -0.04765939 0.98271567 0.17888130
0.45282787 0.16716188 -0.87578762 -0.08813998 0.98584867 0.14259627
-0.18160155 0.70026594 -0.69039732 0.36429173 0.70002675 0.61421013
-0.37314805 0.57699370 -0.72652513 0.19139953 0.81411612 0.54825288
-0.61974353 0.58748478 -0.52036494 0.40662560 0.80748093 0.42735249
-0.76994634 0.57155985 -0.28372866 0.49844229 0.81632340 0.29184148
-0.60505795 0.57987499 -0.54557306 0.39944249 0.81384563 0.42202026
-0.60864210 0.05489888 -0.79154336 0.08246840 0.99657738 0.00570688
-0.65872765 0.07127364 -0.74899799 0.07013102 0.99698544 0.03319307
-0.36969215 0.06388424 -0.92695552 -0.05424794 0.99444777 0.09017108
-0.46155366 0.08313841 -0.88320792 -0.04236289 0.99239731 0.11555500
-0.61845809 0.06399604 -0.78320760 -0.04633660 0.99197417 0.11764398
-0.45491377 0.08698422 -0.88627720 -0.00257332 0.99508572 0.09898416
-0.73978412 0.08536652 -0.66740704 0.00039500 0.99197376 0.12644328
0.48909175 -0.86265540 -0.12889890 0.83386660 0.50579172 -0.22100073
0.55397850 0.16103880 -0.81680745 -0.14012742 0.98515248 0.09919133
0.39869285 0.65096664 -0.64597714 -0.41914800 0.75585163 0.50299436
0.31927454 0.60418904 -0.73008174 -0.16000561 0.79371119 0.58687371
0.01294034 -0.58242714 0.81277990 -0.11210413 -0.80856836 -0.57762438
0.06938323 0.59165102 -0.80320305 -0.02678015 0.80595785 0.59136689
0.09779164 0.44223472 -0.89155221 -0.00051193 0.89586836 0.44431946
0.17560431 0.49484390 -0.85105377 -0.07335421 0.86866111 0.48994589
0.17922986 0.58220404 -0.79304171 -0.02571952 0.80859202 0.58780742
0.15835626 0.23532358 -0.95892972 -0.10794278 0.96948910 0.22008936
0.14343707 0.23752147 -0.96073377 -0.08678741 0.97005105 0.22686769
-0.10061991 0.31017143 -0.94534087 -0.06251781 0.94631422 0.31714505
0.28922701 0.17515717 -0.94109923 -0.03718942 0.98443091 0.17179266
0.45393041 0.15738569 -0.87702739 -0.07548488 0.98753107 0.13814662
-0.15577382 0.69984394 -0.69710326 0.36541563 0.69648123 0.61756402
-0.59429359 0.05955724 -0.80204004 0.07935357 0.99673051 0.01521520
-0.79307407 0.09381070 -0.60185808 0.09910898 0.99477601 0.02445739
-0.62529540 0.07005502 -0.77723742 0.11036216 0.99389112 0.00079528
-0.36243111 0.08292352 -0.92831433 -0.08065059 0.98950744 0.11987719
-0.50936496 0.08212722 -0.85662276 -0.03273280 0.99286622 0.11465289
-0.49421793 0.08344613 -0.86532384 -0.05671232 0.99016744 0.12787569
-0.64929533 0.08189216 -0.75611466 -0.03548227 0.98984164 0.13767585
-0.51979911 0.08540221 -0.85000908 -0.03962772 0.99150908 0.12385223
-0.48540112 0.08862961 -0.86978769 -0.05776861 0.98942316 0.13305905
-0.75708497 0.09503593 -0.64636719 0.09117302 0.99505085 0.03951294
-0.73536950 0.08486959 -0.67233092 0.01458098 0.99387860 0.10951105
0.44627136 -0.84354371 -0.29879078 0.83676189 0.51171291 -0.19488323
0.47711092 0.13826433 -0.86789870 -0.10637681 0.98937142 0.09913741
0.38437629 0.64820796 -0.65732902 -0.41567162 0.75728965 0.50371557
0.11170611 0.62795275 -0.77019292 0.00368263 0.77477688 0.63222414
0.27320683 0.61683756 -0.73815280 -0.22333439 0.78705239 0.57503945
-0.20552140 0.64855111 -0.73290002 0.23691326 0.75958306 0.60572743
-0.02687069 0.66618031 -0.74530649 0.15229511 0.73960048 0.65558940
-0.01947546 -0.59774184 0.80145210 -0.12013622 -0.79439712 -0.59539950
0.08096305 0.42671135 -0.90075660 0.00428756 0.90356594 0.42842758
0.09466002 0.50480175 -0.85802954 -0.06571907 0.86318839 0.50058645
0.17503819 0.61933535 -0.76536626 -0.01922301 0.77936900 0.62627023
0.16006495 0.22879773 -0.96022439 -0.00752799 0.97302145 0.23059207
-0.15965420 0.26126537 -0.95197219 0.04524238 0.96526498 0.25732598
0.20393358 0.18718690 -0.96092254 -0.02251530 0.98218733 0.18655089
0.30594656 0.15061179 -0.94006002 -0.06926814 0.98831201 0.13579887
0.42962146 0.14904499 -0.89062399 -0.09888607 0.98811835 0.11765964
0.56533366 0.14914137 -0.81126744 -0.15632144 0.98506683 0.07215924
-0.67101061 0.07661548 -0.73747879 0.08338252 0.99613476 0.02761947
-0.71444869 0.09821286 -0.69276071 0.10172281 0.99415994 0.03603492
-0.51615101 0.06632461 -0.85392576 -0.14070742 0.97688520 0.16092478
-0.56009138 0.07614760 -0.82492381 -0.04918258 0.99095380 0.12486666
-0.47060615 0.08777320 -0.87796682 -0.07365739 0.98765862 0.13822116
-0.66127789 0.07871816 -0.74599940 -0.01840043 0.99247742 0.12103735
-0.58783537 0.08406076 -0.80460137 -0.03570661 0.99092150 0.12961352
-0.81687433 0.09433605 -0.56904930 0.08331473 0.99548715 0.04543133
-0.76110876 0.10036448 -0.64081240 0.08788475 0.99480247 0.05142372
-0.75813913 0.09080624 -0.64573944 0.02076667 0.99311662 0.11527430
0.46622559 -0.85374373 -0.23185191 0.84480256 0.50744033 -0.16974375
0.57891119 0.12044072 -0.80644643 -0.17382741 0.98452467 0.02225346
0.29175630 0.62345457 -0.72538453 -0.29516321 0.78005177 0.55172276
-0.08462641 0.70395690 -0.70518303 0.25856060 0.69899350 0.66674924
-0.12705277 -0.63896298 0.75867248 -0.22157466 -0.72725999 -0.64961350
-0.19310564 -0.61886203 0.76139355 -0.04939622 -0.76888359 -0.63747793
0.14997865 0.62084144 -0.76945585 -0.03181440 0.78088605 0.62386292
-0.02437990 0.63755745 -0.77001697 0.07823217 0.76910067 0.63432169
0.26340789 0.42444476 -0.86629266 -0.05690771 0.90327907 0.42526287
0.24077980 0.62088263 -0.74600935 -0.18823618 0.78390098 0.59166414
0.19379868 0.20363276 -0.95967484 -0.02268907 0.97888929 0.20312797
-0.19983882 0.31350243 -0.92832148 0.12024826 0.94811743 0.29430199
-0.43598232 0.25806865 -0.86216009 0.00825975 0.95911038 0.28291181
0.02132918 0.12364011 -0.99209785 -0.06514598 0.99038661 0.12202628
0.22059691 0.13253994 -0.96631783 -0.07730687 0.98998338 0.11813783
0.35799599 0.15001138 -0.92159402 -0.08796225 0.98803872 0.12665761
0.50554681 0.15299009 -0.84912694 -0.10423686 0.98777497 0.11591098
-0.36885199 0.10373297 -0.92368162 -0.09931232 0.98366600 0.15012763
-0.54952788 0.08437858 -0.83120364 -0.04408297 0.99057281 0.12970099
-0.45741999 0.09287709 -0.88438725 -0.13843939 0.97496724 0.17399286
-0.67500848 0.08610287 -0.73276865 -0.01655873 0.99114907 0.13171698
-0.59867865 0.08233245 -0.79674667 -0.03044393 0.99164563 0.12534820
-0.81813288 0.10509873 -0.56534314 0.09338868 0.99438792 0.04971237
-0.80461335 0.08941305 -0.58702868 0.04518054 0.99495089 0.08961868
-0.79019576 0.08724901 -0.60661215 0.00916080 0.99138522 0.13065772
0.46846724 -0.85367507 -0.22754642 0.83519691 0.51190352 -0.20100012
0.43628350 0.10145845 -0.89407098 -0.14484814 0.98858315 0.04150146
0.45199564 0.62248039 -0.63891953 -0.15104461 0.75932741 0.63293564
0.29021797 0.64382946 -0.70799518 -0.19772033 0.76421583 0.61390620
0.18715385 0.62231296 -0.76006585 -0.10202907 0.78186703 0.61503994
0.50669616 0.42556095 -0.74977130 -0.16491441 0.90146291 0.40020993
0.59766495 0.39175221 -0.69951910 -0.09734483 0.90149713 0.42169532
0.26143518 0.62665612 -0.73413473 -0.20780654 0.77929336 0.59120077
-0.26565912 0.20992026 -0.94093508 -0.04377273 0.97237283 0.22929251
-0.57406366 0.42699870 -0.69865805 0.33949083 0.90058547 0.27146250
-0.37085703 0.17064425 -0.91287768 -0.36829519 0.87534785 0.31324890
0.02462057 0.10759008 -0.99389052 -0.06502856 0.99225861 0.10580254
-0.45444033 0.11844116 -0.88286787 -0.03121663 0.98839462 0.14866631
0.37612456 0.14079195 -0.91580999 -0.12378629 0.98716342 0.10092225
0.38220876 0.14429197 -0.91274112 -0.10240387 0.98826379 0.11334964
-0.60059190 0.08330386 -0.79520434 -0.07904224 0.98349994 0.16272730
-0.48231265 0.09462690 -0.87087333 -0.15292881 0.96978658 0.19007057
-0.76569897 0.07759035 -0.63850212 -0.01400805 0.99045026 0.13715748
-0.67494732 0.08558939 -0.73288512 -0.04263506 0.98706645 0.15453833
-0.69796890 0.07064709 -0.71263492 -0.04860657 0.98815370 0.14556690
-0.85501492 0.10265482 -0.50834197 0.08271666 0.99465913 0.06173519
-0.83428800 0.08505508 -0.54472858 0.03168205 0.99379176 0.10664961
-0.79034573 0.08152010 -0.60721344 0.00187444 0.99142522 0.13066188
0.47840151 -0.85680097 -0.19241647 0.82577395 0.51347601 -0.23332322
0.45728859 0.10177550 -0.88347548 -0.14939283 0.98810399 0.03650257
0.37212172 0.63766533 -0.67446905 -0.25220042 0.76877964 0.58768439
0.27384871 0.63213497 -0.72485334 -0.23848538 0.77475733 0.58555609
-0.69018674 0.12660426 -0.71247011 -0.09986494 0.95849067 0.26706308
-0.57383162 0.42831048 -0.69804543 0.34022814 0.89998430 0.27253100
-0.48923612 0.50284457 -0.71259761 0.38340744 0.85787332 0.34212881
-0.60942537 0.15183300 -0.77816927 -0.18069816 0.92906171 0.32278872
-0.23027870 0.18107426 -0.95612961 -0.40730333 0.87439710 0.26369238
0.03065543 0.09728238 -0.99478465 -0.06412502 0.99339354 0.09517024
-0.63383192 0.12900470 -0.76263690 0.01986684 0.98838300 0.15067962
-0.39820251 0.12188610 -0.90916365 -0.02812965 0.98904413 0.14491564
0.42220670 0.11356390 -0.89935797 -0.14541551 0.98775834 0.05646059
-0.60506094 0.08334072 -0.79180533 -0.10963625 0.97631085 0.18653962
-0.48466128 0.08991595 -0.87006819 -0.17808679 0.96372473 0.19879591
-0.78337026 0.07703534 -0.61676300 -0.10847110 0.96011871 0.25769395
-0.73765230 0.07681467 -0.67079699 -0.06013888 0.98208338 0.17859350
-0.90921485 0.09674873 -0.40492967 0.08881631 0.99530828 0.03838125
-0.87547004 0.09579564 -0.47368291 0.05139973 0.99305463 0.10583319
-0.85364467 0.08575742 -0.51374757 0.03677857 0.99381500 0.10478140
-0.81323856 0.08118663 -0.57623941 -0.00020528 0.99018025 0.13979661
0.49281263 0.09123539 -0.86533916 -0.15852395 0.98725861 0.01380998
0.42164609 0.10764619 -0.90034825 -0.14236377 0.98847318 0.05151145
-0.64527029 0.13734978 -0.75150609 -0.03825908 0.97666115 0.21135116
-0.62034941 0.14555216 -0.77070177 -0.16556512 0.93618608 0.31007078
-0.62402225 0.42951483 -0.65277350 0.29452473 0.90305537 0.31264392
-0.64348727 0.44763631 -0.62092346 0.35512388 0.89318246 0.27588448
-0.45534977 0.49009681 -0.74327767 0.31330621 0.86965799 0.38148952
-0.40019998 0.50342941 -0.76576686 0.40472180 0.84678817 0.34518138
-0.86504585 0.00247935 -0.50168681 -0.19657122 0.91835743 0.34348136
-0.04012042 0.27935883 -0.95934820 -0.49997219 0.82566863 0.26134092
-0.15997739 0.20296399 -0.96602947 -0.30999792 0.91879356 0.24437626
0.09965449 0.08250229 -0.99159586 -0.08250207 0.99381024 0.07439514
-0.27845973 0.11022080 -0.95410252 -0.01056927 0.99298149 0.11779691
-0.74157941 0.15567875 -0.65255207 0.12751806 0.98767918 0.09071443
-0.71556133 0.13904157 -0.68457252 0.01760326 0.98326868 0.18130875
-0.40789881 0.12791881 -0.90402180 0.03860260 0.99166763 0.12290298
-0.55540854 0.12979171 -0.82138640 0.01307289 0.98898536 0.14743525
-0.64881212 0.08781709 -0.75586450 -0.12209318 0.96843559 0.21731503
-0.25107118 0.12439923 -0.95994174 -0.37361196 0.90240508 0.21466061
-0.59233344 0.07124901 -0.80253643 -0.24107417 0.93477476 0.26092035
-0.78159207 0.07317306 -0.61948335 -0.03566518 0.98622954 0.16149111
-0.75573307 0.06973427 -0.65115649 -0.09760499 0.97121471 0.21729076
-0.87837392 0.09017291 -0.46939129 0.06226239 0.99526167 0.07468387
-0.88466358 0.08153035 -0.45904601 0.02952127 0.99241114 0.11936764
-0.85877806 0.08094469 -0.50591332 0.00656133 0.98909765 0.14711508
0.37442884 0.10317257 -0.92149800 -0.13233139 0.98956394 0.05702364
0.39176175 0.10587335 -0.91395491 -0.14632960 0.98788327 0.05171388
-0.65065324 0.13662475 -0.74698329 -0.07730003 0.96665555 0.24413481
-0.67753994 0.13697796 -0.72261798 -0.04713829 0.97239661 0.22852321
-0.55726331 0.15295886 -0.81612575 -0.15011890 0.94813013 0.28020278
-0.64951092 0.39879990 -0.64737487 0.18730581 0.90909612 0.37210321
-0.61610466 0.42391232 -0.66386253 0.27837995 0.90561968 0.31993395
-0.68397540 0.46039069 -0.56587815 0.37900668 0.88705814 0.26359400
-0.55421650 0.45071667 -0.69978470 0.17112488 0.88444889 0.43412730
-0.45677271 0.50040376 -0.73549628 0.32045296 0.86383784 0.38870835
-0.31372738 0.53723460 -0.78291386 0.41896155 0.81825900 0.39360312
0.02175058 0.31432426 -0.94906646 -0.51573926 0.81675887 0.25868526
-0.13882129 0.21298935 -0.96714228 -0.30728742 0.91913044 0.24652322
0.20306075 0.08943928 -0.97507280 -0.07481232 0.99432588 0.07562548
-0.24630336 0.10322085 -0.96368051 0.04557533 0.99444610 0.09486777
-0.70841044 0.14758815 -0.69019741 0.07170657 0.98788267 0.13764484
-0.76381165 0.12285390 -0.63363928 -0.05106920 0.96713680 0.24907510
-0.67120445 0.15550627 -0.72477752 0.11037987 0.98781449 0.10972176
-0.69741786 0.15209275 -0.70034009 0.09101401 0.98810536 0.12395245
-0.75449020 0.05844237 -0.65370411 -0.10656504 0.97190142 0.20988472
-0.67715579 0.08082143 -0.73138767 -0.17791042 0.94647819 0.26930836
-0.50377929 0.02866655 -0.86335671 -0.26980588 0.94422686 0.18878677
-0.57318521 0.09371863 -0.81404889 -0.23347227 0.93358266 0.27187178
-0.81959707 0.05734910 -0.57006299 -0.06436378 0.97946334 0.19107309
-0.92386568 0.07663741 -0.37496534 0.04342097 0.99440885 0.09625896
-0.89676946 0.07705740 -0.43573695 0.05052885 0.99611193 0.07216526
-0.88870949 0.07570847 -0.45217657 0.00077946 0.98651946 0.16364220
0.38460764 0.10624112 -0.91694593 -0.12516326 0.99018276 0.06222763
-0.69308776 0.13450991 -0.70819241 -0.04107937 0.97346973 0.22509831
-0.60685271 0.14142241 -0.78213149 -0.10006721 0.96261835 0.25169918
-0.66594958 0.39255914 -0.63435680 0.17151552 0.90813822 0.38192588
-0.51926172 0.45627642 -0.72261965 0.11366578 0.87491006 0.47075742
-0.30351797 0.48038009 -0.82286805 0.11405881 0.87571603 0.46916103
-0.29842490 0.52035093 -0.80011094 0.39014351 0.83157980 0.39530125
-0.29877621 0.53398067 -0.79094714 0.37096465 0.82860869 0.41927660
-0.24089740 0.52680701 -0.81513363 0.44897515 0.80508739 0.38762820
0.13367414 0.34822911 -0.92782962 -0.48699558 0.83847487 0.24453048
-0.11623942 0.21988674 -0.96857536 -0.29271501 0.92428976 0.24496196
0.06374349 0.09825256 -0.99311793 0.01003893 0.99502832 0.09908589
-0.68801183 0.14617978 -0.71082443 0.06941266 0.98826730 0.13605039
-0.46050343 0.16971733 -0.87128222 0.13711146 0.98337162 0.11908300
-0.66861886 0.15451662 -0.72737432 0.08656101 0.98769569 0.13024801
-0.75842822 0.05358365 -0.64955020 -0.12195852 0.96734327 0.22220077
-0.71759623 0.06634840 -0.69329184 -0.17815419 0.94484603 0.27482194
-0.65291178 0.09025276 -0.75203770 -0.20519295 0.93467194 0.29031739
-0.49986756 0.00113581 -0.86610115 -0.28347427 0.94470549 0.16484518
-0.49565601 0.03090390 -0.86796898 -0.30104697 0.93129808 0.20507242
-0.70212328 0.04833894 -0.71041274 -0.19290689 0.94746935 0.25512508
-0.64798313 0.07091152 -0.75834656 -0.23380172 0.92906815 0.28665152
-0.87600309 0.03661622 -0.48091364 -0.07245091 0.97580934 0.20626922
-0.93269724 0.07401751 -0.35298342 0.04381424 0.99471915 0.09281232
-0.88221687 0.07556866 -0.46473950 0.00285827 0.98787779 0.15520740
0.38201135 0.10620310 -0.91803497 -0.12198170 0.99047810 0.06382485
-0.57890582 0.15524437 -0.80047947 -0.00580812 0.98089826 0.19443505
-0.24436325 0.17972407 -0.95288295 -0.21298480 0.94872934 0.23355982
-0.70156723 0.37713686 -0.60462481 0.07129247 0.88136280 0.46703011
-0.73211813 0.36710751 -0.57379025 0.14117126 0.90583295 0.39942133
-0.52091503 0.45426422 -0.72269750 0.08610658 0.87028325 0.48496684
-0.40800324 0.46576238 -0.78523803 0.12600996 0.88057876 0.45683983
-0.38355044 0.50246465 -0.77486670 0.50847489 0.81530672 0.27699879
-0.20982514 0.51408446 -0.83167940 0.45019823 0.80587786 0.38455489
0.12451607 0.34935221 -0.92868125 -0.48719287 0.83689427 0.24950171
0.17762487 0.31067851 -0.93377101 -0.34237128 0.90909356 0.23734111
-0.45919740 0.16956529 -0.87200081 0.13643228 0.98342913 0.11938763
-0.66462117 0.24225539 -0.70681751 0.21835539 0.96765703 0.12633602
-0.73185670 0.15762627 -0.66297793 0.08225795 0.98620105 0.14367023
-0.79317099 0.03660756 -0.60789788 -0.16052471 0.95032364 0.26667729
-0.73634356 0.05359213 -0.67448217 -0.19592053 0.93726343 0.28836164
-0.30017340 0.03613918 -0.95319986 -0.35797906 0.92197591 0.14768702
-0.61585480 0.04953990 -0.78630066 -0.29589182 0.91041899 0.28911141
-0.36845529 0.00833575 -0.92960817 -0.32473600 0.93581492 0.13710232
-0.70209128 0.03564976 -0.71119404 -0.26979288 0.91096956 0.31200361
-0.88914579 0.06588617 -0.45285627 -0.02742441 0.98013127 0.19644508
-0.87834251 0.03166752 -0.47698185 -0.08067981 0.97366911 0.21321186
-0.94395179 0.06496275 -0.32362771 0.02858862 0.99284816 0.11591056
-0.92908531 0.06065012 -0.36485896 0.00121609 0.98695946 0.16096455
0.33084115 0.10234629 -0.93812019 -0.11187684 0.99134463 0.06869800
-0.70005435 0.16084516 -0.69573897 0.03875358 0.98142380 0.18789756
-0.29177544 0.20949323 -0.93326294 -0.14290464 0.95522016 0.25909978
-0.69998568 0.37611771 -0.60708779 0.04017501 0.86946875 0.49235156
-0.64656228 0.40413266 -0.64701939 0.02761357 0.85999072 0.50956202
-0.44917619 0.47194624 -0.75862211 -0.01476988 0.84506100 0.53446591
-0.35719800 0.46601066 -0.80947131 0.07022152 0.87759072 0.47423995
-0.25018579 0.55119717 -0.79598290 0.44147331 0.79663348 0.41288799
0.19870439 0.38747913 -0.90020913 -0.54617566 0.80644965 0.22656392
0.02433703 0.25006491 -0.96792316 -0.38001952 0.89784265 0.22240442
-0.14851402 0.13617127 -0.97949022 0.12313609 0.98531228 0.11831027
-0.55321431 0.26328695 -0.79033786 0.26311255 0.95539951 0.13410294
-0.65391397 0.23824556 -0.71807772 0.20695360 0.96925199 0.13311952
-0.67318761 0.19217999 -0.71406263 0.12913977 0.98135298 0.14237005
-0.80684853 0.03822188 -0.58952063 -0.15771276 0.94775021 0.27730176
-0.72910613 0.06940059 -0.68087292 -0.18481833 0.93791950 0.29351193
-0.55465508 0.08234417 -0.82799596 -0.25553814 0.93014628 0.26368204
-0.32065284 0.00700230 -0.94717091 -0.33081922 0.93617189 0.11891567
-0.56890559 0.10626893 -0.81550801 -0.23603521 0.92879891 0.28569213
-0.93280357 0.05062084 -0.35681245 -0.01047460 0.98585939 0.16724685
-0.94785333 -0.01315022 -0.31843552 -0.08991377 0.96959561 0.22759607
-0.87859118 0.02261310 -0.47703910 -0.08461867 0.97570276 0.20209847
-0.97245449 0.05143205 -0.22734788 0.02372570 0.99212784 0.12296137
0.33255133 0.10605159 -0.93710339 -0.10807009 0.99139690 0.07384499
-0.46168947 0.17611469 -0.86938286 0.06081741 0.98407090 0.16705023
-0.75658983 0.33906364 -0.55911326 -0.00974542 0.84911543 0.52811748
-0.58590102 0.42635876 -0.68915766 -0.02983676 0.83848429 0.54410839
-0.49696466 0.47259060 -0.72779411 -0.00222543 0.83799708 0.54567021
-0.35713878 0.46714520 -0.80884308 0.00981797 0.86778110 0.49684960
-0.23898293 0.54897171 -0.80094779 0.43597913 0.79769593 0.41665751
-0.16204925 0.57923436 -0.79889148 0.50510699 0.74417955 0.43710849
0.25242460 0.40891111 -0.87696838 -0.56584710 0.79757613 0.20902012
0.26467186 0.28550151 -0.92110682 -0.26197919 0.94053429 0.21624568
0.20993216 0.30023190 -0.93047798 -0.36573824 0.90670657 0.21004474
-0.55429703 0.26615027 -0.78861839 0.26926839 0.95388395 0.13266477
-0.61221540 0.28940979 -0.73582214 0.28097215 0.94949710 0.13967814
-0.63211590 0.24879909 -0.73384500 0.22498953 0.96518195 0.13342996
-0.66021931 0.21332903 -0.72013968 0.16487053 0.97659266 0.13814661
-0.63593417 0.19155493 -0.74759251 0.11825860 0.98145294 0.15088098
-0.82843745 0.04115073 -0.55856782 -0.14113706 0.94977510 0.27929857
-0.79195189 0.03486927 -0.60958707 -0.20139307 0.92757976 0.31470096
-0.72402996 0.06971556 -0.68623644 -0.18222830 0.94019967 0.28778026
-0.48485622 0.09309372 -0.86962521 -0.14693744 0.97151488 0.18592547
-0.44903275 -0.13244511 -0.88364470 -0.09128360 0.99057847 -0.10208622
-0.62365669 0.08546782 -0.77701205 -0.23808585 0.92600965 0.29295278
