-0.78154755 0.16237374 -0.60234404 0.29392177 -0.75581419 -0.58511108
-0.75470775 0.17531338 -0.63220364 0.45000979 -0.56287575 -0.69329798
-0.71541578 0.23663944 -0.65740561 0.57939702 -0.32491758 -0.74748093
-0.75126034 0.16662318 -0.63862723 0.52163440 -0.44291496 -0.72919405
-0.71706337 0.22560856 -0.65948540 0.51925236 -0.45827365 -0.72136146
-0.66708308 0.33755720 -0.66412002 0.63571376 -0.20685896 -0.74369180
-0.64755422 0.38287327 -0.65884870 0.66868836 -0.12910116 -0.73224914
-0.67518193 0.33104548 -0.65919530 0.58172131 -0.31053302 -0.75177771
0.67095518 -0.35815439 0.64926469 -0.72936398 -0.16102079 0.66490644
0.67586505 -0.36859208 0.63823688 -0.72765857 -0.19608839 0.65731454
0.68777871 -0.41212749 0.59758800 -0.71391010 -0.23488528 0.65966761
0.71995103 -0.40188494 0.56582606 -0.67582303 -0.22047126 0.70331758
-0.69762909 0.34869671 -0.62587893 0.63357782 -0.10760330 -0.76615971
0.71132481 -0.42605290 0.55901343 -0.66511673 -0.15089095 0.73133564
0.71072555 -0.42813212 0.55818647 -0.64798892 -0.08957541 0.75636411
-0.43257916 -0.32127848 0.84241050 -0.90100563 0.12023856 -0.41681129
-0.71141571 0.31957385 -0.62590760 0.56429636 -0.27108419 -0.77979678
-0.71462524 0.32120320 -0.62140113 0.44627798 -0.47471020 -0.75860816
-0.75754654 0.23869580 -0.60757524 0.48094761 -0.42523503 -0.76672333
-0.76802742 0.21187975 -0.60435164 0.44846720 -0.49573332 -0.74372429
-0.77695060 0.19572912 -0.59836274 0.43421355 -0.52160430 -0.73443013
-0.38555995 0.54165924 0.74695981 -0.84432751 0.11935113 -0.52236617
-0.39675984 0.52876717 0.75032461 -0.84379172 0.11171850 -0.52491391
-0.80941010 0.09637333 -0.57928193 0.53242952 -0.29571164 -0.79314154
-0.33782211 0.66388285 0.66718501 -0.85755217 0.07505145 -0.50889266
-0.33692694 0.65523887 0.67612296 -0.84544998 0.10548532 -0.52353334
-0.38261741 0.56302422 0.73253518 -0.85372841 0.08765230 -0.51328832
-0.35114062 0.62732863 0.69509643 -0.85949421 0.07854326 -0.50507492
-0.37966001 0.57625687 0.72373080 -0.84941304 0.09282429 -0.51950091
-0.35820255 0.62573135 0.69292945 -0.87126321 0.04270588 -0.48895466
-0.38677371 0.57807624 0.71849430 -0.87166816 0.02513503 -0.48945168
-0.40065706 0.63340580 0.66202039 -0.87743330 -0.05722618 -0.47627300
-0.44359878 0.53763902 0.71705258 -0.89061350 -0.17504902 -0.41972077
-0.42458045 0.62864149 0.65156841 -0.87914354 -0.11423019 -0.46266416
-0.48258281 0.53372747 0.69444138 -0.87578517 -0.28438008 -0.39003637
-0.48618731 0.51865709 0.70328993 -0.87163776 -0.23054236 -0.43254820
-0.48387247 0.50620759 0.71387762 -0.87371397 -0.23290612 -0.42705816
-0.50224864 0.45595187 0.73474783 -0.86402506 -0.29875207 -0.40522590
-0.48475176 0.47075900 0.73715788 -0.87274802 -0.31591526 -0.37216741
-0.47350168 0.42080358 0.77377033 -0.87852901 -0.28858241 -0.38066652
-0.42617232 0.32535219 0.84411085 -0.90428114 -0.12685797 -0.40765509
-0.42910951 0.24875665 0.86832327 -0.89610016 0.00349665 -0.44383812
-0.41738978 0.35364330 0.83709151 -0.88499898 0.05094047 -0.46279797
-0.36548102 0.57804233 0.72958255 -0.88982463 0.01307821 -0.45611531
-0.43300223 0.18579257 0.88203758 -0.89630061 0.01512123 -0.44318920
-0.33474901 -0.20860937 0.91892618 -0.93941844 0.15018271 -0.30812037
-0.32770821 -0.29932368 0.89610976 -0.94402826 0.14154530 -0.29795229
-0.31496343 -0.35226303 0.88131082 -0.94724381 0.05856471 -0.31511807
-0.31950933 -0.27819878 0.90582520 -0.94709808 0.06317188 -0.31466591
-0.32988352 -0.19466271 0.92373341 -0.93446845 -0.07151980 -0.34878892
-0.30182365 -0.14439452 0.94236547 -0.93744928 -0.13490476 -0.32091996
-0.33350438 0.00215646 0.94274604 -0.91714609 -0.23220886 -0.32391700
-0.44080424 0.18934840 0.87740457 -0.86940789 -0.33314079 -0.36489326
-0.38240901 0.09639842 0.91895086 -0.89300579 -0.29396001 -0.34077582
-0.54485524 0.36215481 0.75629145 -0.80084503 -0.49209055 -0.34131241
-0.54268044 0.35570633 0.76090145 -0.80023670 -0.49418136 -0.33971474
-0.55756968 0.32113034 0.76550072 -0.78380549 -0.50739598 -0.35804787
-0.56066555 0.34008795 0.75497973 -0.78714174 -0.50191152 -0.35845876
-0.58758557 0.33948553 0.73450172 -0.76646721 -0.52447730 -0.37074465
-0.48224780 0.07199741 0.87307131 -0.83617103 -0.33504787 -0.43423611
-0.52232140 0.14899951 0.83963060 -0.84963208 -0.17503625 -0.49748144
-0.53000474 0.18437855 0.82770741 -0.83693039 -0.27089560 -0.47556621
-0.53259003 0.22713357 0.81532699 -0.83650696 -0.28792065 -0.46621633
-0.51364464 0.29816985 0.80452716 -0.85453844 -0.09359866 -0.51088488
-0.51056546 0.13434808 0.84927821 -0.85926634 -0.04368027 -0.50966018
-0.48040119 0.36773476 0.79623228 -0.85516149 0.00515427 -0.51833612
-0.82292336 0.05066928 -0.56588852 0.55102009 -0.17157212 -0.81666392
-0.80853158 0.16383885 -0.56518453 0.54979271 -0.13206197 -0.82479554
-0.57169694 -0.28383169 0.76980662 -0.81843174 0.26329434 -0.51073045
-0.57944202 -0.24923524 0.77596962 -0.81208080 0.25725642 -0.52377862
-0.58837104 -0.25311300 0.76795399 -0.80635947 0.25418216 -0.53401864
-0.54228592 -0.05624250 0.83830953 -0.82408035 0.23007503 -0.51764566
-0.74248827 0.19276771 -0.64152300 0.63056946 -0.12203131 -0.76647931
-0.74300396 0.20495039 -0.63713455 0.63079500 -0.10374441 -0.76898301
-0.75588381 0.17096792 -0.63198858 0.52475721 -0.41901386 -0.74098402
-0.45781344 0.64052945 0.61654603 -0.77700943 0.04873863 -0.62759936
-0.48984182 0.65623158 0.57394695 -0.76858711 -0.01432169 -0.63958490
-0.49417418 0.65359426 0.57324201 -0.76736760 -0.01804143 -0.64095354
-0.50316024 0.65800726 0.56022871 -0.77663475 -0.05996516 -0.62709063
-0.51993746 0.67652792 0.52151233 -0.76643723 -0.09992211 -0.63449949
-0.51567107 0.72576129 0.45536131 -0.76336712 -0.14785556 -0.62881589
-0.48666361 0.77275765 0.40743616 -0.76502389 -0.15181251 -0.62585258
-0.46105483 0.80618531 0.37080145 -0.75677562 -0.13902089 -0.63872051
-0.44431308 0.83016503 0.33676684 -0.75287426 -0.14226551 -0.64260483
-0.49224642 0.77317864 0.39986041 -0.72838163 -0.11434969 -0.67556226
-0.51389831 0.74361128 0.42772746 -0.71424985 -0.09473243 -0.69345009
-0.56113499 0.70572591 0.43252581 -0.67467129 -0.08723500 -0.73294526
-0.56867725 0.70118654 0.43005073 -0.68203771 -0.10969087 -0.72304392
-0.66148591 0.50264525 0.55658251 -0.70607811 -0.16727467 -0.68809372
-0.59327698 0.66272432 0.45696720 -0.71674681 -0.17645590 -0.67463875
-0.60252053 0.63857174 0.47874331 -0.70927882 -0.15341130 -0.68803239
-0.54200017 0.72719824 0.42121083 -0.77040219 -0.22971570 -0.59473628
-0.53110951 0.72703397 0.43513721 -0.77289546 -0.20525514 -0.60041904
-0.57838249 0.62530088 0.52390128 -0.77285999 -0.21448848 -0.59722871
-0.52891713 0.73430669 0.42548838 -0.77399617 -0.21172735 -0.59674239
0.45738280 -0.88813603 -0.04489332 0.51800877 0.22505634 0.82523733
-0.60431623 0.64406025 0.46902910 -0.73341638 -0.21967901 -0.64330524
-0.59323466 0.66972977 0.44669300 -0.73163611 -0.21706150 -0.64621431
-0.66095835 0.51826817 0.54270834 -0.68761837 -0.12865296 -0.71458340
-0.69363409 0.44379410 0.56737870 -0.69438362 -0.20246553 -0.69053543
-0.65250456 0.57555425 0.49292505 -0.68639147 -0.17326927 -0.70628935
-0.73256761 0.29854941 0.61172956 -0.67620683 -0.21616077 -0.70428604
-0.73549908 0.25532228 0.62757605 -0.67590034 -0.21238029 -0.70572895
-0.73939669 0.18438834 0.64752877 -0.67008966 -0.29491329 -0.68117988
-0.73655021 0.16862136 0.65502721 -0.67122525 -0.30158743 -0.67712760
-0.74231058 0.25087699 0.62131786 -0.65508503 -0.46663657 -0.59423387
-0.75175393 0.37747785 0.54071856 -0.65868109 -0.39039493 -0.64321929
-0.74391729 0.38101420 0.54901308 -0.66783601 -0.39420247 -0.63134742
-0.72073168 0.53475082 0.44112074 -0.67030585 -0.37536776 -0.64014775
-0.73677188 0.53426069 0.41440651 -0.66053164 -0.43779105 -0.60994828
-0.72516233 0.55176872 0.41193554 -0.67173177 -0.43534741 -0.59937388
-0.74671537 0.38486615 0.54248899 -0.65905529 -0.53821117 -0.52533317
-0.75045311 0.41806972 0.51189637 -0.65862554 -0.53758496 -0.52651203
-0.74361879 0.32527003 0.58414948 -0.64315724 -0.58673763 -0.49202418
-0.70716226 0.28613374 0.64656717 -0.68570226 -0.50055480 -0.52844810
-0.70222241 0.28636044 0.65182930 -0.69027054 -0.49809295 -0.52481431
-0.70549256 0.24511904 0.66497898 -0.67592210 -0.51483417 -0.52732837
-0.73810810 0.20893632 0.64151549 -0.60978639 -0.61348385 -0.50179505
-0.77119946 0.24331583 0.58825928 -0.57287884 -0.66822261 -0.47464561
-0.73763621 0.18048958 0.65062767 -0.56765336 -0.68753791 -0.45283693
-0.76644289 0.24047908 0.59559637 -0.57760704 -0.66364336 -0.47533959
-0.78070104 0.27382624 0.56171632 -0.57738930 -0.65988797 -0.48080093
-0.74920958 0.18683410 0.63543534 -0.60318726 -0.58875984 -0.53807718
-0.74079150 0.17935303 0.64734882 -0.60984993 -0.58359492 -0.53619033
-0.75592947 0.15782748 0.63534325 -0.59123349 -0.58130169 -0.55904508
-0.67788005 -0.00097278 0.73517191 -0.60893279 -0.55956286 -0.56221920
-0.70714945 0.01087311 0.70698053 -0.57999402 -0.58080757 -0.57120001
-0.75327700 0.10339740 0.64952511 -0.49854776 -0.73389482 -0.46135515
-0.69295228 0.01131243 0.72089475 -0.54492158 -0.66293591 -0.51339704
-0.68290418 -0.03706811 0.72956693 -0.67163128 -0.36095038 -0.64701343
-0.68725294 -0.02727214 0.72590613 -0.65590096 -0.40619874 -0.63623625
-0.72158766 0.01373856 0.69218683 -0.61403924 -0.47452116 -0.63070244
-0.69949603 -0.01479159 0.71448350 -0.67466998 -0.31599382 -0.66705954
-0.74988812 0.04357259 0.66012818 -0.62054777 -0.39220995 -0.67903751
-0.75926930 0.04468884 0.64924043 -0.60687590 -0.40883350 -0.68158412
-0.74573499 -0.01171802 0.66613960 -0.61883187 -0.35824469 -0.69907641
-0.80163747 0.16500467 0.57458746 -0.57260984 -0.48806173 -0.65872133
-0.81859368 0.17219763 0.54795301 -0.53617364 -0.57119274 -0.62149549
-0.84359658 0.20319562 0.49704772 -0.49985445 -0.63534445 -0.58862805
-0.88885659 0.15271202 0.43198723 -0.40253377 -0.71062881 -0.57703847
-0.89364004 0.14300692 0.42538989 -0.38993114 -0.71666855 -0.57822138
-0.88494945 0.09250771 0.45640644 -0.35947341 -0.75874835 -0.54321259
-0.80653489 -0.02797303 0.59052432 -0.34639156 -0.78709638 -0.51038432
-0.80171162 -0.03755492 0.59653014 -0.33958235 -0.79268885 -0.50628871
-0.69655126 -0.09109727 0.71170062 -0.36208758 -0.81171018 -0.45827857
-0.70105696 -0.07933161 0.70867884 -0.35589397 -0.82225549 -0.44411206
0.67822927 0.10845171 -0.72680348 0.32809472 0.84030575 0.43155545
-0.67508483 -0.10899486 0.72964418 -0.34624448 -0.82652169 -0.44382054
0.65111554 0.13931070 -0.74608392 0.28650743 0.86516589 0.41158417
-0.60751355 -0.18292728 0.77295858 -0.42346197 -0.74871051 -0.51001233
-0.60163945 -0.19125153 0.77553391 -0.35222495 -0.80789858 -0.47248009
-0.63930213 -0.14858049 0.75446445 -0.51298916 -0.64849871 -0.56239808
-0.58698326 -0.22082484 0.77890122 -0.67186111 -0.40393636 -0.62083668
-0.56123000 -0.21137896 0.80021244 -0.69356328 -0.40749085 -0.59407169
-0.61143404 -0.13014387 0.78051966 -0.44060314 -0.76333249 -0.47243240
-0.59906483 -0.16695097 0.78310204 -0.69690049 -0.37287140 -0.61261469
-0.64501768 -0.14218515 0.75082332 -0.64718044 -0.42081031 -0.63566995
-0.67714387 -0.07933556 0.73156142 -0.67398244 -0.33214700 -0.65986824
-0.69060975 -0.07658020 0.71916181 -0.55305970 -0.58483106 -0.59337819
-0.68352276 -0.09246334 0.72404915 -0.56021839 -0.56943518 -0.60158050
-0.66941839 -0.09362213 0.73696268 -0.65443504 -0.39514273 -0.64465272
-0.64769650 -0.13936177 0.74904442 -0.62939602 -0.45616293 -0.62910736
-0.68075371 -0.09490752 0.72633815 -0.45746800 -0.71934295 -0.52275127
-0.64129555 -0.15123607 0.75224185 -0.51044452 -0.64788282 -0.56541526
-0.49467406 -0.30438617 0.81403118 -0.64099526 -0.50472677 -0.57825249
-0.66784501 -0.11069415 0.73602307 -0.48907262 -0.68016416 -0.54606289
-0.69852972 -0.06860020 0.71228522 -0.49888846 -0.66690773 -0.55348396
0.75296628 0.13633777 -0.64378083 0.19209224 0.89015639 0.41318551
0.69922304 0.17819463 -0.69233942 0.15036786 0.91011518 0.38610870
0.46229932 0.33180901 -0.82230300 0.12239781 0.89459383 0.42979136
0.47167191 0.35261586 -0.80820030 0.09446573 0.89107966 0.44390690
0.62832201 0.34780177 -0.69587749 -0.13149539 0.92910773 0.34564108
0.74062961 0.32239163 -0.58951795 -0.18960159 0.94199300 0.27694857
0.85667944 0.32864445 -0.39760947 -0.35534927 0.93470770 0.00695674
0.81428850 0.34765521 -0.46483350 -0.29783231 0.93759066 0.17949843
0.76068282 0.39552674 -0.51470411 -0.39646930 0.91093391 0.11406819
0.74588734 0.40114093 -0.53173125 -0.40341148 0.90730172 0.11858691
0.85697114 0.28640261 -0.42845544 -0.16261023 0.93916219 0.30254304
0.82780546 0.26226306 -0.49593973 -0.17292088 0.96024281 0.21916240
0.96361816 0.10334316 -0.24649599 -0.06144015 0.98317730 0.17201017
0.99562234 0.05815023 -0.07317626 -0.05453502 0.99723560 0.05046974
0.16460387 0.98267752 -0.08515005 -0.98634303 0.16348346 -0.02001614
0.19150057 0.97121125 -0.14169060 -0.97205001 0.16769494 -0.16430825
0.19297689 0.95438361 -0.22784188 -0.98092884 0.18215783 -0.06780206
0.16306300 0.97784662 -0.13124943 -0.98206764 0.17362723 0.07346240
0.25932530 0.85731012 -0.44471323 -0.88498074 0.39531955 0.24603163
-0.99738210 0.01306009 0.07112247 -0.01848714 -0.99692190 -0.07619052
-0.98475158 0.00924338 0.17372072 -0.04049220 -0.98333937 -0.17721188
0.92932463 -0.02419695 -0.36847019 -0.00086948 0.99770463 -0.06771087
0.09349217 0.92780143 -0.36117002 -0.98923486 0.12758310 0.07167277
0.08748149 0.92142546 -0.37857902 -0.98160446 0.14447716 0.12481602
0.63569748 0.40898117 -0.65469319 -0.29996693 0.91234004 0.27866745
0.67710274 0.42477912 -0.60091144 -0.44847456 0.88560945 0.12069173
0.70212179 0.43331069 -0.56503707 -0.42818946 0.89095461 0.15117425
0.66116428 0.42451614 -0.61858541 -0.49827582 0.86487269 0.06096214
0.65395391 0.42519552 -0.62574202 -0.53948736 0.84195286 0.00830175
0.63097519 0.40093923 -0.66416723 -0.56661075 0.82293946 -0.04150864
0.59309530 0.43856189 -0.67520475 -0.62077034 0.78313708 -0.03661385
0.38528097 0.71263653 -0.58626598 -0.89635980 0.43999842 -0.05422701
0.38239449 0.74524152 -0.54625040 -0.89326108 0.14694095 -0.42484471
0.41973975 0.55627745 -0.71719873 -0.86841458 0.47592902 -0.13909610
0.42306793 0.54197985 -0.72613454 -0.85293347 0.50867623 -0.11727361
0.49340281 0.46331793 -0.73613197 -0.74304980 0.66445750 -0.07983324
0.51336217 0.43247795 -0.74123019 -0.68703634 0.72468740 -0.05300251
0.51324683 0.30852360 -0.80086881 -0.62987280 0.76924813 -0.10731980
0.47024816 0.33562869 -0.81622303 -0.72357029 0.67614305 -0.13884023
0.49172196 0.32183820 -0.80909193 -0.70554888 0.69181347 -0.15360653
0.51263082 0.19639616 -0.83584583 -0.70417482 0.65316892 -0.27840286
0.51233721 0.12099607 -0.85021800 -0.63587475 0.71887034 -0.28087130
0.51943612 0.11366894 -0.84691530 -0.65067923 0.69505984 -0.30579150
0.53062105 0.13338929 -0.83704758 -0.58650315 0.77073061 -0.24897476
0.51901579 0.12510492 -0.84555978 -0.54699230 0.80876744 -0.21608981
0.53396291 0.11032704 -0.83827889 -0.53801775 0.80916137 -0.23620917
0.53896654 0.08939877 -0.83756965 -0.52812052 0.81050146 -0.25332996
0.50442368 0.05986084 -0.86137885 -0.54512495 0.79572701 -0.26392689
0.43590602 -0.01538780 -0.89986068 -0.64638460 0.69037056 -0.32492384
0.32945648 -0.10961952 -0.93778574 -0.57812166 0.76185316 -0.29215619
0.48708281 -0.02231259 -0.87307078 -0.28208673 0.94207352 -0.18145120
0.47168550 0.04805680 -0.88045633 -0.45780212 0.86673713 -0.19794968
0.45917675 0.05630377 -0.88655889 -0.47145280 0.86129516 -0.18948090
0.44422209 0.02958705 -0.89542806 -0.37698764 0.91283888 -0.15686134
0.27160746 -0.03593877 -0.96173692 -0.34321836 0.92997915 -0.13168150
-0.05140312 -0.24057373 -0.96926880 -0.55873483 0.81136733 -0.17175107
0.25469011 -0.03922803 -0.96622676 -0.37509575 0.91694063 -0.13609949
0.41987187 0.01479918 -0.90746272 -0.24413143 0.96485645 -0.09722145
0.42174968 0.00794988 -0.90667748 -0.16826691 0.98327786 -0.06964944
0.28238446 -0.02315689 -0.95902181 -0.06912705 0.99661851 -0.04441920
0.28712571 -0.01361943 -0.95779610 -0.06522898 0.99729997 -0.03373533
0.24282573 -0.00296642 -0.97006541 0.05314200 0.99853438 0.01024897
0.13010018 0.00966500 -0.99145377 0.10565045 0.99412435 0.02355466
0.11539830 -0.05158466 -0.99197900 -0.15350603 0.98572749 -0.06911714
0.34648985 0.04367750 -0.93703634 0.07537442 0.99438918 0.07422221
0.43498689 0.04488320 -0.89931750 0.00515449 0.99861646 0.05233217
0.43366751 0.04150397 -0.90011668 -0.04049143 0.99882716 0.02654710
0.34850657 0.01263635 -0.93722117 -0.22664313 0.97137338 -0.07118066
0.45045173 0.05431800 -0.89114690 -0.14599399 0.98919338 -0.01350198
0.52801883 0.08674089 -0.84479123 -0.31456932 0.94398534 -0.09968899
0.59393924 0.11172912 -0.79671377 -0.19395973 0.98098433 -0.00702357
0.50931752 0.09552915 -0.85526019 -0.40192950 0.90517390 -0.13824943
0.52773649 0.10928267 -0.84234881 -0.46853691 0.86462635 -0.18136828
0.57407200 0.20457734 -0.79283637 -0.55632633 0.80791587 -0.19435300
0.55148619 0.21006589 -0.80730122 -0.56508887 0.80597210 -0.17630529
0.65735692 0.27293462 -0.70241630 -0.29794091 0.95029211 0.09042226
0.67872989 0.20645830 -0.70477003 -0.19743586 0.97563678 0.09566627
0.63770592 0.32784131 -0.69703031 -0.32822573 0.93429458 0.13914582
0.58728611 0.34307811 -0.73307061 -0.45354092 0.88965726 0.05301490
0.58736289 0.34396359 -0.73259401 -0.19444537 0.93865442 0.28481388
0.41775975 0.40346318 -0.81406033 0.00099352 0.89578867 0.44447908
0.50772965 0.38326612 -0.77156836 -0.02532056 0.90184498 0.43131715
0.44704139 0.40420669 -0.79797930 0.03390263 0.88378501 0.46666336
0.60305870 0.33401412 -0.72439963 -0.56751049 0.81782573 -0.09535739
0.46041197 0.06712489 -0.88516390 -0.34671348 0.93153411 -0.10969936
0.46182016 0.05383331 -0.88533843 -0.10103805 0.99485207 0.00778773
0.68880498 0.10969282 -0.71659976 -0.04953214 0.99329728 0.10443709
0.74598747 0.12848149 -0.65344870 -0.18340406 0.98290545 -0.01611754
0.53755331 0.11385411 -0.83550805 -0.17162229 0.98487556 0.02378910
0.66468501 0.13154459 -0.73545223 -0.18865608 0.98202974 0.00514494
0.48621368 0.14186066 -0.86224812 0.02651703 0.98388493 0.17682555
0.49824500 0.18325302 -0.84744924 0.03631538 0.97214079 0.23156747
0.50097334 0.18377917 -0.84572512 0.05303739 0.96883827 0.24194933
0.48556647 0.19078861 -0.85312659 0.08266670 0.96150023 0.26207536
0.56551069 0.17598540 -0.80574614 0.19312191 0.92155075 0.33682066
0.55921048 0.18065718 -0.80910242 0.17604740 0.92783093 0.32884201
-0.48533329 -0.22190326 0.84570128 -0.38458040 -0.81448197 -0.43441573
0.64270812 0.15484098 -0.75030029 0.24493417 0.88643020 0.39274529
0.67372298 0.14915736 -0.72377443 0.26978752 0.86217022 0.42880914
0.68798983 0.15164587 -0.70969969 0.05742303 0.96348304 0.26153979
0.65663874 0.15631048 -0.73782969 0.09689355 0.95269722 0.28806189
0.65041250 0.16962446 -0.74039936 -0.02841105 0.97949743 0.19944346
0.69744200 0.16065252 -0.69840211 -0.02293815 0.97905409 0.20230395
0.75480986 0.16447534 -0.63498825 -0.23259075 0.97226244 -0.02464389
0.79460460 0.28770873 -0.53462815 -0.36598480 0.92959446 -0.04369532
0.51806098 0.65246308 -0.55308664 -0.84557426 0.48811898 -0.21620378
0.41386104 0.76176858 -0.49842525 -0.90508711 0.40305209 -0.13552268
0.31594360 0.82100844 -0.47552583 -0.94873744 0.27801836 -0.15034328
0.10876328 0.93783998 -0.32958576 -0.98655891 0.06116168 -0.15152813
0.01864407 0.97034967 -0.24098530 -0.99965441 0.02255940 0.01349825
0.55475229 0.62365633 -0.55072922 -0.81863326 0.52737999 -0.22739819
0.55361336 0.54129559 -0.63285977 -0.81746155 0.49828663 -0.28890651
0.76606482 0.36605114 -0.52834767 -0.56077212 0.78234667 -0.27105045
0.75121564 0.27743694 -0.59891891 -0.28769904 0.95427328 0.08119067
0.75637221 0.28636375 -0.58813006 -0.29979795 0.95085627 0.07741807
0.76580966 0.36662883 -0.52831703 -0.56029493 0.78361136 -0.26837075
0.77247697 0.37227887 -0.51447821 -0.54332393 0.80684406 -0.23195207
0.89549720 0.42057490 -0.14560747 -0.42586297 0.90476948 -0.00573999
0.65257210 0.52048391 -0.55067796 -0.61710674 0.78678256 0.01235022
0.76239675 0.25563738 -0.59447527 -0.33209729 0.94302487 -0.02038354
0.77730262 0.41248268 -0.47503546 -0.58071727 0.76087397 -0.28954846
0.74432939 0.23584147 -0.62478203 -0.17587383 0.97176492 0.15729387
0.61098790 0.18679005 -0.76928753 0.13994607 0.93097413 0.33719781
-0.81254917 -0.12305279 0.56975603 -0.23098859 -0.82946199 -0.50856370
0.69636595 0.20703968 -0.68717468 -0.07736889 0.97356188 0.21492189
0.71469659 0.14042957 -0.68519223 0.20000876 0.89769661 0.39260334
0.71123761 0.15289554 -0.68612254 0.18956853 0.89817947 0.39665788
0.67447472 0.15780143 -0.72123682 0.28335214 0.84675366 0.45024425
0.61990100 0.16177571 -0.76782256 0.18897034 0.91893935 0.34618023
0.38460547 0.21589369 -0.89747906 0.14072844 0.94718540 0.28815857
-0.32676938 -0.24146630 0.91373730 -0.24403791 -0.91246748 -0.32840323
0.53241009 0.18857267 -0.82521510 0.09531239 0.95531666 0.27979597
0.58246511 0.17400481 -0.79401308 0.03418521 0.97071123 0.23780477
0.73527843 0.14314637 -0.66247624 -0.21559137 0.97607130 -0.02837631
0.46952683 0.09222703 -0.87808812 0.02109357 0.99307382 0.11558320
0.33152118 0.07173818 -0.94071645 0.09960216 0.98887140 0.11051158
0.44926736 0.00597683 -0.89337736 -0.06897309 0.99722511 -0.02801405
-0.03417024 -0.07043570 -0.99693090 -0.13992697 0.98802537 -0.06501044
0.47289804 0.04411400 -0.88001215 -0.33584011 0.93237692 -0.13373366
0.51948851 0.09834924 -0.84879863 -0.48833299 0.84932047 -0.20046376
0.53087950 0.10113301 -0.84139127 -0.51845944 0.82412720 -0.22806630
0.55778205 0.16062710 -0.81429613 -0.55292255 0.80360240 -0.22022696
0.42763859 -0.00731677 -0.90392023 -0.65326214 0.68866372 -0.31462833
0.45808411 0.17351925 -0.87180853 -0.81864405 0.46452731 -0.33769271
0.47793892 0.18081848 -0.85958081 -0.80787367 0.47465849 -0.34934148
0.53380460 0.13289265 -0.83510011 -0.75600994 0.51741624 -0.40091091
0.47334903 0.02990107 -0.88036734 -0.69570708 0.62571275 -0.35281047
0.50434566 0.04531816 -0.86231196 -0.65470064 0.67120087 -0.34764430
0.46149364 -0.02641927 -0.88675010 -0.60261679 0.72422028 -0.33519840
0.47778738 -0.01954137 -0.87825817 -0.53444290 0.78698707 -0.30825660
0.32541314 -0.20697622 -0.92264146 -0.65442115 0.65500939 -0.37775090
0.33025631 -0.21528040 -0.91901314 -0.72423607 0.56660515 -0.39298946
0.29367954 -0.26560071 -0.91826397 -0.73090500 0.55670917 -0.39478204
0.23398751 -0.32948932 -0.91470581 -0.76185119 0.52235824 -0.38304672
0.23973408 -0.32752141 -0.91392416 -0.76361561 0.51770800 -0.38583630
0.23624620 -0.32941604 -0.91415143 -0.75721526 0.52716005 -0.38565186
0.25977325 -0.32668090 -0.90873402 -0.81840885 0.42501539 -0.38674146
0.31243140 -0.30450869 -0.89981169 -0.84940821 0.33454815 -0.40814608
0.36296496 -0.27571741 -0.89007658 -0.85614365 0.27836025 -0.43535456
0.38199279 -0.23283657 -0.89435375 -0.85798681 0.27026880 -0.43682185
0.40680122 -0.16004881 -0.89938712 -0.76142067 0.48456076 -0.43062684
0.43225288 -0.11377716 -0.89454579 -0.80106497 0.40706274 -0.43885636
0.44801277 -0.10245830 -0.88813674 -0.82272249 0.34151974 -0.45441392
0.47802737 -0.03630590 -0.87759429 -0.84490639 0.25405553 -0.47073242
0.48163849 -0.03170102 -0.87579650 -0.84921587 0.22995716 -0.47534433
0.49337944 -0.01423330 -0.86969775 -0.85262483 0.18988192 -0.48680156
0.50260931 0.02192008 -0.86423582 -0.85534620 0.15780717 -0.49343678
0.46758714 0.08034065 -0.88028842 -0.88350272 0.07404621 -0.46253660
0.49600163 0.03303065 -0.86769319 -0.85248709 0.20848852 -0.47937271
0.46574178 0.12641053 -0.87584531 -0.88061643 -0.03129381 -0.47279543
0.47107345 0.05370054 -0.88045788 -0.88133526 0.07004449 -0.46727079
0.47151530 0.23940727 -0.84873879 -0.88141245 0.09735588 -0.46220553
0.52785033 0.26416427 -0.80721211 -0.81514370 -0.10939111 -0.56883585
0.52501673 0.23622155 -0.81765330 -0.82392853 -0.09971089 -0.55785269
0.51967984 0.33199850 -0.78721654 -0.80577552 -0.11583310 -0.58078271
0.46311188 0.40168238 -0.79004985 -0.84316576 -0.07502715 -0.53239322
0.46132678 0.26683503 -0.84615409 -0.88096064 0.25094262 -0.40116858
0.46329504 0.40627664 -0.78758937 -0.88578397 0.23965754 -0.39743054
0.46239305 0.39445394 -0.79410249 -0.88654542 0.22099145 -0.40644810
0.45856181 0.43378070 -0.77560008 -0.86147779 0.43121099 -0.26816633
0.43695393 0.49293929 -0.75238436 -0.88102907 0.40311858 -0.24755456
0.45795065 0.56249535 -0.68838966 -0.77594030 -0.12496476 -0.61830461
0.41309687 0.53092307 -0.73991328 -0.85344690 -0.05780900 -0.51796395
0.41871226 0.52113229 -0.74370784 -0.85629046 -0.04614155 -0.51442945
0.43886068 0.56928933 -0.69520569 -0.76674461 -0.16615054 -0.62007803
0.42202598 0.57474744 -0.70111305 -0.77716410 -0.16885121 -0.60622215
0.37341258 0.47928524 -0.79425985 -0.92757791 0.20466456 -0.31258857
0.39164647 0.65390944 -0.64731407 -0.74788046 -0.18358120 -0.63794422
0.36344877 0.69120693 -0.62461030 -0.70714378 -0.23180421 -0.66799289
0.37432113 0.68215173 -0.62813431 -0.74706054 -0.17945169 -0.64007634
0.36967242 0.69580626 -0.61578894 -0.76467401 -0.14866510 -0.62703466
0.33487561 0.69971716 -0.63107383 -0.82868356 -0.10007651 -0.55069804
0.30458584 0.74593544 -0.59229028 -0.81825352 -0.11337049 -0.56356752
0.26986486 0.79030108 -0.55008835 -0.83334750 -0.09451115 -0.54460961
0.29743540 0.77301675 -0.56033671 -0.80193418 -0.11621208 -0.58600032
0.31020120 0.75844091 -0.57318646 -0.85976410 -0.03347899 -0.50959289
0.34318817 0.71367258 -0.61064994 -0.92586035 0.14758685 -0.34785172
0.36748397 0.64766723 -0.66744500 -0.89454138 0.04979146 -0.44420335
0.28883114 0.78344649 -0.55026197 -0.81046021 -0.10587270 -0.57614696
0.25307897 0.82212758 -0.50995821 -0.82977539 -0.08656041 -0.55134398
-0.25137118 -0.88760459 0.38596714 0.80435121 0.03023436 0.59338444
0.23014502 0.86940789 -0.43722206 -0.95153850 0.10686935 -0.28836325
0.14326075 0.90263408 -0.40586725 -0.97905844 0.18919189 0.07517335
0.17385530 0.91668922 -0.35979888 -0.91893309 0.01966685 -0.39392284
0.13803220 0.95551956 -0.26063290 -0.95500833 0.05865993 -0.29071999
-0.18935013 -0.95588320 0.22457477 0.94153702 -0.11184368 0.31780350
0.06256278 0.95438874 -0.29193857 -0.99683630 0.07412244 0.02869361
0.24132761 0.79724205 -0.55332279 -0.96697509 0.24571206 -0.06771057
-0.25807786 -0.87607592 0.40729204 0.82154197 0.02283890 0.56969047
0.26572654 0.79471296 -0.54572964 -0.81792098 -0.11378887 -0.56396574
0.36696151 0.64653021 -0.66883337 -0.88717479 0.02701537 -0.46064210
0.49968785 0.42283756 -0.75598979 -0.78918493 -0.13753903 -0.59855670
0.48066309 0.46493536 -0.74350399 -0.79267985 -0.13221039 -0.59512955
0.46971017 0.38448566 -0.79469693 -0.84261167 -0.07332511 -0.53350627
0.49341691 0.42568013 -0.75850928 -0.78251982 -0.16347805 -0.60078084
0.53269202 0.24198225 -0.81097710 -0.81555027 -0.10922104 -0.56828564
0.46708900 0.28120732 -0.83830208 -0.88005739 0.23963194 -0.40997019
0.53565186 0.13943157 -0.83284807 -0.83339000 -0.07173639 -0.54801017
0.53549504 0.12853459 -0.83469993 -0.83271742 -0.08442603 -0.54722393
0.47247747 -0.03320336 -0.88071710 -0.88100266 -0.04555056 -0.47091350
0.51410407 0.00858951 -0.85768485 -0.85667121 -0.04447680 -0.51394188
0.49875817 -0.05632411 -0.86490923 -0.86465353 0.03688586 -0.50101268
0.46968049 0.05893860 -0.88086694 -0.88202077 -0.01155430 -0.47106883
0.49115980 -0.07263303 -0.86803603 -0.86436373 0.08277370 -0.49600801
0.45312467 -0.13206665 -0.88161016 -0.86262506 0.18448411 -0.47100282
0.44610000 -0.15928808 -0.88069415 -0.87455982 0.13143599 -0.46676514
0.43553311 -0.19561236 -0.87866193 -0.87523055 0.13616315 -0.46414560
0.43609068 -0.15012436 -0.88729233 -0.89115947 0.06506673 -0.44900018
0.39616311 -0.15286328 -0.90536606 -0.76817477 0.48494771 -0.41801122
0.48220208 -0.00263116 -0.87605613 -0.74231201 0.52983713 -0.41017744
0.46621647 0.12485734 -0.87581557 -0.85805392 0.30483299 -0.41330418
0.47066733 0.27504021 -0.83834666 -0.87490165 0.26836619 -0.40314606
0.54013169 0.28095353 -0.79329878 -0.61251020 0.77767307 -0.14161897
0.46159312 0.41568169 -0.78367120 -0.81280351 0.55207378 -0.18591663
0.33611602 0.85286999 -0.39954835 -0.93319231 0.24429049 -0.26357979
0.56261468 0.40943727 -0.71821022 -0.63787532 0.76763421 -0.06207088
0.61036772 0.36498153 -0.70302194 -0.49240947 0.87002796 0.02417177
0.62321663 0.41315243 -0.66400766 -0.35981977 0.90533787 0.22559503
0.44819695 0.40772256 -0.79553866 0.01360503 0.88671494 0.46211633
0.80180979 0.12278839 -0.58482832 0.08123603 0.94718021 0.31024250
0.88230717 0.05452266 -0.46750548 0.10467158 0.94566590 0.30783102
0.99033266 -0.00351303 -0.13866842 0.01852001 0.99407786 0.10708098
-0.98804587 0.08558317 0.12822220 -0.11540837 -0.96207798 -0.24715765
-0.95397562 0.09690184 0.28379685 -0.22351231 -0.86068612 -0.45745137
-0.94486815 0.11748850 0.30564788 -0.26029515 -0.83581311 -0.48338690
0.88413912 0.05202392 -0.46431842 0.13873523 0.91972750 0.36722445
-0.94624287 0.12062439 0.30012363 -0.25767383 -0.84197813 -0.47400120
-0.89605367 0.14945567 0.41803205 -0.38655531 -0.72572517 -0.56912041
-0.83398193 0.18269381 0.52066982 -0.49745312 -0.65725666 -0.56617498
-0.79075092 0.08870757 0.60567647 -0.49291086 -0.67897791 -0.54408449
-0.73303777 -0.00751910 0.68014640 -0.54207039 -0.59756094 -0.59083045
-0.57074738 -0.21343273 0.79290229 -0.55930197 -0.60593837 -0.56570309
-0.64097452 -0.10624962 0.76017278 -0.56331646 -0.60759777 -0.55991030
-0.68103796 -0.02031457 0.73196632 -0.61257052 -0.53185654 -0.58471024
-0.49703619 -0.38922316 0.77553880 -0.71743321 -0.31841168 -0.61959958
-0.62251145 -0.16048981 0.76597822 -0.59115601 -0.54494983 -0.59461272
-0.58871543 -0.21589525 0.77897590 -0.58444881 -0.55204248 -0.59470057
-0.54734296 -0.27283856 0.79118580 -0.59556502 -0.53719574 -0.59726304
-0.58033150 -0.29693300 0.75831807 -0.71407938 -0.26215392 -0.64912719
-0.61326134 -0.25106552 0.74891704 -0.70358676 -0.25728989 -0.66239530
-0.59992546 -0.30525544 0.73953265 -0.74694645 -0.11746522 -0.65442568
-0.65714037 -0.18598440 0.73046309 -0.70584470 -0.18819533 -0.68290985
-0.71631610 -0.08312349 0.69280720 -0.68476284 -0.10711728 -0.72085077
-0.70554894 -0.14372756 0.69393307 -0.68576902 -0.10840420 -0.71970093
-0.75905615 -0.02873979 0.65039057 -0.65088391 0.05431295 -0.75723189
-0.75633246 -0.09870350 0.64669853 -0.65405810 0.09442744 -0.75052756
-0.75696820 -0.06170344 0.65053201 -0.65327591 0.09454917 -0.75119311
-0.74466842 0.11899640 0.65674108 -0.66399127 -0.03225921 -0.74704421
-0.59528756 0.16349831 -0.78670269 0.75989968 -0.20362429 -0.61732471
-0.60350180 0.12486328 -0.78752446 0.75709862 -0.22014858 -0.61509061
-0.64477175 -0.00384252 -0.76436549 0.69496560 -0.41931361 -0.58412230
-0.74002773 0.20602277 0.64024496 -0.65735012 -0.02014624 -0.75331599
-0.64807773 -0.01572439 -0.76141191 0.69518429 -0.42047763 -0.58302438
-0.64092457 -0.02027897 -0.76733589 0.73830098 -0.28985414 -0.60901260
-0.58617246 0.09036094 -0.80513149 0.66106987 -0.52117461 -0.53978109
-0.49158758 0.25030199 -0.83408076 0.63186163 -0.55656934 -0.53942704
-0.59735113 0.67841256 0.42770088 -0.67271334 -0.13352412 -0.72775555
-0.60141611 0.13156566 -0.78802872 0.73363823 -0.29960695 -0.60992682
-0.56204706 0.23158534 -0.79402226 0.80779046 -0.05255796 -0.58712208
-0.57331604 0.19271855 -0.79634690 0.79671806 -0.09565750 -0.59673274
-0.57031167 0.19550006 -0.79782468 0.79854900 -0.09568463 -0.59427607
-0.57616961 0.17625362 -0.79809982 0.78747940 -0.14177741 -0.59981281
-0.76391190 0.28089124 0.58098078 -0.61744410 -0.05639507 -0.78459060
-0.56558651 0.06774333 -0.82190198 0.81992036 -0.06083018 -0.56923664
-0.79745919 0.22500443 0.55984992 -0.59510243 -0.14020301 -0.79132563
-0.79803902 0.21589589 0.56260353 -0.59897441 -0.18184954 -0.77984649
-0.79078645 0.11289732 0.60159039 -0.60669988 -0.27474368 -0.74594313
-0.79704875 0.18024859 0.57638854 -0.60083526 -0.33294302 -0.72673655
-0.78726017 0.09424566 0.60937613 -0.58988738 -0.40294486 -0.69976312
-0.77612430 0.04495829 0.62897527 -0.59331155 -0.38989240 -0.70424807
-0.76678056 0.01489581 0.64173645 -0.59161872 -0.40430635 -0.69751251
-0.77344990 0.01993412 0.63354397 -0.56514573 -0.47429231 -0.67502385
-0.78401488 0.04679020 0.61897606 -0.54814339 -0.52013814 -0.65497726
-0.80096102 0.03653392 0.59760082 -0.43658534 -0.71866304 -0.54121780
-0.73386025 -0.03877437 0.67819303 -0.50999397 -0.62804580 -0.58776248
-0.67777115 -0.12610702 0.72437787 -0.48934805 -0.65794462 -0.57240486
-0.71248817 -0.07174939 0.69800621 -0.56791252 -0.52527446 -0.63368934
-0.66260403 -0.15483123 0.73279142 -0.54159617 -0.57674956 -0.61158282
-0.60531723 -0.22528572 0.76343793 -0.46864051 -0.67439389 -0.57058656
-0.54303855 -0.30346942 0.78295308 -0.51940727 -0.61123872 -0.59716278
-0.50050759 -0.33356452 0.79889101 -0.53197950 -0.60951716 -0.58778113
-0.42925495 -0.31062931 0.84808588 -0.54097873 -0.66349506 -0.51683301
-0.53035247 -0.36723980 0.76410818 -0.63830125 -0.42019799 -0.64498472
-0.49925920 -0.41933700 0.75821948 -0.67018920 -0.36774552 -0.64467806
-0.16782536 -0.36079156 0.91742259 -0.75716579 -0.54877526 -0.35432428
-0.07413519 -0.46555552 0.88190818 -0.78111774 -0.52266705 -0.34157622
-0.05755386 -0.47394228 0.87867302 -0.48652133 -0.75523233 -0.43922791
-0.57859445 -0.35095304 0.73624760 -0.71974432 -0.20492128 -0.66330642
-0.66790003 -0.14547111 0.72989577 -0.68165064 -0.27412388 -0.67838669
-0.65791428 -0.17453563 0.73258865 -0.68382114 -0.26907527 -0.67822355
-0.66407090 -0.17419568 0.72709405 -0.67818856 -0.26905453 -0.68386406
-0.76403636 0.03844141 0.64402705 -0.60651052 -0.38316092 -0.69665831
-0.70631546 -0.09944246 0.70087785 -0.65128523 -0.29668191 -0.69843221
-0.72200280 -0.05326605 0.68983668 -0.63303274 -0.35155329 -0.68969548
-0.71575123 -0.07078107 0.69475919 -0.65339118 -0.28333300 -0.70199883
-0.79657239 0.19824992 0.57111251 -0.59559232 -0.41931731 -0.68515891
-0.76868564 -0.00396920 0.63961452 -0.62577671 -0.20230311 -0.75331074
-0.78212094 0.07608710 0.61846399 -0.62305135 -0.08004419 -0.77807456
-0.59019423 0.04325784 -0.80610150 0.80451053 -0.05084733 -0.59175795
-0.72807187 -0.03340045 0.68468666 -0.58742154 -0.48443288 -0.64827520
-0.72639674 -0.03931005 0.68615055 -0.59472311 -0.46442235 -0.65621364
-0.60610926 -0.21915343 0.76459360 -0.40266135 -0.74446052 -0.53258085
-0.55329341 -0.25451726 0.79315031 -0.29271552 -0.83204257 -0.47119281
-0.26242998 -0.34530839 0.90105087 -0.11586407 -0.91574699 -0.38468564
0.57402539 0.23508120 -0.78436708 0.23473835 0.87045562 0.43267187
0.72552705 0.12996802 -0.67580986 0.26993486 0.84956789 0.45317730
-0.75923514 -0.05255878 0.64869070 -0.39751065 -0.75175816 -0.52616066
-0.71632332 -0.06487184 0.69474649 -0.57072097 -0.51836485 -0.63684815
-0.77542353 -0.02215006 0.63105303 -0.53003597 -0.52033770 -0.66956002
-0.72845566 -0.04063800 0.68388677 -0.59010857 -0.46988899 -0.65648776
-0.75843257 -0.01749361 0.65151674 -0.59495103 -0.38956627 -0.70304441
-0.84943545 0.36141738 0.38449576 -0.52654111 -0.62861800 -0.57235819
-0.77586883 0.02905259 0.63022500 -0.60962343 -0.29172701 -0.73705810
-0.79414535 0.32429591 0.51397032 -0.60370409 -0.32380587 -0.72848552
-0.79445827 0.29141635 0.53283459 -0.60545063 -0.31127805 -0.73248589
-0.78514445 0.37242192 0.49482346 -0.58029079 -0.16326691 -0.79787630
-0.58616370 -0.03718470 -0.80933893 0.77352953 -0.32278931 -0.54539824
-0.76278627 0.38439250 0.51999956 -0.59621960 -0.10673229 -0.79569501
-0.79249978 0.20472695 0.57448328 -0.59424210 -0.04732292 -0.80289280
-0.59852386 0.04586735 -0.79979086 0.74468148 -0.33619142 -0.57656294
-0.58960372 0.07731763 -0.80398357 0.74706954 -0.32615629 -0.57923156
-0.52800959 0.28109816 -0.80136734 0.78539211 -0.19733149 -0.58670235
-0.53390288 0.28548253 -0.79589415 0.78234589 -0.19028044 -0.59306687
-0.54167378 0.28377363 -0.79124087 0.76708394 -0.21807209 -0.60334641
-0.46589422 0.43060988 -0.77299273 0.68118072 -0.38302326 -0.62392795
-0.54496521 0.12126018 -0.82964385 0.82537675 -0.09652379 -0.55627012
-0.49038288 0.38686234 -0.78093666 0.77365530 -0.21929680 -0.59444642
-0.62466288 -0.02148373 -0.78059906 0.70906585 -0.43437892 -0.55546439
-0.61382562 0.01397119 -0.78931803 0.72327381 -0.39074230 -0.56938159
-0.38523769 0.41044515 -0.82651478 0.61236250 -0.55633575 -0.56169641
-0.59930611 0.05439321 -0.79866999 0.73633963 -0.35396197 -0.57664108
-0.58924371 -0.03751597 -0.80708396 0.77010912 -0.32822546 -0.54699183
-0.78071469 0.17985851 0.59844428 -0.61354047 -0.03895191 -0.78870201
-0.52491271 0.33472407 -0.78257686 0.74289346 -0.26857427 -0.61316979
-0.58194870 0.18214916 -0.79256380 0.71367037 -0.35285959 -0.60511547
-0.48645294 0.39697644 -0.77831441 0.69397789 -0.36564758 -0.62023914
-0.52562767 0.21751910 -0.82243598 0.56389558 -0.63477820 -0.52827877
-0.33192065 0.51779366 -0.78849131 0.71893418 -0.40229785 -0.56682473
0.34026107 -0.42358190 0.83952415 -0.89913809 0.11479440 0.42234224
-0.59244645 0.16831549 -0.78783071 0.78316462 -0.10890210 -0.61220390
-0.58707529 0.06454933 -0.80695480 0.80693990 -0.03304984 -0.58970815
-0.72440922 -0.04047262 0.68818110 -0.66792899 -0.20582938 -0.71519595
-0.70132828 -0.19964585 0.68431002 -0.69544309 -0.01915244 -0.71832591
-0.72198075 -0.07271367 0.68808186 -0.69066423 0.01601184 -0.72299832
-0.66309917 -0.17456865 0.72789103 -0.69672155 -0.21154742 -0.68543917
-0.58333200 -0.34507832 0.73528546 -0.71871603 -0.20242243 -0.66518605
-0.64620471 -0.18753479 0.73976362 -0.74164850 -0.07422970 -0.66666895
-0.67220032 -0.01811911 0.74014759 -0.65914094 -0.44061834 -0.60941678
-0.67361206 -0.01312034 0.73896873 -0.64482170 -0.47817707 -0.59628165
-0.14525728 -0.42799962 0.89202952 -0.85409570 -0.40085667 -0.33141297
-0.58660930 -0.21757810 0.78009564 -0.57369983 -0.56823742 -0.58989400
-0.59521419 -0.21592693 0.77401268 -0.34482804 -0.80139238 -0.48873714
0.64029366 0.18842761 -0.74466038 0.24505924 0.86867553 0.43052158
-0.51854688 -0.24486251 0.81923836 -0.37940207 -0.79274160 -0.47709009
-0.60295242 -0.17818789 0.77762300 -0.66616982 -0.42384508 -0.61365563
-0.76588428 0.04943822 0.64107502 -0.56485385 -0.52806908 -0.63410026
-0.79877663 0.11692075 0.59015715 -0.54241115 -0.56433463 -0.62234771
-0.73239034 -0.01939435 0.68060875 -0.57785726 -0.51097846 -0.63638198
-0.72722477 -0.00120613 0.68639839 -0.57472396 -0.54566896 -0.60986698
-0.69708490 -0.02072887 0.71668887 -0.67561698 -0.31564450 -0.66626590
-0.67565608 -0.04385212 0.73591167 -0.56326872 -0.61331069 -0.55369526
-0.69123185 0.00220543 0.72262973 -0.62460220 -0.50472540 -0.59592319
-0.72166681 -0.01218298 0.69213337 -0.57729733 -0.54115534 -0.61145627
-0.65241814 -0.05992228 0.75548655 -0.64445227 -0.48068979 -0.59465837
-0.73645812 0.13826537 0.66220254 -0.58469915 -0.62242287 -0.52030450
-0.75334227 0.16294765 0.63712126 -0.54803395 -0.69106674 -0.47125947
-0.76913738 0.19276078 0.60932016 -0.52942699 -0.72621018 -0.43854985
-0.77129382 0.19126137 0.60706258 -0.52710968 -0.72652668 -0.44081113
-0.75384402 0.17959760 0.63203162 -0.54849291 -0.70163041 -0.45482999
-0.74595958 0.18497781 0.63978720 -0.56445003 -0.68545860 -0.45993775
-0.72173119 0.14118260 0.67762208 -0.60947418 -0.59366286 -0.52545768
-0.71221370 0.14044812 0.68776882 -0.63016671 -0.55958056 -0.53829318
-0.66878933 0.10673046 0.73575097 -0.69006979 -0.45735323 -0.56092042
-0.56634843 -0.05117196 0.82257581 -0.77084976 -0.32026026 -0.55065781
-0.57405365 -0.03689694 0.81798601 -0.77857924 -0.28471690 -0.55924118
-0.69317549 0.07150224 0.71721351 -0.57927793 -0.64737308 -0.49532342
-0.72948295 0.12571040 0.67234778 -0.52246195 -0.73682547 -0.42909420
-0.60138077 -0.03877002 0.79802138 -0.58327520 -0.66129434 -0.47167772
-0.53983802 -0.09498784 0.83639246 -0.80362821 -0.23754533 -0.54566848
-0.46199012 -0.32237738 0.82621914 -0.88380927 0.08982790 -0.45914292
-0.47797108 -0.32174587 0.81732696 -0.87525004 0.09602925 -0.47404185
-0.47864389 -0.32635820 0.81510150 -0.87454802 0.09486289 -0.47557002
-0.46693242 -0.33601975 0.81796384 -0.88102627 0.09733754 -0.46294516
-0.47670138 -0.27545053 0.83479512 -0.87894720 0.16491830 -0.44749722
-0.46197611 -0.28448373 0.84002811 -0.88658494 0.12319459 -0.44585916
-0.45579752 -0.26576269 0.84948152 -0.88610458 0.04534368 -0.46126208
-0.39824593 -0.65174979 0.64546293 -0.91043073 0.19502820 -0.36480129
-0.39754683 -0.35019827 0.84812605 -0.91593200 0.09604710 -0.38967121
-0.39481568 -0.19910271 0.89692742 -0.88003457 -0.19848920 -0.43144092
-0.44397521 -0.09195264 0.89130849 -0.81552142 -0.37064546 -0.44446242
-0.48599473 0.00118195 0.87396097 -0.77126843 -0.47089803 -0.42825231
-0.38221198 -0.17255026 0.90782183 -0.82461172 -0.37968934 -0.41934660
-0.37142378 -0.18157926 0.91053468 -0.85208601 -0.32285330 -0.41196507
-0.32436728 -0.42082086 0.84716928 -0.93856806 0.03165199 -0.34363964
-0.32783666 -0.41466486 0.84886760 -0.93733013 0.03049260 -0.34710589
-0.35290578 -0.36160135 0.86296117 -0.92917347 0.02703707 -0.36865392
-0.41544303 -0.22403990 0.88159704 -0.81253326 -0.34427476 -0.47038782
-0.42359802 -0.23428991 0.87502742 -0.81083673 -0.33260447 -0.48157883
-0.54710323 -0.10816983 0.83004659 -0.72699153 -0.43012944 -0.53523076
-0.43917611 -0.26101404 0.85964882 -0.87771809 -0.07948037 -0.47253987
-0.45345339 -0.27546796 0.84764230 -0.87025744 -0.06849650 -0.48781168
-0.58477360 -0.08497608 0.80673355 -0.69700307 -0.45614368 -0.55328083
-0.57747465 -0.09835446 0.81046247 -0.69281930 -0.46611476 -0.55021673
-0.63364458 -0.02544072 0.77320588 -0.49919343 -0.75009912 -0.43377098
0.71592081 -0.03617552 -0.69724369 0.35094145 0.88197404 0.31458217
-0.52960813 -0.12714250 0.83865970 -0.55461419 -0.69618231 -0.45577782
-0.51033622 -0.13887787 0.84868723 -0.54615790 -0.70996249 -0.44459513
-0.35054302 -0.26723281 0.89761144 -0.74668348 -0.49877843 -0.44009539
-0.30011377 -0.28762826 0.90950632 -0.77821451 -0.47756281 -0.40781847
-0.23406227 -0.31963319 0.91817731 -0.49457595 -0.77393556 -0.39549774
-0.24387214 -0.47431150 0.84590489 -0.94506377 -0.07954316 -0.31706047
-0.24625340 -0.47483075 0.84492314 -0.94720179 -0.06679952 -0.31360263
-0.25815722 -0.34383848 0.90284550 -0.93936884 -0.12898710 -0.31772393
-0.20675050 -0.30154252 0.93076658 -0.92106563 -0.26087025 -0.28911036
-0.22406223 -0.27940902 0.93366307 -0.84850752 -0.41533524 -0.32792014
-0.27123559 -0.23672496 0.93294835 -0.86450070 -0.36622724 -0.34426183
-0.28519130 -0.28974232 0.91362756 -0.86679828 -0.32884577 -0.37486157
-0.29839283 -0.28079665 0.91220337 -0.83916622 -0.37814623 -0.39090338
-0.30909982 -0.13696839 0.94111484 -0.73826760 -0.58925557 -0.32823604
-0.42983383 0.00262131 0.90290427 -0.55240858 -0.79176462 -0.26067927
-0.42422551 -0.00103951 0.90555602 -0.52891302 -0.81141472 -0.24871117
-0.37418365 -0.03907081 0.92653126 -0.57189512 -0.77678096 -0.26371831
-0.37247545 -0.03846298 0.92724466 -0.55060720 -0.79513097 -0.25416243
-0.40050411 -0.01304215 0.91620213 -0.63291705 -0.71909708 -0.28690657
-0.40914953 -0.02269432 0.91218507 -0.62743062 -0.71884906 -0.29931065
-0.51080972 0.07522680 0.85639620 -0.59285885 -0.75222164 -0.28754315
-0.52402020 0.06520434 0.84920627 -0.57920265 -0.75829595 -0.29918489
-0.50908059 0.04326487 0.85963082 -0.54078531 -0.79306948 -0.28034276
-0.44489211 -0.04044306 0.89467055 -0.61436331 -0.71308517 -0.33773857
-0.56139714 0.10225246 0.82120508 -0.61055130 -0.72104090 -0.32760829
-0.58603275 0.15887307 0.79455960 -0.67464423 -0.63879448 -0.36986068
-0.58622497 0.18252391 0.78931952 -0.65561485 -0.67923880 -0.32985437
-0.50517327 0.16348934 0.84739077 -0.71289092 -0.63245201 -0.30297035
-0.49947149 0.14858967 0.85349244 -0.69778866 -0.65287793 -0.29468870
-0.45489874 0.07898507 0.88703358 -0.67873579 -0.67558849 -0.28791994
-0.32390237 -0.10178608 0.94059920 -0.79301983 -0.51297736 -0.32859373
-0.24185383 -0.20838240 0.94767272 -0.81898868 -0.47991818 -0.31454113
-0.24969564 -0.37465799 0.89290738 -0.95023668 -0.08259027 -0.30038175
-0.25636429 -0.36881474 0.89345008 -0.94818759 -0.08350432 -0.30654094
-0.24659930 -0.22089934 0.94360602 -0.93867433 -0.18768641 -0.28924808
-0.23374684 -0.26764187 0.93473542 -0.93700105 -0.19467333 -0.29005399
-0.31977701 -0.07183453 0.94476587 -0.88760233 -0.32617220 -0.32522899
-0.35919127 0.00221388 0.93326133 -0.84681720 -0.42110136 -0.32492191
-0.33288056 -0.02983312 0.94249696 -0.88817894 -0.32581627 -0.32400918
-0.50879359 0.18807834 0.84009266 -0.76087189 -0.55476552 -0.33661446
-0.54824984 0.26338559 0.79375702 -0.74193496 -0.59117949 -0.31629014
-0.58298373 0.23220964 0.77859408 -0.72907746 -0.57243711 -0.37518257
-0.59863913 0.22386242 0.76910138 -0.71217370 -0.58824992 -0.38310677
-0.58054936 0.17726506 0.79469472 -0.74301928 -0.51449859 -0.42803442
-0.51423514 0.27688497 0.81172466 -0.74896342 -0.60611665 -0.26772460
-0.50474310 0.26422125 0.82184029 -0.79236156 -0.51965171 -0.31957054
-0.32932582 -0.00392167 0.94420820 -0.87179679 -0.38280892 -0.30565968
-0.24145621 -0.44480056 0.86246824 -0.96140265 -0.01117735 -0.27491835
-0.24602973 -0.44431239 0.86142665 -0.96077675 -0.00555015 -0.27726752
-0.25475055 -0.50037438 0.82748270 -0.96586633 0.09011626 -0.24286076
-0.27405074 -0.58393937 0.76414078 -0.95816237 0.09754992 -0.26908898
-0.27720514 -0.53418714 0.79862475 -0.96081030 0.15328306 -0.23097172
-0.23949617 -0.47171304 0.84860379 -0.96986300 0.07590194 -0.23152685
-0.23486574 -0.49478135 0.83667773 -0.96917474 0.05329943 -0.24053994
-0.22155632 -0.49853975 0.83807576 -0.95502788 -0.06274839 -0.28980076
-0.23343502 -0.36203012 0.90246463 -0.96027166 -0.06013488 -0.27251112
-0.19326290 -0.03126354 0.98064882 -0.92844784 -0.31733271 -0.19309205
-0.34181476 0.21178558 0.91559243 -0.92561799 -0.24429953 -0.28904864
-0.28983203 0.02175482 0.95683026 -0.94467014 0.15395385 -0.28964901
-0.32131785 -0.09927676 0.94175315 -0.94586152 -0.01448867 -0.32424694
-0.19562241 -0.01804888 0.98051322 -0.92353386 -0.33292592 -0.19038281
-0.23105448 0.08187223 0.96948999 -0.92197615 -0.33669803 -0.19129695
-0.23323813 0.08491376 0.96870518 -0.96036464 -0.17648664 -0.21575969
-0.20642991 -0.02122884 0.97823107 -0.95203996 -0.22640590 -0.20581627
-0.22868229 0.06531518 0.97130758 -0.95051610 -0.23051240 -0.20828649
-0.21452253 -0.07178927 0.97407728 -0.97103906 -0.09172240 -0.22061335
-0.20983671 -0.01794582 0.97757179 -0.95706552 -0.20073445 -0.20912004
-0.23604923 0.08911131 0.96764660 -0.96649915 -0.12482144 -0.22427440
-0.23198149 0.07968616 0.96945077 -0.97083241 0.04309519 -0.23585440
-0.94437265 0.16681561 -0.28343058 0.29085460 0.02137539 -0.95652848
-0.20550534 -0.39053923 0.89735538 -0.97516698 0.15907274 -0.15409490
-0.21708325 -0.40536600 0.88800526 -0.97282898 0.16485128 -0.16256638
-0.32438448 -0.54848611 0.77067357 -0.93725306 0.29643705 -0.18352614
-0.27973381 -0.52867121 0.80140859 -0.95963609 0.17927729 -0.21669836
-0.32496369 -0.53522652 0.77969944 -0.94487190 0.21878524 -0.24361876
-0.35436332 -0.66905373 0.65329456 -0.92924362 0.33006975 -0.16601309
-0.35911036 -0.35426518 0.86344427 -0.92548764 0.25458980 -0.28045806
-0.11808569 -0.19438098 0.97379249 -0.97254521 0.22067355 -0.07388528
-0.23748498 -0.45237124 0.85962850 -0.97052556 0.07314423 -0.22963047
-0.23836146 -0.52430093 0.81749153 -0.96787429 0.05888842 -0.24444132
-0.24802798 -0.40703714 0.87909210 -0.95715767 -0.03701426 -0.28719181
-0.23890923 -0.47661319 0.84602731 -0.96381426 0.01028590 -0.26637641
-0.34112492 -0.03745870 0.93927139 -0.85696095 -0.39826396 -0.32711440
-0.45818055 0.15486391 0.87526447 -0.76075661 -0.57758772 -0.29604363
-0.58829969 0.22295818 0.77729863 -0.71427727 -0.59390646 -0.37024742
-0.50682116 0.02389412 0.86172003 -0.77330720 -0.45435131 -0.44222271
0.48958737 -0.10311744 -0.86583549 0.41242391 0.90227151 0.12574860
-0.18132941 -0.28694037 0.94063008 -0.79998225 -0.51326340 -0.31078774
-0.32664073 -0.09361965 0.94050050 -0.77027196 -0.55027878 -0.32229552
-0.14620714 -0.33094722 0.93225396 -0.87656432 -0.39347211 -0.27715456
-0.14383134 -0.33301619 0.93188667 -0.87570614 -0.39577219 -0.27659217
-0.11083224 -0.37904659 0.91871649 -0.87370127 -0.40341827 -0.27184510
-0.11893794 -0.35965738 0.92547309 -0.89771765 -0.35927871 -0.25499380
-0.27838537 -0.15896291 0.94722354 -0.70328075 -0.63793236 -0.31374925
-0.43699703 -0.00478299 0.89945030 -0.52281207 -0.81236351 -0.25832760
-0.27859423 -0.45644370 0.84501147 -0.94748044 -0.01325781 -0.31953892
-0.34348008 -0.26697496 0.90041423 -0.86991572 -0.27087083 -0.41215971
-0.52404618 -0.12453017 0.84253657 -0.46675387 -0.78547513 -0.40641072
-0.33329505 -0.30472201 0.89222133 -0.86194175 -0.28500223 -0.41932121
-0.27740428 -0.55191880 0.78640485 -0.94133073 -0.00761609 -0.33739957
-0.33680129 -0.22807455 0.91353542 -0.87126726 -0.29238358 -0.39421478
-0.51035786 0.03054196 0.85941964 -0.76667672 -0.46884751 -0.43862149
-0.40558994 -0.21070635 0.88943785 -0.89322329 -0.11519535 -0.43460575
-0.44203123 -0.24162498 0.86384362 -0.87914461 -0.07449254 -0.47069705
-0.36508164 -0.37366474 0.85269576 -0.92374510 0.03146402 -0.38171336
-0.45400822 -0.09326463 0.88610291 -0.85575479 -0.23129395 -0.46280324
-0.44216967 -0.14582598 0.88499761 -0.86249924 -0.20163506 -0.46415341
-0.50083363 -0.39433378 0.77049762 -0.86112714 0.13719888 -0.48952687
-0.52057683 -0.31213671 0.79471409 -0.85178632 0.12573621 -0.50857699
-0.51977873 -0.38759348 0.76131552 -0.83156180 0.02530484 -0.55485553
-0.55565244 -0.20258322 0.80635625 -0.82217580 -0.01029761 -0.56914055
-0.58665651 0.00312020 0.80982995 -0.80317211 -0.13026173 -0.58133155
-0.51092148 -0.28808931 0.80991596 -0.82133210 -0.11448225 -0.55884475
-0.60820341 0.03183275 0.79314268 -0.78356701 -0.18385392 -0.59348166
-0.58157653 -0.08957262 0.80854529 -0.81122905 -0.01022090 -0.58463925
-0.60013396 -0.08484032 0.79538763 -0.79900527 0.11058818 -0.59106761
-0.74166560 0.05465681 -0.66853929 0.66390157 -0.08244763 -0.74326122
-0.61507356 0.19182420 0.76477975 -0.78607804 -0.07369425 -0.61371857
-0.63886237 0.20683531 0.74099541 -0.76576823 -0.26342773 -0.58668965
-0.75104386 0.09282693 -0.65369433 0.57218707 -0.40250713 -0.71455580
-0.61378217 0.12784232 0.77905577 -0.78490752 0.00718386 -0.61957133
-0.59457636 0.36789203 0.71493667 -0.78606701 -0.07901980 -0.61306977
-0.75170845 0.12609290 -0.64732921 0.63666451 -0.11728412 -0.76216984
-0.60713345 0.32744122 0.72399670 -0.76032013 0.02533942 -0.64905411
-0.58740741 0.40396473 0.70125967 -0.76023072 0.02167718 -0.64929146
-0.75581068 0.08948056 -0.64864755 0.58350956 -0.35743088 -0.72921860
-0.55009794 0.53338528 0.64256710 -0.77565634 -0.04123391 -0.62980717
-0.59601325 0.40885121 0.69109255 -0.77241302 -0.05673474 -0.63258147
-0.57782131 0.50978363 0.63737220 -0.77833748 -0.10919772 -0.61827725
-0.56646121 0.58514780 0.58027917 -0.78775954 -0.17772169 -0.58978802
-0.53964502 0.63484681 0.55294931 -0.78927451 -0.15294349 -0.59468824
-0.56138265 0.55425823 0.61453027 -0.77242571 -0.08443655 -0.62946731
-0.63308638 0.23077185 0.73888171 -0.76228786 -0.01987778 -0.64693290
-0.67398018 0.44434899 0.59017348 -0.73541456 -0.32773840 -0.59308767
-0.74643445 0.17784761 -0.64125341 0.64843613 -0.02217676 -0.76094604
-0.74586499 0.16866039 -0.64439052 0.64890766 -0.03437389 -0.76009041
-0.74377882 0.21044318 -0.63443428 0.63940811 -0.05262230 -0.76706475
-0.61248618 -0.21004505 0.76206422 -0.78451210 0.27977210 -0.55341524
-0.59531182 -0.25703835 0.76127207 -0.80258870 0.23520936 -0.54820442
-0.58047938 -0.26174387 0.77106023 -0.81359172 0.22521809 -0.53604603
-0.57544976 -0.25836352 0.77595484 -0.81687164 0.22766626 -0.52998948
-0.55267316 -0.34254122 0.75974864 -0.83302104 0.19963606 -0.51596648
-0.53060400 -0.40005445 0.74727231 -0.84582114 0.19249560 -0.49752596
-0.52684700 -0.38755304 0.75646204 -0.84932292 0.20558843 -0.48619333
-0.51587325 -0.25177610 0.81883067 -0.85094124 0.04029607 -0.52371299
-0.52255005 -0.16076697 0.83731449 -0.83165747 -0.12026042 -0.54211003
-0.45693550 -0.27351680 0.84640330 -0.88580322 0.05326057 -0.46099454
-0.62969935 0.00545366 0.77681983 -0.65614140 -0.53907150 -0.52809131
-0.55036473 -0.06314404 0.83253324 -0.79763657 -0.25489849 -0.54662848
-0.52473152 -0.15968885 0.83615565 -0.83319563 -0.10497725 -0.54292250
-0.65709341 0.10480292 0.74648827 -0.71116698 -0.41453725 -0.56780320
-0.71640944 0.12241936 0.68685591 -0.51263887 -0.76015139 -0.39921337
-0.78025818 0.13823655 0.60998994 -0.47100025 -0.77155614 -0.42762107
-0.78281313 0.14249188 0.60572243 -0.47149029 -0.77107644 -0.42794642
-0.76685995 0.11255202 0.63186866 -0.44190609 -0.80656672 -0.39264387
-0.75221103 0.09267390 0.65237272 -0.47427413 -0.76345772 -0.43840215
-0.72745007 0.04384327 0.68475854 -0.45405048 -0.77897161 -0.43248293
-0.72307670 0.04191935 0.68949473 -0.46338448 -0.76968443 -0.43915904
-0.70325083 0.01959625 0.71067166 -0.48261023 -0.74717313 -0.45696804
-0.67928469 0.00395399 0.73386425 -0.49369794 -0.74234146 -0.45298070
-0.68399501 0.00125694 0.72948563 -0.44368857 -0.79448396 -0.41465136
-0.60961068 -0.08570693 0.78805405 -0.52677804 -0.69907570 -0.48352671
-0.65275115 -0.03181297 0.75690413 -0.46619001 -0.77067220 -0.43443203
-0.64179069 -0.03237132 0.76619637 -0.45526949 -0.78791225 -0.41463712
-0.55698526 -0.11654308 0.82230479 -0.56970578 -0.66682500 -0.48039550
-0.56021231 -0.11163387 0.82079232 -0.40999812 -0.82362169 -0.39185312
0.63676900 0.02664105 -0.77059424 0.34724921 0.88240755 0.31745082
-0.55793786 -0.11096026 0.82243133 -0.41350955 -0.82206327 -0.39143565
0.54734766 0.03847922 -0.83602035 0.27965859 0.93311101 0.22604215
0.57512975 0.02127813 -0.81778544 0.21836190 0.95939803 0.17853168
0.48842937 0.05374065 -0.87094700 0.24517629 0.94944268 0.19607963
0.52632630 0.01470853 -0.85015547 -0.01767836 0.99982357 0.00635337
0.49573100 0.03009227 -0.86795461 0.09400829 0.99166799 0.08807415
0.58375573 0.01862300 -0.81171578 0.15610608 0.97851044 0.13471541
0.49692065 0.02801320 -0.86734378 0.09792717 0.99128455 0.08812086
0.59051448 0.01924030 -0.80679774 0.20257637 0.96417409 0.17126384
0.58980864 0.03126450 -0.80693763 0.19583653 0.96388417 0.18048660
0.68638599 -0.01231836 -0.72713310 0.23519787 0.94988239 0.20592590
0.66102046 0.02080168 -0.75007957 0.20664912 0.95591456 0.20862308
-0.52033877 -0.15074800 0.84054905 -0.47977251 -0.76266158 -0.43378064
-0.53486371 -0.15025114 0.83147186 -0.46087310 -0.77290499 -0.43613520
0.65475494 0.03778431 -0.75489628 0.34602514 0.87295860 0.34381652
0.68214363 0.00553207 -0.73119742 0.26691151 0.92908806 0.25603452
0.70379698 -0.01522140 -0.71023810 0.30111951 0.91190594 0.27884522
0.72189641 -0.02672068 -0.69148505 0.30011958 0.91247565 0.27805847
0.69342321 -0.00082467 -0.72053009 0.34318143 0.87966585 0.32926384
0.76694888 -0.07277053 -0.63756871 0.32250303 0.90266985 0.28491920
0.78957009 -0.09624882 -0.60606545 0.26702899 0.94310629 0.19810611
-0.75782287 0.07881049 0.64768320 -0.42525974 -0.81251824 -0.39870822
0.76569211 -0.08026604 -0.63817948 0.37733099 0.85957158 0.34461296
0.71535397 -0.02609534 -0.69827491 0.36484766 0.86621726 0.34139991
0.71114993 -0.02513252 -0.70259112 0.34760907 0.88122779 0.32032102
0.71773034 -0.03366987 -0.69550669 0.37181315 0.86304718 0.34191316
0.69954044 0.00202419 -0.71459019 0.27482545 0.92232162 0.27165005
-0.45023647 -0.28181890 0.84726930 -0.67998552 -0.50677389 -0.52990556
-0.45993924 -0.29512578 0.83747047 -0.67209935 -0.50065750 -0.54554975
-0.37016898 -0.30147368 0.87868571 -0.68997520 -0.54411978 -0.47735518
-0.32485273 -0.30108389 0.89655972 -0.67137778 -0.59426749 -0.44282970
-0.27057764 -0.29813358 0.91537112 -0.66463381 -0.63002551 -0.40165877
-0.40888882 -0.21862975 0.88600850 -0.38566658 -0.83852077 -0.38489515
0.54962003 0.16076213 -0.81980085 0.20980977 0.92329615 0.32172048
0.55274892 0.15893477 -0.81805164 0.20330359 0.92626661 0.31732932
0.33699766 0.23682079 -0.91123462 0.17232776 0.93598300 0.30698380
-0.30697602 -0.19872022 0.93073952 -0.20711538 -0.94057024 -0.26912987
-0.16789302 -0.19784981 0.96574706 -0.25502497 -0.93758714 -0.23641628
0.21533506 0.06610151 -0.97430050 0.10701253 0.99010062 0.09082486
-0.06822759 -0.04861668 0.99648458 -0.18088718 -0.98165494 -0.06027822
0.07006425 0.03107798 -0.99705827 0.07338171 0.99664599 0.03622172
0.02617802 -0.08168906 -0.99631405 -0.00187514 0.99664980 -0.08176586
-0.00620981 -0.08155639 -0.99664938 -0.03674403 0.99601418 -0.08127546
0.37607563 -0.08290693 -0.92287248 0.01996404 0.99648285 -0.08138432
-0.06297813 -0.10129533 0.99286103 -0.23563443 -0.96520072 -0.11341985
-0.11993335 -0.21236807 0.96980196 -0.29840472 -0.92397040 -0.23923491
-0.11625804 -0.21769138 0.96906888 -0.36463314 -0.89820069 -0.24551617
-0.24948573 -0.19641630 0.94824976 -0.62963849 -0.71106952 -0.31294653
-0.11595313 -0.32410243 0.93888897 -0.50651956 -0.79382086 -0.33658057
-0.14973921 -0.35260090 0.92371583 -0.53302753 -0.75807172 -0.37577784
-0.15051484 -0.36084923 0.92039835 -0.58580762 -0.71739537 -0.37705880
-0.19500397 -0.33073127 0.92335820 -0.59684712 -0.70704067 -0.37929803
0.54982096 0.15875775 -0.82005668 0.25782254 0.90157646 0.34740096
-0.63363099 -0.08788165 0.76862770 -0.35055774 -0.85305864 -0.38652322
-0.19385616 -0.33097869 0.92351121 -0.54436553 -0.74685454 -0.38193527
-0.29175907 -0.26730782 0.91838074 -0.67141396 -0.62660807 -0.39568377
-0.37195870 -0.20915394 0.90437901 -0.48287436 -0.78848511 -0.38095099
-0.51429325 -0.14508325 0.84525341 -0.40211904 -0.82973647 -0.38708872
0.61909813 0.02051003 -0.78504574 0.19062576 0.96583605 0.17556353
0.67577499 0.00935116 -0.73704875 0.26405165 0.93048853 0.25390539
0.70995474 -0.02152987 -0.70391822 0.35779735 0.87194830 0.33419651
-0.68900120 0.00811821 0.72471476 -0.42966557 -0.80984646 -0.39941999
0.71997660 -0.03619399 -0.69305396 0.37549734 0.86015350 0.34516346
-0.77660251 0.09641633 0.62256926 -0.41041246 -0.82717580 -0.38385138
-0.78872156 0.12432288 0.60204828 -0.45520332 -0.77631295 -0.43603688
-0.74449563 0.20971753 0.63383353 -0.60440546 -0.61498213 -0.50644946
-0.64378840 0.07551396 0.76146841 -0.71176982 -0.42443153 -0.55968004
-0.63713694 0.18571319 0.74804223 -0.76545638 -0.26602474 -0.58592451
-0.71132636 0.34715468 0.61114532 -0.70033401 -0.42375207 -0.57442719
-0.76660264 0.28914773 0.57333583 -0.60396308 -0.62789869 -0.49088889
-0.71410352 0.35904881 0.60094941 -0.69840819 -0.42399088 -0.57659155
-0.65931737 0.55624008 0.50586331 -0.73224974 -0.32236689 -0.59990829
-0.75364447 0.37232766 0.54165685 -0.65088737 -0.53743529 -0.53619862
-0.76467925 0.35860789 0.53541195 -0.63949758 -0.52469665 -0.56190419
-0.72991699 0.12721452 0.67159343 -0.65824068 -0.39563483 -0.64046264
-0.69077474 -0.10681327 0.71513718 -0.70176339 -0.13928834 -0.69866079
-0.74066335 0.15136449 0.65460426 -0.67143434 -0.13141131 -0.72931963
-0.70630401 0.39791164 0.58549201 -0.67947251 -0.14900254 -0.71841174
-0.64316016 0.56224072 0.51983690 -0.68967122 -0.13035934 -0.71229213
-0.66357988 0.55168027 0.50528282 -0.64019293 -0.06930962 -0.76508123
-0.69307333 0.47665101 0.54078943 -0.66058314 -0.11962775 -0.74116075
-0.72741508 0.33777857 0.59730470 -0.67381322 -0.18697526 -0.71485394
-0.66286689 0.54096961 0.51764798 -0.64614123 -0.06399371 -0.76053029
-0.74802256 0.17725784 0.63956386 -0.66153622 -0.12186996 -0.73994428
-0.65469444 -0.01799028 -0.75567961 0.66746587 -0.48296976 -0.56677121
-0.65351880 -0.01412514 -0.75677854 0.66380835 -0.49110723 -0.56406766
-0.50789934 0.75107735 0.42180708 -0.72571135 -0.10926798 -0.67926693
-0.65014201 0.60048711 0.46554333 -0.65244830 -0.12720586 -0.74708092
-0.64226937 0.62194759 0.44796348 -0.66980350 -0.17129394 -0.72251076
-0.52430642 0.10733317 -0.84473813 0.50660974 -0.75804073 -0.41075650
-0.50930631 0.75017512 0.42171609 -0.72566205 -0.11093131 -0.67905009
-0.51243675 0.74232751 0.43169254 -0.77077317 -0.17598373 -0.61232227
-0.53114569 0.65883499 0.53274822 -0.78887188 -0.15512782 -0.59465671
-0.55220461 0.54649675 0.62961215 -0.77333796 -0.05361483 -0.63172305
-0.76884025 0.05801712 -0.63680357 0.56799930 -0.39545399 -0.72179842
-0.42071274 0.79678220 0.43374979 -0.76719874 -0.05732086 -0.63884306
0.78449667 -0.05653431 0.61755073 -0.28496587 0.85160261 0.43996304
-0.75325531 0.16769417 -0.63599151 0.62440860 -0.12154119 -0.77158380
-0.74397349 0.19367909 -0.63952476 0.54210520 -0.38461518 -0.74712324
-0.54111171 -0.19457814 0.81813049 -0.83781129 0.20871973 -0.50448817
-0.55594218 -0.31089741 0.77088982 -0.83057004 0.24446955 -0.50038791
-0.52465856 -0.27499956 0.80567282 -0.84851891 0.24553464 -0.46875206
-0.73552871 0.27670655 -0.61841005 0.61946779 -0.09492682 -0.77926159
-0.74503791 0.27314851 -0.60852975 0.62331110 -0.03972117 -0.78096455
-0.60318279 -0.28393760 0.74535233 -0.79404420 0.30194613 -0.52756256
-0.54522979 -0.04298127 0.83718401 -0.82918686 0.17440321 -0.53106761
-0.80568731 0.18441831 -0.56290120 0.55458397 -0.09900060 -0.82621753
-0.81386518 0.13060974 -0.56618422 0.54348147 -0.17359163 -0.82127583
-0.82393157 0.09655007 -0.55840391 0.47130793 -0.43037677 -0.76983416
-0.46518931 0.38822427 0.79553813 -0.85335803 0.04223794 -0.51961160
-0.37879446 0.63290703 0.67523587 -0.86524194 0.01674019 -0.50107503
-0.59124362 -0.19909689 0.78153151 -0.79589003 0.30065870 -0.52551264
-0.51756823 0.14730790 0.84286624 -0.85507047 -0.05304911 -0.51579100
-0.52213091 0.09652112 0.84738600 -0.84724891 -0.17254056 -0.50239331
-0.47628623 0.01892173 0.87908673 -0.85345942 -0.25049835 -0.45700958
-0.53510290 0.32563636 0.77950370 -0.78743702 -0.52644080 -0.32062915
-0.45270306 0.28037313 0.84643418 -0.88583720 -0.24973945 -0.39105341
-0.45662031 0.21350640 0.86366248 -0.83052999 -0.45030996 -0.32778177
-0.35431910 0.06765328 0.93267417 -0.88799798 -0.33697313 -0.31290379
-0.29577890 -0.17389305 0.93929553 -0.94074094 -0.11773968 -0.31803134
-0.31994522 -0.55719614 0.76626855 -0.94718510 0.16949958 -0.27223200
-0.33198798 -0.55289471 0.76425880 -0.94260669 0.22514036 -0.24658555
-0.33546469 -0.20833774 0.91872674 -0.93110955 0.22154383 -0.28974712
-0.91572541 0.18530262 -0.35652488 0.29266301 -0.30037022 -0.90781397
-0.89497137 0.24526434 -0.37265486 0.37630558 -0.03364781 -0.92588443
-0.49754128 -0.38531700 0.77716380 -0.84795725 0.40486220 -0.34213310
-0.89555264 0.26210245 -0.35956612 0.33392689 -0.13817596 -0.93241638
-0.85662061 0.27584526 -0.43601680 0.41438329 -0.13564931 -0.89993656
-0.47539321 0.40925619 0.77878791 -0.87705439 -0.29000419 -0.38297936
-0.57124782 0.40454909 0.71415406 -0.80263090 -0.45728540 -0.38298005
-0.48344097 0.52379507 0.70137262 -0.87536359 -0.29370305 -0.38402751
-0.48104510 0.55783993 0.67632109 -0.87372077 -0.24154899 -0.42221576
-0.41637519 0.56580389 0.71168655 -0.89060438 -0.09634396 -0.44445664
-0.44627202 0.38334021 0.80863565 -0.86174542 0.05958629 -0.50382966
-0.32497102 0.66168702 0.67569536 -0.81892836 0.16047247 -0.55100363
-0.85650790 0.29121172 -0.42613384 0.17988779 -0.60542893 -0.77530396
-0.30269065 0.68543768 0.66223389 -0.81447005 0.17483655 -0.55323660
-0.17491883 0.82668883 0.53477955 -0.82902855 0.16934656 -0.53294790
-0.79302579 0.20799536 -0.57258016 0.29372832 -0.69288272 -0.65851146
-0.35876143 0.63211989 0.68681490 -0.87046617 0.03909393 -0.49067333
-0.37581056 0.58140665 0.72161812 -0.86420053 0.06124000 -0.49940678
-0.79753894 0.20363149 -0.56786078 0.51295227 -0.26652002 -0.81599456
-0.76653808 0.19116321 -0.61308736 0.54552209 -0.30990887 -0.77869266
-0.72491002 0.27548862 -0.63135701 0.60860556 -0.17316544 -0.77434677
-0.72520995 0.27106351 -0.63292593 0.62879115 -0.11378666 -0.76920372
0.72062135 -0.37612581 0.58243817 -0.67677480 -0.19912434 0.70874923
-0.53129554 -0.29301563 0.79490066 -0.84498233 0.25092155 -0.47227463
-0.60397685 0.54840916 -0.57832468 0.68900830 -0.00544483 -0.72473311
-0.74084377 0.18770613 -0.64491624 0.55581194 -0.36777651 -0.74552906
-0.74610752 0.17199843 -0.64322644 0.55602640 -0.37048364 -0.74402726
0.69322652 -0.30225691 0.65427649 -0.01600786 0.90112859 0.43325633
0.69225746 -0.30644143 0.65335548 -0.08857668 0.86243558 0.49835637
-0.34614062 0.78829038 0.50870919 -0.76637113 0.07519469 -0.63798207
