-0.30401355 0.78485227 0.53998405 -0.17181659 0.51234663 -0.84141552
-0.27932951 0.78499138 0.55295897 -0.23625271 0.50199056 -0.83197969
-0.28092536 0.79445410 0.53844559 -0.12414310 0.52624494 -0.84122223
-0.29654059 0.78914374 0.53788090 -0.33036307 0.44367993 -0.83307171
-0.24374075 0.79497433 0.55552340 -0.07956038 0.55447823 -0.82838649
-0.18822110 0.80987275 0.55558890 -0.26105621 0.50409383 -0.82324916
-0.45671320 0.72902459 0.50983953 -0.09545170 0.52963603 -0.84283721
-0.49066424 0.70445049 0.51283348 -0.18342344 0.49185985 -0.85113442
-0.31695202 0.77806079 0.54236788 -0.36222559 0.42919987 -0.82739359
-0.65604997 0.53326380 0.53406757 -0.38633680 0.37060732 -0.84462667
-0.06697069 0.82250232 0.56480515 -0.00927130 0.56553864 -0.82466966
-0.16164823 0.81060869 0.56283522 0.00861738 0.57147372 -0.82057518
-0.14820305 0.81450731 0.56090438 -0.34501246 0.48895159 -0.80118215
-0.22908813 0.80548102 0.54655194 0.22303763 0.58998209 -0.77599961
-0.69121873 0.54780567 0.47130206 -0.19814375 0.48352268 -0.85261065
-0.33358991 0.79282385 0.51004732 0.03641313 0.55147159 -0.83339864
-0.29448891 0.78921574 0.53890157 -0.44151819 0.38775727 -0.80913913
-0.28957582 0.79192162 0.53759283 -0.28817859 0.46346155 -0.83794779
-0.43330291 0.73426336 0.52259535 -0.50258470 0.28446126 -0.81638867
-0.07012854 0.82205170 0.56507796 -0.00482595 0.56618631 -0.82426316
-0.16023105 0.80956405 0.56474072 0.00571777 0.57288462 -0.81961608
-0.06836830 0.83510339 0.54582804 -0.26319319 0.51262909 -0.81727636
-0.22389491 0.80590034 0.54808372 0.22325477 0.58981633 -0.77606314
-0.53667933 0.71692616 0.44496316 0.05228021 0.55458075 -0.83048606
-0.09849882 0.87332284 0.47707987 -0.38706997 0.40803701 -0.82685107
-0.49084046 0.66542137 0.56239682 -0.62167263 0.18475620 -0.76117563
-0.43478477 0.73167527 0.52498901 -0.44127375 0.33508688 -0.83246279
-0.52655286 0.64890558 0.54923916 -0.50334710 0.28268352 -0.81653637
0.06876134 0.80318969 0.59174174 -0.07342487 0.59561145 -0.79990995
-0.09228881 0.80572516 0.58505535 0.09329027 0.59197515 -0.80053884
-0.13505596 0.80488020 0.57786477 0.31736583 0.58762223 -0.74429768
-0.21509342 0.80471635 0.55332303 0.46374050 0.58279318 -0.66730577
-0.51842558 0.72637796 0.45123169 0.32616723 0.65575761 -0.68087953
-0.05279149 0.87910503 0.47369552 -0.19580847 0.45603579 -0.86815345
-0.41983745 0.73793703 0.52838016 -0.63177973 0.18035135 -0.75387526
-0.48759013 0.66970307 0.56013721 -0.58662349 0.22386771 -0.77830338
-0.44130522 0.71816838 0.53803706 -0.58349276 0.22586872 -0.78007662
0.13200136 0.79392219 0.59351778 0.08643182 0.58725810 -0.80477166
0.13070045 0.79798955 0.58832812 -0.03829363 0.59703910 -0.80129772
0.06591477 0.79458261 0.60356760 0.21294522 0.57974660 -0.78647840
-0.33777088 0.76070035 0.55429769 0.31168094 0.64608037 -0.69673181
-0.09627555 0.81106985 0.57697207 0.45728856 0.55091059 -0.69812948
-0.32096988 0.80076867 0.50571525 -0.39696035 0.37105551 -0.83948815
-0.34823316 0.80645114 0.47788098 -0.63975662 0.16815163 -0.74995768
-0.48509067 0.67251164 0.55894107 -0.66174209 0.13553189 -0.73737949
-0.46503893 0.69383419 0.54984814 -0.64109606 0.16438806 -0.74964827
0.06792015 0.79372686 0.60447049 0.21979645 0.57907981 -0.78508353
0.13532624 0.77662539 0.61525589 0.19264746 0.58849257 -0.78521556
-0.09266764 0.81617469 0.57032585 0.46229613 0.54257745 -0.70135009
0.08874504 0.78282845 0.61587667 0.23563796 0.58426464 -0.77660131
-0.52929485 0.68574107 0.49960595 -0.20570663 0.46756351 -0.85969138
-0.33966523 0.79252744 0.50648576 -0.45313668 0.33399430 -0.82650775
-0.47202259 0.70004869 0.53584194 -0.65409952 0.12940557 -0.74525708
-0.50093538 0.65337312 0.56759799 -0.60793400 0.20115243 -0.76808459
-0.48956031 0.66599560 0.56283277 -0.65386260 0.14664716 -0.74226576
-0.47610381 0.68326479 0.55360138 -0.65260535 0.14743505 -0.74321544
0.05623507 0.78775096 0.61342162 0.38981164 0.54830801 -0.73986840
0.05880150 0.78622615 0.61513489 0.40974957 0.54289174 -0.73305792
-0.70035446 0.53080148 0.47723532 -0.34341756 0.33555534 -0.87719274
-0.58336931 0.59143406 0.55667412 -0.61080635 0.13229203 -0.78065002
-0.48400298 0.68342477 0.54650879 -0.66857076 0.11413795 -0.73483723
-0.58414626 0.58705091 0.56048584 -0.48628706 0.29975319 -0.82077581
-0.49841881 0.65620852 0.56654131 -0.61106640 0.19763881 -0.76650947
-0.50039142 0.65377867 0.56761080 -0.61087286 0.19798747 -0.76657379
-0.49651888 0.65715122 0.56711668 -0.73733777 0.02545363 -0.67504454
-0.53324342 0.60308057 0.59324986 -0.69076127 0.09443356 -0.71689004
-0.47009033 0.69714135 0.54130310 -0.65246046 0.13854191 -0.74505138
-0.30087981 0.81092268 0.50187230 0.34263098 0.58303982 -0.73666048
-0.69760853 0.53141993 0.48055729 -0.39068055 0.28009516 -0.87687826
-0.52260184 0.65127611 0.55020607 -0.48115554 0.30745667 -0.82095051
-0.58461899 0.53907531 0.60631543 -0.55081755 0.28496626 -0.78447068
-0.51406276 0.63489854 0.57675242 -0.75922042 -0.02389389 -0.65039486
-0.50567895 0.64738727 0.57024431 -0.68220782 0.10453889 -0.72364640
-0.53983951 0.59599400 0.59444469 -0.68141448 0.10520299 -0.72429746
-0.52586329 0.61352217 0.58911675 -0.65725410 0.14653204 -0.73928720
-0.45247832 0.72094136 0.52488756 -0.53116870 0.25490671 -0.80801141
-0.50307280 0.61530495 0.60689181 -0.75876367 0.02173737 -0.65100312
-0.51138324 0.64209753 0.57113743 -0.74640602 -0.00251597 -0.66548616
-0.50072163 0.65683711 0.56377566 -0.83569491 -0.19708362 -0.51261300
-0.51430124 0.63944572 0.57149231 -0.67995793 0.10206459 -0.72611302
-0.55009282 0.58460027 0.59635597 -0.70402300 0.05944908 -0.70768458
-0.64979607 0.37328959 0.66213298 -0.69330162 0.06604029 -0.71761531
-0.54591304 0.58363152 0.60112661 -0.64440680 0.16605107 -0.74643618
-0.53223878 0.60210520 0.59513968 -0.74480367 0.00118420 -0.66728270
-0.59994704 0.61320651 0.51384962 -0.30314675 0.42014572 -0.85532433
-0.55984092 0.59837240 0.57317412 -0.62736827 0.14577386 -0.76495689
-0.61072791 0.33876243 0.71571743 -0.68419659 0.22923733 -0.69233328
-0.50893897 0.52770299 0.68008137 -0.86070853 -0.32364687 -0.39298040
-0.55224437 0.56825411 0.61001110 -0.70016563 0.08105202 -0.70936501
-0.50605965 0.64599401 0.57148534 -0.82751113 -0.17684805 -0.53286976
-0.61511648 0.53369808 0.58034307 -0.63670331 0.09788440 -0.76487094
-0.42069945 0.73486334 0.53196609 -0.57487977 0.23767173 -0.78295940
-0.65508729 0.42560041 0.62427962 -0.67894685 0.03092571 -0.73353583
-0.57422262 0.55019277 0.60626435 -0.60745108 0.21014531 -0.76605618
-0.56372988 0.55815303 0.60882992 -0.61451393 0.20910203 -0.76068980
-0.60284483 0.61703730 0.50580943 -0.29192677 0.41941509 -0.85957533
-0.71440840 0.49424276 0.49532294 -0.40932834 0.27893427 -0.86870366
-0.61340034 0.54266679 0.57380569 -0.57724208 0.18780133 -0.79468375
-0.59950107 0.36321735 0.71321219 -0.68507719 0.22788742 -0.69190794
-0.60086739 0.35823888 0.71457911 -0.70516759 0.18341798 -0.68490618
-0.41872442 0.81889880 0.39252347 -0.79835010 -0.12595150 -0.58887470
-0.64210814 0.48493701 0.59374517 -0.62636691 0.11467542 -0.77104735
-0.61712557 0.48830396 0.61702138 -0.66664433 0.09212215 -0.73966140
-0.32218707 0.77635145 0.54173243 -0.46478194 0.36880887 -0.80495828
-0.67492121 0.56389004 0.47593009 -0.04109582 0.61526173 -0.78725100
-0.88514972 0.33062088 0.32741407 -0.12129337 0.51537704 -0.84833622
-0.63312382 0.46097255 0.62181878 -0.65814894 0.10224643 -0.74591273
-0.91068321 0.32070592 0.26039180 -0.01358890 0.60673040 -0.79479152
-0.91089600 0.31928945 0.26138610 -0.02626972 0.58729762 -0.80894464
-0.85538346 0.37722373 0.35499498 -0.16427155 0.45240280 -0.87655377
-0.39645821 0.75956446 0.51563823 -0.58834994 0.22094874 -0.77783418
-0.87693471 0.38361207 0.28952959 0.07816089 0.70823365 -0.70163804
-0.75834483 0.48229259 0.43852830 -0.19802970 0.47049093 -0.85989684
-0.39460295 0.76078868 0.51525640 -0.58285260 0.22625582 -0.78044295
-0.81775993 0.43387836 0.37817776 0.02585465 0.68408948 -0.72893971
-0.77790326 0.45836717 0.42984429 -0.15996352 0.51706451 -0.84086621
-0.04416995 0.95469820 0.29427949 -0.62287229 0.20398661 -0.75526130
-0.56873631 0.54090327 0.61964726 -0.64926600 0.16727416 -0.74193871
-0.80209368 0.44209287 0.40149686 0.08041126 0.74612844 -0.66092843
-0.78692454 0.44824061 0.42406389 -0.12318636 0.55928892 -0.81976897
-0.87339681 0.13464551 0.46802634 -0.34897590 0.49729651 -0.79429972
-0.57612920 0.52598095 0.62563503 -0.65222001 0.16549391 -0.73974377
-0.88860554 0.34411627 0.30325612 0.04513554 0.72355545 -0.68878907
-0.75560516 0.33449194 0.56318390 -0.45922136 0.34259570 -0.81959987
-0.52317297 0.59883332 0.60637355 -0.61545396 0.22668310 -0.75487167
-0.45076156 0.71389544 0.53588003 -0.73789984 0.03981555 -0.67373484
-0.65314043 0.46638629 0.59656638 -0.37615943 0.48391277 -0.79014719
-0.56090409 0.54398715 0.62407112 -0.77934909 -0.09265278 -0.61970198
-0.55334103 0.55859613 0.61788684 -0.60449409 0.24104761 -0.75926477
-0.61113805 0.43312418 0.66250563 -0.71612054 0.05397995 -0.69588614
-0.61178082 0.50801849 0.60633451 -0.37133402 0.49236777 -0.78720075
-0.75502729 0.08625310 0.64999557 -0.62066013 0.22568086 -0.75089896
-0.74255997 0.12885776 0.65726739 -0.58762741 0.34555966 -0.73163009
-0.50304139 0.57702839 0.64341879 -0.15138978 0.67413020 -0.72293133
-0.58559561 0.40418628 0.70264596 -0.68262142 0.22158238 -0.69636869
-0.81045520 0.15373763 0.56526738 -0.42872319 0.50190711 -0.75118959
-0.68807441 0.23323061 0.68713689 -0.56478548 0.42241189 -0.70893270
-0.61466014 0.17284173 0.76962245 -0.77315748 0.06128323 -0.63124639
-0.62183517 0.07947735 0.77910495 -0.77633011 0.06843091 -0.62660110
-0.62028933 0.08336933 0.77993000 -0.77702463 0.07047898 -0.62551224
-0.62974846 -0.05749271 0.77466863 -0.77418268 0.12823473 -0.61983633
-0.62686533 -0.06794196 0.77615970 -0.77608609 0.14238805 -0.61434186
-0.64056498 -0.26304868 0.72144431 -0.74652493 -0.00682549 -0.66532248
-0.53104991 0.27844593 0.80028367 -0.77285808 0.22803386 -0.59219176
-0.62677354 -0.35273841 0.69478810 -0.77769601 0.33858794 -0.52966708
-0.86208117 -0.32989737 0.38468671 -0.41008472 0.00814721 -0.91201109
-0.64004618 -0.40725148 0.65152675 -0.74902326 0.51965463 -0.41100278
-0.64083207 -0.57931525 0.50371444 -0.76185268 0.39921778 -0.51010376
-0.75602674 -0.59452963 0.27378502 -0.47078308 0.20332015 -0.85850114
-0.63549525 -0.33208925 0.69703841 -0.72282344 0.57324898 -0.38589114
-0.64466059 -0.63280612 0.42891619 -0.76443392 0.53898144 -0.35375115
-0.63752508 -0.61774564 0.46038264 -0.76614493 0.44540220 -0.46329141
-0.65994507 -0.57441127 0.48427704 -0.75126761 0.51168090 -0.41686901
-0.70398974 -0.67409271 0.22360116 -0.54781288 0.31502935 -0.77502108
-0.50112456 -0.45816538 0.73413813 -0.81125534 0.54402494 -0.21424662
-0.64385647 -0.68238962 0.34611183 -0.76498497 0.58338892 -0.27286536
-0.63919824 -0.64555526 0.41795233 -0.76872402 0.52071130 -0.37138012
-0.65381175 -0.73085457 0.19591291 -0.74782908 0.58471173 -0.31442633
-0.64273250 -0.75582063 0.12502077 -0.56970572 0.36245698 -0.73760450
-0.57962155 -0.64071047 0.50351661 -0.78128499 0.61254472 -0.11992818
-0.49232832 -0.45125875 0.74429721 -0.81402647 0.54147208 -0.21016371
-0.64758635 -0.70820314 0.28121206 -0.75938535 0.56931442 -0.31498420
-0.63076061 -0.71565562 0.29996374 -0.76570219 0.63672400 -0.09100967
-0.63819396 -0.72192079 0.26746759 -0.76470166 0.55420947 -0.32876006
-0.60922879 -0.79039824 0.06411667 -0.42682791 0.25870013 -0.86654043
-0.72847307 0.44999105 -0.51656079 0.56603372 0.82010978 -0.08382024
-0.58935195 -0.68740529 0.42442697 -0.77077705 0.63581538 -0.04051600
-0.55730581 -0.62090451 0.55126029 -0.74490756 0.66716582 -0.00162363
-0.58147234 -0.63375294 0.51014423 -0.79654413 0.57107627 -0.19846758
-0.61237705 -0.78553808 0.08901906 -0.75741524 0.55070174 -0.35078466
-0.88750136 0.44208851 -0.12999666 0.44701651 0.89447045 -0.00994343
-0.64541543 -0.75937039 0.08243537 -0.67496830 0.51647520 -0.52694511
-0.63870698 0.42315969 -0.64264238 0.45524964 0.88115156 0.12774868
-0.79416823 0.44977778 -0.40865234 0.41012836 0.89291447 0.18573779
-0.57416213 -0.66819578 0.47313029 -0.75627345 0.65422648 0.00618823
-0.61274201 -0.72792459 0.30768996 -0.77118272 0.63583326 -0.03151691
-0.52069116 -0.59339303 0.61381221 -0.73794854 0.67435861 0.02593040
-0.65536189 -0.73885107 0.15684383 -0.75143510 0.65880412 -0.03636618
-0.88587552 0.44145826 -0.14261596 0.44903478 0.89317966 -0.02445289
-0.74351269 0.43036437 -0.51183534 0.44270295 0.89042765 0.10560641
-0.86714435 0.47818890 0.13927005 0.40363091 0.83853269 -0.36598513
-0.65099514 -0.73641539 0.18411344 -0.75017029 0.66119850 -0.00782405
-0.51914924 -0.60814726 0.60053402 -0.74207133 0.66933644 0.03631648
0.81702691 -0.57541573 0.03693042 -0.57656235 -0.81456852 0.06367176
-0.86326325 0.43784663 -0.25113115 0.43591264 0.89753604 0.06640264
-0.88225287 0.43943471 -0.16889958 0.45099002 0.89182448 -0.03545666
-0.77359271 0.42843622 -0.46690127 0.34505656 0.90279442 0.25670642
-0.87551224 0.46910134 0.11585495 0.40963611 0.84774357 -0.33694080
-0.87636024 0.47349179 0.08830796 0.46072733 0.87752903 -0.13294035
-0.87903148 0.46843356 0.08873350 0.45578378 0.88027036 -0.13185343
-0.83549315 0.49867696 0.23080868 0.21264613 0.68072283 -0.70099789
-0.82681656 0.51522088 0.22565870 0.34575617 0.78199655 -0.51858842
0.87913364 -0.47583500 -0.02655569 -0.47639161 -0.87897670 -0.02123837
-0.89455664 0.44427514 0.04886756 0.43706459 0.89239109 -0.11230630
-0.88894337 0.40435407 -0.21512198 0.36730576 0.90994638 0.19257224
-0.86828077 0.43468219 -0.23903957 0.45355594 0.89080018 -0.02760573
-0.89475054 0.43500575 -0.10095346 0.43048331 0.90032071 0.06408444
-0.86779213 0.47533989 0.14487544 0.40797430 0.84795380 -0.33842477
-0.86541337 0.47628546 0.15560192 0.45613879 0.87739360 -0.14872061
0.86227244 -0.49894422 -0.08683828 -0.50259227 -0.86414921 -0.02544004
-0.56547832 -0.78043103 0.26676142 -0.80385804 0.59388089 0.03343358
-0.83592790 0.50322002 0.21907543 0.41597930 0.84129858 -0.34522170
0.87974465 -0.47287974 -0.04933672 -0.47442675 -0.87991136 -0.02598642
0.88392532 -0.46737579 0.01536426 -0.46440554 -0.88121033 -0.08829457
-0.89761156 0.43593150 -0.06524780 0.43794447 0.89878249 -0.01986961
-0.88402128 0.40743241 -0.22914031 0.36928415 0.90925658 0.19204624
-0.89875913 0.43327487 -0.06711897 0.42910054 0.90067399 0.06825764
-0.89600039 0.40853158 -0.17402691 0.38104442 0.90859097 0.17107791
-0.85899556 0.48486882 0.16440481 0.46781832 0.87379903 -0.13274541
-0.87876910 0.46586859 0.10359196 0.46811426 0.88366300 -0.00295861
-0.86580169 0.48336682 0.12939838 0.48920190 0.87202770 0.01578491
-0.56926620 -0.78154546 0.25519145 -0.80178237 0.59640801 0.03798086
0.88431966 -0.46404627 -0.05137893 -0.46680889 -0.88075805 -0.07971723
-0.89755499 0.43695095 -0.05889770 0.42891738 0.89626575 0.11286119
-0.92335892 0.31693438 -0.21670455 0.26017904 0.93158931 0.25386649
0.89473385 -0.44652027 0.00843000 -0.44305304 -0.88984412 -0.10900247
-0.91082090 0.39677754 -0.11389849 0.37328321 0.90946084 0.18314117
-0.86166215 0.47808707 0.17020886 0.47353527 0.87805998 -0.06910163
0.87457466 -0.47767997 -0.08331309 -0.48403862 -0.87023699 -0.09161974
-0.86551583 0.47874033 0.14727567 0.48445702 0.87480855 0.00338865
-0.56775808 -0.77090400 0.28871760 -0.80495900 0.59332901 0.00130835
0.88342685 -0.46346772 -0.06895446 -0.46826211 -0.87856299 -0.09411577
0.88433993 -0.46666682 -0.01284851 -0.46180478 -0.87043059 -0.17054918
-0.85190785 0.29974741 -0.42942345 0.18234199 0.93846107 0.29332972
-0.92675275 0.31349099 -0.20700914 0.25805688 0.93169171 0.25565064
-0.92648828 0.34742925 -0.14461145 0.30687761 0.91992867 0.24404396
-0.85875553 0.49387053 0.13649511 0.48865050 0.86952090 -0.07179303
0.87498331 -0.48097005 -0.05542598 -0.48325360 -0.87459093 -0.03945491
-0.85931385 0.48958436 0.14794210 0.49138865 0.87053269 -0.02664660
0.88394415 -0.46758977 -0.00161342 -0.46103674 -0.87097001 -0.16987167
0.88366777 -0.46794778 -0.01249741 -0.45809886 -0.85895973 -0.22876558
-0.81833512 0.31032825 -0.48376021 0.19772865 0.94233382 0.27001902
-0.82858735 0.30511597 -0.46941176 0.16101649 0.93289262 0.32215685
-0.93318087 0.28081420 -0.22431435 0.20949848 0.93213063 0.29536918
0.92579263 -0.36417389 0.10141756 -0.32890785 -0.90821046 -0.25879231
-0.85626900 0.49594826 0.14435636 0.49215382 0.86819154 -0.06346771
0.86524171 -0.48828930 -0.11371220 -0.49936277 -0.85954380 -0.10872592
0.87131733 -0.48158750 -0.09423190 -0.49068213 -0.85742342 -0.15510073
0.88266534 -0.46997300 -0.00522924 -0.45848900 -0.85854292 -0.22954716
-0.86483270 0.29182145 -0.40853959 0.15013744 0.92681360 0.34420249
0.86495936 -0.49270186 -0.09534289 -0.50181842 -0.85100758 -0.15480444
0.87226915 -0.48181862 -0.08365007 -0.48853081 -0.85084623 -0.19338652
-0.84166032 0.29969817 -0.44920927 0.12136146 0.91555661 0.38344163
0.87191468 -0.48292857 -0.08090013 -0.48761037 -0.84124297 -0.23355180
0.87486780 -0.48228383 -0.04481812 -0.47849935 -0.84621835 -0.23442033
-0.86764884 0.28451762 -0.40771967 0.09586576 0.90041912 0.42432904
