0.01677094 -0.13377783 -0.99086940 -0.16193239 0.97756225 -0.13472199
-0.00301686 -0.13419142 -0.99095082 -0.14322594 0.98079652 -0.13238032
0.42480832 -0.10241785 -0.89947122 0.02534979 0.99453598 -0.10127000
0.42323187 -0.09713081 -0.90079987 0.02669609 0.99514210 -0.09476058
-0.12612824 -0.10720058 -0.98620468 -0.08732395 0.99148458 -0.09660643
0.03688052 -0.10087530 -0.99421531 -0.02995018 0.99433362 -0.10199831
0.22768593 -0.11720799 -0.96665478 0.22893257 0.97134578 -0.06385400
0.22087722 -0.12223464 -0.96761149 0.16629693 0.98230696 -0.08613037
0.31793043 -0.13191089 -0.93889284 0.19572937 0.97807443 -0.07113735
0.32968530 -0.13021894 -0.93506718 0.21507187 0.97475857 -0.05991652
0.35146311 -0.12929639 -0.92723042 0.21844000 0.97440594 -0.05307586
0.30973938 -0.13232896 -0.94156820 0.21869144 0.97363383 -0.06489450
-0.31960320 -0.92953646 0.18389051 -0.04530258 -0.17885746 -0.98283148
-0.44558197 -0.87615544 0.18387057 0.17104647 -0.28492177 -0.94316632
-0.45254156 -0.87486821 0.17266123 -0.26273087 -0.05422034 -0.96334457
-0.45461378 -0.87388813 0.17217967 -0.25153032 -0.05948111 -0.96601993
-0.50507331 -0.84320283 0.18414640 -0.17455116 -0.10915601 -0.97857904
-0.67581123 -0.70832634 0.20384547 -0.07242447 -0.21140704 -0.97471112
-0.66790706 -0.71592736 0.20334274 -0.07270659 -0.20914696 -0.97517759
-0.75544852 -0.62701815 0.19012059 -0.02516177 -0.26219121 -0.96468788
-0.73533523 -0.64745504 0.20020999 -0.02439341 -0.26994631 -0.96256638
-0.73806560 -0.64375657 0.20208088 0.19686033 -0.49192312 -0.84809065
-0.62176865 -0.75089860 0.22260962 0.07313494 -0.33865446 -0.93806422
0.67641848 0.17051445 -0.71650738 0.25192440 0.86058766 0.44263181
0.62441766 0.20784122 -0.75293070 0.23924690 0.86672413 0.43766445
0.81703609 0.06729754 -0.57264566 0.23325844 0.86968631 0.43501294
0.79751199 0.07699624 -0.59836966 0.23049417 0.87769693 0.42014363
0.03049248 0.83761364 0.54541147 -0.87716442 -0.23919147 0.41637737
0.01642196 0.85953301 0.51081634 -0.92483020 -0.18111792 0.33449274
0.91167521 0.07177573 -0.40459427 0.06011187 0.95073754 0.30411297
0.88385308 0.03505448 -0.46644935 0.06338696 0.97901422 0.19368359
0.87296486 0.03881836 -0.48623616 -0.03603990 0.99923676 0.01506916
0.87174523 0.06616811 -0.48547101 -0.06003388 0.99779809 0.02819566
0.89348370 0.09869305 -0.43811712 -0.07525139 0.99466234 0.07059843
0.90100276 0.10633366 -0.42057970 -0.05842298 0.99040461 0.12524168
0.90273058 0.11071014 -0.41571721 -0.05156197 0.98719805 0.15093498
0.89992583 0.10817534 -0.42241174 0.03075646 0.95057809 0.30895838
0.89758748 0.02611023 -0.44006246 0.03906965 0.98960465 0.13840587
0.93275499 0.10707837 -0.34424174 -0.02123570 0.96953297 0.24403873
0.75759822 0.20344445 -0.62020594 -0.18218318 0.97833079 0.09837756
0.65438455 0.15112032 -0.74090725 -0.28945780 0.95525694 -0.06081457
0.66034514 0.18735011 -0.72721684 -0.14470772 0.98197633 0.12158182
0.77714741 0.19849803 -0.59719384 -0.08926313 0.97412753 0.20762406
0.83699238 0.16787136 -0.52082908 -0.05474351 0.97269469 0.22553982
0.93692982 0.12933707 -0.32470670 -0.04180522 0.96381372 0.26327842
0.93786287 0.12905578 -0.32211474 -0.04271478 0.96414429 0.26191846
0.93918097 0.12928531 -0.31815782 -0.04247992 0.96305209 0.26594391
-0.01835039 0.91533148 0.40228298 -0.99521452 -0.05534441 0.08053013
-0.01793738 0.91941679 0.39287558 -0.99029928 -0.07048834 0.11974474
-0.02806650 0.93456191 0.35469183 -0.99118054 -0.07199234 0.11125809
-0.02820086 0.93114740 0.36355087 -0.98995626 -0.07641997 0.11893973
-0.05049060 0.94082844 0.33510092 -0.98990166 -0.09164408 0.10814839
-0.09122914 0.88303584 0.46035311 -0.97711062 0.00983658 -0.21250430
-0.12297708 0.92371833 0.36279625 -0.98643881 -0.07373573 -0.14663413
0.87584871 -0.00556601 0.48255366 -0.18783279 0.91715109 0.35150078
0.90035254 0.01910192 0.43474180 -0.13587603 0.96142709 0.23915631
0.90039778 0.02295838 0.43446147 -0.12742975 0.96872860 0.21290037
0.89827740 0.04137858 0.43747643 -0.14321189 0.96876884 0.20242855
0.87567085 0.11259861 0.46959794 -0.10438021 0.99358147 -0.04359728
0.86988473 0.11369739 0.47997248 -0.09241986 0.99340761 -0.06782313
0.87324357 0.13622351 0.46785563 -0.09938332 0.98973721 -0.10268050
0.96904242 0.24118258 0.05279968 -0.19381757 0.87559730 -0.44245240
0.97478038 0.22238542 0.01865457 -0.19211954 0.87876344 -0.43688092
0.99010581 0.14007029 0.00842096 -0.13940583 0.98871094 -0.05492437
0.95520228 0.12057444 -0.27027848 -0.13380170 0.99052346 -0.03098974
0.97504514 0.14424466 -0.16876152 -0.10871264 0.97300994 0.20355181
0.95022911 0.18293329 -0.25219041 -0.10152686 0.94709873 0.30446082
-0.06798814 0.96069413 0.26915497 -0.96974301 -0.12703550 0.20847183
0.96616662 0.14280741 -0.21477468 -0.09909418 0.97434270 0.20208088
-0.10234150 0.89374584 0.43674323 -0.98827392 -0.14136609 0.05770883
-0.07955676 0.81218213 0.57795417 -0.98258185 0.03378604 -0.18273325
-0.06548996 0.83239150 0.55030495 -0.95104998 0.11484985 -0.28690320
-0.08952396 0.76933110 0.63254654 -0.94686633 0.13124204 -0.29363185
-0.17211664 0.87582791 0.45088956 -0.92697752 0.01086633 -0.37495944
-0.09989755 0.71221536 0.69481641 -0.97896564 0.05449658 -0.19661248
-0.07746454 0.66179419 0.74567270 -0.98819363 0.04819474 -0.14543241
-0.06976154 0.72346145 0.68683106 -0.99065977 0.03062000 -0.13287450
-0.06902568 0.72589564 0.68433255 -0.99142963 0.02635427 -0.12795614
-0.01881023 0.91565883 0.40151605 -0.97069722 -0.11294967 0.21210694
-0.01763587 0.91727549 0.39786273 -0.98276824 -0.08913221 0.16193227
-0.00957104 0.89898598 0.43787292 -0.97612178 -0.10343242 0.19101843
-0.00677809 0.88906604 0.45772883 -0.95928240 -0.13503474 0.24807850
-0.02882807 0.92435449 0.38044417 -0.94618338 -0.14797029 0.28782240
0.03055454 0.84989482 0.52606583 -0.93768352 -0.15789229 0.30954739
-0.12505022 0.48244420 0.86695451 -0.98952085 -0.12422350 -0.07360120
-0.18418339 0.37019643 0.91051149 -0.97971475 -0.14356960 -0.13980961
-0.08175926 0.66645592 0.74104786 -0.99474311 -0.00856877 -0.10204300
-0.08022540 0.60253912 0.79404694 -0.98768860 -0.15538022 0.01811599
-0.03109045 0.50030494 0.86529094 -0.95096910 -0.28133091 0.12849456
-0.03372079 0.45864964 0.88797718 -0.99891979 0.01295635 -0.04462592
-0.08795819 0.68866771 0.71972227 -0.99523276 -0.09131575 -0.03425302
-0.08774765 0.83143562 0.54864848 -0.95671326 -0.22376531 0.18608838
-0.09740377 0.83344942 0.54394352 -0.91028529 -0.29556304 0.28986767
-0.03636206 0.75211519 0.65802783 -0.91846293 -0.28464735 0.27459383
-0.84159815 -0.48209104 0.24351770 -0.01574233 -0.42878485 -0.90326941
-0.72479147 -0.62922376 0.28063306 -0.05708404 -0.35107839 -0.93460441
0.88289964 0.03328358 -0.46838066 0.13126025 0.94022572 0.31423950
0.82216704 0.07520091 -0.56425720 0.10430902 0.95454979 0.27920324
0.78490049 0.01833823 -0.61935049 0.09762713 0.98341691 0.15284027
0.62393045 0.04086810 -0.78041059 0.16898322 0.96794987 0.18578945
0.38208321 0.00218078 -0.92412537 0.04920239 0.99853086 0.02269929
0.20545220 -0.04802264 -0.97748828 0.02489272 0.99872869 -0.04383411
0.81508464 0.00816296 -0.57928437 -0.01719422 0.99980116 -0.01010454
0.79759127 0.00177817 -0.60319573 0.01184670 0.99975663 0.01861180
0.83504552 -0.01265121 -0.55003554 -0.09676377 0.98077488 -0.16946204
0.83315361 -0.02186486 -0.55260932 -0.12454309 0.96613383 -0.22599675
0.80661660 -0.07311967 -0.58653492 -0.16597268 0.92437583 -0.34348571
0.82830602 -0.02052147 -0.55990005 -0.10559190 0.97570336 -0.19197224
0.86034572 -0.00756748 -0.50965488 -0.09560662 0.97974706 -0.17594057
0.87386692 0.01987608 -0.48575878 -0.01475658 0.99978799 0.01436223
0.86984533 0.01969057 -0.49293154 0.00922154 0.99837959 0.05615380
0.88956690 0.02319654 -0.45621577 0.11262494 0.95674282 0.26825148
-0.12408903 0.91156775 0.39197728 -0.96019000 -0.20994700 0.18427564
-0.10619811 0.88664585 0.45009011 -0.92686564 -0.25217661 0.27807751
0.84604335 0.01400949 -0.53293002 -0.01756562 0.99984443 -0.00160240
0.85679501 -0.00278362 -0.51564974 -0.10469849 0.97821730 -0.17924595
0.96108699 0.09181271 -0.26054215 -0.22593361 0.80394036 -0.55012178
0.95948493 0.26229972 0.10289599 -0.20376523 0.89818168 -0.38955024
0.96684122 0.24714610 0.06431878 -0.21088746 0.91470927 -0.34472233
0.94581789 0.11305699 -0.30437925 -0.14856520 0.98422498 -0.09607130
0.97721064 0.11460797 -0.17867398 -0.11507338 0.99332649 0.00779182
0.98626590 0.10788625 -0.12506074 -0.11908393 0.98916978 -0.08580318
0.99068046 0.10827195 0.08264097 -0.11059389 0.99357480 0.02404287
0.98796344 0.10370825 0.11477359 -0.10668008 0.99409139 0.02004417
0.99332273 0.11030081 -0.03381955 -0.11009449 0.99388969 0.00790890
0.98052049 0.12475549 -0.15170917 -0.10029510 0.98210692 0.15939590
0.98441869 0.12085705 -0.12772439 -0.11123536 0.99057060 0.07997903
0.90455490 0.16818655 -0.39178282 -0.07257862 0.96623725 0.24722052
0.90368515 0.17458913 -0.39098835 -0.08103441 0.96633184 0.24420531
0.88740778 0.20915306 -0.41080719 -0.07964113 0.94730884 0.31026322
0.90668648 0.19597103 -0.37351719 -0.06301145 0.93851203 0.33944777
0.90318954 0.19915222 -0.38024616 -0.09374107 0.95598662 0.27803284
0.88952887 0.12477031 -0.43951198 -0.03806683 0.97888309 0.20084551
0.88643056 0.08879282 -0.45426512 0.03448632 0.96602982 0.25611964
0.88651764 0.08326003 -0.45514211 0.00758434 0.98092949 0.19421595
0.86672556 0.08969520 -0.49065423 -0.09807645 0.99514109 0.00867005
0.88066041 0.04302213 -0.47179058 -0.27058819 0.86312252 -0.42638198
0.87045950 -0.02435477 -0.49163729 -0.09418702 0.97208023 -0.21491608
0.87050468 -0.02507880 -0.49152076 -0.07856704 0.97881216 -0.18908745
0.90390509 -0.01997735 -0.42726636 -0.13485245 0.93465579 -0.32898861
0.86566359 -0.10613961 -0.48924533 -0.20961106 0.81063634 -0.54674667
0.88195425 -0.07857938 -0.46473861 -0.22728384 0.79289055 -0.56539059
0.82061589 -0.13603862 -0.55505234 -0.28863469 0.73960942 -0.60800332
0.86946398 -0.06648362 -0.48950225 -0.21583265 0.84019595 -0.49748075
0.87680000 -0.04786417 -0.47846714 -0.08896660 0.96170694 -0.25923875
0.83416170 -0.06592537 -0.54756564 -0.14252217 0.93334019 -0.32948989
0.84617096 -0.05929974 -0.52960199 -0.14362338 0.93164176 -0.33379036
0.68309999 -0.22643644 -0.69433492 -0.19503729 0.85963064 -0.47222409
0.45882067 -0.33128527 -0.82445967 -0.18693323 0.87113482 -0.45407063
0.45679343 -0.33293548 -0.82492048 -0.18949555 0.86962026 -0.45590794
0.79407412 -0.14464103 -0.59036040 -0.10440170 0.92438143 -0.36690503
0.85217369 -0.10066494 -0.51348484 -0.15053464 0.89267087 -0.42482716
0.80141175 -0.17907761 -0.57067549 -0.26492631 0.74914372 -0.60712248
0.79801017 -0.18240727 -0.57437575 -0.06137668 0.92353714 -0.37856591
0.75775719 -0.25565547 -0.60037023 -0.22955853 0.75680310 -0.61200655
0.78957343 -0.22667448 -0.57025659 -0.31001991 0.65462285 -0.68946111
0.83874428 -0.13293321 -0.52805007 -0.33604586 0.63668501 -0.69405007
0.88566285 -0.03797011 -0.46277374 -0.35840046 0.57775193 -0.73331571
0.84092504 -0.14722455 -0.52074003 -0.25819287 0.73653555 -0.62518138
0.89650172 -0.05243753 -0.43992615 -0.27280331 0.71706432 -0.64140254
0.97114456 0.17291547 -0.16425122 -0.23703867 0.77573258 -0.58485186
0.97046286 0.23659906 -0.04714631 -0.24035300 0.93136692 -0.27347061
0.97025573 0.24160433 -0.01520555 -0.20746890 0.79751861 -0.56649864
0.97667903 0.15617883 -0.14733024 -0.21152270 0.81761771 -0.53549927
0.95848674 0.27921951 -0.05778956 -0.21437380 0.57202655 -0.79172570
0.76564604 -0.26468268 -0.58628422 -0.36739919 0.56820297 -0.73631740
0.84760278 -0.12618735 -0.51540887 -0.28499168 0.71107566 -0.64276832
0.84291327 -0.15718275 -0.51457828 -0.21046565 0.78385228 -0.58419162
0.88915300 -0.02995195 -0.45662880 -0.14578407 0.92732394 -0.34469900
0.92482704 0.03106982 -0.37911692 -0.07026398 0.99346137 -0.08998640
0.92249775 0.03367178 -0.38453117 -0.05960192 0.99666637 -0.05571228
0.91466749 0.02645608 -0.40334034 -0.13006733 0.96404701 -0.23172356
0.86875105 0.01463146 -0.49503279 -0.05206783 0.99672234 -0.06191606
0.87057132 0.01545809 -0.49179944 -0.05007247 0.99710077 -0.05729648
0.88555115 0.02255138 -0.46399435 -0.09756877 0.98557091 -0.13831234
0.90749055 0.03541677 -0.41857693 0.01177302 0.99390376 0.10962087
0.93267214 0.03296813 -0.35921553 -0.01321817 0.99826956 0.05729949
0.90895945 0.08006450 -0.40912402 -0.13648479 0.98445153 -0.11057660
0.93636531 0.04953701 -0.34751415 -0.04651268 0.99877226 0.01704488
0.93232113 0.05992344 -0.35663220 0.01004583 0.98150355 0.19118020
0.89402169 0.12587486 -0.42997766 -0.00771149 0.96390194 0.26614588
0.90765280 0.11492099 -0.40368259 0.01021624 0.95545191 0.29497010
-0.03370779 0.81189978 0.58282292 -0.91853923 -0.25499597 0.30209732
-0.03067088 0.80328351 0.59480661 -0.89436024 -0.28776455 0.34250751
0.09146263 0.63856941 0.76410973 -0.91481698 -0.24923721 0.31779051
0.08660698 0.57649964 0.81249452 -0.97161239 -0.13134909 0.19676581
0.10789610 0.51316786 0.85147947 -0.97556430 -0.11023819 0.19005775
-0.93988514 -0.25617185 0.22581397 -0.19430661 -0.14260378 -0.97052002
-0.91110086 -0.33824119 0.23555909 -0.08902845 -0.39651269 -0.91370219
-0.86866224 -0.43007797 0.24588393 -0.08907247 -0.35265297 -0.93150526
-0.82210881 -0.49318525 0.28443873 0.00025885 -0.49992597 -0.86606812
-0.81024271 -0.55101562 0.19972108 0.07509284 -0.43555576 -0.89702415
0.75108647 0.63675320 -0.17439765 -0.34781420 0.60616463 0.71525502
0.87455148 0.41036353 -0.25838262 -0.27441859 0.85809904 0.43400514
-0.62933671 -0.76823461 0.11726359 0.28842825 -0.37101546 -0.88269854
-0.61711550 -0.77813756 0.11692055 0.15189949 -0.26360080 -0.95259708
-0.42154533 -0.89819032 0.12471454 0.05981932 -0.16477571 -0.98451543
-0.51928663 -0.85242736 -0.06090160 0.29959446 -0.11484105 -0.94712973
-0.38927713 -0.91236347 -0.12671317 0.38307649 -0.03525035 -0.92304385
0.73044467 0.19046415 -0.65587658 0.06375300 0.93711925 0.34313717
0.94514865 0.13173428 -0.29889831 -0.05745075 0.96784574 0.24489594
0.93916416 0.13319418 -0.31659132 -0.06397902 0.97345543 0.21975264
-0.06437591 0.97288752 0.22213879 -0.97923881 -0.10446188 0.17372142
-0.06091806 0.97185200 0.22758003 -0.99312878 -0.08184039 0.08365095
-0.05858535 0.97711504 0.20448458 -0.99805474 -0.06170502 0.00890786
-0.05932524 0.99190068 0.11230983 -0.99796057 -0.06158806 0.01678394
-0.05579542 0.99148917 0.11762703 -0.99688518 -0.06189728 0.04887360
0.94663215 0.06774593 0.31511596 -0.14519042 0.96248007 0.22924197
-0.05728131 0.96102339 0.27046794 -0.99532616 -0.07606915 0.05949181
-0.05705013 0.94953084 0.30844203 -0.99533081 -0.07818703 0.05659817
-0.06869470 0.99727142 0.02703532 -0.99763656 -0.06862690 -0.00342916
-0.05964639 0.96167636 0.26762104 -0.98606116 -0.09847949 0.13410905
-0.05751780 0.96884954 0.24087825 -0.99170053 -0.08323668 0.09798883
-0.05911647 0.96312022 0.26249707 -0.98400789 -0.10048401 0.14707631
0.70106381 0.19463938 -0.68602127 0.07115920 0.93813175 0.33888829
0.82276452 0.16520527 -0.54384351 -0.01617365 0.96324438 0.26813948
0.62397653 0.19833350 -0.75585520 -0.00442017 0.96813595 0.25038621
-0.12088256 -0.95450085 -0.27260876 0.21039671 0.24374719 -0.94674212
-0.12884319 -0.95323676 -0.27338463 0.20257470 0.24456933 -0.94823486
-0.03221266 -0.96424586 -0.26304430 -0.01117214 0.26351184 -0.96459144
-0.29694486 -0.94438589 -0.14127666 0.22852138 0.07336930 -0.97077030
-0.27422029 -0.95181519 -0.13729918 -0.05199398 0.15723753 -0.98619115
-0.30779719 -0.94208145 -0.13320452 0.07389844 0.11590748 -0.99050719
-0.33432379 0.22550130 -0.91508299 0.40504771 0.91108680 0.07653311
-0.57775301 -0.81489229 -0.04639040 -0.00591576 0.06101543 -0.99811929
0.13682760 0.22898038 -0.96376669 0.00335485 0.97280443 0.23160392
0.48018470 0.21502741 -0.85040337 -0.04409487 0.97417969 0.22142625
0.47266242 0.24355364 -0.84691912 0.15626231 0.92265671 0.35254335
0.48922518 0.23740952 -0.83922315 0.15578187 0.92297733 0.35191599
-0.35895875 -0.92589766 -0.11773793 0.34947091 -0.01636060 -0.93680441
-0.64834630 -0.75278389 0.11385748 0.02647484 -0.17174916 -0.98478496
-0.72403461 -0.67000312 0.16391987 -0.03794469 -0.19859767 -0.97934628
-0.63399607 -0.76735747 0.09597674 -0.20032385 0.04308844 -0.97878176
-0.42145613 0.30325407 -0.85464126 0.53368604 0.84488976 0.03661302
-0.72226077 -0.67600167 0.14615452 -0.38689816 0.21975073 -0.89555544
-0.79054654 -0.58018237 0.19602223 -0.21699829 -0.03393508 -0.97558200
-0.84135222 -0.48589560 0.23671074 -0.35980201 0.17670313 -0.91614330
-0.81962633 -0.53279024 0.21058778 -0.38848400 0.24671885 -0.88781190
-0.78619725 -0.58940220 0.18573876 0.00033802 -0.30097014 -0.95363355
0.01704476 0.73214436 0.68093628 -0.96560711 -0.16466421 0.20121786
0.88080484 0.22903393 -0.41439876 0.02314396 0.85334742 0.52082878
-0.76710331 -0.37037796 0.52380598 -0.16216040 -0.67803895 -0.71691507
0.60505271 0.78862149 -0.10948685 -0.43773478 0.44435772 0.78162307
0.92000967 0.15819798 -0.35854653 -0.06573031 0.96423250 0.25677875
-0.05871944 0.96649754 0.24986896 -0.99420315 -0.07920140 0.07271375
0.98191613 0.11395091 -0.15118183 -0.11397482 0.99344701 0.00853594
0.94428939 0.11676247 -0.30770788 -0.16778581 0.97511917 -0.14488101
0.98796040 0.10245750 0.11591700 -0.07859440 0.97777259 -0.19438031
0.97087157 0.09846618 0.21843271 -0.08198899 0.99314779 -0.08327825
0.98672098 0.13025513 0.09703297 -0.13102902 0.99137723 0.00161943
-0.11983625 0.98622853 0.11398465 -0.98714650 -0.10613818 -0.11948480
-0.16611551 0.88941753 0.42584282 -0.92053056 0.01498450 -0.39038315
-0.11523875 0.95310551 0.27983925 -0.96960562 -0.04671747 -0.24017173
-0.10063008 0.88353425 0.45742854 -0.99419743 -0.10686523 -0.01230156
-0.05244165 0.96297735 0.26443258 -0.99848950 -0.04621708 -0.02971058
-0.00479403 0.89117795 0.45362866 -0.95711261 -0.13549772 0.25607765
-0.02863538 0.93077809 0.36446154 -0.98973435 -0.07747547 0.12009788
0.85799336 0.15582860 -0.48945361 -0.02690312 0.96519810 0.26013243
0.49683827 0.21069795 -0.84187776 -0.08734122 0.97729498 0.19304417
-0.01714028 0.92453474 0.38071230 -0.95666224 -0.12586816 0.26259205
0.02133213 0.85457802 0.51888484 -0.92075437 -0.18543540 0.34325659
0.86635423 0.11190169 -0.48673245 0.14340600 0.87779731 0.45706305
0.80620873 0.07397599 -0.58698821 -0.01213625 0.99401116 0.10860285
-0.68037540 -0.70356822 0.20513706 -0.07463019 -0.21194093 -0.97442877
-0.49204728 -0.85228360 0.17748848 -0.23300269 -0.06751101 -0.97012991
-0.26624390 -0.95371902 0.13976493 -0.19045269 -0.09009036 -0.97755384
-0.28702125 -0.06259000 -0.95587724 0.19021618 0.97426814 -0.12091042
-0.35681725 -0.92136496 0.15416889 -0.33605468 -0.02738472 -0.94144428
-0.39042842 -0.90692043 0.15830687 -0.08709278 -0.13479838 -0.98703808
-0.59711504 -0.77427131 0.20966069 0.10582750 -0.33512533 -0.93621129
0.23573329 -0.11737025 -0.96470416 0.22527663 0.97224033 -0.06323896
-0.23063453 -0.97072107 0.06714440 -0.07276231 -0.05160619 -0.99601328
-0.30750096 -0.06061345 -0.94961530 0.12130544 0.98732948 -0.10230143
-0.61922926 -0.02730011 -0.78473556 0.06552521 0.99411297 -0.08628961
0.40291438 -0.13447085 -0.90530527 0.00138356 0.98923606 -0.14632191
