0.05974856 0.95851427 0.27871227 -0.97864741 0.11125877 -0.17283186
0.91658455 -0.16791759 0.36287248 0.06489190 0.95798224 0.27939057
0.01741599 0.95024681 0.31101081 -0.98967898 0.06063525 -0.12984185
-0.32140002 0.88969344 0.32426479 -0.94206303 -0.26569089 -0.20475751
-0.33256355 0.87952906 0.34033838 -0.94188601 -0.29159927 -0.16679540
0.94683129 0.09156460 -0.30842581 0.00834081 0.95133817 0.30803597
0.09416331 0.94841504 0.30272466 -0.95887220 0.00461514 0.28380081
0.11708236 0.95405060 0.27582461 -0.98930717 0.08772319 0.11651628
0.25247821 0.93501931 0.24898537 -0.96757412 0.24199361 0.07238445
0.94035167 -0.30944142 0.14136747 0.26587743 0.92769754 0.26208118
0.21890415 0.94228202 0.25334874 -0.95731014 0.25763702 -0.13107455
0.89481121 -0.28633213 0.34253001 0.19403762 0.94041532 0.27922830
0.94198167 -0.24020037 0.23446611 0.18796009 0.95619041 0.22443479
0.85667127 -0.30796432 0.41385064 0.22516266 0.94502085 0.23714426
0.77928728 -0.35534617 0.51617873 0.26976037 0.93368548 0.23550120
0.61860532 -0.35719514 0.69981360 0.26515895 0.93334121 0.24200186
0.52839899 -0.34449250 0.77596360 0.25027344 0.93656719 0.24536738
0.48178846 -0.31061143 0.81939030 0.19145127 0.94979131 0.24747305
0.61767960 -0.30346760 0.72552007 0.17094126 0.95230013 0.25279152
0.66080046 -0.26130536 0.70360661 0.12557843 0.96271706 0.23959529
0.44687808 -0.26967463 0.85298043 -0.03216797 0.94802177 0.31657541
0.51951241 -0.21175867 0.82780743 -0.03781420 0.96215749 0.26985765
0.54890949 -0.16627875 0.81917632 -0.08765016 0.96316183 0.25423753
0.26537597 -0.30850637 0.91345471 0.27525645 0.93223614 0.23488234
0.26554084 -0.30943495 0.91309261 0.29089087 0.92866999 0.23011859
0.18717232 -0.29165444 0.93803209 0.31808931 0.92145383 0.22302926
0.20579076 -0.29740828 0.93230820 0.32791415 0.91857886 0.22064726
0.44306731 -0.35921529 0.82137430 0.31443843 0.92027599 0.23285338
0.61623019 -0.39898589 0.67902178 0.33617288 0.91294312 0.23134984
0.76432061 -0.40475109 0.50198662 0.31194866 0.91340214 0.26150444
0.90641963 -0.38089147 0.18255195 0.34036842 0.91460431 0.21828505
0.29334012 0.92252147 0.25081006 -0.93615443 0.33037570 -0.12027831
0.28692910 0.91759980 0.27510431 -0.95777398 0.28032508 0.06392828
0.28942820 0.92010510 0.26388997 -0.95514446 0.25955793 0.14257899
0.27881551 0.92036366 0.27421272 -0.92950714 0.18685025 0.31796777
0.30462095 0.90413904 0.29956421 -0.92784625 0.21062851 0.30779365
0.31314200 0.90784293 0.27886063 -0.94412839 0.26580328 0.19485937
0.32983410 0.89050210 0.31339350 -0.92520261 0.23893687 0.29480380
0.35427865 0.89344621 0.27611676 -0.93334967 0.35609668 0.04531629
0.35678315 0.89737415 0.25966415 -0.92704493 0.37440884 -0.02014449
0.38215756 0.85392034 0.35323581 -0.90338618 0.42569596 -0.05173465
0.38522038 0.86549515 0.32019284 -0.91529095 0.40258443 0.01297303
0.38990161 0.87025595 0.30105028 -0.90707713 0.41930729 -0.03731543
0.83804780 -0.49996293 0.21843307 0.43250024 0.85282087 0.29264346
0.66977102 -0.52271503 0.52742368 0.43372446 0.85190028 0.29351160
0.62586755 -0.51642323 0.58446300 0.42012063 0.85459667 0.30522662
0.68712425 -0.52963156 0.49734360 0.46070006 0.84693873 0.26542470
0.72568405 -0.52888352 0.44007376 0.46401334 0.84847069 0.25453705
0.72263253 -0.50027257 0.47700062 0.44561511 0.86469495 0.23179685
0.55080152 -0.47678787 0.68504822 0.41463733 0.86863983 0.27118397
0.26551211 -0.40404570 0.87535733 0.30721766 0.89607286 0.32042274
0.42800340 -0.43545547 0.79195440 0.39783823 0.87758309 0.26753092
0.64143479 -0.47596940 0.60167646 0.46014947 0.86623102 0.19469534
0.74301416 -0.47172615 0.47476774 0.37674192 0.88110727 0.28585923
0.35218698 0.88804471 0.29553521 -0.91538966 0.39262500 -0.08892400
0.35452276 0.89599091 0.26742107 -0.91416299 0.39223498 -0.10226332
0.69003409 -0.45507696 0.56281257 0.35963127 0.89039749 0.27902994
0.66566741 -0.44730717 0.59733003 0.36771590 0.89313310 0.25903329
0.67143220 -0.43323338 0.60123855 0.35937008 0.89988524 0.24710278
0.45439512 -0.39287433 0.79948419 0.29944921 0.91262847 0.27827951
0.34320000 -0.37592176 0.86075354 0.36725959 0.89716452 0.24538980
0.47163928 -0.42334330 0.77352238 0.38013017 0.88913321 0.25483975
0.57802063 -0.45573047 0.67690617 0.49923652 0.85365868 0.14842422
0.56845737 -0.46078634 0.68156600 0.29954883 0.88749647 0.35017228
0.26263279 -0.36067060 0.89495295 0.47911003 0.85383874 0.20350178
0.37495375 0.89785802 0.23078310 -0.15363675 0.30568662 -0.93965501
0.40505582 0.88437492 0.23197158 -0.10567168 0.29730043 -0.94891834
0.42113143 0.87526429 0.23782511 -0.12269792 0.31477726 -0.94120163
0.41864920 0.87614566 0.23895946 -0.10732096 0.30901524 -0.94498247
0.45184070 0.84296727 0.29196963 0.10715906 0.27362823 -0.95584756
0.47021353 0.83322042 0.29093471 0.05377254 0.30199096 -0.95179307
0.22601074 -0.40324479 0.88674277 0.47552058 0.84014046 0.26085293
0.22063532 -0.39235741 0.89295900 0.47674549 0.84208387 0.25220749
0.24272601 -0.40983233 0.87927330 0.48405153 0.83664995 0.25634164
0.53032571 0.78940779 0.30917627 -0.14623454 0.44439244 -0.88381606
0.54923916 0.77867925 0.30330670 -0.00373664 0.36523721 -0.93090701
0.49234486 0.81089979 0.31628802 0.15573440 0.27544868 -0.94861734
0.37129128 0.90010053 0.22795135 -0.11980148 0.28988817 -0.94953275
0.32180932 0.91794783 0.23197094 -0.09010077 0.27358314 -0.95761901
0.34598786 0.91042179 0.22676989 -0.15904483 0.29511043 -0.94213301
0.35180065 0.90921378 0.22263582 -0.15984520 0.29269645 -0.94275039
0.64311910 -0.45461199 0.61621904 0.37200868 0.88885057 0.26749626
0.58791101 -0.46604139 0.66118538 0.33976352 0.88403338 0.32100746
0.38750100 -0.41097310 0.82519329 0.41690683 0.87648767 0.24074490
0.31256589 -0.41821900 0.85287482 0.42488849 0.86458838 0.26824763
0.35943505 0.90008330 0.24628530 -0.93245852 0.35673177 0.05712857
0.35463351 0.89431304 0.27283570 -0.91684020 0.38984901 -0.08615001
0.34602618 0.89615673 0.27779317 -0.91523540 0.38755482 -0.11020606
0.33595714 0.90001154 0.27769074 -0.91878825 0.37803444 -0.11365840
0.25277635 0.92217970 0.29272628 -0.92676783 0.14389178 0.34698233
0.24556650 0.91361457 0.32404569 -0.93363428 0.13296624 0.33263651
0.83144325 -0.15402052 -0.53383499 0.28942436 0.94021851 0.17950673
0.78395629 -0.17788342 -0.59478575 0.32149467 0.93592298 0.14383768
0.77669489 -0.19524521 -0.59885257 0.33785155 0.93154389 0.13447070
0.80489779 -0.24156065 -0.54202211 0.38540843 0.90733087 0.16796175
0.82923341 -0.22380473 -0.51213622 0.35895562 0.91562045 0.18108037
0.71433365 -0.32944986 -0.61740607 0.51110852 0.84824800 0.13872044
0.64915854 0.73523843 0.19498128 -0.60000402 0.33739296 0.72536981
0.35791349 0.60170192 0.71403974 -0.91076607 0.05631959 0.40906391
0.36239749 0.62579757 0.69068480 -0.93201095 0.24719127 0.26505107
0.35739577 0.68637556 0.63336951 -0.93368506 0.24633533 0.25990608
0.52285814 0.35825688 0.77348012 -0.82644373 0.43534952 0.35701758
-0.57170975 0.57980025 0.58049947 -0.70420110 0.01629493 -0.70981354
-0.42712972 0.78650481 0.44606110 -0.74947214 -0.03198748 -0.66126269
-0.35792732 0.84105021 0.40561393 -0.62914652 0.10376070 -0.77033013
-0.30536315 0.82865894 0.46912429 -0.53986812 0.25516927 -0.80214161
0.26613116 -0.30754226 0.91356003 -0.02590222 0.94511467 0.32571051
-0.30000073 0.83101797 0.46841082 -0.55660403 0.24628879 -0.79343170
-0.56615561 0.63416380 0.52659678 -0.30903572 0.42895010 -0.84882200
-0.57835770 0.55766249 0.59541154 -0.46178913 0.37786910 -0.80247474
-0.79480684 0.20399617 0.57154852 -0.34331742 0.62546313 -0.70066327
0.43486673 -0.30318394 0.84792125 -0.88659686 0.02064047 0.46208221
0.50841206 0.07940505 0.85744506 -0.85833156 0.12671116 0.49720341
0.60678953 -0.25472718 -0.75294131 0.47951454 0.87278557 0.09116542
0.29590949 0.91202164 0.28399676 -0.95069224 0.25228974 0.18037225
0.90257084 -0.38422012 0.19426991 0.33358273 0.90933925 0.24864580
0.64219588 -0.40767819 0.64914018 0.36914325 0.90665895 0.20421287
0.33491787 0.91481930 0.22568956 -0.17986780 0.29719022 -0.93772358
0.45243543 -0.34628516 0.82182044 0.32343864 0.92250478 0.21064772
0.77175814 -0.38440654 0.50657785 0.29466015 0.92210060 0.25081062
0.28877917 0.93491542 0.20625162 -0.95522588 0.29585534 -0.00363841
0.85793149 -0.16884057 -0.48522827 0.29700011 0.93364304 0.20025404
-0.42776933 0.74219841 0.51590210 -0.90187603 -0.31240621 -0.29836565
-0.36712193 0.85037398 0.37694246 -0.85913295 -0.15466906 -0.48781979
-0.37077188 0.84819537 0.37827620 -0.86940783 -0.17376561 -0.46253175
-0.34830618 0.85766584 0.37827519 -0.88199717 -0.16320115 -0.44209331
0.11946981 0.95325702 0.27753931 -0.99214625 0.10419501 0.06920421
0.12247875 0.95722121 0.26215735 -0.97255081 0.16841488 -0.16056561
