0.06784617 -0.93123829 0.35803938 -0.98726243 -0.11442810 -0.11054047
0.03458875 -0.80419606 0.59335685 -0.98738497 -0.11928990 -0.10411955
0.02700218 -0.72764522 0.68542206 -0.93999988 -0.25176793 -0.23024601
0.14674804 -0.89319468 0.42505097 -0.92574590 -0.27540740 -0.25912428
0.13840993 -0.88079613 0.45281437 -0.92147243 -0.28208980 -0.26704684
0.03943197 -0.78894496 0.61319739 -0.90103781 -0.29335433 -0.31949049
-0.03427590 -0.68014371 0.73227715 -0.85050279 -0.36493883 -0.37876725
0.08609796 -0.84887373 0.52153683 -0.90901369 -0.28119105 -0.30761290
0.11705772 -0.87348187 0.47257486 -0.93521154 -0.25707138 -0.24350309
0.07880533 -0.81018382 0.58085448 -0.94367629 -0.24845032 -0.21851210
-0.82790834 -0.52135009 -0.20678966 0.00658123 0.35964304 -0.93306673
0.08687612 -0.85051376 0.51872820 -0.91523993 -0.27377686 -0.29560471
-0.95138431 -0.20423867 -0.23055257 -0.15574090 0.96478111 -0.21199588
0.08783319 -0.81498605 0.57278538 -0.96927124 -0.20256022 -0.13958032
-0.96212441 -0.20299451 -0.18196113 -0.17564347 0.97206229 -0.15570600
-0.83083504 -0.51919931 -0.20036262 0.02650641 0.32270178 -0.94612950
-0.83473086 -0.51241720 -0.20162603 0.02126263 0.33588833 -0.94166183
0.15346666 -0.97274953 0.17379954 -0.98151642 -0.17041099 -0.08709546
-0.95686507 -0.20311184 -0.20773762 -0.16952290 0.97100747 -0.16854231
-0.97010899 -0.18664186 -0.15509181 -0.17402287 0.98048854 -0.09142371
-0.85077226 -0.48715392 -0.19714886 -0.02674308 0.41478541 -0.90952617
-0.82723027 -0.53318095 -0.17722371 0.23718305 -0.04543828 -0.97040176
-0.00983951 -0.52434587 0.85144860 -0.98631680 -0.13504477 -0.09456242
0.15454824 -0.97483504 0.16065954 -0.98073357 -0.17103794 -0.09438054
-0.97571886 -0.18491414 -0.11738627 -0.19476113 0.97768408 0.07875270
0.07579450 -0.98765522 0.13708542 -0.99123913 -0.08954564 -0.09709079
-0.97943115 -0.17191097 -0.10564698 -0.17927723 0.98167253 0.06464369
-0.88479590 -0.43673566 -0.16247536 0.07114718 0.21797173 -0.97335833
-0.88376373 -0.43771771 -0.16542348 0.05737821 0.24948156 -0.96667814
-0.84041202 -0.51529837 -0.16785495 0.09918931 0.15824188 -0.98240578
-0.01747192 -0.44405043 0.89583147 -0.99502963 -0.08012743 -0.05912463
-0.98108059 -0.18631521 -0.05260811 -0.18580189 0.98247981 -0.01452820
-0.97407866 -0.18374847 -0.13193673 -0.19403946 0.97850657 0.06981102
-0.97482502 -0.19071680 -0.11551332 -0.19076303 0.98157722 -0.01075803
0.02030381 -0.89105409 0.45344281 -0.99788260 -0.04609117 -0.04589092
-0.97726166 -0.17765753 -0.11574770 -0.18025924 0.98354191 0.01232716
-0.96695209 -0.22340383 -0.12285928 0.15561034 -0.13540806 -0.97849381
-0.85696131 -0.48920694 -0.16215390 0.03319354 0.26158577 -0.96460927
-0.83861172 -0.51899731 -0.16544533 0.29948151 -0.18557222 -0.93588132
-0.02976758 -0.48224396 0.87553108 -0.97398096 0.21087095 0.08303324
0.09188638 -0.98837858 -0.12109768 -0.99250484 -0.08106576 -0.09144703
-0.97565722 -0.18687132 -0.11476982 -0.19541213 0.97834504 0.06822918
0.02731374 -0.89028382 0.45458636 -0.99740189 -0.05459724 -0.04699717
0.03693859 -0.99137878 -0.12571281 -0.99871749 -0.03226419 -0.03901892
-0.95520312 -0.27224499 -0.11605927 0.10454009 0.05649311 -0.99291486
-0.96337086 -0.24168780 -0.11620494 0.14775109 -0.11673284 -0.98211157
-0.36728933 0.41412649 0.83282518 -0.84794009 -0.51705337 -0.11684794
-0.38518476 0.44663697 0.80755693 -0.88589031 -0.42409584 -0.18799241
-0.02450683 -0.45583206 0.88972843 -0.97057045 0.22412670 0.08809263
0.04122267 -0.19096851 0.98073024 -0.99639225 0.06502167 0.05454205
0.09204985 -0.98274529 -0.16043235 -0.99405700 -0.08128887 -0.07240769
0.02853185 -0.95530260 0.29424971 -0.98711640 -0.07329154 -0.14223072
-0.99863261 -0.04178223 -0.03142107 -0.04105094 0.99887908 -0.02356969
-0.99927658 -0.00364893 -0.03785634 -0.00467136 0.99962574 0.02695481
0.04068008 -0.89507037 -0.44406554 -0.99534655 0.00255242 -0.09632672
-0.07100661 -0.29975405 0.95137042 -0.99693400 -0.01010633 -0.07759156
-0.95524955 -0.27156711 -0.11725917 0.11932019 0.00897068 -0.99281538
-0.40765494 0.53625172 0.73908830 -0.88048583 -0.44534412 -0.16252171
-0.13123415 -0.68354553 0.71801335 -0.94060993 0.31460401 0.12758258
-0.89195013 0.42738438 0.14753878 -0.12594104 0.07855076 -0.98892295
0.01110040 -0.99646026 -0.08332922 -0.99895722 -0.00736012 -0.04505925
0.01805762 -0.91455805 0.40405139 -0.99140161 0.03600521 0.12580383
0.00014887 -0.99265075 0.12101443 -0.99857479 0.00631104 0.05299629
-0.99515837 0.09554028 -0.02306315 0.09543458 0.99541974 0.00564410
-0.07109117 -0.29113960 0.95403558 -0.99720979 -0.00109399 -0.07464220
-0.22470172 0.17577440 0.95844281 -0.95047712 -0.25627193 -0.17583500
-0.39307675 0.51029104 0.76491427 -0.88724899 -0.42889559 -0.16981702
-0.84049302 0.49827343 0.21282643 -0.00890251 0.38004452 -0.92492539
-0.94055420 0.30709556 0.14508668 -0.03816853 0.32889861 -0.94359356
-0.85573864 0.48846674 0.17062186 -0.03456810 0.27505165 -0.96080780
-0.01410388 -0.99834657 -0.05572536 -0.99900180 0.01643168 -0.04153769
0.02902587 -0.82389891 0.56599301 -0.98099655 0.08519304 0.17432144
-0.01571105 -0.98035711 0.19660391 -0.99242824 0.03924523 0.11638761
0.00975795 -0.96571577 0.25941825 -0.99382198 0.01931698 0.10929213
0.04703752 -0.89247668 0.44863442 -0.99401075 0.00253113 0.10925326
-0.95398939 0.27889612 -0.11009653 0.27660584 0.96031398 0.03586645
-0.07469247 -0.38814512 0.91856647 -0.99155903 0.12680426 -0.02704598
-0.39421737 0.51741070 0.75952548 -0.90823883 -0.34554702 -0.23600766
-0.43157431 0.68426472 0.58781409 -0.88897830 -0.43325812 -0.14834097
-0.84816509 0.48688638 0.20870474 0.02986925 0.43731117 -0.89881414
-0.83068055 0.51952642 0.20015527 -0.09802721 0.21741065 -0.97114533
-0.84013742 0.50677437 0.19325863 -0.06471919 0.26010412 -0.96340919
-0.82121778 0.54437554 0.17104584 -0.19677451 0.01119821 -0.98038483
-0.01484521 -0.98766696 -0.15586403 -0.99475110 0.03037182 -0.09771311
0.01010334 -0.87426597 0.48534214 -0.98452371 0.07622696 0.15780543
0.02665137 -0.83496642 0.54965514 -0.98037273 0.08561604 0.17759280
0.03102216 -0.89967781 0.43545082 -0.98719192 0.04063128 0.15427668
0.01246464 -0.95605808 0.29291227 -0.98689610 0.03536702 0.15743361
0.07209300 -0.95399284 0.29103309 -0.97638601 -0.12708129 -0.17470190
-0.93348902 0.33973715 -0.11479057 0.34343579 0.93907863 -0.01353498
-0.36216694 0.33376360 0.87030852 -0.92441732 -0.24834561 -0.28944290
-0.44775376 0.69781369 0.55908197 -0.86761224 -0.49028108 -0.08290696
-0.41329551 0.60770440 0.67814618 -0.89775747 -0.39655140 -0.19177745
-0.16745837 -0.60848296 0.77569723 -0.83956373 0.50046867 0.21133853
-0.81686229 0.53886861 0.20580724 -0.12827352 0.17815991 -0.97560495
-0.01400921 -0.98024607 -0.19728523 -0.99637049 0.03025309 -0.07956558
0.01325660 -0.64975500 0.76002812 -0.98560035 0.11965048 0.11948137
-0.93379200 0.34677613 -0.08819761 0.33959049 0.93654889 0.08691692
-0.91709536 0.38344473 -0.10911581 0.37734237 0.92320979 0.07277619
-0.43474647 0.84899652 0.30033407 -0.90053064 -0.41219467 -0.13834818
-0.43250740 0.63959867 0.63549268 -0.86567509 -0.49163365 -0.09435606
-0.41440085 0.77085096 0.48379835 -0.90944445 -0.33065858 -0.25214237
-0.23779060 -0.72818637 0.64280659 -0.87785941 0.44435638 0.17863470
-0.84949738 0.48599401 0.20533906 -0.16131775 0.13129640 -0.97812980
-0.01018031 -0.97637582 -0.21583953 -0.99745446 0.02515017 -0.06672373
-0.94157529 0.33522716 0.03253937 0.07565938 0.30466938 -0.94944841
-0.01561245 -0.64437425 0.76455092 -0.98240298 0.15221862 0.10823094
-0.65437365 0.73300499 -0.18573856 0.69423544 0.67972946 0.23665394
-0.43210053 0.77144206 0.46708271 -0.89231175 -0.44076207 -0.09751175
-0.28691635 0.35613602 0.88929534 -0.86047369 -0.50381672 -0.07585410
-0.07738061 -0.48580199 0.87063694 -0.90911627 0.39287236 0.13841611
-0.85190487 0.48104599 0.20700927 -0.17784344 0.10605457 -0.97832727
-0.04658492 -0.98112488 -0.18768038 -0.99077892 0.06931278 -0.11641672
-0.06386471 -0.27329117 0.95980901 -0.96833867 0.24955226 0.00662399
-0.97472882 0.22333455 -0.00503779 -0.01232198 -0.07626818 -0.99701124
-0.02594530 -0.26232219 0.96463156 -0.99955130 0.02125838 -0.02110351
-0.52713561 0.72186464 -0.44837439 0.73703843 0.65100169 0.18157993
-0.61932844 0.76625150 -0.17114624 0.72665411 0.64196682 0.24464764
-0.41558078 0.67780435 0.60652620 -0.90059197 -0.40003154 -0.17002660
-0.35291567 0.46730638 0.81060183 -0.86940598 -0.48397425 -0.09950977
-0.32820913 0.41883817 0.84667200 -0.88655126 -0.44596446 -0.12305517
-0.11654860 -0.59276956 0.79689443 -0.94206190 0.32008731 0.10031697
-0.64957029 0.39817095 0.64770234 -0.70900744 -0.00962502 -0.70513535
-0.07729597 -0.97738141 -0.19685280 -0.98894244 0.10022546 -0.10930618
-0.15351258 -0.61926180 0.77003163 -0.95099813 0.30424967 0.05508870
-0.94362152 0.32531345 -0.06123416 0.12813069 0.18838163 -0.97370166
-0.95709848 0.28975916 -0.00146280 -0.00305216 -0.01512925 -0.99988091
0.00430294 0.47206342 0.88155413 -0.92796004 0.33040646 -0.17239989
-0.99183398 0.12740400 -0.00579790 0.00815035 0.01795096 -0.99980569
-0.54192746 0.73434865 -0.40871340 0.74548423 0.64456981 0.16965564
-0.41559586 0.68738735 -0.59563315 0.66523129 0.67631209 0.31633735
-0.61428189 0.76002026 -0.21219578 0.71996373 0.64989167 0.24350189
-0.62922639 0.77692455 -0.02150244 0.75448549 0.61722815 0.22311673
-0.42380160 0.76270318 0.48854488 -0.90158951 -0.40689680 -0.14687204
-0.28258196 0.30488390 0.90950167 -0.93136454 -0.31413004 -0.18407185
-0.04202769 -0.42408359 0.90464735 -0.96443778 0.25370282 0.07412624
-0.63914889 0.41286248 0.64887089 -0.72103417 -0.02813706 -0.69232804
-0.95364970 0.26988187 0.13310157 -0.14969921 -0.04178286 -0.98784840
-0.08915373 -0.96552402 -0.24457110 -0.99492878 0.09780951 -0.02345256
-0.10412472 -0.49584538 0.86214578 -0.94094318 0.32990217 0.07609505
-0.92235488 0.38356403 -0.04626109 0.12913150 0.19321555 -0.97262162
-0.94517136 0.32014123 -0.06450372 -0.01037859 -0.22686204 -0.97387159
-0.35345769 0.64925861 -0.67344707 0.67938763 0.67304826 0.29229870
-0.54391909 0.74112356 -0.39355817 0.70581293 0.65772390 0.26311105
-0.59418941 0.76095641 -0.26054624 0.73076648 0.64607376 0.22038390
-0.09988675 -0.98142827 -0.16377200 -0.99381036 0.10644904 -0.03177354
-0.41785839 0.50204909 0.75719297 -0.90660989 -0.28433406 -0.31178960
-0.04135420 -0.41946194 0.90683049 -0.97445780 0.21744029 0.05614059
-0.58430344 0.44441938 0.67902941 -0.77614552 -0.06163070 -0.62753475
-0.56068110 0.57385844 0.59692824 -0.72124040 0.01566842 -0.69250762
-0.98404700 0.12289630 0.12863927 -0.11692239 0.09823921 -0.98827034
-0.09283268 -0.97532988 -0.20028424 -0.99270576 0.10620413 -0.05706152
-0.01674495 -0.29143223 0.95644492 -0.99352825 0.11233137 0.01683359
-0.91313183 0.40497765 -0.04672663 0.08923333 0.08671664 -0.99222863
-0.48605695 0.59814674 0.63715708 -0.80620152 -0.02548093 -0.59109211
-0.34363419 0.64199424 -0.68538964 0.66946352 0.67929232 0.30063364
-0.54199904 0.74582356 -0.38727802 0.70801401 0.65350878 0.26766115
-0.56633413 0.75958085 -0.31984794 0.70635599 0.64728862 0.28649396
-0.51406598 0.85771668 -0.00763264 0.83798790 0.50410104 0.20894599
-0.42145917 0.49275154 0.76129371 -0.90412152 -0.29336083 -0.31065050
-0.04976381 -0.48709974 0.87192738 -0.98359495 0.17546171 0.04188413
-0.35753459 0.43650448 0.82561058 -0.92940128 -0.07963932 -0.36037594
-0.55308652 0.64225799 0.53066003 -0.72601962 -0.05913898 -0.68512642
-0.09418651 -0.97296464 -0.21087603 -0.99404275 0.10357873 -0.03392058
-0.03844710 -0.49092558 0.87035280 -0.99099320 0.13054143 0.02985607
-0.01707040 -0.45296207 0.89136636 -0.98485696 -0.14621176 -0.09316067
-0.94947070 0.30733696 -0.06363479 0.14337239 0.24435848 -0.95902729
-0.49185848 0.54566395 0.67847329 -0.83099133 -0.06162889 -0.55286109
-0.43472844 0.71977973 0.54122865 -0.87278336 -0.18862569 -0.45018843
-0.35958302 0.65554631 -0.66404748 0.67957675 0.67165089 0.29506028
-0.36761042 0.66053867 -0.65463823 0.68211007 0.66998756 0.29298919
-0.50145286 0.74242395 -0.44424295 0.72898048 0.63910466 0.24521992
-0.50286317 0.86319566 -0.04496577 0.84506118 0.50189954 0.18430531
-0.42014396 0.44504279 0.79083246 -0.90716082 -0.22826551 -0.35348856
0.02564506 -0.83134550 0.55516404 -0.99152410 0.04960298 0.12008148
-0.05138439 -0.21248680 0.97581196 -0.99795288 0.04817732 -0.04205948
-0.31275794 0.09768787 0.94479603 -0.94822031 -0.09005003 -0.30458063
-0.37058094 0.64630431 0.66705370 -0.92731529 -0.29805091 -0.22638924
-0.50792062 0.72469735 0.46565047 -0.79942918 -0.19523545 -0.56815141
-0.09889445 -0.98165518 -0.16301225 -0.99444336 0.10343511 -0.01958551
0.05726232 -0.73082584 0.68015784 -0.95749217 -0.23312768 -0.16988337
0.03220270 -0.65395814 0.75584513 -0.94717181 -0.26141253 -0.18582027
-0.93002802 0.35917687 -0.07771631 -0.00308301 -0.21909796 -0.97569805
-0.43645126 0.72445863 0.53354478 -0.86162233 -0.16579376 -0.47970748
-0.43562403 0.69277954 0.57470709 -0.88992471 -0.23561077 -0.39054024
-0.42432532 0.78746057 0.44705021 -0.88301647 -0.25048408 -0.39691275
-0.42428434 0.70060575 -0.57370239 0.71708226 0.64683950 0.25959927
-0.49348605 0.85913241 -0.13551061 0.83602768 0.51152366 0.19849750
-0.09141067 -0.98578203 -0.14098901 -0.99401391 0.09883372 -0.04656409
0.02788207 -0.88510227 0.46456063 -0.99786800 0.00278933 0.06520455
-0.04787711 -0.28130999 0.95842189 -0.99266195 -0.09326848 -0.07696313
-0.05512537 -0.15608943 0.98620349 -0.99686450 0.06475732 -0.04547195
-0.31309947 0.10719307 0.94365162 -0.94819063 -0.09165554 -0.30419394
-0.38042107 0.71008229 0.59250563 -0.92208248 -0.34042835 -0.18404463
-0.46059164 0.79268408 0.39938378 -0.85184371 -0.26831198 -0.44985673
-0.43511486 0.73003435 0.52699620 -0.84830111 -0.13622512 -0.51169139
-0.42542768 0.78268194 0.45433503 -0.88496953 -0.25477034 -0.38977045
-0.43374625 0.69086260 0.57842302 -0.88935947 -0.22525316 -0.39787027
-0.40686825 0.86278266 0.30010724 -0.90772539 -0.34502062 -0.23873731
-0.41799724 0.69441122 -0.58572298 0.71668118 0.64827454 0.25711533
-0.47962672 0.86270922 -0.16028441 0.85820067 0.49927351 0.11923768
-0.06945238 -0.99156141 -0.10946392 -0.99658883 0.07386728 -0.03680184
0.04837573 -0.84095496 0.53893846 -0.99797893 -0.06295463 -0.00865415
-0.97828001 -0.19954094 -0.05614027 0.04148103 0.07690392 -0.99617529
-0.04904880 0.29942435 0.95285851 -0.99841815 0.01155358 -0.05502458
-0.38168287 0.69176930 0.61300361 -0.92151171 -0.33621809 -0.19435425
-0.30558798 0.38131309 0.87247717 -0.92650819 -0.33035624 -0.18013145
-0.48420098 0.72755736 0.48601419 -0.83570224 -0.22005244 -0.50316870
-0.45702672 0.79953188 0.38971198 -0.87608832 -0.32898110 -0.35247806
-0.40568542 0.85247636 0.32970196 -0.90495294 -0.32395920 -0.27588153
-0.41192845 0.86055481 0.29960045 -0.90463763 -0.34678045 -0.24773791
-0.41910723 0.73927748 0.52708435 -0.88291556 -0.19650066 -0.42643601
-0.40640172 0.86131120 0.30492732 -0.90672326 -0.33903256 -0.25081831
-0.40474829 0.86454040 0.29790735 -0.91089451 -0.35257503 -0.21438760
-0.43936771 0.70945805 -0.55102205 0.71260047 0.64874601 0.26707536
-0.05911061 -0.97417152 -0.21793531 -0.99613518 0.07177064 -0.05063313
-0.07168329 -0.98812199 -0.13592835 -0.99739647 0.07208686 0.00195726
0.04849626 -0.83701134 0.54503226 -0.99776250 -0.06574028 -0.01217837
-0.95877057 -0.27674478 -0.06458629 0.00912811 0.19716355 -0.98032820
-0.97528058 -0.21226756 -0.06140237 0.09708465 -0.16200049 -0.98200333
-0.40949893 0.80685294 0.42579219 -0.91216487 -0.37044948 -0.17527848
-0.39994255 0.75352734 0.52176869 -0.91161376 -0.38598803 -0.14132817
-0.30749732 0.40840703 0.85944700 -0.90500611 -0.40454438 -0.13155921
-0.45760861 0.73572451 0.49930337 -0.87418765 -0.26967490 -0.40382123
-0.44738659 0.83907247 0.30952010 -0.89259893 -0.39733270 -0.21305856
-0.45947435 0.78341085 0.41851026 -0.86993313 -0.30189094 -0.38997209
-0.45284110 0.82032353 0.34929112 -0.88696051 -0.37460399 -0.27013496
-0.41020045 0.83427018 0.36841401 -0.90639657 -0.32824373 -0.26589745
-0.41023639 0.85920763 0.30572596 -0.91040653 -0.36615244 -0.19259393
-0.40765998 0.87028575 0.27643445 -0.90363163 -0.34092811 -0.25926414
-0.41942719 0.61997396 0.66310871 -0.90666986 -0.32235500 -0.27209753
-0.44203433 0.46788657 0.76530248 -0.89699680 -0.23204550 -0.37623352
-0.40500650 0.86649686 0.29180965 -0.91338575 -0.36905906 -0.17181948
-0.40433136 0.87520295 0.26558617 -0.91179121 -0.36292490 -0.19215167
-0.40493694 0.86218035 0.30441946 -0.91191816 -0.35658234 -0.20311144
-0.65783346 -0.72932643 -0.18798462 -0.20436238 0.41307610 -0.88747072
-0.40320757 0.68159252 -0.61061889 0.73175287 0.64082736 0.23211677
-0.45180988 0.86967778 -0.19881776 0.86326957 0.48241857 0.14845215
-0.07021889 -0.99220681 -0.10293170 -0.99701178 0.06647678 0.03934992
-0.93287915 -0.35052162 -0.08289188 0.03085401 0.15152222 -0.98797226
-0.42983535 0.79253036 0.43259361 -0.90028781 -0.33972642 -0.27215400
-0.40199909 0.73343569 0.54815042 -0.90135390 -0.42231870 -0.09595867
-0.29496428 0.37996730 0.87671036 -0.90356082 -0.40933117 -0.12659338
-0.37350544 0.57754278 0.72590494 -0.89249045 -0.43707424 -0.11147600
-0.45097798 0.85330355 0.26170990 -0.89253479 -0.43140343 -0.13142617
-0.45056227 0.63811630 0.62434071 -0.88871998 -0.38693619 -0.24588081
-0.44849011 0.82504898 0.34373075 -0.89321733 -0.39999488 -0.20534603
-0.44578251 0.84027988 0.30855754 -0.89364302 -0.39782473 -0.20769632
-0.42368498 0.86406022 0.27182898 -0.89689165 -0.35817152 -0.25941965
-0.44856039 0.82091093 0.35341039 -0.89216483 -0.38771105 -0.23178035
-0.40967700 0.82540077 0.38843063 -0.91178143 -0.35713768 -0.20274957
-0.40846357 0.86377847 0.29503274 -0.91193122 -0.37228897 -0.17257561
-0.40394285 0.88024276 0.24900380 -0.91248178 -0.36841148 -0.17790474
-0.40535995 0.87529773 0.26369923 -0.91133833 -0.36429626 -0.19170468
-0.40596360 0.85989481 0.30947456 -0.91176295 -0.35800305 -0.20130119
-0.61575603 -0.76305145 -0.19646128 -0.15476306 0.36160377 -0.91939718
-0.70508051 -0.68982816 -0.16431230 -0.17229772 0.39141917 -0.90393835
-0.35464472 0.59648228 -0.72002506 0.72222102 0.66383719 0.19420868
0.41626245 -0.78851658 0.45273313 -0.89625365 -0.43970260 0.05823294
-0.06942400 -0.99098182 -0.11460954 -0.99725449 0.06597405 0.03363008
-0.93531543 -0.34365636 -0.08417514 0.04833820 0.11156256 -0.99258113
-0.43747494 0.79510832 0.42002201 -0.89665097 -0.35035482 -0.27068177
-0.39683247 0.70803601 0.58413100 -0.89680535 -0.43469402 -0.08234872
-0.25611553 0.27007544 0.92815095 -0.90175474 -0.41262305 -0.12876572
-0.32130429 0.42253864 0.84748137 -0.89092076 -0.43821299 -0.11928843
-0.44209149 0.68555903 0.57841510 -0.88612741 -0.23384608 -0.40011775
-0.44836953 0.75398189 0.48007935 -0.88084114 -0.28141329 -0.38069084
0.95019221 0.22414596 -0.21654886 -0.22218657 0.97442240 0.03367791
-0.40977880 0.82255894 0.39430723 -0.91163659 -0.35430896 -0.20828778
-0.42121255 0.78512448 0.45404807 -0.90673965 -0.35345575 -0.22998302
-0.41182825 0.85458881 0.31634718 -0.91057140 -0.37241599 -0.17934908
-0.40849060 0.85871881 0.30941480 -0.91248965 -0.37590012 -0.16143683
-0.40661475 0.87884223 0.24960142 -0.91191858 -0.37385866 -0.16921681
-0.40456176 0.87638986 0.26128641 -0.91192496 -0.36513153 -0.18727487
-0.40308872 0.87427855 0.27047479 -0.91325223 -0.36520004 -0.18055311
-0.61950713 -0.75966311 -0.19779497 -0.17578256 0.37982213 -0.90820462
-0.66350985 -0.72831243 -0.17121835 0.06010165 0.17622423 -0.98251355
-0.62067407 -0.76373869 -0.17738929 0.02192732 0.20924580 -0.97761720
-0.30908513 0.55307490 -0.77367604 0.73534286 0.65487653 0.17437816
-0.49105164 0.85265297 -0.17846920 0.85277182 0.51234502 0.10140428
-0.58542973 0.81004602 -0.03312956 0.80940413 0.58631915 0.03308991
-0.07323996 -0.99075896 -0.11416067 -0.99677777 0.06896488 0.04096328
-0.03164363 -0.54405564 0.83845222 -0.94112110 -0.26627520 -0.20829931
-0.09462084 -0.37571323 0.92189288 -0.99399894 -0.01540491 -0.10829983
-0.42320639 0.79286397 0.43847829 -0.89220619 -0.44892007 -0.04938634
-0.88114911 -0.46742687 -0.07133304 0.24128778 -0.31476045 -0.91799027
-0.45862722 0.67545277 0.57742935 -0.88804036 -0.37201792 -0.27016109
-0.41069758 0.81627393 0.40623194 -0.91174501 -0.36426792 -0.18981542
-0.41476738 0.83923095 0.35165247 -0.90988749 -0.38615271 -0.15162784
-0.40964341 0.86843717 0.27930129 -0.91204631 -0.39628738 -0.10548843
-0.40615016 0.79688978 0.44722340 -0.91311866 -0.37290299 -0.16479599
-0.40740272 0.88148361 0.23876716 -0.91180462 -0.37791377 -0.16060378
-0.60239202 -0.77624047 -0.18594256 0.01513343 0.22180352 -0.97497398
-0.67088866 -0.72252178 -0.16694535 0.25281930 -0.01121425 -0.96744853
-0.69142401 -0.70341730 -0.16473293 -0.10277199 0.32146853 -0.94132668
-0.31004575 0.55417794 -0.77250147 0.73305571 0.65675384 0.17692876
-0.46638334 0.81377172 -0.34678835 0.84655923 0.52431184 0.09184012
-0.52524483 0.84400839 -0.10847922 0.84471685 0.53254563 0.05337301
0.20601651 -0.92590350 0.31663859 -0.97660339 -0.17415333 0.12616029
-0.07050196 -0.99426681 -0.08039315 -0.99538088 0.06485756 0.07078445
-0.08320170 -0.98136538 -0.17320357 -0.99375135 0.06872999 0.08794606
-0.04997826 -0.50343770 0.86258495 -0.93465388 -0.28083953 -0.21806268
-0.10922751 -0.35852668 0.92710733 -0.96572715 -0.18265523 -0.18441311
-0.98802012 -0.12672637 -0.08807171 0.06924325 0.14598949 -0.98685986
-0.08295290 -0.50761420 0.85758191 -0.99548191 0.00231148 -0.09492362
-0.40890750 0.74637848 0.52508461 -0.89694637 -0.43474400 -0.08052905
-0.34945646 0.46020240 0.81614584 -0.92580140 -0.30358920 -0.22522295
0.45203209 0.84782326 0.27724138 -0.88734728 0.39569280 0.23673196
-0.41661400 0.85284024 0.31479576 -0.90881282 -0.39917228 -0.12132932
-0.40792578 0.82635772 0.38823897 -0.91155869 -0.39262795 -0.12208246
-0.40864289 0.88153690 0.23643959 -0.91131806 -0.37987605 -0.15872502
-0.62407070 -0.75922573 -0.18469472 -0.10853966 0.31831494 -0.94175094
-0.64411438 -0.74699557 -0.16466427 0.36370951 -0.10970774 -0.92502952
-0.72162879 -0.66866785 -0.17926300 0.26952031 -0.03284855 -0.96243435
-0.76333833 -0.63239723 -0.13186455 -0.11283306 0.33150807 -0.93668085
-0.74179578 -0.65035093 -0.16365419 -0.11262037 0.36137238 -0.92559534
0.32054648 -0.66594636 0.67362106 -0.81701338 -0.55422598 -0.15913112
0.37380996 -0.72783780 0.57490718 -0.83787048 -0.53083110 -0.12724587
0.41340184 -0.78704447 0.45788637 -0.88743299 -0.46084735 0.00908308
0.32607591 -0.88093311 0.34297439 -0.94332892 -0.32688501 0.05724340
0.18695197 -0.94223821 0.27791408 -0.96753854 -0.22557963 -0.11394361
-0.07352073 -0.99442214 -0.07562613 -0.99719554 0.07223791 0.01956428
0.12755717 -0.98063374 0.14861603 -0.99176157 -0.12788399 0.00739451
-0.07727741 -0.99218965 -0.09791835 -0.99429893 0.06945746 0.08090293
0.02874422 -0.69814098 0.71538305 -0.96730524 -0.19983938 -0.15615636
-0.10004825 -0.05466751 0.99347967 -0.99392390 -0.04055868 -0.10232478
-0.08597896 -0.42662004 0.90033495 -0.99140590 0.12607062 -0.03493787
-0.42266721 0.81000155 0.40650946 -0.89724207 -0.43719977 -0.06175090
-0.40794185 0.74873608 0.52247274 -0.89739996 -0.43418458 -0.07846783
-0.35608420 0.47801018 0.80293858 -0.91854948 -0.33690783 -0.20678495
0.45681757 0.84897888 0.26561743 -0.88495016 0.40335768 0.23273560
0.44610453 0.85208523 0.27375460 -0.87906384 0.35973850 0.31278577
-0.42162678 0.85224533 0.30969155 -0.90662920 -0.40222016 -0.12744579
-0.41827887 0.86471778 0.27803957 -0.90830559 -0.39983630 -0.12293027
-0.40975899 0.88015848 0.23962198 -0.91037959 -0.37802270 -0.16824943
-0.40961745 0.88031328 0.23929471 -0.91088653 -0.38030523 -0.16016769
-0.65390688 -0.73353642 -0.18528408 -0.06531000 0.29871276 -0.95210576
-0.60782003 -0.77985168 -0.14961977 0.22891562 0.00833748 -0.97341061
-0.61909229 -0.77049333 -0.15187074 0.29185739 -0.04620110 -0.95534533
0.61500645 0.76689011 0.18343048 -0.55996436 0.26098013 0.78633922
-0.77201515 -0.62471330 -0.11715772 -0.02569959 0.21485454 -0.97630787
0.68722910 0.66983885 0.28112647 -0.58284003 0.27742642 0.76376176
-0.79190904 -0.59700233 -0.12832941 -0.22147942 0.47665727 -0.85073191
0.35303625 -0.70428807 0.61590892 -0.88044816 -0.47277769 -0.03594937
0.13491938 -0.84525341 0.51705271 -0.98584086 -0.16694969 -0.01567690
-0.07372715 -0.99220216 -0.10049462 -0.99444419 0.06555162 0.08236325
-0.99359363 0.02833155 0.10940271 0.01603268 0.99361229 -0.11170293
0.12137531 -0.97285885 0.19701207 -0.99212432 -0.11271600 0.05462945
-0.98954052 0.06577726 0.12838626 0.07995076 0.99086946 0.10856180
-0.00707057 -0.56840521 0.82271838 -0.98118675 -0.15479277 -0.11537674
-0.42569193 0.82838762 0.36408830 -0.90007085 -0.42902350 -0.07623191
-0.42748395 0.82841957 0.36190948 -0.89871341 -0.43275744 -0.07095923
-0.40643242 0.74482417 0.52919728 -0.89826405 -0.43167892 -0.08231095
-0.40629968 0.76778889 0.49539965 -0.91053480 -0.38557521 -0.14919190
0.47783774 0.82375997 0.30510765 -0.87108839 0.39946982 0.28570771
0.44562945 0.85140294 0.27663606 -0.89509904 0.41873407 0.15316531
-0.40373427 0.83467919 0.37457880 -0.91196537 -0.39980668 -0.09205353
-0.42306387 0.85932267 0.28737003 -0.90576553 -0.40969020 -0.10836412
-0.41874832 0.87841910 0.23028180 -0.90775180 -0.39785892 -0.13302253
-0.41857278 0.87689805 0.23631896 -0.90815490 -0.40208524 -0.11654250
-0.41154018 0.87988430 0.23756771 -0.90992171 -0.38187343 -0.16191138
-0.40964767 0.87451833 0.25962773 -0.91143405 -0.38036904 -0.15686746
-0.73994488 -0.64278448 -0.19826661 0.17021781 0.10622975 -0.97966379
-0.66730815 -0.72341758 -0.17710714 -0.00723666 0.24408400 -0.96972710
0.61601424 0.76447290 0.19002017 -0.55974394 0.25506723 0.78843361
0.61691618 0.76508617 0.18454698 -0.57175070 0.27453539 0.77313095
-0.82188296 -0.56297088 -0.08701839 -0.01359542 0.17209727 -0.98498619
0.68461275 0.67402792 0.27747393 -0.56901300 0.25628501 0.78137201
-0.82086450 -0.56371808 -0.09166998 -0.02556177 0.19661057 -0.98014843
0.26371446 -0.55669636 0.78774607 -0.88333911 -0.46745351 -0.03463088
0.18828757 -0.94061220 0.28248265 -0.98036587 -0.19716342 -0.00305723
0.12611701 -0.89028162 0.43759942 -0.99187344 -0.12063056 0.04044091
-0.99324042 0.04791673 0.10572365 0.04267678 0.99777198 -0.05128150
0.12010824 -0.97520924 0.18585220 -0.99030495 -0.10453314 0.09148191
0.10058165 -0.97594458 0.19343100 -0.99435598 -0.09200893 0.05282670
0.12581415 -0.91425836 0.38510066 -0.99205339 -0.11557827 0.04971672
-0.14780273 -0.98252863 -0.11310123 -0.98147929 0.13162231 0.13919042
-0.98688203 0.05269070 0.15260245 0.04650200 0.99795550 -0.04384591
-0.08304273 -0.24629986 0.96562952 -0.97947896 -0.15839028 -0.12463383
-0.42357674 0.78733146 0.44798654 -0.90366471 -0.40167171 -0.14849231
-0.42845866 0.84751350 0.31327966 -0.90055937 -0.42878577 -0.07166363
-0.40127474 0.73574817 0.54557616 -0.90303832 -0.41746774 -0.10120566
0.53542560 0.75811815 0.37225837 -0.80728400 0.32984957 0.48937911
0.46438646 0.84664989 0.25986400 -0.87798464 0.40163353 0.26044860
0.43619603 0.85314596 0.28613809 -0.89984560 0.41238523 0.14218411
0.43589726 0.85724521 0.27408817 -0.89989918 0.41066831 0.14674161
-0.42330769 0.85598415 0.29681939 -0.90539777 -0.41148904 -0.10455436
-0.41982126 0.87473154 0.24206357 -0.90759718 -0.40338519 -0.11639490
-0.41645733 0.87329406 0.25282556 -0.90915418 -0.40045661 -0.11433783
-0.41264099 0.88019782 0.23447655 -0.91037118 -0.38978860 -0.13888566
-0.41048455 0.87871647 0.24363871 -0.91096199 -0.38326347 -0.15250400
-0.40857384 0.87561965 0.25759995 -0.91167766 -0.37799501 -0.16113266
-0.73667353 -0.64624906 -0.19918413 0.18239723 0.09374614 -0.97874558
0.59913754 0.78232110 0.17031668 -0.62193096 0.32078394 0.71435261
0.60200882 0.77698040 0.18408385 -0.71007019 0.41547918 0.56848699
-0.89456433 -0.44262215 -0.06197088 -0.11415633 0.36033776 -0.92581052
0.65030915 0.71328402 0.26138869 -0.65432632 0.35111949 0.66975540
0.09770918 -0.58479458 0.80527532 -0.99258387 0.00153599 0.12155198
-0.98709798 0.04658840 0.15318975 0.03867080 0.99777740 -0.05426589
0.11873884 -0.95577234 0.26907304 -0.99060309 -0.09550472 0.09790014
-0.97998643 0.05847023 0.19028372 0.02299306 0.98273998 -0.18355820
-0.97630602 0.14181328 0.16344920 0.15691110 0.98408210 0.08343469
-0.98693919 0.05154447 0.15262488 0.04297876 0.99733818 -0.05890165
-0.42621994 0.82703847 0.36652961 -0.90449589 -0.39631364 -0.15755220
-0.42366010 0.82371712 0.37683195 -0.90295047 -0.41713265 -0.10334780
-0.42754135 0.83881044 0.33705404 -0.90049803 -0.42794460 -0.07724505
-0.42528465 0.82216364 0.37839127 -0.90478331 -0.39654520 -0.15530331
0.61444014 0.74701571 0.25383258 -0.75385433 0.46097481 0.46819413
0.46662334 0.84960872 0.24582067 -0.87921292 0.41536275 0.23336327
0.46439353 0.84678423 0.25941321 -0.87834853 0.40289325 0.25725651
0.43417889 0.86501211 0.25148132 -0.89987046 0.40361455 0.16531351
0.43346867 0.83734477 0.33310458 -0.90115625 0.40470248 0.15534900
-0.43363807 0.85249960 0.29189476 -0.90058011 -0.39915985 -0.17212464
-0.41847831 0.87425560 0.24607520 -0.90821463 -0.40141827 -0.11836193
-0.41602316 0.87882847 0.23363496 -0.90914494 -0.39645594 -0.12758632
-0.41037145 0.86888337 0.27683380 -0.91156048 -0.38234627 -0.15122454
-0.41206047 0.86717319 0.27967274 -0.91073036 -0.38259950 -0.15552449
-0.68864226 -0.69667798 -0.20102651 0.12258495 0.16139098 -0.97924763
0.61417896 0.76209134 0.20494165 -0.61789924 0.30284634 0.72559261
0.60495269 0.77523887 0.18176107 -0.72197092 0.43775195 0.53584635
0.61682177 0.75014514 0.23835513 -0.76361072 0.49688140 0.41231987
0.04804303 -0.82855487 0.55784297 -0.98491538 0.05365022 0.16450951
-0.97992194 0.05368819 0.19201732 0.01612130 0.98124582 -0.19208533
0.00903029 -0.86244363 0.50607264 -0.95737088 0.13866879 0.25340110
-0.00928255 -0.91995078 0.39192411 -0.98357671 0.07905114 0.16225860
-0.42686182 0.82245129 0.37598252 -0.90419310 -0.39504629 -0.16239873
-0.42710868 0.83398056 0.34936333 -0.90179658 -0.42104724 -0.09737693
-0.42723078 0.83841473 0.33842963 -0.90065074 -0.42750800 -0.07787941
-0.43009898 0.86082286 0.27202734 -0.90186989 -0.42323488 -0.08662006
-0.42585117 0.81802213 0.38664025 -0.90478343 -0.38699660 -0.17776561
0.60580909 0.76031184 0.23435301 -0.73721784 0.42567921 0.52469718
0.64487231 0.71746874 0.26339781 -0.61481869 0.28224888 0.73643309
0.46337956 0.85662097 0.22689188 -0.87313974 0.39762253 0.28199884
0.44845712 0.86323178 0.23176953 -0.89248329 0.41838408 0.16860713
0.46356642 0.85886091 0.21786252 -0.87870395 0.41398233 0.23769322
0.44139865 0.86681259 0.23195535 -0.89598882 0.41173905 0.16635817
0.42744890 0.86761516 0.25403038 -0.90307289 0.39679718 0.16435148
-0.43375996 0.86088735 0.26594245 -0.90095735 -0.41069418 -0.14002195
-0.41758782 0.87737930 0.23627532 -0.90858448 -0.40041322 -0.11892710
-0.42310584 0.87357903 0.24050182 -0.90608031 -0.40794137 -0.11226042
-0.41531640 0.88351262 0.21660525 -0.90949631 -0.39854461 -0.11823144
-0.41149127 0.86701959 0.28098401 -0.91099966 -0.38197783 -0.15547544
-0.40977874 0.86511636 0.28923178 -0.91207558 -0.38367739 -0.14460227
-0.65977079 -0.72599691 -0.19398703 0.19172791 0.08697377 -0.97758681
0.62215525 0.74972391 0.22547053 -0.65381938 0.33915517 0.67638302
0.60110766 0.76992774 0.21419817 -0.75112695 0.45277339 0.48042133
0.59624767 0.78280950 0.17803934 -0.75404185 0.46997714 0.45884895
0.60546130 0.77481222 0.18188640 -0.77169639 0.51562762 0.37230754
0.02967838 -0.83957982 0.54242516 -0.95708179 0.13264707 0.25768057
-0.97832143 0.05817963 0.19875200 0.01986292 0.98166329 -0.18958543
0.01805543 -0.83750492 0.54613149 -0.96521747 0.12789048 0.22803356
-0.02297757 -0.94720274 0.31981099 -0.98750234 0.07139524 0.14050600
-0.43070459 0.85464472 0.28995866 -0.89996678 -0.43075022 -0.06718703
-0.42975402 0.85971922 0.27603319 -0.90184534 -0.42377147 -0.08421884
-0.43259141 0.84214991 0.32194450 -0.90130597 -0.39497960 -0.17787276
0.61141843 0.75749838 0.22883116 -0.70698518 0.39303026 0.58796197
0.64850020 0.71366721 0.26481447 -0.62193954 0.29616699 0.72489756
0.44921786 0.86344951 0.22947393 -0.89202607 0.41911516 0.16920948
0.43805340 0.87118816 0.22167656 -0.89547753 0.40123594 0.19269043
0.42610866 0.86510128 0.26463413 -0.90342772 0.39157310 0.17461076
-0.43101856 0.86989361 0.23980863 -0.90234309 -0.41560537 -0.11423336
-0.43148491 0.86219025 0.26542211 -0.90203434 -0.41640642 -0.11375343
-0.41594428 0.87708670 0.24022776 -0.90905571 -0.39385819 -0.13599063
-0.41859576 0.87658149 0.23744991 -0.90810847 -0.40089640 -0.12091794
-0.41957793 0.87725389 0.23319514 -0.90771627 -0.40482700 -0.11030087
-0.41188303 0.86405635 0.28941146 -0.91112113 -0.38544855 -0.14590335
-0.41557026 0.85971254 0.29697764 -0.90954798 -0.39454430 -0.13060376
-0.63925874 -0.74463135 -0.19202194 0.44469512 -0.15424284 -0.88230121
-0.61638373 -0.76796889 -0.17405416 0.38509518 -0.10118139 -0.91731352
0.60149640 0.77075243 0.21010201 -0.74716938 0.44968155 0.48941231
-0.00556707 -0.89096975 0.45402849 -0.99512374 0.04964888 0.08522752
-0.00891964 -0.97792518 0.20876518 -0.99992406 0.00694574 -0.01018629
-0.43240675 0.85004938 0.30073324 -0.90036321 -0.42506212 -0.09310359
-0.43100891 0.86339164 0.26227134 -0.90155655 -0.42420816 -0.08510716
-0.42950615 0.85998803 0.27558151 -0.90229684 -0.42124668 -0.09171522
-0.43026701 0.85613555 0.28618568 -0.90269053 -0.40649304 -0.14111404
0.67117262 0.68616569 0.28054228 -0.54761684 0.20385897 0.81151545
0.44767982 0.86751038 0.21681468 -0.89211154 0.41677085 0.17446823
0.45577687 0.86821967 0.19611746 -0.88878101 0.43195671 0.15323745
0.42833489 0.87424469 0.22852884 -0.89835042 0.38472056 0.21202974
0.43073583 0.85628223 0.28503931 -0.89947098 0.38156384 0.21298121
-0.43118802 0.86993277 0.23936151 -0.90224761 -0.41723588 -0.10891983
-0.43148318 0.86793000 0.24600776 -0.90191674 -0.42083865 -0.09716521
-0.43151295 0.86252135 0.26429817 -0.90202445 -0.41649824 -0.11349501
-0.41659614 0.87487388 0.24706972 -0.90885645 -0.39463001 -0.13508196
-0.41913241 0.87612104 0.23820169 -0.90785855 -0.40124348 -0.12164114
-0.41874507 0.87451965 0.24467933 -0.90809977 -0.40244722 -0.11571994
-0.41066217 0.86014277 0.30250794 -0.91178644 -0.38687548 -0.13774207
0.40800121 0.86868292 0.28093594 -0.91273326 0.38092512 0.14769596
-0.61634767 -0.76879019 -0.17052037 0.28383529 -0.01489812 -0.95875734
-0.02176171 -0.97784537 0.20819440 -0.99973565 0.01973836 -0.01179139
-0.43332893 0.85158688 0.29500139 -0.89983964 -0.42703608 -0.08904452
-0.43434760 0.84482944 0.31241867 -0.89889789 -0.42875198 -0.09030136
-0.43226188 0.86276948 0.26225662 -0.90096134 -0.42536294 -0.08564537
0.44711962 0.87291825 0.19518676 -0.89182431 0.41826734 0.17234242
0.44134533 0.86887294 0.22421885 -0.89017451 0.39242563 0.23149858
0.44956285 0.87075812 0.19918254 -0.89044088 0.41919929 0.17716402
0.46145934 0.86062950 0.21534196 -0.88137257 0.41705382 0.22192019
0.42760846 0.87869632 0.21223545 -0.89597648 0.38084069 0.22844371
0.42600358 0.86944729 0.25016463 -0.89884996 0.37528589 0.22633891
-0.43155327 0.86841202 0.24417700 -0.90190363 -0.42082277 -0.09735535
-0.42968556 0.87170649 0.23558055 -0.90293837 -0.41724885 -0.10298413
-0.41206089 0.87544727 0.25258261 -0.91076714 -0.38764054 -0.14226089
-0.41414037 0.86833483 0.27291474 -0.91001439 -0.38873592 -0.14407706
-0.41723013 0.87827682 0.23355712 -0.90873170 -0.40001440 -0.11914378
-0.42036828 0.87211591 0.25040853 -0.90734684 -0.40297213 -0.11973008
-0.41414294 0.86528885 0.28241968 -0.91021150 -0.39342025 -0.12936601
0.40344933 0.86909688 0.28618068 -0.91423547 0.37008721 0.16495167
-0.01970863 -0.98812699 0.15237038 -0.99915206 0.02497588 0.03273223
-0.43801171 0.84851015 0.29694518 -0.89830321 -0.42583328 -0.10824725
-0.43907794 0.83780718 0.32448384 -0.89836347 -0.41438740 -0.14569241
-0.43219295 0.85896981 0.27455455 -0.90104318 -0.42365313 -0.09294804
0.44595334 0.87434810 0.19141862 -0.89209360 0.41680756 0.17447208
0.44281623 0.87500679 0.19564486 -0.89157659 0.40662441 0.19936867
0.45018342 0.87117845 0.19591588 -0.88951045 0.41832864 0.18377271
0.46269596 0.85870838 0.22030056 -0.88023865 0.41548508 0.22924262
0.46334121 0.85923463 0.21686590 -0.87903106 0.41460681 0.23538402
0.42494899 0.88030756 0.21089557 -0.89495158 0.37358114 0.24392384
0.41779989 0.87285376 0.25213003 -0.89685774 0.35187098 0.26801693
-0.43117866 0.86607498 0.25298056 -0.90224904 -0.41562572 -0.11490008
-0.41218156 0.86854464 0.27520290 -0.91098368 -0.38801503 -0.13983241
-0.41650984 0.87205154 0.25699365 -0.90902430 -0.39513993 -0.13243616
-0.41723022 0.87163478 0.25723872 -0.90879166 -0.39889044 -0.12240987
-0.43123516 0.86868960 0.24375109 -0.90222615 -0.41666895 -0.11124309
-0.41818288 0.84862930 0.32396215 -0.90805149 -0.39988738 -0.12462994
-0.41432482 0.86619174 0.27936855 -0.91001278 -0.38936478 -0.14237936
0.39951360 0.86892521 0.29216078 -0.91591191 0.36490512 0.16718180
0.40600544 0.87990403 0.24683720 -0.90941554 0.36237153 0.20408417
0.00021987 -0.86102873 0.50855631 -0.99892539 -0.02375986 -0.03979556
-0.43987882 0.85267359 0.28187662 -0.89799136 -0.42141920 -0.12656015
-0.43587786 0.85525399 0.28026947 -0.89969635 -0.42222831 -0.11076938
-0.44324362 0.84288001 0.30510405 -0.89608288 -0.42570171 -0.12575230
-0.44315338 0.81160474 0.38067436 -0.89383018 -0.43245786 -0.11852401
-0.43118545 0.86570746 0.25422373 -0.90207046 -0.41945282 -0.10162810
-0.44051954 0.85358602 0.27808866 -0.89771616 -0.41644323 -0.14380822
0.44576710 0.87354332 0.19548340 -0.89205158 0.41535160 0.17812070
0.44049022 0.87743044 0.18995850 -0.89179784 0.40331864 0.20501404
0.45070130 0.86833632 0.20702776 -0.88870460 0.41461444 0.19570126
0.45246395 0.86332327 0.22349355 -0.88585085 0.40625310 0.22411305
0.46526003 0.85720867 0.22074068 -0.87779689 0.41467729 0.23982368
0.41961473 0.88120723 0.21770929 -0.89511257 0.36190805 0.26037681
0.42660859 0.88316691 0.19499041 -0.89212573 0.37545589 0.25128582
0.41543749 0.88037354 0.22881024 -0.89490038 0.35049999 0.27623019
0.41823798 0.86752504 0.26921600 -0.89558458 0.34434772 0.28169656
-0.42973658 0.86494642 0.25921851 -0.90288991 -0.41504788 -0.11191586
-0.41366652 0.86653322 0.27928534 -0.91036189 -0.38998148 -0.13840437
-0.41440803 0.88166094 0.22569905 -0.90989602 -0.39624009 -0.12281307
-0.41765741 0.87168944 0.25635883 -0.90859550 -0.39941996 -0.12213910
-0.43064579 0.86728853 0.24970968 -0.90251732 -0.41462994 -0.11638118
0.39650735 0.86986667 0.29345179 -0.91723406 0.36205703 0.16612166
-0.41265491 0.85508555 0.31391832 -0.91060418 -0.39584947 -0.11875731
0.40961146 0.86153507 0.29995978 -0.90641826 0.34720668 0.24052764
0.40922344 0.86976069 0.27577648 -0.90454876 0.34706327 0.24766640
-0.43592465 0.86193496 0.25891656 -0.89937884 -0.42775640 -0.09023434
-0.44910690 0.84675932 0.28513452 -0.89343643 -0.42252487 -0.15246001
-0.43124202 0.85813546 0.27862856 -0.90197498 -0.41747653 -0.11024754
0.44046873 0.87752581 0.18956736 -0.89186859 0.40354127 0.20426688
0.44390127 0.85680377 0.26237196 -0.89554346 0.41410390 0.16284934
0.43710321 0.86285853 0.25380301 -0.89352876 0.38437447 0.23208345
0.46677455 0.85686672 0.21886298 -0.87771416 0.41852847 0.23334923
0.41146904 0.88872528 0.20214005 -0.89198881 0.34710956 0.28960490
0.42471784 0.88218164 0.20339690 -0.89722639 0.38017252 0.22461912
0.41032583 0.88313293 0.22739618 -0.89051718 0.33430076 0.30858099
0.41009587 0.87325609 0.26314485 -0.90063566 0.34225595 0.26779899
-0.41343319 0.85811198 0.30449465 -0.91053420 -0.38935667 -0.13902852
-0.41025528 0.86625284 0.28512573 -0.91196907 -0.38909030 -0.13008140
-0.41961157 0.87174344 0.25296155 -0.90770030 -0.40220776 -0.11962098
-0.42865309 0.86378068 0.26483852 -0.90346622 -0.41057381 -0.12319916
0.40768969 0.84882236 0.33658540 -0.90670878 0.33271477 0.25919136
-0.41313305 0.85328937 0.31814829 -0.91033822 -0.39639914 -0.11896249
0.41023839 0.86956346 0.27488893 -0.90523851 0.35169020 0.23844771
-0.44130212 0.84959668 0.28885627 -0.89729458 -0.42162997 -0.13073134
-0.43828586 0.85074890 0.29005492 -0.89876002 -0.41898915 -0.12914529
0.43832445 0.86767870 0.23453230 -0.89599693 0.40115860 0.19042417
0.43384463 0.80661756 0.40143129 -0.90085226 0.38061854 0.20879368
0.43296391 0.84994251 0.30023322 -0.89856309 0.38049665 0.21864738
0.43094510 0.85008717 0.30271778 -0.89385450 0.35613847 0.27237758
0.43133974 0.83998108 0.32920793 -0.89814001 0.36526024 0.24480504
0.58160847 0.78809142 0.20160258 -0.78812975 0.48453814 0.37957126
0.41475767 0.88710362 0.20254196 -0.89061183 0.35014179 0.29019192
0.42929268 0.87385112 0.22823678 -0.89250195 0.37173691 0.25544462
0.40576094 0.88377267 0.23303199 -0.88677490 0.31892926 0.33453614
0.39860538 0.87802261 0.26493394 -0.88694960 0.29556820 0.35490832
-0.40973899 0.86426967 0.29180795 -0.91220266 -0.38800186 -0.13168511
-0.40757331 0.86445564 0.29427966 -0.91316688 -0.38696229 -0.12800974
-0.41514093 0.86870289 0.27020991 -0.90975708 -0.39653489 -0.12289109
-0.42400876 0.86971414 0.25261414 -0.90565574 -0.40653801 -0.12047669
-0.41866493 0.86683631 0.27076647 -0.90814006 -0.40000033 -0.12361795
-0.43008891 0.86289561 0.26539546 -0.90274781 -0.40834114 -0.13529243
0.40333584 0.87366307 0.27209029 -0.91087955 0.35497296 0.21045822
-0.41404942 0.84497690 0.33849233 -0.90949655 -0.39920801 -0.11596999
-0.41391927 0.85073179 0.32392326 -0.91018212 -0.39281926 -0.13138327
0.41503605 0.85786754 0.30299905 -0.89866948 0.33460689 0.28360426
-0.44080892 0.86594278 0.23628522 -0.89745313 -0.42041233 -0.13353468
-0.44388515 0.84204429 0.30647585 -0.89606124 -0.41952842 -0.14515601
-0.43950796 0.84569019 0.30272233 -0.89803571 -0.42086741 -0.12807253
-0.44683388 0.84815663 0.28455204 -0.89461219 -0.42466703 -0.13902146
0.43315977 0.83648878 0.33564734 -0.89753473 0.36623630 0.24556541
0.43098152 0.84654522 0.31243578 -0.89990067 0.37767133 0.21804386
0.40358245 0.89376247 0.19572923 -0.88598621 0.32836819 0.32741833
0.42857650 0.84482855 0.32029191 -0.90100008 0.37325007 0.22109577
0.40383688 0.88554066 0.22963791 -0.88977408 0.32185349 0.32359305
0.40108430 0.89338726 0.20246133 -0.88014734 0.31457523 0.35550413
0.40156803 0.87535417 0.26925501 -0.89334887 0.30965874 0.32563668
-0.40766042 0.86745882 0.28518108 -0.91312957 -0.38820022 -0.12447915
-0.41404012 0.86235899 0.29138941 -0.91021699 -0.39529744 -0.12347060
-0.42290026 0.86494303 0.27023870 -0.90617567 -0.40331966 -0.12719649
-0.43082660 0.85436773 0.29059306 -0.90235162 -0.40346962 -0.15157162
0.40698287 0.85480046 0.32199535 -0.91236001 0.36330572 0.18870145
0.41215745 0.85423946 0.31686157 -0.90261036 0.33542353 0.26978832
-0.42158312 0.83426416 0.35534638 -0.90539068 -0.40902635 -0.11386473
-0.41119820 0.85130596 0.32587457 -0.91140550 -0.39024141 -0.13058241
0.41354620 0.85889053 0.30213678 -0.89931375 0.33350778 0.28285569
-0.45064586 0.84756714 0.28026482 -0.89253545 -0.42170039 -0.15984169
-0.44804561 0.84021103 0.30545148 -0.89398813 -0.42350179 -0.14639507
-0.45192626 0.84196371 0.29471993 -0.89204407 -0.42488176 -0.15405492
0.10329594 0.78474665 0.61114860 -0.98716104 0.00562271 0.15962943
0.40795898 0.88869298 0.20927106 -0.88989204 0.33580393 0.30875206
0.40966287 0.87497503 0.25806028 -0.89427942 0.32934090 0.30298349
0.40068296 0.88508368 0.23681246 -0.89024961 0.31499821 0.32898614
0.39734927 0.89470530 0.20400015 -0.88213527 0.31114534 0.35359001
0.39440748 0.87683451 0.27496195 -0.88678443 0.28471452 0.36407563
-0.41095299 0.85280740 0.32223776 -0.91145939 -0.39169341 -0.12577023
-0.41044426 0.85623538 0.31368211 -0.91182160 -0.38944632 -0.13004966
-0.42438242 0.85821605 0.28872976 -0.90546471 -0.40019086 -0.14135383
-0.42970195 0.85452515 0.29179284 -0.90292162 -0.40325350 -0.14872523
-0.43858930 0.84663045 0.30142391 -0.89821094 -0.40204084 -0.17770867
0.40498772 0.85649991 0.31998891 -0.91268182 0.35774130 0.19756801
0.41273555 0.85598338 0.31135496 -0.90421724 0.34386861 0.25326982
-0.41013509 0.83540255 0.36591232 -0.91084749 -0.39557260 -0.11781013
-0.40584257 0.85786265 0.31521985 -0.91383314 -0.38624233 -0.12540296
0.41497159 0.85217392 0.31874466 -0.89144778 0.31074393 0.32978636
-0.46812689 0.83022904 0.30261689 -0.88355064 -0.43434638 -0.17516156
0.24162559 0.83273208 0.49817103 -0.95647091 0.11780437 0.26699334
0.00870550 0.74933511 0.66213375 -0.99320155 -0.07038800 0.09271616
0.38439643 0.90251124 0.19419816 -0.87881052 0.29331517 0.37637532
0.38559237 0.89985555 0.20390813 -0.87834448 0.29031819 0.37977135
0.39624357 0.86919719 0.29578248 -0.87557852 0.26077422 0.40664372
-0.40667635 0.86607665 0.29073265 -0.91354132 -0.38814387 -0.12160069
-0.40987200 0.85439360 0.31940040 -0.91211790 -0.38651109 -0.13656512
-0.40736681 0.85733360 0.31469256 -0.91318488 -0.38693929 -0.12795085
-0.42464343 0.85282624 0.30391678 -0.90535331 -0.39864534 -0.14634614
-0.42696780 0.85899526 0.28253454 -0.90420038 -0.40177113 -0.14492011
-0.43618494 0.84288502 0.31509942 -0.89924288 -0.39535421 -0.18723631
-0.45948952 0.82877094 0.31938720 -0.88800156 -0.42139184 -0.18407141
0.40169933 0.84995997 0.34088954 -0.91377068 0.34742272 0.21052468
0.41556570 0.85265386 0.31668061 -0.90239048 0.34285411 0.26104122
-0.40593797 0.84410876 0.35027814 -0.91344589 -0.38684091 -0.12637560
-0.40184733 0.82911974 0.38868916 -0.91395730 -0.38937977 -0.11430444
-0.40581432 0.85428405 0.32482851 -0.91379833 -0.38584575 -0.12686870
0.41073313 0.85243261 0.32350725 -0.88633531 0.29010248 0.36090216
0.41925240 0.84343070 0.33593473 -0.89446056 0.32038012 0.31192458
-0.46665445 0.82836753 0.30990466 -0.88425988 -0.42991328 -0.18237083
-0.47613770 0.83068299 0.28854579 -0.87907588 -0.44112796 -0.18064252
0.66936892 0.70273703 0.24105197 -0.70598280 0.50061929 0.50096780
0.01350146 0.75291705 0.65797687 -0.99316132 -0.06621964 0.09615387
0.37815180 0.90454602 0.19697106 -0.88123107 0.28654307 0.37593216
0.41039076 0.85378575 0.32035810 -0.88257784 0.28349012 0.37508631
-0.40962756 0.85874289 0.30784073 -0.91217083 -0.39009035 -0.12559412
-0.40945917 0.85653305 0.31415656 -0.91214496 -0.39124659 -0.12213809
-0.41044703 0.85638702 0.31326437 -0.91188443 -0.38534427 -0.14133897
-0.39908415 0.84713924 0.35083765 -0.91680896 -0.37447223 -0.13867903
-0.40648654 0.85367978 0.32557571 -0.91338849 -0.38832679 -0.12216338
-0.42039022 0.85310501 0.30900487 -0.90733933 -0.39424068 -0.14597781
-0.42705384 0.84392744 0.32467136 -0.90399992 -0.39044333 -0.17417856
-0.43047452 0.84751105 0.31051046 -0.90200788 -0.39144573 -0.18207715
-0.43798348 0.83549470 0.33184195 -0.89769578 -0.38672251 -0.21115875
0.41482159 0.84191120 0.34512129 -0.90619129 0.34803501 0.24018542
0.42058817 0.83725411 0.34944406 -0.90050149 0.33835277 0.27315664
0.42009374 0.84225315 0.33783272 -0.89115214 0.31257984 0.32884923
-0.40391028 0.85110801 0.33536786 -0.91439170 -0.38655525 -0.12026179
-0.39156049 0.84303313 0.36874869 -0.91924018 -0.37622744 -0.11597581
0.41405660 0.84405398 0.34077856 -0.88358444 0.28274149 0.37327719
0.42000595 0.83910781 0.34567773 -0.89055794 0.30778241 0.33492777
-0.47117701 0.82393122 0.31484851 -0.88154197 -0.42791083 -0.19943941
-0.48466262 0.82641202 0.28661019 -0.87385356 -0.44304037 -0.20023803
0.69330788 0.67445660 0.25383574 -0.63104713 0.39810708 0.66580057
0.04702195 0.58704162 0.80819005 -0.99738353 0.07206796 0.00568188
0.00458490 0.63649940 0.77126360 -0.98787409 -0.11681147 0.10227337
-0.41626406 0.84682381 0.33107969 -0.90909976 -0.38114476 -0.16812600
-0.37932652 0.85127014 0.36256114 -0.92506480 -0.35702455 -0.12957059
-0.39996865 0.83672249 0.37405953 -0.91649526 -0.36862084 -0.15541917
-0.42420366 0.84199888 0.33330038 -0.90544128 -0.38824189 -0.17159368
-0.42678890 0.84097153 0.33259317 -0.90416735 -0.38937983 -0.17568375
-0.43106794 0.83844876 0.33344287 -0.90142077 -0.38366649 -0.20060085
-0.44225240 0.83527863 0.32668424 -0.89450711 -0.38424018 -0.22850935
-0.43349755 0.83594388 0.33656755 -0.89990950 -0.38194448 -0.21043141
0.42064512 0.84390384 0.33299255 -0.89828557 0.33602935 0.28313854
0.41727167 0.83436626 0.36016297 -0.90517598 0.34631446 0.24641959
0.42022929 0.84306318 0.33563647 -0.89918721 0.33717909 0.27887762
-0.39808026 0.84821093 0.34938559 -0.91677034 -0.38138893 -0.11863649
-0.37678799 0.84810823 0.37248251 -0.92538959 -0.36246330 -0.11079069
0.41293824 0.84479809 0.34029141 -0.88474655 0.28343162 0.36998656
0.41990724 0.83921725 0.34553197 -0.89061731 0.30779526 0.33475798
-0.47240356 0.82247055 0.31682360 -0.88043869 -0.42372653 -0.21279937
-0.48704579 0.82639623 0.28258759 -0.87249798 -0.44587463 -0.19985786
-0.48688519 0.80388457 0.34163204 -0.86981386 -0.41049644 -0.27370903
0.65291953 0.74292803 0.14749260 -0.68155283 0.49131733 0.54230350
0.78883046 0.56158257 0.24974297 -0.45068225 0.25224364 0.85630530
-0.92723387 -0.37377226 0.02305724 0.10462525 -0.31768376 -0.94240683
-0.41495451 0.83076978 0.37099105 -0.90978873 -0.37444812 -0.17908987
-0.37949580 0.84591019 0.37472519 -0.92428315 -0.36459675 -0.11300405
-0.37591195 0.84536839 0.37952933 -0.92658013 -0.34812945 -0.14232081
-0.39931071 0.83464003 0.37937707 -0.91680920 -0.36506882 -0.16181967
-0.42947951 0.83657002 0.34014410 -0.90264755 -0.38605240 -0.19023922
-0.43087602 0.83894557 0.33243981 -0.90149456 -0.38356659 -0.20046005
-0.46650529 0.81900036 0.33408275 -0.88337946 -0.41223234 -0.22294697
-0.44214770 0.82958090 0.34102935 -0.89516443 -0.38420418 -0.22598183
-0.43475863 0.83313769 0.34185749 -0.89914423 -0.38040835 -0.21640064
0.42200795 0.83646971 0.34961075 -0.89469653 0.32199246 0.30957872
0.42387071 0.81973267 0.38519087 -0.89899975 0.32905915 0.28899741
0.42161372 0.83413839 0.35560524 -0.89224219 0.31169340 0.32672787
-0.38779864 0.84178495 0.37551352 -0.92083853 -0.37186456 -0.11735931
-0.37572715 0.84732020 0.37533680 -0.92589045 -0.36045960 -0.11311847
-0.32628137 0.86437815 0.38261074 -0.94292969 -0.32610065 -0.06739502
0.40695128 0.85827410 0.31266010 -0.89591223 0.30827862 0.31985232
0.41380721 0.83984286 0.35132271 -0.87772179 0.26564807 0.39879274
0.41861039 0.83590227 0.35501093 -0.88352603 0.28440690 0.37214851
-0.47067589 0.82827485 0.30401477 -0.88163024 -0.42802861 -0.19879550
-0.47755730 0.82078779 0.31344292 -0.87741143 -0.42697391 -0.21872953
-0.48708484 0.82854134 0.27616605 -0.87284344 -0.45100290 -0.18638876
-0.48422706 0.83553016 0.25964117 -0.86939025 -0.42610255 -0.25019440
-0.48369032 0.82455695 0.29351234 -0.87347519 -0.43348238 -0.22166215
-0.48750186 0.80368888 0.34121281 -0.86907864 -0.40909028 -0.27811423
-0.90558171 -0.42274591 0.03475160 0.13786323 -0.37082040 -0.91841495
-0.75910419 -0.62599343 -0.17858653 0.31287283 -0.11027204 -0.94337201
-0.95088053 -0.30792984 0.03170898 -0.03759746 0.01320724 -0.99920571
-0.41643921 0.82782924 0.37586859 -0.90901905 -0.37175336 -0.18837132
-0.36161193 0.85548812 0.37064385 -0.93162423 -0.34700987 -0.10798390
-0.36452344 0.83823752 0.40556210 -0.93108439 -0.33478451 -0.14491780
-0.42354292 0.84501022 0.32644930 -0.90539753 -0.38316494 -0.18286596
-0.43371171 0.83541334 0.33760744 -0.89962852 -0.38043186 -0.21433644
-0.47163484 0.81147373 0.34506661 -0.88089275 -0.41589254 -0.22596750
-0.47240531 0.80516154 0.35853606 -0.87625712 -0.38524231 -0.28941640
-0.44415039 0.82430077 0.35108224 -0.89369404 -0.37979674 -0.23888378
0.41754717 0.84565115 0.33245838 -0.88857996 0.30352560 0.34394455
0.42352530 0.82479501 0.37461910 -0.89929122 0.33300519 0.28351885
0.42561275 0.82229531 0.37773570 -0.89054370 0.30654451 0.33609897
-0.35991511 0.85594028 0.37125114 -0.93216008 -0.34663168 -0.10451809
-0.21705337 0.87530190 0.43212789 -0.97354692 -0.22647394 -0.03026554
0.39364251 0.86522305 0.31053945 -0.84891671 0.21254361 0.48390669
0.41189387 0.84041685 0.35219738 -0.87540662 0.25763875 0.40900546
0.41651008 0.83752269 0.35365966 -0.87738836 0.26840967 0.39767572
-0.47238886 0.81825703 0.32757327 -0.87987870 -0.41604280 -0.22961254
-0.48128131 0.81472319 0.32341066 -0.87578493 -0.43135285 -0.21664616
-0.48069540 0.80763859 0.34154338 -0.87332648 -0.40586892 -0.26939067
-0.47479647 0.83434016 0.28007999 -0.87979454 -0.44163433 -0.17584294
-0.48548478 0.83559471 0.25707206 -0.87294012 -0.44726774 -0.19474916
-0.48463365 0.83602333 0.25728446 -0.86911386 -0.42698866 -0.24964333
-0.48277488 0.83319342 0.26966122 -0.86651540 -0.40989089 -0.28485185
-0.48319167 0.82294166 0.29881930 -0.87264824 -0.42509428 -0.24037471
-0.48307294 0.82218164 0.30109459 -0.87088394 -0.41561046 -0.26235318
-0.48437130 0.81469947 0.31882489 -0.86894375 -0.40569091 -0.28346369
-0.96848369 -0.24512845 0.04417505 -0.07707397 0.12628461 -0.98899537
-0.40829694 0.82851893 0.38321006 -0.91263622 -0.36142388 -0.19096588
-0.34211409 0.84013331 0.42087302 -0.93839073 -0.32872418 -0.10659884
-0.35200563 0.84507322 0.40242177 -0.93592417 -0.32318148 -0.13999884
-0.42939195 0.82172441 0.37468868 -0.90254557 -0.37567174 -0.21043377
-0.43585938 0.82166916 0.36726883 -0.89790589 -0.36906633 -0.23990670
-0.46860865 0.81190437 0.34816271 -0.87855095 -0.38705090 -0.27989262
-0.46987468 0.82525826 0.31331536 -0.87498450 -0.38849962 -0.28891188
-0.45436829 0.81751275 0.35386783 -0.88646799 -0.37575468 -0.27015355
0.43036181 0.81024748 0.39785391 -0.87552112 0.26743174 0.40242147
0.35871273 0.84962100 0.38661277 -0.92533600 0.26917687 0.26701531
0.42616487 0.81622261 0.39008224 -0.89327902 0.31153962 0.32403040
-0.25061256 0.86898071 0.42669174 -0.96605682 -0.25301766 -0.05211837
-0.21345742 0.87671745 0.43104818 -0.97427684 -0.22366376 -0.02755301
0.39443341 0.86302197 0.31561893 -0.84978694 0.21186322 0.48267609
0.40565935 0.84673887 0.34420022 -0.86163837 0.22860262 0.45312271
0.41836458 0.83146334 0.36556792 -0.86765605 0.24683051 0.43156427
-0.48450899 0.81253862 0.32408655 -0.86598819 -0.39309531 -0.30909628
-0.49107921 0.83617109 0.24425209 -0.86985123 -0.45559910 -0.18917792
-0.48657152 0.83641440 0.25230786 -0.86942357 -0.43524739 -0.23380004
-0.48359141 0.83116508 0.27441579 -0.86540645 -0.40703315 -0.29222557
-0.48284927 0.81933534 0.30910558 -0.86906862 -0.40497667 -0.28410161
-0.93534863 -0.35292846 0.02375901 -0.05747453 0.08535963 -0.99469113
-0.42188689 0.82247508 0.38150522 -0.90628016 -0.37057084 -0.20330635
-0.36815250 0.86734450 0.33492872 -0.92940193 -0.33323008 -0.15864997
-0.33817402 0.84264821 0.41902548 -0.94082844 -0.31308749 -0.12968461
-0.23673579 0.85794377 0.45594814 -0.96924031 -0.24105382 -0.04966191
-0.33226517 0.82930559 0.44927964 -0.94301093 -0.30127159 -0.14130048
-0.43580535 0.81974918 0.37159798 -0.89831090 -0.37057832 -0.23602791
-0.43700725 0.82036930 0.36880746 -0.89731783 -0.36936402 -0.24164236
-0.47732690 0.80951118 0.34183434 -0.87436587 -0.39884380 -0.27642009
-0.45597935 0.81098157 0.36659479 -0.88720345 -0.38162664 -0.25928971
0.42732653 0.81459796 0.39220178 -0.86483216 0.24184681 0.43997219
0.43235305 0.80822414 0.39980567 -0.87543619 0.26999909 0.40088898
0.35842142 0.84755683 0.39138398 -0.92565572 0.26820803 0.26688191
0.42382777 0.82570803 0.37225848 -0.89781600 0.32873899 0.29301387
-0.20928727 0.87014067 0.44615483 -0.97625339 -0.21202551 -0.04443604
-0.04715024 0.87542015 0.48105761 -0.99420083 -0.08772708 0.06219887
0.41220468 0.84105402 0.35030758 -0.82098073 0.17615955 0.54310083
0.41977942 0.82776499 0.37227750 -0.83697897 0.19439065 0.51154530
0.42225206 0.82638675 0.37254283 -0.86072838 0.23660173 0.45073971
-0.49038637 0.81666416 0.30427110 -0.87104064 -0.47068033 -0.14052835
-0.50427282 0.82565081 0.25300133 -0.86318415 -0.47348118 -0.17529617
-0.48723525 0.84796107 0.20871951 -0.87045264 -0.45240122 -0.19402431
-0.48497149 0.83801144 0.25007901 -0.86994737 -0.43304902 -0.23592401
-0.47290421 0.84013301 0.26559034 -0.84522200 -0.34738684 -0.40610617
0.12739909 -0.38469595 0.91420925 -0.98636776 -0.14592966 0.07604799
-0.41777286 0.80527472 0.42071196 -0.90776891 -0.35074881 -0.23006734
-0.37309045 0.82352442 0.42733032 -0.92752737 -0.32000205 -0.19311079
-0.36883137 0.82013083 0.43743446 -0.92944926 -0.33015466 -0.16468754
-0.31308398 0.83706301 0.44866908 -0.94927347 -0.29038575 -0.12064825
-0.23912376 0.86364496 0.44377619 -0.96794647 -0.24817464 -0.03858752
-0.20286646 0.86643642 0.45621622 -0.97873700 -0.19384250 -0.06707499
-0.43828225 0.79883450 0.41203409 -0.89604634 -0.35221329 -0.27027169
-0.43676257 0.82348031 0.36210310 -0.89729506 -0.37015036 -0.24052101
-0.48126426 0.79934949 0.35975713 -0.87026709 -0.38655668 -0.30530179
-0.47664833 0.80001277 0.36439806 -0.84770703 -0.30850810 -0.43152714
-0.45702022 0.80373043 0.38098538 -0.88588220 -0.37295261 -0.27589685
0.42558056 0.81793433 0.38712350 -0.85973233 0.23196551 0.45503011
0.42940280 0.81302184 0.39320326 -0.85109288 0.21866766 0.47731060
0.43437493 0.79953450 0.41480488 -0.87618583 0.26828772 0.40040001
0.04235595 0.87355590 0.48487744 -0.99350607 -0.01446952 0.11285499
-0.05181817 0.87747437 0.47681618 -0.99526805 -0.08467461 0.04766374
0.42122474 0.82391810 0.37911561 -0.84226662 0.20032682 0.50045592
0.42028272 0.82653189 0.37444288 -0.83135253 0.18538627 0.52391303
-0.48205057 0.81658024 0.31752807 -0.86009681 -0.37200627 -0.34906268
-0.49378398 0.79731494 0.34708256 -0.86570698 -0.41307685 -0.28269935
-0.53029984 0.79139054 0.30411032 -0.84679532 -0.47687083 -0.23565221
-0.49846286 0.82151175 0.27686316 -0.86589801 -0.45637178 -0.20480588
-0.47354722 0.83951110 0.26640987 -0.86544287 -0.38733110 -0.31777859
-0.47753447 0.83999413 0.25762525 -0.86464119 -0.39720130 -0.30761456
0.12135170 -0.35120121 0.92840266 -0.99202240 -0.07507767 0.10126667
-0.43751356 0.81007129 0.39034149 -0.89558429 -0.35359922 -0.26999342
-0.40387601 0.80723411 0.43041539 -0.91414350 -0.33811268 -0.22365499
-0.37318677 0.81664163 0.44025925 -0.92732430 -0.31385857 -0.20386897
-0.34348667 0.82713765 0.44481480 -0.93906373 -0.30918264 -0.15021817
-0.23952883 0.85032320 0.46858981 -0.97014076 -0.22857085 -0.08113197
0.03004330 0.87409377 0.48482734 -0.99574006 -0.01612992 0.09078360
-0.43827528 0.80741751 0.39495799 -0.89608783 -0.35812688 -0.26224381
-0.44016892 0.80298454 0.40182978 -0.89503300 -0.35654289 -0.26794249
-0.48109803 0.79337418 0.37296405 -0.87067091 -0.38273865 -0.30893898
-0.48727983 0.79832262 0.35389179 -0.86049551 -0.36996725 -0.35024533
0.43218681 0.80781066 0.40081978 -0.84640414 0.21001302 0.48938188
0.44493616 0.79660523 0.40920889 -0.82614958 0.18871503 0.53090835
0.41367930 0.86518395 0.28341866 -0.89459777 0.32850030 0.30295604
0.05249369 0.87672144 0.47812545 -0.99319535 -0.00400710 0.11639123
0.02478492 0.87417138 0.48498467 -0.99587440 -0.02077157 0.08833387
0.42534620 0.82478982 0.37256193 -0.80074036 0.15111920 0.57963604
0.43049130 0.81500232 0.38787693 -0.82541078 0.18159606 0.53452778
-0.48248622 0.81511021 0.32062823 -0.85932201 -0.36960939 -0.35348928
-0.47780579 0.82044661 0.31395710 -0.85877085 -0.36099097 -0.36359066
-0.49702734 0.74354142 0.44733649 -0.85707510 -0.34010184 -0.38697940
-0.52608413 0.81750143 0.23436511 -0.84967273 -0.49361348 -0.18547802
-0.53646165 0.78511292 0.30952659 -0.84236342 -0.47585303 -0.25295815
-0.50032210 0.83769464 0.21896489 -0.86405212 -0.46681872 -0.18839926
-0.47082168 0.83944291 0.27140844 -0.86258405 -0.37345430 -0.34129277
-0.47208688 0.84091920 0.26455435 -0.86488765 -0.38373923 -0.32359481
-0.47916889 0.84188145 0.24825968 -0.86702186 -0.40996701 -0.28319633
0.12182063 -0.37120304 0.92052597 -0.99232978 -0.06517960 0.10503928
0.11564624 0.08648929 0.98951787 -0.99158937 -0.04822550 0.12010350
-0.43558130 0.80554050 0.40171316 -0.89764255 -0.35543150 -0.26058862
-0.43829048 0.80986989 0.38988757 -0.89497650 -0.35307410 -0.27268264
-0.39314657 0.73542964 0.55188680 -0.91783822 -0.27808616 -0.28326854
-0.36753651 0.78996897 0.49078107 -0.92992353 -0.30500481 -0.20546132
-0.29025829 0.82847798 0.47893050 -0.95683837 -0.25885084 -0.13212362
-0.22482099 0.85659987 0.46442679 -0.97367746 -0.21584731 -0.07322647
0.14184338 0.85175472 0.50437528 -0.98438627 0.06772020 0.16247362
-0.45811179 0.77926862 0.42763779 -0.88333356 -0.34537137 -0.31692353
-0.48798817 0.77574474 0.40010956 -0.86339080 -0.36169544 -0.35175663
-0.48784491 0.78727460 0.37710220 -0.85880840 -0.35546720 -0.36890551
-0.48364174 0.80251044 0.34938198 -0.86107075 -0.36464807 -0.35438541
0.43566003 0.81040293 0.39172381 -0.82656348 0.18789367 0.53055507
0.44539711 0.79636747 0.40917027 -0.82600135 0.18915422 0.53098267
0.46044070 0.77009976 0.44152099 -0.82411766 0.18600200 0.53500783
0.44261733 0.77035606 0.45895702 -0.87789911 0.26798457 0.39683425
0.43492672 0.80221975 0.40900153 -0.86921424 0.25540155 0.42336360
0.15060869 0.85398835 0.49801701 -0.98078090 0.06586625 0.18365860
0.44378826 0.80169463 0.40042177 -0.78229469 0.12863146 0.60948253
0.44325125 0.79977751 0.40482622 -0.79866201 0.14729315 0.58347553
-0.48240626 0.80849165 0.33708391 -0.85349357 -0.34726989 -0.38852599
-0.47872776 0.81486863 0.32681623 -0.86321592 -0.36891964 -0.34461090
-0.48701417 0.79827577 0.35436293 -0.85139602 -0.34342855 -0.39646149
-0.53065896 0.81127995 0.24540992 -0.84470940 -0.48237264 -0.23191108
-0.52757609 0.82114220 0.21769033 -0.84821606 -0.49505776 -0.18827482
-0.49605829 0.84121597 0.21513222 -0.86507326 -0.45750642 -0.20575739
-0.51666325 0.82826036 0.21689618 -0.85432494 -0.48201585 -0.19439571
-0.46951982 0.83996898 0.27203548 -0.86324364 -0.37203580 -0.34117416
-0.47244871 0.83745217 0.27471107 -0.86295933 -0.37618691 -0.33731973
-0.46167520 0.85895616 0.22147329 -0.85373777 -0.36248657 -0.37381208
-0.48161474 0.84202683 0.24297751 -0.86624128 -0.41532266 -0.27772847
0.11753258 -0.38601497 0.91497463 -0.95851386 0.19683895 0.20616898
0.12832756 0.21834853 0.96739650 -0.98218238 0.16302377 0.09349327
-0.44406980 0.77924222 0.44224840 -0.89163005 -0.33568025 -0.30383325
-0.35931891 0.81991673 0.44567537 -0.90546948 -0.19072358 -0.37914324
-0.45378608 0.71679950 0.52941161 -0.89094537 -0.37639681 -0.25405094
-0.37575102 0.78207469 0.49716237 -0.92606479 -0.29669711 -0.23318434
-0.32633966 0.80809724 0.49038902 -0.94501877 -0.26737976 -0.18827556
-0.29232547 0.88207978 0.36943355 -0.95450807 -0.29288343 -0.05597893
-0.22130796 0.83753562 0.49955678 -0.97494590 -0.20180133 -0.09357792
-0.15792853 0.85932279 0.48643911 -0.98624760 -0.16157795 -0.03476081
0.16121809 0.85131884 0.49926442 -0.98100072 0.08291579 0.17539267
-0.47162360 0.77303690 0.42424667 -0.87593275 -0.35529369 -0.32635599
-0.48915341 0.76914185 0.41127825 -0.86189002 -0.35397765 -0.36310542
-0.49100956 0.79572606 0.35458395 -0.85962659 -0.37656486 -0.34531310
-0.48699176 0.79883111 0.35314018 -0.85170543 -0.34477288 -0.39462584
0.44561026 0.79793733 0.40586641 -0.82135713 0.18407324 0.53989762
0.46122259 0.77168244 0.43792689 -0.78238821 0.12091471 0.61094058
0.45312548 0.78177571 0.42837372 -0.81972820 0.17656903 0.54485691
0.43493780 0.80160475 0.41019380 -0.87746263 0.27500337 0.39297915
0.16228016 0.86522239 0.47440001 -0.97923398 0.08200538 0.18540758
0.44240397 0.80054837 0.40422904 -0.80318141 0.15316002 0.57570970
-0.47677931 0.81349385 0.33303040 -0.85188419 -0.33419871 -0.40324271
-0.47324690 0.83086145 0.29275718 -0.85848475 -0.36043718 -0.36481380
-0.47832784 0.81477338 0.32763830 -0.85976088 -0.35846767 -0.36374751
-0.57391906 0.78891212 0.21962380 -0.81145525 -0.51175028 -0.28222686
-0.49510542 0.84410465 0.20581055 -0.86457032 -0.45521829 -0.21282499
-0.50782597 0.84227830 0.18077624 -0.85791451 -0.47545677 -0.19473988
-0.46370274 0.84322649 0.27193552 -0.84425348 -0.32743672 -0.42428923
-0.46130574 0.84639746 0.26609853 -0.84275395 -0.32422647 -0.42970103
-0.46017003 0.86042941 0.21887164 -0.84523153 -0.34912336 -0.40459442
-0.47050142 0.85992759 0.19787104 -0.86263770 -0.40105912 -0.30823338
-0.48176172 0.84554893 0.23011443 -0.86542034 -0.41782695 -0.27652898
-0.94047290 0.28769797 0.18094374 -0.13260388 0.17958775 -0.97476381
0.17636523 0.59030324 0.78767848 -0.98155421 0.16546728 0.09577028
-0.44749054 0.76279932 0.46678638 -0.89069670 -0.33342636 -0.30900860
-0.44846845 0.78027892 0.43593672 -0.88505048 -0.31960464 -0.33843556
-0.46050778 0.73336542 0.50010777 -0.88476080 -0.42468685 -0.19193584
-0.36446977 0.79014182 0.49278563 -0.93026477 -0.28503597 -0.23100212
-0.30439076 0.81380492 0.49504337 -0.95246917 -0.25337788 -0.16912191
-0.27124217 0.81784874 0.50749493 -0.96245992 -0.23590398 -0.13423963
-0.20475362 0.81394535 0.54366261 -0.97847092 -0.18490145 -0.09168519
-0.09366323 0.84842348 0.52096522 -0.99380565 -0.11110879 0.00227319
0.18950225 0.80847168 0.55719167 -0.97332722 0.07993660 0.21504493
-0.47239840 0.77654958 0.41690591 -0.87197435 -0.34282780 -0.34947085
-0.47722363 0.75080132 0.45667815 -0.87197113 -0.33998960 -0.35224056
-0.49502626 0.77171445 0.39925668 -0.85525507 -0.35172498 -0.38056326
-0.48441905 0.77376181 0.40820462 -0.86431205 -0.35113934 -0.36009154
-0.49252474 0.77744806 0.39114439 -0.84715778 -0.32532811 -0.42010164
-0.48620668 0.79174262 0.36979282 -0.83901054 -0.30467516 -0.45081520
0.45756763 0.78116119 0.42475772 -0.77261323 0.11284181 0.62476838
0.44138432 0.80274093 0.40098250 -0.82356125 0.18498319 0.53621644
0.44174427 0.78172207 0.44019616 -0.87044984 0.25466591 0.42126286
0.19115886 0.84063464 0.50674605 -0.97049463 0.08457024 0.22580540
0.45544925 0.78489858 0.42011920 -0.77331531 0.11499456 0.62350595
-0.47020054 0.81817096 0.33091974 -0.83521682 -0.29135770 -0.46639425
-0.46977234 0.83246195 0.29380459 -0.83427024 -0.30983052 -0.45606831
-0.46719557 0.82503122 0.31788638 -0.82960159 -0.28471988 -0.48030806
-0.57513815 0.78829384 0.21865255 -0.81074005 -0.51358998 -0.28093761
-0.49685350 0.84366357 0.20339237 -0.86351514 -0.45725703 -0.21273862
-0.50213194 0.84511763 0.18341140 -0.86149466 -0.47033790 -0.19133553
-0.52406466 0.83215266 0.18132372 -0.84770626 -0.48912320 -0.20531115
-0.44636863 0.86150503 0.24200024 -0.82537043 -0.29188973 -0.48328471
-0.45238891 0.86233723 0.22741775 -0.83942264 -0.32561147 -0.43514007
-0.45712802 0.86758369 0.19578704 -0.84490150 -0.35484529 -0.40028280
-0.46718332 0.86231488 0.19532761 -0.82736105 -0.34846455 -0.44050673
-0.46776065 0.86431640 0.18481672 -0.85046095 -0.38320279 -0.36037731
-0.47934452 0.85343921 0.20462245 -0.86166739 -0.41339535 -0.29433596
-0.48490328 0.84353799 0.23089516 -0.86671793 -0.42820740 -0.25580940
-0.94367403 0.27622798 0.18214697 -0.13239023 0.18929151 -0.97295511
0.23717690 0.49737689 0.83448386 -0.95489454 0.27734560 0.10609385
-0.45487824 0.76597226 0.45428219 -0.88725770 -0.34594899 -0.30511171
-0.45377919 0.76997167 0.44858444 -0.88470668 -0.32901213 -0.33021992
-0.44859353 0.78504992 0.42715397 -0.88235658 -0.31299859 -0.35139555
-0.46193406 0.54613912 0.69881976 -0.88639760 -0.25739002 -0.38477230
-0.44807169 0.73388416 0.51053488 -0.89294201 -0.33964428 -0.29545969
-0.16139372 0.82258844 0.54525262 -0.98656368 -0.14868921 -0.06770284
-0.08605685 0.85044664 0.51897466 -0.99450850 -0.10446744 0.00628106
0.19491547 0.83347070 0.51704413 -0.96879250 0.08129971 0.23416135
-0.48408100 0.74174017 0.46420589 -0.86812681 -0.34063837 -0.36100048
-0.49294317 0.77179754 0.40166605 -0.84812510 -0.32323495 -0.41976553
-0.49268070 0.74510878 0.44953156 -0.85627365 -0.32301581 -0.40305862
-0.48947212 0.78186208 0.38614610 -0.84066397 -0.30540910 -0.44722411
-0.48419186 0.79271680 0.37034890 -0.82946920 -0.28116202 -0.48262700
-0.48947945 0.78347826 0.38284683 -0.82971990 -0.28337869 -0.48089659
0.45631403 0.77083492 0.44451210 -0.83240491 0.19325507 0.51937908
0.47288045 0.75477099 0.45464811 -0.77958286 0.11791074 0.61509973
0.45409656 0.77157187 0.44550335 -0.86008346 0.24914414 0.44517821
0.23921673 0.82918668 0.50519776 -0.95840055 0.11820687 0.25979900
-0.48035538 0.79931569 0.36104453 -0.82457745 -0.27128878 -0.49646193
-0.46707505 0.83561420 0.28911901 -0.84225434 -0.32091850 -0.43315011
-0.47164631 0.82045996 0.32310253 -0.83400631 -0.29608363 -0.46558356
-0.57099921 0.79348737 0.21056552 -0.81519711 -0.51771611 -0.25966096
-0.48978153 0.84679812 0.20747766 -0.86347944 -0.43825799 -0.24966630
-0.50003046 0.84700459 0.18042386 -0.86239970 -0.46802223 -0.19292995
-0.55269986 0.81313592 0.18257309 -0.82748520 -0.50944728 -0.23607567
-0.45543820 0.85018706 0.26411754 -0.83012158 -0.29835579 -0.47104356
-0.45194840 0.85285050 0.26151249 -0.82265198 -0.28511664 -0.49188641
-0.45531064 0.85623538 0.24403538 -0.83092803 -0.31021544 -0.46187121
-0.45795417 0.86847508 0.18981312 -0.84842169 -0.36322874 -0.38502660
-0.48082700 0.85274601 0.20403336 -0.86172664 -0.41659668 -0.28961095
-0.47531307 0.85919166 0.18938625 -0.86362004 -0.41451249 -0.28694931
-0.45990968 0.87273431 0.16376197 -0.84670138 -0.37544823 -0.37700850
-0.47581038 0.85857707 0.19091862 -0.85632414 -0.40265068 -0.32339048
-0.48331285 0.85144258 0.20360334 -0.86704606 -0.43340564 -0.24574512
-0.48574141 0.84807092 0.21173358 -0.86779648 -0.43883154 -0.23314407
-0.95252657 0.24461177 0.18126841 -0.19442338 -0.03053913 -0.98044223
-0.94228911 0.27574125 0.18988940 -0.14110611 0.18725289 -0.97212422
0.25086942 0.48314875 0.83882767 -0.95098537 0.28486064 0.12033829
0.26187348 0.60955459 0.74824160 -0.95740670 0.26179141 0.12180994
-0.46402210 0.69329691 0.55138278 -0.88401049 -0.32262194 -0.33829063
-0.50426173 0.61328256 0.60795128 -0.84764373 -0.21701786 -0.48415232
-0.08338899 0.83374834 0.54581136 -0.99547845 -0.09469594 -0.00743729
-0.48861355 0.75173593 0.44288823 -0.86256647 -0.33981043 -0.37484390
-0.48568758 0.73806250 0.46837094 -0.86748493 -0.34101111 -0.36218965
-0.49368703 0.76699954 0.40985966 -0.84353244 -0.30773336 -0.44017416
-0.49713463 0.75608832 0.42566144 -0.83778900 -0.29063886 -0.46221069
0.74670422 0.23883407 0.62079877 -0.46914119 0.85072887 0.23699577
-0.49041334 0.78203607 0.38459644 -0.82886672 -0.28222698 -0.48304036
0.45981640 0.76798683 0.44583085 -0.83024502 0.19367205 0.52267039
0.47453329 0.75020921 0.46043926 -0.79373932 0.13856654 0.59226459
0.45256847 0.77355278 0.44361910 -0.86143619 0.25068754 0.44168258
-0.48019049 0.79829562 0.36351246 -0.80374938 -0.23447151 -0.54681820
-0.49244750 0.78031653 0.38548890 -0.83459532 -0.29774290 -0.46346512
-0.47229606 0.81931216 0.32506019 -0.83465958 -0.29716271 -0.46372163
-0.49807718 0.76086253 0.41594160 -0.76919347 -0.16622519 -0.61701745
-0.56652105 0.80436599 0.17902324 -0.81536710 -0.51571566 -0.26308554
-0.49784443 0.84905910 0.17677547 -0.86233526 -0.46291625 -0.20514992
-0.45690396 0.85243839 0.25414085 -0.82781559 -0.30293375 -0.47217858
-0.45610449 0.84703672 0.27294227 -0.80145353 -0.25764638 -0.53971344
-0.46192372 0.83746994 0.29201141 -0.78207552 -0.22932366 -0.57945544
-0.47151998 0.82751000 0.30478865 -0.83928233 -0.31501025 -0.44314083
-0.47642025 0.85893232 0.18777403 -0.86094040 -0.41243243 -0.29779390
-0.47291309 0.86406946 0.17244482 -0.85445648 -0.40196618 -0.32913116
-0.47498849 0.86032778 0.18499219 -0.81956428 -0.35593009 -0.44903025
-0.48413149 0.85088205 0.20400107 -0.86666662 -0.43421704 -0.24565123
-0.96775728 0.17483284 0.18132691 -0.16989927 0.07837975 -0.98233950
0.30114803 0.81297684 0.49837598 -0.95317984 0.24154633 0.18194425
0.25809768 0.54111111 0.80036515 -0.95742327 0.25415537 0.13691555
-0.46557656 0.68965632 0.55462831 -0.88312840 -0.32121912 -0.34191012
-0.51020956 0.63603425 0.57891858 -0.85837895 -0.33464035 -0.38884640
-0.45803440 0.71036422 0.53440356 -0.77854151 -0.03041360 -0.62685585
-0.49206194 0.74864697 0.44430029 -0.84719592 -0.29435158 -0.44228518
-0.49327257 0.72290623 0.48382723 -0.83578295 -0.23967908 -0.49398476
-0.49921945 0.75264215 0.42931327 -0.83665597 -0.28984532 -0.46475428
-0.48711416 0.78470618 0.38334849 -0.82768130 -0.27472973 -0.48935404
-0.50097823 0.74806553 0.43522280 -0.83006257 -0.27296385 -0.48629916
-0.49055481 0.77561396 0.39721394 -0.80158997 -0.22286308 -0.55478430
0.46320954 0.76528770 0.44695824 -0.82607061 0.19015747 0.53051633
0.47493276 0.75013185 0.46015340 -0.77591813 0.11024114 0.62112647
0.49972591 0.71721798 0.48566708 -0.74310064 0.06689161 0.66582811
0.44830823 0.76634866 0.46014071 -0.86506337 0.24230736 0.43926364
-0.49845338 0.76860023 0.40099633 -0.79195213 -0.21555330 -0.57126939
-0.47621581 0.80259734 0.35924369 -0.79830879 -0.22332218 -0.55931234
-0.47183436 0.82333374 0.31542665 -0.79912323 -0.24819122 -0.54754287
-0.50467503 0.74153578 0.44207236 -0.85831660 -0.37598899 -0.34917742
-0.48768747 0.85001129 0.19910219 -0.85379606 -0.41678613 -0.31196404
-0.50900716 0.84212124 0.17816743 -0.85579097 -0.47289351 -0.20974636
-0.44411951 0.86641961 0.22819947 -0.79797137 -0.26667935 -0.54048491
0.72736835 0.22585401 0.64801645 -0.46721879 0.85461843 0.22657011
-0.46131268 0.84067184 0.28365731 -0.80365634 -0.26045960 -0.53506756
-0.46149468 0.83953691 0.28670633 -0.81197536 -0.26953575 -0.51773220
-0.47987658 0.85810775 0.18267353 -0.86351836 -0.42515907 -0.27124873
-0.47810733 0.85779762 0.18867078 -0.84410924 -0.38941389 -0.36855996
0.80507398 0.34179550 0.48480082 -0.46751606 0.86864698 0.16395478
-0.48457783 0.85289216 0.19431761 -0.86589313 -0.43615961 -0.24493665
-0.96574974 -0.20627998 0.15740444 -0.17559373 0.07294330 -0.98175669
0.26730737 0.63431031 0.72539461 -0.95443934 0.27790096 0.10870394
0.30390549 0.78699350 0.53691965 -0.95263052 0.24411561 0.18139064
0.26380399 0.52238196 0.81087887 -0.93985879 -0.04988359 0.33790100
-0.50686318 0.66546422 0.54794824 -0.86069334 -0.35534209 -0.36460808
-0.49628013 0.74907887 0.43884730 -0.84519327 -0.30137062 -0.44138885
-0.50503045 0.71321279 0.48607790 -0.84092712 -0.27976644 -0.46321961
-0.49339351 0.76632464 0.41147229 -0.82214630 -0.25643301 -0.50824964
-0.49701223 0.75628692 0.42545146 -0.81777894 -0.24426119 -0.52112770
-0.48975077 0.77122658 0.40663722 -0.83422041 -0.27895147 -0.47567055
-0.48948872 0.77635336 0.39708465 -0.78602391 -0.19564724 -0.58642018
-0.49528652 0.76362562 0.41420662 -0.81712782 -0.24762434 -0.52056158
0.48833698 0.71864450 0.49505270 -0.81733507 0.17788970 0.54801339
0.49175677 0.72078681 0.48850977 -0.79046863 0.13427435 0.59760344
0.51165724 0.69595385 0.50384051 -0.75629801 0.08655250 0.64847666
0.49852037 0.71922755 0.48393098 -0.75409770 0.08445790 0.65130913
0.46731526 0.73112202 0.49706846 -0.84787893 0.21136552 0.48623645
0.43654490 0.77096057 0.46373314 -0.87051725 0.23178267 0.43413877
-0.49145472 0.77428102 0.39869946 -0.76414448 -0.16374932 -0.62391460
-0.47629064 0.80256253 0.35922217 -0.79742968 -0.22212633 -0.56104004
-0.47511762 0.82079035 0.31712216 -0.77861542 -0.22427583 -0.58605325
-0.48272118 0.85712630 0.17976332 -0.86782378 -0.44055870 -0.22976062
-0.49549362 0.84141892 0.21563923 -0.86128342 -0.44375223 -0.24753778
-0.52763641 0.80628133 0.26741374 -0.84669471 -0.47374669 -0.24222337
-0.52509123 0.83246851 0.17684864 -0.84623182 -0.48865205 -0.21239328
-0.44863814 0.86519367 0.22397260 -0.79497254 -0.27183157 -0.54233414
-0.45760784 0.85215837 0.25381342 -0.76121998 -0.22794732 -0.60711133
-0.45950648 0.85017759 0.25700581 -0.76066613 -0.22731842 -0.60804057
-0.45863101 0.83972573 0.29072034 -0.77502006 -0.21793036 -0.59316969
-0.46901059 0.82865393 0.30555147 -0.79473102 -0.24505603 -0.55529284
-0.48065221 0.85750949 0.18344204 -0.86625040 -0.43178317 -0.25134355
-0.49244523 0.84226686 0.21928115 -0.86200440 -0.43719995 -0.25652412
-0.54312956 0.75103021 0.37545168 -0.81279737 -0.35809249 -0.45948923
0.80508447 0.34042680 0.48574540 -0.46158347 0.87387335 0.15259787
0.81138778 0.34277552 0.47344989 -0.45688128 0.87713772 0.14794911
0.30466330 0.73847395 0.60152858 -0.94986123 0.28219417 0.13464834
0.30406815 0.74525708 0.59340924 -0.95082742 0.27593267 0.14067110
0.21359785 0.66124308 0.71911997 -0.97139430 0.06556467 0.22824219
0.27297169 0.50714916 0.81748772 -0.93976080 -0.04117437 0.33934408
-0.51212150 0.72067040 0.46729630 -0.85439980 -0.37173742 -0.36305958
-0.50779861 0.73401695 0.45095423 -0.74481809 -0.11104128 -0.65796351
-0.52738094 0.69332278 0.49109367 -0.80158681 -0.21441358 -0.55810887
-0.50313288 0.75409794 0.42212993 -0.76420414 -0.16013639 -0.62477857
0.49532452 0.71166396 0.49818486 -0.80836314 0.16758339 0.56432688
0.50145280 0.70603317 0.50006235 -0.78854710 0.13513532 0.59994340
0.50441957 0.70939076 0.49226594 -0.74124044 0.06335416 0.66824311
0.49221122 0.73016465 0.47390693 -0.73493677 0.05683893 0.67574942
0.45239341 0.73243088 0.50880778 -0.86226779 0.21357948 0.45921475
0.41688067 0.75761622 0.50222325 -0.89350820 0.24011236 0.37945914
-0.48707256 0.78382421 0.38520122 -0.76274300 -0.16692854 -0.62478644
-0.47883219 0.80459601 0.35120508 -0.83333057 -0.29070970 -0.47015744
-0.47504720 0.81990147 0.31951812 -0.77343303 -0.21586451 -0.59598982
-0.52894264 0.76771635 0.36170617 -0.83169347 -0.38413745 -0.40090442
-0.53866208 0.76156342 0.36036706 -0.84241712 -0.48009640 -0.24462387
-0.55167145 0.79476738 0.25298917 -0.83159274 -0.50080425 -0.24010149
-0.56127536 0.79345727 0.23536286 -0.81190747 -0.47271264 -0.34256229
0.76938015 0.28602591 0.57117712 -0.46467084 0.86415517 0.19317596
-0.45282581 0.86427796 0.21902619 -0.82442117 -0.31232983 -0.47199565
0.75372142 0.24414831 0.61016035 -0.46107429 0.85804045 0.22622325
-0.45804068 0.85153061 0.25513616 -0.76102769 -0.22731236 -0.60759032
-0.45848519 0.85045516 0.25790972 -0.76063597 -0.22544545 -0.60877520
-0.46188858 0.83474988 0.29975253 -0.76505172 -0.20398642 -0.61080718
-0.46954113 0.82671213 0.30996478 -0.77378929 -0.21625039 -0.59538728
-0.52835578 0.77132028 0.35483140 -0.82975030 -0.38056213 -0.40827319
-0.48845324 0.85078442 0.19385374 -0.81806725 -0.36919078 -0.44098097
-0.49299458 0.84541667 0.20549223 -0.75890285 -0.30235511 -0.57675630
0.77554202 0.30845612 0.55080807 -0.43947917 0.89016145 0.12029381
0.80528599 0.33835346 0.48685879 -0.45807338 0.87640643 0.14859539
-0.45007345 0.87472296 0.17970449 -0.84623194 -0.35351554 -0.39864552
0.30630133 0.78542233 0.53785813 -0.95057029 0.28260109 0.12865786
0.16288808 0.82668269 0.53857523 -0.96897829 0.03120104 0.24516846
0.17305884 0.68860847 0.70417964 -0.94042099 -0.09692949 0.32590351
0.26182565 0.54805291 0.79440880 -0.94925869 -0.00235631 0.31448752
-0.51450437 0.71206254 0.47775745 -0.79118705 -0.17939088 -0.58467263
-0.50862569 0.73717338 0.44483185 -0.79375350 -0.20132294 -0.57395512
-0.51876199 0.71061796 0.47529805 -0.80468750 -0.21810408 -0.55218542
-0.50467139 0.75243980 0.42325079 -0.75676715 -0.14963679 -0.63632727
0.49949622 0.70679921 0.50093764 -0.80357331 0.16195671 0.57274783
-0.55343425 -0.65800941 -0.51062149 0.57248563 0.14476345 -0.80703396
0.50703239 0.70652366 0.49370289 -0.74854344 0.07697037 0.65860331
0.44653428 0.73899466 0.50447410 -0.86148340 0.20273411 0.46555907
0.58063787 0.05564441 0.81225824 -0.44814530 0.85476780 0.26179737
-0.49186775 0.77449268 0.39777783 -0.74337608 -0.13572022 -0.65495956
-0.48118758 0.80947578 0.33646327 -0.75631565 -0.18929385 -0.62622249
-0.53460699 0.75367337 0.38232431 -0.84509790 -0.47796676 -0.23949404
-0.53935695 0.75034291 0.38220364 -0.84111696 -0.45838222 -0.28706795
-0.54593438 0.79788440 0.25560930 -0.82544589 -0.45996630 -0.32721573
-0.55583566 0.75737917 0.34267122 -0.82845855 -0.47068083 -0.30350640
0.76084137 0.26347345 0.59304482 -0.45747864 0.86592352 0.20221205
0.76972049 0.28476542 0.57134849 -0.46403569 0.86421877 0.19441415
-0.50024277 0.81346291 0.29670739 -0.71571779 -0.19559324 -0.67044115
0.76645052 0.25638565 0.58891416 -0.44984305 0.86872804 0.20725103
-0.42627889 0.86660177 0.25939879 -0.83861411 -0.27108425 -0.47248250
-0.45626500 0.85011041 0.26293457 -0.76021463 -0.21881722 -0.61171305
-0.45854029 0.83487713 0.30450138 -0.74541140 -0.17478068 -0.64328355
0.74537957 0.34568515 0.57000977 -0.47344297 0.87646073 0.08756906
0.79502219 0.25611016 0.54986125 -0.39341938 0.90768331 0.14605549
0.78722352 0.31735644 0.52873826 -0.45214963 0.88008481 0.14495318
0.79921645 0.33458021 0.49930874 -0.45877600 0.87628233 0.14715256
-0.44759342 0.87491095 0.18490830 -0.83149600 -0.33110708 -0.44607460
0.15000619 0.82102257 0.55083585 -0.96711588 0.00610972 0.25426292
-0.51962405 0.70299828 0.48557621 -0.81092739 -0.22682953 -0.53939337
-0.53054130 0.69244760 0.48891956 -0.75945807 -0.13211389 -0.63700038
-0.52439058 0.69899678 0.48622844 -0.78949875 -0.18527001 -0.58512121
-0.51344353 0.73670846 0.44004130 -0.73493356 -0.11279115 -0.66869342
-0.50226831 0.75782454 0.41644734 -0.75440300 -0.14865442 -0.63935757
0.50881875 0.68413562 0.52255332 -0.80783194 0.16967031 0.56446397
-0.65772033 -0.49816567 -0.56500888 0.62241781 0.06305139 -0.78014147
-0.57562214 -0.66790891 -0.47175944 0.57304251 0.08207588 -0.81540531
0.46775424 0.69694668 0.54357284 -0.85127372 0.18978922 0.48919648
-0.48895130 0.79362512 0.36205786 -0.75810039 -0.18127985 -0.62643552
-0.46281913 0.80991024 0.36033866 -0.72350508 -0.11025488 -0.68145752
-0.49787405 0.76442814 0.40959877 -0.74321145 -0.13267887 -0.65576911
-0.47474486 0.81557006 0.33085158 -0.73707479 -0.16298959 -0.65586221
-0.50699317 0.68181676 0.52733660 -0.86144871 -0.42167047 -0.28301972
-0.50648385 0.69553828 0.50960827 -0.86144412 -0.43371511 -0.26420692
-0.55627269 0.75488633 0.34742969 -0.82834744 -0.47033128 -0.30435032
0.78292942 0.27913091 0.55597442 -0.44110534 0.87927574 0.17972282
0.81786466 0.33066225 0.47091404 -0.44750646 0.87997484 0.15931827
0.74289644 0.26086527 0.61648548 -0.44049078 0.88396412 0.15676525
-0.45083964 0.86784744 0.20876908 -0.81938595 -0.30960852 -0.48244092
0.78646672 0.24910416 0.56517017 -0.43972820 0.86840665 0.22914861
-0.42607829 0.86773294 0.25592345 -0.83902246 -0.27320516 -0.47053188
-0.42746726 0.86134976 0.27449667 -0.85710377 -0.28958818 -0.42604217
-0.45420855 0.85115904 0.26310256 -0.77878773 -0.23592377 -0.58123124
-0.46008641 0.83269620 0.30811954 -0.75008762 -0.17884874 -0.63669598
0.79485291 0.25431120 0.55093992 -0.39130917 0.90875220 0.14507459
0.64219922 0.44871709 0.62147665 -0.58680832 0.80942822 0.02195337
0.79028153 0.26181480 0.55399299 -0.41233894 0.89600837 0.16475953
0.77818382 0.31446224 0.54363918 -0.45016423 0.88288158 0.13368723
0.78377497 0.32340562 0.53019404 -0.46106702 0.87495577 0.14788397
-0.44719949 0.87389863 0.19056198 -0.82789475 -0.32378986 -0.45798519
-0.51424521 0.71541500 0.47300458 -0.80778670 -0.21872772 -0.54739279
-0.52032739 0.71587294 0.46560216 -0.72888690 -0.08821365 -0.67892730
-0.52356958 0.70189798 0.48292255 -0.75980175 -0.12822603 -0.63738483
-0.55804861 0.62488532 0.54598558 -0.79877019 -0.22624883 -0.55747437
-0.50703114 0.74638373 0.43108106 -0.72321546 -0.09631494 -0.68387347
-0.59833175 0.58993119 0.54219961 -0.71571243 -0.08928333 -0.69266462
-0.49700886 0.76620531 0.40732262 -0.73458296 -0.12163192 -0.66752791
0.58800673 0.64992237 0.48150700 -0.74265516 0.19793075 0.63975519
0.36121202 0.66669071 0.65195817 -0.93113577 0.22029933 0.29061052
-0.48838994 0.79171348 0.36696735 -0.74531430 -0.15973969 -0.64729434
-0.51006466 0.75805455 0.40643257 -0.73239547 -0.13499117 -0.66736370
-0.50019300 0.76665103 0.40255827 -0.78488278 -0.20505267 -0.58473289
-0.50124556 0.75960082 0.41443861 -0.73908114 -0.12674367 -0.66158533
-0.47428104 0.81537122 0.33200499 -0.73617345 -0.16049623 -0.65748739
-0.49218076 0.51541585 0.70150167 -0.86343002 -0.39150333 -0.31814113
-0.47058767 0.54993087 0.69001687 -0.87589985 -0.38555902 -0.29007533
-0.50689667 0.59727561 0.62154460 -0.84963405 -0.22445399 -0.47722366
0.78267294 0.25712851 0.56684041 -0.42081228 0.88961297 0.17749885
0.77193987 0.31522229 0.55203593 -0.46893811 0.86867058 0.15971367
-0.44757259 0.87319040 0.19291787 -0.81963366 -0.31429887 -0.47897491
-0.46075132 0.85722011 0.22996086 -0.82623810 -0.31966886 -0.46383446
-0.40748376 0.88214475 0.23617294 -0.84358394 -0.26456228 -0.46730399
0.78344387 0.23350456 0.57592648 -0.40764230 0.89259267 0.19262943
-0.44527197 0.85071123 0.27932671 -0.84072781 -0.28988782 -0.45732027
-0.42501897 0.86984217 0.25046670 -0.88425064 -0.33981481 -0.32035398
-0.46592331 0.83251870 0.29971340 -0.85611933 -0.33857894 -0.39041519
-0.46567068 0.83708769 0.28711498 -0.81528020 -0.27961284 -0.50708473
-0.46427205 0.82616848 0.31921336 -0.72109014 -0.14331344 -0.67785716
0.82242870 0.16907789 0.54316080 -0.31621525 0.92958218 0.18943317
0.63055533 0.43272486 0.64432067 -0.55193454 0.83365387 -0.01973782
0.51499438 0.35822737 0.77875161 -0.57164645 0.82049990 0.00060254
-0.44554287 0.87540454 0.18750606 -0.82616162 -0.32134980 -0.46280819
-0.53244352 0.67310822 0.51325357 -0.77768493 -0.14957498 -0.61060095
-0.52850193 0.70765924 0.46893936 -0.73066270 -0.09793496 -0.67567801
-0.48972794 0.75942796 0.42829406 -0.72214419 -0.07805496 -0.68732470
-0.53387952 0.68037158 0.50206298 -0.74774104 -0.10266012 -0.65600640
-0.51530302 0.73620069 0.43871558 -0.74014926 -0.12424532 -0.66086471
-0.52426696 0.72473180 0.44711077 -0.73423964 -0.11877489 -0.66841960
-0.53569943 0.70327181 0.46737030 -0.73805112 -0.12105498 -0.66379690
0.36238793 0.63490260 0.68232971 -0.92772865 0.17549014 0.32942802
-0.48845941 0.79330355 0.36342371 -0.74263531 -0.15926623 -0.65048230
-0.49905667 0.77473634 0.38823459 -0.73367310 -0.13932893 -0.66506493
-0.49645644 0.77609134 0.38886142 -0.73518199 -0.13772377 -0.66373158
-0.50779307 0.76001972 0.40560618 -0.72173089 -0.11824257 -0.68199950
-0.49458748 0.78566629 0.37163392 -0.83913803 -0.32030979 -0.43960103
-0.51697707 0.73861730 0.43264216 -0.73257393 -0.12031490 -0.66996998
-0.49685133 0.78143340 0.37749264 -0.81079715 -0.26288590 -0.52297145
-0.47315520 0.81618387 0.33161429 -0.73779154 -0.16140211 -0.65544873
-0.49890971 0.45238438 0.73921412 -0.83148474 -0.49037516 -0.26108503
-0.47017312 0.49238032 0.73246080 -0.87552595 -0.36488646 -0.31672111
-0.46859249 0.51401985 0.71847391 -0.87187302 -0.40012601 -0.28237692
-0.39033478 0.50068128 0.77262992 -0.91714716 -0.28483370 -0.27876681
-0.39971381 0.38515669 0.83179516 -0.91564935 -0.12559471 -0.38185379
0.79241502 0.23902079 0.56120181 -0.40417361 0.89482021 0.18957990
-0.41274336 0.87710941 0.24560556 -0.85850775 -0.28452796 -0.42662430
-0.38862860 0.88993233 0.23872226 -0.83724117 -0.23290130 -0.49475673
-0.42421174 0.86942708 0.25326076 -0.88719893 -0.34298718 -0.30860642
-0.46892589 0.83482194 0.28841084 -0.86819959 -0.37567538 -0.32418755
-0.47220093 0.83009541 0.29659384 -0.81373417 -0.28112420 -0.50872976
-0.46821475 0.82781863 0.30901659 -0.78408623 -0.22799487 -0.57725823
0.82319951 0.16144268 0.54431510 -0.29864788 0.93849570 0.17330685
0.86431301 0.16417678 0.47540411 -0.29366076 0.93210524 0.21199819
0.79891604 0.22086900 0.55941945 -0.35389930 0.92469734 0.14032206
0.57529998 0.43575025 0.69220781 -0.58349258 0.81170136 -0.02602667
0.53237528 0.40555775 0.74303395 -0.57377130 0.81824547 -0.03550863
-0.45449314 0.86443269 0.21492353 -0.83442450 -0.32873589 -0.44234434
-0.45711949 0.86499798 0.20693082 -0.85355949 -0.36127079 -0.37539262
-0.52628243 0.67978489 0.51080263 -0.77832049 -0.14321385 -0.61131585
-0.54038912 0.68676078 0.48614734 -0.76749980 -0.16551842 -0.61931235
-0.54745966 0.66525275 0.50766796 -0.75092870 -0.12280354 -0.64886481
-0.54870659 0.66010749 0.51301003 -0.65825838 0.03715810 -0.75187451
-0.50685596 0.75891978 0.40882492 -0.82906598 -0.29926702 -0.47232288
-0.52374071 0.72466326 0.44783804 -0.80114233 -0.24027877 -0.54812145
0.34740642 0.63973206 0.68560314 -0.93021750 0.14284413 0.33806956
-0.48044807 0.80593115 0.34589699 -0.73546934 -0.15539341 -0.65949821
-0.49489418 0.79111278 0.35947245 -0.78659135 -0.23206118 -0.57220781
-0.49638107 0.78263801 0.37561095 -0.83651131 -0.31555879 -0.44796371
-0.52869040 0.71980578 0.44985121 -0.78012097 -0.20319355 -0.59171247
-0.50105137 0.77036828 0.39430979 -0.83400136 -0.30817893 -0.45767629
-0.47922939 0.81287497 0.33101889 -0.76601827 -0.20326838 -0.60983437
-0.53279436 0.42160720 0.73374218 -0.81931221 -0.47400048 -0.32256952
0.84289879 0.23095314 0.48598593 -0.37976295 0.89519686 0.23324379
-0.42375001 0.86949152 0.25381207 -0.89043450 -0.34852242 -0.29267481
-0.41305900 0.87633896 0.24781527 -0.85628325 -0.28106436 -0.43333817
-0.47801206 0.82061481 0.31320265 -0.87321234 -0.40545276 -0.27038550
-0.47833508 0.82127827 0.31096229 -0.80077410 -0.26255447 -0.53835487
-0.46084604 0.83651423 0.29642001 -0.77926540 -0.22158101 -0.58621436
0.89056396 0.20898043 0.40400869 -0.31528118 0.92382860 0.21711406
0.85961282 0.15965994 0.48536021 -0.29300401 0.93225020 0.21226919
0.87288249 0.16223033 0.46017125 -0.28986871 0.93105751 0.22160348
0.84838247 0.22667804 0.47839761 -0.35772079 0.91162544 0.20242272
0.74588084 0.39077368 0.53940499 -0.53051937 0.83820260 0.12635541
0.57954478 0.44933289 0.67987341 -0.58767331 0.80841136 -0.03333384
-0.54863679 0.62481576 0.55552047 -0.78527576 -0.15705925 -0.59889436
-0.50867701 0.74688303 0.42826807 -0.78214067 -0.19296299 -0.59247041
-0.51715869 0.74004531 0.42997664 -0.84113580 -0.34657693 -0.41518062
-0.55232155 0.66186702 0.50682634 -0.75653595 -0.14260848 -0.63821334
-0.51627654 0.72503006 0.45583990 -0.80670065 -0.23297596 -0.54309875
-0.51158768 0.75431848 0.41143864 -0.83460844 -0.32243997 -0.44661093
-0.52881950 0.71985328 0.44962353 -0.83102232 -0.33149543 -0.44666860
0.33973995 0.65916920 0.67087460 -0.92687654 0.11360171 0.35776323
-0.48821127 0.79905260 0.35094830 -0.75842392 -0.18949658 -0.62360579
-0.48428059 0.80655181 0.33903769 -0.78322583 -0.22696026 -0.57883197
-0.49607298 0.78735727 0.36603308 -0.78362244 -0.22441617 -0.57928681
-0.50704134 0.77204740 0.38321257 -0.83864743 -0.33928517 -0.42609414
-0.47673470 0.81665826 0.32525867 -0.75988591 -0.19684392 -0.61953694
0.83204436 0.15203957 0.53346616 -0.30629385 0.92772782 0.21331955
-0.41749883 0.87718594 0.23714873 -0.87930691 -0.32418585 -0.34888807
-0.48147610 0.82517403 0.29541275 -0.85938329 -0.37826282 -0.34406054
-0.48656610 0.80880487 0.33028483 -0.80595994 -0.26965323 -0.52698749
-0.44651285 0.85048908 0.27801907 -0.75256437 -0.18888131 -0.63084930
0.87136257 0.16469194 0.46217307 -0.29128206 0.93165809 0.21718207
0.83177292 0.14940755 0.53463185 -0.30580437 0.92711103 0.21667701
0.87777340 0.16347799 0.45032084 -0.28837094 0.93091232 0.22415286
-0.62533242 0.70321429 0.33830318 -0.74455917 -0.40786102 -0.52847046
0.57169867 0.45564467 0.68231130 -0.59457380 0.80313575 -0.03814593
-0.53582120 0.64467901 0.54523820 -0.74160093 -0.05063036 -0.66892803
-0.51707965 0.74129862 0.42790779 -0.84024328 -0.34431931 -0.41885012
-0.52360827 0.71600163 0.46171001 -0.83894366 -0.33895969 -0.42576981
-0.51109147 0.75249726 0.41537151 -0.83801121 -0.32880086 -0.43546224
0.22925386 0.69927740 0.67709219 -0.96918380 0.09957077 0.22531873
-0.49193168 0.80059415 0.34212917 -0.82303524 -0.29947293 -0.48262721
-0.48651209 0.80055708 0.34987777 -0.78123569 -0.21935004 -0.58442825
-0.49387687 0.79270357 0.35736075 -0.81160980 -0.27275896 -0.51661599
0.86602789 0.17814973 0.46718130 -0.31856552 0.91676700 0.24094467
-0.48551270 0.81415087 0.31848982 -0.85351408 -0.36259574 -0.37421674
-0.48416615 0.81160474 0.32692653 -0.81418383 -0.28105548 -0.50804788
0.87274885 0.17888059 0.45421496 -0.30775195 0.92387176 0.22748578
0.89576232 0.16354266 0.41335660 -0.27967837 0.93010545 0.23808363
-0.85217112 0.43567294 0.28981629 -0.48471248 -0.44859824 -0.75087517
-0.58215898 0.71499133 0.38714129 -0.79027718 -0.38561550 -0.47619608
-0.77588952 0.62898821 -0.04867554 -0.28470290 -0.41795766 -0.86270261
0.17838360 0.69072145 0.70077336 -0.98384237 0.11414638 0.13793047
0.19063604 0.82500190 0.53200543 -0.97012055 0.07547520 0.23058553
-0.48862380 0.80550665 0.33526999 -0.82971585 -0.31014293 -0.46409383
-0.28830057 0.92402118 0.25113252 -0.91896486 -0.19330934 -0.34370783
-0.49013534 0.80697328 0.32948667 -0.85761851 -0.37892273 -0.34771842
-0.27710158 0.93017620 0.24080499 -0.91677970 -0.18093376 -0.35605904
0.88711292 0.13570711 0.44115111 -0.26065564 0.93609405 0.23619199
-0.91509408 0.40111214 0.04137585 -0.23892137 -0.45667660 -0.85694993
0.14643987 0.76876867 0.62253523 -0.98170084 0.03549643 0.18709238
0.15539765 0.89214081 0.42418909 -0.98220915 0.09370797 0.16273943
0.20344603 0.82704228 0.52403325 -0.96016073 0.06380425 0.27206689
-0.49125141 0.80262178 0.33833465 -0.84654325 -0.34852290 -0.40236345
0.88700837 -0.02310342 0.46117499 -0.12338519 0.95057243 0.28493553
-0.91541719 0.40007865 0.04414222 -0.21499689 -0.39330354 -0.89391762
0.13362782 0.82400984 0.55059183 -0.98899049 0.07523936 0.12742408
0.15989210 0.82404101 0.54349875 -0.98187643 0.07601161 0.17361143
0.22055134 0.80949062 0.54413432 -0.96189845 0.08809493 0.25882575
-0.51153767 0.79627728 0.32291129 -0.85921806 -0.47026625 -0.20147961
0.04609063 0.94823313 0.31421277 -0.98448807 0.09642442 -0.14657949
0.64807665 -0.26480281 0.71405619 0.10476455 0.95968884 0.26080987
-0.78754467 0.60973358 -0.08943409 -0.19215326 -0.38085145 -0.90444976
0.08783294 0.83299756 0.54626048 -0.99401575 0.03753862 0.10258432
0.15966542 0.82324094 0.54477644 -0.98717117 0.13298236 0.08836759
0.15765412 0.80668646 0.56956315 -0.98331755 0.07525019 0.16560194
0.18290669 0.83036393 0.52634686 -0.97049707 0.06694856 0.23163195
-0.54039931 0.77281713 0.33274958 -0.83994299 -0.47214913 -0.26752770
-0.51266330 0.79227573 0.33087105 -0.85712630 -0.49475151 -0.14337189
0.06060292 0.92455733 0.37619284 -0.99720079 0.07261606 -0.01782183
-0.80305552 0.58887684 -0.09124644 0.00123096 -0.15148303 -0.98845911
-0.82129514 0.56842881 -0.04861126 -0.10109469 -0.22886547 -0.96819443
0.10919703 0.60064787 0.79202163 -0.98579270 -0.03686646 0.16387101
0.07947494 0.70138329 0.70833975 -0.99190658 0.12622873 -0.01369825
0.14652711 0.84561610 0.51328665 -0.98500651 0.07696012 0.15440001
0.15421084 0.83310813 0.53117788 -0.98028922 0.06181189 0.18764946
0.17838264 0.82922506 0.52968436 -0.97697186 0.08521400 0.19561315
-0.54963946 0.76830041 0.32804129 -0.81250381 -0.58294261 0.00393505
-0.55509615 0.76292485 0.33138189 -0.83121198 -0.49398941 -0.25507084
0.82639951 0.55656046 -0.08546531 -0.50908184 0.80334818 0.30897802
-0.49047229 0.81406593 0.31102043 -0.87117660 -0.46707460 -0.15130351
0.20108181 0.88608670 0.41763204 -0.95753008 0.26773617 -0.10702137
-0.67304391 0.72768641 -0.13222858 0.22344236 0.02962895 -0.97426677
-0.80144727 0.10170943 0.58935344 -0.48425299 0.46793705 -0.73927939
-0.70351648 0.70578325 -0.08327445 -0.29918104 -0.40041232 -0.86611819
0.03994486 0.67415959 0.73750478 -0.99011362 -0.07261762 0.12000712
0.76640940 0.61451548 -0.18704940 -0.54888308 0.77777463 0.30625808
0.81126904 0.58022338 -0.07199617 -0.52744335 0.77942306 0.33808753
-0.57254106 0.74695241 0.33802205 -0.81907266 -0.50285792 -0.27614105
-0.53987974 0.77538818 0.32757160 -0.81487668 -0.57898283 0.02747789
0.73128039 0.59667641 -0.33046383 -0.49846792 0.79822099 0.33819079
-0.48909974 0.81473297 0.31143484 -0.87193787 -0.46591511 -0.15049115
0.16719751 0.74868751 0.64149207 -0.98269677 0.07395323 0.16981754
-0.56721735 0.81782931 -0.09705517 0.06079617 -0.07594515 -0.99525684
-0.69239867 0.69768906 -0.18388608 0.45054504 0.21902139 -0.86547029
-0.80192941 0.08842052 0.59083933 -0.49074811 0.46650717 -0.73589230
-0.59621280 0.79563308 -0.10723009 -0.32005644 -0.35805055 -0.87713379
-0.01013732 0.78650999 0.61749440 -0.99969977 -0.02174713 0.01128764
-0.57577354 0.72225547 0.38318646 -0.81400478 -0.55034059 -0.18579948
0.76245940 0.61324489 -0.20636475 -0.54127991 0.77926880 0.31584224
0.74309623 0.61717266 -0.25866187 -0.47817212 0.76012444 0.43995714
-0.57893723 0.75186247 0.31549102 -0.81388783 -0.55620795 -0.16798605
0.76232326 0.60638815 -0.22617859 -0.57038409 0.79462111 0.20794071
0.71497130 0.61123377 -0.33942500 -0.53876692 0.79107833 0.28969863
0.67522311 0.60902202 -0.41613218 -0.52291006 0.79312474 0.31227913
0.73525894 0.59486902 -0.32484633 -0.49981955 0.79958540 0.33293194
-0.48193055 0.82409465 0.29767597 -0.87532592 -0.43755668 -0.20578808
-0.56339192 0.82001472 -0.10082425 -0.02428143 -0.13841662 -0.99007642
-0.53918737 0.83758712 -0.08789123 0.19354720 0.02166936 -0.98085165
-0.62457353 -0.34962431 0.69833434 -0.72005045 0.60402352 -0.34158882
-0.68884134 -0.36714622 0.62506104 -0.53316283 0.84080839 -0.09369487
0.40073642 -0.10893320 0.90969443 -0.91538727 -0.08924694 0.39255720
-0.59622961 0.79592437 -0.10495120 -0.26090279 -0.31573606 -0.91227221
-0.07735049 0.80923909 0.58236504 -0.99016976 -0.13062827 0.05000194
0.75220668 0.63468355 -0.17709321 -0.57918674 0.76500958 0.28160819
0.67123282 0.63046575 -0.38981974 -0.53466988 0.77605045 0.33447564
-0.57556510 0.74098665 0.34592426 -0.79256988 -0.60964626 -0.01282318
-0.58605170 0.70943040 0.39147407 -0.81017661 -0.50557244 -0.29666567
0.51052368 0.59177822 -0.62383032 -0.51703215 0.79096085 0.32719833
0.73701000 0.58520108 -0.33816558 -0.49875173 0.80855650 0.31222305
0.52309906 0.58477956 -0.62000024 -0.49276438 0.80106843 0.33981264
-0.47561997 0.82267177 0.31144321 -0.87815160 -0.46471637 -0.11352763
-0.53023332 -0.28169119 0.79968917 -0.53946257 0.83973169 -0.06189397
-0.57831347 -0.28678551 0.76374578 -0.54045355 0.83595532 -0.09533501
-0.59366322 0.79913318 -0.09460556 -0.26358828 -0.30418754 -0.91541857
-0.09192796 0.52229327 0.84779662 -0.98923087 0.04947985 -0.13774644
-0.16844851 0.82863188 0.53384864 -0.98544711 -0.15408641 -0.07177354
0.65733033 0.65726519 -0.36867237 -0.54824924 0.75272906 0.36444730
0.74908781 0.63957530 -0.17265850 -0.58232993 0.75997150 0.28867829
0.54746658 0.62167984 -0.56017381 -0.56069815 0.76943010 0.30593294
