-0.78344691 0.44486350 0.43394399 0.35001564 0.89284790 -0.28339326
-0.76783544 0.44712874 0.45880789 0.33864039 0.89120483 -0.30178908
-0.72008872 0.44534293 0.53211093 0.33653355 0.89477944 -0.29345337
-0.61356640 0.44273007 0.65385509 0.39025760 0.88986057 -0.23632005
-0.75832254 0.40537006 0.51051158 0.35814404 0.91343403 -0.19331613
-0.75005168 0.42530242 0.50649816 0.37474361 0.90431523 -0.20440423
-0.79016501 0.42737761 0.43930355 0.35926041 0.90369183 -0.23296577
-0.80509710 0.42590401 0.41282502 0.37069464 0.90462118 -0.21034716
-0.82068813 0.42976767 0.37652466 0.37206331 0.90208066 -0.21867660
-0.80300945 0.43592456 0.40638113 0.37477049 0.89955080 -0.22440033
-0.81390476 0.43850875 0.38114199 0.36649135 0.89652652 -0.24884608
-0.83212620 0.43783396 0.34039313 0.37458459 0.89633584 -0.23720986
-0.83691698 0.43826002 0.32786915 0.37431252 0.89534760 -0.24133563
-0.81452209 0.43755510 0.38091907 0.40390393 0.89904636 -0.16904822
-0.85706460 0.42989779 0.28395107 0.40194800 0.90270990 -0.15346870
-0.85642570 0.42971846 0.28614169 0.40186712 0.90281993 -0.15303262
-0.86078531 0.43011349 0.27212325 0.39192793 0.90125400 -0.18475331
-0.85674781 0.42913905 0.28604707 0.38946822 0.90193677 -0.18661353
-0.86852413 0.42672908 0.25212732 0.38243741 0.90054750 -0.20677505
-0.87133014 0.42464054 0.24589467 0.38127261 0.90133506 -0.20549054
-0.87470186 0.42239663 0.23765072 0.38629884 0.90373862 -0.18447165
-0.88566267 0.42101875 0.19581863 0.39737749 0.90541345 -0.14939132
-0.89343125 0.41849717 0.16321984 0.39734292 0.90575576 -0.14739427
-0.88172758 0.41927263 0.21625674 0.39906511 0.90735924 -0.13208461
-0.88717586 0.41874376 0.19383635 0.39218989 0.90561843 -0.16137680
-0.88865465 0.41769719 0.18926698 0.38321936 0.90310371 -0.19376960
-0.88439929 0.41884819 0.20592268 0.37231064 0.89917648 -0.22992706
-0.90066922 0.41150969 0.13948010 0.38343385 0.90373915 -0.19035231
-0.89860606 0.41172233 0.15163082 0.38223726 0.90428632 -0.19016036
-0.90063763 0.41293815 0.13540322 0.39415887 0.90743113 -0.14562848
-0.90839970 0.40917829 0.08592539 0.39841971 0.90947139 -0.11884272
-0.89332622 0.40973911 0.18461348 0.39670870 0.91198176 -0.10445780
-0.89683533 0.40969482 0.16684306 0.39586735 0.91161948 -0.11063052
-0.40041724 -0.90689749 0.13116057 -0.91335249 0.40654045 0.02263209
-0.91351116 0.40240157 0.05975232 0.39458659 0.91218483 -0.11054535
-0.39210606 -0.91335160 0.10973477 -0.91634619 0.39829850 0.04084092
-0.38861075 -0.90891778 0.15116280 -0.91758734 0.39667141 0.02618005
-0.38656345 -0.90868300 0.15768310 -0.91924936 0.39343706 0.01370660
-0.38373050 -0.90442652 0.18644999 -0.91955948 0.39274880 0.01260079
-0.38264814 -0.90007883 0.20841895 -0.92217970 0.38582939 -0.02683762
-0.38281295 -0.90255761 0.19708890 -0.92312282 0.38203683 -0.04349872
-0.38162318 -0.89721268 0.22220084 -0.92425954 0.37311390 -0.08081111
-0.37904170 -0.88445258 0.27216014 -0.92373180 0.37917614 -0.05426791
-0.37864724 -0.88319075 0.27676776 -0.92319787 0.38167164 -0.04508252
-0.37721667 -0.87926388 0.29086545 -0.92331213 0.38150194 -0.04417100
-0.37417710 -0.87309051 0.31257725 -0.92308813 0.38296449 -0.03530586
-0.37300709 -0.87129098 0.31893224 -0.92210907 0.38622686 -0.02331928
-0.37179178 -0.87000901 0.32381347 -0.92040545 0.39091143 -0.00649355
-0.37130466 -0.86967731 0.32526028 -0.92171204 0.38754568 -0.01597591
-0.37651619 -0.88424045 0.27632314 -0.91564041 0.40054807 0.03411721
-0.37881616 -0.89161366 0.24803925 -0.91692227 0.39793187 0.03006202
-0.37566024 -0.87860179 0.29485306 -0.91204065 0.40695873 0.05065991
-0.37289473 -0.87253916 0.31563413 -0.91289765 0.40586740 0.04346963
-0.36651829 -0.85991329 0.35526538 -0.92050165 0.39071900 -0.00393012
-0.35960436 -0.85061175 0.38359410 -0.90822512 0.41336960 0.06521305
-0.35792163 -0.84324980 0.40102610 -0.90468770 0.41948920 0.07462575
-0.35521182 -0.83723140 0.41577432 -0.90796357 0.41479591 0.05955331
-0.35058287 -0.82755888 0.43844950 -0.91386461 0.40466958 0.03307709
-0.35219571 -0.82666564 0.43884176 -0.91767418 0.39716244 0.01166622
-0.35440731 -0.82960027 0.43146127 -0.92026681 0.39127517 -0.00358610
-0.35658148 -0.83417261 0.42072052 -0.92110890 0.38920084 -0.00900765
-0.35875148 -0.83815217 0.41085082 -0.92771578 0.36879984 -0.05770713
-0.35819593 -0.83775115 0.41215137 -0.92803812 0.36778748 -0.05897126
-0.34889099 -0.81245530 0.46710977 -0.92702460 0.37231007 -0.04484005
-0.34797579 -0.81341094 0.46612832 -0.92728537 0.37183371 -0.04337720
-0.35012427 -0.81588221 0.46016222 -0.93285573 0.34819111 -0.09242932
-0.35810000 -0.83225739 0.42321637 -0.92952412 0.36051404 -0.07755389
-0.36247721 -0.84623337 0.39051175 -0.93142885 0.34349671 -0.12020978
-0.36206865 -0.84174526 0.40046382 -0.93053043 0.35170969 -0.10204645
-0.36004776 -0.83538771 0.41532281 -0.93202442 0.34173959 -0.12060083
-0.35428044 -0.82450664 0.44121897 -0.93372047 0.33787328 -0.11835425
-0.35106900 -0.81360501 0.46346247 -0.93315667 0.34484905 -0.10147839
-0.35092798 -0.80600774 0.47665620 -0.93557334 0.32321036 -0.14225924
-0.35051998 -0.80589592 0.47714514 -0.93575174 0.32245919 -0.14278913
-0.35513523 -0.81735414 0.45366415 -0.93480849 0.31232101 -0.16908213
-0.36048317 -0.83563113 0.41445446 -0.93270987 0.31806028 -0.16997071
-0.36511686 -0.79517168 0.48414025 -0.93077517 0.30138916 -0.20693517
-0.36622244 -0.84292579 0.39415383 -0.93036079 0.33969980 -0.13795961
-0.36710566 -0.84006900 0.39939654 -0.93017912 0.33129337 -0.15815040
-0.37703982 -0.86738944 0.32477143 -0.92582119 0.36294532 -0.10547882
-0.37943307 -0.86613637 0.32532793 -0.92178392 0.32361171 -0.21351817
-0.37837267 -0.90078819 0.21310762 -0.92479753 0.35797027 -0.12886767
-0.38015160 -0.89802504 0.22144023 -0.91931319 0.34052524 -0.19724575
-0.37799066 -0.90293789 0.20451494 -0.91798526 0.33687833 -0.20932294
-0.38007581 -0.89933085 0.21620935 -0.90916473 0.32022986 -0.26621857
-0.37793753 -0.90404004 0.19968708 -0.91412598 0.33018795 -0.23526515
-0.38276267 -0.89155239 0.24213044 -0.91012412 0.31889060 -0.26454285
-0.38302046 -0.89074922 0.24466547 -0.90671015 0.31190819 -0.28388375
-0.38012645 -0.88813901 0.25828877 -0.90685058 0.30291781 -0.29302377
-0.38593388 -0.88542968 0.25897756 -0.89281666 0.28781575 -0.34646863
-0.38747430 -0.87776399 0.28176963 -0.88654941 0.27098662 -0.37496182
-0.38878369 -0.85019255 0.35499293 -0.90187913 0.27243847 -0.33524820
-0.38617018 -0.85060072 0.35686284 -0.90186310 0.26692635 -0.33969602
-0.40431398 -0.80975705 0.42523387 -0.88534260 0.22980651 -0.40417498
-0.37899795 -0.81331193 0.44145700 -0.92043376 0.28196231 -0.27073798
-0.38174272 -0.79256147 0.47551951 -0.89185172 0.18080281 -0.41462144
-0.38938504 -0.75040537 0.53410780 -0.90529948 0.20493798 -0.37206635
-0.37558687 -0.74982893 0.54469359 -0.91476780 0.20558575 -0.34775630
-0.38078523 -0.72748667 0.57075906 -0.91260701 0.19632632 -0.35861459
-0.38302988 -0.69359249 0.61009634 -0.91705930 0.20625591 -0.34126341
-0.36168522 -0.71788788 0.59482837 -0.91793805 0.16265467 -0.36184692
-0.35796288 -0.70955592 0.60695392 -0.92519879 0.18183377 -0.33308223
-0.35155028 -0.71530443 0.60394710 -0.93094707 0.19906855 -0.30611968
-0.34936738 -0.74576533 0.56725347 -0.93337059 0.22386485 -0.28054225
-0.35567847 -0.72578716 0.58883435 -0.89971775 0.09535694 -0.42592853
-0.34622616 -0.75826430 0.55241543 -0.93470109 0.22835693 -0.27237299
-0.35460070 -0.77040160 0.52984881 -0.93146801 0.24172962 -0.27190837
-0.36238399 -0.78485852 0.50266784 -0.92695433 0.24729776 -0.28213391
-0.36734048 -0.78133219 0.50456023 -0.92298132 0.23930512 -0.30139434
-0.36478466 -0.81728339 0.44607189 -0.91488498 0.22562437 -0.33478227
-0.36373103 -0.81538373 0.45038769 -0.92555249 0.26178560 -0.27353412
-0.36187333 -0.82891548 0.42655236 -0.92701465 0.27165034 -0.25855368
-0.36091617 -0.81378794 0.45550925 -0.93031651 0.28001973 -0.23685482
-0.36065975 -0.81016773 0.46211785 -0.93194550 0.29313499 -0.21342333
-0.35935220 -0.80825490 0.46646544 -0.93194711 0.28490528 -0.22428480
-0.35555908 -0.78759313 0.50326425 -0.93297970 0.26686460 -0.24152063
-0.32395747 -0.76499587 0.55662632 -0.94598734 0.25407314 -0.20138238
-0.32587403 -0.74072880 0.58747512 -0.94473058 0.23152700 -0.23211952
-0.31767270 -0.72900581 0.60632879 -0.94811463 0.23561138 -0.21346183
-0.31720462 -0.72069877 0.61642069 -0.94819254 0.25312629 -0.19198456
-0.31895021 -0.71991456 0.61643636 -0.94770867 0.24974301 -0.19868752
-0.30971941 -0.71982580 0.62122846 -0.95047092 0.25228950 -0.18153518
-0.31111827 -0.72089058 0.61929178 -0.94907296 0.26972103 -0.16282241
-0.31341043 -0.72514480 0.61313862 -0.94817036 0.27459642 -0.15990573
-0.31741676 -0.76711452 0.55747825 -0.94804096 0.27007577 -0.16815916
-0.32351595 -0.77686632 0.54020017 -0.94559324 0.28625730 -0.15462944
-0.32268712 -0.77313364 0.54601961 -0.94490093 0.29671207 -0.13829045
-0.31866890 -0.74920362 0.58064109 -0.94454271 0.30224833 -0.12839404
-0.31337589 -0.72012770 0.61904097 -0.94436592 0.30486119 -0.12342080
-0.31657955 -0.73393410 0.60093105 -0.94331849 0.31013662 -0.11817586
-0.32138157 -0.76130444 0.56314236 -0.93986291 0.32906267 -0.09151820
-0.32171685 -0.76030481 0.56430024 -0.93720680 0.34049124 -0.07555926
-0.31350768 -0.74552161 0.58814156 -0.93527639 0.34954458 -0.05546841
-0.32431850 -0.77001524 0.54944891 -0.92946601 0.36735579 -0.03380388
-0.32415715 -0.76881707 0.55121905 -0.92714989 0.37394208 -0.02367342
-0.30521506 -0.73491490 0.60559380 -0.92375183 0.38299087 -0.00078815
-0.30295563 -0.74004203 0.60046285 -0.92751741 0.37370694 -0.00739056
-0.27567372 -0.69735831 0.66158551 -0.92881358 0.37053052 0.00354163
-0.27056259 -0.69012034 0.67121518 -0.93154138 0.36363178 -0.00162470
-0.27201590 -0.69098270 0.66973895 -0.93032646 0.36673221 0.00051068
-0.27001250 -0.68275464 0.67892516 -0.94488442 0.32349047 -0.05047092
-0.26912546 -0.68316191 0.67886764 -0.94419253 0.32615352 -0.04609226
-0.26826528 -0.67719281 0.68515962 -0.93891627 0.34295040 -0.02865762
-0.28965729 -0.70696008 0.64521790 -0.94136798 0.33226216 -0.05855078
-0.29856807 -0.71862966 0.62803555 -0.94449109 0.31700611 -0.08627689
-0.30031747 -0.71806037 0.62785244 -0.94208276 0.32632408 -0.07741231
-0.29828098 -0.70501423 0.64341545 -0.94719523 0.30175564 -0.10846537
-0.29690060 -0.69973010 0.64979064 -0.94809234 0.29716676 -0.11319437
-0.27845335 -0.67784792 0.68043077 -0.95017529 0.29776743 -0.09220403
-0.27025497 -0.66777551 0.69356918 -0.95008904 0.30159110 -0.07983506
-0.26695991 -0.66664308 0.69593066 -0.94979012 0.30428642 -0.07285999
-0.26946905 -0.68450660 0.67737520 -0.94967037 0.30555207 -0.06902286
-0.24895863 -0.62948298 0.73605078 -0.95560867 0.28330529 -0.08093348
-0.24045128 -0.60960162 0.75536025 -0.95339090 0.29446584 -0.06584568
-0.24256210 -0.62228459 0.74426180 -0.95701402 0.27923715 -0.07842722
-0.23514347 -0.58497167 0.77621889 -0.95462412 0.28915915 -0.07127337
-0.22431751 -0.56012952 0.79745632 -0.95196486 0.30097252 -0.05637774
-0.22709060 -0.58024091 0.78214478 -0.94394338 0.32872295 -0.03020178
-0.23268907 -0.59290069 0.77092457 -0.94146019 0.33614790 -0.02563833
-0.24511957 -0.62482476 0.74128979 -0.94213480 0.33387965 -0.03010890
-0.24997286 -0.63682467 0.72936136 -0.92294276 0.38445044 0.01935512
-0.24317662 -0.61610305 0.74918771 -0.93271095 0.36057115 -0.00622612
-0.24492580 -0.63194847 0.73529077 -0.91638243 0.39856252 0.03729861
-0.25076878 -0.64729083 0.71981227 -0.91621202 0.39875323 0.03938790
-0.26202565 -0.67116064 0.69345939 -0.91265959 0.40589342 0.04799049
-0.26109526 -0.66438091 0.70030516 -0.91095251 0.40959626 0.04895374
-0.27386516 -0.69224530 0.66767830 -0.91135579 0.40859434 0.04981281
-0.28335592 -0.70779747 0.64709526 -0.89519143 0.43725169 0.08627461
-0.27765143 -0.69829094 0.65977240 -0.88794935 0.44867176 0.10119094
-0.25817391 -0.66912383 0.69686419 -0.89008850 0.44519126 0.09770983
-0.26928240 -0.68485999 0.67709219 -0.89319819 0.44049829 0.09032317
-0.23399217 -0.63783062 0.73377091 -0.88084298 0.45854434 0.11769792
-0.23262866 -0.62892932 0.74184358 -0.88969082 0.44572496 0.09889127
-0.23341890 -0.62716508 0.74308789 -0.89885968 0.43066189 0.08112799
-0.22579122 -0.61181384 0.75809115 -0.90870690 0.41273743 0.06244689
-0.20717423 -0.57372683 0.79241174 -0.90715849 0.41590145 0.06394898
-0.20699078 -0.56872785 0.79605496 -0.90991616 0.41086560 0.05693886
-0.22114605 -0.57708424 0.78617316 -0.92391020 0.38205698 0.02055527
-0.20440201 -0.53983784 0.81657511 -0.93714023 0.34893119 -0.00390302
-0.20072968 -0.55078572 0.81014985 -0.92215210 0.38537261 0.03351779
-0.19453265 -0.54546237 0.81524712 -0.90961701 0.41135442 0.05817643
-0.15061688 -0.52961761 0.83475733 -0.90635568 0.41115391 0.09732401
-0.15576561 -0.53820157 0.82829720 -0.89824593 0.42604017 0.10790771
-0.14079146 -0.51491821 0.84559864 -0.92511970 0.37261719 0.07286958
-0.16303977 -0.52626693 0.83454251 -0.93849391 0.34367889 0.03337758
-0.14604677 -0.50183117 0.85254663 -0.94739544 0.31904772 0.02550480
-0.12713386 -0.49327549 0.86053252 -0.92662561 0.36855757 0.07436661
-0.08457747 -0.48360360 0.87119126 -0.92785937 0.35693261 0.10805655
-0.03512401 -0.46870768 0.88265479 -0.94724452 0.29715845 0.12010293
0.00546984 -0.43590927 0.89997405 -0.94372559 0.29536611 0.14879858
0.02429706 -0.46645582 0.88421077 -0.95040393 0.26354960 0.16514871
0.05416406 -0.40501675 0.91270357 -0.95331490 0.25096977 0.16794321
0.05769166 -0.38994658 0.91902846 -0.96164656 0.22555999 0.15607278
0.08811033 -0.33188936 0.93919432 -0.96330154 0.21160431 0.16514798
0.08804850 -0.32113084 0.94293290 -0.97069442 0.18483227 0.15358838
0.05503860 -0.48168480 0.87461454 -0.93265933 0.28797716 0.21729171
0.11118963 -0.32394961 0.93951774 -0.97715312 0.13666905 0.16276775
0.11000027 -0.32183430 0.94038433 -0.98117256 0.11595009 0.15445383
0.11968991 -0.23030850 0.96572894 -0.98682147 0.07909203 0.14116605
-0.01784608 -0.31629559 0.94849283 -0.99573165 0.09153960 0.01179099
-0.02314960 -0.34395933 0.93869919 -0.98999602 0.13860860 0.02637449
0.04407014 -0.31647557 0.94757640 -0.98213017 0.15999134 0.09911175
-0.05017661 -0.38438135 0.92180979 -0.98761928 0.15644951 0.01147837
-0.08683537 -0.38526160 0.91871279 -0.98506290 0.17085271 -0.02145971
-0.09458207 -0.42062485 0.90229094 -0.97653031 0.21537106 -0.00196371
-0.08169751 -0.42345393 0.90222633 -0.97740746 0.21109927 0.01057278
0.00144823 -0.41296485 0.91074580 -0.97470045 0.20297891 0.09358785
-0.09995905 -0.46962166 0.87719083 -0.96749401 0.25170404 0.02450537
-0.09407263 -0.47164908 0.87675393 -0.96012574 0.27586085 0.04538102
-0.15342434 -0.47030663 0.86906427 -0.96384180 0.26513675 -0.02667381
-0.15637501 -0.47480443 0.86608756 -0.97219115 0.22876254 -0.05012070
-0.19064692 -0.49446982 0.84802908 -0.96901423 0.23300113 -0.08198724
-0.19229814 -0.50283748 0.84271944 -0.96610761 0.24770525 -0.07265197
-0.20573790 -0.53847337 0.81714034 -0.96485597 0.25110370 -0.07745891
-0.20777151 -0.54130715 0.81475002 -0.96902364 0.22758408 -0.09590993
-0.20727374 -0.53492242 0.81908226 -0.96987540 0.22189617 -0.10051797
-0.21288997 -0.54366773 0.81185174 -0.96903259 0.22387840 -0.10418387
-0.23485292 -0.55927140 0.79502177 -0.96734565 0.21468240 -0.13473624
-0.24113993 -0.55382305 0.79695147 -0.96567839 0.21860099 -0.14028125
-0.25012270 -0.58326161 0.77281606 -0.96641326 0.19905698 -0.16254783
-0.25781742 -0.59161741 0.76388419 -0.96578526 0.18078421 -0.18594597
-0.27624914 -0.62845451 0.72713917 -0.96084970 0.19737373 -0.19445184
-0.27760717 -0.61521029 0.73786891 -0.96058208 0.18951349 -0.20338817
-0.29457501 -0.63025296 0.71833622 -0.95560181 0.19988193 -0.21650055
-0.29655531 -0.64766353 0.70184541 -0.95472491 0.18291929 -0.23460807
-0.30583918 -0.67890608 0.66749460 -0.95166510 0.19721584 -0.23545571
-0.30607566 -0.68096364 0.66528654 -0.95175719 0.20286264 -0.23022807
-0.31533480 -0.68091697 0.66099632 -0.94878840 0.21220081 -0.23403299
-0.29512873 -0.64374858 0.70603603 -0.95452553 0.16602032 -0.24762554
-0.29113013 -0.62624311 0.72323084 -0.95507586 0.14644566 -0.25765049
-0.28393075 -0.61985999 0.73154420 -0.95766526 0.14549339 -0.24841297
-0.28594112 -0.60440570 0.74359357 -0.95664167 0.13515124 -0.25801328
-0.30346251 -0.63086832 0.71408385 -0.94724977 0.11865535 -0.29772252
-0.31329867 -0.62784404 0.71249974 -0.94485444 0.13074298 -0.30026034
-0.31972706 -0.60521412 0.72903401 -0.93997413 0.10575277 -0.32444587
-0.29753086 -0.57133079 0.76488990 -0.94945580 0.09311533 -0.29977214
-0.29382771 -0.56785953 0.76889586 -0.95021307 0.08623099 -0.29943174
-0.29554731 -0.51268345 0.80610645 -0.95232213 0.09122272 -0.29113755
-0.26633155 -0.50877970 0.81866401 -0.96326894 0.11021628 -0.24487840
-0.24279518 -0.48353446 0.84097862 -0.96976858 0.09910221 -0.22299714
-0.25151405 -0.48109281 0.83981568 -0.96751684 0.10208768 -0.23127745
-0.24673128 -0.45689440 0.85461754 -0.96899134 0.10412440 -0.22408463
-0.23971349 -0.45485768 0.85769576 -0.97079092 0.10309293 -0.21664914
-0.24016158 -0.40622488 0.88164830 -0.97070599 0.10727302 -0.21499422
-0.22876348 -0.40721020 0.88422120 -0.97347927 0.09352307 -0.20878594
-0.19597304 -0.38589564 0.90148723 -0.98030257 0.10008755 -0.17026260
-0.19115005 -0.35829335 0.91383129 -0.98127526 0.09221254 -0.16910306
-0.16538742 -0.34682474 0.92323327 -0.98183697 0.14614798 -0.12098327
-0.17759342 -0.41069514 0.89430988 -0.98170370 0.13736601 -0.13186547
-0.17158583 -0.44317627 0.87985975 -0.97904873 0.17610624 -0.10222625
-0.14794740 -0.43249014 0.88941777 -0.97954249 0.18812168 -0.07146247
-0.14053810 -0.38764548 0.91103244 -0.98096693 0.17904657 -0.07514180
-0.14369863 -0.36636415 0.91930848 -0.98404926 0.15133952 -0.09350634
-0.14694408 -0.40728429 0.90140277 -0.98757213 0.11177702 -0.11048653
-0.15000466 -0.44736081 0.88168418 -0.98723203 0.11610845 -0.10904931
-0.07961315 -0.30848441 0.94789195 -0.99340421 0.10327434 -0.04982583
-0.14556445 -0.43477973 0.88869435 -0.97747326 0.20196180 -0.06129943
-0.19036983 -0.45870766 0.86795551 -0.97701198 0.17493960 -0.12183515
-0.20538637 -0.46694884 0.86010188 -0.97560054 0.16735923 -0.14210738
-0.21305600 -0.47190922 0.85551673 -0.97575939 0.14758816 -0.16159025
-0.21217974 -0.44593087 0.86955476 -0.97659749 0.12878709 -0.17225371
-0.20945249 -0.50452489 0.83760631 -0.97039855 0.21258086 -0.11461241
-0.22920068 -0.52266711 0.82114935 -0.97012842 0.19154952 -0.14886141
-0.23345023 -0.51658672 0.82379562 -0.97083092 0.17145713 -0.16760013
-0.23090219 -0.48191574 0.84524637 -0.97205555 0.15205555 -0.17884941
-0.23759559 -0.53062451 0.81362522 -0.97124749 0.14275672 -0.19052246
-0.24262021 -0.51830417 0.82005876 -0.96970004 0.15447833 -0.18925728
-0.24491590 -0.55300319 0.79636908 -0.96915114 0.16302869 -0.18484534
-0.25815338 -0.56970221 0.78025401 -0.96605587 0.16028115 -0.20259817
-0.26678649 -0.55285478 0.78941536 -0.96352017 0.13489607 -0.23115361
-0.19922809 -0.50537372 0.83958656 -0.97084409 0.21833581 -0.09895135
-0.14473970 -0.36453283 0.91987294 -0.98672765 0.12234020 -0.10677739
-0.18203188 -0.32316351 0.92867100 -0.98309934 0.04108695 -0.17840292
-0.19550833 -0.41463587 0.88873714 -0.97943306 0.12863903 -0.15544412
-0.22882949 -0.44162238 0.86752909 -0.97315568 0.12629686 -0.19239837
-0.22913954 -0.47752154 0.84821481 -0.97243625 0.15093680 -0.17772391
-0.26216260 -0.52151418 0.81196910 -0.96487361 0.12681472 -0.23008025
-0.27196410 -0.57746065 0.76978880 -0.96075547 0.11752369 -0.25127113
-0.33321756 -0.61929023 0.71094704 -0.93898237 0.14974040 -0.30966109
-0.33434576 -0.66817963 0.66464198 -0.93334281 0.13694778 -0.33183813
-0.33220318 -0.67717516 0.65656292 -0.93543714 0.14737058 -0.32130885
-0.31430167 -0.67033136 0.67221302 -0.94695628 0.17140874 -0.27183241
-0.27222249 -0.58713037 0.76234704 -0.96101427 0.12600690 -0.24611785
-0.26789546 -0.58862573 0.76272655 -0.96338356 0.15450282 -0.21913716
-0.30427867 -0.62710202 0.71704781 -0.95032376 0.14802374 -0.27381337
-0.30086175 -0.65202212 0.69595218 -0.95209855 0.16351384 -0.25840199
-0.30112478 -0.65147591 0.69634986 -0.95315635 0.22751848 -0.19931972
-0.30004367 -0.65500069 0.69350410 -0.95310146 0.23605569 -0.18940823
-0.29523635 -0.65270120 0.69772249 -0.95334041 0.24945822 -0.17003757
-0.28338698 -0.68413943 0.67204541 -0.95848507 0.22514126 -0.17497951
-0.27436432 -0.64281523 0.71520120 -0.95584840 0.26370600 -0.12966494
-0.26740849 -0.62257695 0.73545277 -0.95746380 0.25755930 -0.13010147
-0.25228611 -0.61124164 0.75015694 -0.96001774 0.25529799 -0.11484315
-0.24704406 -0.61287785 0.75056648 -0.96436423 0.23121308 -0.12861627
-0.25116470 -0.59889531 0.76042140 -0.96289957 0.23469597 -0.13319993
-0.26885191 -0.61555225 0.74081987 -0.96046340 0.22907603 -0.15822224
-0.27700371 -0.61873657 0.73514217 -0.95898569 0.22589962 -0.17121890
-0.28018039 -0.60998875 0.74122375 -0.95965648 0.15897411 -0.23191983
-0.26107576 -0.57632792 0.77439374 -0.96528560 0.16247120 -0.20451613
-0.24865673 -0.59418595 0.76492673 -0.96373141 0.23078896 -0.13400862
-0.23391569 -0.54816812 0.80299145 -0.96904778 0.19849695 -0.14678335
-0.21070498 -0.54867464 0.80904853 -0.95803100 0.28046370 -0.05930249
-0.19553149 -0.50196266 0.84249687 -0.95521861 0.29203120 -0.04769935
-0.18998751 -0.50622916 0.84121156 -0.95288944 0.30142704 -0.03381544
-0.20144674 -0.53877711 0.81800878 -0.94729245 0.31955707 -0.02281024
-0.19813918 -0.50311464 0.84119946 -0.97280043 0.20600787 -0.10592529
-0.14653251 -0.43877923 0.88656700 -0.97666705 0.20642042 -0.05926284
-0.18999659 -0.49794611 0.84613889 -0.95791006 0.28292564 -0.04859476
-0.13551608 -0.41388828 0.90018439 -0.97246343 0.22943760 -0.04090593
-0.12010133 -0.39097637 0.91253120 -0.98364413 0.17115451 -0.05612914
-0.05182897 -0.31671596 0.94710338 -0.99549860 0.09173959 -0.02379918
0.06421737 -0.33969346 0.93834132 -0.98400390 0.13501580 0.11622012
0.06132085 -0.35864052 0.93145949 -0.97791874 0.16520792 0.12798953
0.08817074 -0.33221880 0.93907225 -0.96342599 0.21105611 0.16512337
-0.93339533 0.27470386 0.23089160 -0.13224784 0.33480805 -0.93295991
0.07947224 -0.36040050 0.92940611 -0.95497847 0.23981707 0.17465395
-0.94243973 0.24235833 0.23036885 -0.14305563 0.33047119 -0.93291152
-0.94310558 0.23820280 0.23197277 -0.14896107 0.32104081 -0.93527722
-0.94127220 0.24166597 0.23580560 -0.16163804 0.29064175 -0.94308031
-0.94119042 0.24294148 0.23481925 -0.15956065 0.29302001 -0.94269812
0.19026650 -0.22588101 0.95539337 -0.96616220 0.12955120 0.22304058
-0.93809772 0.25193289 0.23770255 -0.17420958 0.24996731 -0.95245337
-0.92762411 0.28012842 0.24706621 -0.16673201 0.28135315 -0.94500846
-0.91044009 0.32385001 0.25733274 -0.15484951 0.31003448 -0.93803000
-0.90981919 0.32496023 0.25812772 -0.16692542 0.28290409 -0.94451112
-0.90175480 0.34405279 0.26166013 -0.17358908 0.26613680 -0.94817615
-0.86906272 0.40978360 0.27714148 -0.15601163 0.30460551 -0.93961477
-0.87466717 0.39978528 0.27409706 -0.15063550 0.31328639 -0.93763566
-0.82484633 0.48217252 0.29519197 -0.16852507 0.28869900 -0.94247133
-0.86256254 0.41064021 0.29556808 -0.22790970 0.20620340 -0.95159727
-0.77212191 0.55379766 0.31166640 -0.18360287 0.27511966 -0.94371563
-0.75056225 0.58221895 0.31253394 -0.10342639 0.36362830 -0.92578483
-0.72496063 0.60836649 0.32298976 -0.09345773 0.37770653 -0.92119676
-0.70434123 0.62983227 0.32743675 -0.09204320 0.37634316 -0.92189682
-0.57626188 0.74155122 0.34354627 -0.16698474 0.30465823 -0.93770969
-0.61052477 0.70692480 0.35709506 -0.06931211 0.40145808 -0.91325098
-0.49846864 0.76469457 0.40837628 -0.04516014 0.44752747 -0.89312917
-0.64353913 0.66620195 0.37687185 -0.01013768 0.48491508 -0.87450254
-0.58591175 0.70787042 0.39449573 -0.00986379 0.48054084 -0.87691689
-0.67638695 0.63854611 0.36709625 0.01794937 0.51254410 -0.85847330
-0.67187905 0.64073443 0.37153456 0.02678142 0.52231437 -0.85233235
-0.64376467 0.65882212 0.38925642 0.03935590 0.53651553 -0.84297228
-0.66308737 0.64466506 0.38042369 0.06392807 0.55513400 -0.82930064
-0.66310233 0.63918972 0.38952777 0.05861746 0.56313562 -0.82428288
-0.66353834 0.63643521 0.39327741 0.05536678 0.56600392 -0.82254124
-0.61699253 0.66541141 0.42017612 0.07144433 0.57907331 -0.81213903
-0.62134552 0.66380429 0.41628543 0.07143472 0.57706916 -0.81356514
-0.58288813 0.68566787 0.43600577 0.05285129 0.56744438 -0.82171381
-0.58609891 0.68502843 0.43269402 0.00929986 0.53968471 -0.84181589
-0.53646970 0.71297574 0.45151511 0.00291227 0.53658235 -0.84384292
-0.54076725 0.73272622 0.41313806 0.02723209 0.50613791 -0.86202246
-0.50231427 0.72866154 0.46554556 0.03654808 0.55580950 -0.83050597
-0.55397701 0.69963211 0.45124766 0.05166157 0.56986248 -0.82011455
-0.53515816 0.70246607 0.46919852 0.08402835 0.59693938 -0.79787385
-0.46867788 0.72856820 0.49952927 0.03865325 0.58185428 -0.81237400
-0.60821140 0.66449225 0.43419927 0.08018483 0.59564030 -0.79923904
-0.60862547 0.66060221 0.43952233 0.07970998 0.60203499 -0.79448110
-0.57468772 0.68371063 0.44974858 0.10942024 0.60882479 -0.78572237
-0.59750426 0.65846950 0.45760971 0.12130171 0.63833696 -0.76013935
-0.60065401 0.65094197 0.46420839 0.12929502 0.65206039 -0.74706095
-0.56589907 0.65889978 0.49558985 0.14550766 0.67147851 -0.72659767
-0.51074535 0.67861003 0.52785188 0.15277982 0.67584181 -0.72103834
-0.56874382 0.61904401 0.54158562 0.17256324 0.73360145 -0.65730572
-0.60725600 0.59940398 0.52149308 0.17448735 0.74096370 -0.64848059
-0.63570249 0.57714701 0.51262438 0.18699370 0.75943398 -0.62313199
-0.62189662 0.57354611 0.53318810 0.23544194 0.78630942 -0.57121336
-0.64468396 0.52844280 0.55238640 0.19232370 0.81147134 -0.55183864
-0.66021490 0.51805478 0.54381573 0.18506174 0.81392944 -0.55070049
-0.62003100 0.52822554 0.58012009 0.21228068 0.82477200 -0.52410698
-0.61108428 0.53027743 0.58769196 0.25171223 0.83408183 -0.49086508
-0.63249958 0.52341902 0.57094383 0.24952593 0.83551610 -0.48954028
-0.64169371 0.51057416 0.57231402 0.24554260 0.84369707 -0.47737214
-0.68086761 0.50966144 0.52598906 0.23661925 0.83272374 -0.50058216
-0.68513864 0.52282566 0.50718671 0.25123250 0.82317638 -0.50917876
-0.71451318 0.50667208 0.48244619 0.26865011 0.83541501 -0.47948825
-0.72893345 0.49069467 0.47736230 0.27974880 0.84993213 -0.44649306
-0.71256596 0.47878829 0.51284647 0.28458881 0.86537057 -0.41248399
-0.65167505 0.49074829 0.57834744 0.29232612 0.86608523 -0.40551433
-0.75086552 0.45976186 0.47415188 0.31227925 0.87974209 -0.35851842
-0.70263666 0.47612190 0.52878141 0.31013694 0.87376142 -0.37464127
-0.75823230 0.46296969 0.45906743 0.31087577 0.87563789 -0.36961392
-0.76094353 0.46968079 0.44762141 0.31318969 0.87010300 -0.38056940
-0.75074363 0.48621863 0.44718617 0.30050355 0.85421389 -0.42428321
-0.78100914 0.47894135 0.40079910 0.28849852 0.84587806 -0.44861892
-0.78688920 0.48026329 0.38749528 0.29403007 0.84387064 -0.44880807
-0.78183824 0.48134908 0.39627278 0.28471920 0.84108174 -0.45990920
-0.76352501 0.48671347 0.42442852 0.21518426 0.81142694 -0.54339862
-0.78849930 0.46606874 0.40130883 0.32198933 0.86875057 -0.37629160
-0.80586857 0.46044230 0.37224835 0.33064646 0.87149698 -0.36216840
-0.81581563 0.45722169 0.35410908 0.33123362 0.87135595 -0.36197117
-0.82880384 0.45266661 0.32890305 0.31847912 0.86494148 -0.38787538
-0.84144717 0.44271702 0.30978772 0.34057164 0.87964046 -0.33202976
-0.84645069 0.43998802 0.29988649 0.34278217 0.88124853 -0.32542506
-0.84170628 0.44286034 0.30887759 0.35683408 0.88558459 -0.29733726
-0.84136540 0.44187197 0.31121293 0.35295486 0.88529950 -0.30276692
-0.84697670 0.43794969 0.30138120 0.36933851 0.89248699 -0.25895199
-0.84122419 0.44145015 0.31219178 0.34208444 0.88168871 -0.32496670
-0.85442871 0.43716645 0.28077951 0.33919269 0.87869489 -0.33592200
-0.86392522 0.43239391 0.25820306 0.34458038 0.88140619 -0.32309040
-0.86659396 0.42972466 0.25367630 0.36246705 0.89145845 -0.27188146
-0.87039793 0.42629781 0.24632850 0.36146700 0.89298695 -0.26817143
-0.88535297 0.42022803 0.19889325 0.35304978 0.88603848 -0.30048561
-0.87285203 0.42667866 0.23680080 0.35079294 0.88596255 -0.30333930
-0.89135820 0.41380283 0.18506147 0.34006974 0.88037777 -0.33058670
-0.89579654 0.41068804 0.16995293 0.33530733 0.87543404 -0.34811521
-0.89994574 0.40782106 0.15420680 0.33757055 0.87558204 -0.34554631
-0.90342265 0.40450767 0.14213058 0.34090960 0.87875110 -0.33403173
-0.37191603 -0.87967157 0.29640582 -0.90077960 0.41913861 0.11366161
-0.89617914 0.41297767 0.16221118 0.36598399 0.89473283 -0.25594699
-0.90090889 0.41060629 0.14059058 0.37106341 0.89673495 -0.24120197
-0.90213042 0.41010702 0.13406347 0.37145907 0.89629644 -0.24222074
-0.90627825 0.40655982 0.11562392 0.36681205 0.89240921 -0.26278272
-0.90724641 0.40705422 0.10588109 0.37936687 0.90065491 -0.21189989
-0.38315871 -0.90194356 0.19921671 -0.91260093 0.40296060 0.06915432
-0.38069907 -0.89948350 0.21447083 -0.91599721 0.39857712 0.04566696
-0.90642703 0.40449709 0.12154109 0.35956344 0.88999182 -0.28040808
-0.90522242 0.40893647 0.11551349 0.37973985 0.90047538 -0.21199481
-0.89164579 0.41589844 0.17887506 0.36519536 0.89424115 -0.25877625
-0.88833261 0.41774410 0.19067028 0.36207843 0.89258891 -0.26867142
-0.86954635 0.42368004 0.25374094 0.40337110 0.90574843 -0.13004465
-0.37492564 -0.88148904 0.28706783 -0.90330124 0.41701084 0.10074162
-0.36180514 -0.84955716 0.38386148 -0.89713669 0.42923951 0.10439935
-0.36220208 -0.84944272 0.38374054 -0.89659953 0.43004897 0.10567503
-0.34772381 -0.83362478 0.42913628 -0.88099420 0.44712049 0.15470158
-0.34134874 -0.82202429 0.45580384 -0.89358336 0.43421113 0.11388353
-0.32915783 -0.80075896 0.50044012 -0.88559258 0.44569966 0.13068163
-0.32815158 -0.79295516 0.51336026 -0.89260823 0.43814605 0.10620095
-0.33563572 -0.80259925 0.49313596 -0.90115911 0.42603400 0.08004565
-0.33750567 -0.80363095 0.49017063 -0.89712387 0.43229750 0.09103617
-0.32655710 -0.78775972 0.52229798 -0.91404217 0.40386811 0.03764910
-0.31270918 -0.76409632 0.56424272 -0.91375595 0.40419477 0.04094666
-0.30879822 -0.75002968 0.58489239 -0.90545565 0.42008540 0.06064947
-0.29713726 -0.72784978 0.61801642 -0.90347081 0.42374331 0.06466915
-0.29057512 -0.72163188 0.62834191 -0.91695356 0.39765561 0.03265271
-0.31780589 -0.76774579 0.55638647 -0.88938969 0.44476196 0.10570136
-0.28721610 -0.72670770 0.62402147 -0.87015545 0.47028700 0.14717218
-0.30202904 -0.74433267 0.59560680 -0.86993206 0.47071674 0.14711896
-0.31919649 -0.77605462 0.54392356 -0.86106879 0.47721693 0.17556931
-0.32663360 -0.79131675 0.51684469 -0.86468506 0.47098017 0.17463514
-0.87117833 0.43246230 0.23243216 0.27480090 0.82182038 -0.49909496
-0.85640550 0.44550705 0.26094663 0.29908922 0.84005237 -0.45261213
-0.85690463 0.44298235 0.26359257 0.28825122 0.83572400 -0.46741495
-0.86567336 0.43626729 0.24552087 0.30226496 0.84646153 -0.43833637
-0.86391598 0.43519637 0.25348252 0.31208903 0.85762018 -0.40876415
-0.86449629 0.43528101 0.25134969 0.32383007 0.86477137 -0.38380277
-0.87035465 0.42996433 0.24002814 0.32570541 0.86824143 -0.37426314
-0.89119697 0.41349620 0.18651818 0.32036918 0.86484146 -0.38653964
-0.89184713 0.41218922 0.18630317 0.31934541 0.86544478 -0.38603592
-0.34146276 -0.83171934 0.43777415 -0.88613755 0.44014248 0.14503394
-0.89110309 0.41264158 0.18884464 0.29716048 0.84510249 -0.44440684
-0.84837079 0.44647530 0.28447649 0.32558802 0.86374092 -0.38463497
-0.83834004 0.45272663 0.30368498 0.32203481 0.86075574 -0.39419934
-0.88329703 0.42113003 0.20599961 0.30298075 0.84810168 -0.43465650
-0.85639143 0.44558364 0.26086193 0.29923880 0.84004748 -0.45252228
-0.83298510 0.46433678 0.30087745 0.27417758 0.81873882 -0.50447345
-0.80974466 0.47883427 0.33916259 0.26986066 0.81714267 -0.50936550
-0.79330784 0.48854458 0.36329997 0.24631520 0.80325741 -0.54231572
-0.77082032 0.50270617 0.39130884 0.24971983 0.80352437 -0.54035956
-0.77604812 0.50023258 0.38407907 0.25253814 0.80452049 -0.53756046
-0.78644305 0.49169651 0.37382075 0.25028521 0.80698991 -0.53490615
-0.74308014 0.50859982 0.43492311 0.26817039 0.82175916 -0.50278884
-0.73597819 0.51284403 0.44195825 0.26498210 0.81894577 -0.50903082
-0.74418432 0.51660717 0.42344639 0.23211910 0.79442149 -0.56126225
-0.71653426 0.53535706 0.44718167 0.22446659 0.78393626 -0.57884258
-0.68492705 0.55365980 0.47364110 0.23543872 0.78336561 -0.57524514
-0.70468450 0.55240971 0.44526768 0.18868656 0.75086713 -0.63292652
-0.67876947 0.56981665 0.46322903 0.19036883 0.74577141 -0.63842362
-0.66019750 0.58805639 0.46725693 0.15700954 0.71641099 -0.67978179
-0.65542775 0.60470778 0.45248532 0.17307808 0.70343018 -0.68936926
-0.71076125 0.57203913 0.40937728 0.17035110 0.70462137 -0.68883181
-0.71718323 0.57442546 0.39456767 0.16296105 0.68872756 -0.70646870
-0.73309994 0.56461620 0.37917417 0.15363267 0.68057621 -0.71638894
-0.78476894 0.52004319 0.33718354 0.19293541 0.72197700 -0.66447359
-0.78682011 0.51232594 0.34414569 0.17816319 0.72241330 -0.66811448
-0.76527148 0.52413583 0.37368605 0.19623929 0.74284995 -0.64005017
-0.74803871 0.53269970 0.39581460 0.19566777 0.74693215 -0.63545775
-0.80270463 0.49382204 0.33437279 0.21632062 0.76358163 -0.60839832
-0.80785751 0.49189115 0.32466799 0.19763671 0.74506193 -0.63704193
-0.83798045 0.46494380 0.28568539 0.19848309 0.74734992 -0.63409197
-0.84896159 0.45419422 0.27013302 0.20840356 0.75749969 -0.61867785
-0.79822850 0.49270704 0.34651259 0.22736016 0.77915883 -0.58413953
-0.28113770 -0.72306192 0.63098574 -0.84213263 0.50117356 0.19909212
-0.28882530 -0.72776616 0.62204212 -0.84663767 0.49749818 0.18894540
-0.29042232 -0.72811329 0.62089121 -0.86202443 0.48076069 0.16057099
-0.24539733 -0.68667704 0.68429148 -0.84858608 0.49343795 0.19084230
-0.25233579 -0.68324530 0.68520254 -0.84587634 0.49963552 0.18670207
-0.23354585 -0.65256101 0.72084707 -0.85574412 0.48994994 0.16628596
-0.21975623 -0.63430542 0.74119079 -0.84509879 0.50333112 0.18018295
-0.20740001 -0.61938137 0.75720006 -0.82251453 0.52943140 0.20777917
-0.20313331 -0.62236363 0.75591034 -0.82472813 0.52488333 0.21052578
-0.17358847 -0.59584433 0.78411514 -0.84698296 0.49657086 0.18983497
-0.81769991 0.49909237 0.28683388 0.19671878 0.71056080 -0.67557758
-0.80627787 0.50994116 0.29979312 0.16973048 0.68492806 -0.70856559
-0.78434420 0.52774966 0.32601318 0.14513204 0.66708517 -0.73070800
-0.77171415 0.54111922 0.33413675 0.20027420 0.70544243 -0.67988324
-0.76472116 0.54874867 0.33775204 0.12230176 0.63824648 -0.76005507
-0.72565711 0.58304214 0.36535406 0.13192351 0.63904047 -0.75777543
-0.71837211 0.58671850 0.37376863 0.13911209 0.64759248 -0.74918079
-0.65253133 0.62907314 0.42245692 0.12239143 0.63768214 -0.76051420
-0.64219457 0.63058484 0.43583140 0.13042329 0.65016443 -0.74851590
-0.71400237 0.59908783 0.36234581 0.09759772 0.59764206 -0.79580063
-0.69292367 0.61463976 0.37692800 0.09339917 0.59489065 -0.79836190
-0.66061348 0.63558400 0.39952835 0.10320774 0.60402590 -0.79025370
-0.77697265 0.54336840 0.31790626 0.11771047 0.62147403 -0.77454144
-0.77603000 0.54490054 0.31758609 0.11145181 0.61410338 -0.78131664
-0.76461363 0.55573231 0.32638559 0.10433897 0.60648382 -0.78821999
-0.75256401 0.56775784 0.33361420 0.05698464 0.56085962 -0.82594752
-0.76282775 0.55798125 0.32672736 0.05818579 0.56248569 -0.82475716
-0.73843873 0.58323270 0.33844942 0.04496929 0.54338741 -0.83827668
-0.75316340 0.57058543 0.32737932 0.01431274 0.51175857 -0.85901016
-0.73225218 0.59154999 0.33745432 0.01205523 0.50668436 -0.86204737
-0.71650457 0.60479784 0.34762162 0.01345149 0.51020938 -0.85994506
-0.74431598 0.58227944 0.32702366 -0.00840165 0.48147961 -0.87641704
-0.71331489 0.61256337 0.34051132 -0.01909232 0.46869460 -0.88315398
-0.76132315 0.56694227 0.31458464 -0.04868898 0.43383047 -0.89967805
-0.75154591 0.57582307 0.32187968 -0.04926201 0.43758222 -0.89782798
-0.80490124 0.51506346 0.29469249 -0.08697488 0.38884905 -0.91718692
-0.81632495 0.50239891 0.28497198 -0.07261129 0.40020120 -0.91354620
-0.86237103 0.43594813 0.25742093 -0.05940753 0.41781071 -0.90658975
-0.84366280 0.46643743 0.26583704 -0.05261715 0.42093730 -0.90556240
-0.85683340 0.43678957 0.27395523 -0.07733721 0.41644984 -0.90586340
-0.88424671 0.38648382 0.26217946 -0.11371586 0.36631349 -0.92351675
-0.88436258 0.38442361 0.26480427 -0.11825547 0.36426908 -0.92375517
-0.89328897 0.37136075 0.25323120 -0.09002978 0.40414155 -0.91025507
-0.89952189 0.35923871 0.24861215 -0.08754456 0.40930524 -0.90818787
-0.91623747 0.32002085 0.24103034 -0.11672970 0.36227745 -0.92473203
-0.91232783 0.33233714 0.23918608 -0.08891287 0.40941674 -0.90800464
-0.90124416 0.35474622 0.24882555 -0.08708888 0.41423020 -0.90599602
-0.89195228 0.39179453 0.22565074 -0.03317755 0.44102094 -0.89688343
-0.90725929 0.36348546 0.21156311 -0.01829033 0.46846056 -0.88329506
-0.86956930 0.42866156 0.24515010 -0.02865326 0.45180905 -0.89165443
-0.84515494 0.47387064 0.24730483 0.01491691 0.48339540 -0.87527508
-0.83953130 0.48484984 0.24516913 0.01919350 0.47743475 -0.87845755
-0.06065831 -0.46061683 0.88552397 -0.90740365 0.39506030 0.14333871
-0.09913253 -0.51160252 0.85348439 -0.87135381 0.45883146 0.17382839
-0.87466514 0.44597650 0.18991020 0.06781124 0.50051433 -0.86306840
-0.13175416 -0.53369868 0.83534825 -0.88919967 0.43609387 0.13836977
-0.12423135 -0.53475523 0.83582503 -0.85515410 0.48493850 0.18315610
-0.13025570 -0.54536581 0.82801551 -0.86191720 0.47504273 0.17729427
-0.09925669 -0.51601940 0.85080677 -0.86964208 0.46053055 0.17786045
-0.84309149 0.47420716 0.25362229 0.06446862 0.55734187 -0.82777643
-0.84104991 0.47528690 0.25833595 0.06150513 0.55847257 -0.82723975
-0.82004648 0.50151861 0.27568609 0.07572249 0.57256740 -0.81635332
-0.74243569 0.57978338 0.33561948 0.03409520 0.53303921 -0.84540331
-0.77635670 0.54523563 0.31620955 0.04370606 0.54704779 -0.83595967
-0.82405913 0.49261117 0.27975136 0.02369159 0.52335632 -0.85178459
-0.83275455 0.48352507 0.26967248 0.01337428 0.50451493 -0.86329943
-0.80892092 0.51481444 0.28392431 -0.00301732 0.47929060 -0.87765104
-0.83553976 0.47835451 0.27027810 0.00011624 0.49207848 -0.87055087
-0.81095231 0.51193261 0.28333986 -0.02873594 0.44881821 -0.89316100
-0.79173893 0.53515273 0.29455227 -0.01452398 0.46556506 -0.88489449
-0.78836596 0.53615463 0.30169094 0.00958250 0.50103182 -0.86537582
-0.76543564 0.55912733 0.31856692 0.00389881 0.49906421 -0.86655623
-0.83570331 0.47981000 0.26717490 0.05361633 0.55545586 -0.82981575
-0.14643060 -0.55442584 0.81924975 -0.85785156 0.48357069 0.17392544
-0.15857516 -0.56804770 0.80757403 -0.85120445 0.49310789 0.17970973
-0.15554211 -0.57409155 0.80388153 -0.82297099 0.52541983 0.21599258
-0.19181721 -0.59707797 0.77891219 -0.86701906 0.47497725 0.15058084
-0.15832657 -0.55757099 0.81489098 -0.87839049 0.45646665 0.14166312
-0.09261107 -0.50333065 0.85911673 -0.87880075 0.44696411 0.16712989
-0.08974231 -0.50461966 0.85866487 -0.87981874 0.44421157 0.16910081
-0.01370170 -0.44461918 0.89561492 -0.94640964 0.29481611 0.13187976
-0.80851549 0.51401412 0.28651729 -0.02517211 0.45622712 -0.88950729
-0.80612117 0.51734418 0.28726944 -0.02785969 0.45173848 -0.89171535
-0.67728937 0.64130050 0.36057305 -0.01831436 0.47524950 -0.87966049
-0.76415360 0.56306994 0.31467679 -0.00964494 0.47781634 -0.87840682
-0.78973335 0.53422111 0.30154440 0.00876118 0.50132680 -0.86521363
-0.84110004 0.47171485 0.26464280 0.04857612 0.55318439 -0.83164138
-0.71931309 0.59593648 0.35699919 0.09170616 0.59086156 -0.80154389
-0.81889105 0.50384080 0.27488533 0.10004117 0.59690547 -0.79605007
-0.81674874 0.49992257 0.28809536 0.15750158 0.67350960 -0.72220361
-0.19362961 -0.61230797 0.76654202 -0.81824708 0.53186345 0.21815810
-0.19020905 -0.59376419 0.78183419 -0.86778873 0.47409174 0.14892857
-0.22471149 -0.63999099 0.73479003 -0.86906910 0.47267973 0.14592054
-0.23364255 -0.68307352 0.69196945 -0.82703042 0.51384717 0.22799535
-0.81601441 0.49879119 0.29210931 0.16806051 0.68824965 -0.70573938
-0.73054320 0.57199693 0.37299618 0.16361824 0.67693228 -0.71762931
-0.64652032 0.61946809 0.44527611 0.12511000 0.66185474 -0.73911828
-0.72350073 0.54794610 0.41988307 0.18413711 0.73938715 -0.64761114
-0.72987890 0.52271634 0.44050479 0.23184505 0.79551113 -0.55983031
-0.75184429 0.51321650 0.41393125 0.21279524 0.78307420 -0.58439118
-0.81220698 0.48267350 0.32763731 0.23060429 0.78153050 -0.57968253
-0.84627330 0.45447448 0.27798289 0.27108154 0.81653529 -0.50969100
-0.85129386 0.45088953 0.26832336 0.27340758 0.81768066 -0.50660312
-0.85503358 0.44891426 0.25960284 0.27291855 0.81521964 -0.51081556
-0.86826956 0.43754235 0.23380481 0.25145960 0.79442769 -0.55285865
-0.30446467 -0.74382192 0.59500438 -0.87198383 0.46904132 0.14015855
-0.33252987 -0.79398173 0.50893706 -0.91753870 0.39713985 0.02006690
-0.33457291 -0.79300863 0.50911522 -0.91661531 0.39929092 0.01957607
-0.31041393 -0.75982422 0.57123590 -0.89301753 0.43905711 0.09873524
-0.32869101 -0.79492265 0.50996107 -0.86816424 0.46689549 0.16822457
-0.34352660 -0.82093567 0.45612949 -0.89404422 0.43456748 0.10879353
-0.34365135 -0.83165556 0.43617982 -0.89177114 0.43458462 0.12601776
-0.89412558 0.41046572 0.17904589 0.32269764 0.86778420 -0.37791115
-0.88679004 0.41859305 0.19591662 0.35929197 0.89102370 -0.27746373
-0.87594652 0.42324212 0.23148170 0.37096485 0.89772552 -0.23764250
-0.89209896 0.41558185 0.17734496 0.37363666 0.89920568 -0.22765069
-0.87133968 0.42820004 0.23960787 0.34365392 0.88110244 -0.32490075
-0.85382360 0.44213560 0.27477515 0.32962227 0.86773455 -0.37200260
-0.82467675 0.44765925 0.34570137 0.34306842 0.88183743 -0.32352245
-0.82087213 0.44975644 0.35197759 0.34331575 0.88111699 -0.32521883
-0.81560689 0.44928777 0.36459002 0.34868902 0.88450462 -0.30994776
-0.80737323 0.45017549 0.38143218 0.35107759 0.88608366 -0.30265537
-0.81604767 0.45578730 0.35542119 0.34028676 0.87592995 -0.34198204
-0.82373846 0.45609888 0.33679190 0.33849934 0.87216079 -0.35320511
-0.83418775 0.45957446 0.30483142 0.31741139 0.85212857 -0.41608524
-0.77864236 0.49219656 0.38917688 0.32343701 0.84632051 -0.42323765
-0.76318425 0.48884663 0.42258596 0.28098261 0.83996791 -0.46422267
-0.78587949 0.46300486 0.40990227 0.31938812 0.87151957 -0.37208197
-0.73272884 0.49329191 0.46879807 0.28569835 0.84821606 -0.44598889
-0.74727255 0.50349134 0.43368223 0.26002488 0.82213944 -0.50643241
-0.69410568 0.53116244 0.48588461 0.23873709 0.80660880 -0.54072815
-0.65117061 0.49375015 0.57635725 0.29469219 0.86434251 -0.40751517
-0.58439583 0.54753846 0.59890175 0.18442164 0.80835027 -0.55906934
-0.67753589 0.51317477 0.52687460 0.23817821 0.83084631 -0.50295681
-0.68892062 0.54502285 0.47784775 0.22599345 0.78789687 -0.57283986
-0.66894865 0.56697387 0.48067486 0.19293232 0.75694728 -0.62434608
-0.53383559 0.57657373 0.61853236 0.17978074 0.79214841 -0.58324933
-0.70680696 0.59443104 0.38350451 0.20857629 0.69314432 -0.68996155
-0.45963362 0.73302996 0.50140214 0.11897159 0.61030543 -0.78318143
-0.63078862 0.60563213 0.48509327 0.16258977 0.71443927 -0.68054473
-0.61079782 0.64832872 0.45452833 0.12838058 0.64754963 -0.75113118
-0.64966404 0.63887566 0.41203716 0.12615973 0.62508458 -0.77029413
-0.51076072 0.71870404 0.47179228 0.09548748 0.59280097 -0.79966813
-0.62097681 0.65844482 0.42525092 0.06951998 0.58665812 -0.80684525
-0.67015862 0.63104904 0.39072302 0.07393105 0.58056331 -0.81085175
-0.73799479 0.57928872 0.34610456 0.08768293 0.59086615 -0.80199057
-0.70734775 0.61022258 0.35677394 0.04043936 0.53883427 -0.84144068
-0.70549762 0.61329859 0.35515901 0.03996468 0.53476286 -0.84405661
-0.69089562 0.62679750 0.36026117 0.01073444 0.50715703 -0.86178684
-0.67680711 0.64417005 0.35633853 -0.01501900 0.47186673 -0.88154197
-0.67726731 0.64861649 0.34728321 -0.05259574 0.42813030 -0.90218520
-0.52192891 0.72753859 0.44528395 0.02486375 0.53478217 -0.84462410
-0.47300613 0.77642667 0.41644529 -0.04688956 0.44981101 -0.89189208
-0.63712996 0.69688386 0.32926944 -0.09274511 0.35478097 -0.93033803
-0.73619539 0.60336167 0.30654702 -0.08965245 0.36201817 -0.92784983
-0.62512451 0.69433659 0.35653326 -0.07186678 0.40364358 -0.91208935
-0.72064716 0.61034769 0.32885155 -0.08200346 0.39595789 -0.91459978
-0.80192935 0.51767719 0.29819399 -0.10108308 0.37436539 -0.92175531
-0.76027650 0.56852877 0.31425261 -0.22450478 0.22399108 -0.94838053
-0.82328975 0.48496908 0.29495594 -0.12740348 0.34849536 -0.92861152
-0.86980492 0.40958470 0.27509972 -0.13697587 0.33519104 -0.93213981
-0.90577942 0.33878601 0.25453439 -0.13447413 0.33981392 -0.93082935
0.25704074 -0.13163868 0.95739299 -0.96405482 0.03405653 0.26351196
-0.91658008 0.31330246 0.24844010 -0.12835163 0.35791445 -0.92489088
-0.88844836 0.37490767 0.26477131 -0.09864056 0.40742701 -0.90789497
0.03561207 -0.43505326 0.89970022 -0.92940581 0.31649545 0.18983036
0.05345686 -0.39710486 0.91621512 -0.97225541 0.18855110 0.13844816
0.05164621 -0.40089747 0.91466600 -0.94554031 0.27511349 0.17397155
0.03150439 -0.44703016 0.89396399 -0.92837006 0.31829351 0.19188081
-0.00101067 -0.43954116 0.89822191 -0.96340007 0.24121080 0.11695151
-0.04405145 -0.48069438 0.87578100 -0.96178001 0.25755149 0.09298641
-0.06548943 -0.46673506 0.88196915 -0.90002465 0.40929812 0.14976907
-0.15113232 -0.49682033 0.85459268 -0.94910651 0.31459594 0.01504461
-0.20171373 -0.54390335 0.81454331 -0.93514109 0.35424080 0.00496225
-0.13436989 -0.50371724 0.85335439 -0.92405432 0.37469625 0.07567299
-0.13976468 -0.53135657 0.83553934 -0.88914406 0.43869829 0.13025630
-0.20714694 -0.57496196 0.79152316 -0.90938944 0.41146424 0.06089402
-0.19984582 -0.57793456 0.79123533 -0.88033950 0.46044886 0.11397010
-0.19933186 -0.57873422 0.79078031 -0.88024914 0.46035814 0.11502978
-0.22490336 -0.63685232 0.73745346 -0.87416273 0.46619946 0.13600597
-0.27551612 -0.70796376 0.65029091 -0.87273389 0.46782500 0.13955426
-0.28616914 -0.71604592 0.63669890 -0.89722735 0.43346342 0.08421707
-0.26377887 -0.66981423 0.69409627 -0.87846440 0.46402261 0.11394469
-0.24479467 -0.63764709 0.73039842 -0.92121971 0.38789311 0.02988672
-0.23358075 -0.60088551 0.76444530 -0.92869014 0.37077719 0.00767945
-0.20728649 -0.54355609 0.81337512 -0.93358135 0.35836220 0.00156285
-0.21375173 -0.56271851 0.79853499 -0.95439839 0.29468232 -0.04781397
-0.24262194 -0.60773677 0.75616843 -0.96169871 0.25315806 -0.10510319
-0.25208724 -0.62972981 0.73477376 -0.95551211 0.28212887 -0.08602305
-0.26950225 -0.65775901 0.70336455 -0.95545936 0.27385980 -0.10999230
-0.26922989 -0.64924622 0.71133298 -0.95084131 0.29654962 -0.08921441
-0.30671319 -0.73237556 0.60790879 -0.94572091 0.30657884 -0.10780284
-0.31345508 -0.75788867 0.57214576 -0.93004918 0.36666089 -0.02384097
-0.26572740 -0.66760683 0.69547826 -0.95138699 0.29813582 -0.07731663
-0.24170251 -0.60927016 0.75522828 -0.93342572 0.35864761 -0.00939856
-0.26553491 -0.67304015 0.69029576 -0.93493861 0.35453439 -0.01396935
-0.26267165 -0.67245388 0.69196057 -0.92280203 0.38456190 0.02342071
-0.27998632 -0.70369971 0.65300417 -0.91974664 0.39154229 0.02758283
-0.30162585 -0.74140853 0.59944576 -0.92533678 0.37913185 0.00331327
-0.33276227 -0.78882462 0.51674467 -0.92083663 0.38994208 0.00227629
-0.30789614 -0.73769516 0.60083771 -0.93550491 0.34976301 -0.04996332
-0.32906011 -0.78453881 0.52556479 -0.93372589 0.35341305 -0.05705425
-0.33494911 -0.78795582 0.51665735 -0.93232048 0.35649797 -0.06072732
-0.33657920 -0.79051733 0.51166087 -0.93423373 0.34841487 -0.07625300
-0.33248445 -0.77265757 0.54079056 -0.93933666 0.32253814 -0.11668711
-0.32815996 -0.77995950 0.53289235 -0.94074643 0.32089520 -0.10964700
-0.33792219 -0.78535473 0.51867765 -0.94080138 0.29737201 -0.16267346
-0.31324187 -0.74022043 0.59493977 -0.94487751 0.30580246 -0.11701005
-0.30310851 -0.69946402 0.64720583 -0.94883651 0.28459987 -0.13679269
-0.30119035 -0.66773409 0.68074644 -0.95132858 0.25926957 -0.16659340
-0.31242457 -0.68339002 0.65982503 -0.94994235 0.22429034 -0.21749339
-0.31829190 -0.72742116 0.60790521 -0.94786662 0.23373970 -0.21659797
-0.32675052 -0.74064642 0.58709198 -0.94438899 0.23159546 -0.23343746
-0.31954184 -0.76457018 0.55975491 -0.94746822 0.26655239 -0.17678756
-0.36850885 -0.83314943 0.41238740 -0.92405272 0.27979147 -0.26046759
-0.36728433 -0.84956032 0.37861532 -0.92592442 0.29539913 -0.23537916
-0.36409029 -0.84929889 0.38226926 -0.92783350 0.29504907 -0.22819079
-0.37163886 -0.86124766 0.34660792 -0.92242885 0.30036074 -0.24271066
-0.38390103 -0.81799155 0.42838061 -0.91742730 0.28532833 -0.27733541
-0.37350827 -0.87916714 0.29590002 -0.92327523 0.32147381 -0.21027949
-0.38077611 -0.86044258 0.33859748 -0.91623998 0.30177337 -0.26350945
-0.37970349 -0.87352133 0.30460751 -0.92224431 0.33153126 -0.19887805
-0.37838766 -0.87553489 0.30043536 -0.92122883 0.32451963 -0.21453293
-0.37749490 -0.86081362 0.34131739 -0.92492282 0.33263436 -0.18404408
-0.37765411 -0.88448995 0.27396154 -0.91972601 0.32408348 -0.22152638
-0.37426054 -0.87381536 0.31044462 -0.92023712 0.30866179 -0.24060667
-0.37431431 -0.86459798 0.33520025 -0.91232902 0.27867168 -0.29999638
-0.37474251 -0.86035967 0.34546983 -0.91021460 0.27055818 -0.31354052
-0.36690024 -0.84379548 0.39165467 -0.91574711 0.25352728 -0.31165880
-0.37206259 -0.83792502 0.39931336 -0.91246277 0.25127563 -0.32291216
-0.36031875 -0.80811232 0.46596670 -0.92822802 0.26105261 -0.26503634
-0.35853174 -0.79423290 0.49056000 -0.92930567 0.25379893 -0.26828545
-0.35775346 -0.78696167 0.50269639 -0.93213934 0.26870513 -0.24272187
-0.33794397 -0.74270278 0.57808870 -0.93950868 0.22977377 -0.25402263
-0.31313801 -0.68111283 0.66183835 -0.94847399 0.18877535 -0.25448200
-0.37885675 -0.58079237 0.72051913 -0.92136347 0.16357750 -0.35260716
-0.36780295 -0.75458264 0.54343909 -0.92245781 0.22226155 -0.31570786
-0.37728038 -0.81074214 0.44761223 -0.91195506 0.24109116 -0.33198363
-0.37930131 -0.86290324 0.33395889 -0.88635063 0.23527075 -0.39878601
-0.84090114 0.30354670 -0.44804549 0.41703996 0.89108604 -0.17900673
-0.39943451 -0.88892460 0.22419903 -0.87899840 0.30188459 -0.36909011
-0.86891681 0.34440330 -0.35548544 0.41149735 0.90177774 -0.13216224
-0.86375237 0.33674875 -0.37487614 0.41225296 0.90003318 -0.14137858
-0.85774803 0.34671977 -0.37954414 0.40135249 0.91301131 -0.07298291
-0.87198758 0.35788667 -0.33399835 0.39910358 0.91482741 -0.06170352
-0.88067383 0.36054230 -0.30728304 0.40134227 0.91245943 -0.07963787
-0.37831125 -0.91329932 0.15088090 -0.89369333 0.31787854 -0.31664729
-0.37845248 -0.91087377 0.16456845 -0.90159017 0.32250518 -0.28831506
-0.37513477 -0.91574490 0.14382374 -0.90709007 0.33068332 -0.26045391
-0.37483034 -0.91629612 0.14108063 -0.91429263 0.34014904 -0.21992649
-0.37695140 -0.91035479 0.17076829 -0.91623276 0.33947009 -0.21278541
-0.37907410 -0.90919393 0.17224768 -0.92196697 0.35514051 -0.15444165
-0.37979126 -0.91164750 0.15702705 -0.92209506 0.35946763 -0.14326128
-0.37811852 -0.91837776 0.11665627 -0.91981816 0.35844734 -0.15953080
-0.37554750 -0.92004746 0.11169980 -0.91651672 0.35076568 -0.19225156
-0.90871465 0.38117290 -0.17013216 0.39478078 0.91720730 -0.05365534
-0.90254867 0.38029581 -0.20194305 0.39383012 0.91869062 -0.03009071
-0.91039914 0.38563272 -0.14986937 0.38920981 0.92113036 0.00588313
-0.91175479 0.38636458 -0.13937627 0.39008981 0.92077661 0.00064013
-0.91111827 0.38418829 -0.14920749 0.39455840 0.91769969 -0.04637815
-0.91335183 0.38552785 -0.13098419 0.39409599 0.91789925 -0.04636076
-0.38064948 -0.92158729 0.07604526 -0.92263234 0.37298194 -0.09815341
-0.37940815 -0.91953474 0.10249548 -0.92230034 0.36707127 -0.12091672
-0.38277480 -0.92089981 0.07366869 -0.92213738 0.37601057 -0.09098770
-0.91894150 0.38664353 -0.07780332 0.38955712 0.92063540 -0.02599476
-0.91699237 0.38729945 -0.09552009 0.38994703 0.92078245 -0.01004923
-0.90849626 0.38473547 -0.16313566 0.39182845 0.91995364 -0.01247992
-0.91286027 0.38701805 -0.13001235 0.39135107 0.92020160 -0.00857032
-0.91378903 0.39042327 -0.11206806 0.38969457 0.92047954 0.02924988
-0.91058421 0.39160544 -0.13221815 0.38712844 0.92012954 0.05910407
-0.90930283 0.39198044 -0.13971360 0.38736024 0.91997349 0.06000763
-0.90585107 0.39447975 -0.15433618 0.38257021 0.91830772 0.10173997
-0.90343344 0.39391094 -0.16924034 0.38024750 0.91854465 0.10810939
-0.90257919 0.39740634 -0.16558695 0.37871617 0.91581374 0.13363877
-0.89667428 0.39870852 -0.19237167 0.37123564 0.91396165 0.16388504
-0.89899361 0.39695537 -0.18503213 0.37107694 0.91478300 0.15960585
-0.89253193 0.39633659 -0.21518371 0.36744037 0.91572720 0.16257709
-0.89534211 0.39236811 -0.21073630 0.36365327 0.91721249 0.16271944
-0.88997018 0.39178634 -0.23335931 0.36833289 0.91929322 0.13867563
-0.89067125 0.39125931 -0.23156187 0.37437743 0.92014986 0.11474252
-0.89075667 0.39303139 -0.22820815 0.37694320 0.91942018 0.11216214
-0.89026195 0.39071098 -0.23404820 0.37412071 0.92041546 0.11344230
-0.87868506 0.39101937 -0.27389133 0.37722406 0.92030132 0.10367060
-0.88251424 0.38899672 -0.26429191 0.37363392 0.92123365 0.10828790
-0.88128972 0.38385203 -0.27565563 0.37631911 0.92285722 0.08196621
-0.83758062 0.36736527 -0.40435314 0.39330035 0.91918337 0.02041601
-0.88197982 0.37431318 -0.28635848 0.37359801 0.92569077 0.05933923
-0.86577809 0.37369645 -0.33283526 0.36865509 0.92604935 0.08078425
-0.85986477 0.37559927 -0.34577134 0.35297814 0.92671412 0.12887013
-0.86930203 0.37698209 -0.31968492 0.34532672 0.92594725 0.15287644
-0.86624777 0.38382596 -0.31983209 0.35188964 0.92315418 0.15479042
-0.87031078 0.38398281 -0.30840954 0.33858666 0.92123938 0.19151300
-0.86943698 0.38042262 -0.31521103 0.32938805 0.92188025 0.20405984
-0.85234153 0.37579221 -0.36372271 0.32215175 0.92512578 0.20089947
-0.84724283 0.37412861 -0.37710392 0.32314390 0.92643625 0.19311655
-0.76480657 0.37286636 -0.52539665 0.30119812 0.92783093 0.22002165
-0.83699220 0.36966932 -0.40347087 0.31790152 0.92861617 0.19133924
-0.82293427 0.36453140 -0.43577066 0.32467678 0.93117756 0.16581143
-0.80451548 0.35035139 -0.47959235 0.30901250 0.93650079 0.16576384
-0.81703120 0.36171919 -0.44902039 0.29073325 0.93094736 0.22093293
-0.81909031 0.36148509 -0.44544330 0.29081565 0.93096757 0.22073896
-0.82381177 0.36704889 -0.43198305 0.26511553 0.92305505 0.27871704
-0.84361082 0.37097731 -0.38819674 0.28922781 0.92306221 0.25358123
-0.84066445 0.34928662 -0.41386262 0.26629484 0.93204957 0.24570455
-0.83895695 0.34867120 -0.41782737 0.24668141 0.92803127 0.27911699
-0.84306955 0.34784597 -0.41016704 0.23176262 0.92320460 0.30656052
-0.85756218 0.32771957 -0.39646798 0.21043044 0.92683554 0.31095821
-0.83883888 0.28589350 -0.46326485 0.14716241 0.93840110 0.31264448
-0.84106845 0.28468823 -0.45995277 0.10564587 0.92037898 0.37648574
-0.87583476 0.26487383 -0.40342963 0.13287222 0.93596739 0.32605231
-0.84449589 0.28560534 -0.45305216 0.20209168 0.95333886 0.22428560
-0.88720357 0.28550148 -0.36243448 0.17233634 0.93375593 0.31368783
-0.89336020 0.28375527 -0.34841150 0.17585592 0.93432283 0.31002524
-0.91728139 0.26423031 -0.29795507 0.16559282 0.93350106 0.31804845
-0.91082150 0.31711680 -0.26427478 0.19277549 0.89285970 0.40698814
-0.90083575 0.31802487 -0.29555902 0.22988464 0.92689413 0.29668224
-0.90516430 0.32147878 -0.27808097 0.23701873 0.92479569 0.29761562
-0.90346205 0.34996346 -0.24755204 0.27458638 0.91592586 0.29271510
-0.89363444 0.38137931 -0.23657420 0.29501063 0.89642400 0.33074576
-0.89105624 0.37880573 -0.25005010 0.31336501 0.91195136 0.26485306
-0.88197589 0.38211280 -0.27587751 0.31742170 0.91430098 0.25158927
-0.88478160 0.37978765 -0.27004248 0.31621730 0.91495615 0.25072265
-0.88044506 0.37211180 -0.29385266 0.30181015 0.91780794 0.25795195
-0.86753297 0.37604508 -0.32554054 0.31166777 0.92107707 0.23341003
-0.84547454 0.37889320 -0.37631470 0.30314153 0.92067146 0.24590510
-0.86716753 0.35747060 -0.34674963 0.26554725 0.92091781 0.28529829
-0.87036997 0.35875091 -0.33727422 0.26907805 0.92017478 0.28438592
-0.88743675 0.35110524 -0.29863214 0.26638573 0.91941023 0.28935021
-0.88712937 0.35252845 -0.29786792 0.28478262 0.92601377 0.24778491
-0.89415509 0.37961510 -0.23744279 0.33397457 0.91865325 0.21103846
-0.90183061 0.37873927 -0.20798588 0.33378091 0.91630602 0.22129977
-0.89754069 0.39794365 -0.18989888 0.35676450 0.90849966 0.21759480
-0.89497310 0.40496245 -0.18715945 0.36382300 0.90532678 0.21912616
-0.90848601 0.39992577 -0.12129568 0.37523240 0.90836984 0.18456650
-0.90879029 0.39899850 -0.12206736 0.37458381 0.90903884 0.18257955
-0.91152102 0.39634278 -0.10973522 0.38187221 0.91475654 0.13188675
-0.91082889 0.39637342 -0.11523393 0.38263002 0.91546452 0.12457549
-0.91284227 0.39617932 -0.09879746 0.38663226 0.91648477 0.10281622
-0.91304404 0.39896995 -0.08469701 0.39110816 0.91535985 0.09565978
-0.91580576 0.39892673 -0.04644760 0.39222983 0.91325271 0.11011478
-0.40530938 -0.90816784 -0.10466859 -0.91081333 0.41097787 -0.03893935
-0.91697699 0.39667103 -0.04248876 0.39271986 0.91627938 0.07876061
-0.91760641 0.39473802 -0.04669485 0.39201003 0.91812915 0.05802673
-0.91736740 0.39240846 -0.06672922 0.38990143 0.91961980 0.04771092
-0.91754830 0.39055914 -0.07462448 0.38992712 0.92054677 0.02346444
-0.92037964 0.38831958 -0.04592621 0.38869604 0.92136574 0.00079273
-0.38524181 -0.92207146 0.03705308 -0.92196691 0.38285527 -0.05830066
-0.91815507 0.39583725 0.01744228 0.39505434 0.91793954 -0.03631997
-0.39927480 -0.91539550 0.05129091 -0.91643423 0.40012324 0.00705609
-0.39810097 -0.91586667 0.05199982 -0.91693795 0.39896730 0.00705744
-0.91436571 0.40421200 0.02341111 0.40417206 0.91465902 -0.00662318
-0.91283602 0.40572545 0.04601472 0.40601188 0.91386163 -0.00336098
-0.91154563 0.40580857 0.06636257 0.40623900 0.91373622 -0.00748404
-0.90940869 0.40800911 0.08065015 0.40777621 0.91286087 -0.02009062
-0.41855249 -0.90815449 0.00832456 -0.90816593 0.41845235 -0.01150137
-0.90747613 0.41228154 0.08069123 0.41097796 0.91105062 -0.03292370
-0.90682083 0.41190776 0.08948756 0.41019642 0.91122180 -0.03759954
-0.90448153 0.41125217 0.11307005 0.40736347 0.91150689 -0.05665883
-0.90208012 0.41194242 0.12866622 0.40133971 0.91036057 -0.10084707
-0.89495772 0.41284624 0.16914111 0.41209888 0.91020817 -0.04117849
-0.41724220 -0.90321219 0.10058225 -0.90613085 0.42193198 0.03000572
-0.89243555 0.41546473 0.17592022 0.41920644 0.90772921 -0.01713704
-0.89779520 0.41273996 0.15365425 0.41797638 0.90845579 0.00195984
-0.90048194 0.41313425 0.13583985 0.41714987 0.90883690 0.00120927
-0.40810215 -0.91248858 -0.02858868 -0.91135532 0.40535349 0.07155497
-0.90263182 0.40790534 0.13736458 0.41329882 0.91051602 0.01202855
-0.41028276 -0.90962160 -0.06524278 -0.90972829 0.40323049 0.09899355
-0.40896255 -0.91061634 -0.05939249 -0.90991974 0.40197968 0.10226651
-0.40827033 -0.91124606 -0.05427683 -0.90914351 0.40052778 0.11417340
-0.40791571 -0.91148698 -0.05287938 -0.91162920 0.40341577 0.07866322
-0.40886968 -0.90650433 -0.10524003 -0.91215020 0.40235391 0.07805964
-0.40792274 -0.90833873 -0.09230318 -0.91220677 0.40121609 0.08309323
-0.40819857 -0.90744072 -0.09962590 -0.91281891 0.40433568 0.05722135
-0.40876344 -0.91081125 -0.05775236 -0.91263622 0.40813392 0.02284456
-0.40616262 -0.91193753 -0.05832593 -0.91370744 0.40438050 0.04018894
-0.40654352 -0.91082788 -0.07151857 -0.91333449 0.40715986 0.00639840
-0.91900265 0.39366648 -0.02146666 0.39230129 0.91850942 0.04939831
-0.92030269 0.39099202 -0.01296854 0.39091012 0.92039013 0.00844822
-0.41001567 -0.90446848 -0.11757578 -0.91207594 0.40690121 0.05048760
-0.41117868 -0.90035176 -0.14247411 -0.91148084 0.40410113 0.07684407
-0.41368923 -0.89200914 -0.18215629 -0.90931058 0.41469765 0.03435447
-0.41486031 -0.88471794 -0.21252099 -0.90897834 0.41340852 0.05340250
-0.41477886 -0.88437700 -0.21409312 -0.90912098 0.41265148 0.05672603
-0.41485035 -0.88434708 -0.21407816 -0.90908659 0.41273189 0.05669240
-0.41434982 -0.88826084 -0.19825977 -0.91011554 0.40392044 0.09240144
-0.41357079 -0.89345807 -0.17519069 -0.91034627 0.40258893 0.09587444
-0.91767341 0.39320147 0.05716811 0.39413303 0.91903651 0.00557788
-0.41526136 -0.87609988 -0.24496339 -0.90932447 0.39199758 0.13952409
-0.41194990 -0.89634693 -0.16388859 -0.91078693 0.39958784 0.10390748
-0.41164279 -0.90132529 -0.13477027 -0.90961802 0.39724490 0.12162051
-0.41110784 -0.90330803 -0.12257627 -0.90965837 0.39777103 0.11958206
-0.41040564 -0.90710711 -0.09340199 -0.90613586 0.39416412 0.15346836
-0.40910327 -0.91016114 -0.06512515 -0.90575808 0.39639816 0.14990270
-0.88803786 0.41795617 0.19157614 0.43523124 0.89849597 0.05726118
-0.89003247 0.41948900 0.17852515 0.43575040 0.89788699 0.06261481
-0.88367265 0.41472092 0.21709269 0.42856345 0.90331572 0.01882111
-0.88227719 0.41858849 0.21533857 0.43035230 0.90261954 0.00865562
-0.87866127 0.42042193 0.22627366 0.42927319 0.90310711 -0.01104994
-0.87364054 0.41941622 0.24666229 0.42608353 0.90423757 -0.02841161
-0.86650532 0.41849279 0.27208883 0.42744756 0.90359020 -0.02852137
-0.86663705 0.41785684 0.27264625 0.41322225 0.90735716 -0.07713901
-0.88003409 0.41930744 0.22298291 0.41674769 0.90698755 -0.06078702
-0.87946647 0.41998005 0.22395448 0.41811913 0.90653437 -0.05806826
-0.87859607 0.41941893 0.22837873 0.40995461 0.90767354 -0.08981112
-0.87454301 0.41975245 0.24286309 0.40578628 0.90762722 -0.10747276
-0.86226642 0.42315015 0.27828151 0.41366878 0.90545255 -0.09504655
-0.86312222 0.42822930 0.26765600 0.40492913 0.90358579 -0.13987572
-0.87248027 0.42445400 0.24210948 0.40293685 0.90522450 -0.13494611
-0.86982715 0.42553872 0.24963498 0.40579176 0.90487909 -0.12855721
-0.88331938 0.41931233 0.20958075 0.41183919 0.90771174 -0.08029930
-0.89529675 0.41693386 0.15687560 0.40454918 0.90840763 -0.10552526
-0.88093275 0.41783747 0.22219233 0.41856539 0.90701294 -0.04615845
-0.86361021 0.41901812 0.28035903 0.41033256 0.90728098 -0.09202413
-0.85304952 0.41875345 0.31137142 0.40984014 0.90698928 -0.09696115
-0.85111731 0.41566274 0.32066154 0.43059057 0.90215713 -0.02653881
-0.84401506 0.40491936 0.35168019 0.43534589 0.90022504 0.00830294
-0.86785573 0.40971097 0.28100419 0.42515600 0.90509605 -0.00659676
-0.86719447 0.41022778 0.28228876 0.43620721 0.89923173 0.03325194
-0.85076135 0.39859751 0.34252781 0.45695040 0.88297921 0.10744366
-0.87770164 0.41299197 0.24305859 0.44132763 0.89427650 0.07415897
-0.86724335 0.40581977 0.28844297 0.41440025 0.90947366 -0.03361680
-0.85219038 0.40042579 0.33679494 0.41681665 0.90862924 -0.02562813
-0.84488845 0.39917159 0.35612577 0.41447636 0.90934998 -0.03594346
-0.83349741 0.40408620 0.37682426 0.40800318 0.91002518 -0.07340051
-0.83456862 0.40174371 0.37695771 0.40554625 0.91113991 -0.07318751
-0.82609177 0.42462453 0.37049478 0.42298809 0.90163213 -0.09022559
-0.81807524 0.42450324 0.38800767 0.40449858 0.90429372 -0.13650601
-0.82290351 0.42815879 0.37351012 0.40295398 0.90323710 -0.14761740
-0.83389866 0.43008456 0.34589076 0.40269688 0.90269661 -0.15157233
-0.82996327 0.43106785 0.35403615 0.40343535 0.90217602 -0.15270339
-0.82253569 0.43065760 0.37144187 0.39399442 0.90250939 -0.17391159
-0.81694674 0.40905619 0.40653542 0.39158064 0.91095561 -0.12970953
-0.63468212 0.35871595 0.68447173 0.49739689 0.86749822 0.00657950
-0.80344462 0.41118738 0.43058297 0.37947571 0.91093957 -0.16182509
-0.84264153 0.42703041 0.32802495 0.41517788 0.90315896 -0.10923024
-0.73591566 0.39577490 0.54935455 0.42717159 0.90090275 -0.07680367
-0.76148015 0.36974230 0.53238958 0.48185807 0.87226975 0.08341704
-0.87145430 0.41564363 0.26039934 0.42132545 0.90617830 -0.03641085
-0.88003862 0.41895267 0.22363074 0.42017433 0.90635222 -0.04448877
-0.88872647 0.41985014 0.18409547 0.42474732 0.90520465 -0.01393933
-0.88271052 0.41295817 0.22424932 0.42900637 0.90292901 0.02593774
-0.87890166 0.41100347 0.24209100 0.43931213 0.89518780 0.07512416
-0.42114639 -0.88598132 -0.19409482 -0.89835149 0.37800112 0.22378527
-0.41681018 -0.89353222 -0.16694115 -0.89995211 0.37980646 0.21408710
-0.41104573 -0.90545243 -0.10581717 -0.90455538 0.39068791 0.17071207
-0.41390917 -0.89638114 -0.15868230 -0.90635478 0.38954899 0.16362327
-0.41246974 -0.86868829 -0.27431622 -0.90919524 0.41135237 0.06444570
-0.41542122 -0.87282217 -0.25613818 -0.90554291 0.42348152 0.02560223
-0.40978584 -0.85868752 -0.30778450 -0.90509236 0.42474177 0.02005807
-0.41219974 -0.86271966 -0.29292700 -0.89863396 0.43796620 -0.02534894
-0.40025991 -0.77630943 -0.48696584 -0.91343337 0.38070858 0.14387679
-0.41134244 -0.86451966 -0.28879622 -0.89409745 0.44429317 -0.05651014
-0.40657234 -0.85115069 -0.33202633 -0.89232105 0.44795525 -0.05567139
-0.40614760 -0.85111791 -0.33262971 -0.88511908 0.45690110 -0.08834967
-0.40581831 -0.86049426 -0.30799529 -0.88470817 0.45442173 -0.10388631
-0.89720851 0.41883051 -0.13999234 0.36506763 0.88182038 0.29852727
-0.89373428 0.42127955 -0.15415132 0.37233853 0.88829428 0.26888174
-0.40244135 -0.88333815 -0.24032195 -0.89775640 0.43218070 -0.08516666
-0.89211738 0.44252026 -0.09111765 0.41257510 0.88011569 0.23490053
-0.40834191 -0.87961990 -0.24397889 -0.89904344 0.43381923 -0.05934476
-0.41051346 -0.87558436 -0.25461870 -0.89883894 0.43556866 -0.04866764
-0.41203400 -0.87673604 -0.24811673 -0.90593052 0.42334044 0.00852980
-0.41497898 -0.89152676 -0.18158343 -0.90204442 0.42920536 -0.04581126
-0.41223624 -0.89099485 -0.19023523 -0.91101384 0.40066338 0.09758407
-0.41542351 -0.89292854 -0.17349912 -0.90719706 0.42064267 0.00730329
-0.41458794 -0.87865782 -0.23680656 -0.90551329 0.42416227 0.01149221
-0.41425326 -0.89685279 -0.15507849 -0.90686727 0.42120212 -0.01343590
-0.41228631 -0.89484161 -0.17110987 -0.90531957 0.42344049 -0.03308614
-0.91080695 0.40963900 -0.05125034 0.40258077 0.90881228 0.10949393
-0.41243884 -0.89176512 -0.18614310 -0.90441370 0.42532358 -0.03370150
-0.41325399 -0.89299130 -0.17829135 -0.90556657 0.42359844 -0.02266356
-0.90493959 0.41513562 -0.09352446 0.39239496 0.89908969 0.19407204
-0.90172923 0.42041275 -0.10068584 0.39407992 0.89514804 0.20835325
-0.40650699 -0.86518991 -0.29359573 -0.88946784 0.44819880 -0.08924592
-0.40781876 -0.84558207 -0.34449211 -0.88223630 0.46213701 -0.08993597
-0.94183528 0.26675484 -0.20442162 0.19079225 0.92514026 0.32819796
-0.93969947 0.26792273 -0.21256158 0.19127028 0.92694283 0.32278889
-0.94761068 0.20754929 -0.24281129 0.12437041 0.93989098 0.31802046
-0.92395818 0.22023994 -0.31272307 0.11583288 0.94031197 0.31999397
-0.44590732 -0.73394608 -0.51233763 -0.84039152 0.54030424 -0.04258400
-0.40634936 -0.86598867 -0.29145128 -0.89635098 0.43969744 -0.05675535
-0.41354293 -0.87761205 -0.24244469 -0.90114808 0.43256080 -0.02869595
-0.40264237 -0.84377444 -0.35485759 -0.89730841 0.44044161 -0.02913544
-0.41552576 -0.87799287 -0.23762783 -0.90524673 0.42465842 0.01391383
-0.41452411 -0.89358646 -0.17225862 -0.90798587 0.41881794 0.01237700
-0.41165784 -0.90017271 -0.14222130 -0.91128558 0.40490878 0.07488346
-0.40955159 -0.90383667 -0.12388215 -0.91196728 0.40921047 0.02936867
-0.40916345 -0.90578419 -0.11018294 -0.91160756 0.40056753 0.09228954
-0.41102049 -0.90794289 -0.08186495 -0.90337104 0.39359534 0.17030422
-0.90523368 0.40801296 0.11864840 0.41201261 0.91112024 0.01027275
-0.89926350 0.41295826 0.14418976 0.42028028 0.90709692 0.02323002
-0.89642543 0.41883731 0.14490300 0.42174608 0.90664065 -0.01153206
-0.89703202 0.41009283 0.16479520 0.40938270 0.91149211 -0.03984930
-0.90735108 0.41157153 0.08557469 0.41054520 0.91134387 -0.03008561
-0.90781695 0.41003114 0.08799352 0.41109619 0.91156888 -0.00649584
-0.40816271 -0.91201931 -0.04029941 -0.91217297 0.40566343 0.05811798
-0.40826729 -0.91185951 -0.04277981 -0.91248339 0.40629888 0.04791006
-0.40496436 -0.91429687 -0.00807597 -0.91433191 0.40495843 0.00243265
-0.91056901 0.40920323 0.05845335 0.40717992 0.91230375 -0.04366230
-0.39441988 -0.91759449 0.04953203 -0.91831708 0.39555261 0.01522974
-0.39241895 -0.91474777 0.09614528 -0.91920382 0.39374238 -0.00559568
-0.38912371 -0.91600615 0.09754727 -0.92065555 0.39030465 -0.00745737
-0.38807645 -0.91590452 0.10254569 -0.92115474 0.38903135 -0.01134021
-0.38630405 -0.91513544 0.11530990 -0.92235720 0.38396427 -0.04276321
-0.38505679 -0.91569465 0.11504140 -0.92287183 0.38288751 -0.04128993
-0.38517711 -0.90979093 0.15465808 -0.92244267 0.38449895 -0.03549848
-0.38379797 -0.91627228 0.11464854 -0.92340338 0.38149968 -0.04224003
-0.38209382 -0.91195875 0.14945102 -0.92388880 0.37332320 -0.08402002
-0.38167399 -0.91211045 0.14959830 -0.92403233 0.37266102 -0.08536954
-0.38040224 -0.91456443 0.13735396 -0.92218477 0.36390463 -0.13095306
-0.38200095 -0.90600216 0.18230577 -0.92410505 0.37228256 -0.08622979
-0.38258371 -0.89419180 0.23248830 -0.92370188 0.36470783 -0.11731613
-0.38130376 -0.89333928 0.23780757 -0.92405784 0.36082524 -0.12618358
-0.38040531 -0.88745826 0.26021075 -0.92458445 0.35859656 -0.12865485
-0.37552422 -0.86908787 0.32197496 -0.92677355 0.35531104 -0.12183990
-0.37494829 -0.86916703 0.32243222 -0.92638779 0.36439103 -0.09499945
-0.37364268 -0.86567068 0.33317485 -0.92627305 0.36722669 -0.08463347
-0.36975446 -0.85130119 0.37224719 -0.92851537 0.35312286 -0.11473233
-0.38070598 -0.89333916 0.23876387 -0.92400658 0.35755137 -0.13553210
-0.38175511 -0.90644360 0.18061861 -0.92341298 0.36566851 -0.11659803
-0.38725573 -0.91384375 0.12215848 -0.92126727 0.38872886 -0.01251322
-0.38282430 -0.92280179 0.04338740 -0.92147702 0.37808797 -0.08904893
-0.92074114 0.39003050 -0.01058283 0.38992923 0.92078555 0.01044727
-0.91786003 0.39492556 -0.03958261 0.39249310 0.91796118 0.05741431
-0.40606645 -0.90897673 -0.09418814 -0.91274559 0.40846944 -0.00694178
-0.91377455 0.39589521 -0.09101169 0.38999569 0.91766286 0.07614600
-0.40313670 -0.90702027 -0.12163516 -0.91055298 0.41084808 -0.04579458
-0.89352316 0.41708067 -0.16631328 0.39621836 0.90663862 0.14497408
-0.36527136 -0.85373694 -0.37109309 -0.92185903 0.38716626 0.01668184
-0.89862674 0.37921980 -0.22059551 0.32053459 0.91083926 0.26005656
-0.90048325 0.37163326 -0.22587313 0.31432676 0.91511071 0.25252926
-0.92008275 0.34070554 -0.19330662 0.26994365 0.90906399 0.31738478
-0.92747962 0.21870120 -0.30323488 0.11441344 0.93817961 0.32669351
-0.91069824 0.19163285 -0.36593118 0.04798348 0.92895722 0.36706418
-0.89283824 0.18869826 -0.40894115 0.06603084 0.95302927 0.29559290
-0.89905190 0.32737103 -0.29074726 0.23911344 0.92338473 0.30030891
-0.88535833 0.26113221 -0.38464350 0.13223994 0.93462729 0.33012792
-0.86289960 0.33281824 -0.38031098 0.21780862 0.92396832 0.31439149
-0.81946671 0.36541134 -0.44153020 0.33652109 0.93038100 0.14541239
-0.84685695 0.36905292 -0.38292730 0.34822693 0.92900759 0.12523143
-0.83593249 0.36375475 -0.41097376 0.36948374 0.92669553 0.06868186
-0.86337036 0.36554953 -0.34780049 0.37184533 0.92688566 0.05112822
-0.84177583 0.35717621 -0.40476984 0.38965353 0.92095858 0.00233115
-0.85811728 0.36442506 -0.36170304 0.39229730 0.91983002 -0.00394791
-0.84838426 0.36083931 -0.38734901 0.39551383 0.91839749 -0.01072372
-0.87558639 0.36589876 -0.31538337 0.38678870 0.92215991 -0.00396270
-0.87782055 0.36794394 -0.30667320 0.38360041 0.92344582 0.00992565
-0.89156806 0.37124762 -0.25938696 0.38736820 0.92184603 -0.01207465
-0.88887483 0.36802453 -0.27287284 0.39072514 0.91994977 -0.03203573
-0.89129639 0.36737260 -0.26575962 0.39718264 0.91530633 -0.06678599
-0.89371842 0.36807242 -0.25649583 0.39662755 0.91543257 -0.06833609
-0.90080875 0.37113026 -0.22540186 0.39784873 0.91340828 -0.08603361
-0.90446460 0.37769374 -0.19822019 0.39170232 0.91940910 -0.03544456
-0.90216452 0.37793583 -0.20799921 0.39489189 0.91760039 -0.04549754
-0.88808459 0.37039104 -0.27224308 0.38947526 0.92086780 -0.01765251
-0.89467305 0.37960091 -0.23550649 0.38654292 0.92209899 0.01783443
-0.89302611 0.38074276 -0.23987347 0.38815504 0.92142820 0.01748632
-0.90143037 0.38248846 -0.20279521 0.38968721 0.92093480 0.00478850
-0.90625334 0.38675129 -0.17067029 0.38566387 0.92173439 0.04085565
-0.89941400 0.38614884 -0.20480144 0.38146064 0.92219818 0.06354816
-0.89965922 0.38628364 -0.20346569 0.38634604 0.92143893 0.04107350
-0.89721721 0.38302681 -0.21975383 0.38040662 0.92313051 0.05586374
-0.79786724 0.35059580 -0.49039823 0.37179741 0.92653203 0.05749049
-0.82889348 0.37062478 -0.41901416 0.30489647 0.92731577 0.21707970
-0.84829366 0.37370670 -0.37515470 0.33145946 0.92725152 0.17418186
-0.86186230 0.37507853 -0.34133503 0.29843104 0.91928244 0.25662974
-0.87151915 0.37449470 -0.31655684 0.32390577 0.92432767 0.20175117
-0.88964826 0.38228598 -0.24976681 0.34491250 0.92099768 0.18110386
-0.85184258 0.37557620 -0.36511201 0.34040537 0.92672354 0.15908401
-0.84676123 0.37353128 -0.37877402 0.35137504 0.92730999 0.12896463
-0.86387902 0.36965221 -0.34215540 0.37181333 0.92624038 0.06191651
-0.87711364 0.37102792 -0.30497542 0.37529883 0.92571914 0.04684937
-0.88636488 0.38025656 -0.26412567 0.38302356 0.92273384 0.04307399
-0.88631970 0.38388750 -0.25897443 0.38174424 0.92227691 0.06063575
-0.86893207 0.39142668 -0.30288982 0.36191812 0.91996408 0.15060344
-0.88582146 0.39108798 -0.24974096 0.36289704 0.91928351 0.15239291
-0.88441908 0.39227250 -0.25283456 0.36429065 0.91889989 0.15137792
-0.88653898 0.39312536 -0.24392852 0.35813355 0.91690898 0.17612031
-0.89675158 0.39833921 -0.19277571 0.36190164 0.91082156 0.19857334
-0.90650433 0.39798567 -0.14091617 0.37518588 0.91243207 0.16341139
-0.90664798 0.39700168 -0.14275570 0.37882888 0.91501611 0.13868758
-0.89782226 0.38968134 -0.20509425 0.37857273 0.92093372 0.09254104
-0.90926141 0.39565250 -0.12923977 0.38081333 0.91611266 0.12537463
-0.91059470 0.39102921 -0.13384177 0.38591421 0.92035866 0.06332641
-0.91071510 0.39527556 -0.11981326 0.38981402 0.91845059 0.06703419
-0.91687936 0.38982135 -0.08585865 0.38962603 0.92076218 0.01971498
-0.91680092 0.38886797 -0.09087234 0.38950324 0.92095494 0.01136714
-0.38118139 -0.92405248 0.02877205 -0.92385197 0.37956423 -0.04928028
-0.38487029 -0.91987342 0.07555003 -0.92254347 0.38091105 -0.06180854
-0.91607606 0.38760203 -0.10280746 0.38919756 0.92114139 0.00488038
-0.90754300 0.38662711 -0.16396697 0.38734075 0.92148298 0.02891982
-0.90509742 0.38168812 -0.18738429 0.39447060 0.91824311 -0.03496484
-0.91000044 0.38100845 -0.16349873 0.39399227 0.91747600 -0.05484469
-0.37723342 -0.92086273 0.09852357 -0.92128980 0.36228800 -0.14132428
-0.38026455 -0.91331929 0.14576280 -0.92346716 0.36623839 -0.11435860
-0.37393853 -0.91975218 0.11927264 -0.91500956 0.34486189 -0.20935106
-0.88996625 0.36784106 -0.26954246 0.39906409 0.91425103 -0.06995005
-0.87873620 0.36310485 -0.30980259 0.38878962 0.92103243 -0.02327985
-0.85839802 0.35094646 -0.37415174 0.40453875 0.91159838 -0.07305329
-0.86345100 0.33196250 -0.37980685 0.40921986 0.90121979 -0.14262542
-0.36906731 -0.88408136 0.28668720 -0.91423690 0.28984427 -0.28312764
-0.37822098 -0.90573967 0.19127102 -0.90557259 0.31913939 -0.27944285
-0.37395906 -0.91392440 0.15778729 -0.91733736 0.33944157 -0.20801845
-0.38156265 -0.88254607 0.27481332 -0.91822040 0.32773358 -0.22240065
-0.38064653 -0.89562231 0.23014981 -0.92245948 0.35037267 -0.16219616
-0.37831965 -0.87991482 0.28744417 -0.92565870 0.35776451 -0.12312839
-0.37553662 -0.86539948 0.33174682 -0.92680305 0.35177493 -0.13149379
-0.36674538 -0.85133481 0.37513584 -0.92949969 0.31836778 -0.18620494
-0.36494750 -0.85420436 0.37033537 -0.93036348 0.31956747 -0.17972335
-0.36230266 -0.83114988 0.42181364 -0.93075407 0.29867145 -0.21093191
-0.35544586 -0.80833006 0.46931952 -0.93404144 0.28837433 -0.21072954
-0.34380186 -0.81814688 0.46090782 -0.93834490 0.31823042 -0.13504972
-0.36536792 -0.84045798 0.40017095 -0.93077570 0.33574802 -0.14467190
-0.36973190 -0.85359371 0.36698249 -0.92858893 0.35305318 -0.11435127
-0.34744596 -0.81479204 0.46410704 -0.93421435 0.34341845 -0.09647425
-0.33629200 -0.79552782 0.50402707 -0.93067867 0.36258528 -0.04867423
-0.35877845 -0.83706129 0.41304529 -0.92821145 0.36663777 -0.06324734
-0.36472619 -0.85308534 0.37312227 -0.92485285 0.37831053 -0.03909414
-0.36542660 -0.85398388 0.37037134 -0.92327023 0.38316911 -0.02745151
-0.36336604 -0.84765881 0.38657430 -0.92051244 0.39061585 -0.00872785
-0.34828213 -0.81441700 0.46413845 -0.92577261 0.37655312 -0.03395290
-0.34259772 -0.80648583 0.48187914 -0.91950965 0.39304632 0.00407647
-0.35009676 -0.82627124 0.44125751 -0.91070378 0.41048142 0.04608330
-0.34777045 -0.82250232 0.45005080 -0.91545630 0.40154716 0.02645223
-0.35859096 -0.84397006 0.39890736 -0.90650374 0.41684291 0.06703033
-0.36523023 -0.86032975 0.35558355 -0.90814435 0.41324976 0.06707081
-0.37579098 -0.87874788 0.29425046 -0.90355688 0.41796824 0.09427410
-0.36721006 -0.86000723 0.35432240 -0.91017753 0.41073093 0.05363828
-0.36908928 -0.86276692 0.34555215 -0.92200953 0.38668358 -0.01934871
-0.37010869 -0.86544538 0.33767432 -0.92572796 0.37401000 -0.05607391
-0.37731963 -0.87562537 0.30151302 -0.92475373 0.37368792 -0.07202709
-0.38227940 -0.89695126 0.22212805 -0.92399031 0.37370455 -0.08115897
-0.38421106 -0.90779448 0.16819967 -0.92294872 0.38227755 -0.04505140
-0.37993872 -0.89401501 0.23745269 -0.92224604 0.38594472 -0.02255873
-0.38113362 -0.89938021 0.21413203 -0.91570222 0.39914611 0.04660328
-0.38587680 -0.91085041 0.14646097 -0.92109603 0.38929310 -0.00574802
-0.39111647 -0.91484523 0.10042978 -0.91802180 0.39554340 0.02795538
-0.38828143 -0.90826577 0.15585548 -0.91429520 0.40084568 0.05819872
-0.38775378 -0.90778768 0.15990166 -0.91387671 0.40125129 0.06186204
-0.91036582 0.40842992 0.06647633 0.40125507 0.91055495 -0.09941857
-0.90149885 0.41263267 0.13051501 0.40532857 0.91070318 -0.07955150
-0.89853460 0.41157168 0.15246110 0.38220438 0.90450358 -0.18919063
-0.88509935 0.41880500 0.20298187 0.37361425 0.89945954 -0.22668263
-0.89441729 0.41531426 0.16592717 0.38611189 0.90429294 -0.18213159
-0.89580518 0.41498026 0.15913674 0.40010056 0.90886635 -0.11781958
-0.87610513 0.41947967 0.23764788 0.42049327 0.90597248 -0.04898318
-0.87987667 0.42301962 0.21649830 0.39975452 0.90522701 -0.14408477
-0.87375498 0.42436966 0.23761877 0.39525059 0.90425622 -0.16154769
-0.87085068 0.42397076 0.24873254 0.38127992 0.90199614 -0.20255539
-0.84628391 0.43591976 0.30623120 0.36658683 0.89361322 -0.25897780
-0.83807206 0.43888777 0.32405671 0.37484747 0.89481646 -0.24247256
-0.85847598 0.42960453 0.28010538 0.40251720 0.90285796 -0.15108787
-0.84552389 0.42707372 0.32046437 0.41588926 0.90317649 -0.10634133
-0.83623093 0.43437940 0.33471242 0.39559051 0.90054172 -0.18036881
-0.83564514 0.44174889 0.32642794 0.37750807 0.89358950 -0.24286942
-0.82714725 0.43450314 0.35641906 0.38400355 0.90004426 -0.20606235
-0.81711018 0.43495077 0.37835008 0.38470232 0.90020525 -0.20404574
-0.79833513 0.42060441 0.43099076 0.37283441 0.90722924 -0.19475548
-0.74653757 0.41076759 0.52340400 0.39385059 0.90686083 -0.14995076
-0.73399419 0.45187569 0.50701171 0.30941439 0.88704813 -0.34264916
-0.75881410 0.46010548 0.46098176 0.33579549 0.88283122 -0.32840595
-0.79109925 0.43568534 0.42934865 0.36087731 0.89917117 -0.24750514
-0.80441934 0.44566676 0.39279854 0.35259497 0.89033037 -0.28807756
