-0.52176350 0.81852525 0.24037294 -0.43733281 -0.01471655 -0.89917934
-0.38821149 0.89692271 0.21171086 -0.37661302 0.05526443 -0.92472076
0.46521834 0.14389841 0.87342149 -0.46065319 0.88192177 0.10006303
0.76193446 0.28655738 0.58081049 -0.39970100 0.91368967 0.07355495
0.69336528 0.22707912 0.68387115 -0.41749737 0.90012139 0.12440852
0.40885037 0.01846390 0.91241461 -0.30142355 0.94641829 0.11591505
0.72230339 0.28790787 0.62879807 -0.46755570 0.87324321 0.13725147
0.74288589 0.34745798 0.57218319 -0.51350957 0.84413165 0.15410928
0.66486382 0.36171681 0.65354192 -0.55468720 0.82506645 0.10764573
0.52875948 0.32942277 0.78223664 -0.66483063 0.73367643 0.14042526
0.52316397 0.49582815 0.69314778 -0.74547076 0.66039979 0.09025297
0.41356549 0.37307528 0.83052909 -0.80155522 0.58183014 0.13777860
0.51126701 0.55163294 0.65901983 -0.79007721 0.60345030 0.10782278
-0.76293314 0.61921924 0.18574345 -0.41299585 -0.24579827 -0.87693655
-0.73742127 0.63943768 0.21755303 -0.43351692 -0.20108429 -0.87842369
-0.64355171 0.74330962 0.18257095 -0.45014292 -0.17463858 -0.87571269
-0.67764825 0.70162660 0.22025676 -0.41421813 -0.11669450 -0.90266591
-0.48597088 0.86736882 0.10725530 -0.44568330 -0.14038219 -0.88411498
-0.57647341 0.78928405 0.21144554 -0.47257826 -0.11094447 -0.87427753
0.61603975 0.21539436 0.75769407 -0.49327517 0.85542637 0.15787780
-0.66970497 0.71182507 0.21166091 -0.36871994 -0.07131824 -0.92680061
-0.66067380 0.71917027 0.21518439 -0.30180439 0.00799371 -0.95333642
-0.65018404 0.71888459 0.24589774 -0.32195044 0.03246883 -0.94619966
-0.67961043 0.68676156 0.25785327 -0.27180851 0.09073902 -0.95806402
-0.66856062 0.69027948 0.27666053 -0.25888243 0.13272236 -0.95674694
-0.52632701 0.80051833 0.28661868 -0.21248995 0.20255709 -0.95593864
-0.51922619 0.80858481 0.27675781 -0.35400352 0.09126184 -0.93078071
-0.50638860 0.81975788 0.26752126 -0.29428995 0.12731865 -0.94719768
-0.39984819 0.88536543 0.23716968 -0.34036225 0.09683060 -0.93529540
-0.54642963 0.78589123 0.28946441 -0.25746548 0.17125902 -0.95099002
-0.54052913 0.78674370 0.29809842 -0.19530921 0.22730021 -0.95403826
-0.63482511 0.71197194 0.30015516 -0.19530243 0.22799657 -0.95387346
-0.58487540 0.75179732 0.30450225 -0.15922900 0.26168624 -0.95192778
-0.71627760 0.63750267 0.28379002 0.03037408 0.43478107 -0.90002382
-0.70733368 0.65225762 0.27246866 -0.21341130 0.17041947 -0.96198380
-0.70460957 0.65658545 0.26911145 -0.21477008 0.16412905 -0.96277493
-0.77817917 0.56942469 0.26493907 -0.25227970 0.10290543 -0.96216708
-0.79555863 0.54801118 0.25839925 -0.23687688 0.11121212 -0.96515346
-0.84443688 0.48078585 0.23615956 -0.00157724 0.43864629 -0.89865845
-0.81498754 0.52122724 0.25321430 -0.22390430 0.11978503 -0.96722203
-0.79896325 0.54004693 0.26458851 -0.21619160 0.15262769 -0.96434742
-0.80665189 0.53112155 0.25927341 -0.17344238 0.20664226 -0.96292096
-0.79927462 0.54181832 0.25998646 -0.15698834 0.22935049 -0.96060038
-0.73252642 0.62148535 0.27777857 -0.15578441 0.24418157 -0.95713460
-0.79774165 0.54454261 0.25900128 -0.16089159 0.22173220 -0.96174258
-0.82937872 0.49256855 0.26364198 -0.14737678 0.26229027 -0.95366865
-0.83586073 0.48214346 0.26243976 -0.14963135 0.25986397 -0.95398176
-0.86959577 0.42330769 0.25419250 -0.19380096 0.18088329 -0.96422118
-0.87344682 0.42577335 0.23623675 -0.18298721 0.16257645 -0.96957958
-0.87793434 0.41867912 0.23224796 -0.17508657 0.17073138 -0.96963680
-0.83973247 0.48602071 0.24214306 -0.19773099 0.14162131 -0.96997207
-0.87921333 0.41478479 0.23438746 -0.20858809 0.10718226 -0.97211266
-0.88222003 0.41440833 0.22350305 -0.23400056 0.02601310 -0.97188842
-0.87034440 0.44525874 0.21034554 -0.24146855 -0.01360951 -0.97031325
-0.88097769 0.42035922 0.21720144 -0.23479040 0.01016545 -0.97199285
-0.88506490 0.41379589 0.21315047 -0.22419469 0.02233754 -0.97428840
-0.87297982 0.43096960 0.22841075 -0.24478355 0.01794310 -0.96941179
-0.83183002 0.50138235 0.23806423 -0.26546362 0.01728264 -0.96396601
-0.81546360 0.52857733 0.23584998 -0.28110713 -0.00548013 -0.95966077
-0.83687842 0.48083276 0.26159969 -0.29380035 0.00867034 -0.95582747
-0.78726482 0.57009512 0.23495904 -0.31146684 -0.03880333 -0.94946450
-0.81137532 0.53789514 0.22877705 -0.39737102 -0.22054735 -0.89076102
-0.82554471 0.51883936 0.22199483 -0.38432825 -0.22884029 -0.89438468
0.32833391 0.30751964 0.89310056 -0.87450218 0.45631954 0.16437288
0.41115808 0.50651556 0.75788593 -0.86927527 0.46816009 0.15870346
0.44205880 0.52896410 0.72441775 -0.85362011 0.49616146 0.15860832
0.41227311 0.57171851 0.70934403 -0.88828760 0.42524010 0.17353977
0.40569529 0.59328365 0.69528836 -0.89479703 0.41294768 0.16974233
0.29412311 0.51652592 0.80417198 -0.94047940 0.30629945 0.14723858
0.23699205 0.63754290 0.73305792 -0.96520019 0.24038224 0.10298067
0.18191482 0.58101720 0.79330075 -0.98015988 0.17171411 0.09899996
0.17725599 0.71456593 0.67673916 -0.98350543 0.15377952 0.09523110
0.16701050 0.55968684 0.81170070 -0.98481643 0.13425051 0.11006085
0.16631828 0.52546948 0.83439797 -0.98471892 0.13282414 0.11263418
0.16725087 0.49173748 0.85452998 -0.98148763 0.16508609 0.09710095
0.15458636 0.37289292 0.91490656 -0.97934163 0.18002006 0.09210195
0.06944193 0.20985967 0.97526240 -0.99182528 0.11943530 0.04492085
0.06695075 0.32995963 0.94161791 -0.98882592 0.14792626 0.01847135
0.02629256 0.30969277 0.95047313 -0.99632299 0.08567611 -0.00035497
0.00697678 0.46261173 0.88653356 -0.99856204 0.05034668 -0.01841353
0.00345942 0.63620871 0.77150929 -0.99926478 0.03165846 -0.02162580
-0.00514663 0.38889050 0.92126966 -0.99852711 0.04776132 -0.02573945
-0.00110843 0.33757919 0.94129652 -0.99494046 0.09419108 -0.03495156
-0.02659292 0.30549052 0.95182371 -0.99496382 0.08396319 -0.05474643
-0.03851852 0.24751858 0.96811718 -0.99399930 0.08977266 -0.06250048
-0.00963714 0.16118613 0.98687702 -0.99058282 0.13325676 -0.03143809
0.03848633 0.20916483 0.97712278 -0.98466128 0.17447111 0.00143562
-0.95429897 0.26899716 0.13020742 -0.17355852 -0.14415213 -0.97421640
-0.95843917 0.24813311 0.14079919 -0.17990696 -0.14263204 -0.97328812
-0.95554525 0.26363599 0.13201995 -0.17957005 -0.16522072 -0.96977150
0.18813615 0.26793551 0.94488907 -0.95723271 0.26532683 0.11535701
0.19903733 0.32263374 0.92536026 -0.96644247 0.22109722 0.13078654
0.24542424 0.27529615 0.92950469 -0.93512136 0.32000759 0.15212893
0.25568467 0.29612017 0.92029250 -0.93234330 0.32726657 0.15372905
-0.91843659 0.35189202 0.18068294 -0.23532087 -0.11889204 -0.96461850
-0.94197774 0.30973947 0.12938061 -0.17812717 -0.13455239 -0.97476482
-0.87755191 0.46850505 0.10200831 -0.23851582 -0.24198350 -0.94050735
-0.94197518 0.30435339 0.14160439 -0.17411418 -0.08233195 -0.98127759
-0.94292647 0.30085751 0.14273940 -0.17229201 -0.07395752 -0.98226559
-0.93662614 0.30325758 0.17540343 -0.20053500 -0.05356162 -0.97822130
-0.93898684 0.28974736 0.18533798 -0.19919448 -0.01881166 -0.97977942
-0.92083549 0.32750896 0.21166022 -0.20963880 0.04190394 -0.97688061
-0.94332439 0.25589308 0.21132411 -0.18201669 0.13352630 -0.97418720
-0.90821064 0.35881153 0.21542443 -0.22449526 0.01673802 -0.97433144
-0.91930789 0.32740614 0.21835345 -0.21679500 0.04173452 -0.97532469
-0.90889716 0.35345539 0.22130367 -0.20010100 0.09595098 -0.97506571
-0.90848261 0.35321605 0.22337808 -0.20198953 0.09681929 -0.97459036
-0.92480236 0.30365601 0.22920217 -0.19246386 0.14626281 -0.97034264
-0.92399895 0.30621988 0.22903147 -0.19258805 0.14477605 -0.97054094
-0.92200553 0.30990905 0.23208229 -0.19917853 0.13436353 -0.97070819
-0.92162073 0.30497816 0.24000733 -0.19748151 0.16384220 -0.96651787
-0.93135375 0.27235162 0.24167086 -0.19472413 0.18828401 -0.96261710
-0.93958861 0.24834321 0.23558223 -0.19661589 0.17182380 -0.96530765
-0.93988436 0.24873281 0.23398608 -0.20440513 0.13911983 -0.96895003
-0.92671138 0.28565398 0.24414733 -0.20329757 0.16530216 -0.96506232
-0.92111844 0.29931092 0.24890529 -0.17867799 0.24299219 -0.95343012
-0.91987449 0.30206785 0.25017190 -0.17788851 0.24714912 -0.95250881
-0.89507794 0.36613408 0.25452176 -0.15627481 0.27702013 -0.94807070
-0.89977688 0.35371014 0.25552037 -0.17023513 0.25463092 -0.95193648
-0.92140716 0.29788792 0.24954291 -0.17719500 0.24944311 -0.95204002
-0.92590111 0.28569686 0.24715286 -0.16775855 0.27523479 -0.94662714
-0.94438207 0.23058966 0.23445892 -0.16080379 0.29810545 -0.94089073
-0.94518101 0.22887696 0.23291238 -0.20634684 0.13418399 -0.96923459
-0.95372421 0.19809265 0.22620678 -0.20954143 0.10167562 -0.97249907
-0.93915826 0.26882842 0.21380630 -0.14237063 0.26181182 -0.95456022
-0.90981573 0.34866875 0.22508989 -0.18363564 0.14816272 -0.97176427
-0.91981345 0.32559240 0.21893562 -0.14189510 0.24418813 -0.95929033
-0.92966342 0.29182610 0.22486340 -0.19690138 0.12229058 -0.97276664
-0.91355538 0.34062910 0.22223499 -0.22397140 0.03476258 -0.97397554
0.22425731 0.22458139 0.94829947 -0.95462722 0.24628201 0.16742790
-0.95860761 0.24707851 0.14150524 -0.17100672 -0.10223509 -0.97995138
-0.96139026 0.23660353 0.14052647 -0.14692438 -0.00953769 -0.98910177
-0.97499734 0.19310930 0.10994965 -0.11816917 -0.03153871 -0.99249250
-0.98033082 0.14962575 0.12869957 -0.12766542 0.01653709 -0.99167943
0.20509407 0.18165864 0.96173620 -0.97850406 0.05973708 0.19738637
-0.97944707 0.16392291 0.11752795 -0.11617813 0.01783142 -0.99306834
-0.98107320 0.16218950 0.10578261 -0.11873952 -0.07236762 -0.99028474
0.20868680 0.18861459 0.95962203 -0.95065248 0.26947019 0.15377162
-0.92037147 0.33057600 0.20889211 -0.22428919 -0.00867387 -0.97448409
-0.96413010 0.21740855 0.15227194 -0.15361696 0.01080379 -0.98807144
-0.98983866 0.13693067 0.03833375 -0.05543646 -0.12335871 -0.99081254
-0.99087358 0.13299368 0.02196073 -0.03874892 -0.12499391 -0.99140054
-0.01655198 0.08494260 0.99624836 -0.99692696 0.07490035 -0.02294944
-0.04013245 0.08883581 0.99523747 -0.99605286 0.07536487 -0.04689246
-0.04382699 0.17651668 0.98332143 -0.99755138 0.04596411 -0.05271227
-0.05251347 0.18450786 0.98142713 -0.99644041 0.05521899 -0.06369793
0.06076083 0.28181162 0.95754391 -0.98666924 0.16205366 0.01491549
0.09010512 0.28692019 0.95370746 -0.98447400 0.17050128 0.04171709
0.16287982 0.33081561 0.92953283 -0.97330981 0.20825042 0.09643560
0.28346679 0.43345851 0.85542995 -0.93874699 0.30770054 0.15515953
0.31117496 0.27907768 0.90845245 -0.88874263 0.42403415 0.17415993
0.32454827 0.27830419 0.90399963 -0.88767785 0.41966856 0.18948993
-0.87950653 0.41374040 0.23513241 -0.30204570 -0.10350993 -0.94765717
-0.87003875 0.42693669 0.24649069 -0.31507006 -0.09699721 -0.94409877
-0.85427111 0.45935258 0.24334359 -0.32853463 -0.11431586 -0.93754834
-0.76339614 0.59884089 0.24210735 -0.31732371 -0.02121858 -0.94807988
-0.78223687 0.57025492 0.25082839 -0.31842270 -0.01992455 -0.94773942
-0.79310489 0.55126834 0.25901330 -0.25761631 0.08173359 -0.96278417
-0.85506123 0.45758229 0.24390338 -0.31506473 -0.08489423 -0.94526571
-0.87415212 0.42722508 0.23094781 -0.30590013 -0.11501318 -0.94509107
-0.91726345 0.35694814 0.17668024 -0.23646781 -0.13112313 -0.96275115
-0.91973972 0.32151994 0.22517513 -0.23049173 0.02197029 -0.97282624
-0.87738001 0.41967955 0.23253682 -0.20830913 0.10340003 -0.97258204
-0.90685397 0.35553661 0.22629550 -0.19336748 0.12608391 -0.97299123
-0.89739007 0.36360544 0.24996427 -0.16856876 0.24101979 -0.95576882
-0.85334688 0.44581783 0.27026951 -0.14729489 0.29112017 -0.94527942
-0.84963000 0.46503425 0.24874087 -0.20430277 0.14459507 -0.96816975
-0.83432591 0.49990642 0.23236592 -0.21934633 0.08566643 -0.97187883
-0.82596421 0.51124489 0.23751187 -0.22923638 0.08030952 -0.97005212
-0.77488416 0.57890135 0.25382629 -0.26883584 0.06160755 -0.96121371
-0.76083827 0.58748966 0.27564651 -0.20551135 0.18476984 -0.96105427
-0.67922485 0.67603344 0.28571391 -0.12579976 0.27629286 -0.95280463
-0.67062211 0.68611801 0.28197166 -0.23188269 0.16717198 -0.95827138
-0.73844296 0.62612450 0.25034031 -0.27624217 0.05777589 -0.95934993
-0.71652365 0.65817797 0.23107503 -0.36175922 -0.06737956 -0.92983347
-0.72657889 0.64891750 0.22580810 -0.35845757 -0.07763019 -0.93031269
-0.79858685 0.56249887 0.21413569 -0.40915644 -0.24642958 -0.87855762
0.41001403 0.45387176 0.79113144 -0.83690727 0.53204614 0.12850328
-0.64625508 0.73615682 0.20106578 -0.46819997 -0.17442797 -0.86623538
-0.53708315 0.82078087 0.19457768 -0.51487702 -0.13627055 -0.84636402
0.48052987 0.15220706 0.86366892 -0.46944368 0.87648892 0.10672371
-0.40906316 0.88179535 0.23474328 -0.47166717 0.01589471 -0.88163346
-0.53210580 0.81480098 0.23013648 -0.45575154 -0.04656650 -0.88888818
-0.55162001 0.79513222 0.25195259 -0.32825243 0.07074658 -0.94193703
