0.45325163 -0.00469404 0.89137024 0.85553652 0.28301972 -0.43354020
0.45805919 0.00248373 0.88891822 0.87676311 0.16356656 -0.45225266
0.43090165 0.05956478 0.90043092 0.87695700 0.20762551 -0.43340299
0.45975664 -0.00394736 0.88803619 0.87527740 0.17097302 -0.45239109
0.42835444 0.06677843 0.90113991 0.87357634 0.22437613 -0.43187937
0.46684796 -0.01038872 0.88427663 0.86306423 0.22335768 -0.45302495
0.37823403 0.08961936 0.92136174 0.90273678 0.18465097 -0.38854891
0.43208387 0.06742979 0.89930904 0.87971467 0.18798645 -0.43676463
0.49647430 -0.04711816 0.86677170 0.85461837 0.20151773 -0.47855839
0.36014095 0.13691826 0.92279577 0.89855272 0.21501970 -0.38258281
0.40549669 0.13249925 0.90444261 0.88537747 0.18913729 -0.42465734
0.47004327 0.06513114 0.88023710 0.85337281 0.22116102 -0.47206214
0.50506592 0.03561414 0.86234570 0.82152355 0.28646514 -0.49298760
0.36409050 0.12367693 0.92311543 0.90331572 0.19451360 -0.38234165
0.47452885 0.17073113 0.86352378 0.82746255 0.24806096 -0.50375748
0.49551114 0.07275899 0.86554891 0.83776426 0.22313012 -0.49836144
0.54593861 0.05272528 0.83616459 0.78278017 0.32368183 -0.53149354
0.34799442 0.16777445 0.92236197 0.91242516 0.16539870 -0.37433085
0.48438755 0.17123857 0.85793132 0.82245904 0.24514337 -0.51328933
0.49816987 0.12185097 0.85847491 0.81475002 0.27296296 -0.51154053
0.55395937 0.06119660 0.83029151 0.78068382 0.30829901 -0.54358494
0.51956248 0.13407578 0.84384751 0.80458397 0.25562719 -0.53600329
0.43129385 0.23251033 0.87173653 0.86074460 0.18352035 -0.47480425
0.32245067 0.16652101 0.93182421 0.91753864 0.18701130 -0.35092694
0.49729967 0.19236627 0.84598362 0.80282837 0.26760259 -0.53278106
0.47201037 0.20301276 0.85789984 0.82701087 0.23512548 -0.51065540
0.55236143 0.08192211 0.82956958 0.78615886 0.27975306 -0.55108309
0.52277952 0.13785964 0.84124684 0.78775615 0.29902196 -0.53854084
0.46158126 0.23803675 0.85456502 0.84386116 0.17925867 -0.50573182
0.42998791 0.20161891 0.88003421 0.86319256 0.19385952 -0.46617287
0.28367025 0.16412872 0.94477141 0.94464421 0.12155463 -0.30474889
0.50222963 0.19272140 0.84298515 0.78639036 0.30366930 -0.53793609
0.48085868 0.23543903 0.84459656 0.80179727 0.27173689 -0.53224081
0.46556491 0.23887178 0.85216761 0.82285506 0.23765555 -0.51616800
0.53052020 0.13453038 0.83692890 0.74136579 0.40508065 -0.53505754
0.51945072 0.15068172 0.84110999 0.78077209 0.31628618 -0.53884882
0.41204676 0.28639132 0.86498415 0.85599852 0.20362821 -0.47518647
0.40368450 0.23191532 0.88501644 0.87773091 0.17474586 -0.44615281
0.28344500 0.17867921 0.94219565 0.94585878 0.10993260 -0.30539474
0.49984258 0.20608599 0.84124070 0.77967840 0.31590393 -0.54065359
0.47995839 0.24067742 0.84363163 0.79815900 0.27932841 -0.53377706
0.47845912 0.24095866 0.84440267 0.80661130 0.25946909 -0.53108770
0.47301370 0.24580334 0.84607255 0.81571847 0.24072514 -0.52597982
0.52523398 0.14469881 0.83856523 0.75044352 0.38584355 -0.53661835
0.40259781 0.29985473 0.86487120 0.86274123 0.19147334 -0.46799096
0.44347137 0.29623646 0.84591794 0.82260293 0.24023193 -0.51537663
0.37326676 0.26625782 0.88869500 0.90331346 0.11399058 -0.41355896
-0.30003908 -0.26118812 -0.91747332 -0.93350202 -0.11756796 0.33875033
0.49869859 0.20878024 0.84125537 0.77139235 0.33571574 -0.54060054
0.47487661 0.25331393 0.84280741 0.78465682 0.31178364 -0.53582150
0.45554298 0.29146686 0.84114671 0.81484634 0.24396859 -0.52583724
0.50708723 0.19274043 0.84006774 0.75078750 0.37990800 -0.54035920
0.40752912 0.28747815 0.86676198 0.86028105 0.19753243 -0.46999735
0.43521458 0.32963645 0.83781147 0.81725335 0.24578100 -0.52123773
0.37927312 0.31197965 0.87110317 0.88246685 0.16111211 -0.44192198
0.34937498 0.26367378 0.89911807 0.91182375 0.12519887 -0.39102772
-0.30837712 -0.23655809 -0.92138153 -0.93553293 -0.10000300 0.33878845
-0.30406475 -0.25632274 -0.91752017 -0.93445629 -0.10708684 0.33959368
0.47848514 0.25884280 0.83907831 0.78057712 0.31228358 -0.54145956
0.48239902 0.24649170 0.84055525 0.78556329 0.30279666 -0.53963357
0.44795865 0.30790204 0.83936256 0.80093676 0.27897367 -0.52978677
0.50600380 0.21550712 0.83517474 0.67634732 0.50176144 -0.53924942
0.40528730 0.35270888 0.84340900 0.83994567 0.22052202 -0.49584413
0.39964944 0.30682713 0.86379248 0.86904335 0.17296240 -0.46351668
0.43284488 0.33122414 0.83841270 0.81838268 0.24562009 -0.51953894
-0.37096930 -0.33042136 -0.86787301 -0.89675367 -0.11535187 0.42723164
0.39527938 0.31088728 0.86435139 0.88166541 0.13560398 -0.45197093
-0.35683119 -0.33165488 -0.87331361 -0.90989292 -0.08834417 0.40532738
-0.30949712 -0.23685041 -0.92093080 -0.93707192 -0.08859812 0.33770794
0.48067108 0.25326321 0.83953148 0.77556521 0.32398683 -0.54178512
0.46913448 0.28094405 0.83724743 0.73332179 0.40433797 -0.54658026
0.46022305 0.29747498 0.83648276 0.78442305 0.30500555 -0.54004824
0.45070195 0.30667144 0.83834386 0.77253515 0.33656090 -0.53843868
0.46646526 0.28397349 0.83771664 0.74664778 0.38138047 -0.54503769
0.41276836 0.34905198 0.84129965 0.84071910 0.20937586 -0.49935278
-0.42836386 -0.32189035 -0.84432876 -0.89960694 0.06410325 0.43197018
0.38829103 0.36212906 0.84740353 0.85606092 0.19868322 -0.47716317
0.41835865 0.37026066 0.82938719 0.79854202 0.28516525 -0.53010517
-0.38450962 -0.35839796 -0.85070753 -0.88776088 -0.10905219 0.44720030
-0.36483234 -0.30407205 -0.88002133 -0.91036963 -0.08171257 0.40564790
0.38627127 0.36657465 0.84641451 0.86333483 0.17937069 -0.47167698
-0.33818501 -0.25893548 -0.90475595 -0.92989773 -0.05581995 0.36355799
0.46411389 0.29266846 0.83602846 0.77201885 0.32907602 -0.54377919
0.45971799 0.30255285 0.83493787 0.76107043 0.35026726 -0.54597139
0.44179556 0.34572458 0.82782310 0.80238044 0.26044399 -0.53698671
0.41878068 0.36630750 0.83092815 0.69817692 0.45522487 -0.55255717
0.41189077 0.36004972 0.83708435 0.83935118 0.20770256 -0.50234389
0.40087813 0.38484818 0.83137757 0.84282035 0.20078376 -0.49933931
0.41870075 0.36977011 0.82943338 0.79846418 0.28519106 -0.53020853
-0.38838333 -0.36621264 -0.84560436 -0.88442224 -0.10953769 0.45365065
-0.39183852 -0.37070131 -0.84204698 -0.88578033 -0.09540901 0.45419204
-0.37744370 -0.35134900 -0.85679066 -0.90732747 -0.04470857 0.41804075
0.38294330 0.39404923 0.83551168 0.87251443 0.14280437 -0.46725324
-0.33810565 -0.25982252 -0.90453130 -0.92965120 -0.05730790 0.36395666
0.44026345 0.33762869 0.83197057 0.75898492 0.35510561 -0.54574907
0.44472790 0.33400235 0.83105934 0.75245959 0.36396050 -0.54894209
0.42095992 0.37111261 0.82768846 0.70271003 0.44356713 -0.55627948
0.40021461 0.39646828 0.82622105 0.82622021 0.23394497 -0.51247448
0.39868391 0.40130490 0.82462448 0.83792043 0.20606896 -0.50539595
0.39370579 0.42082831 0.81725115 0.81377465 0.25391427 -0.52277946
0.40069273 0.40980920 0.81945217 0.79191184 0.29489926 -0.53470570
-0.39744675 -0.38913575 -0.83102918 -0.88861662 -0.06269462 0.45434561
-0.37799385 -0.35178673 -0.85636836 -0.90897202 -0.03458529 0.41541994
0.38224480 0.41081026 0.82772213 0.87164074 0.13711193 -0.47057715
-0.34762895 -0.26238748 -0.90017051 -0.93250787 -0.00348482 0.36113280
0.43064249 0.36672640 0.82465678 0.72086918 0.41001675 -0.55877894
0.47889471 0.30890736 0.82172757 0.65608716 0.49598446 -0.56881380
0.39795712 0.40886319 0.82125580 0.79218823 0.29832289 -0.53239214
0.38386899 0.43565214 0.81415719 0.84069389 0.19981048 -0.50329858
0.39149946 0.42508340 0.81610805 0.80473113 0.27194345 -0.52768809
0.37568021 0.45506519 0.80732894 0.75759745 0.35094005 -0.55035186
-0.40396559 -0.39256808 -0.82625788 -0.88530928 -0.05962330 0.46116439
-0.40241340 -0.42286462 -0.81194150 -0.89514720 -0.00403363 0.44575241
-0.36770162 -0.33969140 -0.86568195 -0.91871232 -0.01154993 0.39475864
0.37445125 0.43661711 0.81801701 0.86767358 0.14612210 -0.47517455
-0.38808814 -0.44576389 -0.80664873 -0.86884898 -0.11496433 0.48154414
-0.34642062 -0.28691491 -0.89312524 -0.92824590 -0.03264940 0.37053162
0.38995931 0.42895114 0.81482065 0.72752070 0.39892435 -0.55818731
0.38787267 0.43482772 0.81269902 0.67376786 0.46791521 -0.57191980
0.37862074 0.44868892 0.80952120 0.81848454 0.24603544 -0.51918173
0.38296580 0.43963873 0.81243765 0.84503597 0.18855013 -0.50036299
0.37955150 0.45019054 0.80825073 0.83110690 0.21789159 -0.51164889
0.38381991 0.44630733 0.80838859 0.78987640 0.29477659 -0.53777510
0.38043737 0.44943339 0.80825561 0.76507717 0.33803374 -0.54807860
-0.39912024 -0.42608893 -0.81188136 -0.87769574 -0.07860492 0.47272775
-0.40179116 -0.42144874 -0.81298518 -0.88795453 -0.03769641 0.45838395
-0.41465271 -0.38317019 -0.82537490 -0.87557322 -0.07905728 0.47657272
-0.36920115 -0.34034067 -0.86478829 -0.91940695 -0.00199043 0.39330268
0.38501859 0.41317636 0.82525516 0.86325014 0.15505049 -0.48037332
-0.35503116 -0.20476755 -0.91215307 -0.93456954 0.10183120 0.34089625
0.36258280 0.47547913 0.80153191 0.77601254 0.32223222 -0.54219103
0.38576609 0.44815868 0.80643559 0.65600145 0.48138100 -0.58132136
0.36259410 0.48378444 0.79654139 0.81353325 0.25264010 -0.52377152
0.36322817 0.48870754 0.79324031 0.85473973 0.16404161 -0.49245343
0.35446337 0.50419313 0.78749293 0.82762998 0.22278269 -0.51516658
0.35225451 0.50067264 0.79072350 0.78588831 0.30056021 -0.54041016
0.37680721 0.45637292 0.80606455 0.74360704 0.36984956 -0.55700970
0.35290864 0.49540663 0.79374290 0.76461911 0.33623821 -0.54981953
-0.39860627 -0.44666770 -0.80100000 -0.87599826 -0.07317201 0.47673154
-0.40343681 -0.44943389 -0.79702443 -0.87441182 -0.06720862 0.48050699
-0.41104335 -0.41109535 -0.81366092 -0.89690858 0.02269173 0.44163352
-0.40522894 -0.43771172 -0.80261946 -0.89231926 -0.00162318 0.45140201
-0.41426378 -0.40271235 -0.81621581 -0.89930785 0.04306015 0.43519107
-0.36173296 -0.31667653 -0.87684965 -0.92644626 0.01703386 0.37604156
-0.40039632 -0.44650686 -0.80019653 -0.85891837 -0.12139431 0.49751660
-0.34786540 -0.25851282 -0.90119970 -0.93231750 -0.00597739 0.36159161
0.38038498 0.45520967 0.80504125 0.71481776 0.40760779 -0.56823540
0.35854033 0.48100296 0.80005318 0.72239178 0.39986706 -0.56414223
0.37479776 0.46480429 0.80217427 0.42903474 0.68006593 -0.59450781
0.35846853 0.49417269 0.79201871 0.81632870 0.24565348 -0.52274454
0.35856560 0.49094272 0.79398113 0.81138194 0.25668520 -0.52514011
0.36473906 0.48899958 0.79236662 0.85412186 0.16311608 -0.49383107
0.34946522 0.51413709 0.78328615 0.83088809 0.21629964 -0.51267868
0.34949565 0.50450867 0.78950864 0.78253615 0.30622494 -0.54209179
0.35300580 0.49541265 0.79369599 0.76494110 0.33565563 -0.54972768
-0.40611830 -0.45598847 -0.79192328 -0.87287241 -0.06294063 0.48387218
-0.40489396 -0.49489176 -0.76885831 -0.88758379 0.01071206 0.46052176
-0.41904825 -0.40834278 -0.81095922 -0.89959544 0.06573790 0.43174833
-0.35001275 -0.26441112 -0.89865333 -0.93210220 0.00291207 0.36218378
-0.36673984 -0.31253761 -0.87625462 -0.92603326 0.03228392 0.37605885
-0.39334384 -0.46802685 -0.79134798 -0.85766828 -0.12326358 0.49921054
0.34262484 0.50851017 0.78995299 0.74083030 0.37084475 -0.56003988
0.33225796 0.51760668 0.78847200 0.70440805 0.41974568 -0.57238346
0.33721414 0.52034736 0.78455424 0.57961327 0.54194015 -0.60856336
-0.37995619 -0.52382511 -0.76239133 -0.85146368 -0.12399676 0.50954342
0.36861813 0.48178381 0.79498750 0.83088255 0.21272731 -0.51418030
0.33197767 0.54170752 0.77223307 0.78454155 0.29596624 -0.54488391
0.34214675 0.50930995 0.78964484 0.74723774 0.36203912 -0.55728221
-0.39590186 -0.48738468 -0.77827889 -0.86796707 -0.07811043 0.49044064
-0.40257585 -0.48209533 -0.77814960 -0.88456750 -0.01384196 0.46620682
-0.40804151 -0.49651510 -0.76614290 -0.88670123 0.01569816 0.46207631
-0.40280992 -0.49269605 -0.77135909 -0.89415425 0.03178981 0.44662923
-0.41905701 -0.42047742 -0.80472976 -0.90036529 0.07804748 0.42807814
-0.39909932 -0.33518922 -0.85344476 -0.91453898 0.07865806 0.39677620
-0.39526844 -0.48472577 -0.78025883 -0.85983682 -0.10360736 0.49994630
0.32772180 0.52585793 0.78490245 0.71578449 0.40404660 -0.56956029
0.35262230 0.52150416 0.77697557 0.56403995 0.54407233 -0.62116373
-0.37660858 -0.53516382 -0.75615191 -0.85170299 -0.12102927 0.50985676
0.33164540 0.55212396 0.76496446 0.84452963 0.18762761 -0.50156325
0.34611297 0.52518308 0.77742434 0.82243127 0.22889821 -0.52078062
0.32786500 0.55447549 0.76489311 0.80816662 0.25468701 -0.53103793
0.31341368 0.56766188 0.76126993 0.76368403 0.32580194 -0.55735070
0.30043453 0.56333774 0.76966852 0.75135851 0.35729375 -0.55479866
-0.38756144 -0.52382493 -0.75855362 -0.87122214 -0.06079635 0.48710966
-0.39186811 -0.52398580 -0.75622642 -0.88147235 -0.02160779 0.47174111
-0.41512576 -0.46254170 -0.78340662 -0.89955288 0.08003455 0.42941719
-0.40399984 -0.52520108 -0.74896461 -0.89172596 0.04353757 0.45047677
-0.39488333 -0.52298135 -0.75535268 -0.87913460 -0.02367412 0.47598526
-0.41786200 -0.41629595 -0.80752033 -0.90045887 0.07170108 0.42899057
-0.40054205 -0.33174077 -0.85411602 -0.91474819 0.09092551 0.39366016
0.30411738 0.55542552 0.77396071 0.72277623 0.39471564 -0.56726909
0.22771646 0.62390763 0.74758577 0.59317666 0.51997072 -0.61463165
0.29189032 0.57092953 0.76735884 0.69990689 0.41930163 -0.57820112
-0.38007811 -0.53959072 -0.75125396 -0.86907309 -0.06970082 0.48974866
-0.36613026 -0.55891716 -0.74401635 -0.84749943 -0.12991872 0.51465130
0.32953918 0.55457395 0.76410192 0.82737494 0.22023398 -0.51666987
0.33222097 0.55498493 0.76264077 0.84624350 0.18169141 -0.50085956
0.32657957 0.55741715 0.76330334 0.83301848 0.21181701 -0.51109076
0.32834348 0.55311716 0.76567096 0.81032258 0.25157893 -0.52923095
0.31676516 0.60102379 0.73377806 0.79086655 0.25972202 -0.55414319
0.29526806 0.61104608 0.73446542 0.77725118 0.29342079 -0.55658317
0.30894318 0.56990701 0.76141977 0.74965835 0.34675795 -0.56371218
-0.41512156 -0.46290499 -0.78319418 -0.90019470 0.08445296 0.42722034
-0.40579152 -0.52412462 -0.74875003 -0.89052880 0.04240510 0.45294628
-0.39401647 -0.56641024 -0.72383040 -0.88079292 0.00769271 0.47343928
-0.37544942 -0.59507340 -0.71058106 -0.88294488 -0.00351350 0.46946362
-0.41853878 -0.42747840 -0.80130368 -0.90387243 0.11004405 0.41340655
-0.40340254 -0.33681092 -0.85077894 -0.91485643 0.13074055 0.38202709
0.23822261 0.63307422 0.73652369 0.58901447 0.50879610 -0.62784445
0.27335384 0.58816153 0.76114637 0.69790149 0.42328280 -0.57772428
-0.37503332 -0.56279576 -0.73662138 -0.86845011 -0.06464834 0.49154356
-0.36252594 -0.58459413 -0.72582692 -0.85565335 -0.09988518 0.50781918
-0.32446340 -0.62016571 -0.71422553 -0.83140135 -0.17312057 0.52801627
0.30680484 0.61612886 0.72543508 0.77362537 0.28254783 -0.56716007
0.30485541 0.63067997 0.71365678 0.81473535 0.21536136 -0.53835475
0.29117623 0.61288995 0.73456270 0.75652587 0.32246423 -0.56893367
0.29555777 0.59083354 0.75070721 0.74905628 0.34439319 -0.56595761
-0.41440237 -0.47405091 -0.77688259 -0.90152037 0.09692669 0.42174193
-0.41043395 -0.50698429 -0.75796497 -0.90134543 0.09950911 0.42151445
-0.39465329 -0.57206780 -0.71901828 -0.89685702 0.06972459 0.43679053
-0.38187081 -0.60546345 -0.69827563 -0.88635898 0.02589759 0.46227390
-0.39073172 -0.57017231 -0.72265649 -0.86421156 -0.04310532 0.50127882
-0.37246063 -0.58825499 -0.71779472 -0.87296391 -0.04042497 0.48610678
-0.41557032 -0.40370482 -0.81506056 -0.90846241 0.14019525 0.39375293
-0.41699049 -0.45495442 -0.78685158 -0.90505224 0.12815252 0.40553343
-0.40116709 -0.32154632 -0.85771382 -0.91542381 0.10738564 0.38790151
0.23938732 0.63041437 0.73842508 0.59869295 0.50289792 -0.62342632
0.23179339 0.63585407 0.73618031 0.68707556 0.42871770 -0.58662456
0.26191622 0.60952061 0.74825436 0.70766842 0.40587714 -0.57833320
-0.35869405 -0.60073847 -0.71445918 -0.85716611 -0.09108008 0.50692284
-0.32937244 -0.62054139 -0.71164757 -0.82956374 -0.16976675 0.53198051
0.30114609 0.63763881 0.70903301 0.77364796 0.27131689 -0.57258713
0.30558652 0.64042950 0.70460415 0.80628526 0.21957654 -0.54926336
0.31137633 0.62533653 0.71554112 0.82989770 0.18787552 -0.52533096
0.25926065 0.65594566 0.70888597 0.74745286 0.32855129 -0.57738054
0.27074707 0.61598754 0.73976719 0.70722604 0.39407325 -0.58697331
-0.41119614 -0.50467926 -0.75908929 -0.90119785 0.09994695 0.42172632
-0.40956217 -0.50822514 -0.75760549 -0.90198952 0.10119509 0.41973150
-0.39500585 -0.57190841 -0.71895146 -0.89887506 0.07898617 0.43102774
-0.38836241 -0.59934634 -0.69997042 -0.89158392 0.05239134 0.44981483
-0.38194758 -0.61084294 -0.69353223 -0.88927782 0.03862092 0.45573398
-0.38194543 -0.60138196 -0.70175320 -0.87458563 -0.01021060 0.48476365
-0.36452964 -0.60382861 -0.70887876 -0.86116731 -0.07101893 0.50333619
-0.41171700 -0.38241574 -0.82719249 -0.91082698 0.14307356 0.38720053
-0.41243991 -0.43877101 -0.79835665 -0.91022003 0.16257955 0.38087723
-0.41515282 -0.45824310 -0.78591442 -0.90660369 0.13658538 0.39926714
0.17100362 0.69303548 0.70032829 0.68537158 0.42697471 -0.58988005
0.17385726 0.69256359 0.70009238 0.66454911 0.44213128 -0.60240722
0.23090979 0.63866699 0.73401988 0.67740041 0.43601263 -0.59247082
-0.34010005 -0.62958527 -0.69853729 -0.84846395 -0.11487907 0.51663500
0.28420651 0.65711266 0.69816160 0.73132795 0.32230645 -0.60106403
0.30080223 0.64437228 0.70306647 0.77672392 0.26223153 -0.57265574
0.29796335 0.65332294 0.69597924 0.80693805 0.21712108 -0.54928094
-0.32330686 -0.66549581 -0.67274666 -0.82543808 -0.14931045 0.54438812
0.25945920 0.64462918 0.71912050 0.70161331 0.38586584 -0.59903783
0.23880291 0.64828050 0.72298378 0.72856724 0.37261358 -0.57475984
-0.40768802 -0.51919049 -0.75115353 -0.90432298 0.11565270 0.41088259
-0.40258029 -0.54138935 -0.73812383 -0.90470636 0.11251576 0.41090950
-0.39613459 -0.56881106 -0.72078532 -0.89638919 0.06951979 0.43778244
-0.38525578 -0.60790473 -0.69428366 -0.88519698 0.03083615 0.46419337
-0.37654153 -0.64454049 -0.66542023 -0.89750952 0.07582581 0.43442738
-0.37451255 -0.62700874 -0.68308151 -0.87328750 -0.00906862 0.48712084
-0.35028383 -0.65438586 -0.67013466 -0.87163883 -0.03414892 0.48895776
-0.41150153 -0.43890971 -0.79876453 -0.91073787 0.16439217 0.37885597
-0.41061333 -0.50772089 -0.75737458 -0.90823030 0.15421744 0.38901764
0.16280425 0.70186615 0.69345421 0.63206011 0.46549237 -0.61952960
0.18988560 0.70259875 0.68578315 0.65908933 0.42648962 -0.61944157
-0.33891326 -0.64583468 -0.68413109 -0.84868503 -0.10396731 0.51857942
0.28549510 0.66892064 0.68632191 0.73317802 0.30874929 -0.60590750
0.28678206 0.66530997 0.68928862 0.77727324 0.25900152 -0.57337993
-0.31019714 -0.68753600 -0.65656078 -0.81141168 -0.16839044 0.55969250
-0.32510373 -0.66833371 -0.66905731 -0.84275454 -0.11622214 0.52560186
-0.39645290 -0.57637787 -0.71457243 -0.90646988 0.12249826 0.40411207
-0.39366642 -0.59453505 -0.70110977 -0.90581709 0.12096013 0.40603459
-0.37468958 -0.64714241 -0.66393852 -0.89033723 0.05135997 0.45239562
-0.37864992 -0.65240788 -0.65649688 -0.90232247 0.10233465 0.41873831
-0.36707729 -0.64390576 -0.67129701 -0.87106925 -0.01522920 0.49092415
-0.34247589 -0.66503096 -0.66365969 -0.84969014 -0.08219174 0.52083701
-0.35696438 -0.65211493 -0.66882181 -0.86471379 -0.04014495 0.50065815
-0.41108620 -0.41739047 -0.81042790 -0.91147012 0.17339435 0.37303707
-0.41362646 -0.44831827 -0.79241651 -0.91035074 0.19101879 0.36711496
-0.41159934 -0.50902557 -0.75596231 -0.90806329 0.15851599 0.38767740
-0.61789608 -0.35659489 0.70074570 0.13016695 0.83254755 0.53844327
0.21011896 0.74151242 0.63718867 0.68960756 0.34958035 -0.63421994
-0.31431943 -0.72471362 -0.61318308 -0.90758932 0.04000742 0.41794869
0.23303905 0.72411853 0.64911103 0.73216122 0.30865955 -0.60718149
0.27875611 0.67945480 0.67870188 0.74936789 0.28809559 -0.59619522
0.27492955 0.68128484 0.67842811 0.77369153 0.26214635 -0.57678485
-0.25587231 -0.77034360 -0.58403784 -0.80058372 -0.16976973 0.57466859
-0.32915285 -0.66568363 -0.66971922 -0.84078950 -0.11621176 0.52874190
-0.39667198 -0.58213186 -0.70977032 -0.90683621 0.12849544 0.40141883
-0.38768369 -0.62500596 -0.67754626 -0.90586245 0.12226041 0.40554368
-0.36505905 -0.66957235 -0.64684218 -0.88451546 0.03268178 0.46536469
-0.36370668 -0.69951552 -0.61513859 -0.89834845 0.08875927 0.43022314
-0.38163269 -0.65294713 -0.65422982 -0.90006346 0.10144880 0.42378521
-0.35987541 -0.67082274 -0.64844936 -0.88307750 0.02060327 0.46877474
-0.32718033 -0.70631403 -0.62775284 -0.85662711 -0.05875796 0.51257932
-0.34182319 -0.68672740 -0.64153129 -0.87541527 -0.01558074 0.48312053
-0.40557641 -0.34677789 -0.84572625 -0.91400045 0.16452187 0.37085816
-0.41331607 -0.44615594 -0.79379767 -0.91045696 0.18770975 0.36855567
-0.40989792 -0.51739717 -0.75118840 -0.90903169 0.16388182 0.38315046
-0.41382533 -0.46369487 -0.78341287 -0.91008592 0.18974961 0.36842734
-0.54017270 -0.39427021 0.74348140 0.13485081 0.83149379 0.53891861
0.20371178 0.77311188 0.60066605 0.69365108 0.31899667 -0.64582467
0.23774080 0.73003703 0.64072239 0.75130391 0.27988222 -0.59766918
0.27318031 0.69050372 0.66975909 0.75731492 0.27494323 -0.59235156
0.27585295 0.68792987 0.67131037 0.77272290 0.25665957 -0.58053869
-0.31630081 -0.69458818 -0.64614326 -0.81436062 -0.15055585 0.56049067
-0.39720631 -0.58824027 -0.70441502 -0.91138941 0.16277330 0.37798712
-0.39069510 -0.62552506 -0.67533386 -0.90614849 0.13221307 0.40176451
-0.35455400 -0.70148396 -0.61823285 -0.89056242 0.05185528 0.45189571
-0.35266551 -0.73397809 -0.58043373 -0.90456688 0.10860913 0.41226557
-0.38545933 -0.66276819 -0.64199650 -0.90790659 0.14822842 0.39208937
-0.34901726 -0.69108164 -0.63292426 -0.87640864 0.00157320 0.48156556
-0.31034634 -0.73424655 -0.60379404 -0.85507441 -0.06191536 0.51479542
-0.40584475 -0.35101005 -0.84384948 -0.91393739 0.15881863 0.37349045
-0.41622365 -0.45966330 -0.78451741 -0.90532476 0.28971353 0.31056920
-0.40602580 -0.53762859 -0.73898482 -0.91012514 0.16483989 0.38013178
-0.40862197 -0.53360158 -0.74047118 -0.91205114 0.20805137 0.35337985
-0.56675684 -0.34667385 0.74739814 0.13759062 0.85459673 0.50073278
0.16472568 0.80283403 0.57299465 0.66879749 0.33607405 -0.66314721
0.20035979 0.77976191 0.59315038 0.72176886 0.29191658 -0.62756234
0.24703659 0.72112173 0.64726847 0.75682837 0.27355242 -0.59361601
0.26038986 0.72663152 0.63577020 0.74120194 0.27153486 -0.61391246
0.26560137 0.70271486 0.66003615 0.78015268 0.24556342 -0.57537860
0.26567793 0.71160269 0.65041280 0.79126889 0.22445296 -0.56878340
-0.30605960 -0.73355544 -0.60681468 -0.82912707 -0.10784671 0.54855931
-0.39715749 -0.59232837 -0.70100862 -0.90773088 0.14097098 0.39516062
-0.34550330 -0.72001946 -0.60183007 -0.88746756 0.04225684 0.45892897
-0.36648563 -0.73449731 -0.57114100 -0.90082687 0.12651333 0.41533765
-0.34873948 -0.73716265 -0.57876766 -0.90135145 0.09459409 0.42263174
-0.38743004 -0.66102171 -0.64261055 -0.90668923 0.14711602 0.39531204
-0.33572581 -0.72891474 -0.59663343 -0.88259357 0.02211601 0.46961629
-0.33586764 -0.70707029 -0.62228978 -0.83859056 -0.07636721 0.53938287
-0.40462789 -0.30276614 -0.86290729 -0.91411030 0.16079032 0.37222153
-0.40778649 -0.36877400 -0.83529395 -0.91129959 0.22143462 0.34713086
-0.41120878 -0.45567089 -0.78947538 -0.91133022 0.22414695 0.34530488
-0.40220341 -0.57149833 -0.71527761 -0.91217148 0.18307579 0.36664218
-0.40032780 -0.57609576 -0.71263689 -0.90987009 0.15741324 0.38387179
-0.40501571 -0.55154401 -0.72921979 -0.91378754 0.21722765 0.34322670
-0.40795755 -0.49570990 -0.76670879 -0.91293746 0.23138689 0.33616275
-0.53481621 -0.33221671 0.77691942 0.02796687 0.91200215 0.40923083
-0.66490191 -0.28662246 0.68974853 0.13925907 0.85968244 0.49148047
-0.68770939 -0.27323002 0.67260784 0.18919060 0.82701343 0.52939183
0.18399981 0.79484761 0.57823998 0.73278725 0.28115728 -0.61965591
-0.26534167 -0.74463731 -0.61246163 -0.79979622 -0.18475677 0.57113141
0.24258766 0.74466836 0.62178802 0.76741916 0.24479255 -0.59257442
0.20994361 0.77473468 0.59641427 0.75007141 0.26366261 -0.60652691
0.25510541 0.73115551 0.63271868 0.79136622 0.21810827 -0.57111150
-0.28616524 -0.76092517 -0.58232504 -0.82076073 -0.11893821 0.55875367
-0.39659074 -0.61246270 -0.68381673 -0.91242981 0.18108881 0.36698592
-0.37852177 -0.70118511 -0.60420251 -0.90922046 0.15944505 0.38457173
-0.37592080 -0.73485410 -0.56451130 -0.89711714 0.13603397 0.42032796
-0.33301854 -0.77190828 -0.54153144 -0.88646698 0.06056267 0.45881206
-0.39263791 -0.65871382 -0.64181900 -0.91158587 0.18628323 0.36648306
-0.36381429 -0.66760188 -0.64957440 -0.88962871 0.04237363 0.45471451
-0.31758156 -0.74727166 -0.58371830 -0.87016422 -0.01492639 0.49253583
-0.30890372 -0.75540900 -0.57787180 -0.84808546 -0.05624035 0.52686638
-0.40933052 -0.30309078 -0.86057228 -0.90288132 0.27035272 0.33423755
-0.40986499 -0.36460286 -0.83610737 -0.90849018 0.24516268 0.33843887
-0.40685481 -0.45077270 -0.79452705 -0.91346103 0.20802285 0.34973633
-0.40146929 -0.57439870 -0.71336424 -0.91314226 0.19093871 0.36015773
-0.40508217 -0.55285317 -0.72819084 -0.91397929 0.22442970 0.33804330
-0.40584156 -0.50282884 -0.76318794 -0.91365820 0.24407732 0.32504618
-0.57970828 -0.31373438 0.75200343 0.05563501 0.90550870 0.42066467
-0.71530670 -0.24365231 0.65495789 0.08460058 0.90015918 0.42726600
-0.72025549 -0.24449749 0.64919418 0.11978173 0.87794203 0.46354097
-0.69911635 -0.25973526 0.66616362 0.16041002 0.85096192 0.50013250
-0.71803468 -0.25143433 0.64900458 0.19416143 0.82308918 0.53369045
0.18598875 0.79575193 0.57635677 0.73224127 0.27887887 -0.62132871
0.21396616 0.77460283 0.59515452 0.76480430 0.24618524 -0.59537148
-0.27313381 -0.76252604 -0.58647418 -0.79745781 -0.16149101 0.58136201
-0.25891215 -0.80275947 -0.53716093 -0.85555786 -0.06752027 0.51328540
-0.28087983 -0.76645643 -0.57762545 -0.80849802 -0.13533737 0.57272577
-0.39485505 -0.64191288 -0.65729547 -0.91236371 0.18979920 0.36272410
-0.39864108 -0.60356534 -0.69050294 -0.91366279 0.19617657 0.35599875
-0.38531312 -0.70305121 -0.59770638 -0.91024208 0.18313622 0.37137648
-0.36361212 -0.77101660 -0.52279979 -0.90114671 0.14891820 0.40713382
-0.37648258 -0.75375617 -0.53862107 -0.91088688 0.19514433 0.36359841
-0.33547434 -0.76716334 -0.54673350 -0.88726777 0.06228376 0.45703033
-0.39270890 -0.65865517 -0.64183581 -0.91156566 0.18637189 0.36648804
-0.38960427 -0.68756849 -0.61274636 -0.91229641 0.19696027 0.35905710
-0.31745514 -0.74867707 -0.58198369 -0.87001246 -0.01419351 0.49282533
-0.29231277 -0.78041208 -0.55272979 -0.84137493 -0.06486315 0.53654546
-0.40345651 -0.28664142 -0.86894161 -0.90876156 0.23622473 0.34402081
-0.40678236 -0.36518121 -0.83735949 -0.90991426 0.24338688 0.33588523
-0.40839669 -0.44681415 -0.79597074 -0.91164672 0.24356233 0.33102527
-0.40236363 -0.57198864 -0.71479541 -0.91543782 0.24389035 0.32014245
-0.40409482 -0.49988085 -0.76604605 -0.91387147 0.25663114 0.31460997
-0.72715455 -0.23651262 0.64444411 0.01326402 0.93375850 0.35765806
-0.74697548 -0.21718746 0.62837672 0.05998274 0.91926891 0.38903308
-0.71804899 -0.24072012 0.65303874 0.09134904 0.89757138 0.43130147
-0.72341204 -0.24108396 0.64695722 0.12531962 0.87563634 0.46642900
-0.73291487 -0.23782130 0.63739848 0.14772926 0.85891932 0.49034038
-0.72618926 -0.24105847 0.64384782 0.19379357 0.82676107 0.52811950
0.21175665 0.77944767 0.58959353 0.77434814 0.23425555 -0.58780038
0.21728289 0.77815604 0.58928889 0.78841698 0.21602207 -0.57596272
-0.25805628 -0.80060238 -0.54077995 -0.82384181 -0.11003697 0.55603659
0.27107134 0.77076012 0.57658410 0.77375972 0.18182257 -0.60682493
-0.39569694 -0.63528985 -0.66319740 -0.91445142 0.20581935 0.34844926
-0.39795926 -0.61696994 -0.67895257 -0.91535181 0.21757214 0.33881193
-0.38101986 -0.75013232 -0.54048634 -0.91029316 0.20203754 0.36131319
-0.35787904 -0.78328961 -0.50831091 -0.89766735 0.13869885 0.41827747
-0.36140588 -0.78174442 -0.50819445 -0.90527874 0.16367121 0.39202324
-0.36705026 -0.78215021 -0.50350302 -0.90698284 0.18074483 0.38041225
-0.32104611 -0.76397371 -0.55970848 -0.87061572 0.00545628 0.49193355
-0.35174471 -0.78656024 -0.50754189 -0.88249969 0.09780510 0.46003097
-0.39454603 -0.66147304 -0.63779843 -0.91342396 0.20683567 0.35053641
-0.39458320 -0.68684393 -0.61036843 -0.91523910 0.23487142 0.32737270
-0.26124778 -0.82437927 -0.50214386 -0.86051792 -0.03678641 0.50809020
-0.40516698 -0.28228113 -0.86957294 -0.90651149 0.24747467 0.34204274
-0.40628159 -0.40754473 -0.81782794 -0.90961152 0.26545399 0.31959531
-0.40537369 -0.33624747 -0.85006458 -0.90329224 0.29023722 0.31595173
-0.40547511 -0.47201067 -0.78281283 -0.91193056 0.26792172 0.31080636
-0.40315792 -0.57185572 -0.71445417 -0.91512436 0.25476697 0.31247592
-0.40140781 -0.61229151 -0.68115413 -0.91538799 0.24334669 0.32069802
-0.40404311 -0.54069602 -0.73783267 -0.91365606 0.27779880 0.29674977
-0.72305036 -0.23478103 0.64967382 0.01626218 0.93442649 0.35578468
-0.71881580 -0.22916678 0.65634334 0.02082807 0.93658352 0.34982514
-0.76327050 -0.20461640 0.61282158 0.06214801 0.92087281 0.38487777
-0.78619659 -0.18678200 0.58907342 0.10290238 0.90035295 0.42281872
-0.72892803 -0.23876767 0.64160269 0.16917501 0.84531420 0.50677788
-0.74991232 -0.22033997 0.62376422 0.13692132 0.87078685 0.47221068
-0.74569046 -0.22667260 0.62655032 0.17415126 0.84135807 0.51165211
-0.78129131 -0.19309932 0.59354579 0.22752693 0.79739887 0.55891556
-0.79106677 -0.18219644 0.58396733 0.21526526 0.81064814 0.54452777
-0.40042493 -0.61306417 -0.68103760 -0.91579926 0.24246471 0.32019156
-0.39370832 -0.74873275 -0.53328514 -0.90842682 0.22820836 0.35025939
-0.35500276 -0.79512262 -0.49168390 -0.90160269 0.15214869 0.40492401
-0.36711681 -0.80256653 -0.47022581 -0.90807217 0.19967878 0.36814865
-0.29729423 -0.80270123 -0.51699781 -0.86111796 -0.00847438 0.50833458
-0.34575844 -0.79768503 -0.49411511 -0.88239527 0.09732989 0.46033198
-0.39751208 -0.68850952 -0.60657960 -0.91456205 0.24356273 0.32288295
-0.29829600 -0.78384197 -0.54462034 -0.81756318 -0.08462504 0.56958675
-0.40551674 -0.25551325 -0.87764978 -0.90330410 0.25906134 0.34194890
-0.40408674 -0.41254604 -0.81640667 -0.90847975 0.28508413 0.30560055
-0.40205771 -0.33842564 -0.85077482 -0.90296930 0.30044675 0.30721039
-0.40473539 -0.46282175 -0.78866047 -0.90979415 0.29057935 0.29637527
-0.40263060 -0.59140319 -0.69866365 -0.91531026 0.26827770 0.30039009
-0.40222350 -0.59689784 -0.69421118 -0.91552693 0.26650950 0.30130237
-0.40318945 -0.54586869 -0.73448336 -0.91320610 0.29183659 0.28440481
-0.69257188 -0.23583572 0.68170804 -0.04146665 0.95649952 0.28877190
-0.76891303 -0.19950898 0.60742819 0.00772512 0.94709790 0.32085186
-0.78596973 -0.18959731 0.58847648 0.03379606 0.93722087 0.34709501
-0.78902084 -0.18436252 0.58605170 0.08162019 0.91400057 0.39741796
-0.79153532 -0.18061879 0.58382261 0.09577257 0.90686041 0.41040453
-0.78589678 -0.18604362 0.58970684 0.13194767 0.88124686 0.45386550
-0.78395283 -0.18627302 0.59221643 0.18839720 0.83756000 0.51283503
-0.40254503 -0.64770210 -0.64686906 -0.91514361 0.26801521 0.30113125
-0.39829621 -0.73506314 -0.54867333 -0.91232628 0.25552908 0.31994647
-0.39482200 -0.76472634 -0.50922412 -0.91417742 0.27171662 0.30074865
-0.34444970 -0.82263428 -0.45235747 -0.90109593 0.15451130 0.40515727
-0.35518691 -0.82681209 -0.43614680 -0.90440154 0.18593638 0.38403854
-0.39584687 -0.79939318 -0.45196885 -0.90440506 0.25402078 0.34281912
-0.32972106 -0.80826002 -0.48785219 -0.90300405 0.11923967 0.41275367
-0.30179647 -0.78768349 -0.53709739 -0.87320060 0.00224870 0.48735589
-0.32855937 -0.82691801 -0.45635009 -0.86801434 0.07391711 0.49100652
-0.33758864 -0.82630736 -0.45083272 -0.89845467 0.14001766 0.41614217
-0.40203008 -0.69718099 -0.59355748 -0.91292095 0.25541422 0.31833783
-0.40060538 -0.67375231 -0.62094539 -0.91473168 0.25508344 0.31336629
-0.30278531 -0.77930486 -0.54863930 -0.81487399 -0.08685891 0.57309335
-0.29484460 -0.79276103 -0.53347605 -0.85845083 -0.02544418 0.51226431
-0.40504661 -0.24558163 -0.88069683 -0.90107793 0.27042374 0.33901274
-0.39868107 -0.38606575 -0.83186936 -0.90363902 0.32015464 0.28449544
-0.40780896 -0.47491109 -0.77984065 -0.90918821 0.28985664 0.29893148
-0.39427763 -0.30309668 -0.86756992 -0.89899480 0.32307309 0.29568928
-0.40335605 -0.45876461 -0.79173160 -0.91204053 0.27159879 0.30727229
-0.40357125 -0.59603500 -0.69417048 -0.91478211 0.27731276 0.29371989
-0.40538439 -0.56747603 -0.71668297 -0.91062719 0.31940812 0.26217678
-0.40462804 -0.53949785 -0.73838902 -0.91120315 0.30616176 0.27563354
-0.78151441 -0.20015514 0.59090877 -0.03835846 0.96076387 0.27470252
-0.77434713 -0.17479132 0.60814029 0.01236361 0.95672697 0.29072455
-0.81740457 -0.16129078 0.55302352 0.04681283 0.93823040 0.34282979
-0.81554067 -0.16290691 0.55529702 0.06374585 0.92843151 0.36599377
-0.83551359 -0.14202502 0.53079742 0.11044985 0.90288937 0.41544148
-0.80296999 -0.16717499 0.57209432 0.14958374 0.87261337 0.46494153
-0.79757160 -0.16933015 0.57897055 0.17614526 0.85258603 0.49200600
-0.40348092 -0.64891583 -0.64506698 -0.91474903 0.26996163 0.30059117
-0.40132084 -0.64807594 -0.64725506 -0.91568118 0.26715884 0.30025688
-0.39967838 -0.73342741 -0.54985583 -0.91182649 0.25661260 0.32050332
-0.39754498 -0.75837046 -0.51655805 -0.91234714 0.26663905 0.31068686
-0.36231202 -0.83614260 -0.41181982 -0.90280324 0.20499825 0.37805042
-0.39244446 -0.83203185 -0.39205897 -0.90198427 0.26470631 0.34110862
-0.40192214 -0.78891993 -0.46482679 -0.90683919 0.27259803 0.32145461
-0.30906630 -0.84910625 -0.42836502 -0.86293346 0.06103855 0.50161755
-0.28914848 -0.80775130 -0.51374209 -0.86701751 -0.00652121 0.49823511
-0.32982481 -0.84034491 -0.43015814 -0.89276624 0.12952198 0.43150026
-0.40163904 -0.69798625 -0.59287542 -0.91364777 0.26105773 0.31160328
-0.24031466 -0.85178947 -0.46551433 -0.83882606 -0.05910553 0.54118150
-0.27374437 -0.82287097 -0.49794319 -0.84346157 -0.04341157 0.53543258
-0.40123057 -0.18939808 -0.89618212 -0.90811193 0.21019037 0.36215031
-0.40098724 -0.24667999 -0.88224614 -0.90263331 0.27081656 0.33453178
-0.39337564 -0.38545567 -0.83467340 -0.90759450 0.30769855 0.28564641
-0.38871279 -0.30125996 -0.87071514 -0.89530355 0.34665862 0.27974886
-0.40927777 -0.48950803 -0.76998293 -0.89870661 0.36198884 0.24756938
-0.40539351 -0.60064298 -0.68911839 -0.91346169 0.29525301 0.28002414
-0.40521151 -0.57437694 -0.71126288 -0.91372901 0.28001523 0.29443303
-0.70804203 -0.19176202 0.67963505 -0.04477471 0.97267812 0.22779922
-0.76237619 -0.17470671 0.62310535 -0.01234757 0.96662062 0.25591439
-0.83998656 -0.14504452 0.52286196 0.00577179 0.96116757 0.27590513
-0.78334516 -0.17434438 0.59663594 0.07489499 0.92639273 0.36903575
-0.84119028 -0.12855968 0.52523440 0.08996932 0.92451286 0.37038016
-0.80598897 -0.16433324 0.56866193 0.14857382 0.87377250 0.46308479
-0.85196841 -0.11451721 0.51091653 0.11568709 0.91050190 0.39699218
-0.40445811 -0.63672882 -0.65649831 -0.91429859 0.29856065 0.27371469
-0.40183827 -0.64742750 -0.64758289 -0.91551328 0.26936370 0.29879546
-0.40343076 -0.74972862 -0.52454805 -0.90907729 0.26323795 0.32293087
-0.38542485 -0.84031487 -0.38120684 -0.90188509 0.25572938 0.34814623
-0.34863183 -0.86256826 -0.36664951 -0.89368850 0.18804528 0.40738177
-0.38793060 -0.84093595 -0.37727514 -0.89903051 0.25503814 0.35594898
-0.39670831 -0.83116424 -0.38960052 -0.90639740 0.28757650 0.30942473
-0.40440002 -0.79250956 -0.45649669 -0.90598017 0.27883118 0.31851712
-0.40298474 -0.77482355 -0.48708504 -0.90903538 0.27716857 0.31117898
-0.29637095 -0.85041773 -0.43468827 -0.86334223 0.04391964 0.50270396
-0.28903222 -0.88148117 -0.37343186 -0.88399833 0.09603313 0.45752013
-0.27919772 -0.82365447 -0.49360105 -0.86536974 -0.00695340 0.50108576
-0.32524177 -0.87045813 -0.36948669 -0.89014745 0.14995021 0.43029350
-0.40611726 -0.70598692 -0.58021653 -0.91324669 0.29104722 0.28508267
-0.25020316 -0.84975100 -0.46402758 -0.83033901 -0.05815572 0.55421567
-0.40930653 -0.07851813 -0.90901220 -0.91005725 0.10643705 0.40058330
-0.39180696 -0.18667366 -0.90091085 -0.89826292 0.28943497 0.33068287
-0.39881971 -0.43900180 -0.80512124 -0.90015697 0.35505280 0.25229931
-0.39086062 -0.37595749 -0.84016901 -0.89912903 0.35127228 0.26110303
-0.37267110 -0.23402938 -0.89796799 -0.89058924 0.36206305 0.27524751
-0.37481216 -0.30221251 -0.87646079 -0.90341407 0.33139130 0.27207154
-0.40848494 -0.49632779 -0.76602799 -0.90747744 0.31103593 0.28238526
-0.40658864 -0.63107079 -0.66063249 -0.91280168 0.31103465 0.26467049
-0.40842441 -0.62112886 -0.66887110 -0.90540332 0.36871970 0.21045360
-0.77265489 -0.16752872 0.61232227 -0.04241800 0.97601962 0.21350984
-0.79283315 -0.14822377 0.59113908 -0.01340747 0.97398019 0.22623630
-0.82426053 -0.10104987 0.55712068 0.05768488 0.96383959 0.26016495
-0.82152778 -0.14030801 0.55263531 0.10605533 0.91473049 0.38989803
-0.82875967 -0.13460521 0.54317468 0.17081900 0.86346340 0.47460717
-0.23564474 -0.86531121 -0.44238904 -0.84006894 -0.04750575 0.54039556
-0.86495262 -0.08518614 0.49457085 0.16130121 0.88600874 0.43470734
-0.40499079 -0.61003840 -0.68105483 -0.91178548 0.32489437 0.25117898
-0.40416381 -0.64959043 -0.64395958 -0.91467631 0.29037854 0.28115419
-0.40740818 -0.73097777 -0.54743969 -0.91279513 0.30709764 0.26925099
-0.37101793 -0.87259823 -0.31767607 -0.90030563 0.25416127 0.35334387
-0.34244660 -0.86869264 -0.35791552 -0.88655126 0.17264548 0.42920920
-0.33473060 -0.88755143 -0.31655627 -0.90100926 0.20308873 0.38332409
-0.39300448 -0.84421629 -0.36448106 -0.90789986 0.29338700 0.29940259
-0.39952099 -0.81943423 -0.41098735 -0.90838772 0.29355007 0.29775849
-0.40025958 -0.81491917 -0.41916481 -0.90959793 0.29765761 0.28988206
-0.40607068 -0.77848214 -0.47861493 -0.91074002 0.30163440 0.28208035
-0.27494472 -0.85371542 -0.44223917 -0.87478995 0.03127477 0.48349196
-0.28893882 -0.87587285 -0.38647264 -0.87244183 0.07469736 0.48297578
-0.30722290 -0.88010758 -0.36197343 -0.87897378 0.11665757 0.46238098
-0.40775144 -0.67650527 -0.61325312 -0.91302377 0.31034917 0.26470938
-0.39833111 -0.15958866 -0.90325183 -0.89764673 0.27028403 0.34810483
-0.38364697 -0.19565825 -0.90251476 -0.89303213 0.32748702 0.30861938
-0.39912164 -0.43775991 -0.80564767 -0.89865327 0.36117506 0.24894755
-0.38455471 -0.37846386 -0.84195185 -0.90176308 0.34900022 0.25499475
-0.35803488 -0.24029805 -0.90225714 -0.88527673 0.39453930 0.24621904
-0.37336612 -0.30624297 -0.87567860 -0.89561695 0.36503237 0.25420788
-0.40495062 -0.49500850 -0.76875335 -0.90972608 0.30247346 0.28444400
-0.40811393 -0.61787820 -0.67206365 -0.91076887 0.32619587 0.25317264
-0.77414882 -0.14700793 0.61569655 -0.04582940 0.98312283 0.17711334
-0.80300969 -0.11273896 0.58520538 0.01312570 0.97836053 0.20649062
-0.82708931 -0.05497896 0.55937529 0.09407914 0.96762353 0.23420909
-0.87745100 -0.08752572 0.47161326 0.09707804 0.93045998 0.35329881
-0.24609090 -0.86247414 -0.44224170 -0.83224320 -0.04584078 0.55251241
-0.86345458 -0.08593041 0.49705344 0.17000277 0.87816197 0.44713604
-0.40690136 -0.66999072 -0.62092167 -0.91338515 0.30779478 0.26643941
-0.40898305 -0.73094720 -0.54630488 -0.91211820 0.30920026 0.26913881
-0.37635466 -0.87342745 -0.30900118 -0.89902657 0.26370963 0.34958327
-0.35688362 -0.89347082 -0.27266091 -0.86483157 0.20567609 0.45799974
-0.34159189 -0.88398981 -0.31918192 -0.89744884 0.20594144 0.39009464
-0.39908457 -0.84315157 -0.36031500 -0.90546280 0.30048478 0.29974326
-0.40135032 -0.81266677 -0.42248163 -0.91136748 0.30837598 0.27260524
-0.40749866 -0.77620608 -0.48109144 -0.91066068 0.30609572 0.27749342
-0.26684496 -0.85558802 -0.44357967 -0.87407148 0.02098301 0.48534405
-0.28347039 -0.90963179 -0.30366844 -0.88125432 0.12220726 0.45657012
-0.41127887 -0.69114375 -0.59428108 -0.91059178 0.34078512 0.23385508
-0.39378747 -0.14219981 -0.90813577 -0.89622241 0.27892122 0.34494686
-0.34263152 -0.16243701 -0.92532045 -0.89692962 0.34958816 0.27074972
-0.39568800 -0.44011071 -0.80606055 -0.89910448 0.36454302 0.24232119
-0.38086742 -0.37842944 -0.84364170 -0.90193021 0.35298449 0.24884513
-0.35867268 -0.24066377 -0.90190625 -0.88525403 0.39418584 0.24686620
-0.36010143 -0.26400727 -0.89477772 -0.88746560 0.39265341 0.24130490
-0.36457992 -0.31121480 -0.87762570 -0.89858085 0.36475483 0.24393934
-0.41316476 -0.53477263 -0.73709786 -0.89943904 0.36628926 0.23841485
-0.40973824 -0.49810591 -0.76420224 -0.89867282 0.36417326 0.24446897
-0.41299462 -0.60713065 -0.67884302 -0.90585828 0.35086617 0.23730521
-0.41280770 -0.66124606 -0.62637323 -0.90758604 0.35651600 0.22177464
-0.75370717 -0.14745988 0.64045388 -0.06412625 0.98635423 0.15163508
-0.81599426 -0.06090314 0.57484269 0.03893492 0.98638558 0.15977354
-0.83145326 -0.00413307 0.55557936 0.12710470 0.97203803 0.19744994
-0.85489190 0.00070575 0.51880574 0.13935676 0.96356040 0.22832230
-0.88077134 -0.02657815 0.47279549 0.13946964 0.93957788 0.31263649
-0.40967038 -0.72858399 -0.54894048 -0.91192144 0.34282669 0.22554211
-0.40863502 -0.74937224 -0.52101696 -0.91220689 0.31660664 0.26007485
-0.38095808 -0.87928033 -0.28589699 -0.90814400 0.29777735 0.29428416
-0.36705571 -0.88937503 -0.27254766 -0.89742720 0.26149490 0.35530952
-0.35494572 -0.88542396 -0.30006325 -0.90730685 0.24886337 0.33891207
-0.32510349 -0.90668130 -0.26876900 -0.89250016 0.20020726 0.40417886
-0.39324123 -0.86883032 -0.30082425 -0.90504295 0.30811641 0.29319218
-0.40319020 -0.83979464 -0.36356938 -0.91074014 0.32942793 0.24905743
-0.40632588 -0.81724310 -0.40867242 -0.91057420 0.32503557 0.25535572
-0.40798253 -0.77818567 -0.47746983 -0.91259527 0.33222112 0.23832543
-0.30990949 -0.91390282 -0.26217890 -0.88994402 0.18179180 0.41827199
-0.41176295 -0.67637479 -0.61071140 -0.90913254 0.35099107 0.22423942
-0.41284144 -0.70096421 -0.58155924 -0.90969968 0.34876052 0.22541659
-0.39288741 -0.13472967 -0.90966338 -0.89657456 0.27603462 0.34635097
-0.39221573 -0.13950083 -0.90923399 -0.89548588 0.28399467 0.34271285
-0.32853907 -0.16202830 -0.93048853 -0.89712346 0.36160693 0.25379094
-0.40040341 -0.47101584 -0.78601611 -0.89399487 0.38906574 0.22226316
-0.39100283 -0.42097551 -0.81847203 -0.89689749 0.37390837 0.23615128
-0.37304661 -0.35263562 -0.85818666 -0.89601392 0.37700626 0.23457496
-0.34700650 -0.19658872 -0.91702747 -0.88565397 0.39037287 0.25144807
-0.30873975 -0.24763294 -0.91834509 -0.87947154 0.44202393 0.17647851
-0.35938907 -0.29142380 -0.88651663 -0.88932031 0.39479980 0.23074351
-0.41475934 -0.54977149 -0.72506970 -0.89817220 0.37504578 0.22940671
-0.41496459 -0.58288848 -0.69860250 -0.90037882 0.37351340 0.22317216
-0.41723156 -0.65238822 -0.63269854 -0.90256166 0.37889034 0.20451070
-0.80614835 0.13161136 0.57689118 0.13951869 0.98973930 -0.03083450
-0.86865467 0.01849326 0.49507281 0.08578359 0.98982298 0.11354139
-0.83212322 -0.00539395 0.55456460 0.16478804 0.95238572 0.25652754
-0.86685914 0.00718805 0.49850148 0.15223384 0.95595723 0.25093973
-0.86404163 0.00764002 0.50336248 0.20071089 0.92220628 0.33053100
-0.41181645 -0.73677397 -0.53625679 -0.91124046 0.32847115 0.24849065
-0.40886372 -0.75308597 -0.51545316 -0.91246009 0.32762146 0.24511380
-0.38918099 -0.87780750 -0.27927095 -0.89974004 0.29723907 0.31955719
-0.37513667 -0.89020360 -0.25847647 -0.89972579 0.28256449 0.33264226
-0.33954331 -0.90636295 -0.25142893 -0.89590144 0.23022649 0.37994274
-0.40746018 -0.86297703 -0.29874212 -0.90604347 0.34107536 0.25050515
-0.41036007 -0.84163463 -0.35107797 -0.90808123 0.34183097 0.24195071
-0.40796369 -0.79918909 -0.44143230 -0.91296762 0.35313916 0.20440875
-0.89300472 0.17592750 0.41423675 0.28402379 0.93428600 0.21549986
-0.41192964 -0.69889516 -0.58468759 -0.91009754 0.34733742 0.22600733
-0.38962317 -0.11267009 -0.91405654 -0.90098822 0.25227362 0.35295653
-0.36592215 -0.17719105 -0.91362154 -0.88852370 0.35851994 0.28633738
-0.39746279 -0.47735447 -0.78368109 -0.88904619 0.41178474 0.20007558
-0.38069627 -0.40343624 -0.83205152 -0.88064551 0.43260598 0.19317256
-0.37401265 -0.35444528 -0.85701990 -0.88738823 0.40535000 0.21962146
-0.29826564 -0.21621299 -0.92967176 -0.89066696 0.41321272 0.18965125
-0.32855502 -0.22988349 -0.91608143 -0.88682359 0.40879488 0.21547772
-0.36194134 -0.31372833 -0.87782288 -0.87662727 0.43482152 0.20604590
-0.41434208 -0.52852356 -0.74093425 -0.88626635 0.41947877 0.19639134
-0.41815081 -0.59995329 -0.68206012 -0.88805348 0.42793903 0.16801582
-0.41756448 -0.64871281 -0.63624805 -0.90402275 0.36715096 0.21895900
-0.80374527 0.18576208 0.56523097 0.16695899 0.98225790 -0.08540543
-0.82441449 0.14150590 0.54801178 0.15689111 0.98743415 -0.01894937
-0.75109470 0.11269081 0.65050566 0.23220319 0.96746027 0.10051057
-0.84916556 0.00351968 0.52811497 0.16518445 0.95157647 0.25926119
-0.91475004 0.06114687 0.39936638 0.16124412 0.96159863 0.22210011
-0.41244382 -0.73314321 -0.54073209 -0.91077805 0.34444398 0.22768761
-0.38248351 -0.89858425 -0.21506460 -0.90247500 0.31342125 0.29547596
-0.37351513 -0.90193373 -0.21679941 -0.89955342 0.29512095 0.32203621
-0.33050206 -0.91735446 -0.22187655 -0.89694989 0.23213972 0.37628722
-0.40947843 -0.86852115 -0.27928212 -0.90528733 0.34887901 0.24235988
-0.40876538 -0.85647643 -0.31521267 -0.90762085 0.34532940 0.23868822
-0.41107020 -0.83285159 -0.37064752 -0.91119677 0.36324281 0.19435850
-0.41193214 -0.79682356 -0.44202289 -0.91110736 0.35273585 0.21321550
-0.89625305 0.18245441 0.40427822 0.29425621 0.92659688 0.23416136
-0.41352290 -0.70046264 -0.58167940 -0.90931499 0.35021845 0.22470731
-0.29082826 -0.13452049 -0.94727147 -0.91180336 0.33893996 0.23180661
-0.28922775 -0.16409403 -0.94309092 -0.90005398 0.38209021 0.20954700
-0.39721107 -0.47410777 -0.78577685 -0.88628167 0.42038631 0.19437131
-0.39161250 -0.45509487 -0.79970515 -0.88119924 0.43563157 0.18361133
-0.38143736 -0.40403384 -0.83142185 -0.88059521 0.43239543 0.19387214
-0.27012998 -0.16586567 -0.94842947 -0.89168334 0.41470408 0.18144232
-0.29035449 -0.23611060 -0.92733282 -0.87564951 0.45638019 0.15797193
-0.35809392 -0.30783314 -0.88148028 -0.86520195 0.46430337 0.18933557
-0.41704971 -0.53598320 -0.73402429 -0.88208449 0.43335912 0.18473482
-0.42646462 -0.59866190 -0.67803538 -0.89375407 0.39413825 0.21414654
-0.42049190 -0.64806801 -0.63497591 -0.90184104 0.37517571 0.21430337
-0.41933507 -0.65990001 -0.62345016 -0.90182108 0.38168898 0.20256414
-0.84067488 0.18086301 0.51044530 0.16594484 0.98327166 -0.07509483
-0.83284807 0.14909258 0.53304368 0.18177283 0.98329955 0.00897957
-0.83752781 0.14599870 0.52652782 0.16238372 0.98660946 -0.01527523
-0.82941771 0.14851736 0.53852481 0.22113928 0.97255296 0.07237522
-0.83141237 0.14700316 0.53585786 0.18978262 0.98150271 0.02520000
-0.87204677 0.15989172 0.46256790 0.27303770 0.94332087 0.18866946
-0.41321012 -0.73475701 -0.53794950 -0.90997308 0.35569322 0.21314636
-0.39044744 -0.89457959 -0.21743552 -0.89792925 0.31792819 0.30437607
-0.36653510 -0.91093117 -0.18935822 -0.89586604 0.29060394 0.33611524
-0.35205963 -0.91627824 -0.19101898 -0.89827013 0.27342105 0.34402290
-0.39736634 -0.89297712 -0.21140449 -0.90618920 0.34553313 0.24377853
-0.41000509 -0.87688029 -0.25095180 -0.90709823 0.36329883 0.21257198
-0.41294354 -0.85996079 -0.29990837 -0.90989637 0.37523475 0.17688279
-0.41472024 -0.81974453 -0.39500135 -0.90823418 0.34626687 0.23496805
-0.41136003 -0.81734300 -0.40340233 -0.91145366 0.36598751 0.18789744
-0.41290915 -0.80380380 -0.42825869 -0.91075122 0.36120862 0.20015156
-0.41566601 -0.78294975 -0.46282983 -0.90914506 0.37223366 0.18680839
-0.89057690 0.17602868 0.41938850 0.28586426 0.93381971 0.21508707
-0.90732414 0.19212881 0.37396458 0.26721182 0.95024192 0.16011912
-0.41434824 -0.71476489 -0.56340629 -0.90724993 0.37349477 0.19338886
-0.28087229 -0.13858683 -0.94968653 -0.91504186 0.33714792 0.22142632
-0.26922157 -0.17043531 -0.94787741 -0.88823813 0.42433816 0.17598337
-0.40690014 -0.50569719 -0.76072508 -0.87650836 0.45064902 0.16925882
-0.38914424 -0.45262760 -0.80230612 -0.87683707 0.44896632 0.17200607
-0.37626418 -0.40063238 -0.83541548 -0.87480664 0.45062613 0.17790303
-0.24731518 -0.15948074 -0.95572025 -0.87250549 0.46562394 0.14808287
-0.24974157 -0.15789893 -0.95535183 -0.87192172 0.46579829 0.15094550
-0.28723365 -0.23795111 -0.92783415 -0.87476236 0.45980147 0.15288389
-0.35158762 -0.30684388 -0.88443941 -0.87882251 0.43372554 0.19887978
-0.41268766 -0.52207649 -0.74640810 -0.87911350 0.44278562 0.17635302
-0.42782983 -0.56934279 -0.70200455 -0.87914121 0.44251472 0.17689393
-0.42128682 -0.56428057 -0.71000350 -0.88003743 0.44356930 0.16964796
-0.43192816 -0.61421603 -0.66043681 -0.88235050 0.43944004 0.16837485
-0.42513880 -0.68719572 -0.58908325 -0.89663130 0.40871426 0.17030875
-0.83028686 0.19531319 0.52199280 0.20299482 0.97822917 -0.04313686
-0.82794654 0.17373481 0.53321743 0.20448591 0.97886848 -0.00142551
-0.86698198 0.16244876 0.47111848 0.22897293 0.96953171 0.08706129
-0.84430027 0.14807375 0.51500612 0.19575818 0.97986859 0.03919541
-0.86106575 0.15040958 0.48573941 0.29170850 0.92854583 0.22958410
-0.41593108 -0.76371342 -0.49370354 -0.90827304 0.37584212 0.18380119
-0.37823698 -0.91043866 -0.16744626 -0.89844841 0.31746945 0.30332097
-0.37646717 -0.91059089 -0.17057776 -0.89724439 0.31252185 0.31190163
-0.89527214 0.24205855 0.37402609 0.31319261 0.93902045 0.14195459
-0.40277106 -0.88989401 -0.21415941 -0.90297425 0.34804717 0.25199345
-0.40784648 -0.88625312 -0.21958280 -0.90445149 0.35921979 0.23006219
-0.41144687 -0.87340367 -0.26053315 -0.90940750 0.37435243 0.18121336
-0.41335520 -0.85801977 -0.30485988 -0.90930849 0.37134385 0.18778139
-0.41369638 -0.83373445 -0.36570784 -0.90858179 0.40356767 0.10776034
-0.41424945 -0.79132700 -0.44966546 -0.90905017 0.38414955 0.16142142
-0.91149545 0.18664545 0.36652362 0.26098207 0.95119917 0.16464686
-0.41791475 -0.71659946 -0.55841964 -0.90811312 0.34712434 0.23416932
-0.25223911 -0.12966473 -0.95893824 -0.92155004 0.33446354 0.19717941
-0.40575856 -0.50578457 -0.76127654 -0.87055099 0.46757320 0.15335055
-0.37270391 -0.40262020 -0.83605552 -0.87572181 0.45060918 0.17338631
-0.39046958 -0.45702824 -0.79916126 -0.87131298 0.46373096 0.16052210
-0.34877932 -0.32375944 -0.87950718 -0.87398940 0.45117611 0.18050669
-0.24658050 -0.15710302 -0.95630372 -0.87501299 0.46027234 0.15000565
-0.29153633 -0.25213468 -0.92273217 -0.86820084 0.47467604 0.14460292
-0.26757547 -0.20241725 -0.94203538 -0.86474049 0.48169106 0.14211860
-0.30026543 -0.27031392 -0.91475195 -0.86568189 0.47993279 0.14233570
-0.43180561 -0.56667382 -0.70172977 -0.87530047 0.45104629 0.17437413
-0.43062270 -0.61040413 -0.66480893 -0.88332319 0.43620515 0.17165466
-0.43520302 -0.68502682 -0.58424020 -0.89306194 0.41075546 0.18363117
-0.42125311 -0.70486426 -0.57071209 -0.90109694 0.39661619 0.17527109
-0.85647619 0.21989320 0.46700710 0.22147360 0.97376150 -0.05232620
-0.84253997 0.17551352 0.50923610 0.21795036 0.97565651 0.02433249
-0.87558836 0.16967063 0.45227963 0.25839502 0.95558220 0.14175622
-0.86998743 0.18973996 0.45510510 0.24411969 0.96768200 0.06322305
-0.89607191 0.17853153 0.40642548 0.25321269 0.95756906 0.13764022
-0.41775563 -0.75645351 -0.50324786 -0.90428126 0.39986882 0.14960107
-0.37845472 -0.91180342 -0.15933155 -0.89931053 0.32146049 0.29648572
-0.37339637 -0.91504407 -0.15254363 -0.89862639 0.31595618 0.30437204
-0.88244516 0.31562182 0.34881729 0.36913860 0.92423832 0.09757202
-0.39823431 -0.89785713 -0.18778200 -0.90303552 0.34780362 0.25211033
-0.40620634 -0.89720160 -0.17327939 -0.90900815 0.37739560 0.17685246
-0.41242239 -0.87558025 -0.25152946 -0.90952808 0.38010252 0.16816893
-0.41489536 -0.84922975 -0.32660475 -0.90986913 0.38733390 0.14869642
-0.41351989 -0.82573533 -0.38361770 -0.91033787 0.38279074 0.15734136
-0.41391921 -0.79163456 -0.44942817 -0.90908194 0.38514343 0.15885428
-0.41626671 -0.70548445 -0.57359719 -0.90293390 0.39492723 0.16953751
-0.41701254 -0.72315955 -0.55058229 -0.90427834 0.39112121 0.17118663
-0.24461643 -0.11293754 -0.96302027 -0.92528403 0.32408470 0.19702426
-0.21714574 -0.13059403 -0.96736389 -0.92049146 0.35721847 0.15839976
-0.40779158 -0.50551260 -0.76037043 -0.87142378 0.46411762 0.15879367
-0.36649147 -0.39292479 -0.84338254 -0.86467773 0.47852147 0.15280613
-0.38542899 -0.44546419 -0.80808794 -0.86488783 0.47961038 0.14813182
-0.39809549 -0.48140395 -0.78087783 -0.86851037 0.47182351 0.15189619
-0.34999156 -0.33474374 -0.87490147 -0.86343485 0.47749949 0.16270970
-0.27893013 -0.22929811 -0.93253440 -0.84876156 0.51312375 0.12770243
-0.26244655 -0.20526552 -0.94286162 -0.85635614 0.49987283 0.12954298
-0.30441123 -0.27846277 -0.91092938 -0.85873950 0.49405029 0.13594396
-0.42118624 -0.53947133 -0.72909045 -0.86473668 0.48131448 0.14341135
-0.44085893 -0.58028823 -0.68476927 -0.85002041 0.51494980 0.11086918
-0.44385093 -0.60410547 -0.66185564 -0.86131042 0.49140981 0.12907667
-0.43384910 -0.63569832 -0.63848466 -0.88367790 0.43845904 0.16391182
-0.43616250 -0.68724000 -0.58091611 -0.88440764 0.44653031 0.13577157
-0.42335913 -0.74131000 -0.52079415 -0.89947200 0.41261941 0.14385876
-0.85974765 0.22297519 0.45947373 0.23674439 0.97115970 -0.02830216
-0.85444248 0.18380527 0.48594621 0.22270945 0.97461468 0.02295131
-0.89475191 0.17744993 0.40979314 0.25035462 0.95921391 0.13126826
-0.86149389 0.23243941 0.45144248 0.28200105 0.95837229 0.04469828
-0.41818458 -0.78764677 -0.45247567 -0.90563768 0.40007368 0.14057547
-0.42007789 -0.76357776 -0.49039125 -0.90424466 0.39784476 0.15511651
-0.38505572 -0.91083294 -0.14871307 -0.90000677 0.33493671 0.27893582
-0.88599151 0.32737401 0.32839820 0.37577850 0.92184252 0.09485207
-0.89489836 0.32788771 0.30273193 0.35789406 0.93253070 0.04794189
-0.39351222 -0.90403324 -0.16694945 -0.90202415 0.34462899 0.25996786
-0.39147839 -0.90990663 -0.13716614 -0.90849000 0.35849157 0.21477850
-0.40469027 -0.90174794 -0.15190977 -0.90841949 0.37738103 0.17988260
-0.40797210 -0.89840245 -0.16257842 -0.90647209 0.37733668 0.18954031
-0.41218597 -0.88102144 -0.23217228 -0.90975988 0.38417736 0.15730441
-0.41543284 -0.86830205 -0.27104828 -0.90952486 0.39212206 0.13785790
-0.41414857 -0.83745921 -0.35657120 -0.91007596 0.38769656 0.14646888
-0.41388810 -0.85066414 -0.32414067 -0.91032428 0.38775188 0.14476976
-0.41324320 -0.81424439 -0.40772066 -0.90932947 0.39281830 0.13716294
-0.41382858 -0.83206183 -0.36934939 -0.91013032 0.38715544 0.14755857
-0.41369787 -0.80175352 -0.43132979 -0.90869170 0.39276296 0.14148055
-0.39052427 -0.70546234 -0.59145045 -0.86967778 0.49341282 -0.01429346
-0.41897413 -0.73640609 -0.53119373 -0.90275484 0.40061411 0.15665895
-0.16682586 -0.09749444 -0.98115444 -0.92983592 0.34657297 0.12366223
-0.23549968 -0.17005174 -0.95688158 -0.89592731 0.41954255 0.14593932
-0.41068980 -0.51131958 -0.75490808 -0.86741525 0.47421649 0.15069711
-0.37940601 -0.42816222 -0.82020009 -0.86080760 0.48835111 0.14326034
-0.37058240 -0.39735103 -0.83951229 -0.86547220 0.47576696 0.15685564
-0.40197068 -0.47862184 -0.78060281 -0.84577954 0.52071100 0.11626267
-0.40099317 -0.48590979 -0.77659267 -0.85417438 0.50466818 0.12528442
-0.35264525 -0.35537347 -0.86565071 -0.86088359 0.48579478 0.15127112
-0.33368471 -0.29952797 -0.89383310 -0.85030699 0.50498646 0.14821209
-0.27747005 -0.23249795 -0.93217766 -0.85015982 0.51134425 0.12552047
-0.29957941 -0.27026772 -0.91499048 -0.85131001 0.50869030 0.12847394
-0.43105108 -0.55594712 -0.71071637 -0.86398274 0.48146749 0.14738688
-0.44237629 -0.60169339 -0.66503263 -0.86276829 0.48794642 0.13243577
-0.44139066 -0.66083580 -0.60701758 -0.87618315 0.46335831 0.13267368
-0.44221157 -0.70167768 -0.55865687 -0.87928540 0.46203023 0.11569506
-0.42335045 -0.73610389 -0.52813405 -0.89229947 0.43965983 0.10247406
-0.42031103 -0.73320872 -0.53455001 -0.89781779 0.42135423 0.12799953
-0.87831819 0.28697899 0.38236150 0.28962901 0.95572490 -0.05200966
-0.87842226 0.23557186 0.41578874 0.29442728 0.95209759 0.08259976
-0.87326044 0.28632477 0.39425176 0.30240321 0.95292062 -0.02223961
-0.41979840 -0.79096323 -0.44513631 -0.90250152 0.41578040 0.11232898
-0.38925678 -0.91026032 -0.14108659 -0.89888996 0.34192288 0.27401769
-0.87501746 0.34437010 0.34022593 0.39403242 0.91493946 0.08731684
-0.39107633 -0.90915167 -0.14318708 -0.90341026 0.34948158 0.24842015
-0.39683387 -0.90633839 -0.14516743 -0.90300286 0.35711524 0.23886107
-0.41147795 -0.89422405 -0.17620817 -0.90961546 0.39075631 0.14110039
-0.41382682 -0.87999851 -0.23313093 -0.90895569 0.38521510 0.15940198
-0.41491759 -0.86939514 -0.26831979 -0.90984136 0.39829391 0.11640721
-0.41294134 -0.83040279 -0.37404630 -0.90951455 0.39744496 0.12174092
-0.41493937 -0.85461992 -0.31217015 -0.90905797 0.40371734 0.10308193
-0.41510251 -0.82487851 -0.38375169 -0.90584362 0.41391048 0.09014192
-0.16558531 -0.09882079 -0.98123187 -0.93136483 0.34280854 0.12264556
-0.16542988 -0.10305819 -0.98082209 -0.93334746 0.33762619 0.12194709
-0.23711106 -0.18526068 -0.95365447 -0.90117526 0.40859348 0.14468797
-0.38202259 -0.43404981 -0.81587958 -0.84203976 0.52728438 0.11375512
-0.36433282 -0.38568789 -0.84764767 -0.84422016 0.52102786 0.12578692
-0.40395993 -0.48071975 -0.77828336 -0.85661072 0.49732244 0.13743544
-0.35175854 -0.35638219 -0.86559677 -0.83729804 0.53325576 0.12070730
-0.33540988 -0.30593690 -0.89101225 -0.84080917 0.52379739 0.13666122
-0.26941130 -0.22667815 -0.93596721 -0.83724785 0.53536928 0.11133670
-0.30776355 -0.28681812 -0.90720290 -0.82348388 0.55791634 0.10297348
-0.44062561 -0.55668217 -0.70424014 -0.84178716 0.52874672 0.10872586
-0.44520107 -0.60265845 -0.66226798 -0.83376485 0.54872239 0.06115483
-0.44579402 -0.61241537 -0.65285158 -0.86199337 0.49032259 0.12865162
-0.45048437 -0.65383601 -0.60791636 -0.86887819 0.47759974 0.13018920
-0.45229250 -0.65742385 -0.60268176 -0.86714458 0.48216730 0.12479992
-0.43999654 -0.69577962 -0.56770921 -0.88026935 0.45918837 0.11946534
-0.42249179 -0.78034908 -0.46103808 -0.89730591 0.43185899 0.09132370
-0.42699283 -0.74180400 -0.51711118 -0.89350820 0.43402383 0.11518019
-0.87757760 0.29112411 0.38092574 0.32666686 0.94464320 0.03062831
-0.42042035 -0.81582028 -0.39709455 -0.90287066 0.41949600 0.09406274
-0.88989186 0.36159500 0.27810362 0.39609373 0.91490203 0.07787245
-0.88412726 0.35281074 0.30633909 0.39202264 0.91685402 0.07547827
-0.87967485 0.34549659 0.32680935 0.37035078 0.92877090 0.01499660
-0.38899440 -0.91688639 -0.08945810 -0.90841836 0.36562285 0.20272155
-0.41405883 -0.88111824 -0.22844248 -0.90887988 0.38643819 0.15685341
-0.41502699 -0.90395653 -0.10303069 -0.90938634 0.41561761 0.01669033
-0.41415843 -0.88023895 -0.23162960 -0.90901470 0.38699028 0.15469617
-0.41498777 -0.85793877 -0.30286342 -0.90916204 0.40375948 0.10199393
-0.41515774 -0.87687153 -0.24236423 -0.90968049 0.40340531 0.09872003
-0.41637886 -0.84919405 -0.32480493 -0.90741736 0.41044852 0.09014317
-0.41623506 -0.82390213 -0.38462150 -0.90684336 0.40696198 0.10962246
-0.13132197 -0.08034874 -0.98807824 -0.93175423 0.35034722 0.09534653
-0.16628401 -0.12435947 -0.97820467 -0.87970150 0.46689650 0.09018286
-0.23902637 -0.17725904 -0.95469666 -0.87051415 0.47471553 0.12980902
-0.22366188 -0.18972029 -0.95602387 -0.90442830 0.40600893 0.13101976
-0.38619795 -0.43135852 -0.81534106 -0.84005928 0.52956402 0.11773874
-0.40845928 -0.48698959 -0.77201182 -0.84614974 0.51922381 0.12015505
-0.36054328 -0.35910809 -0.86084265 -0.83940911 0.52733052 0.13158588
-0.27120456 -0.22876623 -0.93494070 -0.83488119 0.53928071 0.11022558
-0.30553702 -0.28533357 -0.90842277 -0.81729126 0.56809568 0.09644841
-0.42468268 -0.51785809 -0.74260867 -0.83432710 0.54231650 0.09895019
-0.43800536 -0.56081825 -0.70259112 -0.84214389 0.52944183 0.10239652
-0.45242617 -0.59952068 -0.66021633 -0.85089016 0.51185238 0.11829282
-0.46906871 -0.63467699 -0.61413336 -0.83416748 0.54678416 0.07205372
-0.44342205 -0.70518893 -0.55324996 -0.87051791 0.48584652 0.07843331
-0.42409700 -0.78290373 -0.45519620 -0.89414644 0.44173279 0.07331028
-0.42895332 -0.74371707 -0.51272219 -0.88384759 0.46278146 0.06816735
-0.86834276 0.32956496 0.37063161 0.36069992 0.93254715 0.01585488
-0.41975152 -0.81655830 -0.39628419 -0.90065527 0.42878243 0.07046849
-0.88418311 0.38130179 0.26986900 0.41135582 0.90929610 0.06298462
-0.87776160 0.34932014 0.32788730 0.38113183 0.92381585 0.03609606
-0.89340901 0.39419004 0.21548688 0.41566429 0.90728879 0.06364178
-0.41459730 -0.88113868 -0.22738472 -0.91000056 0.40222618 0.10056411
-0.42761347 -0.89581627 -0.12107819 -0.90085995 0.43339258 -0.02494470
-0.41492265 -0.87133783 -0.26193428 -0.90794712 0.41516465 0.05718669
-0.41474625 -0.83970863 -0.35053548 -0.90739989 0.41041729 0.09046097
-0.41567907 -0.84908301 -0.32598931 -0.90683848 0.41437948 0.07703072
-0.11351645 -0.05342041 -0.99209893 -0.94272280 0.32104361 0.09057994
-0.13086347 -0.07782862 -0.98834074 -0.92806256 0.36023167 0.09451514
-0.15667330 -0.08710767 -0.98380172 -0.93422788 0.33623722 0.11900744
-0.35814518 -0.29947981 -0.88433248 -0.86446446 0.46421281 0.19289289
-0.21244955 -0.15898892 -0.96415132 -0.86003464 0.49883676 0.10724921
-0.17916825 -0.11525396 -0.97704417 -0.89877784 0.42307732 0.11490894
-0.17870115 -0.12030023 -0.97652125 -0.90873492 0.40065733 0.11693835
-0.39393932 -0.44602656 -0.80366170 -0.81767780 0.56939638 0.08479872
-0.35519087 -0.34799927 -0.86760354 -0.80961531 0.57847965 0.09942044
-0.26847348 -0.22645864 -0.93628973 -0.79933161 0.59479934 0.08533885
-0.29204068 -0.26297277 -0.91954207 -0.82141489 0.56143975 0.10031423
-0.34387797 -0.30001080 -0.88979858 -0.84632945 0.50952262 0.15528440
-0.43196413 -0.52027196 -0.73669809 -0.82577521 0.55659032 0.09111859
-0.44355044 -0.55767870 -0.70161068 -0.84008098 0.53146917 0.10864902
-0.46413046 -0.62166071 -0.63096821 -0.84859008 0.51627904 0.11554643
-0.47226083 -0.65215737 -0.59300965 -0.84062040 0.53562319 0.08040610
-0.43297580 -0.73247689 -0.52536607 -0.87661773 0.47789919 0.05615921
-0.42462432 -0.79051030 -0.44134742 -0.89431357 0.44217676 0.06843141
-0.42804512 -0.77664226 -0.46217343 -0.88605011 0.46136776 0.04533304
-0.87868595 0.34385476 0.33117217 0.37513879 0.92636305 0.03350171
-0.41687006 -0.82011771 -0.39195192 -0.90140033 0.42851168 0.06209115
-0.87795103 0.37575540 0.29666469 0.39790657 0.91729116 0.01572612
-0.87731886 0.38065648 0.29225376 0.41649008 0.90647250 0.06959713
-0.41564244 -0.87208200 -0.25829116 -0.90738368 0.41707987 0.05195419
-0.41824260 -0.84200114 -0.34074509 -0.90395367 0.42263100 0.06519897
-0.11236028 -0.06438032 -0.99157971 -0.89586622 0.43827632 0.07305859
-0.10365844 -0.02922093 -0.99418366 -0.94277507 0.32137272 0.08885257
-0.10766219 -0.02780687 -0.99379861 -0.91099173 0.40305462 0.08741377
-0.11509109 -0.03411948 -0.99276882 -0.69889683 0.71298587 0.05651879
-0.23663037 -0.18485698 -0.95385218 -0.82936025 0.54983950 0.09918744
-0.17021094 -0.10301404 -0.98000830 -0.86873919 0.48509106 0.09989479
-0.21167114 -0.15618777 -0.96478021 -0.85705894 0.50410610 0.10642781
-0.15218127 -0.09606929 -0.98367250 -0.88297009 0.46039814 0.09163760
-0.39984587 -0.44259548 -0.80264097 -0.84281003 0.52173263 0.13216072
-0.35286808 -0.34992123 -0.86777836 -0.85332149 0.50080341 0.14504652
-0.29530776 -0.26816589 -0.91699535 -0.82142413 0.56142014 0.10034858
-0.31839529 -0.29790989 -0.89993012 -0.78024852 0.62150520 0.07031091
-0.43176097 -0.51046968 -0.74364191 -0.81068748 0.58105695 0.07182392
-0.45241773 -0.57614756 -0.68071449 -0.82406723 0.56188208 0.07212373
-0.45840088 -0.60659343 -0.64954835 -0.80962628 0.58646744 0.02368736
-0.47246823 -0.63865560 -0.60736549 -0.83982790 0.53526211 0.09046257
-0.48290583 -0.65383077 -0.58250099 -0.82068896 0.56992722 0.04065154
-0.43315357 -0.73453015 -0.52234417 -0.87494808 0.48183298 0.04798770
-0.42594913 -0.77535439 -0.46625412 -0.88823593 0.45637450 0.05252799
-0.41725460 -0.82278478 -0.38590664 -0.89848363 0.43725246 0.03921100
-0.41955140 -0.83289796 -0.36091226 -0.90093470 0.43064570 0.05348812
-0.42491803 -0.86443609 -0.26869112 -0.89693129 0.44215134 -0.00405396
-0.41873369 -0.83923900 -0.34690064 -0.90211064 0.42825565 0.05285440
-0.09801328 -0.01128596 -0.99512112 -0.92082477 0.38028917 0.08638256
-0.09989932 -0.03267169 -0.99446100 -0.94097573 0.32794878 0.08375210
-0.09113508 0.01398856 -0.99574029 -0.94929594 0.30089191 0.09111132
-0.11607545 -0.04224646 -0.99234158 -0.90413213 0.41810119 0.08795788
-0.26413178 -0.22537334 -0.93778533 -0.81120926 0.57784927 0.08960933
-0.24713901 -0.20922951 -0.94612122 -0.83284128 0.54493946 0.09703846
-0.15689313 -0.09909801 -0.98263127 -0.87352419 0.47815147 0.09125100
-0.18748668 -0.13143519 -0.97343391 -0.85000545 0.51836944 0.09372257
-0.22178252 -0.17074308 -0.96003091 -0.83988726 0.53363347 0.09911983
-0.15118614 -0.09717514 -0.98371732 -0.88145435 0.46367913 0.08966558
-0.37727419 -0.40231860 -0.83414859 -0.80437464 0.58873117 0.07985663
-0.41056409 -0.45621645 -0.78949583 -0.81202263 0.57680511 0.08896735
-0.36612961 -0.37621394 -0.85112411 -0.81087476 0.57770932 0.09345634
-0.44684279 -0.53407466 -0.71770179 -0.80087829 0.59630615 0.05489004
-0.44504812 -0.51000655 -0.73608792 -0.80688876 0.58489966 0.08260109
-0.47118822 -0.60746408 -0.63950688 -0.82101226 0.56704968 0.06628387
-0.45644924 -0.55558074 -0.69497061 -0.80465358 0.59110332 0.05594179
-0.46539128 -0.61567950 -0.63588506 -0.82667291 0.55906248 0.06372699
-0.48010594 -0.64945078 -0.58967113 -0.82419622 0.56411475 0.04975110
-0.44211468 -0.72346205 -0.53022391 -0.86046070 0.50899869 0.02297352
-0.42668906 -0.77779156 -0.46149415 -0.88032508 0.47413921 0.01482917
-0.41799608 -0.82256538 -0.38557175 -0.89579880 0.44379175 0.02436045
-0.41617578 -0.84064174 -0.34658223 -0.90049154 0.43391636 0.02883758
-0.42157185 -0.84226340 -0.33596081 -0.89718616 0.44121426 0.01967420
-0.08163282 0.02659938 -0.99630749 -0.92801434 0.36254957 0.08571652
-0.08158328 0.02516482 -0.99634880 -0.95134634 0.29605940 0.08537596
-0.09022851 0.01379380 -0.99582559 -0.94939548 0.30085585 0.09018897
-0.11506880 -0.04416107 -0.99237543 -0.90540695 0.41564181 0.08648834
-0.23869355 -0.19698776 -0.95090550 -0.68844688 0.72493351 0.02263611
-0.21422134 -0.16200551 -0.96325672 -0.81670856 0.57065809 0.08565383
-0.13918410 -0.07811538 -0.98718071 -0.85542375 0.51169467 0.08011722
-0.18363781 -0.12767231 -0.97466767 -0.84340316 0.52977246 0.08951098
-0.12471010 -0.05813133 -0.99048889 -0.86349463 0.49805462 0.07948995
-0.40097737 -0.42648178 -0.81075925 -0.81459862 0.57088292 0.10257600
-0.41391960 -0.46057910 -0.78519905 -0.80861861 0.58219504 0.08476350
-0.45511383 -0.52340895 -0.72035724 -0.78412712 0.61891526 0.04570141
-0.43524542 -0.49359626 -0.75294369 -0.78745019 0.61413026 0.05259576
-0.47274339 -0.60676938 -0.63901854 -0.82096857 0.56676626 0.06918585
-0.47851750 -0.58342308 -0.65623051 -0.79140991 0.61031204 0.03448993
-0.48830262 -0.64429623 -0.58859414 -0.82895386 0.55326039 0.08208829
-0.44675139 -0.73210394 -0.51423442 -0.86255240 0.50505847 0.03031918
-0.43765110 -0.71791434 -0.54135072 -0.86581302 0.49889621 0.03834708
-0.42524120 -0.77296466 -0.47084570 -0.88374710 0.46689156 0.03167707
-0.41848990 -0.81726396 -0.39616388 -0.89125651 0.45345965 0.00602187
-0.41896856 -0.84362113 -0.33581060 -0.89295822 0.44985387 -0.01603520
-0.07935017 0.02778936 -0.99645942 -0.92973578 0.35851017 0.08403500
-0.07468282 0.00107940 -0.99720675 -0.92113698 0.38300160 0.06940037
-0.05444728 0.08033151 -0.99528003 -0.89441252 0.43921131 0.08437910
-0.08618850 0.00219802 -0.99627644 -0.87968761 0.46925434 0.07713760
-0.10874867 -0.03897499 -0.99330497 -0.87443930 0.47899491 0.07694042
-0.29419479 -0.27295902 -0.91593826 -0.82028162 0.56394619 0.09540859
-0.27301717 -0.24014683 -0.93155313 -0.81078267 0.57862502 0.08845723
-0.21058704 -0.16345821 -0.96381253 -0.81696898 0.57086700 0.08168621
-0.12420085 -0.05726527 -0.99060333 -0.86439210 0.49646550 0.07967672
-0.13967049 -0.07762554 -0.98715067 -0.84966409 0.52133948 0.07922170
-0.17358057 -0.12061734 -0.97740537 -0.83922404 0.53745812 0.08271513
-0.19695599 -0.15011430 -0.96885192 -0.81887990 0.56858927 0.07837102
-0.39228681 -0.41042349 -0.82320333 -0.80305225 0.58923900 0.08890788
-0.41361022 -0.45149148 -0.79062128 -0.78989875 0.60978150 0.06501091
-0.46064916 -0.52536297 -0.71539927 -0.77254111 0.63417143 0.03173077
-0.42515576 -0.47398201 -0.77109253 -0.77843004 0.62616605 0.04430414
-0.48031542 -0.57627314 -0.66121590 -0.79867697 0.59894192 0.05816968
-0.50024670 -0.64366794 -0.57917601 -0.79740441 0.60316455 0.01840767
-0.44656855 -0.74041563 -0.50235564 -0.85450035 0.51941681 -0.00595452
-0.42516896 -0.76950294 -0.47654653 -0.87184370 0.48961788 -0.01276158
-0.41644993 -0.80516952 -0.42222214 -0.88846868 0.45893586 0.00114055
-0.41807660 -0.82152456 -0.38769734 -0.88772237 0.46004489 -0.01754515
-0.42014569 -0.84160817 -0.33937195 -0.89144742 0.45272213 -0.01908469
-0.06147396 0.07235059 -0.99548298 -0.92167360 0.37866628 0.08443706
-0.06436852 0.03715967 -0.99723417 -0.94331378 0.32378554 0.07295325
-0.06747295 -0.00008807 -0.99772114 -0.90887141 0.41252801 0.06142789
-0.05925623 0.07595047 -0.99534935 -0.85684043 0.50770980 0.08975133
-0.05384550 0.07742962 -0.99554276 -0.90218711 0.42352989 0.08173679
-0.06907902 0.03340144 -0.99705189 -0.87921727 0.47021186 0.07666726
-0.09134407 -0.01042802 -0.99576479 -0.86262113 0.50042486 0.07388983
-0.31105036 -0.30054969 -0.90161943 -0.80690157 0.58476192 0.08344651
-0.28016374 -0.24033038 -0.92938131 -0.78422672 0.61565256 0.07720392
-0.22900161 -0.18110248 -0.95643103 -0.78649431 0.61336631 0.07217073
-0.21557498 -0.16641474 -0.96220249 -0.79482710 0.60231906 0.07390344
-0.10323815 -0.02628114 -0.99430943 -0.83937079 0.53864682 0.07291375
-0.12770349 -0.06297061 -0.98981142 -0.83567661 0.54432362 0.07318813
-0.17268549 -0.11863151 -0.97780693 -0.80667609 0.58667904 0.07128467
-0.39525539 -0.40976176 -0.82211226 -0.78635186 0.61353850 0.07225916
-0.41439831 -0.43602872 -0.79884481 -0.77728420 0.62614143 0.06145069
-0.48208112 -0.55550277 -0.67750615 -0.77694535 0.62844664 0.03755966
-0.46799782 -0.51649439 -0.71708548 -0.76392049 0.64439130 0.03442910
-0.42909020 -0.47092220 -0.77078784 -0.77638221 0.62841141 0.04826880
-0.49066681 -0.58809662 -0.64295292 -0.78678757 0.61612111 0.03687960
-0.51222062 -0.63703585 -0.57603419 -0.79133195 0.61073339 0.02825780
-0.49691567 -0.67099142 -0.55031383 -0.80433279 0.59417629 0.00181402
-0.46406353 -0.72162747 -0.51371080 -0.83630294 0.54807794 -0.01442531
-0.41680947 -0.79231066 -0.44554892 -0.87491518 0.48263907 -0.03978719
-0.41426918 -0.80314416 -0.42818284 -0.87929225 0.47463706 -0.03955857
-0.41856995 -0.82129568 -0.38765010 -0.88783610 0.45989192 -0.01569892
-0.41941747 -0.83912498 -0.34635010 -0.88472140 0.46330845 -0.05112182
-0.05195941 0.09427256 -0.99418962 -0.92419362 0.37265396 0.08363756
-0.06004702 0.05371009 -0.99674952 -0.94723564 0.31190971 0.07387151
-0.06878038 0.00969074 -0.99758476 -0.94724286 0.31314397 0.06835140
-0.06026464 0.03430289 -0.99759287 -0.94793123 0.31113884 0.06796329
0.03909486 0.04157473 -0.99837023 -0.73640740 0.67653805 -0.00066394
-0.03916137 0.10743326 -0.99344075 -0.89810711 0.43204054 0.08212531
-0.05251720 0.07171030 -0.99604195 -0.89387214 0.44132408 0.07890344
-0.06172021 0.04557948 -0.99705225 -0.87120241 0.48498982 0.07610071
-0.05347050 0.06453543 -0.99648190 -0.89066440 0.44812554 0.07681450
-0.08955348 -0.00743861 -0.99595428 -0.85488904 0.51364481 0.07303294
-0.32305634 -0.31666672 -0.89182776 -0.79046118 0.60846615 0.07028545
-0.29756919 -0.25408334 -0.92026860 -0.76663768 0.63806117 0.07172589
-0.26447341 -0.22026333 -0.93890256 -0.76474649 0.64104128 0.06503039
-0.22847386 -0.18078659 -0.95661694 -0.77594280 0.62725848 0.06677984
-0.20404981 -0.15321034 -0.96689725 -0.78172642 0.62004185 0.06672303
-0.10167890 -0.02608963 -0.99447513 -0.84071124 0.53669196 0.07187761
-0.12573001 -0.05917063 -0.99029833 -0.86369568 0.49763668 0.07992238
-0.16909212 -0.11817060 -0.97849047 -0.80471307 0.58977562 0.06783562
-0.40873206 -0.42232695 -0.80906004 -0.77528435 0.62839741 0.06364725
-0.42288256 -0.44706136 -0.78823000 -0.75900930 0.64993572 0.03858095
-0.49971807 -0.56323731 -0.65806198 -0.75774020 0.65233284 0.01707783
-0.47862917 -0.50311172 -0.71957821 -0.74588346 0.66535830 0.03092372
-0.50479436 -0.60547888 -0.61528695 -0.78046602 0.62467408 0.02559435
-0.48977888 -0.55433524 -0.67292577 -0.76041496 0.64916843 0.01869202
-0.51964223 -0.61666536 -0.59135085 -0.76147318 0.64816105 -0.00677231
-0.50745338 -0.67663211 -0.53353554 -0.78209335 0.62157583 -0.04442489
-0.46387556 -0.73357016 -0.49668333 -0.83379728 0.55095947 -0.03501068
-0.41388541 -0.80530804 -0.42447364 -0.88135767 0.47118437 -0.03455439
-0.42226326 -0.78958070 -0.44525963 -0.86052746 0.50356722 -0.07689410
-0.42328712 -0.83054537 -0.36197019 -0.88151181 0.46980363 -0.04713270
-0.04960768 0.10536864 -0.99319512 -0.93016946 0.35730541 0.08436643
-0.05475937 0.05179148 -0.99715549 -0.94715613 0.31341910 0.06829237
-0.05389494 0.10181184 -0.99334276 -0.93340665 0.34827796 0.08633950
0.01048750 0.02545511 -0.99962097 -0.48881644 0.87221944 0.01708245
-0.03043205 0.13131270 -0.99087381 -0.90869415 0.40929991 0.08214942
-0.02613027 0.12592082 -0.99169612 -0.87905288 0.46948308 0.08277492
-0.04134305 0.08852283 -0.99521583 -0.88278073 0.46328488 0.07788072
-0.05790674 0.04569733 -0.99727559 -0.86538047 0.49577487 0.07296574
-0.07387628 0.01599294 -0.99713922 -0.84855914 0.52427757 0.07127703
-0.35059530 -0.31971565 -0.88026410 -0.82526702 0.54981291 0.12899648
-0.32436350 -0.31657067 -0.89138734 -0.78650606 0.61380428 0.06820986
-0.32188991 -0.28165612 -0.90391195 -0.75990611 0.64633781 0.06921152
-0.28294164 -0.23542114 -0.92979622 -0.74281853 0.66704923 0.05714886
-0.26611629 -0.21881141 -0.93877780 -0.75615597 0.65139818 0.06251967
-0.23212196 -0.18309784 -0.95529819 -0.77021247 0.63440943 0.06555462
-0.19178362 -0.14014937 -0.97137904 -0.77605098 0.62754798 0.06267727
-0.08940672 -0.01582995 -0.99586940 -0.80615866 0.58833361 0.06302305
-0.14033018 -0.08487283 -0.98646039 -0.79870659 0.59850478 0.06212700
-0.08619482 -0.00817883 -0.99624473 -0.83538228 0.54547203 0.06779891
-0.14056082 -0.08371512 -0.98652649 -0.79890859 0.59813625 0.06307200
-0.17755029 -0.12837963 -0.97570211 -0.78342927 0.61846161 0.06118695
-0.43261257 -0.42780465 -0.79361808 -0.73389226 0.67839628 0.03436151
-0.49524242 -0.51975870 -0.69612205 -0.73987210 0.67230529 0.02439159
-0.48317310 -0.46887338 -0.73939270 -0.72368246 0.68920076 0.03586179
-0.51144814 -0.60019386 -0.61497009 -0.76214957 0.64739788 0.00200951
-0.51919329 -0.56724119 -0.63927764 -0.73835641 0.67440957 0.00124645
-0.52596885 -0.62123322 -0.58088392 -0.75252765 0.65817589 -0.02250808
-0.51781857 -0.66826868 -0.53411692 -0.77502209 0.63079894 -0.03786135
-0.43556938 -0.78120881 -0.44720477 -0.85389048 0.51580817 -0.06937616
-0.41990021 -0.80962592 -0.41010943 -0.87332648 0.48340729 -0.06015259
-0.42522895 -0.78802657 -0.44519037 -0.85942686 0.50581074 -0.07443807
-0.42274052 -0.82254440 -0.38040927 -0.87287593 0.48243058 -0.07313323
-0.04481947 0.13876840 -0.98931015 -0.92687750 0.36366060 0.09300092
-0.05173343 0.06180625 -0.99674648 -0.95627004 0.28464130 0.06728265
-0.06814937 0.10031989 -0.99261856 -0.97161281 0.21925187 0.08886608
-0.01038715 0.15796675 -0.98738980 -0.88558453 0.45710257 0.08244535
-0.02713887 0.11335526 -0.99318385 -0.88298887 0.46303931 0.07697594
-0.03914777 0.07312807 -0.99655396 -0.85808158 0.50857747 0.07102804
-0.05406383 0.04827010 -0.99737012 -0.86378384 0.49884006 0.07096516
-0.05513772 0.03082085 -0.99800301 -0.82481587 0.56188929 0.06292204
-0.40751687 -0.41386396 -0.81403112 -0.81347793 0.56956911 0.11766366
-0.37684047 -0.33166111 -0.86486542 -0.81525701 0.56199390 0.13971001
-0.35993430 -0.36144105 -0.86012077 -0.77978027 0.62270749 0.06463934
-0.30528674 -0.25781208 -0.91669679 -0.73328900 0.67780256 0.05358120
-0.31374046 -0.27244055 -0.90958405 -0.75800776 0.64878154 0.06713323
-0.28013712 -0.23127294 -0.93168455 -0.74171710 0.66827530 0.05713148
-0.23102266 -0.17710768 -0.95669293 -0.73807484 0.67257690 0.05371992
-0.23083338 -0.17901261 -0.95638406 -0.73818994 0.67256391 0.05228177
-0.18691166 -0.13446769 -0.97313029 -0.73757690 0.67351174 0.04860208
-0.05273794 0.03452967 -0.99801129 -0.83993685 0.53901112 0.06303376
-0.10119631 -0.04452491 -0.99386966 -0.77915603 0.62472355 0.05134673
-0.07887509 -0.01756790 -0.99672973 -0.79809248 0.60023671 0.05257666
-0.12986723 -0.07849792 -0.98841923 -0.76717365 0.63948691 0.05001148
-0.15071081 -0.09797718 -0.98371071 -0.75725788 0.65110868 0.05116663
-0.45669073 -0.44058469 -0.77286404 -0.72178084 0.69136381 0.03238118
-0.61092049 -0.39544585 -0.68585628 -0.61004132 0.78730440 0.08945081
-0.59145391 -0.35522604 -0.72387624 -0.59645742 0.79684556 0.09631038
-0.51140851 -0.56304675 -0.64918393 -0.73474818 0.67827404 -0.00946343
-0.52317196 -0.57270193 -0.63111305 -0.73716420 0.67571044 -0.00208670
-0.61529207 -0.38466033 -0.68807858 -0.60403579 0.79090977 0.09799279
-0.67371947 -0.45443076 -0.58274770 -0.60998714 0.78712153 0.09140819
-0.51784122 -0.66640466 -0.53641903 -0.77547610 0.63042951 -0.03457676
-0.90339923 -0.11714897 -0.41248751 -0.24616010 0.92934388 0.27518213
-0.42558622 -0.80918628 -0.40508509 -0.85572320 0.50546139 -0.11066414
-0.42549205 -0.82485777 -0.37224481 -0.86762667 0.48876029 -0.09130941
-0.06266931 0.17227954 -0.98305255 -0.92950666 0.34861600 0.12035058
-0.04901125 0.05993127 -0.99699861 -0.95021486 0.30473429 0.06502952
-0.05549734 0.05462267 -0.99696362 -0.95336413 0.29379049 0.06916682
-0.09237837 0.19053547 -0.97732419 -0.93305033 0.32615939 0.15178034
-0.06034179 0.11219039 -0.99185294 -0.95921254 0.26840445 0.08871578
0.01723197 0.18403615 -0.98276842 -0.87874544 0.47168732 0.07292155
-0.01597187 0.11827882 -0.99285197 -0.86376864 0.49853098 0.07328549
-0.03170665 0.07920629 -0.99635392 -0.84015149 0.53788102 0.06949534
-0.03670051 0.05180214 -0.99798280 -0.83644891 0.54485542 0.05904187
-0.39274171 -0.38674194 -0.83437681 -0.79428869 0.59994096 0.09579370
-0.33942476 -0.30528066 -0.88971603 -0.74853659 0.66046846 0.05894422
-0.36919993 -0.34974790 -0.86102718 -0.75166756 0.65721577 0.05534760
-0.31479850 -0.25671592 -0.91378278 -0.70158666 0.71135414 0.04185075
-0.26052421 -0.20635487 -0.94315684 -0.70854813 0.70443559 0.04159460
-0.26349828 -0.20916326 -0.94171089 -0.70933324 0.70360899 0.04219864
-0.26900318 -0.22157857 -0.93730479 -0.76057374 0.64593065 0.06558418
-0.21586467 -0.16342796 -0.96264941 -0.73376244 0.67760026 0.04950354
-0.18932416 -0.13776110 -0.97220278 -0.74001825 0.67079538 0.04905747
-0.01944358 0.03061901 -0.99934202 -0.79733598 0.60257864 0.03397578
-0.09044126 -0.03760058 -0.99519175 -0.77823979 0.62620097 0.04706576
-0.03902951 0.00527095 -0.99922419 -0.77981251 0.62510234 0.03375676
-0.13195223 -0.08089165 -0.98795003 -0.75964200 0.64854109 0.04835762
-0.16688512 -0.11621945 -0.97910291 -0.73202401 0.67985183 0.04407290
-0.52613711 -0.29822028 -0.79639465 -0.61488616 0.78032982 0.11401916
-0.60279930 -0.34498602 -0.71945649 -0.58667076 0.80277818 0.10660481
-0.59373945 -0.35614246 -0.72155112 -0.59638166 0.79676032 0.09747770
-0.66569185 -0.39927232 -0.63042527 -0.58103770 0.80743963 0.10215931
-0.65095460 -0.37725562 -0.65873849 -0.57135570 0.81483614 0.09795254
-0.71508777 -0.39496142 -0.57676262 -0.54918236 0.82789642 0.11395757
-0.91118139 -0.07711449 -0.40472448 -0.20278060 0.93904883 0.27761015
-0.42409855 -0.80537581 -0.41413805 -0.86152965 0.49973941 -0.08959475
-0.04017837 0.23910587 -0.97016197 -0.89685696 0.41940984 0.14051017
-0.04630560 0.06657827 -0.99670613 -0.95323968 0.29535773 0.06401560
-0.14420499 0.23267847 -0.96180338 -0.93548465 0.28481591 0.20916133
-0.06761640 0.11648812 -0.99088782 -0.96170986 0.25677675 0.09581185
0.00188328 0.15373591 -0.98811018 -0.88007915 0.46943414 0.07135991
-0.01028288 0.09733514 -0.99519855 -0.84876513 0.52533770 0.06015039
-0.03288553 0.06646428 -0.99724674 -0.85276407 0.51852173 0.06267934
0.01207810 0.06877336 -0.99755925 -0.80421519 0.59351981 0.03118106
-0.43316236 -0.42231286 -0.79625511 -0.76717591 0.63645554 0.07978395
-0.34328198 -0.30867279 -0.88706177 -0.74422896 0.66553754 0.05641888
-0.36218533 -0.33918267 -0.86820328 -0.73965913 0.67138940 0.04626800
-0.41474637 -0.37821296 -0.82761121 -0.73305655 0.67772043 0.05764771
-0.30103910 -0.24187689 -0.92242676 -0.68304360 0.72969478 0.03157593
-0.32560101 -0.26257563 -0.90831608 -0.68442082 0.72825539 0.03481829
-0.23781666 -0.18227428 -0.95405418 -0.67727894 0.73517931 0.02836727
-0.21983768 -0.16592705 -0.96132183 -0.70993054 0.70307750 0.04099555
-0.18259399 -0.13044326 -0.97449684 -0.70546472 0.70775515 0.03744674
-0.17196804 -0.12052350 -0.97770196 -0.73200250 0.67981756 0.04494932
0.01789204 0.07918361 -0.99669945 -0.81344736 0.58078289 0.03153834
-0.01652752 0.02879871 -0.99944866 -0.79992425 0.59932560 0.03049739
-0.08202818 -0.04002308 -0.99582607 -0.77012396 0.63677073 0.03784431
-0.01895282 0.02320989 -0.99955094 -0.79402965 0.60717946 0.02915476
-0.02189010 0.01690287 -0.99961752 -0.70661718 0.70706421 0.02742983
-0.11696408 -0.07205793 -0.99051863 -0.73993027 0.67157990 0.03851781
-0.13471864 -0.08838870 -0.98693383 -0.70866537 0.70474339 0.03361836
-0.62969214 -0.33031145 -0.70312321 -0.53613949 0.83977383 0.08564061
-0.57171762 -0.32303622 -0.75417948 -0.57241148 0.81559223 0.08458450
-0.69455105 -0.38359371 -0.60864997 -0.55056566 0.82797736 0.10644715
-0.66730553 -0.33954537 -0.66288179 -0.52821171 0.84322566 0.09981456
-0.71915275 -0.38188788 -0.58050072 -0.53464746 0.83772123 0.11124465
-0.88102680 -0.06260716 -0.46890533 -0.20811333 0.94143009 0.26532689
-0.92701113 0.01112086 -0.37486890 -0.11066038 0.94694519 0.30174351
-0.93861163 0.03527466 -0.34316763 -0.06725805 0.95695758 0.28232720
-0.13344282 0.29559088 -0.94594878 -0.92159200 0.31403998 0.22813830
-0.04886409 0.20481013 -0.97758132 -0.92339993 0.36380848 0.12237628
-0.23480858 0.26299790 -0.93578684 -0.95712405 0.10545696 0.26980069
-0.18260196 0.26996192 -0.94539785 -0.92743391 0.27190551 0.25677592
-0.09374480 0.11189499 -0.98928833 -0.95371675 0.27507338 0.12148663
0.04625907 0.17202270 -0.98400629 -0.85527849 0.51575488 0.04995613
-0.01830187 0.18836059 -0.98192936 -0.89088398 0.44273767 0.10153397
0.03063698 0.09626499 -0.99488413 -0.81007481 0.58546877 0.03170410
-0.43236092 -0.41317382 -0.80146837 -0.75590211 0.65067554 0.07234266
-0.34545243 -0.28229091 -0.89497179 -0.69381452 0.71898425 0.04102610
-0.37365082 -0.34419891 -0.86134326 -0.74267179 0.66735244 0.05549237
-0.41900814 -0.37216330 -0.82820696 -0.72429520 0.68707198 0.05769405
-0.29670897 -0.23340102 -0.92600638 -0.69230270 0.72048515 0.04022696
-0.32000095 -0.25454208 -0.91258299 -0.68925053 0.72342318 0.03990781
-0.21794191 -0.16400917 -0.96208233 -0.69464630 0.71850568 0.03487335
-0.24223408 -0.17580815 -0.95415622 -0.65459114 0.75550163 0.02697770
-0.18511002 -0.13167173 -0.97385675 -0.68590015 0.72698820 0.03208192
0.01843088 0.05323153 -0.99841213 -0.78062963 0.62470818 0.01889649
-0.09227294 -0.05434033 -0.99424988 -0.73123413 0.68143904 0.03061956
-0.03850555 -0.00696614 -0.99923414 -0.74444836 0.66724735 0.02403566
-0.02667815 0.00528231 -0.99963015 -0.78183734 0.62301427 0.02415786
-0.10987885 -0.06947207 -0.99151415 -0.64233077 0.76622790 0.01749559
-0.64985949 -0.31807420 -0.69029808 -0.52105850 0.84764779 0.09995668
-0.62020975 -0.32243922 -0.71510345 -0.52755576 0.84611052 0.07603942
-0.59883648 -0.33027080 -0.72959995 -0.53589952 0.84224647 0.05858928
-0.70541638 -0.33927736 -0.62231714 -0.49962711 0.86078620 0.09705646
-0.69360691 -0.32193401 -0.64441293 -0.49201053 0.86512667 0.09737274
-0.74709082 -0.33577332 -0.57368249 -0.49589613 0.85625273 0.14463164
-0.83442485 -0.16965237 -0.52435988 -0.32527667 0.91965371 0.22007310
-0.88749433 -0.03457575 -0.45951965 -0.16796023 0.95285624 0.25269437
-0.91927963 0.01631719 -0.39326677 -0.09492363 0.96045929 0.26173925
-0.11379956 0.33641464 -0.93481278 -0.91504586 0.33099350 0.23050916
-0.02217762 0.26309198 -0.96451581 -0.90783674 0.39877757 0.12964931
-0.03267447 0.20730546 -0.97773045 -0.90354842 0.41204354 0.11755986
-0.23916018 0.26795605 -0.93327492 -0.93057698 0.21112591 0.29908597
-0.12538929 0.14078966 -0.98206717 -0.95419264 0.25392658 0.15823336
-0.09733743 0.11125971 -0.98901302 -0.97398180 0.19369662 0.11764812
0.04065481 0.15866801 -0.98649466 -0.86196280 0.50490874 0.04568696
0.04731222 0.12379122 -0.99117976 -0.81543946 0.57788658 0.03325031
0.01394152 0.24164473 -0.97026461 -0.89496338 0.43576184 0.09566710
0.00600787 0.06220479 -0.99804533 -0.83241671 0.55336559 0.02947856
-0.45467809 -0.40934861 -0.79101300 -0.71595508 0.69626510 0.05121776
-0.35282040 -0.28348076 -0.89171547 -0.68944722 0.72306299 0.04292466
-0.38932642 -0.31850159 -0.86428106 -0.69898802 0.71323830 0.05202816
-0.42610708 -0.38068855 -0.82067597 -0.71014720 0.70275539 0.04273039
-0.27417189 -0.19936000 -0.94078982 -0.64007246 0.76794577 0.02380151
-0.32289648 -0.23648480 -0.91641295 -0.64197958 0.76619267 0.02848062
-0.22959588 -0.15958910 -0.96011305 -0.64058727 0.76745784 0.02562021
-0.17697607 -0.12263444 -0.97654510 -0.67057520 0.74129647 0.02843421
0.07242887 0.09160817 -0.99315768 -0.61491263 0.78810340 0.02784985
-0.09094729 -0.05643797 -0.99425519 -0.73240870 0.68027353 0.02838037
-0.04465057 -0.01637737 -0.99886847 -0.76879996 0.63904309 0.02388854
-0.12365584 -0.07901814 -0.98917413 -0.71406633 0.69928068 0.03340425
-0.64760858 -0.31135824 -0.69545615 -0.50702792 0.85739636 0.08828472
-0.59801871 -0.32294002 -0.73354173 -0.52984655 0.84600341 0.05950550
-0.73334044 -0.31967092 -0.60001862 -0.47357810 0.87341070 0.11347973
-0.70139670 -0.31255269 -0.64058840 -0.48611271 0.86704499 0.10921310
-0.83063304 -0.14077266 -0.53873175 -0.29509315 0.93176365 0.21151018
-0.89615238 0.03135865 -0.44263715 -0.10840745 0.95180392 0.28690967
-0.14527844 0.33832973 -0.92974573 -0.90958977 0.32406506 0.26005459
-0.02693611 0.26200977 -0.96468925 -0.90798008 0.39726168 0.13324903
-0.29005876 0.27021012 -0.91806996 -0.90826046 0.22454381 0.35304818
-0.07626484 0.13253209 -0.98824030 -0.91821110 0.37702116 0.12142252
0.05451446 0.25268316 -0.96601212 -0.86444902 0.49615258 0.08099734
0.06276441 0.17030331 -0.98339081 -0.83562332 0.54773128 0.04152270
0.06191980 0.14124528 -0.98803633 -0.80407584 0.59352738 0.03445696
-0.46163043 -0.41611540 -0.78341901 -0.71498001 0.69728696 0.05093661
-0.37741113 -0.28378534 -0.88149118 -0.65645009 0.75338554 0.03851635
-0.40638411 -0.31884772 -0.85626405 -0.68277144 0.72872990 0.05268656
-0.43116674 -0.33075789 -0.83946085 -0.66994196 0.74056876 0.05230471
-0.28375131 -0.19994870 -0.93781972 -0.63023669 0.77599263 0.02524124
-0.30102873 -0.21469390 -0.92913306 -0.63030821 0.77594513 0.02491589
-0.33465034 -0.24300058 -0.91047239 -0.61340451 0.78963184 0.01471218
-0.18610081 -0.12419752 -0.97464943 -0.64291298 0.76552427 0.02520947
-0.23039089 -0.14637844 -0.96202570 -0.61861491 0.78517073 0.02868028
-0.14981693 -0.10375067 -0.98325521 -0.66675454 0.74492276 0.02298985
-0.08379815 -0.05410269 -0.99501294 -0.72825330 0.68488449 0.02409233
-0.03761847 -0.01117145 -0.99922973 -0.72224426 0.69136423 0.01946117
-0.67080522 -0.31507832 -0.67137629 -0.48538962 0.87096846 0.07622934
-0.59867746 -0.30818382 -0.73932952 -0.49549413 0.86771131 0.03953113
-0.79022151 -0.22189073 -0.57123947 -0.36888152 0.91658723 0.15425381
-0.66377056 -0.29188710 -0.68862951 -0.47110346 0.87827450 0.08182572
-0.70696175 -0.28046572 -0.64926428 -0.44282013 0.89133298 0.09713852
-0.88677722 0.03074648 -0.46117336 -0.08324611 0.97084296 0.22479779
-0.26959547 0.39222562 -0.87947565 -0.89479005 0.23551089 0.37932229
-0.08290995 0.35454872 -0.93135440 -0.90606749 0.36230382 0.21858099
-0.32950386 0.31933492 -0.88851136 -0.90189618 0.17193225 0.39626083
-0.30936059 0.24019578 -0.92010981 -0.92450255 0.15061738 0.35015643
-0.08120216 0.13719267 -0.98721045 -0.97860366 0.17689970 0.10507798
0.32564747 0.21219516 -0.92137235 -0.71992123 0.68736434 -0.09614477
0.04994174 0.24114427 -0.96920341 -0.87007171 0.48697951 0.07633013
0.07896633 0.22387779 -0.97141296 -0.84115672 0.53792614 0.05559600
0.07392217 0.16701037 -0.98318011 -0.86361933 0.50372213 0.02063324
-0.53801429 -0.33638930 -0.77290547 -0.63148588 0.76821434 0.10522546
-0.36702058 -0.25903496 -0.89341861 -0.62941235 0.77635020 0.03347301
-0.38932309 -0.29332486 -0.87314844 -0.65487522 0.75475860 0.03844539
-0.46990347 -0.34306985 -0.81332272 -0.66481352 0.74368405 0.07040581
-0.50411898 -0.31495130 -0.80415785 -0.59107250 0.80471599 0.05536789
-0.28303394 -0.18777993 -0.94054794 -0.60276240 0.79761350 0.02214285
-0.33406037 -0.23526971 -0.91271675 -0.61722213 0.78644723 0.02318600
-0.12887274 -0.07277942 -0.98898685 -0.54656875 0.83735925 0.00960100
-0.25047031 -0.15713163 -0.95528758 -0.58653009 0.80966532 0.02060568
-0.18846761 -0.11244251 -0.97562116 -0.57863182 0.81539464 0.01780232
-0.05002969 -0.02254370 -0.99849331 -0.70936495 0.70456785 0.01963533
-0.69249767 -0.30596331 -0.65332490 -0.46848983 0.87939513 0.08474410
-0.67271328 -0.29172421 -0.67996603 -0.46169651 0.88363105 0.07766984
-0.61472416 -0.29254466 -0.73248333 -0.47009379 0.88159657 0.04241961
-0.79395020 -0.20207050 -0.57342017 -0.34804475 0.92438185 0.15615064
-0.73528266 -0.23051779 -0.63735479 -0.39471403 0.91009605 0.12619820
-0.83028805 -0.07888226 -0.55172408 -0.22029051 0.95577204 0.19486389
-0.31242716 0.38328975 -0.86918253 -0.89797950 0.17930669 0.40184835
-0.25652140 0.43915105 -0.86101288 -0.89881843 0.21918988 0.37958041
-0.06195413 0.40423816 -0.91255313 -0.91361666 0.34513390 0.21491198
0.00148000 0.32104033 -0.94706440 -0.88692170 0.43788803 0.14705135
-0.37017453 0.32631555 -0.86976379 -0.88569021 0.15845284 0.43640077
-0.38456386 0.25763464 -0.88641697 -0.89806336 0.11770174 0.42382619
-0.21122663 0.16953480 -0.96262211 -0.95513195 0.17339304 0.24012063
-0.13876802 0.13679975 -0.98083091 -0.96608669 0.19908096 0.16444848
0.55028093 0.17243131 -0.81698132 -0.30944774 0.95088500 -0.00773680
0.04191674 0.23852345 -0.97023171 -0.86933333 0.48733422 0.08224946
0.06417695 0.23172927 -0.97066110 -0.87682414 0.47753540 0.05603093
0.08428116 0.22043821 -0.97175288 -0.84068918 0.53925866 0.04941477
-0.58146405 -0.35934973 -0.72990924 -0.61479521 0.78167611 0.10492566
-0.52030420 -0.31770140 -0.79268491 -0.60903990 0.78871590 0.08365220
-0.40327129 -0.28354093 -0.87004417 -0.60494280 0.79599237 0.02098706
-0.33987167 -0.23488578 -0.91066790 -0.61491919 0.78815454 0.02620857
-0.40253803 -0.29472473 -0.86666054 -0.64300096 0.76489526 0.03853736
-0.41629261 -0.28194603 -0.86441135 -0.59602624 0.80256736 0.02526645
-0.48202831 -0.29221046 -0.82599145 -0.59951019 0.79749626 0.06772966
-0.26141393 -0.16346732 -0.95128399 -0.57881778 0.81523621 0.01897072
-0.30821383 -0.20674525 -0.92857993 -0.59172326 0.80596280 0.01695957
-0.26460177 -0.16550185 -0.95005006 -0.57941324 0.81480223 0.01943320
-0.64041245 -0.26934683 -0.71925259 -0.44362292 0.89419371 0.06013650
-0.58445358 -0.26750362 -0.76606518 -0.46725288 0.88280827 0.04821158
-0.75775898 -0.15728377 -0.63329548 -0.31160253 0.93993109 0.13940364
-0.81332368 -0.09172803 -0.57453507 -0.21547587 0.96476352 0.15100172
-0.38635305 0.39500707 -0.83348709 -0.87554842 0.12713593 0.46610248
-0.20635524 0.43527973 -0.87632704 -0.90660971 0.25184104 0.33857790
-0.30508193 0.45112470 -0.83869636 -0.88590109 0.18870653 0.42375600
0.00701086 0.35489199 -0.93488103 -0.88170683 0.44324166 0.16164772
-0.09934956 0.41029000 -0.90652734 -0.90715885 0.33702046 0.25195262
-0.38092759 0.32678956 -0.86492932 -0.89060438 0.12166456 0.43820280
-0.43559411 0.23954247 -0.86768502 -0.88512236 0.06137840 0.46129283
-0.42534822 0.31361994 -0.84895319 -0.87926161 0.07904638 0.46973476
-0.21506226 0.15709482 -0.96388251 -0.95979649 0.14830309 0.23832117
-0.18017866 -0.03676940 -0.98294646 -0.97910058 0.10253479 0.17563812
0.38154438 0.14240767 -0.91331488 -0.45991442 0.88632381 -0.05393374
0.59286255 0.15719669 -0.78981215 -0.42262289 0.89558488 -0.13898791
0.09726157 0.28345492 -0.95404065 -0.82067758 0.56514698 0.08424517
-0.55254471 -0.32638767 -0.76691949 -0.58781296 0.80493820 0.08093557
-0.27883118 -0.15376550 -0.94795007 -0.61483741 0.78685665 0.05321426
-0.53439391 -0.31362304 -0.78489721 -0.58659333 0.80618912 0.07724887
-0.41216296 -0.28103486 -0.86668402 -0.57930499 0.81503385 0.01120950
-0.35685238 -0.23873854 -0.90313911 -0.59174430 0.80585766 0.02078980
-0.39321321 -0.26374057 -0.88080889 -0.60188270 0.79803061 0.02973984
-0.43236002 -0.24557930 -0.86761492 -0.53445786 0.84475648 0.02722807
-0.49315399 -0.28612643 -0.82154173 -0.53943312 0.84146702 0.03074418
-0.30379033 -0.19436203 -0.93270302 -0.55443782 0.83219433 0.00716829
-0.23972410 -0.14098510 -0.96054965 -0.55221808 0.83355618 0.01547131
-0.65369624 -0.24963328 -0.71439803 -0.40216783 0.91427958 0.04851774
-0.59252459 -0.25630072 -0.76369143 -0.42139512 0.90659332 0.02268775
-0.76889437 -0.15778765 -0.61960030 -0.31220776 0.93833947 0.14847709
-0.35983247 0.38505989 -0.84985268 -0.88232571 0.15571293 0.44413379
-0.20957713 0.47289899 -0.85582948 -0.90547812 0.23647684 0.35240334
-0.14182310 0.42201039 -0.89542919 -0.86008477 0.39527079 0.32251379
-0.36049217 0.46842432 -0.80661279 -0.87202644 0.13769597 0.46969110
0.04135181 0.37037370 -0.92796195 -0.85921568 0.48719710 0.15616466
-0.06160694 0.48856407 -0.87035036 -0.89675093 0.35576957 0.26318401
-0.41790354 0.34346193 -0.84106505 -0.87727147 0.08804888 0.47184965
-0.42400271 0.31956038 -0.84740955 -0.87840402 0.08272146 0.47070539
-0.43731233 0.24534498 -0.86519587 -0.88748884 0.03773744 0.45928150
-0.43705404 0.22504801 -0.87082559 -0.88378429 0.07237814 0.46226251
-0.42941597 0.30872864 -0.84869820 -0.88073492 0.06471609 0.46916717
-0.23062766 0.17254709 -0.95762122 -0.94660008 0.18808523 0.26186317
-0.16067061 0.34805316 -0.92360377 -0.93710315 0.23999281 0.25345847
0.40532917 0.16287827 -0.89954376 -0.42399925 0.90525591 -0.02713901
0.61672729 0.11620872 -0.77855188 -0.45273650 0.86145604 -0.23005049
0.08952623 0.33792463 -0.93690556 -0.84512538 0.52353001 0.10807150
-0.59081310 -0.35080644 -0.72654986 -0.56198096 0.82507086 0.05861345
-0.52347934 -0.30562615 -0.79533774 -0.57877719 0.81258786 0.06868756
-0.33514139 -0.21053971 -0.91834271 -0.54177678 0.84050739 0.00502171
-0.40173486 -0.25694329 -0.87897056 -0.55216420 0.83369046 0.00866061
-0.45054558 -0.25552607 -0.85540348 -0.51514661 0.85696483 0.01533808
-0.48835003 -0.28373757 -0.82523173 -0.53516233 0.84433705 0.02638818
-0.52444088 -0.30617762 -0.79449165 -0.54721397 0.83608329 0.03900776
-0.30910262 -0.18948247 -0.93196142 -0.54836279 0.83615625 0.01187111
-0.24462813 -0.14119141 -0.95928210 -0.51003474 0.86014682 0.00346457
-0.67995620 -0.19136797 -0.70784038 -0.35651109 0.92984104 0.09108005
-0.57899463 -0.21939948 -0.78525734 -0.37888020 0.92521065 0.02085796
-0.70571148 -0.14622396 -0.69324589 -0.31489044 0.94125223 0.12201760
-0.72668147 -0.15269689 -0.66978937 -0.26269391 0.96265042 0.06554460
-0.41010833 0.39536014 -0.82188904 -0.86760747 0.10871894 0.48521909
-0.19603021 0.49770996 -0.84490055 -0.91530818 0.21626757 0.33976373
-0.31113476 0.52276176 -0.79367208 -0.88800508 0.13761683 0.43875808
-0.40145519 0.44966024 -0.79789686 -0.87222666 0.07804298 0.48283520
0.05761789 0.42734006 -0.90225315 -0.87235141 0.46102875 0.16265170
-0.03732525 0.47341609 -0.88004774 -0.90031981 0.36621228 0.23518659
-0.41648069 0.35403281 -0.83737963 -0.87699759 0.08631615 0.47267842
-0.43824202 0.24771696 -0.86404878 -0.88511294 0.04853032 0.46283898
-0.26451719 0.18399581 -0.94666588 -0.94722283 0.13477620 0.29086822
-0.43204218 0.31392360 -0.84545344 -0.88499981 0.03281084 0.46443394
0.34409210 0.08376443 -0.93519211 -0.72524625 0.65629911 -0.20806095
0.36646393 0.14370826 -0.91926718 -0.39304882 0.91942632 -0.01295492
0.61886197 0.11285153 -0.77735096 -0.44936645 0.86255491 -0.23252711
0.75158334 0.15527965 -0.64110118 -0.28538796 0.95277452 -0.10380008
0.14363353 0.34825572 -0.92633009 -0.80134749 0.59017926 0.09762498
-0.55089343 -0.31519881 -0.77276534 -0.53290838 0.84544641 0.03505856
-0.34802696 -0.21337850 -0.91287833 -0.52241647 0.85269046 -0.00014328
-0.37933633 -0.23316447 -0.89539838 -0.52154523 0.85322279 -0.00122875
-0.41580835 -0.23385321 -0.87887210 -0.46933693 0.88292521 -0.01288097
-0.45190740 -0.25809020 -0.85391408 -0.51579934 0.85659385 0.01407058
-0.48399740 -0.28207639 -0.82835948 -0.48948690 0.87194234 -0.01091792
-0.54542422 -0.31519592 -0.77663630 -0.53374803 0.84504211 0.03188780
-0.28361854 -0.16402921 -0.94480419 -0.49209836 0.87053293 -0.00341298
-0.33812109 -0.19486150 -0.92070794 -0.49741685 0.86751115 -0.00093125
-0.65173233 -0.14708431 -0.74405056 -0.31052992 0.94676971 0.08484291
-0.75171375 -0.15362264 -0.64134747 -0.09495343 0.98756963 -0.12526011
-0.41271606 0.41504550 -0.81080377 -0.87023652 0.08319928 0.48555779
-0.31803247 0.51432890 -0.79644287 -0.88085437 0.15039505 0.44886181
-0.42239496 0.45067498 -0.78643155 -0.86203080 0.06843168 0.50221521
0.35835069 0.60752010 -0.70887530 -0.70254624 0.67553318 0.22379401
0.00177024 0.52889323 -0.84868658 -0.89891404 0.37267059 0.23036964
-0.42246139 0.40341812 -0.81165278 -0.87955129 0.03380011 0.47460204
