-0.47744507 0.24149396 -0.84482360 -0.75321245 -0.60759538 0.25198984
-0.46726277 0.26008523 -0.84499782 -0.78280181 -0.56596011 0.25867081
-0.46842772 0.29463127 -0.83292735 -0.79188454 -0.55807287 0.24793866
-0.44761974 0.29503837 -0.84414989 -0.74275452 -0.64833784 0.16725355
-0.45354939 0.39366794 -0.79957402 -0.77236575 -0.62125969 0.13224044
-0.42633656 0.36015528 -0.82977432 -0.75027746 -0.65321183 0.10197112
-0.55482590 0.49686983 -0.66729951 -0.81550169 -0.48357749 0.31797782
-0.43270585 0.32511812 -0.84087098 -0.77632934 -0.60856646 0.16419433
-0.44727492 0.36159971 -0.81804085 -0.82328606 -0.52385235 0.21858373
0.42533270 -0.20406453 0.88173115 0.80571485 0.52910924 -0.26620865
-0.43979514 0.26028639 -0.85955292 -0.83546317 -0.46973035 0.28522763
0.42426488 -0.16384849 0.89059138 0.84322250 0.43001658 -0.32258579
-0.43614072 0.17555706 -0.88258767 -0.84072518 -0.42922083 0.33007684
-0.46893436 0.26394305 -0.84287292 -0.83758831 -0.43570614 0.32955426
-0.45932725 0.17411175 -0.87103593 -0.86052364 -0.33038539 0.38774288
-0.48982415 0.26355815 -0.83102912 -0.85614294 -0.32537565 0.40143496
-0.46764320 0.16518861 -0.86834472 -0.84260362 -0.38013560 0.38146579
-0.46549720 0.19873546 -0.86244810 -0.82171494 -0.45904315 0.33773375
-0.45572415 0.17100151 -0.87354112 -0.83149523 -0.43204907 0.34921247
0.30637288 0.16146570 0.93811756 0.80380541 0.48404974 -0.34582189
0.47712353 -0.13020456 0.86913753 0.77063507 0.53738743 -0.34254405
0.47186190 -0.15871875 0.86726850 0.78243411 0.52877092 -0.32893497
-0.44727078 0.20778058 -0.86992884 -0.82729864 -0.46573633 0.31411254
-0.45738378 0.25705412 -0.85130680 -0.82234532 -0.48660833 0.29489097
0.44944221 -0.14134483 0.88205636 0.83389068 0.42048320 -0.35751969
0.49777186 -0.06553665 0.86482841 0.79284608 0.43861032 -0.42310292
0.52993357 -0.07079805 0.84507877 0.78173131 0.42706996 -0.45443094
0.53233016 -0.06642509 0.84392673 0.75859308 0.47988749 -0.44073188
0.51025641 -0.01098010 0.85995221 0.77012569 0.45091584 -0.45120001
0.51776987 -0.03020908 0.85498643 0.78096133 0.42473021 -0.45793417
0.51576942 -0.01716545 0.85655552 0.78141260 0.41933322 -0.46211907
0.49962404 0.00357659 0.86623502 0.80875427 0.35629645 -0.46794164
0.48850328 0.00983270 0.87250674 0.80650538 0.37656486 -0.45579386
0.48410073 -0.05027538 0.87356675 0.83453035 0.32667807 -0.44366717
0.47807273 -0.05327903 0.87670285 0.83918417 0.32234287 -0.43802407
0.47121593 -0.05843464 0.88008016 0.84410083 0.31929103 -0.43075183
0.46727532 -0.03467812 0.88343149 0.85075295 0.28952938 -0.43862543
0.46450302 -0.02474252 0.88522583 0.85829145 0.25877714 -0.44313684
0.42828086 0.10120150 0.89796096 0.85031182 0.29120174 -0.43837357
0.44962290 -0.02820449 0.89277309 0.86519521 0.26214856 -0.42745221
0.44320518 -0.00410522 0.89641082 0.87363416 0.22601089 -0.43090886
0.44917068 -0.02721985 0.89303130 0.88169354 0.17509341 -0.43813118
-0.47633320 0.16988684 -0.86269647 -0.83541286 -0.39343250 0.38379186
0.43669018 -0.05949855 0.89764225 0.85789615 0.32786801 -0.39562213
-0.47503230 0.08777419 -0.87557983 -0.87378401 -0.16480914 0.45753634
-0.47783595 0.10044806 -0.87268716 -0.87191135 -0.17521030 0.45724404
-0.47369078 0.05819851 -0.87876618 -0.87759113 -0.11484160 0.46545163
-0.49893415 0.33308259 -0.80007541 -0.86222416 -0.28385800 0.41951656
-0.48201948 0.16322692 -0.86082184 -0.87584478 -0.11614180 0.46840906
-0.48157245 0.18843560 -0.85590893 -0.87591237 -0.13626690 0.46282703
-0.48075232 0.20452645 -0.85267007 -0.87674719 -0.09676906 0.47111583
-0.47397780 0.27385417 -0.83686858 -0.87842464 -0.08126862 0.47091994
-0.46532074 0.30398750 -0.83130509 -0.88439637 -0.12112715 0.45074525
-0.47484931 0.32716480 -0.81699538 -0.86351603 0.00598851 0.50428581
-0.46675238 0.40896499 -0.78414917 -0.87662327 -0.09670885 0.47135872
-0.46121258 0.45343882 -0.76267701 -0.86515629 -0.03902753 0.49998155
-0.46137452 0.45482090 -0.76175559 -0.86874300 -0.05735114 0.49193135
-0.47958484 0.32911384 -0.81343871 -0.82492989 0.14692578 0.54580534
-0.44112024 0.51144451 -0.73745334 -0.85741782 0.00250265 0.51461470
-0.42622876 0.55000675 -0.71820724 -0.88320863 -0.08131891 0.46187639
-0.41635111 0.55300874 -0.72168773 -0.88798320 -0.07683657 0.45341149
-0.39826187 0.61638612 -0.67930526 -0.86088318 0.00448100 0.50878298
-0.42819795 0.49989998 -0.75282574 -0.86842728 0.00279807 0.49580872
-0.36727849 0.67615026 -0.63869190 -0.89757520 -0.07762212 0.43397421
-0.39809126 0.50787795 -0.76392627 -0.89695400 -0.04088995 0.44022894
-0.36731097 0.62299824 -0.69062001 -0.91440284 -0.10604682 0.39066815
-0.39793441 0.56750602 -0.72082257 -0.91128165 -0.15381990 0.38197550
-0.39954937 0.60314614 -0.69034415 -0.90601707 -0.14512002 0.39758435
-0.43782464 0.42931566 -0.78993523 -0.88991457 -0.08193596 0.44870779
-0.40417385 0.57191336 -0.71383375 -0.91148394 -0.18662384 0.36656332
-0.40279555 0.57360369 -0.71325630 -0.91442335 -0.21828647 0.34085327
-0.39498845 0.58900547 -0.70502251 -0.91733140 -0.21120787 0.33748248
-0.39541849 0.68049264 -0.61690688 -0.91471565 -0.23083191 0.33168063
-0.40745109 0.61150712 -0.67826444 -0.91243875 -0.24174558 0.33017364
-0.41848990 0.58697689 -0.69305438 -0.90820193 -0.26545620 0.32357734
-0.43002319 0.58141661 -0.69067717 -0.90230143 -0.25090563 0.35056883
-0.45017761 0.56337273 -0.69278520 -0.89225835 -0.25352004 0.37363440
-0.45356390 0.50361902 -0.73528755 -0.89074802 -0.28312072 0.35554278
-0.44986275 0.48441738 -0.75030893 -0.89015627 -0.31133118 0.33270830
-0.44638163 0.48902202 -0.74940038 -0.88975763 -0.33171064 0.31352755
-0.43389004 0.41987005 -0.79715031 -0.88822013 -0.34763956 0.30035290
-0.43900752 0.46881700 -0.76647449 -0.88062060 -0.39377379 0.26353294
-0.42286512 0.44654071 -0.78853446 -0.86471927 -0.45907009 0.20375280
-0.46506208 0.55380392 -0.69066525 -0.85969061 -0.46873581 0.20302425
-0.45595402 0.56160933 -0.69043529 -0.86445665 -0.46399227 0.19345780
-0.44725910 0.51823658 -0.72896516 -0.87899780 -0.40531215 0.25116736
-0.45166603 0.50808585 -0.73338032 -0.86460501 -0.45207530 0.21928553
-0.46713996 0.56429571 -0.68069869 -0.84992254 -0.49881190 0.16975993
-0.43172884 0.55396861 -0.71184909 -0.86199445 -0.48582095 0.14471935
-0.45690671 0.59566277 -0.66062260 -0.86604804 -0.46736071 0.17758067
-0.45255607 0.63023144 -0.63087350 -0.86796802 -0.47356772 0.14954969
-0.45367056 0.63063133 -0.62967229 -0.85939670 -0.49657837 0.12184927
-0.45100734 0.65476912 -0.60652268 -0.86044258 -0.49952611 0.10055953
-0.45676631 0.65588403 -0.60098308 -0.85083753 -0.51931745 0.07990564
-0.44440466 0.64655370 -0.62005872 -0.84600413 -0.53052032 0.05315337
-0.50407273 0.65936357 -0.55780852 -0.82984215 -0.54873252 0.10126513
-0.48179701 0.62138927 -0.61785686 -0.84032667 -0.52753699 0.12472315
-0.44220123 0.58922493 -0.67621899 -0.81259483 -0.58233631 0.02396172
-0.53174406 0.60172713 -0.59596378 -0.80592525 -0.57577044 0.13774213
-0.51673931 0.56008273 -0.64752436 -0.80340236 -0.57857722 0.14068741
-0.51494861 0.54601634 -0.66082835 -0.80311799 -0.57683378 0.14921235
-0.49738035 0.50502151 -0.70538366 -0.83559942 -0.49745911 0.23304087
-0.49342516 0.49756140 -0.71341729 -0.81451494 -0.55205572 0.17832550
-0.49713409 0.48226327 -0.72130430 -0.80666852 -0.56309003 0.17948705
-0.48623773 0.45652461 -0.74508941 -0.74143505 -0.66678560 0.07530603
-0.47501531 0.44820416 -0.75728035 -0.79851675 -0.58116150 0.15691507
-0.49121848 0.48560965 -0.72310978 -0.78221267 -0.61116052 0.12093852
-0.49555790 0.48950472 -0.71750093 -0.77696526 -0.61908686 0.11426510
0.44932666 -0.42203334 0.78739661 0.68880445 0.72493315 -0.00451139
-0.47804627 0.45175025 -0.75325531 -0.70979381 -0.70383883 0.02835014
-0.47922876 0.47483543 -0.73815387 -0.71051258 -0.70363134 0.00865531
0.50972301 -0.51484591 0.68928683 0.66561854 0.74361116 0.06320167
-0.54427910 0.56275499 -0.62214714 -0.74794924 -0.66138160 0.05609187
-0.54524881 0.56277096 -0.62128305 -0.74759102 -0.66173601 0.05668485
-0.58381408 0.59206098 -0.55554014 -0.73662007 -0.67400092 0.05580069
-0.52532494 0.60859340 -0.59468299 -0.77491724 -0.63086349 0.03891820
-0.53095382 0.62567014 -0.57151121 -0.76498306 -0.64402568 0.00563961
-0.57373190 0.66733760 -0.47486019 -0.78867614 -0.60653973 0.10049666
-0.50609207 0.66536319 -0.54878289 -0.80865258 -0.58732307 0.03365542
-0.50134611 0.67040741 -0.54699731 -0.79733002 -0.60347879 -0.00884521
-0.52591634 0.71471268 -0.46108323 -0.78758442 -0.61390042 -0.05326346
-0.48571417 0.68577355 -0.54202998 -0.81496769 -0.57949930 -0.00288536
-0.54032719 0.61146647 -0.57806164 -0.78573608 -0.61247271 0.08657913
-0.54451758 0.61491323 -0.57042307 -0.78011698 -0.62110513 0.07514008
-0.55041504 0.60497600 -0.57536709 -0.79558998 -0.58901697 0.14175923
-0.52196729 0.58614552 -0.61966407 -0.79307687 -0.60091925 0.09962516
-0.49995476 0.56632364 -0.65522736 -0.79546392 -0.59945339 0.08884148
-0.53364211 0.55260009 -0.64020258 -0.77453882 -0.62330693 0.10760214
-0.50476819 0.51910251 -0.68974030 -0.78113216 -0.61478478 0.10896024
-0.50973237 0.50550956 -0.69615597 -0.77271557 -0.62477267 0.11211514
-0.51352894 0.51483703 -0.68646252 -0.77657980 -0.61913484 0.11660174
-0.51020908 0.52748841 -0.67929572 -0.80033964 -0.58036029 0.15046053
-0.52342814 0.57512105 -0.62869608 -0.79328376 -0.59823614 0.11320068
-0.56366134 0.68963605 -0.45462957 -0.82029891 -0.40276381 0.40606773
-0.49817792 0.64990163 -0.57397443 -0.82029253 -0.56775337 0.06911065
0.89311850 0.25875750 0.36794564 -0.08034828 0.89659566 -0.43550009
-0.42643788 0.66912341 -0.60862523 -0.89122856 -0.42574069 0.15638614
-0.42450947 0.68027526 -0.59750926 -0.90119708 -0.38114858 0.20632435
-0.41213399 0.64915293 -0.63933253 -0.90728068 -0.35677373 0.22260799
-0.40673110 0.65528268 -0.63653314 -0.91003263 -0.35168976 0.21944238
-0.42441988 0.71714300 -0.55278730 -0.90221643 -0.38661304 0.19114368
-0.41716596 0.64775580 -0.63748342 -0.90803587 -0.32639232 0.26256236
-0.41764706 0.64213032 -0.64283717 -0.90802890 -0.32025579 0.27003682
-0.41840926 0.64470583 -0.63975632 -0.90824068 -0.30142125 0.29024842
-0.41998541 0.60609466 -0.67547137 -0.90714705 -0.30201510 0.29303795
-0.38438153 0.68423998 -0.61973101 -0.92092657 -0.23738548 0.30909950
-0.37479013 0.62264544 -0.68690985 -0.92685968 -0.23443589 0.29320797
-0.37208295 0.74200159 -0.55766296 -0.92676330 -0.26357338 0.26765442
-0.37283105 0.73726660 -0.56341374 -0.92427039 -0.24142864 0.29569650
-0.38241377 0.71446621 -0.58591610 -0.92399079 -0.29631734 0.24173774
-0.35885674 0.75742769 -0.54545861 -0.92469704 -0.20890900 0.31826478
-0.36139783 0.70820057 -0.60650110 -0.92961568 -0.22333559 0.29314822
-0.34191796 0.77707946 -0.52843136 -0.92217922 -0.16928726 0.34774622
-0.33230367 0.70051450 -0.63154864 -0.94316822 -0.24479033 0.22474767
-0.29782584 0.65808088 -0.69154137 -0.95240408 -0.25416651 0.16830294
-0.42160124 0.64349753 -0.63887668 -0.90295780 -0.36256072 0.23068804
-0.44450986 0.61175925 -0.65434057 -0.89211518 -0.36828822 0.26171425
-0.44590494 0.61358708 -0.65167457 -0.89395916 -0.34171900 0.28993994
-0.44546926 0.54437095 -0.71078646 -0.89304358 -0.32647431 0.30965745
-0.44939026 0.53732377 -0.71367478 -0.88725913 -0.36148101 0.28653568
-0.44775701 0.55392152 -0.70191503 -0.88960552 -0.35506046 0.28728759
-0.46052808 0.60596746 -0.64862734 -0.88405848 -0.37874115 0.27385363
-0.39486706 0.66784221 -0.63092536 -0.91555595 -0.34314802 0.20977786
-0.40061185 0.71177441 -0.57696390 -0.87783647 -0.47857875 0.01912001
-0.42259264 0.71584451 -0.55586159 -0.89820462 -0.41268098 0.15140319
-0.42581928 0.69797593 -0.57576698 -0.89921021 -0.39712414 0.18361230
-0.41787589 0.67506331 -0.60800433 -0.89582360 -0.41759264 0.15204099
-0.47174895 0.62331718 -0.62364149 -0.85317022 -0.50125283 0.14438212
-0.48304787 0.51847488 -0.70558381 -0.82512885 -0.53916889 0.16869892
-0.48894235 0.51535791 -0.70380515 -0.82151866 -0.54334939 0.17285450
-0.48027900 0.48066458 -0.73368502 -0.82641107 -0.52826226 0.19489418
-0.48150328 0.46217644 -0.74467951 -0.84444225 -0.47214282 0.25297928
-0.48308778 0.46625474 -0.74110246 -0.84340769 -0.47510999 0.25086641
-0.49039227 0.50233436 -0.71216267 -0.86206269 -0.39954546 0.31178752
-0.48371813 0.50186974 -0.71703804 -0.86569798 -0.39489841 0.30760738
-0.45953527 0.40609452 -0.78988266 -0.87233472 -0.37350541 0.31547737
-0.47398603 0.41489646 -0.77665836 -0.86631256 -0.37760478 0.32698187
-0.45780686 0.35078239 -0.81692386 -0.85588712 -0.42252392 0.29821265
-0.47198588 0.37988544 -0.79556042 -0.86381286 -0.37966028 0.33118802
-0.47108164 0.37231082 -0.79966664 -0.86243689 -0.38470128 0.32894927
-0.46452749 0.36399367 -0.80729353 -0.84782726 -0.44606763 0.28672749
-0.43451604 0.25540945 -0.86369079 -0.85661769 -0.41340992 0.30870456
-0.46273381 0.37075168 -0.80524570 -0.84862483 -0.44792116 0.28142941
-0.46404928 0.39999735 -0.79035461 -0.83827788 -0.48664749 0.24589536
-0.46460357 0.32260126 -0.82466477 -0.87401676 -0.31667304 0.36852813
-0.46776101 0.36137232 -0.80660385 -0.86748981 -0.36250845 0.34065971
-0.46421292 0.32565555 -0.82368374 -0.86895204 -0.34756127 0.35231182
-0.47022626 0.31913999 -0.82282257 -0.86846620 -0.33319926 0.36707598
-0.47648823 0.32919389 -0.81522411 -0.86355180 -0.34930262 0.36368406
-0.47585493 0.25420505 -0.84198689 -0.87042218 -0.27347788 0.40935940
-0.47632259 0.26839358 -0.83730626 -0.86963546 -0.28439143 0.40355390
-0.47402546 0.23922701 -0.84739035 -0.86790210 -0.28922939 0.40384707
-0.46647558 0.17993701 -0.86603886 -0.87014860 -0.26921117 0.41275522
-0.47814471 0.20818749 -0.85325009 -0.85833675 -0.31662524 0.40374070
-0.47789657 0.18137096 -0.85948789 -0.85267097 -0.33093247 0.40427214
-0.49318278 0.24559176 -0.83453906 -0.80947661 -0.48091906 0.33684486
-0.46570760 0.11002016 -0.87807292 -0.86303782 -0.27584916 0.42317024
-0.46832916 0.10896471 -0.87680930 -0.86066455 -0.28067881 0.42482463
-0.47351480 0.13287096 -0.87070608 -0.86862904 -0.23412310 0.43665776
-0.47649118 0.10511628 -0.87287271 -0.86682910 -0.22199701 0.44645789
-0.47716394 0.15569711 -0.86491215 -0.87001371 -0.22262514 0.43990257
-0.48084736 0.12896419 -0.86726820 -0.87143248 -0.17961448 0.45644724
-0.47852826 0.18471262 -0.85842413 -0.87088913 -0.22463250 0.43714124
-0.48323509 0.19785696 -0.85284024 -0.87053359 -0.21210521 0.44405264
-0.48383036 0.20445909 -0.85094339 -0.87400281 -0.16290952 0.45779866
-0.48746216 0.20860274 -0.84785944 -0.87004465 -0.19779278 0.45155331
-0.48928431 0.16761997 -0.85586476 -0.87205148 -0.10672051 0.47763690
-0.48544189 0.18378529 -0.85473335 -0.87372875 -0.13634749 0.46691275
-0.48856384 0.22195156 -0.84382635 -0.87080121 -0.18485107 0.45556051
-0.48599562 0.17444846 -0.85637373 -0.87139601 -0.17174511 0.45953527
-0.48290795 0.29934040 -0.82291877 -0.87560862 -0.17629482 0.44969958
-0.48492998 0.29568014 -0.82305300 -0.87387979 -0.20074476 0.44275913
-0.47531280 0.29071957 -0.83039743 -0.87939060 -0.18636054 0.43811178
-0.46345112 0.14080565 -0.87486392 -0.88208097 -0.16749446 0.44031674
-0.46639827 0.35960022 -0.80818337 -0.88071281 -0.27405563 0.38631395
-0.46032393 0.37545475 -0.80444735 -0.87531382 -0.34310743 0.34073901
-0.48429021 0.38397819 -0.78614491 -0.87489110 -0.21803184 0.43246701
-0.48500147 0.33295110 -0.80865151 -0.87384230 -0.22072992 0.43321818
-0.48188394 0.28103071 -0.82994556 -0.87131500 -0.25391719 0.41992414
-0.48011187 0.27697572 -0.83233231 -0.87142658 -0.25934550 0.41635996
-0.48602948 0.32174551 -0.81256092 -0.87155426 -0.10975634 0.47785646
-0.48155823 0.40519297 -0.77712315 -0.87177217 -0.31260112 0.37721860
-0.47911355 0.39612377 -0.78328550 -0.87543774 -0.28042233 0.39366502
-0.46708688 0.44354522 -0.76491672 -0.88413590 -0.24559489 0.39747566
-0.46773541 0.43296736 -0.77056009 -0.88377148 -0.21617879 0.41498756
-0.46372965 0.44173896 -0.76799840 -0.88512939 -0.19308674 0.42339516
-0.46316156 0.44634423 -0.76567501 -0.88553327 -0.19775091 0.42038718
-0.46630105 0.46440783 -0.75292009 -0.88337404 -0.19918314 0.42423627
-0.47089335 0.37863660 -0.79680222 -0.88120091 -0.15912068 0.44515786
-0.46877339 0.39874464 -0.78819680 -0.87821865 -0.11464359 0.46431544
-0.46943372 0.38427892 -0.79496020 -0.88291657 -0.19459778 0.42730564
-0.46929562 0.33457986 -0.81720132 -0.88234228 -0.14086133 0.44903252
-0.46857968 0.39292938 -0.79122669 -0.88084424 -0.13944653 0.45240268
-0.46752658 0.43679544 -0.76852369 -0.86713296 -0.05769426 0.49472404
-0.45402765 0.49841863 -0.73853755 -0.87965143 -0.11894785 0.46050507
-0.43597806 0.55761361 -0.70639241 -0.88518578 -0.12406962 0.44838920
-0.44800627 0.50697881 -0.73638511 -0.89165318 -0.19334938 0.40935397
-0.44655421 0.51979864 -0.72828478 -0.89389652 -0.22349152 0.38858795
-0.45481673 0.53416967 -0.71260411 -0.88148475 -0.15591508 0.44572982
-0.44388375 0.53774643 -0.71679562 -0.89593226 -0.25159091 0.36607033
-0.43798646 0.54859668 -0.71218646 -0.89865261 -0.24575080 0.36335939
-0.44081488 0.61456054 -0.65421528 -0.88782579 -0.40578482 0.21703479
-0.43613154 0.58263195 -0.68580562 -0.89674771 -0.21782859 0.38521993
-0.44620937 0.50144303 -0.74125040 -0.89409196 -0.28559214 0.34501705
-0.45121717 0.49267697 -0.74409175 -0.89168435 -0.28261587 0.35359207
-0.46471378 0.49020118 -0.73738992 -0.88474137 -0.29063037 0.36437181
-0.47385851 0.42949378 -0.76876086 -0.87713397 -0.30759481 0.36881086
-0.46376634 0.41932499 -0.78044051 -0.88562471 -0.24356681 0.39540389
-0.47208840 0.35807756 -0.80555141 -0.88131434 -0.17052388 0.44068885
-0.48181567 0.25817496 -0.83737642 -0.87279618 -0.22643100 0.43238395
-0.48046836 0.27389842 -0.83314455 -0.86967534 -0.27142131 0.41230491
-0.47966430 0.27237305 -0.83410740 -0.87120491 -0.26106673 0.41574782
-0.48268846 0.39548284 -0.78141230 -0.87156719 -0.30445218 0.38429108
-0.47889557 0.38496041 -0.78896427 -0.87472802 -0.28524342 0.39177436
-0.46961012 0.43309289 -0.76934826 -0.87692261 -0.32982403 0.34960410
-0.46543124 0.41039950 -0.78418493 -0.83890849 -0.48699206 0.24304584
-0.46821064 0.44212356 -0.76505268 -0.81370461 -0.55327421 0.17824863
-0.47528622 0.43804121 -0.76303536 -0.81037515 -0.55568135 0.18576969
-0.49027574 0.49830392 -0.71506852 -0.84760094 -0.46367532 0.25802699
-0.45144153 0.56031555 -0.69444013 -0.87891746 -0.41351432 0.23771860
-0.45610711 0.55392921 -0.69651192 -0.88172281 -0.38730165 0.26937416
-0.44031563 0.48356479 -0.75649667 -0.88704515 -0.36457691 0.28325731
-0.45197085 0.51335883 -0.72951013 -0.88134491 -0.38320598 0.27637738
-0.44519493 0.49243048 -0.74787283 -0.89019924 -0.33357358 0.31028053
-0.42780018 0.59293240 -0.68221569 -0.90362591 -0.29821667 0.30745262
-0.38035053 0.66398907 -0.64377946 -0.92200887 -0.21778716 0.32010689
-0.31939107 0.68918318 -0.65039682 -0.93680412 -0.12621713 0.32629329
-0.30071825 0.69353390 -0.65465963 -0.94294196 -0.11333709 0.31307381
-0.29032001 0.70735133 -0.64449084 -0.95386642 -0.16006844 0.25400189
-0.28146878 0.76588923 -0.57809085 -0.93444949 -0.08182842 0.34656641
-0.28488883 0.73958766 -0.60979390 -0.94343698 -0.10378298 0.31489003
-0.28189346 0.74541527 -0.60406303 -0.93139398 -0.06147692 0.35878384
-0.24972206 0.80061364 -0.54466194 -0.91038483 -0.00248113 0.41375527
-0.22280830 0.84175473 -0.49173713 -0.93262225 -0.03717801 0.35893402
-0.22058994 0.84150243 -0.49316704 -0.93190086 -0.03257586 0.36124736
-0.19799711 0.87715089 -0.43749690 -0.92510128 -0.01968202 0.37921014
-0.19389035 0.87939662 -0.43481970 -0.91630006 -0.00401236 0.40047231
0.92057419 0.02913840 -0.38947937 -0.15723015 0.94048727 -0.30126813
0.90832883 0.01767741 -0.41788322 -0.13360231 0.95902717 -0.24983463
-0.17829959 0.89783406 -0.40262061 -0.93965673 -0.03394393 0.34043068
-0.17038290 0.90738809 -0.38420892 -0.93035215 -0.01966301 0.36613971
-0.20270661 0.85764885 -0.47259763 -0.94238800 -0.03970325 0.33215749
-0.21011969 0.85274756 -0.47819597 -0.94089240 -0.04347362 0.33590409
0.88377929 -0.05785001 -0.46431416 -0.15489291 0.90020710 -0.40698332
-0.21991542 0.84012544 -0.49580893 -0.88548076 0.04135734 0.46283197
-0.24361974 0.81400073 -0.52730662 -0.95280832 -0.09933609 0.28686017
-0.21872924 0.84362286 -0.49036524 -0.93576503 -0.03890372 0.35047171
-0.26010320 0.78390628 -0.56377065 -0.93803006 -0.06666142 0.34008208
-0.23230828 0.83356428 -0.50120199 -0.92955172 -0.03859161 0.36666653
-0.22886726 0.83419985 -0.50172746 -0.91505599 -0.00852475 0.40323687
-0.22245562 0.84299123 -0.48977470 -0.92628396 -0.02602361 0.37592670
-0.23180753 0.82058507 -0.52240348 -0.93001491 -0.02950259 0.36633575
-0.20328000 0.86815816 -0.45274574 -0.91490728 -0.00372392 0.40364689
-0.19068065 0.87450969 -0.44595250 -0.86763412 0.06236288 0.49327669
-0.22224425 0.82379842 -0.52150136 -0.89160079 0.04471950 0.45060867
-0.17981648 0.86453450 -0.46930391 -0.86490357 0.08832699 0.49410543
-0.15315658 0.82693893 -0.54103148 -0.85026264 0.16872568 0.49858311
-0.18533100 0.79429740 -0.57857078 -0.84968984 0.16623387 0.50039345
-0.15692687 0.78817838 -0.59510404 -0.85655218 0.19133441 0.47928041
-0.23447673 0.74067599 -0.62961882 -0.82919312 0.18567269 0.52722341
-0.22849374 0.75686049 -0.61233383 -0.87550563 0.11532676 0.46924382
-0.20792130 0.78216428 -0.58735663 -0.83859706 0.16656154 0.51866400
-0.24618722 0.73048019 -0.63701689 -0.86409974 0.13227384 0.48562878
-0.23614751 0.74049318 -0.62920922 -0.82955784 0.18357606 0.52738386
-0.22355878 0.72826201 -0.64780861 -0.83222371 0.20334847 0.51580340
-0.27774674 0.65254748 -0.70500964 -0.83474821 0.19927707 0.51330698
-0.24668342 0.68838656 -0.68210793 -0.87993687 0.13579288 0.45527074
-0.25655410 0.71845692 -0.64652902 -0.87224144 0.11606917 0.47510290
-0.25470319 0.72568882 -0.63914162 -0.87741625 0.10442766 0.46822605
-0.24568284 0.74536997 -0.61972868 -0.88208103 0.09320202 0.46178624
-0.25716645 0.72645444 -0.63728291 -0.87967408 0.09702022 0.46557564
-0.30153123 0.67740178 -0.67097384 -0.89081228 0.05072081 0.45153180
-0.30985683 0.67789418 -0.66666961 -0.88953352 0.04090618 0.45503506
-0.29184496 0.70839310 -0.64265525 -0.90687311 0.00860348 0.42131603
-0.29368329 0.70786184 -0.64240319 -0.90569383 0.00888397 0.42383945
-0.28446847 0.72427642 -0.62809348 -0.90701878 0.00884660 0.42099729
-0.25666082 0.76931816 -0.58504260 -0.89063883 0.04682003 0.45229453
-0.27099636 0.75156730 -0.60142124 -0.91990399 -0.01823132 0.39171970
-0.31139034 0.68114501 -0.66262925 -0.91955531 -0.04009799 0.39090958
-0.32973328 0.65509754 -0.67979652 -0.91562778 -0.04648004 0.39933121
-0.30250505 0.69862401 -0.64839435 -0.92563081 -0.05304732 0.37469152
-0.26664129 0.74851584 -0.60714626 -0.90980458 0.01240335 0.41485155
-0.24366446 0.77920848 -0.57746148 -0.89531428 0.04819649 0.44281986
-0.25871104 0.75384563 -0.60397470 -0.89170080 0.05402566 0.44938949
-0.24425747 0.74922699 -0.61562759 -0.86546195 0.11792449 0.48689786
-0.33215454 0.64802939 -0.68536943 -0.89423221 0.01478782 0.44735903
-0.33243060 0.65410346 -0.67943996 -0.89367229 0.01175642 0.44856641
-0.34869248 0.60934347 -0.71211946 -0.89807254 0.00011943 0.43984741
0.78108811 -0.28705326 -0.55452853 -0.39235902 0.46522397 -0.79348671
-0.22733571 0.77631468 -0.58792347 -0.88799024 0.08256745 0.45238921
-0.26298279 0.69280773 -0.67145926 -0.90445137 0.06524683 0.42155746
-0.18902437 0.85448557 -0.48386386 -0.86296368 0.09057878 0.49708068
-0.22371967 0.82064319 -0.52582723 -0.89329022 0.04315014 0.44740444
-0.23009725 0.82032347 -0.52356923 -0.90675616 0.01461734 0.42140195
-0.27128005 0.75150442 -0.60137206 -0.91963327 -0.01799090 0.39236593
-0.30526578 0.69347274 -0.65261656 -0.92135471 -0.04188798 0.38645950
-0.27501276 0.76431328 -0.58326089 -0.95464468 -0.14507788 0.26001149
-0.26705158 0.79847836 -0.53955144 -0.93879020 -0.08912417 0.33276099
0.79418665 -0.11654096 -0.59639406 -0.21735206 0.86203200 -0.45788544
-0.32337642 0.67212224 -0.66609269 -0.93145287 -0.10201094 0.34926981
-0.34584188 0.62594527 -0.69898927 -0.92265475 -0.09142778 0.37463218
-0.34543413 0.62264627 -0.70213038 -0.90224171 -0.01454620 0.43098542
-0.41779011 0.52587914 -0.74087960 -0.90109056 -0.13560353 0.41188291
-0.43204620 0.49055552 -0.75676376 -0.89531052 -0.13242386 0.42530343
-0.43943611 0.51424283 -0.73651218 -0.82322240 0.09754237 0.55927676
-0.38766456 0.72039753 -0.57510310 -0.86694759 -0.07293078 0.49303454
-0.44596821 0.53782576 -0.71544105 -0.88051254 -0.12015095 0.45854279
-0.44271410 0.49217153 -0.74951416 -0.89381617 -0.30878592 0.32518309
-0.47229388 0.30381346 -0.82742727 -0.88077736 -0.12624291 0.45639238
-0.48253369 0.18991666 -0.85503972 -0.87402689 -0.16783121 0.45597118
-0.48070595 0.17214535 -0.85981852 -0.87685007 -0.10272852 0.46966043
-0.47764620 0.09635229 -0.87325275 -0.87228572 -0.17051770 0.45830280
-0.46763107 0.09064150 -0.87926412 -0.86522269 -0.25047207 0.43434262
0.47556639 -0.07835788 0.87618309 0.84660780 0.31130958 -0.43167311
0.47281653 -0.03003748 0.88064879 0.84343010 0.30475089 -0.44243941
0.39174321 0.21443489 0.89473742 0.84661728 0.29674533 -0.44179353
-0.49742883 0.10885498 -0.86064804 -0.82685220 -0.35963589 0.43240902
0.47943509 -0.11013629 0.87063885 0.83559281 0.36047894 -0.41453543
-0.47358906 0.13783127 -0.86989421 -0.85428184 -0.31218287 0.41562527
-0.46159765 0.18300219 -0.86800796 -0.86330551 -0.31773230 0.39210942
-0.45849663 0.22869501 -0.85876632 -0.85534394 -0.37580660 0.35658973
-0.47391886 0.28300875 -0.83385068 -0.84506541 -0.41234970 0.34034130
-0.45909411 0.31041488 -0.83239132 -0.86380631 -0.37486070 0.33662778
-0.46918541 0.35349745 -0.80926180 -0.85165340 -0.42349005 0.30877611
-0.45373663 0.38364851 -0.80432385 -0.82864636 -0.51367760 0.22244218
-0.47909480 0.44285196 -0.75785905 -0.79552776 -0.58394796 0.16168006
-0.47374430 0.44132614 -0.76210082 -0.78848130 -0.59800154 0.14384554
0.45902225 -0.39945206 0.79355949 0.63341647 0.77347070 0.02294997
-0.46598461 0.29154637 -0.83537966 -0.79064482 -0.56101662 0.24523687
-0.47710428 0.30761215 -0.82325351 -0.80034018 -0.53907645 0.26239699
-0.47659269 0.29665327 -0.82756042 -0.81237978 -0.50839782 0.28560615
-0.46623969 0.24734682 -0.84937632 -0.83274788 -0.44676039 0.32701099
-0.47198534 0.27038324 -0.83912021 -0.83153856 -0.45272654 0.32184222
-0.44546971 0.21192348 -0.86985356 -0.80694020 -0.51590371 0.28756028
-0.44493303 0.21248445 -0.86999142 -0.80760533 -0.51504368 0.28723446
0.37503192 0.02681726 0.92662394 0.65853292 0.69581437 -0.28666508
