0.94176036 0.18141739 0.28315234 -0.21051988 0.97465271 0.07572006
0.94214851 0.17431809 0.28630307 -0.20636205 0.97472292 0.08561510
0.94456637 0.17219698 0.27954000 -0.20730728 0.97303784 0.10109942
0.95353675 0.17820160 0.24292369 -0.20823623 0.97253853 0.10395417
-0.21960633 0.96412235 0.14913484 -0.96535158 -0.19266088 -0.17600615
0.89291894 0.12535922 0.43241286 -0.21932636 0.95989752 0.17462173
0.92067790 0.14866954 0.36090103 -0.23029202 0.95343947 0.19472751
0.90849155 0.14147085 0.39322916 -0.23824397 0.94840235 0.20921978
-0.16247584 0.95079738 0.26379171 -0.94461143 -0.07262186 -0.32005510
0.92067164 0.15978649 0.35613489 -0.24538036 0.94647521 0.20969802
0.91979486 0.15798728 0.35919014 -0.23818281 0.95223582 0.19109146
0.91933173 0.16760699 0.35600159 -0.25372681 0.94403464 0.21076396
0.91915494 0.16762285 0.35645032 -0.20188884 0.97751218 0.06091661
0.92437786 0.17356676 0.33970606 -0.22058468 0.96972436 0.10477193
0.92772913 0.17121175 0.33167031 -0.16962832 0.98492306 -0.03395321
0.96240878 0.17395972 0.20858414 -0.18955143 0.98020941 0.05709446
0.96088642 0.16664974 0.22119027 -0.19969556 0.97030997 0.13645633
-0.23055913 0.90287906 0.36283872 -0.90996897 -0.06797861 -0.40906656
0.98157221 0.11220875 0.15467785 -0.13104407 0.98439080 0.11748265
-0.09926037 0.97156757 0.21495089 -0.99447620 -0.10426776 0.01205437
-0.10511031 0.98253059 0.15357570 -0.99101657 -0.11633112 0.06597941
-0.10803679 0.98620510 0.12540972 -0.99269199 -0.11383919 0.04004102
-0.10983454 0.98706990 0.11674503 -0.98996902 -0.11913913 0.07594206
0.95891583 0.17713648 -0.22159232 -0.13351303 0.97098082 0.19842017
0.94825101 0.18448550 -0.25842816 -0.11790986 0.96028650 0.25287786
0.95619631 0.17885776 -0.23172949 -0.15087472 0.97950304 0.13345674
0.95573920 0.17817919 -0.23412560 -0.15416677 0.98105830 0.11729141
0.94499886 0.18858208 -0.26723391 -0.10769569 0.95088995 0.29018968
0.93238235 0.19498451 -0.30437517 -0.13515228 0.96901441 0.20674875
0.93844074 0.19314115 -0.28640106 -0.12766828 0.96430695 0.23197630
0.93749505 0.19361043 -0.28916791 -0.12135032 0.96066719 0.24978527
0.93760335 0.19279681 -0.28936037 -0.12022288 0.96062374 0.25049666
0.94496447 0.19092490 -0.26568753 -0.09070937 0.93312371 0.34792534
0.92511624 0.20747101 -0.31798708 -0.09684334 0.93874085 0.33073723
0.90424281 0.22315675 -0.36406884 -0.07404666 0.92160881 0.38099122
0.90995640 0.22099109 -0.35091639 -0.11942714 0.94998133 0.28856996
0.95745075 0.18652062 -0.22022305 -0.16953760 0.98104769 0.09382184
0.95411146 0.18719265 -0.23373118 -0.15323056 0.97579855 0.15600525
0.94830465 0.18907057 -0.25489327 -0.16873121 0.98061329 0.09963582
0.96151119 0.18757060 -0.20078228 -0.17067057 0.98038602 0.09856394
0.96196282 0.18651535 -0.19959851 -0.16983441 0.98060626 0.09781490
0.89208215 0.21039912 -0.39990211 -0.13706045 0.96928304 0.20421779
0.92218339 0.18540153 -0.33941737 -0.20811358 0.97759938 -0.03143768
0.94218695 0.19122507 -0.27516660 -0.15720464 0.97744948 0.14099358
0.93603629 0.19500011 -0.29293534 -0.12099102 0.96001595 0.25244915
0.92228097 0.18189546 -0.34104535 -0.19374162 0.98105240 -0.00068972
0.98532283 0.16868602 -0.02615355 -0.16911222 0.98548222 -0.01502849
0.98543501 0.16768712 -0.02826505 -0.16781934 0.98581499 -0.00235489
-0.20416154 0.90918481 -0.36290658 -0.97866541 -0.19829705 0.05378018
0.95967185 0.21847388 0.17691539 -0.19335598 0.96978801 -0.14874391
-0.19707838 0.90700400 -0.37216121 -0.96128255 -0.25334966 -0.10839694
-0.16671756 0.84378731 -0.51012570 -0.95949328 -0.25800052 -0.11317445
-0.19415803 0.87922549 -0.43504617 -0.94450265 -0.28734818 -0.15920387
-0.15802407 0.84339225 -0.51353472 -0.93545258 -0.29438385 -0.19561878
0.88909984 0.31783131 0.32937038 -0.15881245 0.88910788 -0.42926195
0.90202445 0.25486308 0.34842035 -0.13005550 0.93005925 -0.34362105
0.89706302 0.25535670 0.36065352 -0.18444045 0.95800942 -0.21954423
0.91252965 0.24330245 0.32877597 -0.16008769 0.95216471 -0.26029655
0.92117161 0.23514047 0.31008369 -0.15485801 0.95249391 -0.26224878
0.92772228 0.22977515 0.29416800 -0.18637356 0.96795613 -0.16830303
0.93217844 0.23142336 0.27836436 -0.17645447 0.96190876 -0.20879519
0.92895335 0.23078792 0.28945234 -0.11741477 0.92519915 -0.36086056
0.91261798 0.24406184 0.32796687 -0.19825885 0.96581137 -0.16703855
-0.12757237 0.89137548 -0.43494257 -0.92883563 -0.26116133 -0.26279110
0.90186918 0.29957077 0.31127062 -0.13002220 0.87533402 -0.46570873
0.78083324 0.36571041 0.50651294 -0.26160285 0.92765445 -0.26649809
0.88883007 0.31018090 0.33729666 -0.11322302 0.86190981 -0.49425918
0.89204550 0.31420732 0.32485169 -0.17672865 0.90406543 -0.38914362
0.83861482 0.36831406 0.40133524 -0.10857421 0.83500278 -0.53942752
0.79729968 0.39919707 0.45271948 -0.12118866 0.84065413 -0.52783895
0.80920815 0.39064661 0.43883646 -0.17317641 0.87233645 -0.45720792
0.81387317 0.38677627 0.43360659 -0.17150506 0.87291765 -0.45672846
0.84684831 0.38212004 0.36990848 -0.32188144 0.92193496 -0.21547239
0.65490514 0.44870615 0.60808074 -0.28390586 0.89179015 -0.35228938
0.69045335 0.45578718 0.56172264 -0.40026692 0.88754058 -0.22816247
0.66406828 0.45071301 0.59654933 -0.36109751 0.89198989 -0.27196079
0.64664167 0.45741698 0.61042964 -0.08407949 0.83812040 -0.53896654
0.85295069 0.35864490 0.37927440 -0.05483642 0.78413510 -0.61816269
0.86228967 0.35917947 0.35699686 -0.24823552 0.91423583 -0.32023752
0.91384107 0.32645273 0.24150209 -0.26528966 0.93022352 -0.25358555
0.92944711 0.31081450 0.19880271 -0.23862870 0.91736317 -0.31859234
0.91647798 0.31786603 0.24295954 -0.29793131 0.94753414 -0.11582739
0.91422933 0.32027286 0.24821356 -0.31028202 0.94731539 -0.07949012
0.92222041 0.31709909 0.22126383 -0.28295466 0.94345027 -0.17273772
0.91650277 0.32210854 0.23721042 -0.31516874 0.94661748 -0.06770573
-0.26926076 0.88283473 0.38483956 -0.94467574 -0.16439460 -0.28383473
0.90893865 0.32769907 0.25776711 -0.32443717 0.94422650 -0.05636353
0.90135431 0.32745621 0.28343046 -0.30301043 0.94442010 -0.12749682
0.90344661 0.32628214 0.27807221 -0.29474512 0.94376570 -0.14977181
0.82696313 0.33564258 0.45108327 -0.33696091 0.93809062 -0.08027100
0.87919229 0.33829466 0.33552599 -0.34425917 0.93786508 -0.04352795
0.89733839 0.33406472 0.28841731 -0.31199142 0.94236964 -0.12083381
0.88747197 0.34651843 0.30383968 -0.27085158 0.92557812 -0.26447052
0.88231593 0.35690242 0.30682141 -0.28036326 0.92216915 -0.26645926
0.80696666 0.41761318 0.41761723 -0.37092185 0.90862495 -0.19187959
0.80321211 0.43425980 0.40776056 -0.38606659 0.90078479 -0.19884522
0.79872513 0.43455559 0.41617271 -0.35255128 0.89849514 -0.26156077
0.80533195 0.44347656 0.39340690 -0.35257617 0.89179206 -0.28354368
0.84725630 0.42333686 0.32084689 -0.31980032 0.88881236 -0.32823834
-0.68919832 0.45608002 -0.56302464 -0.69040138 -0.64916837 0.31925914
-0.67703974 0.47060299 -0.56581807 -0.71587038 -0.59947747 0.35798940
-0.67802012 0.47102514 -0.56429088 -0.71468067 -0.60189503 0.35630599
-0.66661364 0.46539783 -0.58226377 -0.68998164 -0.68083036 0.24575496
-0.66845214 0.41903803 -0.61447459 -0.74181485 -0.31598890 0.59149116
-0.66335553 0.56189454 -0.49420041 -0.74372727 -0.42212582 0.51834315
-0.55292851 0.74266011 -0.37779114 -0.66935194 -0.12587643 0.73220438
-0.58083200 0.68864918 -0.43404678 -0.79931653 -0.38159677 0.46419504
0.64726627 0.16319351 -0.74458998 -0.50989968 0.81878817 -0.26379606
0.85208076 0.31974944 -0.41438970 -0.39657885 0.91108757 -0.11244845
0.80173647 0.25415424 -0.54094768 -0.37853941 0.91633832 -0.13050723
-0.68192917 0.47032765 -0.56014687 -0.70236605 -0.63478547 0.32207051
-0.73266065 0.49231711 -0.46992806 -0.63974196 -0.73378456 0.22867137
-0.27547204 0.92200786 -0.27206025 -0.95988929 -0.27919552 0.02573774
-0.13478060 0.83409643 -0.53489947 -0.93424648 -0.28685114 -0.21189626
-0.13362370 0.84397632 -0.51946968 -0.92817402 -0.29028532 -0.23286800
-0.17769693 0.90494305 -0.38665482 -0.94733858 -0.26367116 -0.18173379
0.91762829 0.32058370 0.23491381 -0.24972287 0.92489570 -0.28671667
0.92258471 0.31405908 0.22406338 -0.25755715 0.93379825 -0.24836512
0.91862231 0.31623372 0.23691636 -0.28611511 0.94587541 -0.15315959
0.93425304 0.30419171 0.18611488 -0.24558552 0.92723250 -0.28271487
-0.16644183 0.90942866 -0.38109916 -0.95249891 -0.24824779 -0.17640549
-0.17007035 0.91810197 -0.35800114 -0.94874424 -0.25075749 -0.19236717
0.94035459 0.25728965 0.22256523 -0.16816793 0.92026335 -0.35332000
-0.13728106 0.89270979 -0.42921221 -0.94137233 -0.25239661 -0.22386210
-0.12957346 0.87064642 -0.47453716 -0.95743245 -0.23434795 -0.16853549
-0.14815682 0.88000661 -0.45126259 -0.96202540 -0.23401774 -0.14050923
-0.05007867 0.58987761 -0.80593836 -0.97727060 -0.19537868 -0.08227563
-0.17040983 0.90715498 -0.38474721 -0.95155299 -0.25291720 -0.17487094
0.79112828 0.47994024 0.37917474 -0.35400504 0.86482292 -0.35603619
0.70111918 0.49756625 0.51074439 -0.35781363 0.86508065 -0.35157493
0.89457762 0.34844938 0.27984619 -0.26051900 0.91536778 -0.30697188
0.90017790 0.33451372 0.27889132 -0.25542524 0.92416316 -0.28404301
0.92020345 0.31880912 0.22712658 -0.28062832 0.94181424 -0.18502370
0.87205732 0.35085544 0.34119871 -0.35846707 0.93256241 -0.04276327
0.82181680 0.40035155 0.40538362 -0.36547023 0.91626388 -0.16398805
0.91131949 0.32211691 0.25639325 -0.30602261 0.94659549 -0.10152400
0.92201841 0.31752568 0.22149371 -0.28948665 0.94533324 -0.15014206
0.93236375 0.30685320 0.19115141 -0.25844732 0.93546081 -0.24107708
-0.15444423 0.88768482 -0.43377724 -0.92369223 -0.28554142 -0.25545794
-0.11523101 0.87004882 -0.47930884 -0.94952112 -0.23820813 -0.20412396
-0.09057283 0.83986288 -0.53518867 -0.94048172 -0.24888548 -0.23140925
-0.11675011 0.90600967 -0.40683657 -0.93659800 -0.23670909 -0.25836611
0.89724326 0.25299883 0.36186489 -0.18337351 0.95905304 -0.21585040
0.90953791 0.18322623 0.37305355 -0.15486316 0.98234957 -0.10491326
0.92085838 0.18082665 0.34542957 -0.17448899 0.98340720 -0.04963839
0.91334003 0.17778875 0.36633480 -0.19612184 0.98049182 0.01311777
0.91372961 0.17533922 0.36654389 -0.20907469 0.97640115 0.05411719
0.90839791 0.17470945 0.37985510 -0.18474036 0.98273444 -0.01020187
0.93647552 0.24279046 0.25311363 -0.18412414 0.95454699 -0.23438933
0.91615224 0.23975492 0.32122076 -0.12269284 0.93065995 -0.34470063
0.89274430 0.31405106 0.32307839 -0.12617283 0.86261767 -0.48986858
-0.18450193 0.86520761 -0.46623477 -0.94502592 -0.28647929 -0.15765661
0.93156707 0.24619344 0.26752874 -0.16081133 0.93896353 -0.30411723
-0.15227911 0.92831576 -0.33917689 -0.95329469 -0.22853279 -0.19748911
-0.20722710 0.94252920 -0.26209864 -0.97822404 -0.19645818 0.06694786
0.93608791 0.19423258 -0.29327998 -0.12288082 0.96176869 0.24474752
0.95174474 0.18628262 -0.24388684 -0.11113900 0.94997346 0.29188782
-0.08369023 0.93483174 0.34508783 -0.94945985 -0.17994055 0.25719142
-0.09171534 0.95821613 0.27094325 -0.97006071 -0.14742143 0.19300044
-0.08124726 0.94867468 0.30563909 -0.96583420 -0.15065487 0.21087310
-0.07895788 0.94906342 0.30503172 -0.96281511 -0.15190630 0.22340915
-0.08012507 0.94133824 0.32781437 -0.95429087 -0.16744277 0.24757200
-0.07711065 0.93709868 0.34044090 -0.95026177 -0.17242141 0.25937125
-0.06946985 0.92602414 0.37101662 -0.94549930 -0.17972259 0.27153438
0.90366638 0.22572468 -0.36391687 -0.06991294 0.91616422 0.39465851
0.90730816 0.22205761 -0.35704672 -0.07083252 0.91775399 0.39078176
0.91028798 0.26529878 -0.31779307 -0.09428823 0.88035291 0.46485314
-0.08837184 0.91605341 0.39119893 -0.96357572 -0.17813949 0.19946964
0.94069791 0.20478688 -0.27046239 -0.12128431 0.94757062 0.29563501
0.93412429 0.20819260 -0.28994435 -0.10484768 0.93649161 0.33464983
0.94358033 0.19811641 -0.26534149 -0.10601940 0.93984932 0.32472017
0.94576460 0.19150588 -0.26240209 -0.10883420 0.94786716 0.29950449
0.94652742 0.19063480 -0.26027745 -0.10980139 0.94894105 0.29572728
0.94254380 0.19332290 -0.27246574 -0.10583875 0.94634575 0.30533251
0.95438313 0.18361059 -0.23545694 -0.11359633 0.95255721 0.28236639
0.95447862 0.18321063 -0.23538142 -0.11401197 0.95329851 0.27968422
0.94880170 0.18813187 -0.25373557 -0.11757184 0.95590502 0.26911420
0.94562984 0.19734371 -0.25853384 -0.10480676 0.93737841 0.33217058
-0.07778231 0.94876152 0.30627033 -0.96276671 -0.15125825 0.22405620
-0.08511751 0.96306300 0.25546962 -0.98653734 -0.11739404 0.11385415
0.93413645 0.19671749 -0.29781082 -0.11548097 0.95610148 0.26932162
-0.07304936 0.94704795 0.31267244 -0.98208553 -0.12290911 0.14283353
-0.07014642 0.96650916 0.24685939 -0.99685889 -0.07703941 0.01836355
-0.07669286 0.96858269 0.23657079 -0.99259359 -0.09658960 0.07367843
-0.07883652 0.97043169 0.22813858 -0.99245340 -0.09796384 0.07375178
-0.07851561 0.96442753 0.25241813 -0.99172539 -0.10135855 0.07878616
-0.08040398 0.96403760 0.25331163 -0.99134254 -0.10380720 0.08039957
-0.07793184 0.96456432 0.25207600 -0.99509794 -0.09069996 0.03941717
-0.07837493 0.97051680 0.22793561 -0.99688083 -0.07416883 -0.02697417
-0.08089411 0.97028679 0.22803466 -0.99672270 -0.07868388 -0.01878253
-0.11533530 0.96415496 0.23896231 -0.98590755 -0.08176474 -0.14594799
-0.11416465 0.96916068 0.21838972 -0.97528630 -0.06747741 -0.21038888
-0.11550089 0.96123230 0.25038376 -0.98778784 -0.08461365 -0.13082716
-0.10849708 0.97505313 0.19364884 -0.98662412 -0.08177868 -0.14101452
-0.10095578 0.97972953 0.17302610 -0.98979270 -0.08132387 -0.11703380
-0.08735517 0.96537048 0.24582331 -0.99556971 -0.09321906 0.01229643
-0.08180432 0.97664303 0.19868696 -0.99632144 -0.07502988 -0.04140177
-0.08503083 0.97381711 0.21083154 -0.98763365 -0.05440351 -0.14703795
-0.08529016 0.97098500 0.22341388 -0.99234027 -0.06267114 -0.10645767
-0.11120977 0.97570223 0.18877950 -0.97685790 -0.07240103 -0.20126285
-0.11402015 0.96523291 0.23521245 -0.96998709 -0.05697798 -0.23638649
-0.11755463 0.96367669 0.23980868 -0.96938413 -0.05893248 -0.23837233
-0.11597797 0.96189946 0.24758559 -0.97026378 -0.05639954 -0.23538749
-0.13003844 0.95644057 0.26136467 -0.95936328 -0.05479452 -0.27680251
-0.14072926 0.90075845 0.41088873 -0.99004775 -0.12765637 -0.05924013
-0.08010706 0.96798456 0.23788391 -0.99601203 -0.06832750 -0.05737091
-0.07699579 0.95721936 0.27893162 -0.99519759 -0.09074551 0.03670194
-0.06324405 0.91876858 0.38969800 -0.98062897 -0.12974368 0.14674304
-0.06728995 0.98051369 0.18456717 -0.99741364 -0.07079116 0.01243868
-0.08160464 0.96013486 0.26736069 -0.98035192 -0.12566282 0.15204929
-0.08270797 0.96083409 0.26449430 -0.99421227 -0.09781343 0.04443647
-0.10774150 0.98907226 -0.10063712 -0.99280614 -0.11235796 -0.04137381
-0.12099985 0.96662819 0.22580737 -0.98670179 -0.09225044 -0.13382602
0.94928914 0.18082160 0.25720367 -0.16061270 0.98216987 -0.09770324
0.90599298 0.17469843 0.38556096 -0.19397801 0.98094028 0.01134451
-0.19240384 0.96433377 0.18177249 -0.96753901 -0.15549010 -0.19922635
0.93623859 0.16877289 0.30817693 -0.22739904 0.95967454 0.16527101
-0.13396040 0.96388018 0.23019481 -0.95823842 -0.06676809 -0.27806696
-0.13569656 0.95596761 0.26021612 -0.95842171 -0.06011365 -0.27895206
0.91994035 0.15425791 0.36043638 -0.23440616 0.95333701 0.19026905
0.91707027 0.16741389 0.36187658 -0.20964089 0.97446227 0.08046088
0.95178032 0.18780765 0.24257481 -0.21741477 0.97079301 0.10144816
0.93275493 0.18057126 0.31202936 -0.16634235 0.98344553 -0.07186934
