0.11134569 0.16512136 -0.97996795 -0.77238482 0.63486433 0.01921283
0.11381699 0.18602479 -0.97593063 -0.82908100 0.55904150 0.00986962
0.09410010 0.15115741 -0.98402065 -0.86348993 0.50434035 -0.00510122
0.08866477 0.13273080 -0.98717839 -0.80790341 0.58927721 0.00666818
0.08161340 0.12312127 -0.98903006 -0.80188316 0.59742463 0.00820123
0.07837609 0.10253908 -0.99163651 -0.78126621 0.62419170 0.00279483
0.05389307 0.07203662 -0.99594492 -0.78850657 0.61502367 0.00181655
0.07294921 0.08327582 -0.99385291 -0.75093269 0.66037869 0.00021496
0.07678914 0.08245609 -0.99363196 -0.75051856 0.66084170 -0.00316140
0.08658651 0.08934087 -0.99223030 -0.70026696 0.71387410 0.00316909
0.08661661 0.08327240 -0.99275541 -0.70772570 0.70648295 -0.00248830
0.07422866 0.06995174 -0.99478483 -0.69021153 0.72360748 -0.00061910
0.03115126 0.02867839 -0.99910319 -0.69749403 0.71658969 -0.00117824
0.07272612 0.06817548 -0.99501914 -0.62181342 0.78312236 0.00820854
0.03636888 0.03858205 -0.99859339 -0.72716564 0.68646204 0.00003897
0.04087956 0.04479134 -0.99815959 -0.72357124 0.69024843 0.00134035
0.00687191 0.01164290 -0.99990863 -0.70564783 0.70855457 0.00340079
-0.00175187 0.00776214 -0.99996835 -0.71008474 0.70408428 0.00670939
-0.02505390 -0.01431353 -0.99958366 -0.70772547 0.70644641 0.00762272
-0.03514348 -0.02198246 -0.99914050 -0.72960126 0.68379033 0.01061846
-0.02647117 -0.01686513 -0.99950731 -0.70053500 0.71358842 0.00651243
0.00161134 0.00766564 -0.99996930 -0.65260077 0.75768709 0.00475674
0.00211049 0.01030892 -0.99994469 -0.62377834 0.78157222 0.00674106
-0.04324919 -0.02728169 -0.99869174 -0.66218835 0.74929255 0.00820789
0.00192837 0.00697032 -0.99997389 -0.62793660 0.77825308 0.00421389
-0.03788449 -0.02364599 -0.99900240 -0.69229406 0.72155726 0.00917443
-0.06777883 -0.04961595 -0.99646592 -0.68971324 0.72400111 0.01086435
-0.06799032 -0.04506161 -0.99666786 -0.68354011 0.72978562 0.01363422
-0.06134645 -0.04206100 -0.99722993 -0.73926377 0.67319924 0.01708309
-0.00292725 0.00505694 -0.99998295 -0.74944830 0.66203970 0.00554181
0.02793638 0.03668733 -0.99893624 -0.74107879 0.67140651 0.00393324
0.02746308 0.04100632 -0.99878138 -0.78602767 0.61817992 0.00376713
0.01767900 0.02158317 -0.99961078 -0.67161280 0.74089092 0.00411893
0.03557763 0.02598582 -0.99902904 -0.69388199 0.72006398 -0.00598102
0.02627169 0.02125197 -0.99942893 -0.66796273 0.74419278 -0.00173394
0.02818008 0.01966255 -0.99940950 -0.66423303 0.74751478 -0.00402246
0.04276159 0.03242497 -0.99855900 -0.63306576 0.77409554 -0.00197372
0.06483173 0.04775499 -0.99675292 -0.62482911 0.78075492 -0.00323431
0.03048071 0.02078884 -0.99931914 -0.59622002 0.80281967 -0.00148453
0.05802317 0.03906189 -0.99755073 -0.55957228 0.82878155 -0.00009461
0.04431952 0.03046631 -0.99855274 -0.55616748 0.83106995 0.00067153
0.04447047 0.03130169 -0.99852020 -0.58947361 0.80778712 -0.00093044
0.01609798 0.01122574 -0.99980742 -0.59510630 0.80364686 -0.00055858
0.02516318 0.01879110 -0.99950677 -0.59547824 0.80337149 0.00011216
0.00428109 0.00358505 -0.99998444 -0.56520653 0.82494926 0.00053779
0.02906937 0.02001281 -0.99937707 -0.51335371 0.85817420 0.00225301
-0.01135057 -0.00471775 -0.99992448 -0.53063589 0.84759748 0.00202442
-0.03236702 -0.01979402 -0.99928004 -0.51774788 0.85553324 -0.00017662
-0.04083328 -0.02255929 -0.99891126 -0.52994478 0.84802842 0.00251120
-0.04088996 -0.02305844 -0.99889761 -0.53383648 0.84558451 0.00233326
-0.00914233 -0.00290813 -0.99995399 -0.55675960 0.83066934 0.00267451
-0.02238417 -0.01314610 -0.99966305 -0.59837770 0.80120909 0.00286237
-0.01008356 -0.00668925 -0.99992681 -0.62140179 0.78349143 0.00102505
-0.04504312 -0.02419727 -0.99869198 -0.60062480 0.79949385 0.00771855
-0.05511102 -0.03085335 -0.99800348 -0.62306941 0.78209972 0.01022801
-0.09096295 -0.05687604 -0.99422884 -0.62580872 0.77987421 0.01264221
-0.09164382 -0.05623334 -0.99420279 -0.62248659 0.78252059 0.01311935
-0.06546260 -0.03686309 -0.99717391 -0.66593814 0.74583226 0.01614599
-0.11853302 -0.08240580 -0.98952478 -0.68015647 0.73278171 0.02044976
-0.17810237 -0.13027079 -0.97535074 -0.74055010 0.67044675 0.04568006
-0.17612238 -0.11615402 -0.97749126 -0.61019939 0.79208988 0.01582146
-0.15715234 -0.10021686 -0.98247635 -0.59611899 0.80278325 0.01346504
-0.18367028 -0.10447315 -0.97742039 -0.55379421 0.83251709 0.01508036
-0.20474745 -0.11278348 -0.97229546 -0.55578917 0.83106709 0.02063754
-0.19732796 -0.10698455 -0.97448248 -0.49689633 0.86779344 0.00534751
-0.20444398 -0.10894183 -0.97279721 -0.48844630 0.87258005 0.00493365
-0.20281462 -0.10326007 -0.97375751 -0.47744492 0.87863934 0.00626896
-0.22915377 -0.11517755 -0.96655196 -0.44623694 0.89491451 -0.00084546
-0.27460772 -0.14042667 -0.95124704 -0.46786857 0.88378614 0.00459733
-0.34969196 -0.16087376 -0.92294919 -0.42829585 0.90362597 0.00476941
-0.23618008 -0.09444692 -0.96710849 -0.35415059 0.93517590 -0.00484038
-0.32432264 -0.11817510 -0.93853581 -0.35347807 0.93543267 0.00436435
-0.22703168 -0.10218962 -0.96851122 -0.39121285 0.92028445 -0.00539571
-0.26787391 -0.09972996 -0.95827848 -0.31155735 0.95015419 -0.01179276
-0.26657236 -0.09719358 -0.95890182 -0.30821022 0.95125771 -0.01073709
-0.21322221 -0.07909120 -0.97379720 -0.28954503 0.95705706 -0.01433293
-0.24014480 -0.08573521 -0.96694362 -0.28926128 0.95716155 -0.01302853
-0.22307861 -0.08009762 -0.97150421 -0.25239605 0.96737838 -0.02180181
-0.22387566 -0.07976966 -0.97134781 -0.26015016 0.96537489 -0.01931990
-0.22945642 -0.06848585 -0.97090656 -0.20959011 0.97759634 -0.01942485
-0.21836957 -0.06494042 -0.97370297 -0.22690092 0.97381634 -0.01406155
-0.25106376 -0.06892900 -0.96551317 -0.20245424 0.97913963 -0.01725735
-0.27908558 -0.07298669 -0.95748854 -0.20628633 0.97838491 -0.01445191
-0.30015725 -0.07939032 -0.95058024 -0.23496374 0.97197908 -0.00698484
-0.41219172 -0.10594751 -0.90491611 -0.24429360 0.96969873 -0.00225585
-0.28808457 -0.07158404 -0.95492572 -0.17283630 0.98471206 -0.02167519
-0.30929080 -0.05964127 -0.94909543 -0.16328494 0.98653984 -0.00878307
-0.32020047 -0.03959863 -0.94652194 -0.15892237 0.98721254 0.01246115
-0.38948470 -0.04497447 -0.91993415 -0.12906887 0.99161649 0.00616666
-0.31135964 -0.05706144 -0.94857746 -0.09584066 0.99499160 -0.02839488
-0.30610180 -0.05997084 -0.95010799 -0.08929487 0.99542260 -0.03406246
-0.29076955 -0.07039548 -0.95419997 -0.08943225 0.99492329 -0.04614747
-0.25793567 -0.06732415 -0.96381366 -0.04114098 0.99742979 -0.05866215
-0.25275353 -0.06818423 -0.96512520 -0.09098073 0.99476868 -0.04645184
-0.22623169 -0.06563903 -0.97185946 0.00465757 0.99764270 -0.06846461
-0.27053189 -0.06727540 -0.96035749 -0.02004174 0.99773270 -0.06424789
-0.27044818 -0.06829529 -0.96030915 0.00560574 0.99735206 -0.07250842
-0.26590008 -0.06791691 -0.96160519 -0.00096628 0.99753338 -0.07018727
-0.22315963 -0.07723366 -0.97171742 0.03023561 0.99582815 -0.08609378
-0.24972370 -0.07517923 -0.96539426 -0.02217045 0.99716413 -0.07191835
-0.22498792 -0.07105900 -0.97176701 -0.08477256 0.99498284 -0.05312969
-0.18076031 -0.06464575 -0.98140037 -0.07288250 0.99597454 -0.05218182
-0.16491191 -0.05975440 -0.98449665 -0.12834212 0.99097663 -0.03864926
-0.10738171 -0.04968224 -0.99297577 -0.04813375 0.99783933 -0.04472032
-0.13994536 -0.05640312 -0.98855150 -0.16453713 0.98582029 -0.03295441
-0.14564537 -0.05209155 -0.98796457 -0.10968539 0.99330688 -0.03620344
-0.12719961 -0.05164384 -0.99053180 -0.17645417 0.98389220 -0.02863823
-0.10550277 -0.04152086 -0.99355179 -0.20773837 0.97800350 -0.01881188
-0.09995527 -0.03770051 -0.99427748 -0.21058257 0.97744691 -0.01589236
-0.06101049 -0.02876640 -0.99772251 -0.14979050 0.98852855 -0.01934166
-0.09140018 -0.03186614 -0.99530429 -0.12055936 0.99249017 -0.02070491
-0.04181378 -0.02360444 -0.99884659 -0.14342630 0.98950839 -0.01737964
-0.02734582 -0.02176290 -0.99938911 -0.08872624 0.99586987 -0.01925849
-0.00032870 -0.01592887 -0.99987310 -0.17943601 0.98364580 -0.01561137
0.02250726 -0.01645072 -0.99961132 -0.10722221 0.99405783 -0.01877355
-0.01572447 -0.05319078 -0.99846059 -0.03794862 0.99789631 -0.05256308
-0.06176585 -0.05535667 -0.99655443 -0.05802538 0.99697119 -0.05178343
-0.06458471 -0.05080322 -0.99661821 -0.06800134 0.99660587 -0.04639584
-0.08622624 -0.04923081 -0.99505848 -0.07842559 0.99601442 -0.04248218
-0.11444487 -0.05163881 -0.99208659 -0.05920704 0.99722749 -0.04507640
-0.13130060 -0.06030418 -0.98950672 -0.02454779 0.99803984 -0.05756690
-0.13797639 -0.06326585 -0.98841292 -0.02440819 0.99787194 -0.06046405
-0.14108366 -0.06188465 -0.98806161 -0.02986739 0.99785614 -0.05823340
-0.17344263 -0.06455202 -0.98272616 -0.04567462 0.99730313 -0.05744836
-0.18271273 -0.06698986 -0.98088145 -0.09639996 0.99408931 -0.04993509
-0.17657268 -0.06727176 -0.98198611 -0.01400140 0.99773246 -0.06583285
-0.17650467 -0.06750931 -0.98198199 -0.01404612 0.99771637 -0.06606632
-0.16354577 -0.07049153 -0.98401409 0.02223228 0.99692726 -0.07511166
-0.16353086 -0.07069112 -0.98400229 0.02244338 0.99690473 -0.07534790
-0.17926201 -0.08532526 -0.98009425 0.06152159 0.99330974 -0.09772824
-0.15035266 -0.07479451 -0.98579913 0.08356891 0.99260378 -0.08805659
-0.13107450 -0.98178256 0.13755892 -0.13681275 -0.11951464 -0.98336083
-0.18268867 -0.12820259 -0.97477639 0.13341290 0.97905874 -0.15376952
-0.14718787 -0.97322416 0.17655171 -0.19048132 -0.14726457 -0.97058231
-0.19683456 -0.16437204 -0.96655989 0.12596637 0.97343588 -0.19119373
-0.22793943 -0.94881624 0.21861248 -0.14936343 -0.18779194 -0.97078568
-0.17376089 -0.96041757 0.21772760 -0.17885500 -0.18663685 -0.96601123
-0.17086345 -0.96162510 0.21466923 -0.17614768 -0.18455052 -0.96690911
-0.12573850 -0.97047865 0.20581813 -0.17263502 -0.18289490 -0.96785671
-0.10838630 -0.97479117 0.19502464 -0.12846559 -0.18080115 -0.97509366
-0.19549760 -0.95718145 0.21350491 -0.12237533 -0.19219448 -0.97369689
-0.14867356 -0.96517158 0.21526758 -0.14662932 -0.19376431 -0.97002852
-0.22586404 -0.94701934 0.22834145 -0.14901881 -0.19805157 -0.96879774
-0.24124463 -0.94232911 0.23198491 -0.15782019 -0.19776852 -0.96746081
-0.23496705 -0.94314319 0.23509897 -0.16042092 -0.20092575 -0.96638197
-0.22743368 -0.94492549 0.23535028 -0.14978731 -0.20486133 -0.96726197
-0.27055576 -0.93240833 0.23961279 -0.15379348 -0.20383748 -0.96684945
-0.26393235 -0.93513161 0.23636545 -0.15657175 -0.20026742 -0.96714956
-0.24234973 -0.94101131 0.23614475 -0.15846711 -0.20173799 -0.96653503
-0.25209484 -0.93837380 0.23643774 -0.15815470 -0.20109184 -0.96672082
-0.24495898 -0.93980098 0.23826304 -0.15722544 -0.20399149 -0.96626484
-0.22119977 -0.94644237 0.23519695 -0.14024504 -0.20779309 -0.96806681
-0.20709726 -0.95089692 0.23001248 -0.15415069 -0.20045573 -0.96749938
-0.18267737 -0.95714229 0.22473897 -0.14937596 -0.19891189 -0.96856648
-0.20893589 -0.95091909 0.22825153 -0.13099523 -0.20408511 -0.97014922
-0.18728098 -0.95534939 0.22854644 -0.17041090 -0.19753733 -0.96537000
-0.17824727 -0.95797664 0.22474150 -0.16923295 -0.19514990 -0.96606249
-0.17962906 -0.95887053 0.21977416 -0.17475849 -0.18875030 -0.96635026
-0.18615429 -0.95682490 0.22323252 -0.17459388 -0.19137341 -0.96586400
-0.18672736 -0.95477819 0.23136875 -0.21052891 -0.19114992 -0.95871753
-0.19779427 -0.94823724 0.24844232 -0.22030936 -0.20396277 -0.95386738
-0.20466547 -0.94684184 0.24819863 -0.20405459 -0.20672342 -0.95688409
-0.19885540 -0.95056868 0.23848656 -0.17971209 -0.20385130 -0.96236598
-0.23731625 -0.93906820 0.24866013 -0.14040761 -0.22012666 -0.96531343
-0.23645410 -0.93817776 0.25280815 -0.14235806 -0.22392827 -0.96415269
-0.25278628 -0.93166339 0.26096442 -0.17282039 -0.22190715 -0.95963031
-0.24925151 -0.92865878 0.27471176 -0.33707798 -0.18273564 -0.92357254
-0.23910254 -0.93108124 0.27553186 -0.26039124 -0.21188441 -0.94196677
-0.23066796 -0.93968493 0.25255609 -0.19420391 -0.20987312 -0.95824748
-0.20131463 -0.94315410 0.26444831 -0.23887897 -0.21455246 -0.94705021
-0.19092640 -0.94592017 0.26226354 -0.30935478 -0.19557987 -0.93061709
-0.22711004 -0.16299595 -0.96013194 0.15180559 0.96791774 -0.20022587
-0.27463898 -0.15633391 -0.94875348 0.16777550 0.96376723 -0.20737442
-0.16674286 -0.95931238 0.22785237 -0.23248878 -0.18631971 -0.95458579
-0.16856670 -0.95932335 0.22645965 -0.22771706 -0.18563116 -0.95586926
-0.15359016 -0.96413350 0.21646401 -0.21360856 -0.18148784 -0.95991331
-0.25168487 -0.14624210 -0.95669633 0.15806682 0.96903270 -0.18971165
-0.25699806 -0.11699797 -0.95930362 0.15114444 0.97556335 -0.15947275
-0.21648489 -0.12036914 -0.96883720 0.11788861 0.98188585 -0.14833231
-0.23229538 -0.12164597 -0.96500838 0.12210248 0.98065227 -0.15301032
-0.24367806 -0.11672666 -0.96280628 0.10189235 0.98415601 -0.14510308
-0.24367353 -0.11639077 -0.96284807 0.10202000 0.98418903 -0.14478931
-0.22700594 -0.12044456 -0.96641684 0.11207266 0.98249984 -0.14877422
-0.22567914 -0.12380384 -0.96630305 0.02428686 0.99086887 -0.13262340
-0.23804951 -0.10935961 -0.96507663 0.11844199 0.98295623 -0.14060102
-0.24859568 -0.10549541 -0.96284521 0.06389617 0.99009979 -0.12497886
-0.25813475 -0.09614035 -0.96131343 0.05539342 0.99192649 -0.11407637
-0.23726183 -0.08934899 -0.96732807 0.03446642 0.99436015 -0.10029964
-0.32594344 -0.09114780 -0.94098508 0.03856567 0.99323094 -0.10956714
-0.33624747 -0.06335974 -0.93963993 0.04029837 0.99585253 -0.08157080
-0.30777970 -0.09529951 -0.94667292 0.09861629 0.98641717 -0.13136233
-0.22289757 -0.11391681 -0.96816301 0.07675393 0.98801488 -0.13392347
-0.20304969 -0.11357284 -0.97255957 0.07584582 0.98844200 -0.13126254
-0.19544496 -0.11427929 -0.97403365 0.07915118 0.98810953 -0.13181286
-0.18906970 -0.09606668 -0.97725326 0.05931182 0.99226874 -0.10901783
-0.21034819 -0.09477262 -0.97302198 0.04227517 0.99347728 -0.10590404
-0.21594189 -0.12746593 -0.96805036 0.12820581 0.97915703 -0.15752713
-0.20553549 -0.13153018 -0.96977061 0.12747373 0.97888696 -0.15978371
-0.14467771 -0.96803999 0.20485832 -0.19576825 -0.17493969 -0.96492016
-0.22318079 -0.11319289 -0.96818268 0.09800559 0.98559648 -0.13782057
-0.35291326 -0.08792812 -0.93151540 0.12425147 0.98235303 -0.13980062
-0.15654531 -0.96395570 0.21513475 -0.22467516 -0.17735381 -0.95815796
-0.15843393 -0.96378505 0.21451581 -0.20304760 -0.18081342 -0.96232957
-0.20445840 -0.95224845 0.22675920 -0.17553855 -0.19223008 -0.96552259
-0.14507075 -0.96762818 0.20651944 -0.19852400 -0.17601593 -0.96416110
-0.21853800 -0.12827057 -0.96736127 0.13880810 0.97715640 -0.16092773
-0.19280128 -0.11504114 -0.97447079 0.08214918 0.98772466 -0.13285920
-0.17913638 -0.09453116 -0.97927225 0.05930258 0.99252564 -0.10665865
-0.13125642 -0.07100508 -0.98880231 0.03936610 0.99627161 -0.07676701
-0.15692210 -0.06212156 -0.98565537 0.04840454 0.99633664 -0.07050104
-0.12948324 -0.06286784 -0.98958665 0.07135826 0.99480975 -0.07253659
-0.15832680 -0.97632688 0.14737189 -0.16896094 -0.12026372 -0.97825807
-0.10874522 -0.98423517 0.13948393 -0.11109950 -0.12740359 -0.98560911
-0.15003212 -0.97791201 0.14552848 -0.07700905 -0.13518855 -0.98782271
-0.03410733 -0.99229687 0.11909497 -0.03081947 -0.11806335 -0.99252772
-0.05018592 -0.99643910 0.06775403 -0.01830054 -0.06691067 -0.99759114
-0.05855353 -0.06571475 -0.99611902 0.04573630 0.99660671 -0.06843536
-0.05707014 -0.06416745 -0.99630594 0.03700642 0.99711066 -0.06633906
-0.05633961 -0.05876322 -0.99668086 -0.02220058 0.99809337 -0.05759157
-0.00756244 -0.05506233 -0.99845433 -0.04799993 0.99735183 -0.05463796
-0.00778542 -0.03548905 -0.99933976 -0.06905205 0.99700356 -0.03486813
0.03722308 -0.02531831 -0.99898624 -0.11743759 0.99264103 -0.02953332
0.10792489 -0.00998320 -0.99410897 -0.10957790 0.99373746 -0.02187574
0.07110020 -0.02159555 -0.99723542 -0.16336185 0.98601419 -0.03299981
0.08794499 -0.01841445 -0.99595511 -0.11589713 0.99284965 -0.02859100
0.17550910 -0.02751191 -0.98409337 -0.07944481 0.99595356 -0.04201215
0.18878467 -0.02913788 -0.98158616 -0.08218172 0.99558461 -0.04535910
0.21148556 -0.02074890 -0.97716087 -0.14939435 0.98734021 -0.05329825
0.20544176 -0.01604333 -0.97853786 -0.20411472 0.97717500 -0.05887440
0.25363258 0.00607474 -0.96728158 -0.15144932 0.98789692 -0.03350757
0.25595769 0.02165639 -0.96644539 -0.26479706 0.96308130 -0.04854902
0.23928070 0.02457393 -0.97063941 -0.23025422 0.97259969 -0.03213839
0.22643027 0.01815547 -0.97385818 -0.22582775 0.97356123 -0.03435693
0.21376488 0.02931660 -0.97644514 -0.25751907 0.96588534 -0.02737692
0.20540793 0.04099634 -0.97781742 -0.27659023 0.96082276 -0.01781888
0.12092114 0.02166840 -0.99242562 -0.28417823 0.95867372 -0.01369396
0.16237728 0.03361453 -0.98615605 -0.34933084 0.93664986 -0.02559264
0.09273347 0.01338882 -0.99560094 -0.27107957 0.96247828 -0.01230583
0.06317237 0.00571436 -0.99798626 -0.27068317 0.96259838 -0.01162247
0.06317489 0.00490003 -0.99799043 -0.23671119 0.97152638 -0.01021422
0.04415359 -0.00026383 -0.99902475 -0.21767139 0.97597218 -0.00987809
0.08058886 0.00854619 -0.99671078 -0.19422430 0.98093003 -0.00729309
0.07416898 0.00629854 -0.99722588 -0.20459180 0.97880578 -0.00903438
0.06654276 0.00302853 -0.99777901 -0.20809488 0.97804779 -0.01090939
0.07590057 0.00349876 -0.99710929 -0.18137287 0.98335987 -0.01035570
0.06569365 0.00078149 -0.99783957 -0.17141774 0.98514235 -0.01051390
0.04495012 -0.00228911 -0.99898660 -0.17723078 0.98411614 -0.01022966
0.03037311 -0.00778811 -0.99950832 -0.15655611 0.98759055 -0.01245268
0.04439780 -0.00145546 -0.99901289 -0.17453793 0.98460764 -0.00919123
0.03360277 -0.00241199 -0.99943238 -0.21248104 0.97711897 -0.00950214
-0.00059153 -0.01152358 -0.99993348 -0.22247753 0.97487462 -0.01110318
-0.01203929 -0.01498895 -0.99981523 -0.21439339 0.97667295 -0.01206039
-0.01920926 -0.01635379 -0.99968177 -0.21591689 0.97634017 -0.01182302
-0.03882678 -0.02105615 -0.99902409 -0.20360100 0.97897130 -0.01272061
-0.01395102 -0.01392871 -0.99980575 -0.26525569 0.96412903 -0.00973038
-0.03341387 -0.01967229 -0.99924803 -0.27005753 0.96279299 -0.00992414
-0.04846442 -0.02449064 -0.99852461 -0.30536038 0.95219862 -0.00853343
-0.06458265 -0.02692529 -0.99754912 -0.27918416 0.96020561 -0.00784258
-0.03148127 -0.01684897 -0.99936235 -0.31421503 0.94933224 -0.00610728
-0.04115757 -0.02022903 -0.99894786 -0.31045100 0.95056748 -0.00645844
-0.00244462 -0.00970772 -0.99994993 -0.25655675 0.96648955 -0.00875566
-0.05918210 -0.02379087 -0.99796367 -0.23127072 0.97284335 -0.00947700
0.03096590 -0.00228648 -0.99951786 -0.24172603 0.97029603 -0.00970851
0.04379488 0.00341438 -0.99903476 -0.26985347 0.96286356 -0.00853886
0.05494606 0.00598783 -0.99847138 -0.26531583 0.96412128 -0.00881854
0.09498660 0.01806185 -0.99531472 -0.28127539 0.95958078 -0.00942977
0.09541427 0.01965921 -0.99524349 -0.29609010 0.95511264 -0.00951975
0.12570277 0.03311681 -0.99151504 -0.33020684 0.94385201 -0.01033827
0.09659239 0.02224402 -0.99507546 -0.31966612 0.94747907 -0.00985008
0.10116185 0.03383209 -0.99429458 -0.35589057 0.93451720 -0.00441105
0.08789735 0.03347016 -0.99556708 -0.37050468 0.92882943 -0.00148489
0.09319013 0.03803735 -0.99492151 -0.39328620 0.91941458 -0.00168686
0.09522408 0.03907986 -0.99468851 -0.39452261 0.91888475 -0.00166702
0.08796789 0.04102540 -0.99527818 -0.44137195 0.89732200 -0.00202312
0.10342624 0.05031613 -0.99336362 -0.43562883 0.90012640 0.00023700
0.07921825 0.04164850 -0.99598688 -0.45988125 0.88798028 0.00055428
0.10278618 0.05898764 -0.99295294 -0.50482732 0.86321974 -0.00097686
0.08864733 0.05406949 -0.99459451 -0.51995212 0.85419548 0.00009407
0.08793993 0.05497602 -0.99460757 -0.52950048 0.84830964 0.00007284
0.12927453 0.08527584 -0.98793530 -0.54992038 0.83521706 0.00013477
0.12214068 0.07949386 -0.98932421 -0.55307728 0.83312899 -0.00133889
0.08937304 0.04554874 -0.99495620 -0.61673069 0.78693581 -0.01937287
0.10797803 0.06030250 -0.99232268 -0.50164253 0.86507267 -0.00201581
0.16449142 0.09386639 -0.98190212 -0.51410931 0.85771477 -0.00413074
0.12799153 0.06817219 -0.98942953 -0.52580971 0.85055017 -0.00941483
0.18575682 0.09633606 -0.97786188 -0.47276324 0.88118440 -0.00299547
0.19683558 0.09685276 -0.97564095 -0.47213018 0.88149482 -0.00774548
0.22376573 0.11196540 -0.96819043 -0.48391080 0.87505257 -0.01064567
0.17441130 0.08471005 -0.98102242 -0.43977264 0.89810890 -0.00063451
0.12137539 0.05225874 -0.99123007 -0.43114430 0.90226787 -0.00522474
0.20156129 0.08973026 -0.97535717 -0.41156635 0.91137898 -0.00120732
0.19849187 0.07669473 -0.97709721 -0.39931178 0.91676950 -0.00915851
0.15250655 0.05282412 -0.98688978 -0.38861468 0.92133784 -0.01073821
0.07730640 0.02362573 -0.99672747 -0.32232529 0.94662559 -0.00256147
0.14121003 0.05189034 -0.98861885 -0.39498800 0.91864967 -0.00820056
0.18085392 0.06633628 -0.98127031 -0.38394850 0.92331684 -0.00834550
0.17804861 0.06343583 -0.98197484 -0.38317090 0.92362541 -0.00980890
0.18253107 0.06876204 -0.98079270 -0.39168110 0.92006278 -0.00838973
0.26942953 0.10932323 -0.95679474 -0.42750606 0.90385056 -0.01711015
0.14003626 0.03919489 -0.98937029 -0.40378961 0.91461271 -0.02091940
0.13944668 0.03359195 -0.98965967 -0.32053143 0.94714844 -0.01301506
0.14261413 0.03284507 -0.98923326 -0.32226491 0.94653022 -0.01503253
0.04443378 -0.00269586 -0.99900872 -0.28674728 0.95788348 -0.01533879
0.23914729 0.06321093 -0.96892363 -0.31417283 0.94923735 -0.01561674
0.25679946 0.05900693 -0.96466172 -0.29163149 0.95633930 -0.01913641
0.26762807 0.05759441 -0.96179944 -0.28602043 0.95796579 -0.02222253
0.03029636 -0.01370076 -0.99944711 -0.28873995 0.95715767 -0.02187364
0.22527117 0.06007213 -0.97244245 -0.31581250 0.94871002 -0.01455347
0.20104335 0.05793472 -0.97786766 -0.33526915 0.94203109 -0.01311765
0.15592615 0.04113332 -0.98691189 -0.35502389 0.93470019 -0.01713444
0.15443039 0.04398412 -0.98702419 -0.33462697 0.94229376 -0.01036511
0.18350217 0.05566280 -0.98144209 -0.35354415 0.93532676 -0.01305549
0.03965599 -0.01010190 -0.99916232 -0.29974887 0.95377493 -0.02153983
0.17919476 0.05781076 -0.98211366 -0.36454567 0.93111193 -0.01170576
0.11600485 0.03932870 -0.99246973 -0.37171373 0.92832351 -0.00666100
0.19339934 0.11320115 -0.97456777 -0.53749526 0.84322172 -0.00871931
0.20166646 0.12273800 -0.97173357 -0.55518508 0.83166462 -0.01017291
0.19635428 0.13436289 -0.97128350 -0.59379160 0.80457151 -0.00873995
0.18121453 0.13042043 -0.97475731 -0.60124099 0.79905295 -0.00486355
0.16328102 0.12439223 -0.97870624 -0.62394232 0.78145587 -0.00477253
0.27704629 0.23955466 -0.93051541 -0.63983077 0.76848084 0.00734050
0.13712548 0.07049020 -0.98804241 -0.74983138 0.65916586 -0.05703829
0.19631201 0.13712046 -0.97090656 -0.66155183 0.74937922 -0.02792788
0.22193517 0.16078915 -0.96171290 -0.57866871 0.81555790 0.00281367
0.23280530 0.14881928 -0.96106952 -0.66915524 0.74161863 -0.04725540
0.28087175 0.18597253 -0.94155473 -0.62415290 0.78064674 -0.03199823
0.24004622 0.14887629 -0.95927769 -0.60571325 0.79518455 -0.02816186
0.25280234 0.16478838 -0.95338130 -0.67986822 0.73135346 -0.05386486
0.23314530 0.17099847 -0.95728928 -0.61331385 0.78979582 -0.00829151
0.25044149 0.18341480 -0.95059884 -0.63359880 0.77345949 -0.01768936
0.21459725 0.15225264 -0.96476275 -0.64855480 0.76078326 -0.02419952
0.36375114 0.28877488 -0.88560385 -0.67426300 0.73759210 -0.03643372
0.23499538 0.21779253 -0.94728225 -0.67807239 0.73499477 0.00077324
0.15932038 0.13451679 -0.97801954 -0.68834913 0.72527391 -0.01237864
0.15116751 0.12238417 -0.98090291 -0.64009553 0.76829028 -0.00278834
0.15509570 0.12733360 -0.97965890 -0.65083146 0.75920981 -0.00435686
0.11680970 0.09184061 -0.98889875 -0.61790043 0.78625637 0.00003388
0.15564667 0.12101940 -0.98037159 -0.63128161 0.77554077 -0.00448953
0.04748847 0.02911102 -0.99844754 -0.64246893 0.76626772 -0.00821579
0.12041767 0.09258667 -0.98839635 -0.62607926 0.77975273 -0.00323382
0.14296968 0.11253063 -0.98330897 -0.59255362 0.80550849 0.00602778
0.07085694 0.05477794 -0.99598128 -0.63869041 0.76945746 -0.00311889
0.06845699 0.05209786 -0.99629289 -0.68405312 0.72937840 -0.00886202
0.10282157 0.08562458 -0.99100769 -0.68185174 0.73145145 -0.00754671
0.10485046 0.09546503 -0.98989540 -0.69964641 0.71447039 -0.00520390
0.10695858 0.10103345 -0.98911685 -0.70092732 0.71322668 -0.00294246
0.22594985 0.22569966 -0.94763201 -0.69830388 0.71579039 0.00398044
0.10094722 0.08350046 -0.99138159 -0.73332793 0.67965174 -0.01742637
0.16494262 0.15440054 -0.97414291 -0.74872148 0.66252744 -0.02176425
0.15530401 0.15244867 -0.97603285 -0.74560595 0.66622770 -0.01457950
0.14324866 0.14138171 -0.97953618 -0.74423653 0.66780007 -0.01245097
0.12665148 0.14196749 -0.98173559 -0.75732875 0.65302563 -0.00326809
0.08874283 0.09173568 -0.99182123 -0.75636131 0.65411472 -0.00717466
0.14944734 0.10935212 -0.98270422 -0.59778053 0.80165803 -0.00170317
0.15784180 0.14323263 -0.97702122 -0.68347561 0.72996539 -0.00340439
0.21422432 0.21858607 -0.95201266 -0.70129603 0.71284610 0.00586499
0.18783046 0.23227218 -0.95434237 -0.74291486 0.66917884 0.01664975
0.14544760 0.19199638 -0.97055781 -0.76686555 0.64169526 0.01201825
0.13389687 0.21938613 -0.96640640 -0.78660417 0.61667854 0.03100856
0.18063444 0.23577368 -0.95487279 -0.78454077 0.62005955 0.00469032
0.17665498 0.27669761 -0.94458008 -0.78971332 0.61265266 0.03177364
0.15734142 0.27122906 -0.94956756 -0.78277105 0.62049204 0.04753023
0.14634414 0.25223130 -0.95653689 -0.87212676 0.48926017 -0.00441584
0.16264471 0.12635577 -0.97856063 -0.62395966 0.78145158 -0.00280292
-0.03814232 -0.05816773 -0.99757797 -0.49067155 0.87075639 -0.03201210
0.14777027 0.10394157 -0.98354471 -0.60419023 0.79681301 -0.00656745
0.10672861 0.07512648 -0.99144596 -0.60739189 0.79438537 -0.00519113
0.07717310 0.05268620 -0.99562472 -0.60789347 0.79400223 -0.00510239
0.08897467 0.06282570 -0.99405056 -0.60486168 0.79632145 -0.00381058
0.07962009 0.05314444 -0.99540764 -0.56804603 0.82299542 -0.00149711
0.05784998 0.03776896 -0.99761063 -0.59076589 0.80683452 -0.00371137
0.08301928 0.05311215 -0.99513161 -0.53365976 0.84569907 0.00061585
0.05178891 0.03229702 -0.99813569 -0.53244442 0.84646493 -0.00023686
0.05431731 0.03150125 -0.99802673 -0.51022798 0.86003894 -0.00062314
0.04396510 0.02716607 -0.99866366 -0.52022457 0.85402942 0.00032934
0.01137982 0.00762902 -0.99990618 -0.50611395 0.86246628 0.00082037
-0.00259744 -0.00316635 -0.99999166 -0.47268146 0.88123196 -0.00156254
-0.00310237 -0.00337615 -0.99998951 -0.47812173 0.87829238 -0.00148195
0.01716634 0.00621366 -0.99983335 -0.46320641 0.88624710 -0.00244513
0.04630932 0.02190287 -0.99868697 -0.45820147 0.88884664 -0.00175301
0.03102809 0.01293572 -0.99943489 -0.44198397 0.89702052 -0.00211151
0.03348303 0.01246896 -0.99936152 -0.41890591 0.90802562 -0.00270583
0.03363185 0.01294586 -0.99935049 -0.41871440 0.90811497 -0.00232732
0.04958029 0.02035932 -0.99856263 -0.41742221 0.90871000 -0.00219835
0.06425329 0.02667814 -0.99757695 -0.40708670 0.91338778 -0.00179352
0.02348706 0.00724661 -0.99969786 -0.37957746 0.92515737 -0.00221158
0.02282747 0.00638419 -0.99971908 -0.38322908 0.92364895 -0.00285220
0.04992074 0.01791793 -0.99859250 -0.36739758 0.93006247 -0.00167832
0.05109088 0.01789531 -0.99853367 -0.37000647 0.92902642 -0.00228209
0.04763483 0.01085411 -0.99880588 -0.32113263 0.94702089 -0.00502403
0.02233598 0.00181718 -0.99974889 -0.31923339 0.94766068 -0.00540968
0.03006846 0.00920094 -0.99950552 -0.39551651 0.91845238 -0.00344365
-0.00862603 -0.00693136 -0.99993879 -0.37485844 0.92707658 -0.00319255
-0.01811474 -0.01136711 -0.99977130 -0.33279657 0.94298702 -0.00469159
-0.01109477 -0.00782763 -0.99990785 -0.38826758 0.92154211 -0.00290602
-0.04686818 -0.02356185 -0.99862319 -0.39535114 0.91852480 -0.00311704
-0.07860243 -0.03706683 -0.99621671 -0.35691652 0.93411303 -0.00659506
-0.08261880 -0.03623556 -0.99592227 -0.36797360 0.92983037 -0.00330487
-0.07356580 -0.03671364 -0.99661440 -0.35284942 0.93564224 -0.00842170
-0.10218392 -0.04768159 -0.99362218 -0.36199489 0.93214995 -0.00750420
-0.13296543 -0.05755462 -0.98944819 -0.35796458 0.93371457 -0.00620818
-0.13871779 -0.05976952 -0.98852664 -0.34087700 0.94006479 -0.00900483
-0.14047758 -0.05824142 -0.98836941 -0.30676237 0.95170432 -0.01248053
-0.14332819 -0.05871996 -0.98793167 -0.32572344 0.94542289 -0.00893770
-0.12453897 -0.05145843 -0.99087942 -0.28110191 0.95956838 -0.01450201
-0.12116503 -0.04715198 -0.99151188 -0.27551901 0.96122020 -0.01204238
-0.08717429 -0.03611105 -0.99553841 -0.31413713 0.94935232 -0.00692834
-0.12634513 -0.04679883 -0.99088186 -0.23615184 0.97158813 -0.01577641
-0.10860094 -0.04052009 -0.99325931 -0.28470466 0.95858210 -0.00797641
-0.09369863 -0.03412271 -0.99501568 -0.22765656 0.97366816 -0.01195266
-0.19544901 -0.07849172 -0.97756779 -0.35958657 0.93310684 -0.00302825
-0.16716674 -0.08185748 -0.98252463 -0.46569037 0.88493061 0.00550596
-0.09205139 -0.04524212 -0.99472594 -0.41835815 0.90827847 -0.00259569
-0.06347164 -0.03239170 -0.99745786 -0.44339591 0.89632541 -0.00089270
-0.06484903 -0.03461353 -0.99729460 -0.40971312 0.91220069 -0.00501857
-0.08415774 -0.04495074 -0.99543810 -0.42727214 0.90411085 -0.00470365
-0.09084979 -0.04658027 -0.99477470 -0.42681310 0.90433365 -0.00336581
-0.09125680 -0.04655856 -0.99473846 -0.42710194 0.90419805 -0.00313872
-0.12641402 -0.06200001 -0.99003816 -0.43545955 0.90020800 -0.00077241
-0.14549991 -0.06882818 -0.98696125 -0.43002558 0.90281665 0.00043513
-0.26669684 -0.12844443 -0.95518315 -0.47601914 0.87931257 0.01466734
-0.15238576 -0.07017352 -0.98582673 -0.41695675 0.90892631 -0.00024781
-0.17084472 -0.08722095 -0.98142987 -0.47741091 0.87866586 0.00501826
-0.15844212 -0.08479643 -0.98372036 -0.48995271 0.87174088 0.00377001
-0.07176325 -0.03595483 -0.99677342 -0.51288515 0.85843658 0.00596060
-0.12387707 -0.06964076 -0.98985082 -0.50946224 0.86048704 0.00321837
-0.14044501 -0.07897824 -0.98693347 -0.51603818 0.85655171 0.00488992
-0.10877757 -0.05925946 -0.99229825 -0.48294115 0.87565261 0.00064745
-0.09809931 -0.05561591 -0.99362135 -0.50175762 0.86500758 0.00112104
-0.07340425 -0.04121873 -0.99645019 -0.50211960 0.86479741 0.00121618
-0.05539935 -0.03057488 -0.99799603 -0.48352590 0.87533009 0.00002396
-0.10412427 -0.05943075 -0.99278706 -0.51100254 0.85957652 0.00213791
-0.07702330 -0.04501009 -0.99601281 -0.53052026 0.84766793 0.00271965
-0.09585756 -0.05765919 -0.99372369 -0.53804100 0.84291339 0.00299238
-0.08002329 -0.04919623 -0.99557823 -0.55958748 0.82876158 0.00402588
-0.08382048 -0.05227503 -0.99510878 -0.56410521 0.82569259 0.00414072
-0.17682894 -0.12677488 -0.97604287 -0.69948280 0.71383989 0.03400655
-0.10681546 -0.06960548 -0.99183953 -0.57346392 0.81921971 0.00426746
-0.09289815 -0.05981982 -0.99387705 -0.56701243 0.82370222 0.00342162
-0.13075675 -0.08296642 -0.98793691 -0.88518876 0.45853573 0.07865010
-0.13104449 -0.08669075 -0.98757893 -0.58965594 0.80762118 0.00734915
-0.18504095 -0.08271720 -0.97924346 -0.39319965 0.91944700 -0.00336591
-0.20933680 -0.09092827 -0.97360682 -0.45093420 0.89245349 0.01360699
-0.18826537 -0.07799278 -0.97901648 -0.35783833 0.93376690 -0.00557550
-0.19052672 -0.07737663 -0.97862792 -0.34413883 0.93889093 -0.00723520
-0.24330486 -0.09044212 -0.96572411 -0.29723051 0.95469534 -0.01452489
-0.19844626 -0.07777019 -0.97702146 -0.30587107 0.95197511 -0.01364997
-0.19568820 -0.07537229 -0.97776544 -0.30509719 0.95224124 -0.01234313
-0.15839684 -0.06272673 -0.98538113 -0.31332409 0.94959277 -0.01008270
-0.15843713 -0.06307556 -0.98535234 -0.27567592 0.96109688 -0.01719631
-0.16046059 -0.06187145 -0.98510122 -0.28226084 0.95923162 -0.01426991
-0.12093471 -0.04776758 -0.99151051 -0.29048434 0.95682031 -0.01066590
-0.11938206 -0.04700776 -0.99173498 -0.23497427 0.97183901 -0.01777921
-0.18154243 -0.07388420 -0.98060364 -0.32961726 0.94406056 -0.01010770
-0.22585824 -0.10148943 -0.96885914 -0.41396356 0.91029274 0.00114774
-0.31787613 -0.13046297 -0.93911350 -0.38912940 0.92117554 0.00374359
-0.22623765 -0.08468591 -0.97038388 -0.29665765 0.95487881 -0.01416930
-0.12649074 -0.05832959 -0.99025136 -0.32652950 0.94508398 -0.01395949
-0.10753525 -0.05589984 -0.99262851 -0.46002007 0.88790852 -0.00016680
-0.05406106 -0.03935944 -0.99776167 -0.15262949 0.98780668 -0.03069691
-0.05965901 -0.03279039 -0.99768013 -0.50045741 0.86575997 0.00147160
-0.02239563 -0.01341750 -0.99965918 -0.44821522 0.89392352 -0.00195683
-0.00240078 -0.00407197 -0.99998885 -0.40029800 0.91638088 -0.00277048
0.00506696 -0.00024080 -0.99998713 -0.40088823 0.91612422 -0.00225191
-0.02031903 -0.01181150 -0.99972379 -0.45807064 0.88891506 -0.00119220
0.05961595 0.03090998 -0.99774277 -0.46224681 0.88675135 -0.00014816
0.11059097 0.06144805 -0.99196464 -0.50279164 0.86440402 -0.00250843
0.05625790 0.02879889 -0.99800086 -0.46489280 0.88536674 -0.00065763
0.10993885 0.05199646 -0.99257743 -0.44848984 0.89378339 -0.00285407
0.06629866 0.02809730 -0.99740416 -0.40736675 0.91326368 -0.00135113
0.06015427 0.02299826 -0.99792415 -0.37468556 0.92715114 -0.00121860
0.13185099 0.04654574 -0.99017614 -0.37102568 0.92860484 -0.00575403
0.04562503 0.00855476 -0.99892205 -0.32399851 0.94603390 -0.00669656
0.04633366 0.00652384 -0.99890476 -0.32421499 0.94594193 -0.00886060
0.03608406 0.00272861 -0.99934506 -0.29764828 0.95464092 -0.00814085
0.01392424 -0.00404454 -0.99989492 -0.29225099 0.95630872 -0.00793803
-0.01826367 -0.01209028 -0.99976015 -0.33847007 0.94096285 -0.00519604
-0.03766332 -0.01853306 -0.99911863 -0.33067185 0.94373232 -0.00504049
-0.09057975 -0.03736733 -0.99518794 -0.30507866 0.95229369 -0.00798917
-0.03879200 -0.02055161 -0.99903595 -0.30973002 0.95079476 -0.00753258
-0.07573839 -0.02996311 -0.99667746 -0.22723122 0.97376686 -0.01200685
-0.07866451 -0.03089164 -0.99642241 -0.21764156 0.97594118 -0.01307454
-0.02896559 -0.01870354 -0.99940544 -0.14842655 0.98882145 -0.01420364
0.12678799 0.01907261 -0.99174649 -0.22946917 0.97325802 -0.01061901
0.12548600 0.01741852 -0.99194252 -0.23451935 0.97202981 -0.01259909
0.10341167 0.01337272 -0.99454874 -0.19592835 0.98059189 -0.00718727
0.15776861 0.01597037 -0.98734695 -0.21008998 0.97752076 -0.01775894
0.20499566 0.02968074 -0.97831273 -0.20185325 0.97933495 -0.01258458
0.11831509 0.00517948 -0.99296260 -0.18215853 0.98312944 -0.01657666
0.10635632 0.02341363 -0.99405241 -0.31391042 0.94938624 -0.01122454
0.22532517 0.04899342 -0.97305101 -0.29641289 0.95483851 -0.02056262
0.19323690 0.01341391 -0.98106045 -0.22943649 0.97280103 -0.03189053
0.15958919 0.00711858 -0.98715788 -0.20103660 0.97925335 -0.02543906
0.10310924 -0.00037264 -0.99467003 -0.13787049 0.99034172 -0.01466292
0.01000103 -0.06678230 -0.99771750 -0.00852575 0.99772543 -0.06686830
-0.08749324 -0.06455250 -0.99407142 0.06287988 0.99555033 -0.07018292
-0.10465754 -0.06240704 -0.99254835 0.05661817 0.99603659 -0.06859637
-0.09791517 -0.99341416 0.05950635 -0.02499072 -0.05732043 -0.99804300
-0.09708665 -0.06323623 -0.99326503 0.07688832 0.99452055 -0.07083160
-0.10370892 -0.06309153 -0.99260461 0.05775257 0.99592024 -0.06933635
-0.09545811 -0.06127761 -0.99354559 0.00064570 0.99809945 -0.06162051
-0.21291600 -0.08192385 -0.97362995 0.01621012 0.99604541 -0.08735483
-0.18545890 -0.06584449 -0.98044354 -0.00889469 0.99782413 -0.06532925
-0.16346206 -0.06607652 -0.98433435 0.01652562 0.99743110 -0.06969997
-0.12679921 -0.06111360 -0.99004400 -0.01187137 0.99812227 -0.06009185
-0.12588631 -0.05311805 -0.99062157 -0.06825226 0.99666315 -0.04476864
-0.14098437 -0.05440275 -0.98851591 -0.10758810 0.99341738 -0.03932804
-0.07767338 -0.03612866 -0.99632406 -0.12917805 0.99128377 -0.02587518
-0.06683800 -0.05989998 -0.99596423 -0.02878016 0.99789673 -0.05808481
-0.05184600 -0.02650565 -0.99830329 -0.11062980 0.99364746 -0.02063657
0.02712579 -0.01317155 -0.99954528 -0.12923849 0.99147505 -0.01657249
-0.02685391 -0.01834794 -0.99947101 -0.16876176 0.98556364 -0.01355832
-0.06205611 -0.02812969 -0.99767619 -0.20200755 0.97926843 -0.01504567
-0.06123558 -0.02829917 -0.99772209 -0.14945816 0.98858804 -0.01886704
-0.12333110 -0.04770438 -0.99121833 -0.22513074 0.97414583 -0.01887113
-0.15933602 -0.05970706 -0.98541725 -0.20713563 0.97797298 -0.02576343
-0.16426925 -0.06187800 -0.98447281 -0.21117775 0.97709709 -0.02617726
-0.17065984 -0.06213829 -0.98336875 -0.31404421 0.94939250 -0.00549021
-0.15921353 -0.05781540 -0.98554981 -0.18107381 0.98305887 -0.02841717
-0.18535231 -0.06323813 -0.98063529 -0.16946705 0.98503268 -0.03149031
-0.17714919 -0.06904518 -0.98175919 -0.22260277 0.97449642 -0.02836784
-0.19079648 -0.06453284 -0.97950613 -0.16148074 0.98630625 -0.03352627
-0.21984698 -0.06862132 -0.97311795 -0.15805441 0.98684895 -0.03388192
-0.22225063 -0.06986926 -0.97248286 -0.14758566 0.98834646 -0.03727987
-0.23082703 -0.07042480 -0.97044283 -0.12689157 0.99103814 -0.04173730
-0.19181183 -0.06455110 -0.97930658 -0.17025803 0.98489368 -0.03157178
-0.15198418 -0.05664664 -0.98675835 -0.17174377 0.98468250 -0.03007486
-0.13783628 -0.05502302 -0.98892552 -0.12599489 0.99131829 -0.03759501
-0.16589141 -0.05846734 -0.98440927 -0.11642954 0.99242026 -0.03932258
-0.17905229 -0.06589615 -0.98163027 -0.07024100 0.99606448 -0.05405293
-0.23966534 -0.08145750 -0.96743226 0.00289435 0.99640960 -0.08461442
-0.32232109 -0.06605604 -0.94432288 0.02110409 0.99681306 -0.07693111
-0.33462083 -0.06580851 -0.94005221 -0.05238622 0.99731511 -0.05116982
-0.28079385 -0.06646276 -0.95746416 -0.04400080 0.99744195 -0.05633380
-0.22185451 -0.06824082 -0.97268897 -0.08150338 0.99535501 -0.05124141
-0.25141823 -0.06991210 -0.96535033 -0.13658522 0.98996955 -0.03612247
-0.25686696 -0.07172878 -0.96378130 -0.15238160 0.98777395 -0.03290168
-0.23300000 -0.06600380 -0.97023427 -0.17727731 0.98385948 -0.02435789
-0.23225285 -0.07046639 -0.97009957 -0.17833851 0.98354924 -0.02874707
-0.19511794 -0.07297444 -0.97806120 -0.22223660 0.97457969 -0.02837967
-0.17564571 -0.06638885 -0.98221242 -0.24742995 0.96867329 -0.02122667
-0.23293465 -0.08643583 -0.96864355 -0.30171469 0.95331615 -0.01251324
-0.28291571 -0.07824773 -0.95594770 -0.25647092 0.96654665 -0.00321192
-0.31467849 -0.08410119 -0.94546521 -0.31086749 0.95026457 0.01893771
-0.43020922 -0.14142151 -0.89158291 -0.41815197 0.90652514 0.05797631
-0.19162749 -0.08388305 -0.97787654 -0.35226840 0.93583149 -0.01124487
-0.21544296 -0.09883210 -0.97150224 -0.40585825 0.91393125 -0.00297113
-0.33127534 -0.18174767 -0.92586416 -0.55679131 0.82985806 0.03631899
-0.22821978 -0.12718485 -0.96526670 -0.46124908 0.88723594 -0.00784943
-0.21164770 -0.11530532 -0.97052050 -0.56948835 0.82156944 0.02658323
-0.26503384 -0.14927226 -0.95261478 -0.48308057 0.87557143 -0.00279844
-0.02218146 -0.01053648 -0.99969840 -0.44562575 0.89521927 0.00045231
-0.14836694 -0.08205738 -0.98552209 -0.51565123 0.85677546 0.00629195
-0.13406527 -0.08757396 -0.98709542 -0.59437639 0.80413228 0.00938529
-0.10827801 -0.07066902 -0.99160570 -0.62137294 0.78342277 0.01201819
-0.16762570 -0.10655675 -0.98007518 -0.60800678 0.79373473 0.01769228
-0.18259631 -0.11482134 -0.97646028 -0.50966203 0.86035478 -0.00586267
-0.25932536 -0.18253097 -0.94838428 -0.67789811 0.73383039 0.04412705
-0.10684487 -0.06949152 -0.99184430 -0.62990630 0.77655470 0.01344797
-0.09841998 -0.06222995 -0.99319738 -0.61579591 0.78781939 0.01165997
-0.06293488 -0.03769520 -0.99730551 -0.55848259 0.82950711 0.00389008
-0.06130367 -0.03684561 -0.99743885 -0.55402046 0.83249652 0.00329810
-0.07240038 -0.04241756 -0.99647325 -0.50750148 0.86165094 0.00019486
-0.03005682 -0.01824839 -0.99938160 -0.50163245 0.86508060 -0.00070929
0.00182850 0.00262042 -0.99999493 -0.54105562 0.84098595 0.00121442
-0.03016803 -0.01939424 -0.99935669 -0.56931448 0.82211888 0.00123152
0.03178203 0.02141101 -0.99926549 -0.53531998 0.84464872 0.00107202
0.04111862 0.02685789 -0.99879330 -0.57300842 0.81954801 -0.00155186
0.06664458 0.04952399 -0.99654698 -0.62539643 0.78030127 -0.00304618
0.04118797 0.03200078 -0.99863881 -0.62200963 0.78300947 -0.00056317
-0.00934651 -0.00838675 -0.99992114 -0.62148380 0.78342664 -0.00076176
0.07879330 0.06474362 -0.99478638 -0.66252804 0.74902791 -0.00372742
0.09057398 0.08822282 -0.99197435 -0.70813221 0.70607746 -0.00186114
0.06274877 0.06818405 -0.99569750 -0.73788780 0.67492342 -0.00028376
0.06241637 0.08660893 -0.99428523 -0.77604777 0.63064355 0.00621680
0.08970291 0.10031056 -0.99090421 -0.75385398 0.65703982 -0.00173061
0.04588640 0.07645129 -0.99601698 -0.81625223 0.57765657 0.00673453
0.12389615 0.20695351 -0.97047406 -0.83010620 0.55745608 0.01290146
0.11909968 0.16852500 -0.97847569 -0.77278489 0.63448566 0.01521577
0.12040788 0.15831102 -0.98002023 -0.77080381 0.63701981 0.00820024
