-0.34629637 0.92860436 0.13331486 -0.09660082 0.10605535 -0.98965681
0.17931004 -0.09383269 0.97930759 -0.13682857 0.98338753 0.11927675
-0.54037070 0.82990587 0.13876516 -0.24035448 0.00580110 -0.97066784
-0.67997432 0.72101665 0.13330430 -0.01728053 0.16599400 -0.98597538
-0.72605073 0.67468315 0.13286453 -0.08521424 0.10344988 -0.99097764
-0.76768059 0.62584460 0.13778678 -0.02663399 0.18366656 -0.98262775
-0.85581028 0.50457746 0.11397566 0.04110712 0.28597224 -0.95735580
-0.88111746 0.46133199 0.10394645 0.04116809 0.29380277 -0.95497918
-0.90411657 0.41278809 0.11035997 -0.11492828 0.01383155 -0.99327755
0.13353293 -0.19716367 0.97123396 -0.98935050 0.03075384 0.14226688
-0.88544303 0.45043367 0.11445586 -0.21561970 -0.17998271 -0.95974708
0.25475270 0.54414624 0.79937851 -0.96393776 0.20869957 0.16513164
-0.40536976 0.90395594 0.13615841 -0.11503981 0.09731684 -0.98858249
-0.48933500 0.86009651 0.14417106 -0.00537167 0.16233987 -0.98672026
-0.43165359 0.88883162 0.15379699 0.11016520 0.22116840 -0.96899343
-0.49826041 0.85654843 0.13439271 0.09910826 0.21025482 -0.97261018
-0.50435388 0.85097420 0.14652687 0.20080325 0.28062284 -0.93857819
-0.46843702 0.05447695 0.88181579 -0.17091820 0.97365421 -0.15094550
-0.41394725 0.07984797 0.90679222 -0.22779462 0.95536554 -0.18811253
-0.34111100 0.08465774 0.93620318 -0.10930869 0.98560786 -0.12895252
-0.33919790 0.06545936 0.93843484 -0.11616684 0.98702604 -0.11083736
-0.38227728 0.08612744 0.92002511 -0.01453216 0.99496329 -0.09918094
-0.26125300 0.08522869 0.96150041 0.04516338 0.99608278 -0.07602260
-0.29125640 0.05790671 0.95489091 0.04170322 0.99798602 -0.04779999
-0.23100705 0.04915092 0.97170979 -0.04408308 0.99716884 -0.06091867
-0.23790127 0.02811294 0.97088242 -0.04640111 0.99811083 -0.04027132
-0.14800453 0.03092814 0.98850298 -0.12630197 0.99073559 -0.04990867
-0.16622984 0.01896260 0.98590469 -0.03149274 0.99920303 -0.02452825
-0.21147169 0.01882292 0.97720289 -0.16662668 0.98448372 -0.05502203
-0.21732526 0.01376253 0.97600222 -0.15212972 0.98720425 -0.04779503
-0.27208751 0.96145505 0.03965688 0.06061009 0.05825312 -0.99646026
-0.24471204 0.96799129 0.05575803 0.07026209 0.07505907 -0.99470067
-0.25658852 0.96524614 0.04962057 -0.04522627 0.03929245 -0.99820381
-0.23420116 0.97110486 0.04588293 -0.07044782 0.03011941 -0.99706066
0.08682527 0.99558586 0.03564047 -0.05751312 0.04072521 -0.99751377
-0.28020176 0.95740896 0.06967822 -0.13190137 0.03349770 -0.99069673
0.14169352 -0.13044903 0.98127776 -0.06322567 0.98806262 0.14048061
0.26964945 -0.14405768 0.95212221 0.09955510 0.98761898 0.12123352
0.26446322 -0.14871339 0.95286077 0.05308044 0.98878598 0.13958797
0.23401797 -0.14830250 0.96085489 0.10696957 0.98622501 0.12616561
0.41766316 -0.19682582 0.88702708 0.18237250 0.97454751 0.13037467
0.45527935 -0.20193376 0.86714673 0.15352866 0.97715724 0.14694470
0.57028294 -0.22797465 0.78917992 0.24090539 0.96489036 0.10464828
0.57744658 -0.23645729 0.78143686 0.27901250 0.95666742 0.08330320
0.61076754 -0.24067785 0.75434554 0.22718866 0.96589494 0.12422699
0.56412184 -0.23571901 0.79133004 0.25540391 0.96119797 0.10424693
0.57587940 -0.24432431 0.78017223 0.36384112 0.93117589 0.02304660
0.53062588 -0.22605388 0.81690627 0.41979304 0.90736294 -0.02159379
0.64043337 -0.26883769 0.71942437 0.34292278 0.93826854 0.04534564
0.41444147 -0.19181933 0.88963115 0.32253528 0.94504368 0.05351167
0.38304478 -0.18113586 0.90579605 0.33789587 0.94010204 0.04510614
0.47916418 -0.21405447 0.85122406 0.30859706 0.94897467 0.06492251
0.21987236 -0.13930900 0.96553051 0.25655839 0.96316689 0.08054405
0.22971478 0.96992666 0.08045827 -0.17291291 0.12202621 -0.97734886
0.34547096 -0.16828588 0.92321706 0.29495496 0.95340449 0.06341538
0.22338974 -0.13557968 0.96525395 0.17892906 0.97915518 0.09612251
0.23657082 -0.13589962 0.96206319 0.17897469 0.97932142 0.09432770
0.23292048 0.97092485 0.05525340 -0.07130642 0.07371403 -0.99472696
0.17702048 0.98240691 0.05950138 -0.12923589 0.08313467 -0.98812282
0.16716495 0.98562849 0.02433960 -0.05152307 0.03338635 -0.99811363
0.15161701 0.98829716 0.01676187 -0.00801526 0.01818664 -0.99980253
0.13557427 0.99062037 0.01705774 0.01175930 0.01560661 -0.99980909
0.07996256 0.99660534 0.01959233 0.02614456 0.01755161 -0.99950409
0.06764670 0.99753553 0.01862556 0.01633325 0.01755859 -0.99971247
0.06040695 0.99795777 0.02076934 0.00624040 0.02042936 -0.99977183
0.08583057 -0.07456695 0.99351549 0.05763500 0.99589705 0.06976657
0.09231125 -0.08496771 0.99209839 0.04632024 0.99564040 0.08096113
0.07874040 -0.08078437 0.99361652 0.00780045 0.99673063 0.08041941
-0.23613782 0.97084582 0.04119899 -0.06298163 0.02701745 -0.99764895
0.04286344 0.99812430 0.04371017 -0.03234342 0.04511375 -0.99845815
-0.02046519 0.99853688 0.05005248 0.00258223 0.05011559 -0.99874008
-0.02549495 0.00174114 0.99967349 0.00625630 0.99997926 -0.00158211
-0.02505872 0.01951092 0.99949557 0.00656113 0.99979120 -0.01935219
-0.12477989 0.02302811 0.99191719 0.01110238 0.99970049 -0.02181216
-0.12540260 0.04015459 0.99129301 0.01505717 0.99914259 -0.03856776
-0.09817028 0.03954426 0.99438369 0.07529437 0.99664134 -0.03220063
-0.11433866 0.04066421 0.99260926 0.08909350 0.99555552 -0.03052223
-0.11616232 0.03951433 0.99244392 0.11134928 0.99342740 -0.02652041
-0.19896154 0.05030066 0.97871560 0.10623363 0.99390399 -0.02948519
-0.21362858 0.05085610 0.97559035 0.13240853 0.99093616 -0.02266207
-0.30820832 0.06823801 0.94886839 0.18404257 0.98285782 -0.01090226
-0.28943518 0.07270409 0.95443255 0.18322773 0.98288089 -0.01930666
-0.36361575 0.09780263 0.92640072 0.16708067 0.98519403 -0.03842978
-0.36275539 0.10262927 0.92621589 0.12695572 0.99009299 -0.05998456
-0.34680426 0.09596933 0.93301487 0.09517086 0.99321806 -0.06678654
-0.55660498 0.10069011 0.82465285 0.14069942 0.98971409 -0.02587807
-0.29788601 0.05691248 0.95290345 0.07269229 0.99667519 -0.03680251
0.08935753 0.99587506 0.01575215 0.05918767 0.01047803 -0.99819189
-0.19697426 0.05076799 0.97909337 0.08488549 0.99579132 -0.03455653
0.14675836 0.98899966 0.01848471 0.10313103 0.00328686 -0.99466234
0.16190340 0.98669672 0.01472800 -0.00236763 0.01531328 -0.99987996
0.19291461 0.98103631 0.01875576 -0.01341618 0.02175028 -0.99967343
0.14419703 0.98723686 0.06760617 -0.12328849 0.08571146 -0.98866248
0.31863201 0.94739068 0.03040770 -0.25614065 0.11694437 -0.95953953
0.51494515 -0.21904656 0.82876426 0.20234343 0.97054106 0.13079463
0.68568069 -0.27578083 0.67363709 0.39546266 0.91809469 -0.02667338
0.63243294 -0.25237975 0.73234761 0.43562794 0.89764082 -0.06685226
0.63193321 -0.26441750 0.72852165 0.38520539 0.92283058 0.00080776
0.73571026 -0.29621336 0.60908800 0.46528316 0.87454253 -0.13670014
0.77515548 -0.32307395 0.54291552 0.45069724 0.88499570 -0.11685312
0.78060043 -0.32120475 0.53618145 0.36169097 0.93176198 0.03161290
0.90578854 -0.32613215 0.27052727 0.28474897 0.94129002 0.18135917
0.77901727 -0.31771293 0.54054654 0.35869983 0.93292499 0.03139232
-0.82993054 0.37260291 -0.41518956 -0.48731801 -0.84648162 0.21445295
-0.82747108 0.36880383 -0.42340922 -0.48175681 -0.85365808 0.19793493
0.57304817 -0.24645169 0.78158641 0.35017005 0.93589991 0.03837045
0.69448334 -0.27323943 0.66560733 0.25224203 0.95883405 0.13042727
0.69507009 -0.28966314 0.65800667 0.36591801 0.93036216 0.02302854
0.60654986 -0.25447017 0.75322121 0.34195244 0.93878728 0.04179674
0.84600711 -0.31173629 0.43254185 0.24999830 0.94848686 0.19461121
0.64807874 -0.20229787 0.73421353 -0.00294821 0.96340102 0.26804817
0.45146635 -0.20634998 0.86810017 0.26506883 0.95998818 0.09033967
0.23577906 -0.13945086 0.96174932 0.10437626 0.98755997 0.11760482
0.45877650 -0.20419684 0.86477041 0.11207015 0.97876137 0.17165807
0.03916123 0.99827677 0.04370255 -0.03390978 0.04503861 -0.99840957
-0.43452489 0.89872861 0.05894904 -0.24917157 -0.05705911 -0.96677703
-0.46553105 0.88267189 0.06458469 -0.26601779 -0.06995361 -0.96142662
-0.14635913 0.98785967 0.05207955 0.07695718 0.06385712 -0.99498737
-0.14824393 0.03262539 0.98841256 -0.04558866 0.99816775 -0.03978485
-0.21070829 0.05221450 0.97615355 0.06438217 0.99714565 -0.03944011
-0.32331762 0.09194046 0.94181353 0.07756074 0.99449492 -0.07045723
-0.56308550 0.08557269 0.82195628 0.03837222 0.99625891 -0.07743198
-0.26866877 0.04037681 0.96238601 -0.12625974 0.98902434 -0.07674228
-0.30425334 0.94069034 0.15010530 0.17619561 0.21042989 -0.96159995
-0.42088643 0.89936864 0.11828221 0.10745965 0.17890981 -0.97797942
-0.67342609 0.72722840 0.13280125 0.00900155 0.18769540 -0.98218608
-0.62500912 0.76732612 0.14343739 0.02263647 0.20148689 -0.97922963
-0.70832455 0.69476599 0.12480602 0.27402148 0.43357748 -0.85844207
0.09486457 -0.71008611 0.69769514 -0.84485775 0.31325343 0.43369082
0.12048589 -0.65680015 0.74437678 -0.90807587 0.23004867 0.34996566
0.14304857 -0.59045929 0.79428899 -0.92411166 0.20764038 0.32078511
-0.65341914 0.74085397 0.15549535 -0.03120614 0.17887446 -0.98337692
-0.76755315 0.61938673 0.16499159 -0.14365648 0.08462907 -0.98600239
-0.76381075 0.62180305 0.17307267 -0.14955099 0.09035283 -0.98461711
-0.79987234 0.57118678 0.18425508 -0.14720596 0.11091356 -0.98286754
-0.63751626 0.75976247 0.12780456 -0.30748460 -0.09880851 -0.94640911
-0.59381670 0.79907340 0.09414592 -0.41464582 -0.20364238 -0.88690394
0.41719493 0.44202036 0.79408216 -0.86421973 0.46330297 0.19614945
0.39285636 0.32166040 0.86150944 -0.78992647 0.59768891 0.13705571
-0.59848017 0.80054659 -0.03076807 -0.37928054 -0.31695670 -0.86930132
-0.67168361 0.72541976 0.15035734 -0.39100248 -0.17473958 -0.90364993
