0.34197402 0.59203684 -0.72975761 -0.62574327 0.72283250 0.29318708
0.27961233 0.55876380 -0.78076887 -0.58588767 0.74354345 0.32230246
0.54508567 -0.76359826 -0.34612045 0.02136706 0.42536306 -0.90477055
0.29907823 0.56003600 -0.77260077 -0.58098644 0.74916011 0.31814137
0.19354948 0.47823718 -0.85663754 -0.52356112 0.78877336 0.32205656
0.57680804 0.64491051 -0.50138116 -0.53836644 0.76173741 0.36044115
0.50434530 -0.80270767 -0.31827074 0.11187647 0.42621791 -0.89767593
0.48535493 0.55517238 -0.67543632 -0.49321711 0.81172919 0.31278187
0.48311275 0.54623282 -0.68427467 -0.49455956 0.81515813 0.30154282
0.56267840 0.55880457 -0.60920483 -0.47522783 0.82164478 0.31473550
0.70593405 0.55897331 -0.43497816 -0.45537269 0.82857299 0.32573381
0.62983519 0.54368091 -0.55472416 -0.49394792 0.83152211 0.25413874
0.83081418 0.51490963 -0.21122497 -0.44254595 0.84134662 0.31030464
0.61398494 0.52837086 -0.58638448 -0.45832700 0.84348214 0.28013265
0.83414334 0.51393473 -0.20018977 -0.46191779 0.84928775 0.25562137
0.27725270 0.44074291 -0.85374272 -0.39726251 0.86165160 0.31581497
0.66552496 0.53349102 -0.52198088 -0.43070167 0.84567171 0.31517529
-0.46737632 0.82665670 0.31336576 -0.85947251 -0.50788909 0.05792836
0.35494661 0.46457133 -0.81128693 -0.45876786 0.84267658 0.28183034
0.46857029 0.48476037 -0.73854542 -0.45228672 0.84976459 0.27080804
0.67462540 0.52549696 -0.51839525 -0.43864974 0.85022843 0.29102930
0.85931182 0.47591734 -0.18731230 -0.41654938 0.86374223 0.28361243
0.48379844 -0.81916434 -0.30807301 0.14727841 0.42319554 -0.89398807
0.49891558 0.48851860 -0.71584415 -0.43924776 0.85457677 0.27705616
0.54131681 0.49324864 -0.68094194 -0.45503521 0.85286587 0.25605226
-0.44443858 0.84664571 0.29268655 -0.89392185 -0.39796299 -0.20622633
0.88094521 0.45678842 -0.12361208 -0.41306779 0.86972183 0.27010915
0.51650953 -0.80259627 -0.29842448 0.11791323 0.41185814 -0.90358698
0.44930294 -0.83626765 -0.31429812 -0.01912532 0.34272373 -0.93924153
0.40187499 0.45363861 -0.79542983 -0.42277014 0.86245698 0.27826855
0.67948985 0.50370353 -0.53345698 -0.41355500 0.86352879 0.28860074
-0.45860869 0.83104414 0.31471220 -0.88793832 -0.44260246 -0.12517479
-0.43302479 0.86691982 0.24685943 -0.90088010 -0.40709895 -0.15061709
0.88153398 0.44933289 -0.14490628 -0.39856419 0.87279248 0.28174442
0.47409195 -0.82221675 -0.31495461 -0.22615656 0.23199177 -0.94606185
0.43629611 -0.84576511 -0.30712730 -0.00521777 0.33894345 -0.94079232
0.42369545 0.45719004 -0.78195870 -0.40322074 0.86822134 0.28914490
0.44682753 -0.84575385 -0.29162586 0.14370719 0.38959962 -0.90970349
0.68598700 0.48896831 -0.53882450 -0.40282279 0.87191170 0.27839500
-0.46446994 0.83906037 0.28327614 -0.88514096 -0.45001692 -0.11836513
-0.43199909 0.85718149 0.28038660 -0.90159011 -0.41826323 -0.11041388
0.87180084 0.44795671 -0.19823758 -0.39097664 0.88010621 0.26935196
0.39813298 0.44358274 -0.80294740 -0.38956016 0.87421983 0.28979743
0.41964754 -0.85532904 -0.30382276 -0.04061517 0.31669226 -0.94765836
0.67995018 0.48050901 -0.55387622 -0.39364517 0.87649053 0.27714226
-0.41737923 0.87413096 0.24837413 -0.90493399 -0.37484470 -0.20145950
-0.41676465 0.86708730 0.27288604 -0.90855157 -0.40691859 -0.09461178
0.86096239 0.43910784 -0.25676492 -0.37211096 0.88785565 0.27063978
0.49447438 0.45693144 -0.73939759 -0.40368900 0.87408704 0.27019829
0.43902206 -0.84222901 -0.31290567 -0.30280259 0.18919297 -0.93408602
0.43205819 -0.85050100 -0.29995617 -0.03610517 0.31602338 -0.94806421
0.67606539 0.46288082 -0.57330352 -0.38805419 0.88508028 0.25699607
-0.38897997 0.88383430 0.25986835 -0.92069077 -0.38275295 -0.07634640
0.86838561 0.42558855 -0.25452065 -0.36099714 0.89443731 0.26393747
0.47813374 0.44647259 -0.75634009 -0.38584334 0.88038164 0.27577740
0.20878066 0.37444487 -0.90343881 -0.38097340 0.88195950 0.27750114
0.42475826 -0.85150832 -0.30743140 -0.23719989 0.22304700 -0.94550848
0.39343271 -0.86626619 -0.30788577 -0.41230008 0.13307451 -0.90127683
0.39314109 -0.86706764 -0.30599642 -0.28477407 0.20160979 -0.93715382
0.39074314 -0.86912829 -0.30320922 0.02596922 0.33967364 -0.94018483
0.65608585 0.45374614 -0.60304707 -0.36527896 0.89016032 0.27237090
0.88949937 0.41411257 -0.19313678 -0.35320866 0.89128989 0.28433451
-0.38470367 0.88365805 0.26674241 -0.92298639 -0.36514959 -0.12149858
0.55086792 0.44550431 -0.70574117 -0.36965901 0.88838410 0.27226076
0.23752865 0.38385910 -0.89231855 -0.37054291 0.88495368 0.28205502
0.39834139 -0.86712730 -0.29902241 -0.05057498 0.30474341 -0.95109075
0.39683050 -0.86449015 -0.30851638 -0.37693548 0.15298694 -0.91351771
0.37449548 -0.87673032 -0.30182290 -0.14982927 0.26401460 -0.95281035
0.66212225 0.45264685 -0.59724778 -0.36558187 0.89080673 0.26983932
-0.37072873 0.89166623 0.25979140 -0.90819204 -0.40657079 0.09943584
-0.36385664 0.89623588 0.25371185 -0.93142211 -0.34779927 -0.10718430
0.53829366 0.44366711 -0.71651900 -0.36473459 0.88910371 0.27651989
0.19480436 0.36685720 -0.90965217 -0.34716812 0.89317203 0.28586388
0.35553229 -0.88531905 -0.29967821 0.07906183 0.34796369 -0.93416834
0.35886893 -0.88216239 -0.30496350 -0.44147995 0.12744510 -0.88817412
0.35699576 -0.88496721 -0.29897654 -0.20420015 0.23839007 -0.94945908
0.66857916 0.43780759 -0.60110438 -0.34841171 0.89853489 0.26691642
0.91889006 0.37029910 -0.13608688 -0.32321921 0.90441400 0.27850452
-0.35004389 0.89651400 0.27153644 -0.93404835 -0.35598624 -0.02876695
0.25024980 0.37741545 -0.89159000 -0.32879806 0.89929068 0.28838879
0.34794825 -0.88917619 -0.29714936 -0.15892586 0.25642490 -0.95340908
-0.59990579 0.09334371 -0.79460680 -0.32129127 0.88146353 0.34611273
0.34876159 -0.88854021 -0.29809693 -0.29890090 0.19600566 -0.93393797
0.66368163 0.42716441 -0.61404997 -0.33688319 0.90363139 0.26449966
0.91065270 0.37258869 -0.17857599 -0.32976684 0.91582602 0.22916487
-0.31402534 0.92095381 0.23072113 -0.94909191 -0.31084403 -0.05099642
0.24177818 0.37429771 -0.89523435 -0.34130701 0.89645404 0.28263006
0.32142949 -0.90086442 -0.29176429 -0.26739791 0.20922475 -0.94059741
-0.62439829 0.07992721 -0.77700609 -0.27789426 0.90693706 0.31660709
0.32140243 -0.90084082 -0.29186702 -0.26394081 0.21078259 -0.94122577
0.64101017 0.42060190 -0.64202815 -0.34464028 0.90514243 0.24887818
0.74830520 0.40724662 -0.52363116 -0.31391525 0.91278666 0.26130024
-0.29937384 0.91951758 0.25468174 -0.95380330 -0.28136399 -0.10532613
0.89178735 0.36209643 -0.27129591 -0.28544933 0.91548079 0.28357300
0.24295655 0.37260810 -0.89562005 -0.34109828 0.89713687 0.28070879
0.32233685 -0.90010715 -0.29309753 -0.27816156 0.20589194 -0.93820828
-0.58996385 0.09559828 -0.80175036 -0.26791111 0.91353488 0.30606812
-0.48585582 0.13915861 -0.86288995 -0.27703774 0.91182137 0.30303773
0.65939337 0.40304515 -0.63462991 -0.31378910 0.91465175 0.25485018
0.74964768 0.40362871 -0.52451140 -0.31095752 0.91438985 0.25922304
-0.24581248 0.93334156 0.26162902 -0.96914655 -0.23157953 -0.08441526
0.86777365 0.37022078 -0.33151999 -0.27559158 0.91362357 0.29890007
0.28600845 0.36524457 -0.88588697 -0.31982630 0.90787685 0.27105498
0.31441671 -0.90348375 -0.29130632 -0.09702887 0.27467516 -0.95662898
0.29742301 -0.90992266 -0.28910261 -0.17139871 0.24699891 -0.95373690
-0.69063044 0.05008663 -0.72147137 -0.25316939 0.91773272 0.30605873
-0.48385033 0.14273189 -0.86343300 -0.26408663 0.91680533 0.29954356
0.25946033 -0.92445815 -0.27938780 -0.28239304 0.20402731 -0.93735105
-0.60433626 0.08418577 -0.79226923 -0.26356247 0.91729188 0.29851377
0.57278830 0.38704747 -0.72257036 -0.28957930 0.92020911 0.26336116
-0.23081407 0.93728441 0.26119491 -0.97215897 -0.21100548 -0.10190018
0.90367001 0.34799099 -0.24956524 -0.29391548 0.92786103 0.22953801
0.52134162 0.40617770 -0.75048161 -0.31558022 0.90887606 0.27267841
0.23861361 0.35146847 -0.90528089 -0.28818071 0.91584373 0.27961081
0.27126327 -0.92014229 -0.28240830 -0.18977940 0.23651809 -0.95291293
-0.74457479 0.02556655 -0.66704935 -0.21564135 0.93647909 0.27659672
-0.73798341 0.03532601 -0.67389363 -0.19729860 0.94369811 0.26553181
0.24033530 -0.93076551 -0.27552608 -0.35030037 0.18155375 -0.91887319
-0.47592187 0.13736129 -0.86869460 -0.23204525 0.93311739 0.27467611
0.75252020 0.38354820 -0.53535432 -0.28509241 0.92251146 0.26018253
0.75384277 0.39561692 -0.52460319 -0.30750209 0.91800511 0.25041792
0.93849623 0.29727390 -0.17565079 -0.24726909 0.93368244 0.25902727
-0.11438553 0.95245981 0.28237620 -0.99334651 -0.11348236 -0.01960889
0.93910527 0.31086504 -0.14643861 -0.26544169 0.92688864 0.26536426
0.25256032 0.34444591 -0.90419596 -0.28292546 0.91993833 0.27141601
0.26255319 -0.92271066 -0.28226036 -0.00383715 0.29152206 -0.95655644
-0.62042195 0.07846590 -0.78033310 -0.20621663 0.94364917 0.25884539
-0.60577601 0.08677721 -0.79088891 -0.18930855 0.94976687 0.24920911
0.22428453 -0.93602580 -0.27120510 -0.27408281 0.20647404 -0.93928009
-0.57290888 0.09501858 -0.81409264 -0.20593762 0.94470525 0.25518966
0.82148087 0.36127293 -0.44119266 -0.26376256 0.92669255 0.26771307
0.65364146 0.37760711 -0.65587026 -0.27835977 0.92583650 0.25562215
0.89200062 0.31920177 -0.32007059 -0.22927664 0.92971075 0.28821898
-0.11298318 0.94976348 0.29186323 -0.96865249 -0.17069437 0.18048805
0.00463464 0.94621783 0.32349718 -0.99102795 0.04755815 -0.12490778
0.20926183 -0.93786925 -0.27678654 -0.01910380 0.27907839 -0.96007830
-0.77828664 0.03232007 -0.62707680 -0.10167542 0.97900784 0.17665178
0.19267039 -0.94450605 -0.26605731 -0.19001241 0.23009430 -0.95443803
-0.52956009 0.09478035 -0.84296072 -0.18284903 0.95762295 0.22254108
0.80238289 0.35593179 -0.47905570 -0.24888214 0.92912489 0.27346784
0.59389180 0.37300473 -0.71285349 -0.24189369 0.92782176 0.28396183
0.90626800 0.30676162 -0.29081890 -0.23401032 0.93705064 0.25918216
0.91735971 0.28669810 -0.27614382 -0.20881099 0.93720901 0.27935168
0.93510306 0.17044958 -0.31069168 -0.06445751 0.94391280 0.32384241
0.01931583 0.93900180 0.34336942 -0.99935865 0.02849030 -0.02169383
0.19118305 0.32290307 -0.92692113 -0.19810815 0.93759972 0.28576204
0.19075625 -0.94201005 -0.27609637 -0.12100036 0.25655198 -0.95892650
-0.31840691 0.12743559 -0.93934935 -0.15606423 0.97035462 0.18454225
0.60527509 0.36824423 -0.70571822 -0.24080846 0.92972821 0.27859792
0.63308269 0.36430088 -0.68300164 -0.21351147 0.93028742 0.29829222
0.63235831 0.36304036 -0.68434250 -0.18800724 0.92890203 0.31905222
0.91685843 0.18342678 -0.35457763 -0.06061997 0.94186223 0.33048564
0.10146320 0.90517378 0.41275382 -0.99457234 0.10190480 0.02100752
0.23949425 -0.92982090 -0.27942017 -0.02854706 0.28092736 -0.95930439
0.16404329 -0.94779527 -0.27344838 -0.03424604 0.27156472 -0.96181071
-0.34916118 0.11386762 -0.93011862 -0.10881338 0.98094779 0.16093819
0.61630929 0.36671755 -0.69690830 -0.22140288 0.92995143 0.29354918
0.59720469 0.36472175 -0.71437019 -0.16948757 0.92790836 0.33205426
0.90649772 0.19385362 -0.37507695 -0.06379765 0.94105470 0.33218366
0.11904705 0.86522549 0.48704490 -0.98585343 0.04471429 0.16153541
0.29696122 0.32461098 -0.89802104 -0.23613605 0.93620008 0.26032525
0.14861685 0.30398050 -0.94101483 -0.15092014 0.94740725 0.28221029
0.40209749 0.36548442 -0.83948725 -0.17913871 0.93055785 0.31932965
0.58905321 0.36604741 -0.72043437 -0.12419276 0.92193872 0.36688578
0.64599544 0.32780731 -0.68937093 -0.05735816 0.92138875 0.38438642
0.16156760 0.88648307 0.43364000 -0.97984415 0.19641103 -0.03644494
0.21677265 0.31464127 -0.92412692 -0.15593193 0.94564164 0.28538942
0.23553759 0.31584457 -0.91911060 -0.15899163 0.94549978 0.28416875
0.53605336 0.32831138 -0.77772653 -0.11386120 0.94097632 0.31874636
0.25751650 0.35131305 -0.90014690 0.02631467 0.92866975 0.36997318
