-0.98088694 0.07564197 -0.17927402 0.17388812 -0.07267019 -0.98208046
-0.19479452 0.25418299 0.94733632 -0.96882331 0.10088590 -0.22628176
-0.19820306 0.24785545 0.94830549 -0.97503108 0.04899866 -0.21659553
-0.19515416 0.20590931 0.95891410 -0.97878301 0.02135619 -0.20378365
-0.19220720 0.15068105 0.96971732 -0.98043001 0.01339378 -0.19641179
-0.19747771 0.13159023 0.97143531 -0.97935569 0.01717221 -0.20141394
-0.18654093 0.22099312 0.95726931 -0.98224920 -0.02239065 -0.18623966
-0.20400955 0.21074107 0.95601690 -0.97890729 -0.03295514 -0.20162973
-0.18853936 0.08928707 0.97799838 -0.98193026 -0.00060579 -0.18924199
-0.18665120 0.15319690 0.97040826 -0.98242432 -0.02714854 -0.18467653
-0.19524296 0.15650454 0.96818727 -0.98075491 -0.03140937 -0.19270009
-0.22574332 0.15567073 0.96166867 -0.97295910 -0.08557157 -0.21454173
-0.22410095 0.27452242 0.93510222 -0.97437388 -0.08216316 -0.20939153
-0.22294115 0.39830467 0.88974750 -0.97462022 -0.11009106 -0.19492401
-0.21709509 0.43662113 0.87305886 -0.97614568 -0.09989590 -0.19277026
-0.23558651 0.53643167 0.81039500 -0.97178626 -0.13983212 -0.18994358
-0.24955341 0.70395601 0.66495788 -0.96835101 -0.18453862 -0.16805308
-0.29720068 0.66882461 0.68142903 -0.95455432 -0.22480452 -0.19567612
-0.31857333 0.65758926 0.68270600 -0.94758213 -0.23952962 -0.21145606
-0.30865604 0.48486337 0.81831479 -0.94973642 -0.20437880 -0.23712888
-0.26837447 0.42226359 0.86583406 -0.96193880 -0.16549408 -0.21745241
-0.96147567 -0.17988788 -0.20785786 0.22296317 -0.06805698 -0.97244829
-0.32613641 0.51076716 0.79545712 -0.94267744 -0.23862781 -0.23327240
-0.33337170 0.51890492 0.78714740 -0.93851465 -0.26212394 -0.22468065
-0.33860800 0.62792206 0.70075577 -0.93967241 -0.26412192 -0.21738324
-0.35147148 0.66105288 0.66293055 -0.93504250 -0.28304839 -0.21349278
-0.34861162 0.82569999 0.44349694 -0.93703520 -0.29650879 -0.18451999
-0.36452031 0.87914449 0.30696890 -0.93024939 -0.32893932 -0.16258848
-0.38435751 0.87254077 0.30156577 -0.92264688 -0.35191655 -0.15772593
-0.40242305 0.74064678 0.53805029 -0.91276127 -0.36966717 -0.17381909
-0.38155681 0.62396383 0.68197042 -0.91847420 -0.33895138 -0.20375770
-0.37175280 0.44823536 0.81294835 -0.90457189 -0.37175897 -0.20867454
-0.38617611 0.42660299 0.81784952 -0.89544809 -0.38623339 -0.22135162
-0.39794850 0.43248147 0.80907160 -0.88728839 -0.40556392 -0.21962976
-0.46850652 0.58870554 0.65873170 -0.86228204 -0.46699259 -0.19592753
-0.47668272 0.63304442 0.60994136 -0.86164945 -0.47393399 -0.18151273
-0.49411666 0.57158655 0.65508598 -0.82305062 -0.55027050 -0.14067741
-0.39477581 0.40571004 0.82434911 -0.85617262 -0.48797268 -0.16985613
-0.35765308 0.29416332 0.88631386 -0.84686089 -0.50217479 -0.17506321
-0.77224255 -0.59184539 -0.23099898 0.43542784 -0.22827205 -0.87080109
-0.33729801 0.33682594 0.87907815 -0.81796169 -0.56711197 -0.09655435
-0.71160674 -0.66994321 -0.21164121 0.45350984 -0.20792854 -0.86665714
-0.69731897 -0.68757665 -0.20244664 0.45323819 -0.20418195 -0.86768937
-0.70168763 -0.67730904 -0.22110401 0.34868604 -0.05582258 -0.93557566
-0.69573236 -0.67480683 -0.24615489 0.36195773 -0.03335534 -0.93159759
-0.75009972 -0.59783775 -0.28273726 0.36556402 -0.01855664 -0.93060124
-0.77273089 -0.56865406 -0.28199205 0.38764998 -0.07100870 -0.91906762
-0.81726289 -0.48857731 -0.30557096 0.39103448 -0.08068435 -0.91683269
-0.82491714 -0.46530217 -0.32094482 0.38281143 -0.04212037 -0.92286581
-0.84874690 -0.41041300 -0.33345142 0.39920232 -0.08374605 -0.91303021
-0.84585130 -0.41495413 -0.33518472 0.40192041 -0.08265410 -0.91193664
-0.85608727 -0.36761704 -0.36328000 0.39423180 -0.00995068 -0.91895717
-0.86830688 -0.33184522 -0.36867595 0.40723535 -0.05256375 -0.91180944
-0.86369079 -0.35677648 -0.35601798 0.37464818 0.01806542 -0.92699105
-0.87839508 -0.31189117 -0.36214083 0.39511326 -0.04757325 -0.91739982
-0.88430721 -0.28999579 -0.36592793 0.39192414 -0.03508119 -0.91932845
-0.89635444 -0.24032597 -0.37254825 0.39605239 -0.05644887 -0.91649121
-0.89631867 -0.24256720 -0.37117916 0.39466846 -0.05486796 -0.91718388
-0.90510511 -0.19949989 -0.37547916 0.37976104 0.01785288 -0.92491233
-0.90884703 -0.18818870 -0.37226608 0.36823070 0.05730965 -0.92796654
-0.91779125 -0.16247596 -0.36229932 0.37228349 -0.03482626 -0.92746544
-0.34983820 0.08963704 0.93251193 -0.92755878 -0.17268990 -0.33138037
-0.92781305 -0.16376603 -0.33517715 0.35021052 -0.07284865 -0.93383390
-0.91662389 -0.23065415 -0.32649553 0.34995919 -0.06826020 -0.93427467
-0.91611874 -0.21801808 -0.33644414 0.36195344 -0.08894321 -0.92794335
-0.34392467 0.21913552 0.91306925 -0.91872138 -0.27951014 -0.27897155
-0.34350377 0.24368978 0.90698427 -0.92076594 -0.27754381 -0.27415249
-0.31754345 0.23065437 0.91976345 -0.92744523 -0.27758431 -0.25058413
-0.33328125 0.30871677 0.89085215 -0.92223579 -0.30314189 -0.23997122
-0.33078206 0.28936142 0.89825010 -0.92389834 -0.29329318 -0.24574587
-0.31732467 0.26002774 0.91197073 -0.93244863 -0.26074308 -0.25010508
-0.32033846 0.28341573 0.90391308 -0.93848401 -0.22484688 -0.26209089
-0.32017744 0.22238913 0.92088515 -0.93407780 -0.23629469 -0.26770034
-0.33180386 0.31116152 0.89055306 -0.93216920 -0.25305253 -0.25889206
-0.31060538 0.17435980 0.93441051 -0.93734306 -0.21941602 -0.27063748
-0.30655330 0.15852907 0.93855935 -0.94700205 -0.15022258 -0.28393728
-0.31064561 0.22126047 0.92441499 -0.94660950 -0.16020536 -0.27975848
-0.30351451 0.11808058 0.94548184 -0.94899493 -0.12636532 -0.28886062
-0.29775485 0.09154964 0.95024252 -0.95257056 -0.09403636 -0.28942460
-0.96101081 -0.09471995 -0.25978136 0.26330209 -0.02656917 -0.96434754
-0.96071404 -0.09538952 -0.26063263 0.26400426 -0.02439687 -0.96421295
-0.95981431 -0.09432241 -0.26430988 0.26732412 -0.02066636 -0.96338511
-0.29210490 0.11264934 0.94972885 -0.95536315 -0.08029052 -0.28431445
-0.29549012 0.19955534 0.93427151 -0.95530403 -0.07086921 -0.28700495
-0.20492586 0.06965428 0.97629589 -0.97860074 -0.03353799 -0.20301689
-0.19885744 0.06918702 0.97758317 -0.97988421 -0.03114939 -0.19712095
-0.20663120 0.09137860 0.97414249 -0.97835851 -0.00823291 -0.20675321
-0.28554398 0.18073787 0.94116873 -0.95409679 -0.14619917 -0.26139084
-0.28940964 0.25293460 0.92318261 -0.95355707 -0.16030791 -0.25501049
-0.32102448 0.24210466 0.91560292 -0.93025029 -0.26200539 -0.25688037
-0.34697866 0.27667564 0.89613414 -0.91520143 -0.30870569 -0.25905049
-0.87914950 -0.32998785 -0.34380844 0.38458836 -0.06527408 -0.92077744
-0.30407450 0.14055197 0.94222283 -0.93633103 -0.22636864 -0.26840553
-0.30213451 0.10932841 0.94697523 -0.94647819 -0.15273638 -0.28434247
-0.95608717 0.06760060 -0.28517988 0.28176171 -0.05581981 -0.95785934
-0.90407056 -0.19178520 -0.38193566 0.38616008 0.01636315 -0.92228663
-0.91621274 -0.14017402 -0.37537393 0.36484206 0.09547932 -0.92616093
-0.91434681 -0.14307392 -0.37881368 0.37252453 0.06950031 -0.92541623
-0.91349328 -0.15073749 -0.37789994 0.37381536 0.05568221 -0.92583025
-0.91740429 -0.12811309 -0.37677109 0.34798083 0.20109420 -0.91568035
-0.38511738 -0.05796452 0.92104542 -0.92230570 -0.01064716 -0.38631442
-0.37605262 -0.14890449 0.91455555 -0.92191964 -0.03893435 -0.38541976
-0.91015196 -0.15488130 -0.38423336 0.36600763 0.13385408 -0.92093515
-0.90191352 -0.18932089 -0.38821343 0.36740378 0.13627268 -0.92002404
-0.47140491 0.09106855 0.87720239 -0.86589110 -0.23654981 -0.44076842
-0.89324766 -0.22852848 -0.38714775 0.35736305 0.16154981 -0.91988766
-0.42054123 0.07878009 0.90384668 -0.90687120 -0.06616106 -0.41618186
-0.87382942 -0.26496860 -0.40769327 0.38332805 0.14042914 -0.91287422
-0.85634679 -0.30581942 -0.41610652 0.39923054 0.11902250 -0.90909219
-0.84100688 -0.34773946 -0.41446927 0.38809013 0.14600924 -0.90998214
-0.83799338 -0.35417432 -0.41512370 0.38397759 0.15780687 -0.90975726
-0.83803999 -0.35252300 -0.41643298 0.38138321 0.16732222 -0.90914810
-0.83346492 -0.37245268 -0.40818518 0.30871379 0.29880297 -0.90300202
-0.79247373 -0.44045228 -0.42188537 0.37488478 0.19385742 -0.90657640
-0.79123175 -0.44562498 -0.41877297 0.36408609 0.20691611 -0.90808982
-0.78477997 -0.45264652 -0.42335752 0.40174434 0.14861508 -0.90361226
-0.78707600 -0.45341024 -0.41824704 0.39754495 0.14559881 -0.90595758
-0.81101942 -0.41141117 -0.41591880 0.41491771 0.09668762 -0.90470701
-0.81872940 -0.40401241 -0.40799049 0.41780242 0.06821901 -0.90597320
-0.79296100 -0.45492551 -0.40528467 0.43124908 0.05081502 -0.90080082
-0.84765089 -0.32409593 -0.42005932 0.40398449 0.11896160 -0.90699762
-0.84876686 -0.32725933 -0.41532663 0.39336377 0.13410249 -0.90955019
-0.86304307 -0.30335689 -0.40389514 0.40778744 0.05345716 -0.91151071
-0.86409104 -0.30893424 -0.39737427 0.39936197 0.05972516 -0.91484582
-0.88483423 -0.25404936 -0.39054745 0.39162290 0.04853811 -0.91884470
-0.87583613 -0.29220670 -0.38409168 0.40018287 0.00511661 -0.91642106
-0.88004816 -0.28636143 -0.37883037 0.38086593 0.05086990 -0.92322993
-0.84499371 -0.34005854 -0.41272977 0.41105387 0.08067675 -0.90803415
-0.83728760 -0.40257117 -0.36998105 0.37135434 0.07795137 -0.92521328
-0.74386436 -0.52960503 -0.40765727 0.38954207 0.15206873 -0.90836787
-0.77241766 -0.53998667 -0.33434331 0.34250674 0.08915910 -0.93527526
-0.74965990 -0.51691854 -0.41328594 0.40720490 0.13201368 -0.90374589
-0.73081964 -0.54708594 -0.40816620 0.38072932 0.16958845 -0.90900218
-0.72044176 -0.56359839 -0.40412939 0.34826824 0.20990506 -0.91359138
-0.71720874 -0.56043214 -0.41415885 0.35256478 0.22082387 -0.90935963
-0.76840466 -0.48439166 -0.41823331 0.34431905 0.23795247 -0.90819770
-0.69439220 -0.59579283 -0.40354738 0.36251843 0.19479850 -0.91139120
-0.68036020 -0.62249744 -0.38679069 0.35142606 0.18602881 -0.91754735
-0.68867254 -0.66869313 -0.28032061 0.32447267 0.06151864 -0.94389248
-0.68244010 -0.67970979 -0.26883090 0.36910579 -0.00300989 -0.92938256
-0.69108129 -0.67592764 -0.25598532 0.30488971 0.04849250 -0.95115238
-0.61178845 -0.74327797 -0.27065268 0.22601907 0.16363552 -0.96028060
-0.77719551 -0.46997243 -0.41844124 0.35231754 0.22597878 -0.90818828
-0.82169127 -0.38964483 -0.41593310 0.38897833 0.14999323 -0.90895432
-0.84664673 -0.32719737 -0.41967988 0.41286677 0.09370536 -0.90595824
-0.20003214 -0.40662909 0.89142585 -0.93595195 -0.18979578 -0.29660007
-0.93072075 -0.14018749 -0.33779645 0.33551511 0.04032761 -0.94117129
-0.92610019 -0.16989380 -0.33685985 0.31956676 0.12135178 -0.93976104
-0.89757591 -0.21399538 -0.38543940 0.37021521 0.10883537 -0.92254841
-0.89265519 -0.22682893 -0.38950661 0.38490951 0.06605636 -0.92058748
-0.42001805 0.17714056 0.89005959 -0.90157861 -0.19345115 -0.38695294
-0.88641530 -0.27971408 -0.36881980 0.38505739 -0.00336736 -0.92288649
-0.87053198 -0.34060770 -0.35519093 0.40946317 -0.10097046 -0.90672207
-0.86884159 -0.32462505 -0.37380859 0.39817300 -0.00945404 -0.91726166
-0.85406011 -0.36713219 -0.36850411 0.40043244 -0.01185310 -0.91624969
-0.86073303 -0.37798244 -0.34098083 0.41493884 -0.13291205 -0.90008897
-0.34143284 0.24416608 0.90763789 -0.89896411 -0.36673880 -0.23951253
-0.34634998 0.26542047 0.89977425 -0.88249791 -0.41750029 -0.21654326
-0.82007051 -0.45996016 -0.34047177 0.38670203 -0.00684178 -0.92217928
-0.40725642 0.21207085 0.88835138 -0.83944696 -0.47012126 -0.27260739
-0.74659538 -0.59707630 -0.29341987 0.38499290 -0.02806382 -0.92249280
-0.69936877 -0.66831076 -0.25346422 0.32898352 0.01383905 -0.94423431
-0.42715311 -0.89877176 -0.09873989 0.39852792 -0.08912285 -0.91281581
-0.76537377 -0.59528488 -0.24462020 0.42979458 -0.18985383 -0.88274127
-0.85560519 -0.46084568 -0.23571382 0.35420364 -0.18918276 -0.91583276
-0.54112744 0.64735609 0.53675991 -0.79546350 -0.60109037 -0.07699475
-0.39557725 0.40724024 0.82320958 -0.87356341 -0.44356462 -0.20034324
-0.38960102 0.38371348 0.83724254 -0.87848210 -0.42780489 -0.21272571
-0.34724858 0.26996446 0.89807439 -0.90263849 -0.35590231 -0.24202776
-0.37354895 0.46404305 0.80319691 -0.91677374 -0.31665441 -0.24342553
-0.48733985 0.78226233 0.38802788 -0.87065881 -0.46926299 -0.14746360
-0.31694371 0.90807426 0.27376619 -0.93924427 -0.26040295 -0.22363007
-0.29393324 0.92965817 0.22212371 -0.95194209 -0.26379627 -0.15562060
-0.28563252 0.87136614 0.39891753 -0.95827132 -0.25473714 -0.12971127
-0.37633488 0.62301016 0.68573350 -0.92068630 -0.33415157 -0.20169149
-0.33393627 0.42711127 0.84027535 -0.92811763 -0.30463320 -0.21400112
-0.30168954 0.34600037 0.88840711 -0.94945079 -0.19382416 -0.24693203
-0.31286177 0.47864845 0.82037377 -0.94574195 -0.23673758 -0.22254787
-0.32781127 0.63392049 0.70048887 -0.94344479 -0.25851890 -0.20755711
-0.24486668 0.70920557 0.66111106 -0.96954930 -0.18180116 -0.16408122
-0.20622370 0.53277957 0.82074219 -0.97322160 -0.02463435 -0.22854520
-0.18968400 0.41171420 0.89135373 -0.98175883 -0.06748912 -0.17774953
-0.22619425 0.41900077 0.87936038 -0.97107375 -0.16789351 -0.16978684
-0.18424574 0.28517905 0.94059896 -0.98286515 -0.04815351 -0.17792530
-0.27824289 0.18414012 0.94269472 -0.96031934 -0.07292494 -0.26920021
-0.18616655 0.25759977 0.94814789 -0.98246956 -0.03920379 -0.18225434
-0.20666519 0.45421967 0.86658764 -0.97612923 -0.03525489 -0.21431014
-0.97086239 0.17570981 -0.16294876 0.14743395 -0.09809039 -0.98419589
