0.90060508 0.37589699 0.21820179 -0.34579623 0.92382419 -0.16423735
-0.35411555 0.93007016 0.09783496 -0.93049651 -0.33991995 -0.13649426
-0.36155453 0.92602521 0.10842358 -0.92655784 -0.34392673 -0.15233201
0.93104202 0.34606662 0.11575314 -0.35101947 0.93603694 0.02490431
0.91289347 0.39230663 0.11278758 -0.39718103 0.91743541 0.02365473
-0.46060908 0.88325667 0.08773262 -0.88256788 -0.44523999 -0.15111332
0.85342175 0.49134877 0.17391904 -0.50307554 0.86377966 0.02828035
0.84840596 0.48956376 0.20133227 -0.50491101 0.86264861 0.03003956
-0.52336633 0.82312196 0.22035892 -0.85209459 -0.50699764 -0.12995492
-0.53298396 0.83573687 0.13218170 -0.84604985 -0.52848065 -0.07005650
0.83797354 0.53811044 0.09076133 -0.54118717 0.84082347 0.01151003
-0.53657258 0.84212637 0.05397257 -0.84053361 -0.52769840 -0.12262821
0.85967493 0.48161167 0.17032091 -0.49449199 0.86822206 0.04084326
-0.51782060 0.80800420 0.28105348 -0.85519159 -0.49757427 -0.14514580
-0.46009701 0.58397168 0.66879588 -0.85672778 -0.48974904 -0.16175099
-0.48010087 0.60993934 0.63045794 -0.84369659 -0.51783496 -0.14150263
-0.42542681 0.52006865 0.74063534 -0.83118272 -0.54825860 -0.09245484
-0.49848819 0.61520875 0.61075997 -0.80313283 -0.59294760 -0.05823170
-0.51871246 0.62322551 0.58525842 -0.78706914 -0.61541724 -0.04223578
-0.50509638 0.42138931 0.75319892 -0.71331722 -0.69510806 -0.08946219
-0.47212973 0.36240646 0.80358887 -0.68436480 -0.72527272 -0.07499540
0.63496739 -0.41874000 -0.64920968 0.60142773 0.79537886 0.07521448
0.60655922 -0.38011509 -0.69828260 0.59891939 0.79608089 0.08689565
0.75941741 -0.18298036 -0.62434238 0.37797260 0.90516335 0.19446354
0.69629651 -0.12051653 -0.70756418 0.34943214 0.91800779 0.18750706
0.80518055 -0.04567848 -0.59126800 0.22517133 0.94591135 0.23355868
0.73415720 0.00537098 -0.67895830 0.20193446 0.95299321 0.22589035
0.81642681 0.00313799 -0.57744044 0.15214185 0.96348375 0.22034499
0.65455377 0.06894784 -0.75286490 0.12700070 0.97165322 0.19940120
0.84274811 0.01667582 -0.53804982 0.09606609 0.97881609 0.18080497
0.86101884 0.03433018 -0.50741315 0.08741116 0.97288209 0.21414872
0.72902501 0.10324663 -0.67665553 0.09740548 0.96284950 0.25185931
0.82411897 0.09022328 -0.55918485 0.04293210 0.97444236 0.22049692
0.78413296 0.10409258 -0.61180085 0.03302462 0.97743702 0.20862940
0.78980541 0.10396507 -0.60448229 0.04433063 0.97327673 0.22531572
0.65165067 0.13941380 -0.74559730 0.04574628 0.97395146 0.22209424
-0.79968572 -0.11057462 0.59014928 -0.27997094 -0.80082774 -0.52942532
0.84945631 0.08962773 -0.51999128 0.03986995 0.97174877 0.23262586
-0.04898540 0.94174773 0.33273366 -0.97535336 -0.11686047 0.18716176
-0.06344552 0.93595266 0.34636316 -0.94851255 -0.16447011 0.27069098
-0.07468976 0.93253839 0.35326141 -0.99552661 -0.04917234 -0.08067834
-0.09793044 0.93195432 0.34910002 -0.99172419 -0.06212399 -0.11235536
0.95636410 0.02582972 0.29103366 -0.10278314 0.96215862 0.25236195
0.87702042 -0.03400414 0.47924832 0.04017854 0.99918908 -0.00263085
-0.13451786 0.90498018 0.40362841 -0.90396535 0.05477729 -0.42408273
-0.13876243 0.90314221 0.40629938 -0.89815891 0.05806679 -0.43581969
0.79488283 -0.08904349 0.60019386 -0.19450964 0.89957523 0.39106315
0.57880169 -0.20896003 0.78824139 -0.19112033 0.90492898 0.38023221
-0.16685659 0.87944895 0.44578966 -0.88379526 0.06703559 -0.46304676
0.84316218 -0.10291501 0.52771771 -0.11186621 0.92645049 0.35940996
0.68670410 -0.18065356 0.70413202 -0.14853728 0.91332138 0.37918445
0.72121936 -0.15954173 0.67408395 -0.15084212 0.91359246 0.37761825
0.55806923 -0.24043518 0.79419756 -0.11729839 0.92463285 0.36234677
0.81173968 -0.14921260 0.56463641 -0.04428917 0.94829929 0.31427220
0.62654108 -0.21349648 0.74957693 0.02601930 0.96694368 0.25365898
0.65925747 -0.20701608 0.72285825 0.03157908 0.96812797 0.24845719
0.56259549 -0.20871815 0.79995197 0.17181835 0.97599816 0.13381343
0.81811589 -0.19925553 0.53942901 0.08643319 0.97000164 0.22721398
0.80408859 -0.20241141 0.55899119 0.08812666 0.97044998 0.22463414
0.97239691 -0.13647813 0.18925643 0.10315360 0.97897673 0.17596583
0.91649812 -0.15211236 0.36999059 0.04949729 0.96089870 0.27244046
0.16055459 0.96343112 0.21452913 -0.98298943 0.17571448 -0.05344439
0.95495480 -0.09231775 -0.28202629 0.15432274 0.96625251 0.20625378
0.92763060 -0.04327234 -0.37098378 0.10929738 0.98123586 0.15884045
0.08235353 0.94966096 0.30226150 -0.98997396 0.11287642 -0.08491480
0.05978812 0.96386892 0.25958058 -0.98450989 0.01400112 0.17476940
0.07032754 0.96781325 0.24164343 -0.99752378 0.06808469 0.01762982
0.06334017 0.96522450 0.25363317 -0.99765968 0.05468212 0.04104909
0.06113277 0.96610528 0.25080547 -0.99778366 0.05253492 0.04084046
0.05385361 0.93221569 0.35787395 -0.99713087 0.03111194 0.06900769
0.00779149 0.96186024 0.27343035 -0.97343570 -0.05527666 0.22218798
-0.01104853 0.95902169 0.28311709 -0.96787465 -0.08138164 0.23789865
0.89398766 0.05433486 -0.44478509 0.06185359 0.96815479 0.24259113
0.06303150 0.96473610 0.25556079 -0.99788260 0.05680576 0.03167727
0.07888396 0.96431649 0.25272727 -0.99492395 0.09204611 -0.04066853
0.95365000 -0.10022688 -0.28373629 0.16281064 0.96482772 0.20639829
0.95148385 -0.10429961 -0.28948265 0.16665061 0.96554601 0.19987129
0.93984503 -0.10397543 -0.32539281 0.17820883 0.96189457 0.20736557
0.17005795 0.96525925 0.19838051 -0.97893047 0.14238657 0.14635994
0.16350326 0.97153884 0.17140311 -0.98425812 0.14882641 0.09532361
0.93823773 -0.18335545 0.29341242 0.14064798 0.97692412 0.16074008
0.96739852 -0.17962503 0.17853571 0.15586528 0.97790486 0.13931292
0.95891559 -0.19289324 0.20802188 0.17381944 0.97899693 0.10654511
0.97375101 -0.19088265 0.12398713 0.17835709 0.97830617 0.10538407
0.81056267 -0.19313119 0.55289114 0.21606271 0.97607958 0.02419835
0.79463220 -0.19366208 0.57537359 0.19384843 0.97908139 0.06182545
0.72172266 -0.20118645 0.66229945 0.16857153 0.97910666 0.11372666
0.69724435 -0.20263861 0.68759584 0.17861189 0.97807056 0.10712506
0.81839854 -0.19534563 0.54042941 0.21758699 0.97576517 0.02320114
0.18178128 0.96995413 0.16169271 -0.98155290 0.16907497 0.08926187
0.21519370 0.95265567 0.21479976 -0.94813704 0.15112129 0.27963975
0.95481753 -0.13843299 -0.26298234 0.18772192 0.96694338 0.17257167
0.16196650 0.96299648 0.21541741 -0.98281801 0.17700514 -0.05232517
0.93825948 -0.18067802 0.29499939 0.13316116 0.97569096 0.17405534
0.68441945 -0.20972380 0.69827354 0.13998292 0.97771615 0.15644772
0.90428877 -0.15239097 0.39879674 0.05132819 0.96615481 0.25280493
0.78576529 -0.20615096 0.58315927 0.03181526 0.95504564 0.29474670
0.78852803 -0.20391855 0.58020765 0.05205616 0.96217382 0.26741689
0.91406918 -0.13681561 0.38178396 -0.00793798 0.93516296 0.35412896
-0.05807924 0.92538375 0.37455553 -0.96951973 0.03717345 -0.24217685
0.80248225 -0.13123238 0.58206552 -0.09996630 0.93215513 0.34798509
-0.06912035 0.92451626 0.37482283 -0.97568780 0.01568133 -0.21860333
-0.05306266 0.96908295 0.24096176 -0.98637086 -0.08849940 0.13871001
0.10736130 0.68821490 0.71751922 -0.93858325 -0.16787812 0.30146056
0.86517954 0.07592523 -0.49568117 0.04761235 0.97156829 0.23192285
0.92467546 0.03022034 -0.37955520 0.06257261 0.97123146 0.22976977
0.89396775 -0.00725877 -0.44807261 0.12142283 0.96638960 0.22660008
0.95132208 -0.11543146 -0.28576541 0.17742246 0.96327698 0.20154104
0.23609814 0.94358510 0.23217419 -0.93404233 0.15447338 0.32202932
0.23542817 0.94396710 0.23129997 -0.93285012 0.15270191 0.32630175
-0.54982889 0.66805792 0.50138497 -0.76541644 -0.64329010 0.01776479
-0.56713372 0.64589578 0.51105589 -0.74968350 -0.66178167 0.00444412
-0.54608947 0.63821524 0.54264879 -0.77416492 -0.63197047 -0.03580609
-0.51396847 0.61244476 0.60062289 -0.78655475 -0.61587292 -0.04508008
-0.53648615 0.71912694 0.44163230 -0.82980508 -0.54479551 -0.12091908
-0.55260080 0.82907522 0.08524474 -0.83218598 -0.54324949 -0.11111490
-0.56020570 0.82602870 0.06201697 -0.82706034 -0.55357969 -0.09757367
-0.56383413 0.82488209 0.04075169 -0.82404310 -0.55859268 -0.09448424
0.86168140 0.50556868 0.04365211 -0.50624788 0.86237097 0.00542176
0.88322759 0.44512779 0.14754775 -0.43586746 0.89530879 -0.09187947
0.91651064 0.35926771 0.17588349 -0.34974056 0.93311292 -0.08355789
0.97242844 0.10479087 0.20833090 -0.10509729 0.99441534 -0.00962914
0.95705479 0.09191231 0.27495137 -0.06345300 0.99182785 -0.11068576
0.84966898 0.51560503 0.11051750 -0.50403076 0.85570472 -0.11714292
0.83728325 0.53652960 0.10532169 -0.52207249 0.84173054 -0.13758659
0.83693630 0.53570086 0.11208154 -0.51848805 0.84164232 -0.15102422
0.82895911 0.53811699 0.15250222 -0.53491420 0.84241176 -0.06487848
-0.52141881 0.84900188 0.08554709 -0.85049182 -0.50895578 -0.13276939
